/*--------------------------------*- C++ -*----------------------------------*\
| =========                 |                                                 |
| \\      /  F ield         | OpenFOAM: The Open Source CFD Toolbox           |
|  \\    /   O peration     | Version:  2.1.x                                 |
|   \\  /    A nd           | Web:      www.OpenFOAM.org                      |
|    \\/     M anipulation  |                                                 |
\*---------------------------------------------------------------------------*/
FoamFile
{
    version     2.0;
    format      ascii;
    class       volScalarField;
    location    "0.2";
    object      deltaf;
}
// * * * * * * * * * * * * * * * * * * * * * * * * * * * * * * * * * * * * * //

dimensions      [0 1 0 0 0 0 0];

internalField   nonuniform List<scalar> 
2828
(
5.503110603e-06
1.043222146e-05
8.803970863e-06
5.471824712e-06
3.808994829e-06
1.094072209e-05
1.021226741e-05
7.09159408e-06
7.04798343e-06
5.786228006e-06
2.343834599e-05
9.889922685e-06
4.147153912e-06
2.126927025e-06
3.737417895e-06
2.469266159e-06
6.54633575e-07
8.817398838e-06
7.280094756e-06
5.421149597e-06
6.237209887e-06
9.694296682e-06
1.435363893e-05
8.268231605e-06
2.583716495e-05
1.373908746e-05
3.08337782e-06
1.157786106e-06
2.784834902e-06
2.191026899e-06
4.894022474e-07
5.654852044e-07
1.600827063e-06
9.693966785e-06
4.262296598e-06
2.384521575e-06
2.229257589e-06
3.884428659e-06
1.061641731e-05
2.888520533e-05
1.175520571e-05
1.531675372e-05
1.539781537e-05
2.376233306e-06
6.103479912e-07
1.41858809e-06
1.628344241e-06
3.242202491e-07
2.165356024e-07
4.962763961e-07
4.84606629e-06
8.449238656e-06
1.478254165e-05
5.964472286e-06
2.831559149e-06
1.305365712e-06
9.988024625e-07
1.670038666e-06
5.12004431e-06
2.789466481e-05
1.041772625e-05
6.062312332e-06
1.308918638e-05
1.719654987e-06
3.24486757e-07
5.317070883e-07
1.178793038e-06
1.355934272e-07
8.79744742e-08
2.126706165e-07
1.899538925e-06
4.559501137e-06
2.433773532e-06
2.71938058e-05
1.866162687e-05
1.03601578e-05
4.830977976e-06
1.950622668e-06
1.557182499e-06
1.381723013e-06
9.277258928e-07
1.293612497e-05
1.002690018e-05
1.921277667e-06
9.846437434e-06
1.017603333e-06
1.580215544e-07
1.808472205e-07
6.617079089e-07
4.015925059e-08
5.776496008e-08
1.817421935e-07
1.117020047e-06
2.453931144e-06
2.38053957e-06
1.361300937e-06
3.885905607e-05
4.317491733e-05
2.472549481e-05
1.383518234e-05
8.454503251e-06
4.866246606e-06
3.386175141e-06
2.125028344e-06
9.849998499e-07
5.755902e-06
8.910186133e-06
7.441342069e-07
7.091462361e-06
4.307482771e-07
6.376236229e-08
6.692010199e-08
2.086290177e-07
7.47144668e-08
1.190018324e-07
2.841724229e-07
1.144386631e-06
2.290634351e-06
3.023183521e-06
1.817162597e-06
6.276099099e-05
6.091104179e-05
2.930227694e-05
1.388085852e-05
1.225883136e-05
1.429360169e-05
1.274820302e-05
7.351088016e-06
3.077351609e-06
2.567687853e-06
5.897039001e-06
4.263317721e-06
5.161117858e-07
4.991427371e-06
1.10059517e-07
2.228089913e-08
2.750053131e-08
7.500443392e-08
9.310989979e-08
2.970944995e-07
4.182134106e-07
1.593986667e-06
2.81719503e-06
7.273508392e-06
1.394513182e-05
1.616434688e-05
7.716476357e-05
3.192907471e-05
1.171796254e-05
1.061410571e-05
1.911712958e-05
2.519593333e-05
2.127469057e-05
1.232023618e-05
5.294040714e-06
2.85908481e-06
1.785535266e-06
2.476009582e-06
5.731421332e-07
3.308896729e-06
2.143509445e-08
8.154610404e-09
1.123281349e-08
1.246387904e-07
7.972547097e-08
1.45104317e-07
6.188556863e-07
3.184273458e-06
3.409135461e-06
5.803835671e-06
1.248012796e-05
2.868609226e-05
4.384640299e-05
8.443156861e-05
4.925274819e-05
1.501570816e-05
8.101548205e-06
1.205264214e-05
1.964747954e-05
1.87552263e-05
1.165165939e-05
5.398874202e-06
1.993077859e-06
7.74725546e-07
4.955618996e-07
2.192460138e-06
7.728375734e-07
1.567490447e-06
8.349991801e-09
3.000670321e-09
4.077273867e-09
4.886662665e-09
5.661660286e-09
4.133781022e-08
4.744542082e-07
1.972458123e-06
1.768909383e-06
1.893698376e-06
3.391635062e-06
6.489759335e-06
2.144056711e-05
7.434537874e-05
3.58807083e-05
1.495642876e-05
9.264513129e-06
9.72464075e-06
1.116811506e-05
8.659269866e-06
4.790020495e-06
2.282964145e-06
9.856229396e-07
4.520876488e-07
3.178054552e-07
1.296231611e-06
1.039207746e-06
2.011504543e-07
6.685727997e-09
1.343444778e-09
1.305953252e-09
8.636738093e-10
9.545726701e-10
5.411712151e-09
1.363282259e-07
9.803069183e-07
9.252637575e-07
2.864611494e-06
6.148593698e-06
5.323589195e-06
5.540076779e-06
6.510289878e-05
4.780363858e-05
3.436274042e-05
2.2597759e-05
1.406121656e-05
9.165617728e-06
5.847557692e-06
3.535496972e-06
2.286073418e-06
1.501420254e-06
9.525843843e-07
5.184924324e-07
4.251565925e-07
1.204858777e-07
3.375683028e-09
7.973163777e-10
6.427978684e-10
1.804670996e-10
1.313552147e-10
2.270525342e-10
6.077789802e-10
2.421834336e-08
3.245396761e-07
5.184725497e-07
1.143771742e-05
2.964717152e-05
1.689921779e-05
4.484217954e-06
3.236635412e-06
5.147280339e-05
4.801486906e-05
3.611105694e-05
2.405850721e-05
1.489717097e-05
8.54356692e-06
4.853991278e-06
3.450583242e-06
4.091350569e-06
8.51298396e-06
1.44239086e-05
9.366132679e-06
2.150261963e-06
2.26258034e-07
2.20131549e-09
1.348289746e-13
1.805751554e-12
1.272695279e-11
7.731552083e-12
1.062702111e-11
4.358131192e-11
3.730010848e-08
2.955691259e-07
1.71460531e-06
1.457120252e-05
4.103942731e-05
4.401667387e-05
6.973815679e-06
2.256247989e-06
8.580226721e-06
1.5979618e-05
1.868437057e-05
1.312391931e-05
8.138895178e-06
5.314418382e-06
3.290838826e-06
2.310831194e-06
4.374634885e-06
1.67804876e-05
4.672004933e-05
5.911122868e-05
3.760489156e-05
1.170698599e-05
1.016209092e-06
2.079301525e-09
4.799658585e-18
7.889794928e-16
1.89122652e-10
4.18752591e-11
4.9926559e-11
1.341725855e-08
1.561823102e-07
4.931343811e-08
2.175329241e-07
5.673472197e-06
3.589404212e-06
3.713651479e-07
1.469508244e-06
3.021090943e-06
1.601489754e-06
1.526425167e-06
1.930699683e-06
3.654909929e-06
3.977360202e-06
7.432286673e-06
9.676039241e-06
5.618532015e-06
6.509394381e-06
2.012579424e-05
4.209060954e-05
5.923867005e-05
4.779675083e-05
1.936146168e-05
2.007605312e-06
6.943816483e-10
1.227903335e-11
3.405666617e-11
6.458381318e-11
1.657344946e-10
2.67619961e-06
1.187495061e-07
3.141625748e-07
3.980738336e-07
4.063708776e-07
3.179810088e-07
2.608595239e-07
8.876332851e-08
1.532516361e-08
4.54419789e-08
1.31368256e-06
7.429467331e-07
3.134762078e-07
1.283207237e-06
2.735394384e-06
4.231370642e-06
1.553434777e-06
4.745841452e-07
2.927709222e-07
2.597879961e-07
2.410657901e-07
2.583231726e-07
8.241502723e-07
1.77686091e-06
1.24070751e-06
1.95220343e-07
1.904245955e-06
6.304745598e-06
8.990604591e-11
4.537180221e-10
6.886382765e-07
1.208381243e-06
1.3885319e-06
2.115067902e-06
1.593586426e-06
5.432965159e-07
4.839233033e-07
3.277491209e-07
1.35937075e-07
3.61076552e-08
3.012055758e-05
1.490607213e-05
5.934300491e-06
2.742459973e-06
1.645059234e-06
9.761755408e-07
5.185083367e-07
4.026410595e-07
4.718099117e-07
8.299751066e-07
9.26457057e-07
3.807401137e-07
1.126182017e-06
3.989055127e-06
4.521569678e-06
2.436012956e-06
1.320396568e-05
2.376338922e-05
1.530827045e-10
1.095292261e-08
4.209731209e-07
2.582216203e-06
3.799618529e-06
6.389274637e-06
7.605030042e-06
2.742373509e-06
1.665939709e-06
7.92553723e-07
3.969339871e-07
4.895997857e-07
6.298600247e-05
4.155888645e-05
1.408479059e-05
4.206117488e-06
2.107776076e-06
1.506902311e-06
1.45496865e-06
1.829560794e-06
2.899712169e-06
4.413997901e-06
3.288678814e-06
1.292503396e-06
4.279088177e-07
3.740011698e-06
9.345837963e-06
9.107396228e-06
1.71379465e-05
2.105899288e-05
5.992121795e-08
1.150293353e-07
1.542375816e-06
3.816617357e-06
8.341850375e-06
3.107305241e-05
4.024233129e-05
8.506023981e-06
1.115047372e-06
5.035773967e-07
4.521659008e-07
5.312103912e-07
9.756667535e-06
6.74937379e-06
6.082710035e-06
4.270097283e-06
3.236559589e-06
3.18669318e-06
3.658087125e-06
4.513274818e-06
5.778135339e-06
6.582456588e-06
2.592619416e-06
8.706326908e-07
4.852296228e-06
3.879896741e-05
2.353099209e-05
2.115979808e-05
1.032190746e-05
1.843481373e-07
7.242435464e-07
4.026052385e-06
9.495072579e-06
1.902988715e-05
3.351352364e-05
1.144190404e-05
6.02577759e-06
1.288244834e-06
7.455353736e-07
2.728097763e-07
2.548574229e-07
7.209009976e-06
9.011275094e-06
1.307183833e-05
1.050778908e-05
7.29375788e-06
5.650230847e-06
4.552695262e-06
3.450509094e-06
2.133499321e-06
6.886139076e-07
5.22553778e-07
3.940961477e-06
7.736845823e-07
2.134281602e-06
4.388866244e-05
3.398084057e-05
4.13452329e-06
2.299033029e-06
3.168030583e-06
7.943426623e-06
3.855886112e-05
1.930385824e-05
4.752697674e-06
2.544320795e-06
3.174171793e-06
7.843981458e-06
2.117098579e-05
6.406317781e-06
1.649654816e-06
1.032310115e-05
8.584412202e-06
1.128200126e-05
1.428194452e-05
1.024965838e-05
6.829721104e-06
4.057634949e-06
2.108635103e-06
9.111811312e-07
2.495032447e-07
2.310762764e-07
1.192421848e-05
1.92333773e-06
6.043439397e-07
4.317329041e-05
5.571776097e-05
1.091599275e-05
1.310388758e-05
6.074708126e-06
1.039521738e-05
2.728152467e-05
5.706841084e-06
2.520108686e-06
2.959392045e-06
6.811583187e-06
2.562503561e-05
4.059017935e-05
5.340207185e-06
1.67762992e-05
1.039672442e-05
8.895438617e-06
5.890350557e-06
3.810624733e-06
2.286148593e-06
1.184171876e-06
5.217202348e-07
2.006736079e-07
1.971095148e-07
1.935954162e-05
3.498227845e-06
1.262086288e-06
8.598919873e-06
6.053857503e-05
3.078261509e-05
2.835875205e-05
3.872953922e-06
5.546890103e-06
4.507812707e-06
6.904416275e-07
2.806456663e-06
6.859416089e-06
3.533361363e-05
4.776060054e-05
1.488982867e-05
1.5202049e-06
1.212833862e-05
8.789867714e-06
5.125369129e-06
2.489034736e-06
1.102743634e-06
1.412811219e-06
8.696389113e-07
5.180606827e-07
4.782264978e-07
2.194720371e-06
2.454812359e-05
5.125170128e-06
2.123154753e-06
5.516834072e-07
1.301202997e-05
5.003375483e-05
2.608736075e-05
4.464905594e-06
3.832602826e-06
2.037077732e-06
1.147852336e-06
9.663853521e-06
3.068950217e-05
0.0001287909069
2.764148608e-05
2.308917112e-06
2.880443316e-06
1.534127013e-06
7.113034095e-07
4.603328527e-07
1.073159569e-06
9.972793356e-07
1.143355985e-06
2.459911984e-06
8.433099339e-06
1.973997274e-05
2.953420495e-06
1.775103679e-06
3.288515743e-07
1.514707413e-06
4.371327334e-05
1.714637001e-05
5.925908436e-06
4.474458559e-06
2.057893893e-06
1.479266238e-06
5.710611749e-06
9.248432003e-06
1.960923995e-05
2.229552058e-06
1.372262235e-06
1.446615759e-06
8.980583813e-07
5.579808043e-07
5.057432198e-07
1.77545712e-06
1.990180292e-06
3.112059207e-06
6.125383736e-06
1.030542257e-05
8.353172817e-06
1.95244758e-06
1.039008631e-06
2.082161229e-07
2.915220349e-06
2.105309004e-05
1.731763286e-05
7.624937472e-06
5.671930957e-06
2.736041951e-06
1.049720127e-06
1.136135342e-06
2.876142888e-06
1.300692906e-06
9.496053077e-07
9.487541339e-07
9.848970237e-07
1.369929241e-06
2.804498959e-06
2.038360051e-06
2.024606374e-06
2.142856984e-06
4.412266745e-06
4.098179765e-06
1.68925436e-06
8.367376663e-07
1.843147551e-07
5.571323462e-06
1.947680157e-05
2.06908926e-05
8.069597092e-06
6.692018598e-06
5.022856846e-06
1.754973023e-06
1.291974405e-06
2.167837861e-06
1.798707979e-06
4.169545953e-06
6.402185949e-06
4.58079232e-06
2.116828311e-06
1.517136583e-06
1.339915343e-06
4.547479273e-06
3.343246311e-06
1.615105196e-06
8.140921528e-07
2.253290503e-07
9.02688287e-06
2.574979637e-05
1.941881037e-05
7.000318799e-06
8.28964453e-06
8.358918428e-06
3.0562977e-06
1.985286422e-06
2.783102122e-06
7.907597197e-06
2.479232716e-06
1.630284251e-06
1.915490038e-06
8.085394872e-06
3.43707199e-06
1.687561647e-06
9.0239816e-07
3.53819319e-07
1.074646754e-05
2.454367814e-05
1.141386552e-05
7.461488903e-06
1.210865619e-05
1.170538178e-05
4.318245479e-06
3.051514785e-06
3.501821731e-06
2.699898958e-06
3.753973801e-06
1.005158487e-05
4.176894898e-06
1.989802223e-06
1.145145959e-06
6.776144843e-07
1.179477758e-05
1.392500572e-05
8.798118787e-06
1.261136766e-05
1.587298401e-05
6.267508667e-06
1.17951784e-05
6.617620387e-06
2.689509839e-06
1.733341551e-06
1.501651049e-06
1.647416982e-05
1.308434482e-05
1.50066298e-05
1.892686759e-05
8.611752754e-06
6.665186486e-06
6.769553356e-06
5.957012265e-06
5.480324269e-06
5.428905033e-06
5.607900798e-06
6.262750712e-06
5.656250485e-06
1.622143519e-05
1.049220972e-05
8.873482232e-06
8.947087929e-06
7.068474408e-06
7.780667242e-06
4.808125332e-06
3.704217429e-06
4.295108131e-06
3.407522768e-06
5.975439497e-06
3.971893265e-06
2.112016952e-06
2.473490745e-06
9.410020179e-06
9.26222399e-06
9.262338308e-06
7.962944556e-06
1.049535018e-05
7.75239525e-06
7.686317592e-06
8.618485035e-06
2.432438282e-06
8.374933182e-07
8.449992194e-07
5.908491006e-07
7.377988863e-07
7.899261981e-07
9.000114741e-07
1.176285208e-06
9.112741106e-06
6.963480519e-06
4.798587059e-06
8.051334664e-06
8.736853851e-07
2.483723821e-06
2.78877531e-06
5.549290545e-06
1.534985464e-05
1.108086434e-05
1.232826583e-05
6.77647769e-06
4.537632632e-06
7.215582028e-06
2.804958655e-06
5.481322938e-06
8.586803465e-06
6.462742895e-06
4.916509396e-06
2.363099314e-05
2.040651851e-05
1.932754872e-05
2.248794512e-06
1.751226787e-06
3.103170872e-05
3.401955285e-05
2.73749551e-05
1.430950148e-06
9.594154333e-07
4.826741649e-05
5.272161374e-05
5.272689901e-05
4.673293694e-05
4.310359965e-06
2.911581173e-06
9.800639981e-07
3.068991542e-06
7.357547201e-05
6.946434351e-05
6.579696801e-05
3.452974048e-05
3.573780697e-05
1.786714363e-05
8.180586672e-05
8.137808445e-05
3.734815851e-05
7.990964829e-05
6.457167922e-05
7.734340013e-05
8.818769144e-06
1.385108336e-05
2.383005919e-05
7.406530504e-05
7.169592636e-05
5.427203631e-05
5.702374382e-05
4.79027439e-06
5.794502473e-06
9.067318297e-06
5.825991392e-06
5.934313842e-05
6.706708564e-05
1.72998948e-06
2.44803806e-05
2.920900539e-05
4.87104918e-05
2.855843909e-06
3.069423891e-06
2.016979944e-06
2.277084564e-06
1.213953983e-05
1.527417965e-06
2.261134502e-06
3.364677767e-06
1.339594665e-06
1.195953297e-06
1.578667317e-06
2.588415299e-08
2.573021278e-08
1.076812366e-07
1.390493333e-05
1.108850124e-05
1.068683283e-06
5.0882505e-08
3.295878132e-08
2.23581473e-08
4.114679335e-05
3.247139927e-05
2.240332357e-05
3.497730377e-06
3.5837533e-06
6.108541669e-07
3.748601037e-05
6.113533642e-05
2.797156074e-07
7.145834894e-07
7.688170146e-06
1.110497073e-05
9.266961661e-07
7.524422311e-06
8.429017467e-06
7.819680103e-06
7.44281227e-06
8.297739117e-06
2.498370554e-06
2.551501737e-06
1.50211458e-05
1.453260083e-05
8.784803131e-06
2.263110687e-06
1.704875085e-06
2.022031391e-06
2.278181154e-05
2.297936099e-05
1.332992342e-06
7.068735029e-06
5.849319664e-06
1.116791435e-05
1.79412805e-06
1.4212367e-06
1.469002844e-06
3.583024956e-06
1.900084814e-06
1.505274226e-06
2.165112292e-06
1.221675447e-06
9.396570942e-07
1.198844375e-06
1.009672285e-06
1.18319415e-06
9.043927366e-07
8.830993816e-07
1.522575932e-06
9.729551193e-07
2.61450453e-06
1.208836723e-06
1.004129307e-05
5.710983917e-06
1.198629996e-05
1.086954429e-05
6.218057305e-06
2.623997423e-06
2.652495307e-06
2.053396114e-06
3.028367015e-06
3.459872991e-06
1.242592681e-05
7.965901018e-06
4.964824615e-06
3.902379391e-06
3.952244362e-06
3.564102406e-06
3.395045884e-06
2.850381805e-06
3.18716077e-06
3.642509443e-06
2.843932049e-06
4.865514297e-06
7.706168891e-06
6.041504381e-06
1.732228256e-05
1.888482046e-05
1.565359986e-05
1.570453546e-05
1.118759717e-05
1.127387941e-05
4.424365128e-06
9.203791608e-06
1.052216389e-05
4.283608408e-06
4.154947685e-06
3.092832761e-06
2.526366215e-06
2.099410889e-06
2.174513968e-06
1.990989819e-06
1.497436372e-06
2.132195177e-06
6.182277479e-06
4.577125424e-06
1.944295519e-05
1.424780547e-05
1.347406164e-05
1.397015125e-05
1.329106335e-05
1.711258148e-05
8.124858493e-06
1.040559778e-05
7.99047895e-06
9.543225226e-06
6.960846448e-06
5.894214293e-06
6.470817376e-06
9.126074075e-06
7.157201395e-06
2.741420706e-05
1.689926091e-05
1.342107854e-05
1.168165462e-05
6.193927474e-06
6.502610781e-06
3.563965076e-06
2.353464014e-06
2.982912759e-06
1.585605451e-06
2.415862643e-06
3.815908087e-06
3.367482054e-06
2.092381033e-06
2.089549942e-06
3.886054961e-06
3.460406695e-06
5.691017579e-06
3.497846368e-06
3.994518084e-06
5.615391519e-06
5.04697392e-06
7.03656698e-06
7.38834938e-06
1.092772776e-05
1.704976643e-05
1.383229757e-05
2.163315439e-05
1.330969472e-05
9.182386937e-06
1.050024804e-05
1.608690206e-05
1.370363513e-05
2.10925801e-05
1.840304919e-05
1.88317098e-05
1.517325367e-05
6.226337187e-06
6.157959739e-06
2.701452744e-06
1.440545721e-06
1.840291157e-06
8.389266905e-07
8.632510174e-07
1.457712048e-06
2.085746095e-06
1.816924634e-06
2.012569985e-06
1.901777606e-06
7.181598175e-07
7.531796022e-07
4.058648579e-07
3.556120845e-07
4.968715518e-07
3.494474246e-07
4.587731461e-07
9.627439096e-07
3.064508201e-06
2.149488209e-06
3.036082683e-06
1.591021709e-06
1.339200152e-06
2.120684676e-06
1.398572496e-06
1.793507597e-06
2.758617035e-06
2.67449892e-06
4.556925656e-06
6.141819355e-06
8.363178486e-06
1.553858608e-05
1.794085487e-05
3.172550043e-05
2.949092734e-05
2.015172358e-05
1.14499552e-05
1.091716353e-05
1.445157938e-05
1.007257287e-05
1.304085122e-05
1.617649988e-05
1.454430701e-05
5.810710575e-06
6.155410746e-06
2.057409907e-06
8.869757335e-07
1.132830493e-06
4.463818032e-07
3.235448182e-07
5.169139786e-07
8.913690758e-07
1.228233334e-06
1.534452755e-06
1.393698636e-06
6.490425397e-07
7.0496834e-07
2.32700694e-07
1.556197633e-07
2.455125461e-07
1.345456932e-07
1.602054011e-07
2.580504354e-07
2.977195107e-07
9.246542294e-07
1.464572367e-06
1.45043651e-05
1.01252978e-05
9.05132525e-06
7.205289374e-06
5.084878826e-06
4.104405437e-06
3.445916135e-06
2.219250497e-06
1.917523303e-06
1.433702647e-06
1.091772659e-06
1.006770148e-06
1.067858637e-06
1.145595955e-06
1.20929353e-06
1.224126238e-06
1.470715792e-06
2.74875338e-06
2.343273692e-06
7.209649926e-06
1.140501783e-05
2.033853288e-05
4.139096222e-05
3.825536205e-05
9.700841135e-06
4.803498804e-06
7.427348072e-06
3.430457624e-06
6.723214767e-06
9.728157286e-06
1.144878358e-05
4.52192682e-06
5.231075961e-06
1.366647229e-06
4.996578325e-07
6.794981545e-07
2.307220333e-07
1.46142087e-07
2.135667486e-07
3.098619866e-07
7.009026684e-07
9.451704686e-07
9.361638746e-07
2.038771712e-07
4.348864273e-07
6.860578678e-08
5.504864307e-08
9.030194609e-08
6.566230612e-08
9.956945343e-08
1.169021191e-07
1.844200226e-07
4.793227655e-07
6.187984686e-07
1.373891057e-06
2.646166914e-06
3.726064351e-06
3.190617605e-06
2.881362777e-06
3.478407583e-06
3.571603008e-05
3.096454312e-05
2.382778252e-05
2.421118623e-05
1.816562851e-05
1.407918913e-05
1.344003854e-05
9.704335964e-06
7.30710316e-06
6.677785772e-06
4.371167585e-06
3.011859525e-06
2.976192292e-06
2.465479265e-06
1.572778787e-06
2.341672828e-06
2.137778496e-06
1.540195162e-06
1.789570934e-06
1.337487181e-06
1.113455874e-06
6.603258021e-07
2.369400801e-06
3.955591613e-06
7.893648926e-06
2.94617711e-05
3.731503966e-05
1.020453465e-05
2.141103702e-06
3.119283719e-06
1.13120296e-06
2.499012721e-06
4.273246863e-06
8.381198949e-06
2.93896073e-06
3.749735515e-06
6.975603082e-07
2.235868893e-07
3.465335643e-07
1.030177442e-07
6.965329828e-08
1.012376521e-07
1.079070891e-07
3.114428619e-07
4.911005506e-07
4.15095447e-07
9.584449782e-08
1.075068798e-07
4.657289054e-08
5.376596775e-08
4.159790972e-08
7.783816728e-08
1.196540411e-07
9.37976792e-08
2.16409916e-07
4.870434051e-07
4.434754104e-07
1.058355426e-06
1.710039229e-06
1.981060746e-06
2.210386264e-06
2.529477625e-06
2.548610659e-06
2.553748218e-06
2.169564697e-06
1.862662906e-06
4.06033555e-05
2.813880312e-05
3.388551711e-05
1.957518813e-05
1.48063815e-05
1.815117201e-05
1.246404724e-05
1.133728579e-05
1.083334012e-05
1.052189946e-05
9.467277344e-06
6.423109742e-06
8.06578461e-06
6.483138312e-06
3.956382613e-06
4.916194274e-06
3.524344372e-06
2.763124138e-06
2.438687861e-06
1.586856538e-06
1.533075128e-06
1.642305303e-06
3.864732203e-06
2.511466799e-06
5.759111216e-06
1.577066081e-05
2.176090475e-05
6.473506617e-06
1.320756982e-06
1.599973517e-06
5.723518998e-07
7.794561158e-07
1.380546201e-06
5.970418414e-06
1.350609106e-06
2.118686473e-06
2.33925164e-07
7.307388211e-08
1.331044723e-07
3.795359273e-08
3.118297483e-08
4.707180024e-08
4.300197374e-08
9.424433188e-08
1.77059341e-07
9.708733675e-08
7.770078136e-08
8.137400837e-08
7.829790514e-08
1.068514595e-07
8.392092679e-08
1.781492578e-07
2.402480867e-07
1.679255869e-07
3.323908388e-07
6.950301828e-07
6.077595229e-07
1.290005447e-06
1.955683196e-06
1.747624652e-06
2.524351035e-06
3.378537583e-06
2.790051579e-06
4.380428274e-06
4.842739189e-06
2.660626354e-06
4.83601144e-05
2.982695614e-05
4.476783535e-05
1.821907184e-05
1.256561328e-05
1.909717229e-05
1.086333274e-05
1.190976262e-05
1.20397485e-05
1.479506295e-05
1.807933929e-05
1.339654754e-05
2.01418027e-05
2.01502628e-05
1.414279506e-05
1.817227207e-05
1.471893198e-05
1.030706902e-05
1.058614095e-05
6.874010817e-06
4.808089397e-06
4.35893389e-06
2.936937385e-06
1.901144852e-06
3.49424144e-06
4.740841651e-06
5.369656592e-06
4.018267175e-06
5.353932349e-06
1.062549627e-05
3.139809383e-06
1.276161159e-06
1.224003503e-06
5.245826165e-07
4.35758766e-07
5.152492882e-07
4.127255686e-06
2.962335782e-07
7.191777507e-07
4.661666746e-08
1.960627599e-08
3.778382164e-08
1.328546235e-08
1.307143727e-08
2.031293686e-08
1.72576299e-08
3.473793712e-08
5.174238453e-08
9.782797336e-08
1.267564022e-07
9.277078608e-08
9.386881952e-08
1.005781572e-07
1.201126645e-07
2.331003817e-07
2.669464086e-07
3.982217459e-07
4.170418042e-07
1.096907476e-06
8.372647809e-07
2.245542035e-06
3.267580991e-06
2.375326245e-06
3.127629078e-06
5.308331231e-06
4.435295633e-06
8.66385497e-06
1.333429604e-05
1.067763634e-05
1.944182427e-05
2.670424608e-05
1.634573855e-05
6.462543541e-05
3.78159611e-05
5.470782123e-05
2.058175709e-05
1.214676117e-05
1.823186057e-05
8.952965487e-06
8.982107457e-06
9.627392439e-06
1.168110791e-05
1.65047429e-05
1.415667126e-05
2.162592e-05
2.472791997e-05
2.336046233e-05
2.479554955e-05
2.231103691e-05
2.430172576e-05
1.835351058e-05
1.390222865e-05
1.697854221e-05
9.684762191e-06
6.220748675e-06
8.209208851e-06
3.785299225e-06
2.316796539e-06
3.619844558e-06
1.481032538e-06
1.020840074e-06
2.173182051e-06
8.185158066e-07
1.036414334e-06
1.979620671e-06
2.232184234e-06
1.627553206e-06
1.419094552e-06
6.531951114e-07
4.560166665e-07
4.381127023e-07
2.415493446e-06
6.42977875e-08
9.995327374e-08
1.289441299e-08
6.856934767e-09
1.108687926e-08
5.036068526e-09
5.063876413e-09
8.280393815e-09
6.957366119e-09
1.120477074e-08
2.471443357e-08
3.230035955e-08
2.512761059e-08
1.316706829e-07
1.669532054e-08
2.597600851e-08
8.317073731e-08
6.974703409e-08
2.41585997e-07
2.399875969e-07
8.032589072e-07
1.683050692e-06
1.651766071e-06
2.88810284e-06
4.539266001e-06
4.732931161e-06
3.0028782e-06
2.398814962e-06
4.139641351e-06
2.913714461e-06
3.950091784e-06
8.39692089e-06
5.66106876e-06
8.700450665e-06
1.894758214e-05
1.433474993e-05
2.439012711e-05
3.996692991e-05
3.928559725e-05
2.224039374e-05
2.701052073e-05
1.333631537e-05
9.32996255e-06
9.699592136e-06
8.113763496e-06
8.832885576e-06
9.017595507e-06
1.098498828e-05
1.356931602e-05
1.626433439e-05
1.507121224e-05
1.45660936e-05
2.051452686e-05
1.238295158e-05
9.524804977e-06
1.541427798e-05
6.826794624e-06
4.658325919e-06
8.202087158e-06
3.061286583e-06
1.94782583e-06
3.342315025e-06
1.211555309e-06
7.629853505e-07
1.201009092e-06
5.203085203e-07
4.05275882e-07
5.706810819e-07
3.629726028e-07
5.740845874e-07
7.403844467e-07
1.886593838e-06
1.937561741e-06
1.852413502e-06
9.51437625e-07
3.668494801e-07
4.40562858e-07
7.591507778e-07
3.163163088e-08
4.34430131e-08
6.107593877e-09
2.769891333e-09
4.313352227e-09
1.690054792e-09
1.580362929e-09
2.927198413e-09
2.334850896e-09
2.307403252e-09
5.094453438e-09
1.873690793e-09
1.671899966e-09
4.27901381e-09
2.196752561e-09
4.455912351e-09
1.221241974e-08
1.824349191e-08
8.607649646e-08
1.613295496e-07
2.864790542e-07
7.195932098e-07
1.058992084e-06
1.449975321e-06
2.461001549e-06
3.252321519e-06
1.189116242e-06
1.123504919e-06
1.40406061e-06
1.952770174e-06
2.99125589e-06
2.607414146e-06
3.734343789e-06
4.098488057e-06
4.458849634e-06
4.501213867e-06
5.686895521e-06
1.088261121e-05
3.865161149e-05
2.832891024e-05
2.241434688e-05
2.152578017e-05
1.676938928e-05
1.104922434e-05
1.340615383e-05
1.125113577e-05
8.977242301e-06
1.011363044e-05
9.560652296e-06
1.076816211e-05
9.006478212e-06
8.040432795e-06
1.0387431e-05
6.66660846e-06
5.188125884e-06
6.624407668e-06
3.890747072e-06
2.874757367e-06
3.348001075e-06
2.101998882e-06
1.50712638e-06
1.516896281e-06
1.055275297e-06
7.347375351e-07
6.457362006e-07
5.280107511e-07
4.034926887e-07
3.546216154e-07
3.379055611e-07
4.427654965e-07
4.954197762e-07
7.03464642e-07
7.646391818e-07
1.565957025e-06
6.29974528e-07
1.050271641e-07
2.44637069e-07
2.375086869e-08
1.040531477e-08
3.327532802e-08
3.544853027e-09
2.906888354e-09
2.557226658e-09
2.817094218e-09
1.861940762e-09
1.1900742e-09
9.509506396e-10
5.626354568e-10
1.058516284e-09
4.305207521e-10
4.722361375e-10
8.246086963e-10
5.826551487e-10
8.141422518e-10
1.497816818e-09
2.128562944e-09
1.137338879e-08
3.086893919e-08
5.972447988e-08
2.189403754e-07
4.228508165e-07
5.874936667e-07
1.071193496e-06
1.778556496e-06
7.861226747e-07
1.847358169e-06
1.215753695e-06
5.68455321e-06
1.068338972e-05
4.944343581e-06
1.33884033e-05
1.196989488e-05
6.034607877e-06
8.576379821e-06
5.955027257e-06
4.905986803e-06
6.179387399e-05
5.958114847e-05
5.619209453e-05
5.595190365e-05
5.085956552e-05
4.077210801e-05
4.4563799e-05
3.773690186e-05
2.823170501e-05
3.103970368e-05
2.48887403e-05
1.781124209e-05
1.947806969e-05
1.487859267e-05
1.127615269e-05
1.111104235e-05
8.165318257e-06
7.404603985e-06
5.993838572e-06
4.513770267e-06
4.536248332e-06
3.603331869e-06
3.106685795e-06
2.817591544e-06
2.895035951e-06
2.902175765e-06
1.859285428e-06
3.089954971e-06
3.34426636e-06
1.204718601e-06
3.344630355e-06
2.779966662e-06
7.200067613e-07
1.8463778e-06
1.307162591e-06
4.927860395e-07
7.310414852e-07
2.654829625e-07
2.315233357e-07
9.580886631e-08
4.023858913e-09
3.001444335e-08
1.704352206e-09
1.606334136e-10
1.579941094e-09
6.267258238e-11
6.05534666e-11
7.019463144e-10
5.697324149e-11
3.123150647e-11
3.565846453e-10
1.824209353e-11
1.636972124e-11
1.277044636e-10
1.675511956e-11
2.475629033e-11
1.768519376e-10
3.400175822e-11
4.555965616e-11
3.03754692e-10
7.076483837e-11
2.344367285e-10
2.776506362e-09
2.645590479e-08
8.864945789e-08
1.022284867e-07
2.824648577e-07
6.571269644e-07
5.3478127e-07
7.547784424e-07
5.247539149e-06
3.440185387e-06
1.615198498e-05
3.177645717e-05
2.228629587e-05
4.587607876e-05
4.920831151e-05
2.718623933e-05
3.538177981e-05
1.259675406e-05
8.19073686e-06
2.780795714e-06
1.616246729e-06
3.40710012e-06
3.231782289e-05
3.216900502e-05
5.120352677e-05
2.934784577e-05
2.456304685e-05
4.255269614e-05
1.943276795e-05
1.500808749e-05
2.977019746e-05
1.156376316e-05
8.981849027e-06
1.910946437e-05
7.028476169e-06
5.511060193e-06
1.13806037e-05
4.323505484e-06
3.43658447e-06
6.377884861e-06
2.876062081e-06
2.717378119e-06
3.904714094e-06
3.127727412e-06
4.510966732e-06
3.471296971e-06
7.815132488e-06
1.446223486e-05
5.647843283e-06
2.426607038e-05
3.298828572e-05
1.216677414e-05
3.538547604e-05
3.041844397e-05
1.326853259e-05
2.132490191e-05
1.219598738e-05
4.980159471e-06
5.655191764e-06
2.064302591e-06
7.799820247e-07
4.934018208e-07
1.196273502e-08
6.389495712e-09
2.115324447e-09
4.984008767e-14
3.98258936e-14
9.899313184e-14
6.038256221e-13
6.42151609e-13
9.784701864e-13
1.089955397e-11
3.779567285e-12
1.078598834e-10
3.798501976e-11
9.874934747e-12
1.363633537e-11
1.311761308e-11
7.497507995e-12
1.841680405e-11
3.752445423e-11
1.572235284e-11
3.559667135e-10
4.923493899e-09
8.920870344e-10
6.794285451e-08
1.440111828e-07
1.024271401e-07
1.417251262e-07
2.408893192e-07
5.477256778e-07
1.082732592e-06
3.473461896e-06
5.35884657e-06
9.002667923e-06
1.575700976e-05
2.777558862e-05
2.153001903e-05
2.538972153e-05
4.846784673e-05
2.577253459e-05
1.837637692e-05
2.46658828e-05
6.782000461e-06
2.906923731e-06
2.535402783e-06
2.989896981e-06
5.395179387e-06
1.846923718e-05
9.80059569e-06
1.046575582e-05
1.634465787e-05
8.973592244e-06
7.483381039e-06
1.029555575e-05
6.439701683e-06
5.837282093e-06
6.556945801e-06
5.357986845e-06
4.683364245e-06
4.237379503e-06
3.713248588e-06
2.761785933e-06
2.581581787e-06
2.409377575e-06
3.183297226e-06
2.749114956e-06
5.73188541e-06
1.163238167e-05
8.331334001e-06
2.309596471e-05
3.93780727e-05
3.083153037e-05
5.59291267e-05
6.774159736e-05
5.766010633e-05
7.09890906e-05
6.457164835e-05
5.117074553e-05
5.063180849e-05
3.352982301e-05
2.320526185e-05
1.808429154e-05
7.338368134e-06
4.492743479e-06
1.707113395e-06
2.51946044e-08
1.918190568e-08
1.961701594e-09
6.988704976e-12
1.534202241e-13
1.247763242e-11
1.581591496e-11
2.761873691e-17
3.039444282e-11
7.119547071e-11
6.576248813e-11
8.900778648e-11
4.891858857e-11
5.205581188e-11
7.974179611e-11
1.092158925e-10
3.597686312e-11
1.342768371e-06
5.603204877e-08
7.840693353e-11
2.386390526e-08
8.923768557e-08
8.029343095e-08
1.541755394e-07
1.245633494e-07
7.758382757e-08
1.298229672e-07
2.40592749e-07
1.311991492e-07
4.619925129e-07
7.642607928e-07
2.113165314e-06
9.078495286e-07
8.474846706e-07
6.564669432e-06
5.809271387e-07
3.133265917e-07
1.087054629e-06
1.399304662e-07
1.1624334e-07
6.484842787e-07
3.170807302e-07
8.045450392e-07
2.340783915e-06
9.617144854e-07
6.686509434e-07
1.495423633e-06
4.77794345e-07
9.09181908e-07
4.094394647e-06
6.251921486e-07
8.874873054e-07
3.409085239e-06
1.811515335e-06
4.250403358e-06
5.364330187e-06
8.770799198e-06
1.290751447e-05
9.398179347e-06
1.389709626e-05
1.303178982e-05
7.895862689e-06
1.16011168e-05
9.36426649e-06
4.700832309e-06
6.690588257e-06
4.531645147e-06
1.188071261e-05
4.175571034e-06
7.547983131e-06
3.022675823e-05
1.458204597e-05
2.147053143e-05
5.325410837e-05
2.61532175e-05
2.74286615e-05
5.73043921e-05
2.479549141e-05
1.910885744e-05
3.372633254e-05
1.207156839e-05
5.704585153e-06
8.289378861e-06
1.580924716e-06
1.389897254e-07
1.773137355e-08
1.76121659e-08
4.716105857e-09
1.256111462e-10
2.008370677e-09
1.548888237e-10
1.96355947e-11
1.474302592e-10
8.49866806e-11
6.762553844e-11
6.248340457e-11
5.087928144e-11
4.883480803e-11
4.703128394e-10
6.265059472e-10
2.302267568e-10
1.186075954e-06
3.696130278e-06
9.882140798e-07
4.382639261e-07
4.713698612e-07
1.925700986e-07
6.865008211e-07
8.84688617e-07
3.636146465e-07
9.934203909e-07
8.132360896e-07
4.420826254e-07
6.264286131e-07
4.546530838e-07
3.976108584e-07
2.629748325e-07
2.329148354e-07
3.146368453e-07
2.166243615e-07
1.959751055e-07
1.714688369e-07
1.623527721e-07
1.183270083e-07
3.742518045e-08
7.510161992e-08
4.255866011e-08
1.585568308e-08
7.792360342e-06
5.179439318e-06
4.321828645e-07
3.454279998e-06
2.579212688e-06
9.992159562e-07
2.135444978e-06
1.957282981e-06
1.824864093e-06
1.870926175e-06
1.734484036e-06
3.870007936e-06
1.419977088e-06
9.351414316e-07
3.050872383e-06
5.132969717e-07
2.938025093e-07
7.790069547e-07
2.018851318e-07
1.619642673e-07
3.600882304e-07
1.452631556e-07
1.480925621e-07
2.532982033e-07
1.830195285e-07
2.879937363e-07
3.866409982e-07
2.996230275e-07
2.065383323e-07
1.550052865e-07
3.10729849e-07
6.885360446e-07
4.647627711e-07
1.434436985e-06
2.503293965e-06
1.356402151e-06
3.465538396e-06
3.533709301e-06
1.835551175e-06
2.466216272e-06
1.30810143e-06
4.400407262e-07
8.782935737e-07
1.641107902e-06
3.273351181e-07
7.5304783e-06
2.470864641e-05
9.291769026e-06
1.619603308e-05
2.888448897e-09
1.107579249e-09
1.154434713e-10
6.007728993e-11
5.308498698e-11
2.19214667e-09
1.790248568e-08
2.534858947e-09
4.006710286e-07
5.258795786e-06
6.272140602e-06
2.182181985e-06
1.93086159e-06
1.059469974e-06
2.443947007e-06
3.204418743e-06
1.818451445e-06
3.844462816e-06
3.939370444e-06
1.931340148e-06
3.582104234e-06
1.828239751e-06
8.487892332e-07
1.189182028e-06
1.095432617e-06
5.14749368e-07
9.835080892e-07
7.9076437e-07
4.210683499e-07
5.5933928e-07
3.491602019e-07
2.251203988e-07
1.944895662e-07
9.940702525e-08
7.248077685e-08
2.174619623e-05
1.3527543e-05
9.43271835e-06
8.223783686e-06
5.102616246e-06
3.898211093e-06
3.315060226e-06
2.299192482e-06
2.077778681e-06
1.713027936e-06
1.338703906e-06
1.296172796e-06
1.088031416e-06
9.292506253e-07
7.025585343e-07
8.554680097e-07
8.59004067e-07
4.292196172e-07
9.347144202e-07
1.09760939e-06
4.165279001e-07
1.39290986e-06
1.876811109e-06
5.946094685e-07
2.453387132e-06
2.612742888e-06
1.089645826e-06
2.044050746e-06
1.28835324e-06
5.496953687e-07
7.345812327e-07
4.772592184e-07
5.250340671e-07
6.359544785e-07
1.424276188e-06
2.324839529e-06
3.176813991e-06
5.98273606e-06
5.173952135e-06
6.897329504e-06
5.715066954e-06
3.024001078e-06
5.083708856e-06
7.113718e-06
4.037895563e-06
1.616566299e-05
3.60684996e-05
3.619245715e-05
2.49406213e-05
1.14782602e-08
3.03333208e-09
1.119635498e-08
4.045492295e-09
8.186456902e-11
4.030219207e-08
2.498727573e-07
8.187682858e-08
8.059795889e-07
2.075694506e-06
2.930445487e-06
2.922497963e-06
3.942324964e-06
2.859983076e-06
5.563115933e-06
7.840153595e-06
5.096907073e-06
1.069224113e-05
1.348315571e-05
7.292661455e-06
1.502271893e-05
1.065673051e-05
4.681354279e-06
5.190397278e-06
2.614418405e-06
2.075680089e-06
1.753807105e-06
1.490283911e-06
1.212314843e-06
1.672485597e-06
2.142798414e-06
5.125664365e-07
2.659260626e-06
3.068790357e-06
4.03754073e-07
2.8492208e-05
1.777338279e-05
2.550563504e-05
1.078408089e-05
6.82627645e-06
7.45401155e-06
4.709761142e-06
3.576922532e-06
2.779385356e-06
2.873941709e-06
2.410013477e-06
1.712429126e-06
2.198077088e-06
2.159271622e-06
1.42904862e-06
2.258551994e-06
2.488827663e-06
1.582294338e-06
2.870234217e-06
3.453985948e-06
2.245933937e-06
4.303320786e-06
5.35985784e-06
3.7582619e-06
6.156740942e-06
5.940737118e-06
4.238735069e-06
4.693656585e-06
3.21251918e-06
2.19598919e-06
1.940446076e-06
1.062033466e-06
6.74911446e-07
7.308911125e-07
5.222249568e-06
8.036321824e-07
5.453986604e-05
0.0003169300678
5.143293612e-05
0.0001889333166
4.164424983e-05
9.706694458e-06
1.587515311e-05
1.64543609e-05
1.102372649e-05
1.829677082e-05
1.619459282e-05
2.660447737e-05
1.52654955e-05
2.776010685e-07
7.922040212e-08
1.275198031e-07
7.716554998e-08
1.332127779e-08
2.964258454e-07
1.141635336e-06
5.80418443e-07
2.61180915e-06
3.83905659e-06
2.550490971e-06
5.822120693e-06
8.956140906e-06
5.628523606e-06
1.298900233e-05
3.499387406e-05
1.683906994e-05
8.058409805e-05
0.0001238512184
4.23203392e-05
0.0001160911739
6.700962329e-05
2.339189615e-05
2.321300636e-05
5.178528076e-06
2.677137577e-06
1.318782338e-06
5.862255717e-07
6.633538952e-07
3.78553733e-07
2.942039723e-07
4.624042085e-07
2.643355145e-07
2.717311407e-07
4.567454105e-07
6.932039034e-06
6.793418396e-06
7.661670141e-06
7.50571069e-06
8.61059227e-06
6.426519068e-06
9.142024653e-06
8.300075362e-06
5.311765904e-06
6.648815875e-06
5.467514578e-06
3.556873871e-06
4.840125582e-06
4.46772988e-06
3.129919585e-06
4.279063458e-06
4.201150923e-06
3.370382904e-06
4.167111086e-06
4.110952172e-06
4.038155388e-06
3.975273042e-06
3.723796203e-06
5.098902705e-06
3.331748297e-06
2.722861656e-06
6.370118804e-06
1.775042864e-06
7.570866537e-07
6.061392906e-06
1.433532084e-06
1.823660373e-06
1.628627086e-06
1.41519006e-06
8.142130617e-07
7.109422435e-07
6.162913732e-07
1.287410856e-05
0.000101856371
6.705820206e-06
2.288911068e-05
2.460318429e-05
3.362133946e-05
3.461896768e-05
2.417061024e-05
2.628959578e-05
5.755028983e-06
1.001515516e-05
6.15239304e-06
8.359925874e-07
7.752951014e-07
2.849669659e-07
1.677157834e-06
4.675008852e-07
1.615714025e-06
3.393059717e-06
2.038524888e-06
5.848220816e-06
8.776031803e-06
5.692920281e-06
2.106932981e-05
2.856382817e-05
1.471215562e-05
2.288095507e-05
1.828275803e-05
3.137537889e-05
1.013825278e-05
4.793973069e-06
1.815017799e-05
2.968407604e-06
3.029992426e-06
9.637273496e-06
3.146038441e-06
3.251485078e-06
2.819396922e-06
4.155005988e-06
6.83951402e-06
7.680250683e-07
9.889490159e-06
5.638279793e-06
4.336267181e-07
2.430042574e-06
1.411470466e-06
2.65222521e-07
9.029125852e-06
1.137322301e-05
1.129092992e-05
1.436755444e-05
1.603638517e-05
1.272046644e-05
1.443437672e-05
1.188681526e-05
8.554063476e-06
9.941825195e-06
8.300842686e-06
6.357358888e-06
6.913672578e-06
5.706113029e-06
5.07423402e-06
4.63567075e-06
3.681624754e-06
4.024350826e-06
2.834483491e-06
2.081371995e-06
2.819317256e-06
1.407311751e-06
8.212587078e-07
1.40084804e-06
3.789567872e-07
1.417113395e-07
2.206011694e-07
3.069303795e-07
2.967635422e-06
3.0204176e-06
8.063432408e-06
3.104775386e-06
1.699151755e-06
1.312475949e-06
6.612183199e-07
9.125591673e-07
8.432890883e-07
1.183981026e-05
1.939944279e-05
4.937880171e-05
6.092308352e-05
4.747045871e-05
4.41790957e-05
3.892634018e-06
3.432304199e-06
5.670621933e-06
5.351990295e-06
1.866141337e-06
6.349166388e-06
7.882530947e-06
4.156123942e-06
5.368943367e-06
7.088196202e-06
5.205474541e-06
9.821870395e-06
1.330657693e-05
1.20380367e-05
4.220070463e-05
5.533788073e-05
4.782154322e-05
1.336081612e-05
4.568028414e-06
8.862315015e-06
3.124783561e-06
2.629552244e-06
3.157663369e-06
2.53776793e-06
2.955268533e-06
2.60998694e-06
4.192710783e-06
7.237591094e-06
4.527606477e-06
1.420121835e-05
2.551163019e-05
1.450184918e-05
3.328027233e-05
2.245232415e-05
1.457064357e-05
1.073864708e-05
9.356873082e-06
9.381759245e-06
9.120596209e-06
1.011364669e-05
1.387806002e-05
1.096063033e-05
9.345762817e-06
1.213181987e-05
7.935824035e-06
6.579822752e-06
8.464486895e-06
5.307896364e-06
4.135246909e-06
5.352746244e-06
3.092977334e-06
2.219506731e-06
2.972929833e-06
1.53534262e-06
1.022994942e-06
1.436602053e-06
6.442446266e-07
3.748197987e-07
5.129066313e-07
2.043770164e-07
1.23427088e-07
1.182895997e-07
1.956889536e-07
2.754817957e-06
2.826321368e-06
1.547696227e-05
6.392016529e-06
4.711289274e-06
2.628118929e-06
1.630351546e-06
1.091039423e-06
8.51440517e-07
1.37104287e-06
4.727184716e-06
2.482852566e-05
7.114554316e-05
7.085622768e-05
6.427901228e-05
1.228570098e-05
6.940489204e-06
1.96729785e-05
2.292727846e-05
1.232465742e-05
2.22662143e-05
9.223048095e-06
1.056240594e-05
4.392967405e-06
4.969252341e-06
7.101483921e-06
8.464061662e-06
8.168579694e-06
1.174034143e-05
1.152768545e-05
1.906374836e-05
4.167408532e-05
1.505957458e-06
1.784725727e-06
2.803635507e-06
2.29434632e-06
2.964034427e-06
2.561221597e-06
4.232853053e-06
7.770060082e-06
4.073583483e-06
1.381253175e-05
2.573279296e-05
1.33119738e-05
4.108640408e-05
4.74883317e-05
3.912188876e-05
3.360119781e-05
1.054535826e-05
2.136156368e-05
1.914890121e-05
1.571358518e-05
1.272454715e-05
1.211335275e-05
9.776039552e-06
9.335733455e-06
8.12210828e-06
6.236056703e-06
7.225046942e-06
4.764301949e-06
3.620920659e-06
4.763158247e-06
2.788878823e-06
2.232364659e-06
2.995225632e-06
1.760577184e-06
1.33410399e-06
1.679035778e-06
9.795563369e-07
6.959151671e-07
8.031723342e-07
4.813140186e-07
3.323834886e-07
3.241249786e-07
2.528489171e-07
2.757287179e-07
1.482560803e-07
6.198594225e-07
4.731243487e-06
2.904296208e-06
2.280917914e-05
9.302708428e-06
8.075531117e-06
4.406403233e-06
2.855754402e-06
2.23703779e-06
1.699307987e-06
7.109977645e-07
6.561851817e-07
2.069324381e-06
2.767603971e-05
5.560585357e-05
3.851120865e-05
2.574859019e-05
1.907432814e-05
4.197788892e-05
4.578155629e-05
3.538477904e-05
2.955258754e-05
8.310042729e-06
8.616147703e-06
4.093755899e-06
3.890916765e-06
4.079062548e-06
4.139263101e-06
3.538301971e-06
5.141054343e-06
2.566577872e-06
2.169586125e-06
5.881092548e-06
7.436671442e-07
2.700281328e-06
1.554286644e-06
5.392872005e-06
1.054392217e-05
4.641876407e-06
3.570318303e-05
6.463728873e-05
3.726253021e-05
0.0001159989413
0.0001221429558
4.095496923e-05
7.245168955e-05
2.294695633e-05
3.753212304e-05
4.735010767e-06
1.651322173e-06
3.368002091e-06
4.796129192e-06
3.662063227e-06
6.780870841e-06
2.604592219e-06
1.744062751e-06
3.65167498e-06
1.136247151e-06
7.522446888e-07
1.615510515e-06
5.776909518e-07
7.142606218e-07
1.122083204e-06
1.087794346e-06
1.034236334e-06
1.126028218e-06
8.579927948e-07
7.39343125e-07
6.660695621e-07
6.966287605e-07
7.820345719e-07
4.398186021e-07
1.139434395e-06
2.185533107e-06
8.059409568e-07
5.163060858e-06
1.406511001e-05
9.33453859e-06
2.377916982e-05
7.753597871e-06
9.709247203e-06
4.276788887e-06
3.14598171e-06
3.424656146e-06
2.247537719e-06
1.127818712e-06
9.325838608e-07
3.784131425e-07
9.428793714e-07
6.693226466e-06
2.730731107e-06
3.232836661e-05
3.042992864e-05
5.127538664e-05
4.38360453e-05
4.940283995e-05
2.078731105e-05
8.112092691e-06
7.992313273e-06
5.088778553e-06
4.435531539e-06
4.040166776e-06
4.029574266e-06
2.926893873e-06
2.939295258e-06
1.830884437e-06
1.392094166e-06
1.511495209e-06
1.441297251e-06
4.499529178e-06
5.032261894e-06
9.715161607e-06
1.550729645e-05
1.66855336e-05
1.93629807e-05
0.0001037531624
0.0001118985397
7.518459381e-05
2.589420737e-05
8.341057654e-05
6.388030257e-06
2.799369104e-06
6.054412478e-06
1.084397078e-06
7.732509876e-07
1.041807815e-06
5.71886918e-07
4.61754546e-07
5.205376402e-07
4.374190733e-07
6.744886263e-07
6.73010759e-07
1.324725875e-06
1.365935641e-06
1.09588796e-06
1.365074912e-06
1.535682156e-06
9.977541624e-07
1.955766004e-06
2.775646103e-06
1.546116291e-06
4.243875166e-06
6.669952406e-06
4.415277421e-06
1.038103784e-05
1.552766841e-05
1.651182853e-05
1.356091415e-05
3.792407329e-06
5.244645839e-06
2.2680624e-06
1.688955454e-06
2.237594876e-06
1.304899105e-06
7.964573961e-07
1.03900855e-06
2.56948271e-07
2.102053848e-07
2.812703161e-07
2.009420267e-06
2.353437836e-05
3.017914563e-05
3.087180384e-05
2.364990874e-05
3.2632787e-05
1.628419584e-05
1.00711192e-05
8.863832238e-06
6.833337396e-06
5.619743764e-06
5.008442781e-06
5.071672617e-06
4.03721204e-06
3.294632906e-06
2.270407523e-06
1.44456776e-06
1.479995732e-06
1.254321809e-06
1.292413004e-06
2.851106143e-06
1.974527871e-06
3.249583835e-06
8.570367855e-06
4.365630845e-06
1.102899682e-05
4.963533359e-05
3.117707804e-06
1.591977759e-06
4.892068727e-06
8.691985111e-07
7.357360745e-07
6.861124111e-07
6.619502705e-07
6.54391359e-07
4.974713817e-07
7.264069817e-07
1.097335304e-06
7.859510872e-07
2.181071353e-06
2.107943575e-06
1.872677133e-06
2.062810567e-06
2.282713479e-06
2.363050089e-06
2.874519591e-06
3.655455948e-06
4.373357995e-06
4.130804687e-06
4.735000618e-06
8.127214082e-06
6.836195001e-06
8.631671323e-06
1.220205459e-05
5.416058401e-06
2.629163863e-06
3.048135453e-06
1.786484252e-06
1.293592337e-06
1.427044531e-06
9.037577431e-07
5.211713747e-07
6.164666606e-07
1.868873001e-07
1.978686206e-07
1.960888806e-07
4.097006141e-06
1.214067277e-05
1.596053694e-05
1.802772399e-05
2.162931152e-05
2.059493436e-05
1.910177779e-05
1.255357902e-05
1.142668499e-05
8.090833273e-06
6.402792958e-06
6.11728766e-06
6.196013876e-06
6.126865513e-06
5.038639761e-06
3.690202206e-06
1.933263184e-06
1.457803624e-06
1.307269455e-06
1.077408923e-06
9.138728698e-07
1.130517903e-06
1.512507763e-06
1.793754353e-06
2.324031679e-06
2.046395848e-06
2.473239579e-06
1.312649272e-06
1.004447078e-06
1.070941913e-06
1.943667998e-06
2.351730806e-06
1.096522429e-06
3.052576883e-06
3.67534924e-06
1.987349073e-06
3.582906711e-06
2.615511228e-06
2.35379816e-06
2.069734603e-06
1.806178796e-06
1.945408663e-06
1.66987751e-06
1.572213357e-06
2.136602372e-06
1.498944768e-06
1.668326644e-06
2.368187624e-06
3.818593755e-06
8.486607862e-06
7.578323434e-06
3.550942498e-06
2.262800764e-06
2.389907795e-06
1.634733003e-06
1.18718556e-06
1.221423521e-06
8.103921011e-07
4.691550706e-07
4.787347047e-07
1.96734271e-07
2.822567274e-07
2.218133009e-07
7.30842252e-06
1.452826506e-05
1.230457463e-05
2.26717904e-05
2.678883923e-05
2.42571751e-05
2.110502929e-05
1.23368048e-05
1.299083476e-05
7.595825562e-06
6.541629206e-06
6.490590433e-06
7.317719208e-06
8.542205144e-06
7.264125284e-06
6.610549723e-06
3.740455774e-06
2.718046323e-06
2.356749637e-06
1.778958109e-06
1.372410472e-06
1.574284883e-06
1.693443535e-06
1.515123545e-06
2.288790635e-06
3.061322534e-06
2.353091172e-06
5.877304259e-06
3.333439339e-06
2.922043261e-06
2.224240137e-06
1.740095799e-06
1.736151119e-06
1.494330028e-06
1.385508399e-06
1.378021391e-06
1.468061057e-06
2.152963442e-06
1.654244451e-06
6.225736786e-06
9.870257991e-06
9.526135093e-06
3.318469475e-06
2.222639085e-06
2.211196289e-06
1.630456005e-06
1.206099673e-06
1.182757593e-06
8.442970224e-07
5.238896159e-07
4.847062767e-07
2.747696409e-07
5.983946401e-07
3.982567438e-07
1.023722514e-05
1.94502121e-05
1.733427133e-05
2.689429178e-05
2.53524396e-05
2.766553549e-05
1.5632264e-05
8.684080628e-06
1.064178457e-05
6.798423076e-06
7.673302206e-06
6.832745695e-06
9.826076534e-06
1.213540452e-05
1.013454115e-05
1.010508191e-05
5.947519856e-06
4.876341944e-06
3.762671366e-06
2.848720432e-06
2.281889305e-06
3.230268386e-06
2.217023979e-06
1.875129515e-06
1.981163147e-06
2.089399874e-06
1.607736526e-06
2.705698096e-06
4.593653852e-06
3.191985939e-06
9.378416041e-06
9.0742421e-06
9.58918559e-06
3.708919529e-06
2.473476295e-06
2.303605965e-06
1.800471969e-06
1.355700653e-06
1.260387989e-06
9.966421877e-07
6.913705409e-07
5.895931424e-07
4.78596688e-07
1.438089568e-06
9.26594272e-07
1.102126214e-05
1.77508181e-05
1.967626119e-05
1.917020912e-05
1.369492607e-05
1.978529955e-05
8.862411953e-06
7.84470552e-06
7.527195352e-06
9.327907898e-06
1.20597722e-05
9.369795706e-06
1.466065791e-05
1.481316274e-05
1.472559803e-05
8.666752586e-06
4.677509953e-06
6.693267338e-06
1.069795387e-05
9.103147492e-06
8.794666461e-06
4.918916494e-06
3.215080398e-06
2.762029952e-06
2.279633574e-06
1.74828027e-06
1.510037086e-06
1.377607657e-06
1.101994875e-06
8.500704009e-07
9.968273528e-07
3.214606458e-06
2.185548048e-06
1.354756878e-05
1.3363187e-05
1.503079986e-05
1.162140745e-05
1.028965048e-05
1.024147131e-05
1.116379127e-05
1.356341276e-05
9.87236235e-06
)
;

boundaryField
{
    dominio_ascii
    {
        type            zeroGradient;
    }
    wallFilmFaces_top
    {
        type            zeroGradient;
    }
    region0_to_wallFilmRegion_wallFilmFaces
    {
        type            zeroGradient;
    }
}


// ************************************************************************* //
