/*--------------------------------*- C++ -*----------------------------------*\
| =========                 |                                                 |
| \\      /  F ield         | OpenFOAM: The Open Source CFD Toolbox           |
|  \\    /   O peration     | Version:  2.1.x                                 |
|   \\  /    A nd           | Web:      www.OpenFOAM.org                      |
|    \\/     M anipulation  |                                                 |
\*---------------------------------------------------------------------------*/
FoamFile
{
    version     2.0;
    format      ascii;
    class       surfaceScalarField;
    location    "0.2";
    object      phi;
}
// * * * * * * * * * * * * * * * * * * * * * * * * * * * * * * * * * * * * * //

dimensions      [1 1 -1 0 0 0 0];

internalField   nonuniform List<scalar> 
5536
(
1.232198784e-10
-4.34242747e-10
-1.203079572e-10
1.769923694e-10
-9.578515506e-10
-6.730894893e-11
3.39258386e-11
-5.62096231e-10
7.123556525e-12
-3.898100408e-11
-3.417957166e-10
4.514497224e-11
-6.670936454e-11
-3.584839257e-10
-1.284054589e-09
-5.201626861e-10
3.3945279e-10
-7.909117311e-10
-1.120504225e-10
5.711291909e-10
1.538455224e-10
-6.471313409e-10
-1.542932691e-10
5.799846855e-10
1.206405943e-10
-7.928210003e-10
-8.268345675e-11
4.741217524e-10
7.23105222e-11
-5.497122584e-10
-9.542435322e-11
1.49096302e-09
2.136190261e-10
-1.845323916e-09
3.125103732e-11
6.068996267e-10
-4.011602469e-11
-6.991355255e-10
2.19151621e-11
2.963652858e-10
-3.830522427e-11
-2.582437878e-10
3.818254915e-11
1.883332313e-10
-2.83533984e-11
-1.476813333e-10
2.044391118e-11
3.142968563e-10
-8.778512369e-12
-2.778831541e-10
2.667318176e-11
2.358357239e-10
-1.868351975e-10
1.741999835e-11
-4.100852033e-11
-4.862275416e-11
-1.829288291e-10
8.015196273e-11
-9.039316961e-10
-5.955391385e-10
1.042738601e-09
4.155487405e-10
-4.976555321e-10
-3.660425728e-10
6.70546389e-10
3.134327474e-10
-4.4432025e-10
-2.868572792e-10
6.610391566e-10
2.7181335e-10
-5.543983546e-10
-2.549306212e-10
7.717496798e-10
2.513679552e-10
-8.859797426e-10
-2.829886741e-10
1.232998819e-09
2.288798737e-10
-2.00709801e-09
-1.250453956e-10
6.843397653e-10
1.015926362e-10
-8.207855192e-10
-1.258989887e-10
1.783833552e-09
1.432560285e-10
-1.488698629e-09
1.203364347e-10
8.074809878e-10
-1.648201966e-10
-8.870948366e-10
6.547626551e-11
2.293607707e-10
-3.945520365e-11
-2.094832422e-10
3.244032813e-11
1.154629218e-10
-2.378018798e-11
-9.137559095e-11
1.63314498e-11
2.258787058e-10
-1.177848292e-11
-1.690663656e-10
2.094183582e-11
1.698635572e-10
-3.422235872e-11
-1.526493307e-10
5.093923868e-11
1.696805244e-10
-6.280332036e-11
-1.556837283e-10
6.942486283e-11
1.719909223e-10
-7.109838184e-11
-1.167277746e-10
7.800694605e-11
-2.218877545e-10
1.856921097e-10
-9.0586512e-11
8.824663599e-10
-7.440344043e-10
-6.234971375e-10
5.136871303e-10
3.713703883e-10
-3.670718362e-10
-2.543472358e-10
3.130509292e-10
1.911601051e-10
-2.192971685e-10
-1.595315257e-10
2.989754516e-10
1.528189038e-10
-2.032968819e-10
-1.651159869e-10
4.429995634e-10
1.911655777e-10
-3.224821366e-10
-2.284533639e-10
8.857840792e-10
2.745807827e-10
-7.135515e-10
-2.999579598e-10
2.933126434e-09
1.877717877e-10
-3.435634657e-09
-1.028939969e-10
8.910822764e-10
1.492662474e-10
-8.609191639e-10
-1.890982123e-10
1.108876323e-09
1.117483814e-10
-7.424752574e-10
4.629773162e-11
9.025409578e-10
-1.423782968e-10
-8.566620689e-10
1.038169268e-10
1.953052028e-10
-4.826964304e-11
-1.823874051e-10
3.155036228e-11
7.381197938e-11
-2.075770476e-11
-6.058682136e-11
1.242650311e-11
1.171480283e-10
-7.894896099e-12
-7.629741572e-11
1.47448983e-11
1.36337477e-10
-2.608382398e-11
-1.207213946e-10
4.306987378e-11
1.339121034e-10
-6.932470694e-11
-1.013670844e-10
5.583171845e-11
7.876393978e-11
-4.387168215e-11
-5.319326719e-11
3.796012763e-11
1.341668715e-10
-4.122044655e-11
-8.502613804e-11
6.620074003e-11
9.557941735e-10
-4.626184657e-10
3.283494361e-10
-1.569888654e-10
-5.957868268e-10
-6.692982151e-10
1.409521735e-09
1.533564038e-09
-1.359184249e-09
-9.290557126e-10
6.261292884e-10
6.086714198e-10
-7.330630225e-10
-4.147775971e-10
3.399312758e-10
2.845542165e-10
-4.085464411e-10
-1.931733692e-10
1.901403569e-10
1.312218152e-10
-2.180107874e-10
-9.870937877e-11
1.60531276e-10
9.140998118e-11
-1.907805572e-10
-9.658851349e-11
2.207862327e-10
1.054752435e-10
-1.855148978e-10
-1.186783881e-10
4.413436214e-10
1.245166451e-10
-2.054194243e-10
-9.363070632e-11
3.096354359e-09
-7.258124594e-11
-2.24018119e-09
2.894630747e-10
7.806205229e-10
4.229912723e-11
-7.273645043e-10
-1.070500417e-10
4.511864956e-10
5.579355477e-11
-2.596097093e-10
4.244655306e-12
7.747217136e-10
-6.914511894e-11
-6.799904343e-10
9.090916334e-11
1.674026604e-10
-5.075989421e-11
-1.487488552e-10
3.101689581e-11
4.963715902e-11
-1.803580128e-11
-3.971991073e-11
9.649553383e-12
4.776334447e-11
-5.272344674e-12
-2.942296043e-11
9.348762577e-12
1.039426207e-10
-1.953500979e-11
-8.288260722e-11
2.98212174e-11
6.249120174e-11
-4.720317617e-11
-3.531966155e-11
2.898380574e-11
3.810127399e-11
-2.133532791e-11
-3.163034044e-11
2.001173957e-11
6.347732808e-11
-2.30596029e-11
-5.628098949e-11
3.226446244e-11
2.924671034e-10
-6.646284459e-11
-1.90427457e-10
1.455038161e-10
3.47423895e-10
-2.138188195e-10
-2.175060238e-10
2.164637359e-10
-1.338360847e-10
-1.528148898e-10
2.078645749e-09
2.774249193e-09
-3.181974351e-09
-2.702263401e-09
1.836356375e-09
2.323078402e-09
-2.724786673e-09
-1.80345965e-09
1.081817209e-09
1.303741584e-09
-1.556647212e-09
-8.835758523e-10
5.560633748e-10
5.641156676e-10
-7.703325725e-10
-3.509426604e-10
2.994260888e-10
2.357435925e-10
-4.384542174e-10
-1.976267802e-10
3.043893489e-10
1.941063636e-10
-4.822264823e-10
-1.755461646e-10
2.473144894e-10
1.281296442e-10
-3.779771246e-10
-6.858325693e-11
8.580782985e-11
2.556271538e-11
-6.708625471e-11
3.719505872e-12
1.386056167e-09
-9.077694694e-11
-8.138691801e-10
3.214085249e-10
7.656565386e-10
-2.212141932e-10
-8.004761781e-10
-4.478292574e-11
1.514504462e-10
2.4342716e-11
-9.508298236e-11
-3.717064097e-12
5.854520212e-10
-2.982318751e-11
-4.979752862e-10
7.030610309e-11
1.260960779e-10
-4.668837899e-11
-1.002754602e-10
2.616021036e-11
3.050562301e-11
-1.323707451e-11
-2.224629952e-11
6.640731838e-12
1.821903677e-11
-3.55733068e-12
-1.156538061e-11
4.392724883e-12
5.89676675e-11
-1.209156898e-11
-3.8567677e-11
1.675785341e-11
2.434173741e-11
-1.705484311e-11
-1.854077144e-11
1.305120339e-11
3.056627858e-11
-1.451562767e-11
-3.191604975e-11
1.82735472e-11
5.405169749e-11
-2.236233255e-11
-5.170098567e-11
2.69664192e-11
1.295931304e-10
-3.9359844e-11
-1.01224385e-10
7.085481971e-11
1.695183428e-10
-1.152281266e-10
-1.643183059e-10
1.432262877e-10
1.478595482e-10
-1.451771191e-10
-1.662340762e-10
1.26721452e-10
-6.994626416e-11
-8.883097975e-11
2.575217411e-09
-3.745104807e-09
-5.72238988e-09
6.407991109e-09
4.596204249e-09
-5.045406307e-09
-5.608527527e-09
3.222063376e-09
4.253284643e-09
-2.810815463e-09
-3.07186276e-09
1.811356893e-09
2.227077162e-09
-1.774064357e-09
-1.636411091e-09
1.042996483e-09
1.2006648e-09
-1.415845286e-09
-8.713587032e-10
6.699775937e-10
6.550054768e-10
-1.081298625e-09
-5.605516952e-10
6.912022083e-10
5.141408635e-10
-9.186970986e-10
-4.214903751e-10
5.103449022e-10
2.88685236e-10
-6.130853945e-10
-1.488547465e-10
1.123879117e-10
1.686111574e-11
-2.086616023e-10
4.423778364e-11
5.72506352e-10
-1.227646119e-10
-5.603662572e-10
2.22292898e-10
7.022773551e-10
-2.241656266e-10
-4.977491355e-10
-2.862373206e-11
6.756436177e-11
1.456783243e-11
-5.63151491e-11
-3.665333657e-12
4.211832765e-10
-1.266674468e-11
-3.554707628e-10
5.511265361e-11
7.332310078e-11
-3.564993049e-11
-4.815888026e-11
1.635250909e-11
1.537435649e-11
-7.26662244e-12
-1.017980266e-11
3.655674567e-12
7.655169248e-12
-2.168973753e-12
-5.270561521e-12
1.71601798e-12
2.14687693e-11
-4.455933657e-12
-1.1514024e-11
4.92953562e-12
1.618368694e-11
-6.220981073e-12
-1.761301509e-11
1.111747028e-11
3.219557323e-11
-1.325823889e-11
-3.256125763e-11
1.842210354e-11
5.026521353e-11
-2.157356971e-11
-4.584666633e-11
2.626240915e-11
1.031545036e-10
-4.586446243e-11
-1.191349884e-10
8.352569309e-11
1.786185433e-10
-1.237624565e-10
-1.971796944e-10
1.549735025e-10
1.992216437e-10
-1.770747362e-10
-2.835081982e-10
1.75877502e-10
8.285612894e-11
-1.829128717e-10
8.260094629e-11
-1.380603371e-10
-6.449867314e-09
-1.060025656e-08
6.301431094e-09
1.060457093e-08
-5.748957608e-09
-8.692440478e-09
3.996014953e-09
5.997108806e-09
-2.54585079e-09
-3.901064956e-09
2.05819076e-09
2.712828475e-09
-1.574643179e-09
-2.214448437e-09
1.805879575e-09
2.147386214e-09
-2.185147105e-09
-2.300024204e-09
2.041957001e-09
2.464489296e-09
-2.967108232e-09
-2.464872549e-09
1.743348239e-09
2.234303512e-09
-2.548623541e-09
-1.812578024e-09
1.18392084e-09
1.306078897e-09
-1.500999442e-09
-8.596609428e-10
7.023280845e-10
5.253505063e-10
-7.799109366e-10
-2.763352848e-10
3.452630507e-10
4.829075235e-11
-4.802418478e-10
1.809270459e-10
5.701162659e-10
-2.582193218e-10
-3.930587548e-10
2.080837238e-10
3.175194768e-10
8.706040628e-12
-2.326051178e-10
-3.857812614e-11
5.45489873e-11
1.581261618e-11
-5.821765843e-11
-2.536943075e-12
2.99585547e-10
-7.1246558e-12
-2.522275071e-10
3.393310493e-11
2.787651257e-11
-1.647671928e-11
-1.464784505e-11
6.351929686e-12
6.61880986e-12
-2.965493634e-12
-4.363350324e-12
1.750235662e-12
3.618517849e-12
-1.232290979e-12
-2.421081805e-12
8.317115715e-13
9.358873508e-12
-1.776535098e-12
-8.503425654e-12
4.929124731e-12
1.483309624e-11
-7.829944127e-12
-1.098963035e-11
8.386742699e-12
2.594415615e-11
-8.496100439e-12
-1.719912258e-11
1.226433358e-11
4.839553316e-11
-2.272939622e-11
-4.608107475e-11
3.541075756e-11
1.38431637e-10
-6.457298308e-11
-1.53936405e-10
1.104541825e-10
2.081323588e-10
-1.590657029e-10
-1.953422102e-10
1.848894768e-10
4.982972356e-10
-3.096676788e-10
-7.778178076e-10
6.118411001e-10
8.977933689e-10
-1.086621102e-09
-2.223594574e-09
1.619401272e-09
7.632135443e-10
-3.968378692e-09
2.068120232e-09
-1.97535623e-09
5.934552951e-09
1.759396583e-08
-6.868272181e-09
-1.224634732e-08
3.98976951e-09
7.656345951e-09
-2.503157058e-09
-4.376213908e-09
1.5681043e-09
2.671974326e-09
-1.093602057e-09
-2.044214101e-09
1.462354388e-09
2.13525895e-09
-1.521991669e-09
-2.826977729e-09
2.804601106e-09
3.985772098e-09
-3.140178923e-09
-5.183932043e-09
3.782049574e-09
5.872076838e-09
-3.758654666e-09
-5.79644474e-09
3.068533322e-09
5.058524848e-09
-2.717757664e-09
-3.92978195e-09
1.687529962e-09
2.716600119e-09
-1.364108157e-09
-1.689885183e-09
7.677927409e-10
9.982561915e-10
-5.396018193e-10
-6.0981933e-10
4.016995785e-10
4.103405224e-10
-2.276248118e-10
-2.499015681e-10
1.901340504e-10
1.329012217e-10
-1.123908449e-10
-6.314276792e-11
1.867945315e-10
6.607048283e-11
-1.701867364e-10
-5.486602313e-11
6.456306624e-11
2.267741669e-11
-7.143249133e-11
-2.435343378e-12
2.096441362e-10
-8.738342832e-12
-1.638658766e-10
-4.263475268e-14
8.332634206e-12
-2.789118466e-12
-6.088635204e-12
1.925526483e-12
2.95965996e-12
-1.293069174e-12
-2.020734398e-12
9.054045829e-13
1.645257757e-12
-6.642375778e-13
-1.039720743e-12
5.303292478e-13
6.176796563e-12
-7.741372038e-13
-1.68909739e-12
3.055779906e-12
5.958857157e-12
-4.948148682e-12
-1.428793561e-12
4.616231751e-12
1.023052073e-11
-5.069767856e-12
-4.995932641e-12
8.571318215e-12
4.549548221e-11
-1.41727843e-11
-3.659742602e-11
3.217882408e-11
1.509609336e-10
-6.532893087e-11
-1.083111576e-10
1.096643786e-10
1.518888626e-10
-1.546141599e-10
-1.012779688e-10
2.218340245e-10
7.213614568e-10
-4.92924797e-10
-4.700852212e-10
9.020470794e-10
1.946895747e-09
-1.550207065e-09
-1.012468053e-09
2.619313628e-09
4.544135411e-09
-4.350861356e-09
-2.573929361e-09
6.859739036e-09
-5.937988473e-09
-1.071457265e-08
-7.653976642e-09
-2.058339056e-08
1.237354548e-08
5.211186583e-09
-3.947404229e-09
-7.12220926e-09
1.668328717e-09
3.887026642e-09
-1.298730505e-09
-2.357971924e-09
8.825646695e-10
1.838781719e-09
-7.720741439e-10
-1.958177686e-09
1.473282781e-09
2.609939306e-09
-1.214841783e-09
-3.675546396e-09
2.762495262e-09
4.735961787e-09
-1.950338735e-09
-5.22651956e-09
2.786035272e-09
4.929395819e-09
-1.700363537e-09
-4.0680009e-09
1.711345059e-09
3.013938274e-09
-9.351642129e-10
-2.043727627e-09
7.71916927e-10
1.288006787e-09
-4.284331714e-10
-7.707027837e-10
3.038317821e-10
4.545753632e-10
-1.973314045e-10
-2.778805993e-10
1.413823418e-10
1.840546195e-10
-1.10102237e-10
-1.373622712e-10
9.741441446e-11
1.136945517e-10
-9.286985816e-11
-9.68719835e-11
1.651366666e-10
8.875650397e-11
-1.395575713e-10
-6.586265545e-11
7.657945178e-11
2.92601008e-11
-7.666153248e-11
-1.331436787e-12
1.187451191e-10
-1.111329615e-11
-6.719862534e-11
-4.537969585e-13
4.575436135e-12
-1.591558319e-12
-3.494659278e-12
1.202837587e-12
1.328990949e-12
-7.979002269e-13
-8.010626801e-13
5.041989675e-13
6.028152326e-13
-3.173602848e-13
-3.149524824e-13
2.374934781e-13
3.370285834e-13
-2.579754392e-13
-1.765767306e-13
3.139176454e-13
3.786035167e-13
-3.323297802e-13
-1.252412487e-13
4.445557454e-13
2.37169147e-12
-8.856400019e-13
-7.916202061e-13
2.821108066e-12
1.928987234e-11
-1.017156979e-11
-9.639742205e-12
2.811468147e-11
6.732201972e-11
-6.091544537e-11
-4.267737389e-11
1.119387609e-10
5.518534712e-11
-1.86883162e-10
-3.341537409e-11
2.285958921e-10
3.880902515e-10
-3.05570469e-10
-4.7179496e-10
4.55341851e-10
6.497568914e-10
-6.509603382e-10
-7.309250937e-10
8.757742851e-10
1.181777307e-09
-1.204155731e-09
-7.779216309e-10
1.86435125e-09
2.982902441e-09
-1.438922696e-09
7.59795993e-09
-3.315806636e-09
5.352084825e-09
-2.736303692e-09
-1.38539038e-08
9.298239463e-09
3.307616855e-09
-3.187264388e-09
-5.86311493e-09
1.251642067e-09
3.786946205e-09
-1.571271679e-09
-2.654219797e-09
7.413309421e-10
2.11815367e-09
-8.822726174e-10
-1.988868896e-09
9.075906095e-10
2.140273789e-09
-7.277588161e-10
-2.41247797e-09
1.238678751e-09
2.583168565e-09
-7.84389607e-10
-2.476155402e-09
1.032825956e-09
2.10141336e-09
-6.551144877e-10
-1.616520981e-09
5.865714147e-10
1.17152546e-09
-4.173815389e-10
-8.284681848e-10
3.059522993e-10
5.824573048e-10
-2.612359158e-10
-4.076343636e-10
1.64600159e-10
2.834764866e-10
-1.668639165e-10
-1.99471735e-10
1.013397151e-10
1.483497858e-10
-1.123122333e-10
-1.203126565e-10
8.93079148e-11
1.042382245e-10
-9.103785441e-11
-9.291283336e-11
9.65413892e-11
6.602948307e-11
-5.405183922e-11
-4.62952768e-11
6.545116424e-11
2.299183034e-11
-3.79203716e-11
7.541559091e-12
2.195784435e-11
-8.114325991e-12
-3.460400147e-12
4.678156351e-12
2.649634986e-12
-1.704780814e-12
-7.069962917e-13
3.925145089e-13
3.803567043e-13
-9.895681091e-14
-2.446238522e-13
6.177522537e-14
1.524759404e-13
-6.94939844e-14
-1.22260828e-13
1.093277537e-13
1.040245996e-13
-1.247377902e-13
-5.869346003e-14
1.212908e-13
6.351746248e-14
-1.194268982e-13
-3.371077805e-14
1.320558149e-13
2.263345066e-13
-1.885156704e-13
-8.663537019e-14
6.047314509e-13
4.186743927e-12
-3.061560805e-12
-1.811456331e-12
1.216063012e-11
2.55503775e-11
-3.457626994e-11
-1.449901541e-11
7.525963561e-11
2.39028589e-11
-1.359578299e-10
-3.131295775e-11
1.689518079e-10
6.691595484e-10
-3.446461725e-10
-1.02163977e-09
7.918297176e-10
1.098171172e-09
-1.363516133e-09
-1.964830828e-09
1.748250598e-09
8.429656258e-10
-1.790185259e-09
-1.165839901e-09
1.634795478e-09
8.250085058e-10
-6.116972604e-10
1.772493078e-09
-1.538167133e-09
4.843975766e-09
1.582086326e-08
-4.61823199e-09
-1.466241199e-08
3.678087861e-09
1.326152708e-08
-4.25629213e-09
-1.177281546e-08
2.36539447e-09
1.008412441e-08
-3.133881568e-09
-8.231563782e-09
1.331162212e-09
6.41179289e-09
-1.890085481e-09
-4.831807107e-09
7.713344528e-10
3.604213844e-09
-9.988827831e-10
-2.724639574e-09
5.677582754e-10
2.105392055e-09
-5.305162607e-10
-1.641831305e-09
4.367818028e-10
1.272677418e-09
-3.241047638e-10
-9.857928399e-10
3.158544334e-10
7.814431622e-10
-2.458242563e-10
-6.448151621e-10
2.461770637e-10
5.48928495e-10
-2.40090154e-10
-4.715815479e-10
1.983717567e-10
4.031697998e-10
-2.726427774e-10
-3.437975678e-10
1.620596894e-10
2.927629793e-10
-3.099146177e-10
-2.413082209e-10
1.180739079e-10
1.793575372e-10
-2.209851876e-10
-1.200178392e-10
3.384199335e-11
5.28751801e-11
-6.023703676e-11
-2.141846872e-11
9.079830099e-12
8.573676576e-12
-9.540433298e-12
-1.371826055e-12
5.99854681e-13
2.091126916e-14
-3.314795949e-13
7.365680492e-14
1.403854651e-13
-4.542154774e-14
-1.182953762e-14
3.511763605e-14
6.467364496e-14
-4.630660241e-14
-7.049342368e-15
5.582608213e-14
3.009268124e-14
-5.021591768e-14
-3.037421859e-15
3.993994151e-14
1.490427619e-14
-3.258769012e-14
-9.917882195e-16
2.97672989e-14
1.209107171e-14
-3.371690608e-14
-1.741284024e-15
3.90354952e-14
2.470764753e-14
-4.737296986e-14
-2.893448859e-15
8.52092643e-14
7.493718672e-13
-3.472979387e-13
-8.889094385e-13
2.706303091e-12
7.98728515e-12
-1.027323935e-11
-7.543170415e-12
2.963054096e-11
5.107503456e-11
-6.310000506e-11
-6.411357091e-11
9.244670734e-11
1.580974003e-09
-7.513882705e-10
-2.118370736e-09
2.695789061e-09
3.838149882e-09
-5.417996655e-09
-5.957239113e-09
7.10602306e-09
1.932670512e-09
-6.371101011e-09
-3.663511761e-09
4.211735779e-09
4.909604811e-10
-2.331714634e-09
-1.812163263e-10
1.356359518e-09
3.611101996e-10
-9.30372581e-11
-1.000981453e-09
1.304065389e-08
3.748605316e-09
-2.055211726e-09
-1.449373111e-08
3.606949386e-09
1.475046394e-08
-2.029031062e-09
-1.375133271e-08
2.607171626e-09
1.192992859e-08
-1.332318017e-09
-9.808798702e-09
1.585431149e-09
7.745957249e-09
-7.462105366e-10
-5.914750681e-09
8.699890521e-10
4.377255305e-09
-4.243811192e-10
-3.147157574e-09
4.48977349e-10
2.21613096e-09
-2.536812963e-10
-1.5578987e-09
2.564429781e-10
1.129539256e-09
-1.764850161e-10
-8.791321542e-10
2.120708805e-10
7.604243335e-10
-2.117859446e-10
-7.489852705e-10
2.843288572e-10
8.537543652e-10
-5.630997807e-10
-1.123658269e-09
5.583014277e-10
1.633907598e-09
-1.92640215e-09
-2.365557769e-09
8.894659344e-10
2.958503863e-09
-3.219401098e-09
-2.853589631e-09
5.625847262e-10
2.02269356e-09
-1.981949464e-09
-1.024226818e-09
1.803413999e-10
4.18567604e-10
-4.979896441e-10
-1.557741409e-10
2.733990749e-11
4.808184907e-11
-6.421681604e-11
-1.381009898e-12
4.76136976e-13
3.344296974e-13
-5.296375515e-13
-1.053335313e-18
2.654207703e-17
-2.053199459e-18
-1.488923599e-17
1.4911602e-17
2.693369007e-16
-9.839686078e-17
-1.118956582e-16
2.208656893e-16
-3.206169524e-16
-3.521090694e-16
1.9162552e-15
3.662140347e-16
-2.373106114e-15
-3.266403449e-16
2.471080218e-15
1.110903574e-15
-2.143167066e-16
-1.294493864e-15
8.495859639e-16
1.625021711e-15
-5.025922379e-16
-2.161938006e-15
2.972771468e-15
5.084276694e-15
2.538945979e-12
-6.521646183e-14
-5.281618794e-12
5.644225582e-12
1.325398365e-11
-1.981031928e-11
-1.073367018e-11
3.108353604e-11
8.172657489e-11
-4.154885672e-11
-9.033848219e-11
2.314891615e-10
1.855681653e-09
-1.178925331e-09
-9.875960173e-10
3.618529265e-09
5.314886662e-09
-7.248081079e-09
-2.534677361e-09
1.064825876e-08
4.625156717e-09
-1.169759607e-08
-2.674503107e-09
8.697881012e-09
2.308431203e-10
-3.095020058e-09
-2.041077191e-10
5.112627219e-10
3.889512701e-11
-5.972392031e-12
-1.641238758e-10
4.455695501e-10
7.59161433e-11
-2.029305682e-09
2.974493054e-09
8.260564376e-10
-1.98152461e-11
-3.783249807e-09
1.076344123e-09
4.11833465e-09
-4.204932747e-10
-3.804580057e-09
7.656357833e-10
3.160350643e-09
-4.044663516e-10
-2.501603065e-09
4.523275867e-10
1.961562331e-09
-2.884299696e-10
-1.557327498e-09
2.817078268e-10
1.246868275e-09
-2.268286638e-10
-9.911969994e-10
1.770205165e-10
7.789389601e-10
-1.526120659e-10
-6.29287499e-10
1.376687162e-10
5.877228158e-10
-1.112403126e-10
-7.285623285e-10
2.915128796e-10
1.182761041e-09
-3.225591246e-10
-2.235225154e-09
1.295851731e-09
4.494530445e-09
-1.882561707e-09
-8.606200347e-09
4.577251443e-09
1.394606831e-08
-6.063944191e-09
-1.829992723e-08
6.611644381e-09
1.964711246e-08
-8.648632068e-09
-1.754685067e-08
4.278282398e-09
1.309342356e-08
-6.376611271e-09
-8.03048262e-09
1.182271665e-09
3.897931149e-09
-2.088299158e-09
-1.390989138e-09
1.22173121e-10
3.068773033e-10
-1.843497595e-10
-7.071719761e-12
5.443553058e-13
9.661715585e-13
-4.409844611e-13
-4.259284124e-17
4.972865976e-22
2.87391952e-23
8.551293305e-23
2.02584848e-22
1.12209645e-20
-3.774483812e-22
7.310894045e-20
9.449936828e-21
-1.082205576e-14
1.751834537e-15
2.308536485e-14
1.72574945e-15
-3.604381946e-15
-4.232302508e-15
7.36651659e-15
4.101381789e-15
-1.975526423e-15
-3.615378456e-15
5.132767048e-15
4.342282638e-15
-2.254297981e-14
-7.413942216e-15
1.488391573e-12
1.322580382e-12
2.576298366e-12
-6.0839828e-12
1.480187898e-11
8.277271309e-12
4.607770157e-12
-5.774213919e-12
3.750144215e-13
5.155239185e-12
1.936689107e-11
-1.349057109e-11
-1.837168939e-11
2.947143415e-11
2.978032765e-10
-3.394248879e-10
-2.012014226e-11
7.79952331e-10
2.57059814e-10
-6.691558687e-10
-1.678691145e-11
2.555255013e-10
2.069888668e-11
-5.996179155e-11
-1.670645493e-12
1.714610717e-11
2.215298086e-11
-2.678134305e-11
-1.760439165e-12
5.731511416e-11
1.706880655e-11
-5.726637803e-12
1.131432782e-10
-8.899128004e-11
-1.659255163e-10
1.820236632e-10
-5.218366833e-10
5.162960145e-10
-2.568894513e-10
2.418124431e-10
-4.834444428e-10
8.853024701e-12
3.964858255e-10
4.216704232e-11
-4.335399273e-10
9.133985796e-11
4.093136294e-10
-2.187448152e-12
-4.232214826e-10
1.298504714e-10
5.458557926e-10
-2.147967993e-11
-7.735679828e-10
2.046601533e-10
1.080248294e-09
-7.082988804e-11
-1.393082465e-09
1.753401228e-10
1.509237312e-09
-1.129384993e-10
-1.303419634e-09
6.984078856e-11
9.751539856e-10
-1.979797039e-11
-8.637847115e-10
9.561694817e-11
1.30032717e-09
4.774974507e-11
-2.699006538e-09
1.371141255e-09
5.340884608e-09
-1.065729782e-10
-9.18890032e-09
4.503876379e-09
1.415013805e-08
-1.214067595e-09
-1.930811896e-08
7.303457906e-09
2.275974192e-08
-3.096710653e-09
-2.293627657e-08
6.214184776e-09
1.956573181e-08
-3.111342539e-09
-1.38203375e-08
2.361294638e-09
7.729030251e-09
-1.402461936e-09
-3.116633762e-09
2.099347099e-10
7.074464948e-10
-1.347834965e-10
-7.330596933e-12
1.334643019e-13
3.668655118e-13
1.85269981e-13
-4.621353745e-14
-3.741649264e-15
5.04939169e-15
1.19281582e-14
-1.231221735e-14
-7.466627005e-15
1.428480304e-14
8.714428897e-15
-1.294502974e-14
-1.721353156e-14
7.606866422e-15
1.489736095e-14
-3.032666684e-16
-1.097673593e-14
-3.919462893e-15
1.3490755e-14
1.241741356e-14
-7.208829196e-11
-1.536841457e-14
1.083658383e-10
7.871095159e-12
-4.437455767e-12
-1.30737853e-11
2.243811472e-11
1.056743113e-11
-2.643849822e-11
-1.942297579e-11
5.446990846e-11
3.329005374e-11
-1.659515077e-11
-3.990588466e-11
5.876174698e-11
4.611513571e-11
-4.574491603e-12
-5.214483895e-11
5.083893305e-11
4.313226087e-11
1.640018676e-11
-5.455093541e-11
-5.80840247e-13
5.234468683e-11
8.864824265e-12
-4.382854513e-11
5.008120079e-13
3.050037455e-11
1.48303268e-12
-1.720074199e-11
5.318183706e-13
7.889525282e-12
9.991116272e-14
-3.017290016e-12
1.317601695e-13
1.127899342e-12
1.248088088e-13
3.866313173e-13
2.787427615e-12
-1.062926559e-12
-1.553474326e-10
9.021730818e-11
-3.337680837e-10
2.491820569e-10
-1.615615072e-10
7.087476846e-11
-1.55417636e-10
-7.137298581e-12
6.965801684e-11
6.474848752e-12
-7.291864228e-11
-5.095888488e-12
9.512890559e-11
3.027435187e-11
-1.362875955e-10
-1.097123447e-11
1.964149268e-10
7.023823919e-11
-2.708147129e-10
-4.971874219e-11
3.205656989e-10
1.139393728e-10
-2.701311149e-10
7.840726453e-12
1.632057463e-10
4.657090467e-11
-9.897431054e-11
9.895232303e-12
7.416581954e-11
1.248592668e-11
-6.900983725e-11
1.068188995e-11
6.710495734e-11
5.861890576e-12
-6.654029173e-11
9.010740209e-12
7.273456882e-11
5.137816192e-12
-8.782897916e-11
4.10677187e-12
4.252520915e-11
8.003438029e-12
-3.048461366e-11
9.015335391e-12
5.964141061e-11
1.215408741e-11
-1.204136949e-10
1.863737852e-11
2.062342073e-10
5.756826601e-11
-3.193056018e-10
9.6026665e-12
4.373034846e-10
1.637083925e-10
-4.824172894e-10
-7.57383682e-11
3.490206331e-10
2.498866215e-10
-1.202096464e-10
-1.302990788e-11
4.359751808e-11
1.429452251e-10
-5.519447076e-11
-2.068057573e-12
2.379691785e-10
9.213298474e-10
-9.29749289e-10
-2.214168871e-14
5.955698239e-10
9.163141614e-10
-6.025252641e-14
-1.440081443e-14
3.249395793e-15
1.9299016e-14
-2.091007951e-15
-2.96305212e-14
-1.279927073e-15
4.075816428e-14
3.268914332e-14
-7.938324175e-11
-1.769086007e-13
4.838219406e-11
1.699600858e-11
-7.499475551e-11
-1.094605887e-10
1.867389814e-10
7.727902719e-11
-1.154233451e-10
-8.230844358e-11
2.263547257e-10
1.132274215e-10
-1.491941439e-10
-1.497585042e-10
3.153380507e-10
1.750156074e-10
-1.332244605e-10
-1.637237165e-10
2.836135861e-10
1.220299126e-10
-1.863800483e-11
-1.13687597e-10
4.459488348e-11
1.118657864e-10
-1.161686537e-11
-1.06064037e-10
2.794973861e-11
9.395284128e-11
-6.306510955e-12
-7.584789764e-11
1.400594619e-11
5.468201265e-11
-2.241612622e-12
-3.475841052e-11
4.370947725e-12
1.934946833e-11
-6.163286643e-13
8.725754919e-13
4.30383279e-12
-9.451395397e-12
-4.042535305e-10
1.117747795e-09
-5.53396579e-09
3.556862514e-09
-2.641444309e-10
5.885368509e-10
-2.136124148e-09
-1.136031569e-10
1.271730332e-09
2.367181757e-10
-8.069163903e-10
-8.19822663e-11
5.671267854e-10
1.215751754e-10
-4.414284836e-10
-8.633239628e-11
3.643855179e-10
9.012481623e-11
-3.020592836e-10
-7.861290791e-11
2.423764228e-10
6.927471618e-11
-1.887238156e-10
-3.772432623e-11
1.52223852e-10
4.911413596e-11
-1.37094522e-10
-2.004068362e-11
1.365715074e-10
4.804900173e-11
-1.438803519e-10
-1.767160665e-11
1.556608358e-10
5.708870469e-11
-1.687095981e-10
-1.724260056e-11
1.751674745e-10
5.2032023e-11
-1.594745986e-10
-1.115089635e-11
1.133592604e-10
3.385016406e-11
-6.904339107e-11
-1.476035863e-11
5.074197446e-11
1.671396379e-11
-7.474300478e-11
-8.660341443e-11
1.716910358e-10
6.095233981e-11
-3.802120283e-10
-2.82927049e-10
7.002124242e-10
2.938513433e-10
-9.659324649e-10
-6.405153834e-10
8.532589103e-10
1.32234355e-09
-5.126265169e-10
-6.011148823e-10
3.318516382e-10
1.630673151e-09
-4.45012634e-10
-2.956120007e-09
1.337644184e-09
5.599906683e-09
-3.673113208e-09
-2.549039212e-09
2.292918689e-09
3.871582806e-09
-1.706227263e-13
-2.242637216e-14
4.017642251e-15
2.705030278e-14
-1.146494638e-16
-1.929367633e-13
-3.280784687e-15
9.330234112e-13
5.982740375e-13
-2.697680575e-11
-4.353756942e-12
2.73539861e-11
2.021076634e-11
-3.297694354e-10
-1.469423131e-10
3.932093786e-10
1.575437481e-10
-3.930512982e-10
-1.941496751e-10
6.167183395e-10
2.747092412e-10
-5.841994316e-10
-3.806914565e-10
1.018567936e-09
4.746992529e-10
-5.514738733e-10
-5.136274278e-10
1.107568142e-09
4.787318806e-10
-9.947658481e-11
-3.81690033e-10
2.189092567e-10
3.180711288e-10
-5.067860826e-11
-2.596601747e-10
5.244978985e-11
1.965067561e-10
-2.045597999e-11
-1.301452027e-10
7.656628232e-12
7.618506655e-11
-5.103478271e-12
-4.390917139e-11
1.677710115e-12
3.068518793e-11
-9.782918696e-13
2.994051417e-12
3.256086435e-11
-2.869193061e-11
-2.773649551e-09
-2.070975216e-08
1.151864685e-08
-1.047680383e-09
1.527924999e-09
-6.811192796e-09
-3.901349631e-10
3.533031301e-09
5.264444052e-10
-1.716636514e-09
-1.663160785e-10
8.996202857e-10
2.149897764e-10
-5.774914238e-10
-1.06685813e-10
4.435059133e-10
1.43891191e-10
-3.71256556e-10
-8.6398112e-11
3.366129753e-10
1.252546392e-10
-3.263481683e-10
-8.551288498e-11
3.343994506e-10
1.419094947e-10
-3.570277979e-10
-1.059614027e-10
3.914666287e-10
1.851595797e-10
-4.351412742e-10
-1.308678388e-10
4.821410133e-10
2.184562299e-10
-5.166289718e-10
-1.089445464e-10
5.110600395e-10
1.725187906e-10
-4.458219211e-10
-7.262658199e-11
3.381958369e-10
1.140810022e-10
-2.28751967e-10
-3.016252293e-11
1.389472545e-10
5.102346645e-11
-7.632962343e-11
-3.208722657e-11
5.17690867e-11
2.094285787e-11
-1.051392727e-10
-1.758155041e-10
4.76963325e-10
2.852615628e-10
-1.967334626e-09
-2.130212885e-09
5.189296838e-10
2.464032183e-09
-1.409177725e-09
-3.577122585e-09
1.15473243e-09
6.965576901e-09
-1.251134166e-09
-8.21634194e-09
1.838733626e-09
1.077445188e-08
-2.524780161e-09
-4.056379932e-09
1.723143775e-09
3.354116147e-09
-1.615405152e-12
-1.739246495e-12
-2.982618515e-12
7.790932941e-12
7.59959172e-13
-3.286519765e-12
-2.044700066e-13
8.833512803e-12
4.914575758e-12
-5.103040643e-11
-2.502864004e-11
9.606799609e-11
6.714178651e-11
-4.29437747e-10
-1.238834269e-10
5.216340042e-10
2.211556834e-10
-9.297034124e-10
-3.726007409e-10
1.436899726e-09
6.266523982e-10
-1.774285015e-09
-1.390133972e-09
3.921161834e-09
2.59771847e-09
-2.05935792e-09
-3.286003944e-09
3.323473066e-09
2.661472047e-09
-3.726462262e-10
-1.241505582e-09
4.113656708e-10
4.39413693e-10
-1.339607841e-11
-2.079596963e-10
1.921921032e-11
1.310135851e-10
1.612489482e-11
-9.68921145e-11
-5.223361445e-12
7.881841566e-11
1.246101716e-11
-6.778927137e-11
-8.729840098e-12
6.726146078e-11
2.824674707e-12
-1.689880307e-11
9.365970015e-11
-7.164702311e-11
2.640818382e-09
-8.748106878e-10
5.901734403e-10
-1.97762221e-09
-4.027230242e-10
1.622582865e-09
4.502545307e-10
-1.41587215e-09
-2.773939396e-10
1.231889377e-09
4.442427075e-10
-1.015589866e-09
-2.084256742e-10
7.967358887e-10
3.213721833e-10
-6.546660754e-10
-1.830610743e-10
5.855606523e-10
2.633703525e-10
-5.553328286e-10
-2.085378109e-10
5.500562267e-10
2.761949505e-10
-5.593770202e-10
-2.645438388e-10
5.747667993e-10
3.165537617e-10
-5.88628609e-10
-3.016342434e-10
5.956728574e-10
3.32844193e-10
-5.967360048e-10
-2.389257514e-10
5.990289985e-10
2.99146364e-10
-6.026908607e-10
-1.506033743e-10
5.922093817e-10
2.462042653e-10
-5.296158603e-10
-7.550605781e-11
2.211154571e-10
1.090832027e-10
-1.38348835e-10
-3.516740094e-11
7.498533943e-11
4.110816871e-11
-6.213638727e-11
-5.399929558e-09
4.334270342e-10
3.592015122e-10
2.790392084e-10
-4.275444264e-08
-2.544825391e-08
8.029308565e-09
4.637726998e-09
-1.311322162e-08
2.127296024e-09
2.04025851e-08
-3.058079139e-09
-1.395483048e-08
2.53048439e-09
1.87223707e-08
-6.24250705e-10
-2.457814882e-09
1.403951391e-10
1.746341383e-09
2.025214256e-11
-1.387454945e-11
-1.614549255e-11
1.657507762e-11
7.707992256e-13
-2.104048055e-11
-2.635289193e-12
4.714182499e-11
2.024836961e-11
-1.615773358e-10
-6.898217992e-11
2.493406186e-10
1.526083389e-10
-7.292736582e-10
-2.553583118e-10
1.080729813e-09
5.351585066e-10
-2.242221127e-09
-9.69079928e-10
3.213807038e-09
1.545962335e-09
-6.103389183e-09
-3.21372621e-09
2.670802302e-09
3.917387964e-09
1.63964044e-10
-2.079982191e-09
2.469250243e-10
1.017064982e-09
-7.279976652e-10
-5.553152111e-10
4.035095639e-10
2.461335772e-10
-5.168964414e-11
-1.226794213e-10
9.081243734e-11
8.90620586e-11
-1.285667794e-11
-8.163215848e-11
4.363589397e-11
8.280998492e-11
-6.454121028e-12
-8.856632202e-11
1.903067097e-11
8.33925599e-11
-1.524354101e-12
1.441881703e-11
-7.687222073e-11
2.335522875e-09
6.416335964e-10
-1.911482815e-09
-6.534280382e-10
2.059768786e-09
-6.693076062e-10
9.324918379e-10
-2.32555921e-09
-7.208692221e-10
2.497819243e-09
1.020729286e-09
-2.31826597e-09
-5.061466957e-10
1.839453742e-09
7.657316991e-10
-1.426031557e-09
-3.787399792e-10
1.155250435e-09
5.31434395e-10
-9.625033002e-10
-3.443184229e-10
8.206827249e-10
4.107548134e-10
-7.093605545e-10
-3.363395064e-10
6.141839593e-10
3.319221054e-10
-5.257544607e-10
-3.075939528e-10
4.398211063e-10
2.653928808e-10
-3.570812455e-10
-2.59907819e-10
2.794228531e-10
2.147486454e-10
-2.029191358e-10
-1.842217423e-10
1.214324293e-10
1.329925749e-10
-5.105817601e-11
-1.404437303e-10
4.178458782e-11
8.860851778e-11
2.973772198e-11
-6.833370228e-11
5.792391608e-11
2.084231002e-10
-7.498887221e-11
-3.633453591e-11
3.901531297e-11
4.21630178e-11
-4.470011106e-11
-9.897377451e-10
9.839780511e-11
2.182586993e-10
-1.242571416e-09
-2.938065831e-08
4.498956034e-09
3.680407919e-08
-5.991103473e-09
-2.57073017e-08
4.318684976e-09
3.505051885e-08
-1.216686908e-10
-1.192713421e-09
-1.793501821e-10
9.325961709e-10
2.384539016e-10
-2.623583887e-11
-8.165216296e-11
2.801105858e-10
1.660915359e-11
-9.668915919e-11
5.336447194e-12
1.757147278e-10
3.96851042e-11
-3.635751867e-10
-1.21092673e-10
4.929794852e-10
2.328750955e-10
-2.208868499e-09
-2.943535605e-10
3.741565652e-09
9.606439046e-11
-3.743234005e-09
-2.734603789e-10
2.866849664e-09
9.856434954e-10
-1.286792026e-09
-1.11183445e-09
8.859422317e-10
1.031250334e-09
-4.093674661e-10
-8.727434269e-10
4.550880223e-10
7.437759897e-10
-3.760135594e-10
-7.558907719e-10
4.696575614e-10
9.030057912e-10
-4.653788041e-10
-1.272056077e-09
1.072130786e-09
2.143650545e-09
-8.804119712e-10
-3.608324412e-09
2.364758482e-09
4.269839591e-09
3.980269937e-10
1.285148777e-09
-1.657053312e-10
-2.642411097e-09
-6.943200845e-11
-6.520609849e-10
-1.109313959e-09
1.532284566e-09
-2.294727924e-09
1.960264605e-09
-1.062406655e-09
1.079865166e-09
-1.837363953e-09
-1.078465385e-09
1.865309746e-09
8.264721e-10
-1.978630576e-09
-9.24947368e-10
1.908864513e-09
7.671854135e-10
-1.5834942e-09
-6.364504189e-10
1.2850981e-09
5.596218964e-10
-1.018131703e-09
-4.389035806e-10
7.892171966e-10
3.848341775e-10
-5.998761766e-10
-3.042382958e-10
4.495350044e-10
2.594347096e-10
-3.359748323e-10
-2.229949639e-10
2.535959773e-10
1.870086842e-10
-1.926150975e-10
-1.735786611e-10
1.421479341e-10
1.414869845e-10
-9.603347306e-11
-9.766980077e-11
5.525914575e-11
7.485250503e-11
-2.57897187e-11
-5.470128636e-11
9.55548451e-12
3.345563126e-11
1.920720079e-11
-4.598702381e-10
-6.309019795e-11
6.914034683e-10
-9.224362988e-11
-6.723979857e-11
6.66485982e-11
9.383764687e-11
-3.791690289e-11
-7.114705537e-11
1.929783122e-11
4.547760004e-11
-1.582998693e-10
-3.725488857e-08
2.763508095e-09
2.673517107e-08
-7.348074242e-09
-4.585789166e-08
6.474617629e-09
5.51959866e-08
-2.06682886e-10
-1.412265633e-09
-4.224113432e-10
2.970644628e-09
7.249830745e-10
-9.77877222e-10
-6.85996969e-10
2.276030944e-09
2.595093307e-10
-2.782610417e-10
4.817052423e-11
3.350346355e-10
-3.215314634e-11
-5.993937225e-10
-4.589924022e-11
6.182682347e-10
1.327432059e-10
-3.566684288e-09
-1.566844706e-10
1.82876524e-09
-4.046150218e-10
-1.421259122e-09
1.117912093e-10
3.770005108e-10
4.122189321e-10
-7.024519981e-10
-5.123980531e-10
6.054196158e-10
5.665014766e-10
-5.006641142e-10
-6.246165674e-10
6.125322168e-10
7.566077595e-10
-7.090335757e-10
-1.088791424e-09
1.284360868e-09
1.912644692e-09
-2.228921573e-09
-3.816266355e-09
4.264861084e-09
7.012529831e-09
-4.059225317e-09
-9.403944429e-09
4.752431587e-09
7.434887811e-09
-3.658382563e-10
1.416820701e-10
3.054830123e-10
-2.279094071e-09
3.118829867e-09
-1.28338411e-09
1.65450848e-09
-1.981574199e-09
-6.177999404e-10
1.271651851e-09
6.091488327e-10
-9.008226787e-10
-5.272176536e-10
7.797912569e-10
4.307486331e-10
-6.343400046e-10
-3.962257165e-10
5.130716186e-10
3.003689585e-10
-4.148022046e-10
-2.922934964e-10
3.362643615e-10
2.247758752e-10
-2.733437826e-10
-2.135454431e-10
2.214475835e-10
1.768078768e-10
-1.779479292e-10
-1.596858857e-10
1.417831152e-10
1.388641337e-10
-1.114970495e-10
-1.179999266e-10
8.432954388e-11
9.962650431e-11
-5.885802743e-11
-5.961111247e-11
3.71012461e-11
4.881374191e-11
-2.209393337e-11
-2.02254403e-11
1.349632536e-11
1.502679553e-11
-6.172643036e-12
-8.984605324e-10
-1.460312007e-11
1.148184711e-09
-1.144419276e-10
-1.237468863e-10
9.567546092e-11
1.612591151e-10
-6.556193404e-11
-5.90317987e-11
3.309030797e-11
8.346761634e-11
-1.542731966e-11
-1.063393307e-08
2.789563859e-10
2.064209634e-09
-3.445054415e-09
-5.698686449e-08
4.96665583e-09
4.398310741e-08
-2.168781912e-10
-5.711283475e-09
-1.261363211e-09
9.230792739e-09
2.223081984e-09
-4.043350339e-09
-2.093854884e-09
5.08462014e-09
8.132376398e-10
-2.948704296e-10
-9.501576808e-11
2.872296351e-10
5.098485174e-11
-5.469339748e-10
-5.989447159e-11
4.404812409e-10
5.23892007e-11
-6.15608765e-10
-1.321335247e-11
2.274675542e-10
-9.333304315e-12
-9.044254649e-11
-5.101007972e-11
4.373855467e-11
6.342624488e-11
-5.362032087e-10
-2.654704325e-10
5.795473364e-10
5.249916319e-10
-8.951805668e-10
-9.487359618e-10
1.905331038e-09
2.038297079e-09
-2.140137975e-09
-1.270835902e-08
1.141718238e-08
9.533473799e-09
-6.582487348e-09
-9.133488783e-09
9.522520545e-09
8.930478436e-09
-3.147028819e-09
-4.998257197e-09
9.368390203e-10
1.079047171e-09
-3.940868205e-11
3.718661164e-11
-1.463094722e-10
7.25489671e-10
-8.589515937e-10
-1.1785753e-09
6.282420855e-10
-6.433088469e-10
5.579440893e-10
-4.713122528e-10
-4.205808245e-10
3.705049535e-10
3.971065826e-10
-2.887743846e-10
-2.705116015e-10
2.359115123e-10
2.710334631e-10
-2.034224005e-10
-1.995579853e-10
1.791278498e-10
1.789352268e-10
-1.54674745e-10
-1.501990626e-10
1.363334625e-10
1.29966637e-10
-1.136970903e-10
-1.212497172e-10
9.616369401e-11
1.064146132e-10
-7.953078236e-11
-8.541149138e-11
6.43545153e-11
7.840674054e-11
-5.283516813e-11
-4.524020177e-11
4.860714931e-11
5.927381574e-11
-5.472117463e-11
-3.888057782e-11
7.059338635e-11
1.235263377e-10
-1.152548248e-10
-1.404454913e-09
2.257087911e-10
1.554895823e-09
-1.527434265e-10
-2.029199896e-10
1.309814192e-10
2.406675894e-10
-9.53717195e-11
-1.110332865e-10
5.201118589e-11
1.413958193e-10
-2.104308602e-11
-3.11896402e-10
1.491689874e-11
7.315596836e-11
-2.766826999e-10
-1.945476758e-08
4.075149874e-10
3.556934328e-09
3.144758974e-10
-1.258405878e-08
-2.008451175e-09
1.446453889e-08
3.426879899e-09
-4.941746847e-09
-2.534528193e-09
3.873732767e-09
8.056398729e-10
-3.027050875e-10
-2.511313904e-10
3.320189762e-10
1.773446448e-10
-3.656466467e-10
-1.609048868e-10
3.257263472e-10
1.376130156e-10
-1.411007451e-10
-7.750740769e-11
1.288074374e-10
4.241224347e-11
-4.48778259e-11
-3.708839181e-11
6.538024452e-11
4.799125599e-11
-8.962154137e-10
-4.004018358e-10
1.13183306e-09
1.134954535e-09
-1.030017425e-08
-1.788194676e-09
5.554878038e-09
9.543119101e-09
-6.667075199e-08
-6.412994598e-08
7.245399165e-08
6.820930375e-08
-1.524482672e-08
-2.792942031e-08
3.350218597e-09
3.61734385e-09
1.031115032e-10
8.277315191e-11
-2.234116068e-10
-2.438876068e-10
5.910305184e-10
3.073516643e-10
-4.571213643e-10
-4.436551586e-10
3.736290046e-10
-3.413259157e-10
2.79797423e-10
-2.982660636e-10
-2.30823219e-10
2.357057602e-10
1.939592143e-10
-1.909170173e-10
-1.651776048e-10
1.658486081e-10
1.588792713e-10
-1.559206512e-10
-1.029605249e-10
1.130462782e-10
9.825389918e-11
-9.599854241e-11
-9.783927046e-11
8.701398754e-11
1.014118489e-10
-8.494755338e-11
-8.553916181e-11
9.000557751e-11
1.125159844e-10
-1.046478513e-10
-1.008128802e-10
1.304860583e-10
1.696631434e-10
-1.655530039e-10
-2.781680951e-10
2.128239331e-10
4.463420052e-10
-2.967641698e-10
-1.516526174e-09
3.188056574e-10
1.254165396e-09
-1.391716493e-10
-2.538079045e-10
1.253078639e-10
2.516984556e-10
-1.054149838e-10
-1.69976348e-10
7.28804781e-11
1.754021736e-10
-3.653427361e-11
-4.983247948e-11
1.270061212e-11
5.126171045e-11
-6.623490721e-12
-4.356130374e-10
-2.753186327e-12
2.219438151e-10
5.810645442e-11
-1.366453216e-08
-1.698030232e-09
1.014058174e-08
2.288018433e-09
-2.733624959e-09
-1.184703716e-09
2.127536687e-09
4.853698267e-10
-3.898919824e-10
-3.118189501e-10
4.734875182e-10
2.556134126e-10
-3.210802019e-10
-2.207429064e-10
3.456827327e-10
1.853185197e-10
-1.469848867e-10
-1.343965121e-10
1.933205091e-10
7.78636253e-11
-8.10765905e-11
-4.656482497e-11
9.28065748e-11
3.874061203e-11
-6.933522545e-10
-6.8573644e-11
2.878490412e-10
1.602403385e-10
-1.864402223e-09
-2.809623448e-10
5.206538106e-10
1.556442108e-09
-3.050593894e-08
-1.263988014e-08
4.475232633e-09
2.619788791e-09
2.657110214e-10
6.762435226e-11
-4.242567756e-10
-2.281852156e-10
-8.608133301e-11
-2.785845404e-11
-2.853274654e-10
-3.178085928e-10
2.541816386e-10
-2.325910813e-10
2.011893311e-10
-2.109983455e-10
-1.717410498e-10
1.814987251e-10
1.629339762e-10
-1.646429118e-10
-1.530894158e-10
1.557592284e-10
1.50066848e-10
-1.450221268e-10
-1.136036708e-10
1.351509254e-10
1.428152192e-10
-1.267230554e-10
-1.216012582e-10
1.271965603e-10
1.612586307e-10
-1.394727904e-10
-1.581384589e-10
1.64482325e-10
2.220797205e-10
-2.018490828e-10
-2.512638977e-10
2.44648516e-10
3.236933963e-10
-2.841207069e-10
-5.505305591e-10
3.235176637e-10
5.666099138e-10
-3.543476652e-10
-8.859315794e-10
2.752041374e-10
6.005839939e-10
-1.525710331e-10
-2.452619337e-10
1.328802213e-10
2.371542916e-10
-1.062735066e-10
-1.676162972e-10
7.450139894e-11
1.576914762e-10
-3.996546681e-11
-5.0427027e-11
1.251150779e-11
4.77534561e-11
-1.607815149e-12
-2.819152518e-10
-6.147739702e-12
3.950312532e-10
7.91516543e-11
-5.973336538e-09
-5.576179111e-10
3.529993566e-09
7.078695806e-10
-2.041033749e-09
-6.375055389e-10
2.238481231e-09
5.6542124e-10
-5.69302274e-10
-4.416683137e-10
6.572005313e-10
3.382137634e-10
-3.917382382e-10
-2.774401638e-10
4.462614004e-10
2.444722362e-10
-2.209123848e-10
-2.038061223e-10
2.632209107e-10
1.748689463e-10
-1.419212728e-10
-1.467030837e-10
1.655460343e-10
1.244644593e-10
-1.900535874e-10
-1.08034635e-10
1.687939085e-10
1.070878525e-10
-2.563716148e-10
-1.070460726e-10
2.307609564e-10
1.019899139e-10
-5.444242525e-10
-1.661410849e-10
2.370890351e-10
1.748796928e-10
-2.349472682e-10
2.160982299e-10
1.960247902e-10
-1.920957304e-10
-2.177267942e-10
-1.83197737e-10
2.071679522e-10
-1.663062478e-10
1.898061221e-10
-2.08860537e-10
-1.491180194e-10
2.066288367e-10
1.782816643e-10
-1.961322082e-10
-1.746805475e-10
2.011208266e-10
2.412710786e-10
-1.83304386e-10
-1.908997213e-10
1.878967577e-10
2.342723569e-10
-2.088576104e-10
-2.753473084e-10
2.314814129e-10
2.856073341e-10
-2.385723991e-10
-3.425831588e-10
2.276269404e-10
3.165625507e-10
-2.141697906e-10
-4.926476441e-10
2.035659266e-10
4.416364381e-10
-2.175168136e-10
-4.411884916e-10
1.955148543e-10
3.678554637e-10
-1.409127219e-10
-2.291634568e-10
1.147141115e-10
2.223857237e-10
-8.767245585e-11
-1.491074316e-10
5.929044143e-11
1.427243052e-10
-3.168275108e-11
-4.528251098e-11
1.036764685e-11
4.4051305e-11
-1.292310322e-12
-5.407124417e-10
-6.099450004e-12
7.189383382e-10
1.154817373e-10
-2.886587876e-09
-3.294185489e-10
3.123400215e-09
6.043197668e-10
-2.51724314e-09
-8.176530493e-10
2.713604608e-09
7.468886868e-10
-7.13788913e-10
-5.203032461e-10
7.226706929e-10
3.538509319e-10
-5.016914303e-10
-2.905560948e-10
5.607783153e-10
2.897806782e-10
-3.356666127e-10
-2.887973819e-10
4.389749488e-10
2.448807906e-10
-1.970072863e-10
-2.040661318e-10
2.40514793e-10
1.708707692e-10
-1.699087051e-10
-1.452309283e-10
1.854209795e-10
1.311242266e-10
-2.271975249e-10
-1.307053395e-10
2.323466229e-10
1.476746637e-10
2.330344326e-10
1.435590011e-10
-2.01552989e-10
-1.496134793e-10
-5.5360976e-10
-2.713301782e-10
5.624393014e-10
6.196571466e-10
-5.259026332e-10
-3.041990937e-10
4.014740713e-10
-3.378057041e-10
4.689502213e-10
-2.872324904e-10
-2.659181184e-10
2.421235155e-10
2.881973966e-10
-2.267891319e-10
-2.792710018e-10
2.138079314e-10
2.686996835e-10
-1.951867881e-10
-2.838550838e-10
1.73546285e-10
2.623492802e-10
-1.551907029e-10
-4.290152443e-10
1.465559357e-10
4.950956506e-10
-1.966791293e-10
-3.388960043e-10
1.622938893e-10
3.319587064e-10
-1.245558191e-10
-2.174669182e-10
9.974324733e-11
2.149350844e-10
-7.47044932e-11
-1.38722097e-10
4.985446565e-11
1.371343614e-10
-2.696278163e-11
-4.462296663e-11
9.79147183e-12
4.743647119e-11
-2.097332807e-12
-9.188660939e-10
-7.665360923e-12
1.095956674e-09
1.639128591e-10
-3.615609702e-09
-4.449503492e-10
3.977537781e-09
8.006566954e-10
-2.67232467e-09
-9.372081946e-10
2.300527748e-09
6.864805872e-10
-6.893648792e-10
-4.057937114e-10
6.467872933e-10
2.896066404e-10
-6.367947217e-10
-2.934274498e-10
7.506335725e-10
3.548559036e-10
-5.705674559e-10
-4.093276174e-10
7.237836648e-10
3.669084979e-10
-2.974358301e-10
-2.942862569e-10
3.643437332e-10
2.388788315e-10
2.565602815e-10
1.767177809e-10
-2.142491944e-10
-1.995459578e-10
-1.734820217e-10
3.291696466e-10
1.969263032e-10
-2.542082301e-10
7.54915018e-10
9.600352764e-10
-4.08965933e-10
-6.482126139e-10
2.823676692e-10
-3.125549299e-10
3.519824271e-10
-2.287922342e-10
-2.653683192e-10
2.04091209e-10
2.811053281e-10
-1.929593438e-10
-2.679230471e-10
1.97109838e-10
3.132278536e-10
-2.213873995e-10
-6.439035807e-10
2.772283673e-10
8.097550521e-10
-3.192586313e-10
-3.387409366e-10
1.660158554e-10
3.581714576e-10
-1.20821073e-10
-2.155068487e-10
9.271497642e-11
2.203855923e-10
-6.856384917e-11
-1.380768163e-10
4.616392027e-11
1.420258941e-10
-2.627998624e-11
-5.301613209e-11
1.148994724e-11
6.225920092e-11
-4.699724546e-12
-1.194051904e-09
-1.136852702e-11
1.213825081e-09
1.557614757e-10
-3.889420966e-09
-4.384771528e-10
3.208463109e-09
6.647144673e-10
-1.703946325e-09
-5.705703752e-10
1.168850379e-09
3.511048632e-10
-6.437041904e-10
-2.598198635e-10
7.281416153e-10
2.868925232e-10
-9.250337757e-10
-3.830447893e-10
1.179498854e-09
5.022731951e-10
-8.846868583e-10
-5.885344234e-10
1.030999478e-09
5.007958897e-10
4.91747935e-10
2.984806983e-10
-4.323177282e-10
-3.725501092e-10
-3.553186674e-10
-2.387079372e-10
-2.955673714e-10
-4.902218148e-10
2.468733771e-10
4.575530088e-10
-2.686405045e-10
-3.25004143e-10
3.026123475e-10
5.058288599e-10
-3.541385183e-10
-3.968709973e-10
4.214787391e-10
-9.268929712e-10
1.001057506e-09
-3.69603977e-10
-3.928904685e-10
1.999609229e-10
4.47915592e-10
-1.343844765e-10
-2.314723562e-10
9.661700254e-11
2.513546514e-10
-7.037592466e-11
-1.502098817e-10
4.879248304e-11
1.649401876e-10
-3.038833137e-11
-7.684179523e-11
1.679807592e-11
9.960925015e-11
-1.095705302e-11
-1.229288968e-09
-1.60409273e-11
1.322003156e-09
1.246398213e-10
-2.227752502e-09
-2.40967359e-10
1.481137875e-09
2.666059062e-10
-8.933564727e-10
-2.346123045e-10
9.014793014e-10
2.402390013e-10
1.306537765e-09
4.465261346e-10
-9.411404055e-10
-3.105388653e-10
-6.154581123e-10
1.628542777e-09
6.63580799e-10
-1.46897316e-09
-3.951701938e-10
3.880215866e-10
-9.875391605e-10
5.512701969e-10
-4.435658137e-10
-1.100351596e-09
2.697743338e-10
-1.130925054e-10
-5.314830567e-10
1.131031117e-10
3.298785818e-10
-8.392289657e-11
-2.830282083e-10
6.26242432e-11
2.289593965e-10
-4.430707313e-11
-1.896538693e-10
3.015721795e-11
1.888572829e-10
-2.438903718e-11
-1.348123811e-10
-1.644809697e-11
1.85957412e-09
1.283246324e-10
-1.532468877e-09
-1.654105134e-10
1.650444833e-09
-9.390491138e-11
-1.1997492e-09
-1.884201674e-10
3.626780032e-10
-1.168836616e-09
-2.146535499e-09
-6.018789425e-10
-1.68999515e-10
-8.703998337e-10
-1.135460109e-10
-6.491755604e-11
-6.4874177e-10
1.962214301e-11
5.517051963e-10
-8.50335857e-11
-5.019743659e-10
-1.170072966e-10
3.775607101e-10
-2.222347434e-10
-4.049323524e-10
-3.496306304e-11
5.749674858e-10
-1.01040725e-11
-7.127415008e-10
1.425365389e-11
4.541180719e-10
4.104892281e-11
-4.110488244e-10
4.258789397e-11
2.910254474e-10
3.177986216e-11
-2.410061565e-10
-6.612615219e-11
-1.988476739e-11
-3.097945912e-10
2.805763739e-11
5.567478709e-11
-2.22458645e-10
-5.711866826e-10
-3.668387281e-10
-7.208466808e-10
-3.865001959e-10
9.1094088e-10
-3.209409535e-10
-6.580470936e-10
-2.46221494e-10
6.790617463e-10
-1.972322632e-10
-6.760820795e-10
5.156996655e-11
-3.776163608e-11
5.949375365e-11
6.222656149e-11
-5.773490891e-11
7.332515164e-11
2.544677949e-10
6.183711622e-11
-1.636071083e-10
1.12331647e-10
-2.97524797e-10
-5.476114042e-10
-8.890157661e-10
-3.782424372e-10
6.046647739e-10
-2.873051813e-10
-3.831395824e-10
1.101671632e-10
-6.606377964e-11
5.749373139e-10
2.300983306e-10
-3.146347362e-10
-1.104457041e-09
1.194979699e-09
-6.657374418e-10
-9.145074929e-10
-4.363382224e-10
5.092941928e-10
-2.859306203e-10
-4.530264212e-10
2.307131255e-10
-9.9372129e-11
7.05838046e-10
3.533174424e-10
-4.185598764e-10
2.897051444e-10
-2.099689693e-10
-2.123690796e-09
1.739143926e-09
-1.565703567e-09
-2.15416023e-09
1.078748473e-10
-1.46975996e-10
-1.070013345e-10
-3.414903969e-09
2.36646855e-09
-4.076716489e-09
-4.225306425e-09
6.591061629e-11
-1.108278203e-10
-3.374521398e-11
-7.501017835e-09
-5.156437193e-09
-8.262478743e-09
5.565291934e-09
-7.244386052e-09
-5.45669199e-09
2.189094519e-10
-2.723726241e-10
7.296217289e-11
1.532627911e-10
-9.879729768e-10
-1.318339936e-08
7.260233711e-09
-1.026285261e-08
-6.242924516e-09
6.658882937e-09
-5.074925395e-09
3.671503347e-09
-5.112536168e-09
7.853511912e-09
-5.0908297e-09
-1.496945831e-08
-6.878356156e-09
-1.582006042e-08
6.139640553e-09
-5.156048211e-09
-1.024402475e-08
2.905239122e-09
-1.774467863e-09
2.26381162e-09
-1.176719647e-09
-1.930918357e-08
-5.460869339e-09
-1.340377023e-08
4.420899233e-09
-1.011909958e-08
-4.341074158e-09
1.520451926e-09
-1.863034075e-09
4.379394153e-10
2.118212241e-09
-3.534235147e-10
3.89157182e-09
-2.608421969e-09
-1.565645406e-08
-1.034350765e-10
-7.035645125e-09
4.8684745e-10
-5.530607334e-10
-7.330866137e-09
1.303524502e-10
-1.135043402e-10
-2.853549523e-11
-6.535276725e-10
-8.051338252e-11
2.048953911e-10
-7.607321121e-10
5.921601907e-11
-3.313322928e-11
7.657393861e-12
-1.628151108e-13
-4.020676513e-10
-2.176336323e-10
1.711464665e-10
-3.437701208e-10
3.250423448e-12
-5.857572898e-12
-8.179016224e-13
5.013356927e-13
-2.297295281e-09
-8.905397742e-11
3.695440078e-10
-1.589640518e-09
5.385077284e-12
-1.144145846e-11
-4.257276154e-13
4.97911293e-13
-8.47738542e-09
-8.732662582e-10
1.546164176e-09
-5.565334455e-09
1.948601932e-10
-1.801712639e-10
-3.967095057e-12
3.124764399e-11
1.07320889e-09
4.497559742e-10
-7.986462925e-09
-5.948450178e-11
-6.268818084e-10
7.976279623e-10
-1.927668231e-09
-3.620530305e-10
-1.995563826e-09
-8.602882021e-10
1.05402622e-09
-2.043179793e-09
-6.342942797e-10
9.702427477e-10
-3.481007229e-09
-5.52088094e-11
5.870030441e-11
-9.328526088e-11
-3.960106531e-09
-1.255662731e-09
1.667719826e-09
-2.349106366e-09
1.055653151e-10
-7.110077044e-10
-4.029285269e-11
-2.517209099e-09
-3.002232243e-09
-7.0859128e-11
-6.796862893e-10
-6.99626636e-10
4.60808678e-10
-5.785620224e-10
-9.669841936e-10
5.623834409e-11
-7.876114907e-11
-5.247612939e-11
-5.569183248e-11
-3.724906881e-10
-3.252823087e-10
2.70210723e-10
-3.041261482e-10
-3.968960849e-10
2.296538276e-10
-2.453538136e-10
-1.565607211e-10
1.760545361e-10
-1.58140456e-10
-2.222316334e-10
-2.338576619e-10
-1.502703644e-10
-1.871133232e-10
-2.940236588e-10
-1.730568583e-10
-1.831278578e-10
-2.203846323e-10
-6.012103325e-10
-1.012913207e-09
-2.866992611e-10
-9.467702466e-10
-5.857332753e-10
1.149794699e-09
-5.524927813e-10
-3.211020034e-10
1.886666619e-10
-2.297550626e-10
-2.533684328e-10
2.067117639e-10
-2.150564923e-10
-3.20716014e-10
-5.003164232e-10
-5.041000782e-10
-3.360796211e-10
-4.093096583e-10
2.628804972e-10
-2.127296459e-10
-4.33747747e-10
-3.537662883e-10
-3.445721392e-10
-3.114605752e-10
-4.372411798e-10
-3.243436178e-10
-3.435289786e-10
-3.155617333e-10
-6.745257606e-10
9.503645296e-10
-4.688764334e-10
-5.381951267e-10
2.923627148e-10
-4.098732e-10
-1.579611985e-09
6.068511525e-10
-1.210912987e-09
6.885447969e-10
-1.446176044e-09
-1.498175596e-09
-6.603491064e-10
-9.770643642e-10
-5.465969081e-10
-1.374704239e-10
-3.676213417e-10
-8.917313589e-11
-2.717644699e-10
-6.705958699e-11
-2.316561118e-10
-4.968376342e-11
-1.96424014e-10
-3.631347277e-11
-1.534439745e-10
-3.195373215e-11
-5.018780045e-10
1.003160673e-11
-3.558337498e-10
1.325364544e-10
-1.374670065e-09
2.878872763e-10
-1.405226037e-09
-1.051909343e-09
-1.44915061e-09
-2.10653689e-10
8.50137089e-10
-1.661699717e-10
-1.162923775e-09
-1.005330457e-10
5.894619724e-10
-7.445903942e-11
-7.57633868e-10
-7.626675608e-11
5.054708176e-10
-1.385821757e-10
-8.167798296e-10
1.129904157e-10
9.10326871e-10
1.13223339e-10
-1.058985359e-09
3.86326773e-11
3.851841471e-10
3.742581884e-11
-3.76880928e-10
3.456678647e-11
1.980408425e-10
2.585863468e-11
-1.644878054e-10
1.870020609e-11
2.006963203e-10
1.22007631e-11
-1.278781908e-10
2.429056912e-11
2.134311636e-10
-1.958182422e-10
-2.363582648e-10
4.457207558e-10
-2.165343459e-10
-2.855781873e-10
-2.1760893e-10
4.841510054e-10
-2.316485523e-10
-3.522020824e-10
-2.533098209e-10
6.58405807e-10
-2.893641758e-10
-5.832573739e-10
-3.291398097e-10
1.510820389e-09
-2.597311407e-10
-1.68141191e-09
-1.415543119e-10
1.082453165e-09
-1.402485175e-10
-1.706245594e-09
-1.817595667e-10
1.080310307e-09
-1.367337176e-10
-1.04478164e-09
8.74527473e-11
1.071329936e-09
1.71251795e-10
-9.56396958e-10
9.122914931e-11
3.761647369e-10
4.383827169e-11
-3.692090225e-10
3.158175145e-11
1.396865386e-10
2.207151985e-11
-1.214475947e-10
1.416734225e-11
8.178094462e-11
9.870375759e-12
-5.392136578e-11
1.754722961e-11
1.716143208e-10
3.00652154e-11
-1.430574094e-10
4.764288499e-11
5.855447042e-11
6.570419316e-11
-6.031119527e-11
6.376469271e-11
1.291713427e-10
5.690209362e-11
-9.665474748e-11
5.45754098e-11
1.352724837e-10
-8.33847673e-11
-1.967697572e-10
2.771130567e-10
-1.421594521e-10
-2.541113316e-10
-1.142244101e-10
1.932141372e-10
-1.095831092e-10
-1.575430668e-10
-1.220582878e-10
2.475938287e-10
-1.458677333e-10
-1.859184156e-10
-1.782606028e-10
4.417214366e-10
-2.0686508e-10
-2.79179824e-10
-2.021901333e-10
1.514142663e-09
-1.284509222e-11
-1.13067857e-09
7.884358132e-11
2.74528951e-09
-1.053029204e-10
-3.938217638e-09
-1.533309565e-10
8.120018711e-10
-8.1847796e-11
-5.562894606e-10
1.778766892e-11
7.700931871e-10
1.030572981e-10
-5.675258583e-10
1.014447934e-10
3.487888674e-10
5.066166805e-11
-3.16987221e-10
3.160786374e-11
1.067531074e-10
1.955103479e-11
-9.283098435e-11
1.099629597e-11
3.763028678e-11
6.376800774e-12
-2.782745273e-11
1.210731274e-11
1.131344458e-10
2.265692797e-11
-8.489758182e-11
3.757556251e-11
5.818522745e-11
6.719441043e-11
-4.829542315e-11
4.401858661e-11
6.659572814e-11
3.147951096e-11
-4.27472761e-11
2.663471905e-11
5.591821658e-11
2.842067214e-11
-4.381802906e-11
4.251808493e-11
1.999596602e-10
-1.336190129e-10
-1.120993706e-09
9.928775983e-10
-7.912488006e-10
-1.442890829e-09
-5.496296645e-10
5.484650637e-10
-3.708091233e-10
-7.847927815e-10
-2.423949757e-10
2.972487197e-10
-1.602261822e-10
-3.934148628e-10
-1.225664225e-10
1.844155087e-10
-1.147894986e-10
-2.796134313e-10
-1.093502195e-10
2.003379354e-10
-9.290912284e-11
-3.062755883e-10
-7.437615268e-11
1.649380197e-10
-6.01602012e-11
-1.470111037e-10
-2.046480639e-11
7.154284592e-10
1.017028984e-10
-3.916169157e-10
3.599345407e-10
4.529868636e-09
4.182920254e-11
-4.126227832e-09
-6.989656888e-11
3.615632483e-10
-3.65268997e-11
-2.391534973e-10
-8.451797229e-13
3.868681935e-10
4.541585343e-11
-2.455566816e-10
7.951963294e-11
2.789606408e-10
4.934029744e-11
-2.37465073e-10
2.927850171e-11
7.809279342e-11
1.593137613e-11
-6.235356111e-11
8.210146481e-12
2.127604228e-11
4.376570275e-12
-1.632011231e-11
6.67009809e-12
6.051566717e-11
1.622457004e-11
-4.092010087e-11
2.205461506e-11
3.612056317e-11
2.518563774e-11
-2.909094191e-11
1.762720438e-11
2.940325281e-11
1.577041897e-11
-2.487462972e-11
1.769618148e-11
4.016823891e-11
2.194700623e-11
-4.017290489e-11
2.882583832e-11
1.000964884e-10
4.90511563e-11
-8.293411861e-11
9.511826246e-11
2.471895867e-10
1.446170491e-10
-1.585561839e-10
1.646084816e-10
1.741502749e-10
-1.689826539e-10
-4.274868973e-09
3.195305505e-09
-3.607687312e-09
-4.118593832e-09
-2.737130542e-09
2.111120918e-09
-1.957635202e-09
-2.410413437e-09
-1.335186244e-09
1.108611614e-09
-8.657568082e-10
-1.375596841e-09
-5.468347246e-10
5.452309075e-10
-3.793064678e-10
-7.981563084e-10
-3.34109798e-10
4.401852148e-10
-3.288961766e-10
-6.658231574e-10
-2.862206835e-10
4.706184304e-10
-2.024355183e-10
-6.383278465e-10
-1.023458799e-10
2.190972933e-10
-1.670867116e-11
-3.210591317e-10
1.206016207e-11
2.388923107e-10
8.105772947e-11
-2.631123884e-10
2.530893582e-10
3.168196294e-09
2.848467338e-10
-2.225716349e-09
-3.200753752e-11
1.700700585e-10
-1.759457014e-11
-1.328024303e-10
-4.197226691e-12
1.473547997e-10
1.946973084e-11
-8.644456049e-11
6.271619081e-11
1.932186985e-10
4.231782031e-11
-1.474814587e-10
2.170585579e-11
4.651892599e-11
1.02138884e-11
-3.205926264e-11
5.059726499e-12
1.229845982e-11
2.806233342e-12
-9.028446105e-12
2.73706243e-12
2.587262183e-11
7.752971742e-12
-1.517664575e-11
8.952227026e-12
2.468920587e-11
6.466969008e-12
-1.771944955e-11
6.250894221e-12
2.449131553e-11
7.91635317e-12
-2.376385969e-11
1.136868177e-11
4.068891128e-11
1.540226258e-11
-4.035655201e-11
2.132077256e-11
7.231256557e-11
3.600908404e-11
-7.005783586e-11
6.956694725e-11
1.33924965e-10
1.116644569e-10
-1.446493633e-10
1.419288775e-10
1.79041617e-10
1.549554608e-10
-2.025674802e-10
1.448111371e-10
1.235560479e-10
-1.513633442e-10
-5.306758768e-09
3.861418665e-09
-3.678958567e-09
-2.770233522e-09
-2.662650242e-09
2.139629057e-09
-2.109540886e-09
-1.786360418e-09
-1.813825301e-09
1.572752834e-09
-1.614874797e-09
-1.950426139e-09
-1.415730961e-09
1.243520291e-09
-1.195972734e-09
-1.968845626e-09
-9.84365864e-10
9.883004047e-10
-7.920013382e-10
-1.457853954e-09
-5.895667011e-10
7.856666329e-10
-3.837962254e-10
-9.259267262e-10
-1.962497356e-10
4.093244189e-10
-1.161204989e-11
-5.068910814e-10
1.2731734e-10
4.164057336e-10
2.341230527e-10
-5.919925362e-10
2.409974843e-10
1.517139701e-09
1.012681827e-10
-9.579032936e-10
-3.149729616e-11
1.142734579e-10
-1.419164212e-11
-1.090927381e-10
-2.970316037e-12
5.336269021e-11
8.71425304e-12
-3.912506272e-11
4.601347712e-11
1.03043913e-10
2.666971048e-11
-6.351562954e-11
1.091633556e-11
2.036364728e-11
4.772645082e-12
-1.216172599e-11
2.539497669e-12
6.469458676e-12
1.642952773e-12
-4.555313377e-12
1.10911076e-12
8.4463694e-12
2.562196804e-12
-4.742547343e-12
5.570488399e-12
1.505694453e-11
8.077044158e-12
-1.37201066e-11
8.957237302e-12
2.215457859e-11
7.949116975e-12
-1.634218019e-11
8.436430289e-12
3.747852289e-11
1.380617944e-11
-3.427113906e-11
2.706863892e-11
7.352879033e-11
5.673063191e-11
-8.564443669e-11
9.86642164e-11
1.649802745e-10
1.419323582e-10
-1.869546289e-10
1.729960732e-10
2.420812815e-10
2.169010004e-10
-3.049119297e-10
2.652848829e-10
2.683966839e-10
-7.305157017e-10
-6.651343046e-09
3.92107422e-09
-4.041748786e-09
-2.394777446e-09
-2.651298308e-09
1.803031294e-09
-2.146714577e-09
-1.300963616e-09
-2.245014284e-09
1.741524246e-09
-2.775602517e-09
-2.011764333e-09
-3.506264523e-09
2.682955337e-09
-4.07499485e-09
-3.496986161e-09
-4.191823063e-09
2.906492179e-09
-3.803440208e-09
-3.597519272e-09
-3.038947761e-09
2.030515281e-09
-2.121950752e-09
-2.375926205e-09
-1.315507269e-09
1.072403215e-09
-7.70834759e-10
-1.133133999e-09
-4.399577668e-10
6.160138988e-10
-2.731523976e-10
-5.582701008e-10
-9.898760595e-11
5.467677907e-10
-5.924275419e-12
-2.743041513e-10
4.680084193e-11
4.524125708e-10
-3.969852258e-11
-1.594436921e-10
-4.573927141e-11
1.149163347e-10
-1.886015914e-11
-1.259677701e-10
-2.432395123e-12
3.648953192e-11
7.3728987e-12
-3.947341631e-11
1.751493853e-11
3.250569763e-11
7.610231164e-12
-1.434498781e-11
3.341678482e-12
7.258052637e-12
1.86389836e-12
-4.695514337e-12
1.23489953e-12
3.167609741e-12
9.146000506e-13
-2.166717747e-12
7.52015912e-13
2.899192355e-12
1.516649112e-12
-1.842748003e-12
4.430417759e-12
1.204032336e-11
5.254295735e-12
-6.580923782e-12
4.787425614e-12
1.083937244e-11
5.504066877e-12
-6.444930764e-12
1.006039114e-11
2.896205198e-11
1.593059368e-11
-2.212747489e-11
3.203358136e-11
9.164107335e-11
6.403902291e-11
-9.056664544e-11
1.096420492e-10
2.076033227e-10
1.598126076e-10
-2.129449947e-10
1.901994856e-10
3.789084423e-10
4.720127322e-10
-3.787984289e-10
1.06140166e-09
1.400396502e-09
2.019104204e-09
-1.211615347e-09
3.389772927e-09
3.137948885e-09
-3.044867178e-09
-9.489425127e-09
4.389085377e-09
-5.255002632e-09
-3.003890057e-09
-2.976055535e-09
1.485950262e-09
-2.041221399e-09
-1.05454443e-09
-1.92304079e-09
1.118564164e-09
-2.439256143e-09
-1.024580969e-09
-3.546889415e-09
2.278739786e-09
-4.959917544e-09
-2.150551193e-09
-6.046644182e-09
3.705499431e-09
-6.318375249e-09
-2.996042958e-09
-5.762677579e-09
3.363724191e-09
-4.680620835e-09
-2.29031719e-09
-3.421828052e-09
2.007139823e-09
-2.259339302e-09
-1.184950199e-09
-1.361429451e-09
8.674175494e-10
-7.796098185e-10
-4.839131203e-10
-4.554828063e-10
3.448002201e-10
-2.802187909e-10
-1.99345606e-10
-1.826550263e-10
1.555213406e-10
-1.271380629e-10
-1.122961139e-10
-9.371120226e-11
8.139897653e-11
-9.110202828e-11
-5.813805188e-11
-6.314917606e-11
1.383253677e-10
-2.648424467e-11
-1.45816992e-10
-2.261137604e-12
4.296049133e-11
1.025879281e-11
-4.316296674e-11
-3.701203775e-13
1.185352987e-11
2.014146009e-12
-9.926184007e-12
1.469352345e-12
3.2991726e-12
1.000112326e-12
-2.302062011e-12
6.804818129e-13
1.432571575e-12
4.710244806e-13
-8.941318828e-13
3.638436147e-13
8.315297081e-13
4.215284462e-13
-3.915420695e-13
9.421318666e-13
1.671051379e-12
1.137637197e-12
-3.46911591e-13
1.16862713e-12
2.103828907e-12
1.793493262e-12
-8.019504505e-13
4.363935591e-12
1.452817278e-11
1.210945915e-11
-7.282242836e-12
3.344381136e-11
6.794113217e-11
7.017406612e-11
-3.932934982e-11
1.242125479e-10
1.600971754e-10
1.999454853e-10
-1.034351066e-10
2.728164876e-10
3.058598623e-10
3.790059775e-10
-2.550424744e-10
5.541392249e-10
6.855859345e-10
8.359417246e-10
-5.207531685e-10
1.314415398e-09
1.575178774e-09
2.209250548e-09
-8.280146774e-10
3.914160727e-09
4.209140954e-09
-1.939645438e-09
-5.891363909e-09
2.249966138e-09
-3.405906607e-09
-1.998772129e-09
-2.234047523e-09
8.788061307e-10
-1.834379893e-09
-8.821263536e-10
-1.935702469e-09
8.919849877e-10
-2.414674798e-09
-7.615317379e-10
-3.093882153e-09
1.642022204e-09
-3.61956544e-09
-1.108006036e-09
-3.653474503e-09
1.963399484e-09
-3.175096501e-09
-1.208211073e-09
-2.440851834e-09
1.311058932e-09
-1.72137427e-09
-8.001032525e-10
-1.153002482e-09
6.38453453e-10
-7.530209951e-10
-4.22720957e-10
-4.867446796e-10
2.881183976e-10
-3.148673944e-10
-2.2332542e-10
-2.094249345e-10
1.410286542e-10
-1.505612854e-10
-1.247079319e-10
-1.210386896e-10
9.707445892e-11
-1.057089244e-10
-9.155124734e-11
-9.410608803e-11
4.575865393e-11
-7.800044032e-11
-4.010837149e-11
-5.892500032e-11
1.37897338e-10
-2.865679915e-11
-1.037533909e-10
2.354687028e-12
3.818299891e-11
1.082546391e-11
-2.715143015e-11
-3.71338091e-13
8.628000891e-12
1.373520506e-12
-7.733221108e-12
1.070834576e-12
1.539633861e-12
6.376357081e-13
-8.653306258e-13
3.510314649e-13
5.079056487e-13
1.952995515e-13
-2.450742171e-13
1.550922274e-13
2.032230926e-13
1.730520668e-13
-1.211601136e-13
1.772758687e-13
1.507042852e-13
1.699804847e-13
-7.487783497e-14
2.200341832e-13
2.303695155e-13
4.262462219e-13
-7.770859195e-14
1.617390292e-12
3.024021844e-12
7.014902562e-12
-1.067869305e-12
2.16790007e-11
2.265584447e-11
5.12551974e-11
-1.185232795e-11
9.908236758e-11
6.831279159e-11
1.692317283e-10
-4.385474756e-11
1.965877152e-10
2.744297481e-10
3.046640851e-10
-3.310788494e-10
5.499462575e-10
6.453839175e-10
8.438872814e-10
-9.80230273e-10
1.064473313e-09
7.453222157e-10
1.190289886e-09
-1.006319648e-09
1.343808136e-09
9.540378239e-10
-7.461638062e-10
-7.560098918e-09
2.22698666e-09
-5.695210508e-09
-3.001091856e-09
-4.313949921e-09
1.143407713e-09
-3.31283842e-09
-1.797222653e-09
-2.661209172e-09
7.536134816e-10
-2.308249802e-09
-9.903282222e-10
-2.142441074e-09
7.593711618e-10
-2.016441381e-09
-6.445674751e-10
-1.815729558e-09
7.511988753e-10
-1.521635341e-09
-5.040655863e-10
-1.198549591e-09
5.314584768e-10
-9.165708726e-10
-3.704864292e-10
-7.009675411e-10
3.281783596e-10
-5.403470332e-10
-2.759353915e-10
-4.150145442e-10
2.090266699e-10
-3.140843371e-10
-2.210667883e-10
-2.364529264e-10
1.342845935e-10
-1.822002869e-10
-1.788766985e-10
-1.455589491e-10
9.968336737e-11
-1.173844868e-10
-1.438751105e-10
-9.570074411e-11
4.274433305e-11
-5.822094587e-11
-6.690748186e-11
-3.578776871e-11
5.2735258e-11
-1.886800757e-11
-1.85103229e-11
-2.108295725e-12
1.085013763e-11
2.932437822e-13
-2.915577424e-12
4.649050133e-13
1.852825401e-12
2.564794575e-13
-3.103809224e-13
1.170311908e-13
3.430281634e-13
1.350247548e-13
-8.283339938e-14
1.68897051e-13
1.800471255e-13
1.586395651e-13
-4.482747902e-14
1.273214591e-13
8.296091296e-14
1.007372935e-13
-2.121914156e-14
8.295213224e-14
3.561292155e-14
8.493905623e-14
-1.111178718e-14
9.345830571e-14
3.924173751e-14
1.163514772e-13
-1.418764468e-14
2.687417495e-13
3.947013036e-13
1.271410812e-12
-9.793355392e-14
5.963470643e-12
5.926455733e-12
1.98016744e-11
-2.797519136e-12
4.920340781e-11
2.469881248e-11
9.477445624e-11
-1.221886134e-11
1.362783128e-10
4.218677777e-10
4.509652784e-10
-5.369037141e-10
1.36546907e-09
1.68127654e-09
2.62789539e-09
-2.99801605e-09
3.394956734e-09
1.677243441e-09
3.229616347e-09
-3.316184635e-09
2.526611022e-09
7.895038687e-10
-9.091498591e-10
-1.657662928e-08
4.560811409e-09
-1.680489417e-08
-3.828313145e-09
-1.606636545e-08
3.75421904e-09
-1.441263831e-08
-3.157458986e-09
-1.219714933e-08
2.486999259e-09
-9.818138727e-09
-2.064400747e-09
-7.566470235e-09
1.388143857e-09
-5.605303817e-09
-1.187669718e-09
-4.00563885e-09
7.19299018e-10
-2.780248279e-09
-6.262281398e-10
-1.901535841e-09
4.060420226e-10
-1.31334896e-09
-3.292407518e-10
-9.474064197e-10
2.728884855e-10
-7.366249196e-10
-2.200151297e-10
-6.22475817e-10
2.367923311e-10
-5.643017198e-10
-2.311315501e-10
-5.409311612e-10
2.5236804e-10
-5.430366725e-10
-3.880084628e-10
-5.631623797e-10
2.977558696e-10
-5.781833699e-10
-7.669584467e-10
-5.369545348e-10
2.862464208e-10
-4.084165591e-10
-8.055586968e-10
-2.546261469e-10
1.546445521e-10
-1.10946489e-10
-3.841721255e-10
-3.937651507e-11
2.45947154e-11
-1.355490668e-11
-7.913722758e-11
-4.705953232e-13
4.645152761e-13
-7.629127343e-14
-9.468191141e-13
3.250018154e-14
3.592058309e-14
5.770639733e-15
-1.035039642e-17
4.114415779e-15
7.876336714e-15
6.070883697e-15
-1.01111618e-16
7.573291354e-15
4.716751286e-15
7.384734741e-15
-2.276743281e-16
6.44460631e-15
2.391044244e-15
5.239930511e-15
8.948867084e-16
3.893043813e-15
1.45888831e-15
5.018949993e-15
1.020916002e-16
6.366807452e-15
2.089803977e-15
7.992935606e-15
3.145112835e-16
1.152773139e-14
8.463490625e-15
3.361144618e-14
1.564325734e-15
3.394507259e-12
2.587951982e-12
1.034319634e-11
-4.746061634e-12
2.810111632e-11
1.652832864e-11
5.747226842e-11
-2.414688959e-11
1.088295401e-10
6.496581683e-10
1.158619544e-09
-6.253123341e-10
3.942294418e-09
4.252234537e-09
7.997666375e-09
-3.651153533e-09
1.119145229e-08
5.906568002e-09
1.067420181e-08
-5.894358216e-09
5.604975683e-09
1.015721951e-09
1.139139238e-09
-1.754880789e-09
1.727050899e-10
9.886566541e-11
-5.921385032e-11
-8.083305098e-09
2.166478668e-09
-7.927041735e-09
-1.019391308e-09
-6.939198887e-09
1.705887134e-09
-5.577384665e-09
-9.566754592e-10
-4.260783282e-09
1.002133248e-09
-3.185722351e-09
-5.888714916e-10
-2.37911589e-09
5.594217697e-10
-1.790473223e-09
-3.543471475e-10
-1.360498382e-09
3.256417209e-10
-1.047102818e-09
-2.237952031e-10
-8.280733451e-10
2.041097793e-10
-6.977733309e-10
-1.448877861e-10
-6.672732283e-10
1.749216123e-10
-7.73152741e-10
-1.742186951e-10
-1.103488377e-09
3.172323883e-10
-1.862189876e-09
-5.857873617e-10
-3.425401045e-09
1.080300711e-09
-6.014010278e-09
-2.696587575e-09
-8.783217376e-09
2.819681016e-09
-1.001522139e-08
-6.129856332e-09
-8.925555494e-09
2.856372072e-09
-6.295603947e-09
-5.858001704e-09
-3.492563796e-09
1.084956981e-09
-1.505702862e-09
-2.530199595e-09
-5.222270375e-10
2.117357619e-10
-1.335723819e-10
-4.505885295e-10
-3.715197028e-12
2.100102209e-12
-7.306137203e-13
-3.422289934e-12
-7.978250412e-18
1.061988695e-17
2.215381703e-18
-1.737703936e-17
4.643802843e-18
7.756050517e-17
2.406817433e-17
-2.277183381e-21
5.075556722e-17
-2.167104853e-16
6.990141871e-16
9.265699506e-16
2.180932587e-15
-2.063876236e-15
1.229127664e-15
6.628229974e-15
1.487141987e-15
-6.887882981e-16
1.646371141e-15
1.747242982e-15
2.051435037e-15
-1.1547631e-15
3.700102621e-15
3.381554119e-15
2.982528454e-14
-5.358787842e-14
3.199032185e-13
2.896970257e-13
3.616180653e-12
1.233069638e-11
1.015474304e-11
-7.886389598e-12
1.277306294e-11
1.7075349e-11
2.005899159e-11
-1.080772227e-11
1.499933175e-10
3.618363192e-10
7.457091152e-10
-1.034028519e-10
2.134805402e-09
1.817294269e-09
3.980133561e-09
-4.158995692e-10
5.573136188e-09
2.911546799e-09
6.282341664e-09
-7.121856339e-11
5.256559843e-09
1.397901943e-09
2.226180477e-09
-2.583192205e-11
3.745891953e-10
3.985571611e-11
-1.511031042e-11
-1.07165189e-09
1.727112524e-10
-1.632770547e-09
3.255327343e-10
-1.836456035e-09
4.616018775e-10
-1.713515738e-09
-6.222003533e-11
-1.509807804e-09
3.392943811e-10
-1.339865379e-09
-1.039092261e-10
-1.225835153e-09
2.551288408e-10
-1.120825946e-09
-1.695456035e-10
-9.765407689e-10
1.928870163e-10
-7.855206834e-10
-2.111150233e-10
-6.113920182e-10
1.180826052e-10
-5.76487891e-10
-1.173390224e-10
-8.322003376e-10
1.611604689e-10
-1.590058734e-09
-5.07068142e-11
-3.285678618e-09
7.710500059e-10
-6.67663973e-09
-4.312253012e-10
-1.206816418e-08
3.81405459e-09
-1.834872109e-08
-2.794086951e-09
-2.354196477e-08
7.88454427e-09
-2.582047823e-08
-6.207044823e-09
-2.431226056e-08
8.081586143e-09
-1.948942299e-08
-7.326988511e-09
-1.296062773e-08
4.12576885e-09
-6.824394462e-09
-4.33349572e-09
-2.602099835e-09
7.717488664e-10
-5.689546823e-10
-9.163700961e-10
-1.002010557e-11
4.181546171e-12
-1.012821179e-12
-2.8002052e-12
-2.539484447e-15
4.91031195e-17
-2.567219209e-15
4.91919068e-16
-5.362996856e-15
-2.002824273e-21
-1.014163343e-14
6.004863205e-15
-1.521842343e-14
-8.298561859e-15
-1.325254143e-14
1.202902773e-14
-2.39149975e-16
-8.600316994e-15
4.470138587e-15
7.800820246e-15
6.956268307e-15
-5.125966379e-15
5.733721655e-15
1.386642712e-14
-1.630066126e-12
-9.376440191e-15
7.737270739e-13
7.259140223e-12
2.506325406e-12
-8.452557327e-12
1.007271973e-11
1.546218951e-11
1.918048022e-11
-2.920713525e-12
1.694555657e-11
2.101522399e-11
1.722457274e-11
6.678372093e-12
2.910813273e-11
1.118579253e-11
5.225351881e-11
3.219896587e-12
8.949136363e-11
3.441956923e-12
1.037321377e-10
2.270591448e-11
8.112749579e-11
-1.372439664e-11
4.657626862e-11
6.201190291e-12
2.121160057e-11
-4.258925153e-12
8.096008483e-12
9.016798439e-13
5.852445663e-12
-3.935393593e-13
1.423705629e-11
3.513797323e-12
-6.62861341e-14
-2.520189699e-10
-2.560324736e-10
-1.17463354e-10
1.314168432e-10
-7.908242049e-11
-2.70661751e-11
-4.075676714e-11
8.276053269e-12
-5.611192095e-11
8.266886666e-12
-1.150351988e-10
6.214969293e-12
-2.788469679e-10
4.595195303e-11
-6.690814626e-10
2.603852728e-11
-1.253781857e-09
1.005595188e-10
-1.651968768e-09
1.770831821e-11
-1.763949086e-09
8.223602509e-11
-1.702710608e-09
-9.751108842e-12
-1.445812968e-09
-2.154473437e-11
-1.070956863e-09
-1.056560454e-11
-7.561860805e-10
2.055525265e-11
-7.552190481e-10
-1.021753096e-11
-1.630698451e-09
3.809888274e-10
-4.045290434e-09
4.920070335e-11
-7.315412417e-09
2.301427388e-09
-1.002920402e-08
-5.007833033e-12
-1.11375474e-08
3.389246918e-09
-1.026119092e-08
-1.460075081e-11
-7.830637439e-09
2.357981205e-09
-4.772183925e-09
-2.177916565e-11
-2.125890201e-09
5.875323596e-10
-5.632916256e-10
5.233033032e-11
-5.097516102e-11
-1.778592462e-13
-5.936718916e-12
4.163901942e-11
-1.211707851e-12
-7.638318675e-14
-4.239006634e-13
4.931733554e-12
-4.216706759e-14
-9.463807776e-15
-3.430811517e-14
4.376926075e-14
-9.145129073e-15
-1.186065676e-14
-5.214039322e-15
1.407005763e-14
-9.53036371e-17
-7.172202664e-15
3.462826181e-15
7.05913048e-15
1.460749277e-14
-2.512776969e-14
2.464775948e-14
5.722233295e-14
2.604388787e-11
-1.029324899e-10
4.645439564e-11
3.360447596e-10
3.248183387e-11
-3.510485266e-11
4.140710227e-11
8.332226501e-11
6.295450779e-11
-5.997462126e-11
8.242350813e-11
1.407073427e-10
9.751647936e-11
-5.41430103e-11
8.947232671e-11
1.402298131e-10
5.860145817e-11
-1.778416246e-11
6.694415943e-11
3.93532157e-11
6.156957668e-11
1.171900346e-13
5.585429655e-11
1.446465946e-11
4.902519524e-11
-6.706804712e-13
4.028889205e-11
8.926632437e-12
2.997812912e-11
-2.894599016e-13
1.972234657e-11
3.995787361e-12
1.136633881e-11
-1.381047378e-13
1.132866812e-12
-1.030377476e-09
-4.713146996e-11
-6.725924647e-10
1.74073964e-10
-5.032451929e-10
-2.154730671e-11
-4.28109074e-10
9.048541061e-11
-4.035118508e-10
-4.564042873e-11
-3.911354328e-10
8.26625802e-11
-3.632094193e-10
-1.007945942e-10
-3.003368824e-10
8.707773528e-11
-2.087645888e-10
-8.688622056e-11
-1.285636594e-10
5.885789409e-11
-8.583945871e-11
-2.290525796e-11
-6.911196904e-11
2.528012259e-11
-6.348480448e-11
-8.081053317e-12
-6.203335206e-11
1.817055159e-11
-6.289779383e-11
-4.867125706e-12
-6.463342781e-11
1.759224093e-11
-6.415268046e-11
-1.90971199e-11
-4.387297844e-11
1.620982101e-11
-3.06481821e-11
-6.043480795e-12
-4.960359838e-11
8.651104936e-12
-1.174277863e-10
-2.63555321e-11
-2.580146856e-10
3.70111392e-11
-4.750701885e-10
-1.066571714e-10
-6.999351372e-10
1.685210155e-10
-7.595674288e-10
-2.198683879e-10
-5.460550887e-10
4.631008775e-10
-2.669178417e-10
-1.963531405e-10
-1.44283942e-10
6.282057776e-10
-2.076843746e-10
-2.758192333e-10
-7.893636271e-10
1.139892193e-09
-2.474042812e-09
-1.377575834e-09
-1.574367477e-09
3.956038911e-09
-1.794043416e-13
-1.678216918e-13
-4.211004673e-15
3.900955312e-13
-3.438076545e-16
-7.052694198e-15
2.726952196e-15
7.626052349e-15
1.359622601e-13
-2.011844745e-13
1.07775805e-12
1.355551884e-12
1.545632628e-11
-4.85257674e-10
1.904145638e-10
3.361291244e-10
1.339246768e-10
-1.790486853e-10
1.377152806e-10
3.17335132e-10
1.839805351e-10
-2.827154744e-10
2.45363462e-10
5.008094232e-10
2.910070823e-10
-3.058923528e-10
2.86820909e-10
6.004771563e-10
2.470395492e-10
-9.668360945e-11
2.102398949e-10
2.287786338e-10
2.008853678e-10
-3.499602469e-11
1.875851712e-10
6.957299379e-11
1.599491881e-10
-2.081530892e-11
1.210845518e-10
3.409326769e-11
8.052513921e-11
-8.353353421e-12
4.701420585e-11
1.08274615e-11
2.430330084e-11
-2.019479696e-12
2.22370894e-12
-3.304150063e-09
-3.736450938e-10
-1.881990137e-09
6.509209625e-10
-1.099688733e-09
-1.610261231e-10
-6.939191346e-10
2.422205284e-10
-4.859001486e-10
-1.016921806e-10
-3.755135164e-10
1.288139899e-10
-3.081407937e-10
-8.034491327e-11
-2.644092414e-10
9.39431669e-11
-2.384945127e-10
-5.760202228e-11
-2.297786807e-10
8.331903367e-11
-2.364859904e-10
-4.63154209e-11
-2.549396615e-10
9.338564173e-11
-2.820191821e-10
-5.236370872e-11
-3.140040766e-10
1.205852506e-10
-3.413497949e-10
-5.84371937e-11
-3.440861645e-10
1.272052061e-10
-3.021957855e-10
-4.206988349e-11
-2.240823394e-10
9.053703882e-11
-1.449035842e-10
-2.191622652e-11
-8.663521099e-11
4.888041635e-11
-5.9886798e-11
-2.556314895e-11
-8.582764376e-11
2.156959e-11
-2.080922732e-10
-1.402589684e-10
-5.029224837e-10
8.11916822e-11
-1.014207393e-09
-6.915181812e-10
-1.184063704e-09
7.366462159e-11
-8.835945806e-10
-1.533796671e-09
-6.462397798e-10
3.11933791e-09
-7.712160649e-10
-2.687358703e-09
-1.668329688e-09
5.096839521e-09
-3.620566797e-09
-6.000755922e-09
-2.316642667e-09
6.03392748e-09
-1.929384728e-13
-4.877720677e-13
6.038449067e-13
2.109153312e-12
3.373987558e-13
-9.099033594e-15
1.173730919e-13
3.56752954e-13
1.958463574e-12
-5.950454346e-12
1.192908189e-11
1.749876598e-11
3.758478589e-11
-1.729429193e-10
1.055909458e-10
1.230735724e-10
1.740699117e-10
-4.646056253e-10
2.616634821e-10
6.356258274e-10
4.030744977e-10
-8.230669293e-10
5.988832585e-10
1.339558257e-09
8.15451281e-10
-1.134737947e-09
9.637028762e-10
2.086368241e-09
9.347345949e-10
-5.433042189e-10
6.278106462e-10
1.122485779e-09
3.725344044e-10
-1.155357697e-10
2.182359173e-10
1.380095121e-10
1.426187862e-10
-2.04598632e-11
1.110041253e-10
-1.52385681e-11
1.143273457e-10
-3.081963678e-12
1.363960477e-10
-1.434476281e-11
1.618658249e-10
-2.000349455e-12
-6.264268533e-12
-4.820525245e-09
-9.294403787e-10
-2.729714585e-09
5.643630101e-10
-1.584748962e-09
-3.115128116e-10
-1.009727404e-09
3.201743274e-10
-7.251275184e-10
-1.738826473e-10
-5.711276512e-10
2.474677138e-10
-4.811072348e-10
-1.291576057e-10
-4.408819377e-10
1.875788093e-10
-4.315342193e-10
-1.298036628e-10
-4.432437803e-10
1.908371263e-10
-4.699629735e-10
-1.609870874e-10
-5.076520368e-10
2.342283196e-10
-5.530778109e-10
-2.085339862e-10
-6.018887639e-10
2.917174885e-10
-6.438356937e-10
-2.033212275e-10
-6.523146684e-10
2.81623069e-10
-5.873459173e-10
-1.438637578e-10
-4.525284464e-10
1.943830755e-10
-3.084691326e-10
-7.976382242e-11
-1.888291384e-10
1.054001438e-10
-1.066762243e-10
-2.925709424e-11
-7.688174879e-11
4.515247953e-11
-5.897025966e-10
-5.136172901e-11
-6.805529622e-09
3.309373288e-10
7.118645769e-09
-1.745267308e-09
1.501515856e-07
7.568593776e-08
7.296686868e-08
-4.743495701e-09
2.083208135e-09
2.025698736e-08
-1.978329468e-09
-8.843649069e-09
-2.069140394e-09
1.469691206e-08
-1.333093062e-09
-4.570221445e-09
-8.602365654e-10
3.021379202e-09
-3.928842783e-12
-1.290181632e-11
7.848512965e-12
3.991809002e-11
9.373623124e-13
-9.292889461e-13
7.859658426e-13
4.32999791e-12
1.062709832e-11
-3.921043578e-11
4.409035568e-11
7.437978354e-11
1.059560917e-10
-1.523398923e-10
1.776092609e-10
2.327905065e-10
3.337842348e-10
-9.025192863e-10
5.936745073e-10
1.407049337e-09
1.010195001e-09
-2.622426347e-09
3.283477377e-09
4.478534402e-09
8.696353167e-09
-4.282961519e-09
1.441831701e-08
2.54203666e-09
1.309476537e-08
-1.497921967e-09
6.262997986e-09
6.97567597e-10
1.479088048e-09
-1.308310076e-10
3.586279194e-10
2.264137007e-10
1.788359053e-10
4.82730525e-12
1.251482033e-10
1.963964934e-11
9.977614348e-11
3.39133872e-12
8.259817047e-11
1.27507728e-11
6.867884185e-11
6.04462861e-12
5.693011629e-12
-1.754452446e-09
-4.834855986e-10
-1.758517314e-09
-1.826065577e-09
-4.509374364e-10
-1.795266778e-09
7.179106898e-10
-1.552172881e-09
-3.963639368e-10
-1.200193036e-09
6.344346032e-10
-9.504211887e-10
-2.781278766e-10
-8.102909301e-10
4.212593002e-10
-7.241370623e-10
-2.640904758e-10
-6.712808362e-10
3.550584729e-10
-6.359537381e-10
-2.954805434e-10
-6.054016983e-10
3.401938362e-10
-5.689998124e-10
-3.317870325e-10
-5.198349065e-10
3.266167363e-10
-4.575165378e-10
-3.179310823e-10
-3.871631141e-10
2.824592724e-10
-3.093989924e-10
-2.888080903e-10
-2.112543932e-10
2.374292599e-10
-1.027371487e-10
1.372750046e-11
-1.610444629e-10
7.178208283e-11
-1.353296151e-10
-7.035577228e-11
-9.831201774e-11
1.108469404e-10
-5.472613332e-11
-3.835255776e-11
-4.043752115e-11
4.09185547e-11
1.223102153e-12
-2.540282738e-08
4.005792363e-10
1.767099413e-09
-1.186971261e-09
-1.385491665e-08
-3.775367424e-09
1.200574183e-08
-4.458909072e-09
-2.342798825e-08
-3.285370782e-09
3.525376022e-08
-2.514696216e-10
-1.897134478e-09
1.518049641e-10
1.142082281e-09
1.191114213e-10
-1.005378144e-10
1.426589134e-11
1.427475691e-10
5.739742069e-13
-2.202823194e-11
2.803172221e-12
7.231386e-11
3.265616976e-11
-1.284572479e-10
9.801135774e-11
2.084670667e-10
1.997504678e-10
-3.534626388e-10
3.12837582e-10
5.51773917e-10
6.523416223e-10
-2.214845865e-09
1.131778755e-09
4.122589442e-09
1.567409164e-09
-3.853181752e-09
1.945845531e-09
2.445666763e-09
1.801248062e-09
-8.258051879e-10
1.21395647e-09
6.729434218e-10
7.993064675e-10
-4.425171617e-10
7.741311451e-10
3.788097338e-10
7.96945267e-10
-2.045741236e-10
8.189557837e-10
3.757747546e-10
9.93472725e-10
-5.075156663e-11
1.409652826e-09
7.186419062e-10
1.474659884e-09
-2.361063416e-11
9.832138652e-10
3.57334243e-10
6.006420684e-10
-1.760680466e-11
-2.268982214e-09
-1.006883628e-09
-2.573706687e-09
1.092162034e-09
-2.678380598e-09
-9.277556879e-10
-2.314657457e-09
1.012157202e-09
-1.827936745e-09
-6.234842582e-10
-1.452637188e-09
7.630793427e-10
-1.153965824e-09
-4.627027203e-10
-9.163351079e-10
5.285057823e-10
-7.252027512e-10
-3.687700855e-10
-5.70424501e-10
3.646089575e-10
-4.457779139e-10
-2.974146529e-10
-3.470634716e-10
2.573585825e-10
-2.689267322e-10
-2.381510246e-10
-2.027450486e-10
1.975430578e-10
-1.39765022e-10
-1.845336921e-10
-7.959593332e-11
1.418718291e-10
-3.378019049e-11
-6.957493973e-11
-1.28390482e-11
5.308825455e-11
3.196436271e-11
-2.540987383e-10
4.98498471e-11
2.672089073e-10
-8.552583488e-11
-7.900787565e-11
-5.359264781e-11
1.379624502e-10
-2.676445275e-11
-6.171752822e-11
-3.170083765e-11
4.090807845e-11
-5.752500677e-10
-8.251572992e-09
-4.22729016e-09
3.321294527e-09
-7.188017447e-09
-4.90662471e-08
-5.499882595e-09
6.159198833e-08
-1.313981672e-10
-7.811766589e-10
2.248846754e-10
9.714463809e-10
3.511002187e-10
-4.095827928e-10
2.665070904e-10
1.249986323e-09
9.468120179e-11
-1.879392477e-10
-2.228953301e-11
4.080925399e-10
2.533725079e-11
-3.147878307e-10
1.132308521e-10
4.229361867e-10
2.252592643e-10
-7.462376734e-10
2.445273837e-10
7.956522562e-10
-5.355039513e-10
-6.536513508e-09
-3.216048492e-10
6.82744366e-09
5.647513741e-10
-1.443049561e-09
6.97338415e-10
9.246214637e-10
7.140475944e-10
-6.085700065e-10
6.92171349e-10
5.66498168e-10
6.996098204e-10
-4.20461131e-10
8.276492601e-10
5.333640085e-10
1.194086353e-09
-6.362963456e-10
2.103254401e-09
1.182988756e-09
4.050044811e-09
-1.864620362e-09
6.587525046e-09
3.661780045e-09
6.939506684e-09
-1.222140169e-09
1.934703252e-09
-1.729418057e-09
-9.566690009e-10
-1.36074988e-09
8.980829756e-10
-1.192280741e-09
-7.214137573e-10
-1.156369351e-09
4.715842844e-10
-9.814153081e-10
-6.572073635e-10
-8.14394022e-10
4.55719223e-10
-6.611552081e-10
-4.668411844e-10
-5.256650471e-10
3.410685886e-10
-4.103163138e-10
-3.15323834e-10
-3.156307016e-10
2.498073327e-10
-2.411672863e-10
-2.172243776e-10
-1.847922058e-10
1.835356409e-10
-1.416789549e-10
-1.642040764e-10
-1.055036983e-10
1.396179595e-10
-7.240622051e-11
-1.118891898e-10
-4.35546244e-11
9.061393675e-11
-2.320065812e-11
-4.041313899e-11
-1.223752621e-11
3.2826373e-11
6.413873992e-12
-2.399525171e-10
3.966053412e-11
2.088272493e-10
-1.022944287e-10
-2.071448551e-10
-7.98938354e-11
2.830129983e-10
-5.093010155e-11
-6.307410224e-11
-2.412260734e-11
8.963194189e-11
-3.509802908e-11
-7.167161439e-10
-1.136878214e-09
1.371319185e-10
-5.924681533e-09
-6.708829284e-08
-6.505019671e-09
5.938105558e-08
-2.720639902e-10
-1.871350562e-09
7.877868606e-10
3.544475749e-09
1.383267245e-09
-3.117671652e-09
1.348280822e-09
6.095774114e-09
3.782937088e-10
-6.089877865e-10
-9.428522319e-11
6.541742157e-10
-6.836174656e-11
-4.479372532e-10
1.313725881e-11
3.72741298e-10
2.088486015e-11
-6.669105373e-10
3.397125822e-11
4.596544999e-10
-1.364130359e-10
-4.281418664e-09
-9.499145454e-13
1.504336115e-09
1.544498909e-10
-6.764394571e-10
3.485945613e-10
4.415737477e-10
4.842050953e-10
-5.71711107e-10
6.64504704e-10
6.531781865e-10
1.013520949e-09
-7.945708446e-10
1.994092389e-09
8.111496657e-10
3.697313586e-09
-2.402436151e-09
6.75653031e-09
4.531103646e-09
9.854315708e-09
-5.725891316e-09
9.424871168e-09
6.360480451e-09
4.391737494e-09
-1.468298321e-09
4.635944846e-10
-1.761368604e-09
-9.96303379e-10
-1.120026321e-09
-7.810132853e-10
-4.438229035e-10
-6.273447153e-10
4.936101318e-10
-4.851667244e-10
-3.557201068e-10
-3.726382612e-10
3.338643189e-10
-2.883344755e-10
-2.576649895e-10
-2.302237218e-10
2.272392264e-10
-1.945090308e-10
-1.985008689e-10
-1.654555275e-10
1.722275099e-10
-1.386160736e-10
-1.572813425e-10
-1.145516197e-10
1.360346534e-10
-9.207329892e-11
-1.205279159e-10
-7.075311658e-11
1.045924507e-10
-5.122626074e-11
-7.471109818e-11
-3.615666484e-11
6.443003461e-11
-2.856497769e-11
-2.708901851e-11
-2.95885562e-11
3.220593348e-11
-4.515025634e-11
-1.947748031e-10
-7.665981466e-11
2.921609652e-10
-1.30883622e-10
-3.587905942e-10
-1.131459666e-10
4.117279232e-10
-8.113936965e-11
-1.19384097e-10
-4.275673144e-11
1.517018361e-10
-1.626528131e-11
-6.006097599e-11
-5.672538589e-11
6.357367634e-11
-1.366933614e-09
-3.70662202e-08
-2.304575752e-09
1.18002787e-08
1.267440032e-10
-5.747774767e-09
1.715418868e-09
7.846387077e-09
3.010820352e-09
-9.505951107e-09
2.595806721e-09
1.193510067e-08
9.548899618e-10
-7.33811417e-10
2.255479675e-10
7.31219249e-10
1.335301593e-10
-3.418541038e-10
1.251600468e-10
3.178626404e-10
1.120400696e-10
-3.245127686e-10
5.250208072e-11
2.609101583e-10
2.51544359e-11
-3.798146089e-10
3.935418411e-11
1.310437439e-10
4.947109519e-11
-3.118689388e-10
3.403032506e-10
3.579469708e-10
8.422462232e-10
-9.652228285e-10
9.303426539e-10
1.912791271e-09
1.228310185e-08
-1.25293476e-08
4.97288211e-08
4.989061997e-08
9.101157245e-08
-1.148276406e-08
6.918984835e-08
4.680365214e-08
2.151745464e-08
-4.615664357e-09
2.502031862e-09
2.117413677e-09
2.057858123e-10
-1.095782092e-10
-4.86218976e-10
-4.646207419e-10
-4.073640494e-10
-3.33024904e-10
-3.307878119e-10
-2.680188623e-10
2.835097643e-10
-2.160070525e-10
-2.17846044e-10
-1.821731163e-10
1.898321622e-10
-1.65916412e-10
-1.548844291e-10
-1.317284867e-10
1.231321054e-10
-9.973483584e-11
-1.185786236e-10
-8.598045862e-11
1.065888625e-10
-7.591720308e-11
-9.283017416e-11
-6.964989499e-11
9.014596834e-11
-7.025281251e-11
-6.580673588e-11
-8.121350195e-11
8.783794779e-11
-1.028079375e-10
-6.369154997e-11
-1.336868056e-10
1.344628928e-10
-2.096735394e-10
-5.641649105e-10
-2.968891854e-10
8.498476522e-10
-1.386290212e-10
-4.273114899e-10
-1.149667024e-10
3.850622233e-10
-9.103815306e-11
-1.860431383e-10
-5.819501562e-11
2.113791745e-10
-2.796154674e-11
-8.278789685e-11
-1.178341284e-11
1.053751103e-10
-3.744176109e-11
-1.511908657e-09
-2.686498269e-11
1.616362031e-10
1.106407903e-10
-9.070443237e-09
2.030681892e-09
9.054950006e-09
3.181914821e-09
-1.192473371e-08
1.918594406e-09
9.265873866e-09
5.959710729e-10
-7.054031064e-10
2.702041498e-10
7.378365997e-10
2.139140775e-10
-3.114153065e-10
1.888956326e-10
3.329072029e-10
1.561349341e-10
-2.364984415e-10
9.739732575e-11
2.438408254e-10
5.37358285e-11
-9.058439639e-11
3.970095499e-11
9.332042229e-11
4.074161255e-11
-3.899177152e-10
1.897112742e-10
2.328004119e-10
6.65955457e-10
-2.298589235e-09
1.264928939e-09
1.347068537e-09
4.910463416e-09
-9.435288561e-08
4.244412864e-08
7.340962905e-08
2.261859007e-08
-2.501954719e-08
3.267117275e-09
4.031964679e-09
2.168331082e-10
-3.444480996e-10
-2.447115254e-10
-2.326889809e-10
-1.992179589e-10
1.970613675e-10
-1.697712976e-10
-1.696445116e-10
-1.539212012e-10
1.592858237e-10
-1.43009978e-10
-8.669908459e-11
-1.133976105e-10
6.691683683e-11
-1.051983688e-10
-1.057068111e-10
-1.015639563e-10
1.201335198e-10
-1.074751733e-10
-1.02805279e-10
-1.230708916e-10
1.335406778e-10
-1.493392694e-10
-1.339301387e-10
-1.86055992e-10
1.969399308e-10
-2.312484109e-10
-2.386368766e-10
-2.869958029e-10
3.421740104e-10
-3.504163682e-10
-9.962524652e-10
-3.093792376e-10
9.40727082e-10
-1.48266732e-10
-3.44222399e-10
-1.355213105e-10
3.189464535e-10
-1.120422643e-10
-2.12850057e-10
-7.935007694e-11
2.061323906e-10
-4.155819655e-11
-1.162981986e-10
-1.314723275e-11
1.138525375e-10
-2.570732205e-12
-5.055965116e-11
5.348893121e-12
3.845384955e-11
6.691613163e-11
-7.473759602e-09
1.085253457e-09
4.816395806e-09
1.278184945e-09
-5.825326554e-09
7.480861775e-10
3.714555044e-09
4.90649199e-10
-8.485167772e-10
3.731547603e-10
1.014130606e-09
2.999435534e-10
-3.779803675e-10
2.526672064e-10
4.340746828e-10
2.159386886e-10
-2.740282453e-10
1.706777986e-10
3.276696727e-10
1.448391925e-10
-1.21651027e-10
1.004191001e-10
1.663499917e-10
5.153351073e-11
-1.397828072e-10
3.201007757e-11
1.393566834e-10
4.007593216e-11
-4.71135534e-10
5.839089273e-11
2.456492295e-10
3.211434857e-10
-2.238484645e-08
1.293272839e-09
2.216814383e-09
3.74522777e-10
-5.823889114e-10
2.94956368e-10
-1.995291064e-10
-1.772941275e-10
-1.83248275e-10
-1.755018609e-10
-1.576501575e-10
-1.693329136e-10
1.630363974e-10
-1.54408693e-10
-7.136295122e-11
-1.513261557e-10
9.275810297e-11
-1.319925779e-10
-1.522166563e-10
-1.235386564e-10
1.800226207e-10
-1.292177717e-10
-1.845701349e-10
-1.534368594e-10
2.230478815e-10
-1.981125911e-10
-2.687966503e-10
-2.434495102e-10
3.205471742e-10
-2.711176436e-10
-4.085289632e-10
-3.058534179e-10
3.96062272e-10
-3.190604958e-10
-7.622964412e-10
-2.331582866e-10
5.842686558e-10
-1.496229417e-10
-2.978035889e-10
-1.242099289e-10
2.790887757e-10
-9.671903316e-11
-1.978972932e-10
-6.649662529e-11
1.902558995e-10
-3.56919393e-11
-1.065070043e-10
-1.136377586e-11
9.949198444e-11
-1.308755106e-12
-3.513934541e-11
6.103640579e-12
3.387813353e-11
9.302807177e-11
-2.685186131e-09
3.458661524e-10
1.848218831e-09
5.585252511e-10
-3.117530426e-09
6.990932832e-10
3.302157209e-09
6.644184262e-10
-1.193055506e-09
4.98700526e-10
1.330451275e-09
3.590471032e-10
-4.870885665e-10
2.898900951e-10
5.26622297e-10
2.684037471e-10
-4.05158259e-10
2.431576511e-10
4.980871432e-10
2.03546386e-10
-1.981306579e-10
1.716926381e-10
2.413326438e-10
1.459156172e-10
-1.503733525e-10
1.262356684e-10
1.707076991e-10
1.190910867e-10
-2.042156408e-10
1.214722252e-10
1.92285376e-10
1.265942457e-10
-2.468865586e-10
1.309717987e-10
1.896493603e-10
1.466450014e-10
-2.337179433e-10
-2.977313757e-10
-1.878901586e-10
-3.113090915e-10
-3.055095511e-10
-1.645595497e-10
-2.861560659e-10
-2.377179051e-10
-2.306347757e-10
-2.252390662e-10
2.839357151e-10
-2.30098053e-10
-2.560077122e-10
-2.3200739e-10
2.70284795e-10
-2.200065488e-10
-3.069082656e-10
-1.96139475e-10
2.832305785e-10
-1.702705342e-10
-3.506238477e-10
-1.409144488e-10
3.018879383e-10
-1.580886493e-10
-5.68537422e-10
-1.723347032e-10
6.919526933e-10
-1.315175343e-10
-2.658538196e-10
-1.063657724e-10
2.586021455e-10
-8.030148916e-11
-1.84089291e-10
-5.376565114e-11
1.798063809e-10
-2.876421885e-11
-9.449792271e-11
-9.815254925e-12
9.192455262e-11
-1.53850452e-12
-3.574270468e-11
6.587825176e-12
4.251069135e-11
1.425846686e-10
-1.844609169e-09
3.823565275e-10
2.171096157e-09
7.108629887e-10
-3.718562457e-09
9.20272459e-10
4.028159535e-09
7.669300402e-10
-1.364735919e-09
4.872554938e-10
1.259579279e-09
3.250188533e-10
-5.517216358e-10
2.873874755e-10
5.750088144e-10
3.154802551e-10
-6.056782489e-10
3.424645388e-10
7.367950133e-10
2.999897228e-10
-3.02859624e-10
2.460515973e-10
3.845411475e-10
2.027541254e-10
-2.014771798e-10
1.700587664e-10
2.435605334e-10
1.499830886e-10
-1.955265344e-10
1.464704411e-10
1.698727118e-10
-2.243126262e-10
-3.410685594e-10
-3.39901409e-10
-2.561308826e-10
-2.220060606e-10
-2.737990126e-10
-2.011449126e-10
2.789837289e-10
-1.837475171e-10
-2.639186216e-10
-1.722795946e-10
2.603906215e-10
-1.728762646e-10
-2.835611539e-10
-1.98848131e-10
3.174826482e-10
-2.692042676e-10
-8.250847712e-10
-1.608907563e-10
8.947040444e-10
-1.208923876e-10
-2.56542714e-10
-9.509240331e-11
2.596989713e-10
-7.078579273e-11
-1.776633996e-10
-4.734727826e-11
1.780204873e-10
-2.614955892e-11
-9.186100612e-11
-1.032409328e-11
9.442557223e-11
-3.081125013e-12
-5.601381854e-11
9.286723138e-12
7.881836834e-11
1.68495911e-10
-2.532956691e-09
4.745498689e-10
2.702386803e-09
8.012452252e-10
-3.951003097e-09
8.109300944e-10
3.314819543e-09
5.20249575e-10
-1.051398794e-09
3.153712444e-10
8.444617665e-10
2.709805972e-10
-6.217493167e-10
3.22203521e-10
7.238607298e-10
4.170987212e-10
-9.051605348e-10
4.911761888e-10
1.120985583e-09
4.370254735e-10
-4.80532494e-10
3.414929554e-10
5.755119227e-10
2.743485062e-10
-2.955498429e-10
-2.548033587e-10
-2.98666174e-10
-2.270617258e-10
-2.235580942e-10
-2.847436905e-10
-2.441929215e-10
-2.87708513e-10
-4.09314739e-10
-3.58694587e-10
-3.469345875e-10
-9.031400446e-10
-1.781473474e-10
8.880216722e-10
-1.249506405e-10
-2.694748366e-10
-9.305814185e-11
2.883854597e-10
-6.827933423e-11
-1.816556745e-10
-4.648324025e-11
1.900899382e-10
-2.753068535e-11
-1.000490551e-10
-1.350672442e-11
1.099122107e-10
-7.233640161e-12
-1.149439731e-10
1.37396833e-11
1.695215127e-10
1.372115447e-10
-2.531865342e-09
3.425304911e-10
2.092476119e-09
4.434604689e-10
-2.309115487e-09
3.480595858e-10
1.453060211e-09
2.540402285e-10
-7.387101673e-10
2.584706446e-10
7.903533064e-10
3.450930534e-10
-9.150674193e-10
4.814580351e-10
6.000737108e-10
-1.390980752e-09
5.815756531e-10
3.739654607e-10
-6.60438382e-10
-4.049837625e-10
-8.978853948e-10
-2.364014588e-10
-1.50559293e-10
-3.197418774e-10
-1.036314459e-10
-7.539723949e-11
-2.057210479e-10
-5.386295244e-11
-3.566348044e-11
-1.264225441e-10
-2.203856505e-11
-1.624142905e-11
-2.478973942e-10
1.761571728e-11
1.230309932e-10
-1.649227085e-09
1.808607521e-10
1.855580503e-10
-1.045905352e-09
2.202514627e-10
2.960321659e-10
-1.027587257e-09
)
;

boundaryField
{
    dominio_ascii
    {
        type            calculated;
        value           nonuniform List<scalar> 
168
(
3.889494362e-10
5.9736197e-10
5.585936603e-10
3.846612582e-10
4.550533397e-10
2.087533221e-09
9.033171928e-10
1.768762443e-10
1.827506306e-09
3.480471325e-10
1.08661588e-09
1.490234007e-09
2.500242975e-10
1.316394469e-10
3.931230763e-09
1.488982126e-08
1.864414732e-08
3.035189723e-08
1.518477618e-08
8.721148005e-10
1.307648541e-10
1.263654514e-09
5.210172664e-10
3.987661426e-10
7.454405821e-09
2.587136639e-08
6.759056663e-11
5.463317238e-10
2.721583708e-09
5.700977494e-11
9.356409907e-10
1.011917564e-10
6.10558498e-10
4.140133275e-10
9.443518221e-10
6.312597567e-10
9.009336834e-10
7.594028692e-10
1.178089514e-09
6.470055523e-10
1.506152533e-09
3.041568001e-09
1.099015975e-09
4.981158843e-10
5.217795703e-10
4.161261518e-10
6.562681316e-10
3.535084256e-10
4.973541834e-10
5.036426348e-10
3.044511958e-10
4.07789867e-10
3.065329574e-10
2.093407932e-10
3.002863765e-10
1.956942429e-09
1.026743975e-09
1.092341005e-09
5.036414788e-11
3.693243681e-10
2.250335307e-10
5.060922358e-10
1.884530374e-09
9.319749703e-10
9.607352811e-10
1.600251208e-09
3.044760259e-09
2.496210314e-09
1.058399031e-09
5.016590486e-10
4.198179166e-09
3.670038904e-09
1.837739588e-10
4.857817049e-09
4.493539615e-09
7.972033265e-11
9.942868404e-09
3.985524479e-11
2.293463927e-10
1.162024808e-08
6.450455621e-09
3.786909422e-09
1.554433862e-08
2.582652308e-08
9.718139216e-09
1.730413145e-08
4.376108696e-09
1.25171898e-08
2.579281488e-08
2.655127354e-09
2.827129368e-09
1.374519389e-08
1.477796925e-08
1.09233076e-10
7.260314361e-09
1.006047402e-08
1.655558606e-10
5.820768265e-10
8.463881953e-11
1.146090122e-10
4.386497707e-10
3.10061049e-12
6.355141092e-12
2.891525996e-09
3.358860106e-12
2.559259077e-12
9.887835251e-09
1.738377593e-10
3.932924047e-11
8.765653241e-09
4.429473862e-11
1.285687643e-10
2.036168843e-09
2.879369167e-09
2.175136526e-10
3.342487412e-09
2.110035162e-09
2.225677212e-10
6.413761909e-09
1.10754639e-10
9.194838376e-11
6.085676233e-09
4.26072982e-09
9.281909861e-11
1.23699545e-09
9.954465711e-11
5.799949219e-11
1.025091465e-09
4.05310836e-10
1.947298523e-10
4.659918957e-10
3.615188597e-10
3.66272745e-10
5.138109287e-10
4.619270085e-10
3.66176727e-10
1.890281291e-09
1.210622564e-09
3.032640074e-10
5.925588532e-10
6.013318677e-10
2.515058432e-09
1.774478073e-09
6.560290368e-10
4.113859208e-10
7.012204234e-10
4.146203825e-10
8.233258422e-10
5.206376217e-10
5.830724697e-10
1.68338577e-09
1.490232604e-09
1.976125845e-09
9.729982597e-10
1.571682159e-09
1.130646163e-09
7.576717604e-10
3.55805245e-10
3.225990227e-10
2.824876947e-10
2.548350253e-10
2.602343779e-10
6.772302375e-10
2.154103883e-09
1.304058387e-09
2.051864923e-09
1.163450204e-09
1.711670164e-09
)
;
    }
    wallFilmFaces_top
    {
        type            calculated;
        value           uniform 0;
    }
    region0_to_wallFilmRegion_wallFilmFaces
    {
        type            calculated;
        value           uniform 0;
    }
}


// ************************************************************************* //
