/*--------------------------------*- C++ -*----------------------------------*\
| =========                 |                                                 |
| \\      /  F ield         | OpenFOAM: The Open Source CFD Toolbox           |
|  \\    /   O peration     | Version:  2.1.x                                 |
|   \\  /    A nd           | Web:      www.OpenFOAM.org                      |
|    \\/     M anipulation  |                                                 |
\*---------------------------------------------------------------------------*/
FoamFile
{
    version     2.0;
    format      ascii;
    class       volVectorField;
    location    "0.2";
    object      Uf;
}
// * * * * * * * * * * * * * * * * * * * * * * * * * * * * * * * * * * * * * //

dimensions      [0 1 -1 0 0 0 0];

internalField   nonuniform List<vector> 
2828
(
(-0.3653068631 0 -0.09877930084)
(-0.2740477757 0 -0.04903647013)
(-0.306308255 0 -0.009566408349)
(-0.340871167 0 0.03447778669)
(-0.3978547566 0 0.03021225888)
(-0.5777825444 0 -0.2426843294)
(-0.4873057832 0 -0.166575019)
(-0.3802806312 0 -0.09349166433)
(-0.4003112943 0 -0.07403240842)
(-0.4033772707 0 -0.05629142682)
(-0.3170551207 0 -0.01349248682)
(-0.2908301074 0 0.001837365026)
(-0.3431904215 0 0.03699197198)
(-0.431323527 0 0.04076189702)
(-0.4048214643 0 -0.03328268752)
(-0.3661371185 0 0.08996990028)
(-1.404917515 0 0.5267587243)
(-0.595832672 0 -0.3820092369)
(-0.6119996072 0 -0.3259701108)
(-0.5961847598 0 -0.2629956647)
(-0.5186169689 0 -0.188476487)
(-0.3829558108 0 -0.1057834675)
(-0.423851054 0 -0.06333794642)
(-0.3831608807 0 -0.05070902333)
(-0.3329884015 0 -0.01463962314)
(-0.2796261667 0 0.02536145124)
(-0.3617371739 0 0.04121561477)
(-0.49656247 0 0.06497458284)
(-0.3869788543 0 0.006336951009)
(-0.3766307277 0 0.09804306985)
(-1.757077018 0 0.6694870003)
(-1.533265509 0 0.6859013389)
(-1.184415414 0 0.5945254637)
(-0.5336213075 0 -0.4511102807)
(-0.5749863955 0 -0.4127640156)
(-0.6420779248 0 -0.3756671013)
(-0.6642707087 0 -0.3109523842)
(-0.5582537314 0 -0.2081717301)
(-0.406161834 0 -0.09968987487)
(-0.5067905934 0 -0.002093781427)
(-0.3609509011 0 -0.07428793468)
(-0.3502801951 0 -0.01851030626)
(-0.2808986737 0 0.03773958233)
(-0.4062828943 0 0.04860160387)
(-0.6117739586 0 0.09741538499)
(-0.4015231745 0 0.04807768939)
(-0.4100206758 0 0.1111245498)
(-2.041433442 0 0.7998661129)
(-1.816416341 0 0.8638709681)
(-1.334209813 0 0.7140455646)
(-0.8207070443 0 0.4579092382)
(-0.5212572551 0 0.3160392517)
(-0.4515893015 0 -0.4988612327)
(-0.4888478792 0 -0.4861852679)
(-0.5765927007 0 -0.482954267)
(-0.7173639445 0 -0.4809581308)
(-0.8119763038 0 -0.4178705689)
(-0.6699271383 0 -0.2571969809)
(-0.4145933618 0 -0.07669271125)
(-0.5328084667 0 0.06263201998)
(-0.3583290236 0 -0.07657660469)
(-0.3572193997 0 -0.02695724162)
(-0.2836858716 0 0.03516908914)
(-0.4896300315 0 0.06212753819)
(-0.7769327093 0 0.1441040998)
(-0.4421703347 0 0.09503290214)
(-0.4248873316 0 0.124375218)
(-2.28440813 0 0.9224653233)
(-2.178687145 0 1.140131212)
(-1.459774341 0 0.851206686)
(-0.713449202 0 0.4254494859)
(-0.3357527169 0 0.2374696001)
(-0.2720552361 0 0.2226668453)
(-0.3864219334 0 -0.5056440616)
(-0.4955986917 0 -0.6174637784)
(-0.5160197666 0 -0.5937232426)
(-0.5415841674 0 -0.5528525469)
(-0.7307622154 0 -0.5946060606)
(-0.9730991497 0 -0.5845540588)
(-0.9331071583 0 -0.3808518052)
(-0.460880918 0 -0.05487953671)
(-0.5042244993 0 0.125954961)
(-0.3713868335 0 -0.05695601452)
(-0.3875108023 0 -0.04113626546)
(-0.2844028069 0 0.03468138)
(-0.6340339947 0 0.08611743683)
(-0.9770083009 0 0.206199668)
(-0.4975665646 0 0.1396114374)
(-0.4303505438 0 0.1425806795)
(-3.160468823 0 1.419457589)
(-2.632913281 0 1.649521617)
(-1.384467494 0 0.9025543821)
(-0.4940070574 0 0.3301655278)
(-0.3445825513 0 0.2800981811)
(-0.3100032669 0 0.2671399057)
(-0.2428442938 0 0.2263885578)
(-0.3592798581 0 -0.5170624416)
(-0.5579197388 0 -0.7673678265)
(-0.6655388468 0 -0.8286054899)
(-0.6617593159 0 -0.7483323024)
(-0.618155911 0 -0.6610239878)
(-0.6373921348 0 -0.6507605826)
(-0.9549680723 0 -0.7476695949)
(-1.210314746 0 -0.5877643012)
(-0.5811813067 0 0.1777703816)
(-0.469574147 0 0.2156269105)
(-0.3750093688 0 -0.05638549411)
(-0.4521461391 0 -0.07268177354)
(-0.2842744829 0 0.04109450805)
(-0.8875788715 0 0.1283028961)
(-1.218005172 0 0.2878277776)
(-0.5665453788 0 0.1795178232)
(-0.5260649873 0 0.174748893)
(-1.419075376 0 0.679855829)
(-1.29532351 0 0.7678518148)
(-0.7881615514 0 0.515459898)
(-0.4400889726 0 0.3533121611)
(-0.3789627368 0 0.3325031411)
(-0.3156231717 0 0.2915422768)
(-0.210753708 0 0.2300898184)
(-0.4084494887 0 -0.7000265604)
(-0.547750064 0 -0.8947626933)
(-0.676071012 0 -0.9962843419)
(-0.7104354393 0 -0.9093746871)
(-0.7095132255 0 -0.8243997264)
(-0.6972689164 0 -0.8312134382)
(-0.6623123553 0 -0.8403698537)
(-0.7063578946 0 -0.8574916404)
(-0.9868084058 0 -0.7796123166)
(-0.6525493333 0 0.4321091)
(-0.4636955906 0 0.2176318107)
(-0.3518607946 0 -0.1402350242)
(-0.5220835831 0 -0.13190974)
(-0.2889312536 0 0.04797742575)
(-1.341604282 0 0.2026197548)
(-1.494053015 0 0.4015099284)
(-0.6527038563 0 0.2298374887)
(-0.584981916 0 0.26874647)
(-0.7892700244 0 0.4473828956)
(-0.3794065927 0 0.262362845)
(-0.5745061997 0 0.4129287168)
(-0.3867842263 0 0.341036464)
(-0.3377390469 0 0.3187257177)
(-0.3517434814 0 0.3592303517)
(-0.4247563793 0 0.5302895815)
(-0.4053381033 0 0.5750523904)
(-0.4996008918 0 -1.009288694)
(-0.6037872289 0 -1.169119456)
(-0.6186193604 0 -1.054606102)
(-0.641976851 0 -0.9473812079)
(-0.6998830417 0 -1.031526668)
(-0.7234416489 0 -1.138010402)
(-0.6999613585 0 -1.130245131)
(-0.6597144758 0 -1.024652722)
(-0.6613968686 0 -0.8587410705)
(-0.6797317373 0 -0.6197455169)
(-0.5462080657 0 -0.2314988818)
(-0.3647953833 0 -0.1817124383)
(-0.5380423665 0 -0.1904280172)
(-0.3104328083 0 0.05392826646)
(-2.055016168 0 0.3252831296)
(-1.824240716 0 0.5816791459)
(-0.7116394891 0 0.2865323783)
(-0.2267871959 0 0.1344941734)
(-0.3833303996 0 0.2593389561)
(-0.3477016748 0 0.2885952296)
(-0.2193970086 0 0.2888672594)
(-0.1840621913 0 0.1693319245)
(-0.1661366143 0 0.1523153185)
(-0.6831357243 0 0.6688916181)
(-0.8255434276 0 0.948607812)
(-0.8363711252 0 1.138146634)
(-0.7689310614 0 1.195042895)
(-0.4416828956 0 -1.095087241)
(-0.5004452957 0 -1.255933115)
(-0.5020563542 0 -1.209753079)
(-0.4911690791 0 -1.055584067)
(-0.5643329051 0 -1.049697798)
(-0.6558983526 0 -1.194136636)
(-0.6947978291 0 -1.270992093)
(-0.6887650133 0 -1.219967639)
(-0.680259712 0 -1.117823674)
(-0.7558136407 0 -1.093362011)
(-0.9548240449 0 -1.152541577)
(-1.112917455 0 -1.04460507)
(-0.3558916547 0 -0.1798036798)
(-0.4396687581 0 -0.2019403419)
(-0.3861752038 0 0.06851503861)
(-2.779992517 0 0.5189682086)
(-2.222378222 0 0.9105898414)
(-0.6960940718 0 0.3401357678)
(-0.3863468375 0 0.2673905419)
(-0.2034527742 0 0.3962405906)
(-0.2107767528 0 0.338809156)
(-0.1723690846 0 0.2891993245)
(-0.1515716355 0 0.2727394018)
(-0.1417870476 0 0.2796407494)
(-1.100828184 0 1.123649179)
(-0.9467082536 0 1.211598801)
(-0.8598977903 0 1.324100553)
(-0.8262903591 0 1.494983547)
(-0.3912881941 0 -1.12285982)
(-0.4171939799 0 -1.266506551)
(-0.3699822646 0 -1.184586749)
(-0.3457307557 0 -1.073421776)
(-0.3988385046 0 -1.059157903)
(-0.4789572402 0 -1.128490722)
(-0.5224126862 0 -1.169178433)
(-0.5501694693 0 -1.173984929)
(-0.6235655485 0 -1.246979468)
(-0.7950214596 0 -1.427215964)
(-1.074483176 0 -1.611059475)
(-1.353187795 0 -1.502845169)
(-0.3606509054 0 -0.195586763)
(-0.27123746 0 -0.1244572337)
(-0.5836848781 0 0.1235393669)
(-1.095910898 0 0.3911524795)
(-0.3947984699 0 0.1996384318)
(-0.5222808041 0 0.3183273668)
(-0.6367924297 0 0.6449583657)
(-0.2944162707 0 0.6876386061)
(-0.1955785385 0 0.5684802805)
(-0.1441873418 0 0.4483135139)
(-0.1193181572 0 0.3772324223)
(-0.1201472044 0 0.3741811106)
(-1.022536472 0 1.338865331)
(-0.7802052349 0 1.332847714)
(-0.7139793242 0 1.450675258)
(-0.6601080302 0 1.518789986)
(-0.3525223433 0 -1.195905724)
(-0.3624224096 0 -1.363778706)
(-0.3306533306 0 -1.411026574)
(-0.2803216935 0 -1.335773197)
(-0.2355267894 0 -1.19205011)
(-0.2385547482 0 -1.077337553)
(-0.2971024179 0 -1.037667253)
(-0.3787780399 0 -1.072765513)
(-0.4650894279 0 -1.18022383)
(-0.5464993242 0 -1.322423707)
(-0.6668285705 0 -1.532228835)
(-0.9539502706 0 -1.635120442)
(-0.386866364 0 -0.4945901233)
(-0.4162932556 0 -0.2902767447)
(-0.8897825547 0 0.08781049769)
(-0.8721551304 0 0.1539300346)
(-0.5265004926 0 0.3637847462)
(-0.8873038334 0 0.8802078821)
(-0.4172902673 0 1.205018483)
(-0.2504239204 0 0.8610038061)
(-0.1952200664 0 0.7083414322)
(-0.1502088425 0 0.5637777428)
(-0.1187952839 0 0.4561025699)
(-0.6820379616 0 0.7112632697)
(-0.6253440139 0 1.096558654)
(-0.6143026942 0 1.16800935)
(-0.5071635092 0 1.11642133)
(-0.4812379278 0 1.449758614)
(-0.4290069871 0 1.354978033)
(-0.332483554 0 -1.305876425)
(-0.3545613445 0 -1.52553952)
(-0.3496028371 0 -1.591674858)
(-0.3289901331 0 -1.51851666)
(-0.3043059355 0 -1.367681105)
(-0.2850296956 0 -1.203120819)
(-0.2855589513 0 -1.092047231)
(-0.3143782182 0 -1.045989609)
(-0.3368270928 0 -0.9777581897)
(-0.3301658538 0 -0.9102981453)
(-0.3707708639 0 -1.012385352)
(-0.3837392807 0 -1.020744413)
(-0.4007348712 0 -0.9154076738)
(-0.6194272191 0 -1.037851296)
(-1.098238435 0 -0.4235097296)
(-0.9494799748 0 0.3227019485)
(-0.7695935028 0 0.7307482929)
(0.8745371265 0 0.4526987811)
(1.504905588 0 0.494425716)
(0.3001193727 0 0.7711420942)
(0.2641639042 0 0.6237668265)
(-0.4805982272 0 0.2058551535)
(-0.29270208 0 0.6096448716)
(-0.3253682185 0 0.3290128537)
(-0.5898585393 0 1.144427504)
(-0.6123912207 0 1.267072954)
(-0.5219593737 0 1.095893389)
(-0.1754057194 0 0.4036241837)
(-0.0910574657 0 0.3272063832)
(-0.1568932143 0 -0.7667560558)
(-0.219939218 0 -0.9423376244)
(-0.2464190256 0 -1.090240901)
(-0.2520616306 0 -1.165919883)
(-0.2430345136 0 -1.146423146)
(-0.2336103973 0 -1.118524951)
(-0.2383943798 0 -1.145080073)
(-0.2686443491 0 -1.246242825)
(-0.3042714259 0 -1.297274515)
(-0.3864648667 0 -1.292732254)
(-0.5079212766 0 -1.477772894)
(-0.570417847 0 -1.620994331)
(-0.5829362531 0 -1.671217541)
(-0.5242335976 0 -1.545611127)
(-0.5242744815 0 -1.472676502)
(-1.207256171 0 -2.391156356)
(-0.5017598436 0 0.2075132708)
(0.1883063761 0 -0.06534857428)
(0.3933033762 0 -0.2684178383)
(0.9753166993 0 0.4227827732)
(0.5614182039 0 0.4471091924)
(0.2172413818 0 0.5195987232)
(0.1059229137 0 0.301217392)
(-0.4625562455 0 0.5064935078)
(-0.3796551434 0 0.4903929069)
(-0.04164331746 0 0.730460232)
(-0.1710705202 0 0.3912259086)
(-0.06431712568 0 0.2373403757)
(-0.03395577691 0 0.1902457329)
(-0.0274191977 0 0.1801948565)
(0.5763102967 0 -1.601011813)
(0.7061605551 0 -1.634556786)
(0.127493148 0 -0.4986660303)
(-0.05782107905 0 -0.5586286662)
(-0.1258599876 0 -0.684092148)
(-0.0911157842 0 -0.6950293678)
(-0.01770905307 0 -0.769310601)
(0.05473540627 0 -0.8506656919)
(0.09395229805 0 -1.003999814)
(-0.2584370367 0 -1.369525349)
(-0.4947256925 0 -1.677281295)
(-0.5846406861 0 -1.883995619)
(-0.6221750459 0 -1.970620579)
(-0.5863415493 0 -1.868976344)
(-0.4914863066 0 -1.64313604)
(-0.8953734773 0 -2.742163621)
(2.195549716 0 -3.155718166)
(1.652035378 0 -1.170729838)
(1.075964027 0 -0.4664557728)
(0.6089213895 0 0.3610239029)
(0.09076496822 0 0.2835643609)
(0.9357031261 0 0.3821251914)
(0.8410451872 0 0.495675915)
(0.6903605644 0 0.5316073696)
(0.0971193458 0 0.5517345728)
(-0.324629616 0 0.8489858002)
(-0.2207373995 0 0.6068688457)
(-0.1108990139 0 0.4478068279)
(-0.04289707478 0 0.368577668)
(-0.01745293633 0 0.3066434958)
(0.586367931 0 -1.45130162)
(0.7820699752 0 -1.670773092)
(0.05882229014 0 -0.3498896346)
(0.05535966147 0 -0.3607146388)
(0.04733152779 0 -0.3332080708)
(0.04122751111 0 -0.3886736607)
(0.01167114098 0 -0.5468607711)
(-0.1291163308 0 -0.8266969779)
(-0.3260431443 0 -1.186292408)
(-0.346003486 0 -1.351620127)
(0.1392253643 0 -0.8657079265)
(0.2142911927 0 -1.192890064)
(0.3617888092 0 -1.10793804)
(0.4729568812 0 -1.210072371)
(0.7816939823 0 -1.386585513)
(3.626948812 0 -0.909907104)
(2.753397779 0 -0.4926194271)
(0.6589980963 0 -0.4391953331)
(1.07420214 0 -0.262142981)
(0.432745339 0 0.3454834504)
(0.3438678408 0 0.3239220824)
(0.7648691742 0 0.2544703108)
(0.7908333371 0 0.3859710201)
(0.7151947253 0 0.3937618794)
(0.9388789882 0 0.4132609871)
(0.3800345404 0 0.9612775798)
(0.2802832831 0 0.9625457946)
(0.2091814114 0 0.8286943233)
(0.1633883828 0 0.7106688873)
(0.1273924762 0 0.5976296804)
(0.1643056471 0 -1.196489077)
(0.1767863281 0 -1.115703743)
(0.1772578784 0 -1.000167506)
(0.198689524 0 -0.9982457927)
(0.2450181799 0 -1.084847027)
(0.3149827672 0 -1.230901672)
(0.429513068 0 -1.469880022)
(0.5703684496 0 -1.659246487)
(0.6475070974 0 -1.510576617)
(0.366766792 0 -0.8145972869)
(0.1775904442 0 -0.5848423202)
(0.2184714064 0 -0.6580941794)
(0.2708709642 0 -0.754545898)
(0.3723588745 0 -0.8691201928)
(1.339359628 0 -0.8881548252)
(3.170308736 0 -0.5701269719)
(1.88039703 0 -0.4853650652)
(0.7743955679 0 -0.4384426167)
(0.8790509648 0 -0.1320532814)
(0.4152906854 0 0.2650287056)
(0.3157859873 0 0.2512533673)
(0.7320623505 0 0.2715691081)
(0.7697055945 0 0.337536488)
(0.7424786545 0 0.3607469968)
(0.7076024448 0 0.3243814495)
(0.3946318271 0 0.5024357989)
(0.2195051452 0 0.5895334186)
(0.1486360236 0 0.488214442)
(0.1057103014 0 0.3880889957)
(0.08108266476 0 0.3271200658)
(0.2538322862 0 -1.344809404)
(0.2662195251 0 -1.314128546)
(0.2502982415 0 -1.156824443)
(0.2541358368 0 -0.9981136874)
(0.3163906756 0 -1.022775517)
(0.395500386 0 -1.085346359)
(0.4792683483 0 -1.098947801)
(0.5127608147 0 -0.9867586168)
(0.388291956 0 -0.7234364577)
(0.1916089843 0 -0.515764751)
(0.1678724813 0 -0.4932455572)
(0.1912315956 0 -0.5250490325)
(0.2357611937 0 -0.6004285272)
(0.1967995585 0 -0.5688680234)
(1.492218983 0 -0.7350190529)
(3.498557424 0 -0.561711556)
(2.685741926 0 -0.5029801873)
(0.7718247222 0 -0.3775527636)
(0.6745062733 0 0.1787470322)
(0.380446592 0 0.2043636848)
(0.2998344386 0 0.2082458637)
(0.6808708735 0 0.2562950745)
(0.8154854822 0 0.3353976984)
(0.8039009042 0 0.4069885829)
(0.6232371065 0 0.3508090334)
(0.316037824 0 0.2261609989)
(-0.01022094646 0 0.4743063654)
(-0.2520757991 0 0.7424169093)
(-0.2018761014 0 0.6404780098)
(-0.04901528426 0 0.696488729)
(0.1859766128 0 -1.280808806)
(0.24634105 0 -1.106048803)
(0.3271070625 0 -0.9353175937)
(0.3560792312 0 -0.8906810464)
(0.3963028514 0 -0.8601840321)
(0.4289327026 0 -0.8135886109)
(0.4258896887 0 -0.728467006)
(0.3379004898 0 -0.596269523)
(0.1888344073 0 -0.4683004875)
(0.1429817035 0 -0.4237652472)
(0.1858210232 0 -0.4037249959)
(0.2278991138 0 -0.4149668038)
(0.4141869583 0 -0.4342096105)
(1.120585707 0 1.40136271)
(4.08520766 0 -0.6109309684)
(3.968562713 0 -0.5454060224)
(0.7884318509 0 -0.07755358814)
(0.4714967691 0 0.1032404524)
(0.3248779594 0 0.1172174865)
(0.2958011863 0 0.1735533227)
(0.5714267825 0 0.2397614358)
(0.8190594487 0 0.3304535787)
(0.3171236725 0 0.5341545243)
(-0.3131200502 0 0.513842985)
(0.1522694508 0 0.2135655597)
(0.1989100389 0 0.23955802)
(0.202536482 0 0.5960667897)
(0.3365502694 0 1.490771719)
(0.2699055541 0 1.348697345)
(0.5483640087 0 -1.310321988)
(0.4650854871 0 -1.032122333)
(0.3829016026 0 -0.8901518861)
(0.3640531269 0 -0.8213284766)
(0.3660659736 0 -0.7414466617)
(0.3692691813 0 -0.6822557663)
(0.3699311224 0 -0.6351649115)
(0.3724879167 0 -0.6044726143)
(0.4398993192 0 -0.6455659141)
(0.7781303631 0 -0.9466338646)
(0.7218116418 0 0.5042376152)
(0.238286642 0 -0.1818934824)
(0.2696467752 0 -0.2421612888)
(0.5488970356 0 -0.2146377617)
(4.151413986 0 -0.5827278154)
(4.859893299 0 -0.5919103168)
(1.024566394 0 0.2493100614)
(0.4922092145 0 0.1163057644)
(0.2747411434 0 0.03101586253)
(0.2981265551 0 0.1338111592)
(0.4858872899 0 0.08760869102)
(0.7682710875 0 0.1166998774)
(0.7689054999 0 0.8301523521)
(0.7984821114 0 1.400512319)
(0.6559071096 0 1.374942136)
(0.5971424417 0 1.341130299)
(0.4954465649 0 1.106118902)
(0.3325502344 0 0.9113078257)
(0.2981498632 0 1.038474635)
(0.7315029255 0 -1.2891806)
(0.5978601766 0 -1.008863468)
(0.3541362923 0 -0.7230102002)
(0.2800349888 0 -0.6384101072)
(0.2813609707 0 -0.5891610643)
(0.2809514306 0 -0.5436695364)
(0.3001375406 0 -0.5311782614)
(0.3891497906 0 -0.6003360636)
(0.6568291226 0 -0.8097806724)
(1.396846281 0 -1.136777219)
(0.8052680326 0 0.5546104031)
(0.2781490941 0 -0.02794987206)
(0.2384766435 0 -0.1720750212)
(0.3777532903 0 -0.1450619815)
(3.347060342 0 -0.4369539033)
(4.923424557 0 -0.5576108772)
(1.249635296 0 0.3126052276)
(0.8004262213 0 0.2098420305)
(0.2401291343 0 -0.05560293708)
(0.288445925 0 0.04953904418)
(0.365914203 0 0.0548647975)
(0.3652178287 0 -0.042251862)
(1.136618457 0 1.015605208)
(0.9750096871 0 1.199553397)
(0.8586962475 0 1.311310734)
(0.7923229211 0 1.367093208)
(0.5939421392 0 1.046370687)
(0.150848676 0 0.3144860408)
(0.5395630315 0 -0.8267070635)
(0.301976839 0 -0.5073449539)
(0.2264616864 0 -0.4233714088)
(0.2366246119 0 -0.4168051526)
(0.268715869 0 -0.4277487405)
(0.3489642258 0 -0.4810609658)
(0.5358459788 0 -0.6122848409)
(0.9241687995 0 -0.8301961451)
(1.317880427 0 -0.8613912938)
(0.4076977786 0 -0.09079342695)
(0.2789157806 0 -0.02198145814)
(0.2222275309 0 -0.1477112763)
(0.3211401314 0 -0.1181677612)
(1.519822463 0 -0.2043254694)
(3.927700389 0 -0.397577044)
(1.423993532 0 0.3471188598)
(0.8762339246 0 0.2224344515)
(0.3548979794 0 0.05402551248)
(0.3378716014 0 0.06841019878)
(0.2356330892 0 0.002424389279)
(0.307502429 0 0.1002577759)
(1.074672563 0 0.8552643027)
(1.01807716 0 1.021244107)
(0.5361099556 0 1.444744116)
(0.733854291 0 0.991955138)
(0.3699293545 0 0.4760304514)
(0.1131255053 0 0.1988169806)
(0.2818291354 0 -0.3800797114)
(0.2494353513 0 -0.3303533336)
(0.2588849423 0 -0.3574564598)
(0.2920912173 0 -0.5087924449)
(0.3881530704 0 -0.8598810742)
(0.4255172119 0 -0.4610243373)
(0.598590244 0 -0.5526535242)
(0.7954903537 0 -0.5985317563)
(0.7021631229 0 -0.4216416701)
(0.2783169696 0 -0.07983799943)
(0.3006425104 0 -0.04907190429)
(0.2218528303 0 -0.1425070901)
(0.3135563986 0 -0.1104288729)
(0.6644481661 0 -0.1532940504)
(1.808312208 0 -0.05740666382)
(1.423433213 0 0.3430611627)
(0.7608013119 0 0.1778245319)
(0.352633539 0 0.1830269773)
(0.4234538707 0 0.1838834246)
(0.2789477543 0 0.09245211935)
(0.2789001284 0 0.1278596652)
(0.6889286258 0 0.4885676223)
(1.121155004 0 0.3835778107)
(2.949735818 0 2.895751273)
(0.8390947752 0 1.034507861)
(0.2186733266 0 0.1595890994)
(0.5460959084 0 -0.9457307693)
(0.773940538 0 -1.268732448)
(1.194239713 0 -1.69840796)
(1.574404244 0 -1.630742178)
(0.4513348423 0 -0.4205916751)
(0.5191902478 0 -0.4170758451)
(0.5222831011 0 -0.3556554209)
(0.3624551636 0 -0.2155300559)
(0.2553080261 0 -0.09828344025)
(0.3048360302 0 -0.08080839682)
(0.3405578697 0 -0.2327401577)
(0.3999954312 0 -0.1747788586)
(0.6555574148 0 -0.2078991813)
(0.7180628037 0 0.1118526183)
(1.207120527 0 0.2833439357)
(0.598277996 0 0.129644522)
(0.3743601809 0 0.1951987748)
(0.3725506049 0 0.204108685)
(0.4426698298 0 0.1978680914)
(0.2723524921 0 0.1367634454)
(0.2508667492 0 0.1159115666)
(0.3085891712 0 0.1595678128)
(1.444441867 0 0.9709364808)
(0.3065788473 0 0.147019755)
(0.2326618534 0 0.1454096057)
(0.8068409504 0 -1.207456037)
(1.080099379 0 -1.424383675)
(1.46337573 0 -1.593901785)
(1.624361691 0 -1.369622753)
(0.3961019185 0 -0.3322076684)
(0.398701481 0 -0.2963270356)
(0.3540824021 0 -0.2371451517)
(0.2688713892 0 -0.1775969813)
(0.2563247778 0 -0.143519314)
(0.3221708298 0 -0.1812082565)
(0.5603499755 0 -0.3542790561)
(0.6837660508 0 -0.3280517908)
(1.04159931 0 -0.2823561407)
(0.6583640241 0 0.09760239308)
(0.838605256 0 0.1721620716)
(0.6104582858 0 0.1463443505)
(0.4071755184 0 0.2035521489)
(0.3724063034 0 0.2131150389)
(0.4753111498 0 0.1876536384)
(0.7557519929 0 0.5395254892)
(0.6907185768 0 0.5360682182)
(0.3326471434 0 0.203955422)
(0.9371137547 0 0.5002738543)
(1.052275095 0 0.9281975696)
(1.011909978 0 -1.092565832)
(1.073826232 0 -0.9897904436)
(0.7464975433 0 -0.6037148592)
(0.3927808389 0 -0.3460037591)
(0.5082414727 0 -0.483388691)
(0.5869433973 0 -0.5498817192)
(0.5564133437 0 -0.4970760661)
(0.4205413507 0 -0.07317396467)
(0.4141814592 0 -0.2552624346)
(0.6261203874 0 -0.3420435247)
(0.8103486296 0 -0.3338663873)
(1.165005989 0 -0.2379966305)
(0.6244423995 0 0.08298300572)
(0.7663195894 0 0.1411450365)
(0.634794042 0 0.1663233189)
(0.4266866949 0 0.2037864856)
(0.3943290603 0 0.2126318993)
(0.4247800563 0 0.1787999008)
(0.6893674195 0 0.4317157562)
(0.7080445632 0 0.5121871412)
(0.5006859761 0 0.365926342)
(0.6447575952 0 0.3251704114)
(0.5831252513 0 -0.5078272228)
(0.4495740817 0 -0.4039839177)
(0.4729377375 0 -0.4386210414)
(0.6376407047 0 -0.5933419586)
(0.836573379 0 -0.6914731367)
(0.9553765152 0 -0.573537197)
(0.5383380965 0 0.01530851451)
(0.4692894015 0 -0.2513481849)
(0.6402120703 0 -0.3051168914)
(0.8163611468 0 -0.2876705153)
(1.048015977 0 -0.1698255646)
(0.5925204171 0 0.06738921341)
(0.7580161325 0 0.1398618972)
(0.5915230434 0 0.1655843382)
(0.4382344884 0 0.1918397055)
(0.4250671731 0 0.207188454)
(0.41404764 0 0.1843528245)
(0.5848783415 0 0.3432525171)
(0.6386024108 0 0.4330590582)
(0.5398529644 0 0.3843504663)
(0.5520908297 0 -0.4928414871)
(0.6792816811 0 -0.5725432823)
(0.8402910625 0 -0.6023303722)
(0.8277599759 0 -0.4328032635)
(0.4857804771 0 -0.09763846476)
(0.4972126195 0 -0.2407015216)
(0.6330145783 0 -0.2678518434)
(0.7697967557 0 -0.2376787079)
(0.8800463721 0 -0.1203262686)
(0.5465490534 0 0.04868543292)
(0.6640705934 0 0.1242410317)
(0.5008986944 0 0.1395406374)
(0.4601715297 0 0.1759131587)
(0.459161481 0 0.1988457878)
(0.423342493 0 0.1844758381)
(0.5426218872 0 0.3074545455)
(0.5905608946 0 0.3822728369)
(0.6895231384 0 -0.5304634254)
(0.7562541147 0 -0.4897949571)
(0.6685457888 0 -0.3354232461)
(0.4708036017 0 -0.1756477553)
(0.5168415175 0 -0.2285635499)
(0.6158183645 0 -0.2352734069)
(0.7062438219 0 -0.1953830029)
(0.7341968342 0 -0.08953012547)
(0.5324294251 0 0.03137803346)
(0.5251364672 0 0.08637611066)
(0.4856974386 0 0.1176224011)
(0.4912801451 0 0.1618010863)
(0.484390626 0 0.19232276)
(0.6763306386 0 0.2909324804)
(0.4894389876 0 -0.2098515126)
(0.5387316165 0 -0.2188426809)
(0.5963788593 0 -0.209093479)
(0.6439544023 0 -0.1627819424)
(0.6253871019 0 -0.07155336752)
(0.5432172389 0 0.01319827341)
(0.48805961 0 0.05870138538)
(0.5088782449 0 0.1088005333)
(0.5018631707 0 0.1513435702)
(-0.4022087439 0 -0.1080421795)
(-0.3839117109 0 -0.08683167708)
(-0.3915105517 0 -0.08053596437)
(-0.4021406716 0 -0.07151683887)
(-0.4038585671 0 -0.0676946873)
(-0.3959724443 0 -0.0738966671)
(-0.3812431279 0 -0.07771628303)
(-0.277453299 0 -0.1082545834)
(-0.2948816448 0 -0.1325347555)
(-0.2932117226 0 -0.02480398393)
(-0.2573886558 0 -0.006595193707)
(-0.2697360207 0 -0.03116457731)
(-0.2991100254 0 -0.004296404479)
(-0.3059261849 0 0.01815291628)
(-0.3115991084 0 0.01732377634)
(-0.3404228031 0 0.03568237381)
(-0.3790979479 0 0.04719317154)
(-0.3725628671 0 0.04305637452)
(-0.405372128 0 0.027957785)
(-0.3970472464 0 0.04913735185)
(-0.4194555435 0 -0.04198339603)
(-0.5132862491 0 0.09886635229)
(-0.3861059367 0 0.09126752879)
(-0.6147798133 0 -0.3170255316)
(-0.609039779 0 -0.2874804305)
(-0.587259557 0 -0.2527017293)
(-0.5521624802 0 -0.2159269846)
(-0.5398927405 0 -0.2062772822)
(-0.5007020135 0 -0.1774775663)
(-0.4317651636 0 -0.1332812857)
(-0.4100641042 0 -0.1151833272)
(-0.3662511018 0 0.09240911711)
(-0.3572504832 0 0.1143598598)
(-0.3306407915 0 0.1057585459)
(-1.560983094 0 0.5893187115)
(-1.471643128 0 0.6004237017)
(-1.424285791 0 0.5746249383)
(-1.391217356 0 0.6100727882)
(-1.298047276 0 0.6050655844)
(-0.5653515008 0 -0.4191199165)
(-0.58302222 0 -0.3927268548)
(-0.6003673271 0 -0.3679664991)
(-0.60856845 0 -0.3552821723)
(-1.259918673 0 0.6514272022)
(-1.02385456 0 0.5467472868)
(-1.043782245 0 0.5473311931)
(-0.8626159647 0 0.4745311845)
(-0.4729593126 0 -0.4881530502)
(-0.492021381 0 -0.4800378663)
(-0.5135480368 0 -0.4703124725)
(-0.5092124099 0 -0.4653529344)
(-0.5358214257 0 -0.4524414713)
(-0.5480063681 0 -0.4305241305)
(-0.7729265647 0 0.4457686961)
(-0.5917957297 0 0.3528650942)
(-0.668459036 0 0.3848492699)
(-0.4020871104 0 0.2592669704)
(-0.2819984277 0 0.2065611888)
(-0.382292966 0 -0.4731073813)
(-0.4156440812 0 -0.5060788888)
(-0.4287117624 0 -0.4892232168)
(-0.2887325088 0 0.2420649444)
(-0.27203089 0 0.2353759511)
(-0.312231291 0 -0.4377519052)
(-0.3679380933 0 -0.5077801534)
(-0.3391323194 0 -0.447824424)
(-0.2286333553 0 0.225970293)
(-0.1938313148 0 0.2101210943)
(-0.3787731582 0 -0.5898048101)
(-0.4437987736 0 -0.6790704169)
(-0.5542042834 0 -0.8213637517)
(-0.4636300111 0 -0.6616864453)
(-0.1946597423 0 0.2581192186)
(-0.1261588897 0 0.2294840088)
(-0.1519515603 0 0.2022050299)
(-0.1235794324 0 0.2231906208)
(-0.463945795 0 -0.8424417565)
(-0.5351592344 0 -0.9793097416)
(-0.4626127252 0 -0.7724356171)
(-0.6913069148 0 0.9356948211)
(-0.6341907777 0 0.9036714559)
(-0.4176954574 0 0.593148272)
(-0.4752377665 0 -1.05195508)
(-0.4631117251 0 -0.9489757627)
(-0.8263907313 0 1.360548739)
(-0.419589452 0 -1.126843023)
(-0.4472766326 0 -1.219487257)
(-0.464410337 0 -1.142835501)
(-0.7557532382 0 1.52160133)
(-0.7514877274 0 1.591833598)
(-0.8120431473 0 1.529835511)
(-0.3501466422 0 -1.080861058)
(-0.3627960694 0 -1.120237809)
(-0.3797280967 0 -1.230928023)
(-0.4121563387 0 -1.227540797)
(-0.5730088201 0 1.521678871)
(-0.5503010443 0 1.511846838)
(-0.6597370076 0 1.57537041)
(-0.5344131817 0 1.492216543)
(-0.3304755057 0 -1.156745837)
(-0.3359809508 0 -1.111771117)
(-0.1093139191 0 0.3110147452)
(-0.2452970219 0 -0.9615364172)
(-0.2605507306 0 -1.022441307)
(-0.3141418458 0 -1.168151939)
(-0.02576504925 0 0.1802634304)
(-0.02667427805 0 0.1776506106)
(0.3326560461 0 -1.438279107)
(0.2901754289 0 -1.331844281)
(-0.1938244151 0 -0.8477931222)
(-0.006849566419 0 0.1900268403)
(-0.003956523547 0 0.1827335081)
(-0.02548672012 0 0.1785477655)
(0.6389905255 0 -1.594310099)
(0.7253123709 0 -1.669662783)
(0.6328651349 0 -1.625472616)
(0.1034673141 0 0.631893016)
(0.0930417779 0 0.5835346763)
(-0.0107882928 0 0.284451185)
(0.1434918863 0 -0.996498651)
(0.1473321334 0 -0.9894760036)
(0.6625142083 0 -1.544453786)
(0.1060773657 0 0.527418278)
(0.0888537719 0 0.4874014813)
(0.1128011785 0 0.5497016466)
(0.2028795515 0 -1.256512029)
(0.2015857719 0 -1.243003371)
(0.1723937507 0 -1.167223517)
(-0.02531517225 0 0.2696440627)
(-0.008173474971 0 0.2591952298)
(0.07259004565 0 0.308871378)
(0.09018306155 0 -1.376442273)
(0.262367776 0 -1.348070808)
(-0.07053625856 0 0.9588032225)
(-0.03600742112 0 0.611762502)
(0.361634695 0 -1.346926323)
(0.19624706 0 -1.333756453)
(0.2957134759 0 1.199979854)
(0.5230207955 0 -1.355793669)
(0.6670062212 0 -1.310711491)
(0.6023941311 0 -1.154448431)
(0.5094425874 0 -1.157427833)
(0.2691389467 0 0.6358621647)
(0.1711159697 0 0.4896327163)
(0.3082983227 0 1.011349885)
(0.7375787385 0 -1.211046964)
(0.7085960154 0 -1.133245032)
(0.6795925915 0 -1.156010108)
(0.101078774 0 0.2037191293)
(0.08915944659 0 0.1939703009)
(0.09544946084 0 0.2338805954)
(0.4913866177 0 -0.746474195)
(0.6142435807 0 -0.9580114711)
(0.131301111 0 0.192925928)
(0.3182663925 0 -0.5057280059)
(0.3439420159 0 -0.5626106506)
(0.2648589829 0 -0.353428666)
(0.2215450337 0 0.1474720598)
(0.1938783495 0 0.161911967)
(0.1767476989 0 0.1760522246)
(0.4858896679 0 -0.8456466518)
(0.6961101233 0 -1.134794181)
(0.8101124436 0 -1.26929931)
(0.6364722913 0 -1.079540192)
(0.8105758961 0 0.8136856968)
(0.8655394404 0 0.9634858823)
(0.2964242223 0 0.1467838766)
(0.9737435973 0 -1.241308318)
(0.9139053574 0 -1.293316679)
(1.110156633 0 0.8435678857)
(1.025819999 0 1.002835236)
(0.8407527101 0 -0.7868970787)
(1.03698393 0 -1.041360378)
(0.535401295 0 0.3121806376)
(0.9383732381 0 0.5333040047)
(0.4817961007 0 -0.4318198078)
(0.5083407717 0 -0.4420269051)
(0.4675481933 0 -0.4245453903)
(0.4766433586 0 -0.4370014068)
(0.4356674616 0 -0.402771505)
(0.6051054807 0 0.399890427)
(0.5877078587 0 0.4010393339)
(0.6047215956 0 0.4234775062)
(0.5507626189 0 0.3854847372)
(0.4886553016 0 0.3422565174)
(0.5156783114 0 -0.4659448868)
(0.581232261 0 -0.5077146785)
(0.6258884418 0 -0.5268687654)
(0.5998373887 0 -0.5263300046)
(0.5514391613 0 0.3121279507)
(0.5749475922 0 0.3473428785)
(0.5836821075 0 0.3589183126)
(0.7339139172 0 -0.5208483661)
(0.7298741839 0 -0.4529729987)
(0.7006476254 0 -0.3920603619)
(0.7477490084 0 -0.4309361459)
(0.6287716695 0 -0.3156178817)
(0.5246454227 0 -0.2319430966)
(0.5428036021 0 -0.228217055)
(0.4984646558 0 0.1546126802)
(0.4880136684 0 0.1766516258)
(0.4891092429 0 0.1815158416)
(0.4937687305 0 0.1841478556)
(0.5425991544 0 0.2064868276)
(0.517579771 0 0.209867072)
(0.6627968232 0 0.3106237731)
(0.5130920765 0 -0.2280043413)
(0.5203559919 0 -0.2258726116)
(0.5635494551 0 -0.2107527314)
(0.560319727 0 -0.2148589018)
(0.5903137282 0 -0.1988845172)
(0.6099178931 0 -0.1794620911)
(0.6255195109 0 -0.1910492864)
(0.6195166213 0 -0.151123995)
(0.615036022 0 -0.1132670278)
(0.6472529001 0 -0.1233631484)
(0.5903175989 0 -0.0668086708)
(0.5283335545 0 0.009958301081)
(0.527117335 0 0.01591880417)
(0.5412605248 0 0.003972401729)
(0.4819727369 0 0.04761079543)
(0.4936505419 0 0.05425772134)
(0.4865402145 0 0.05377756933)
(0.5042577531 0 0.08774711309)
(0.5094705301 0 0.1333711997)
(-0.3786333565 0 -0.1004119107)
(-0.3948166299 0 -0.09113342536)
(-0.3900462919 0 -0.08634567304)
(-0.4019704715 0 -0.07422699723)
(-0.4024317542 0 -0.06639241172)
(-0.4098290776 0 -0.06524018888)
(-0.4085284627 0 -0.04578560052)
(-0.2660111528 0 -0.03515445652)
(-0.2648130268 0 -0.07385510615)
(-0.3275797084 0 -0.01239860308)
(-0.2632547617 0 0.05335455286)
(-0.2533058271 0 0.02757446055)
(-0.2830424634 0 0.01254637901)
(-0.2950591941 0 0.01889833546)
(-0.3004501238 0 0.01835854079)
(-0.3497849074 0 0.0388563924)
(-0.4124124307 0 0.05476318415)
(-0.3920277533 0 0.05086506658)
(-0.4587885822 0 0.05234994677)
(-0.4082492272 0 0.06349086121)
(-0.3930817317 0 0.05726368098)
(-0.3917830203 0 -0.01407165844)
(-0.4746141196 0 0.08111228971)
(-0.4982452523 0 0.09452349169)
(-0.6169159507 0 -0.3427492823)
(-0.6266493219 0 -0.3143714342)
(-0.6088565284 0 -0.2944604116)
(-0.6208320393 0 -0.2811002308)
(-0.5923825431 0 -0.2422639328)
(-0.5682740597 0 -0.2280288692)
(-0.5354289998 0 -0.1975058325)
(-0.4523113104 0 -0.1480075184)
(-0.4449914825 0 -0.1434233053)
(-0.3942163929 0 -0.1062639151)
(-0.4380117441 0 -0.07906946037)
(-0.4121913254 0 -0.08954778203)
(-0.4659767873 0 -0.03697685559)
(-0.3907611152 0 -0.06672539075)
(-0.3894244549 0 -0.0687981951)
(-0.3655100529 0 -0.06281684149)
(-0.3382958562 0 -0.0468385894)
(-0.3044406189 0 -0.03854405903)
(-0.3419732719 0 -0.01606000461)
(-0.2816561073 0 0.05656831083)
(-0.2748430881 0 0.06044707419)
(-0.2796748933 0 0.03428869067)
(-0.2873384269 0 0.02400957514)
(-0.290485849 0 0.02070424194)
(-0.380122645 0 0.04434643875)
(-0.485498237 0 0.0691880866)
(-0.4430516451 0 0.06084200234)
(-0.5473592723 0 0.07967091621)
(-0.4743784686 0 0.08391277806)
(-0.434914677 0 0.07208936346)
(-0.3903667722 0 0.0267926892)
(-0.4489896463 0 0.05488854912)
(-0.456748228 0 0.06598340318)
(-0.3933943399 0 0.1047258381)
(-0.4021988342 0 0.1360071521)
(-0.3805574771 0 0.1260901197)
(-1.918195453 0 0.7398060398)
(-1.813266616 0 0.7690881223)
(-1.668519955 0 0.6929098035)
(-1.672688066 0 0.769398485)
(-1.488343129 0 0.7318543592)
(-1.332531536 0 0.6337733228)
(-0.5768781583 0 -0.4447411109)
(-0.6278160685 0 -0.4370610719)
(-0.6089114478 0 -0.3959701271)
(-0.6793457936 0 -0.4230089353)
(-0.7187441865 0 -0.3972968018)
(-0.6644225277 0 -0.3481229848)
(-0.7288674819 0 -0.3557641483)
(-0.6922860665 0 -0.2975964606)
(-0.6311670273 0 -0.2638631799)
(-0.5980417463 0 -0.2256964485)
(-0.471316779 0 -0.1496098295)
(-0.4586241661 0 -0.1487090747)
(-0.4124738491 0 -0.0880543104)
(-0.4735615241 0 -0.03797254878)
(-0.4609172362 0 -0.06153091533)
(-0.5302461662 0 0.03265936698)
(-0.4706344871 0 -0.0105859516)
(-0.4207567138 0 -0.04880740346)
(-0.3596744824 0 -0.07909928165)
(-0.3582461933 0 -0.05656762784)
(-0.3537087074 0 -0.05245304427)
(-0.3546144219 0 -0.02238191535)
(-0.2810421791 0 0.03939195524)
(-0.2833754629 0 0.04785822708)
(-0.282361526 0 0.03721805438)
(-0.2878009309 0 0.03020285499)
(-0.2863168801 0 0.02756513729)
(-0.4420165182 0 0.05437323292)
(-0.6114716769 0 0.09452809659)
(-0.5412781458 0 0.08027226566)
(-0.6891038446 0 0.1188372304)
(-0.5891038573 0 0.1191134884)
(-0.5262839871 0 0.09950783067)
(-0.4193441844 0 0.07099825909)
(-0.4383492543 0 0.06027820698)
(-0.4455553663 0 0.05273376202)
(-0.4211495405 0 0.1173454158)
(-0.4414930597 0 0.1415435419)
(-0.4185323555 0 0.1428663078)
(-2.135811584 0 0.851493978)
(-2.142260394 0 0.9646892081)
(-1.96054642 0 0.8538001418)
(-1.975569018 0 0.9794952556)
(-1.735766741 0 0.9243011326)
(-1.61256341 0 0.8220748974)
(-1.407118515 0 0.7834506988)
(-1.043247892 0 0.5932032822)
(-1.034492679 0 0.5698366468)
(-0.4492573392 0 -0.535148766)
(-0.4659829902 0 -0.5347031118)
(-0.4692166525 0 -0.4967703089)
(-0.4806401739 0 -0.5226588318)
(-0.5084964212 0 -0.5143214286)
(-0.5237706157 0 -0.4813065755)
(-0.5606645525 0 -0.517533192)
(-0.6410341316 0 -0.5307182781)
(-0.6437944534 0 -0.4853324515)
(-0.7406707874 0 -0.5421836837)
(-0.8378538723 0 -0.5353240946)
(-0.7815193199 0 -0.4611029704)
(-0.9010643003 0 -0.4961050753)
(-0.8951402603 0 -0.4194922085)
(-0.7818310565 0 -0.3486946925)
(-0.7837045327 0 -0.3083238096)
(-0.5728027318 0 -0.1767610071)
(-0.503073351 0 -0.1570249175)
(-0.4264664491 0 -0.06989876763)
(-0.4744300389 0 0.04157196561)
(-0.4770510682 0 -0.003290673996)
(-0.5221800515 0 0.09184894863)
(-0.5328390446 0 0.07740180296)
(-0.5146552557 0 0.03578265815)
(-0.3599545748 0 -0.06969770788)
(-0.3618889121 0 -0.07019465936)
(-0.3587205609 0 -0.06224489866)
(-0.3667547674 0 -0.03271495648)
(-0.273580127 0 0.03131749101)
(-0.2766854035 0 0.03357163866)
(-0.2844156238 0 0.03389326713)
(-0.2983443033 0 0.03299090573)
(-0.2918513178 0 0.03182959459)
(-0.5521609329 0 0.07245293724)
(-0.7999127531 0 0.1344364362)
(-0.6970159374 0 0.112375646)
(-0.8728346629 0 0.1731425211)
(-0.7354546408 0 0.1696489262)
(-0.6602295322 0 0.1427563697)
(-0.4684538596 0 0.1184610903)
(-0.4048042268 0 0.08854071594)
(-0.4235142816 0 0.07438195694)
(-0.4244680415 0 0.1337925926)
(-1.077257487 0 0.09318069738)
(-0.6246029916 0 0.118859819)
(-2.654081947 0 1.091873294)
(-2.725629664 0 1.37302836)
(-2.397518817 0 1.129319169)
(-2.441991021 0 1.376160409)
(-2.010799193 0 1.211114415)
(-1.860970605 0 1.045965967)
(-1.47232121 0 0.9059944773)
(-0.9749336258 0 0.5956719561)
(-1.034537519 0 0.6092635315)
(-0.6225681665 0 0.3872015167)
(-0.404115848 0 0.2769135965)
(-0.4962197198 0 0.3117087393)
(-0.3196470127 0 0.2469665079)
(-0.305304733 0 0.2488224963)
(-0.2745796503 0 0.2160637116)
(-0.4626366675 0 -0.6256324854)
(-0.5377803214 0 -0.7019464231)
(-0.4527713787 0 -0.581639036)
(-0.5838288419 0 -0.7308556365)
(-0.5985621548 0 -0.7178490586)
(-0.5137390774 0 -0.6167406921)
(-0.5911772985 0 -0.6814151662)
(-0.5739420243 0 -0.6388465813)
(-0.5182415428 0 -0.5668754904)
(-0.5619977018 0 -0.6042571085)
(-0.5833679324 0 -0.5948920156)
(-0.6108915714 0 -0.5645119328)
(-0.6805222264 0 -0.6267016943)
(-0.8446167427 0 -0.6720536756)
(-0.8662433105 0 -0.6103956026)
(-1.000739506 0 -0.6736602862)
(-1.099015666 0 -0.6088283299)
(-1.011864988 0 -0.5079415722)
(-1.092550098 0 -0.4747759525)
(-0.8776193797 0 -0.2584121291)
(-0.6937766591 0 -0.2097179872)
(-0.5138727045 0 0.01549830171)
(-0.4920100337 0 0.1586223922)
(-0.4749339142 0 0.09233763148)
(-0.4836542232 0 0.1678690818)
(-0.5039501878 0 0.139285303)
(-0.5258154377 0 0.1120757755)
(-0.3798392748 0 -0.04784692792)
(-0.3883776344 0 -0.09578950145)
(-0.3721785125 0 -0.08100241084)
(-0.4169073701 0 -0.05384965598)
(-0.2880737516 0 0.03754037581)
(-0.2760810518 0 0.03257478432)
(-0.2841127615 0 0.03741411414)
(-0.3215452072 0 0.03446515516)
(-0.3076093866 0 0.03398038023)
(-0.7421871134 0 0.1041881503)
(-1.06925573 0 0.1953095348)
(-0.9234561223 0 0.1617090175)
(-1.092093247 0 0.2440544475)
(-0.882512414 0 0.2278874496)
(-0.8097858723 0 0.1980907515)
(-0.5300151226 0 0.1589401292)
(-0.4023156054 0 0.08451290762)
(-0.3944482795 0 0.09369511375)
(-0.4608226565 0 0.1542174882)
(-0.9521751406 0 0.05287080208)
(-1.522317256 0 0.1013097169)
(-0.6568903148 0 0.5933474527)
(-1.35942354 0 0.6922964961)
(-3.009177587 0 1.695812584)
(-1.300328671 0 0.7181645262)
(-1.164316155 0 0.6810383331)
(-2.099243334 0 1.38435563)
(-0.9099544472 0 0.5519002162)
(-0.6033274154 0 0.391347531)
(-0.8235449391 0 0.5204782934)
(-0.4251701612 0 0.316334351)
(-0.3868475785 0 0.3129255111)
(-0.3655977098 0 0.2774759928)
(-0.3700804191 0 0.3123278633)
(-0.3485253445 0 0.3024409424)
(-0.333194391 0 0.2799815921)
(-0.3188088915 0 0.2834806236)
(-0.2788096742 0 0.257513599)
(-0.2734447914 0 0.2434438786)
(-0.6350942255 0 -0.8967418468)
(-0.6882628899 0 -0.916313928)
(-0.6279301848 0 -0.8237603183)
(-0.7107523083 0 -0.8884364065)
(-0.7110117284 0 -0.8370618603)
(-0.6732791986 0 -0.7963754411)
(-0.7010651172 0 -0.7859643605)
(-0.6869253024 0 -0.7475320326)
(-0.6409113116 0 -0.7002650491)
(-0.669491721 0 -0.723149801)
(-0.6509146406 0 -0.7095724924)
(-0.6056160689 0 -0.638905025)
(-0.6450747439 0 -0.7108374957)
(-0.6917138081 0 -0.7435536166)
(-0.7671217336 0 -0.7066165546)
(-0.8343175433 0 -0.7993315169)
(-1.020257127 0 -0.8023242566)
(-1.115327338 0 -0.7129234198)
(-1.199455492 0 -0.7040403368)
(-1.342447938 0 -0.479663539)
(-1.131036651 0 -0.3419862565)
(-0.6387876914 0 0.4122450249)
(-0.5208088058 0 0.3298701458)
(-0.512916153 0 0.2517381767)
(-0.4631177706 0 0.2498591995)
(-0.4458583516 0 0.150987753)
(-0.4756726007 0 0.1542937436)
(-0.3614193365 0 -0.08998710344)
(-0.422073431 0 -0.1387673427)
(-0.4064086183 0 -0.1153910227)
(-0.4897148189 0 -0.09918763687)
(-0.3441075894 0 0.06252661283)
(-0.3111285317 0 0.04705548357)
(-0.285576979 0 0.04477361177)
(-0.3856000811 0 0.02914378407)
(-0.344690763 0 0.03349510668)
(-1.083613109 0 0.1605007616)
(-1.431366068 0 0.2875019657)
(-1.237588971 0 0.2365846102)
(-1.351466987 0 0.3391962342)
(-1.032419163 0 0.3024573449)
(-0.9556159285 0 0.2624853787)
(-0.6081523171 0 0.2025321516)
(-0.4397625944 0 0.04460700278)
(-0.4197380858 0 0.06640849225)
(-0.6111009045 0 0.2156360176)
(-0.7204693162 0 0.3334848726)
(-1.139228623 0 0.05167259414)
(-0.736736786 0 0.6614015618)
(-0.6313649085 0 0.4339150124)
(-1.35663311 0 0.7445217358)
(-0.4577335755 0 0.2780751069)
(-0.3546929472 0 0.1747465873)
(-1.142095496 0 0.7139284601)
(-0.5350675169 0 0.3744835089)
(-0.5113079836 0 0.4043873008)
(-0.5034243923 0 0.3687417614)
(-0.4456756178 0 0.376427659)
(-0.4014908673 0 0.3552740152)
(-0.407729558 0 0.3450711739)
(-0.3705415056 0 0.3390088136)
(-0.3379935653 0 0.3163338248)
(-0.3496443122 0 0.3144788414)
(-0.3052759104 0 0.2974246114)
(-0.2611542771 0 0.2819296868)
(-0.2693468005 0 0.2625998592)
(-0.598075998 0 -1.056992392)
(-0.6455362188 0 -1.08298468)
(-0.6215236679 0 -0.9719840505)
(-0.6681160833 0 -1.047071791)
(-0.6740959052 0 -0.9790820408)
(-0.7035073034 0 -0.9670331399)
(-0.6793312332 0 -0.9177023286)
(-0.6905078969 0 -0.8905580274)
(-0.7102638711 0 -0.8549318199)
(-0.7044183688 0 -0.9083079798)
(-0.7132799317 0 -0.951009517)
(-0.7066048285 0 -0.8211506817)
(-0.7113442985 0 -0.9885648684)
(-0.6981673548 0 -1.005501182)
(-0.6804027354 0 -0.8388793552)
(-0.6776593255 0 -1.000324271)
(-0.6572772133 0 -0.9778463362)
(-0.6606668029 0 -0.8442322819)
(-0.6487677568 0 -0.9421747715)
(-0.6688245987 0 -0.8905711353)
(-0.8232405545 0 -0.8545650728)
(-0.7257585707 0 -0.8025601781)
(-0.7959852127 0 -0.6312784829)
(-1.213229123 0 -0.6114105734)
(-0.6659875546 0 -0.1165846482)
(-0.5688896489 0 -0.08296122367)
(-0.5368518546 0 0.2427834613)
(-0.4739062732 0 0.06900350549)
(-0.3917443431 0 0.04261752224)
(-0.4178231252 0 0.1203901066)
(-0.3575484885 0 -0.1637779163)
(-0.4308460664 0 -0.1796487814)
(-0.4313492799 0 -0.1618856485)
(-0.5403485362 0 -0.1649081142)
(-0.4188550289 0 0.1113806615)
(-0.3827259889 0 0.08463430883)
(-0.2960650677 0 0.05079707802)
(-0.5906394489 0 -0.01014601063)
(-0.4598387329 0 0.01718771399)
(-1.667041485 0 0.2563954123)
(-1.893853554 0 0.4305204595)
(-1.651260204 0 0.3508849818)
(-1.651621305 0 0.4801367888)
(-1.205218863 0 0.4100020558)
(-1.116204435 0 0.3512113451)
(-0.6913787398 0 0.2597905354)
(-0.360771237 0 0.1572175232)
(-0.4391322971 0 0.05970450083)
(-0.2476235383 0 0.2606181048)
(-0.2129663614 0 0.1728910465)
(-0.6971210704 0 0.3600052098)
(-0.3326015295 0 0.2237249133)
(-0.3600331809 0 0.2641478099)
(-0.6726192104 0 0.414227485)
(-0.3274374973 0 0.2593247532)
(-0.5700498321 0 0.1524459946)
(-0.4717464745 0 0.1317296368)
(-0.4842474104 0 0.4169543864)
(-0.3311124581 0 0.3179660108)
(-0.4691615827 0 0.396728565)
(-0.2700431735 0 0.2406322049)
(-0.2557742449 0 0.2262869462)
(-0.3530458245 0 0.3218428078)
(-0.2608839303 0 0.2414163418)
(-0.3633239245 0 0.3403464194)
(-0.3212246115 0 0.30913011)
(-0.509870298 0 0.5107764167)
(-0.6133962895 0 0.6627902516)
(-0.3956482355 0 0.4473689625)
(-0.6760221334 0 0.78851153)
(-0.7012719637 0 0.882337629)
(-0.4325284636 0 0.5862730273)
(-0.5188885365 0 -1.175040673)
(-0.5542576957 0 -1.233727456)
(-0.5613538094 0 -1.131899132)
(-0.5657545114 0 -1.215297279)
(-0.5575726257 0 -1.13450866)
(-0.6188645881 0 -1.132966346)
(-0.5551916087 0 -1.05225651)
(-0.5719561473 0 -1.001289006)
(-0.6234523298 0 -0.9827952887)
(-0.6075053037 0 -1.00158089)
(-0.6518033121 0 -1.059687709)
(-0.6710085012 0 -0.968245152)
(-0.6901019734 0 -1.14020576)
(-0.7147948738 0 -1.205087541)
(-0.7184820474 0 -1.096666882)
(-0.7254384486 0 -1.238413099)
(-0.7243127722 0 -1.237610714)
(-0.7161509698 0 -1.148605202)
(-0.714537002 0 -1.206432606)
(-0.6999137016 0 -1.15175679)
(-0.6792076733 0 -1.087452553)
(-0.685944347 0 -1.08275618)
(-0.682185666 0 -1.0129657)
(-0.6505111349 0 -0.9467049524)
(-0.7017130434 0 -0.9589300344)
(-0.7436232312 0 -0.9231535615)
(-0.6800606774 0 -0.7539991603)
(-0.7909801509 0 -0.887959723)
(-0.8180317063 0 -0.8247287829)
(-0.6400923925 0 -0.4809203158)
(-0.7683348864 0 -0.6621004158)
(-0.3723205192 0 -0.2034168786)
(-0.3797212835 0 -0.07379484472)
(-0.3651253321 0 -0.18729285)
(-0.3946210772 0 -0.1842187449)
(-0.419014396 0 -0.1886055135)
(-0.5088199156 0 -0.2040675452)
(-0.4581909623 0 0.1566097912)
(-0.4436410035 0 0.137177214)
(-0.3389626937 0 0.058875521)
(-0.9815828565 0 -0.1140722768)
(-0.7833281979 0 -0.05805109822)
(-2.465846429 0 0.413810939)
(-2.445204787 0 0.6768660114)
(-2.161634216 0 0.5349429622)
(-2.018010332 0 0.7190213407)
(-1.408090961 0 0.5739102193)
(-1.301004797 0 0.4810787552)
(-0.7195712774 0 0.3159583448)
(-0.3572597846 0 0.1842540377)
(-0.3535010317 0 0.1651262649)
(-0.2739984431 0 0.1755766633)
(-0.3715171561 0 0.1031783166)
(-0.2658560327 0 0.09992584485)
(-0.4361764503 0 0.3295111026)
(-0.3932871749 0 0.3400187479)
(-0.3820832104 0 0.294441315)
(-0.337983256 0 0.3205385855)
(-0.2615704614 0 0.2782210822)
(-0.314034194 0 0.2764642306)
(-0.2165681657 0 0.2014604498)
(-0.1926269618 0 0.1969121803)
(-0.1938018481 0 0.2091705259)
(-0.1750721755 0 0.2022378874)
(-0.1625488906 0 0.2097702761)
(-0.1753047679 0 0.160087433)
(-0.1570896396 0 0.2123233598)
(-0.7083944151 0 0.6568351324)
(-0.5144182641 0 0.4700173126)
(-0.8649813228 0 0.8534492141)
(-0.8940296373 0 0.9648276065)
(-0.773041238 0 0.8181159529)
(-0.8947360282 0 1.058917965)
(-0.8961901194 0 1.161502321)
(-0.8477286675 0 1.05974799)
(-0.8948011446 0 1.266772877)
(-0.8737194806 0 1.345965445)
(-0.7833109605 0 1.154637625)
(-0.4639195737 0 -1.277177113)
(-0.4565913617 0 -1.261753915)
(-0.5146745376 0 -1.271948475)
(-0.4329848821 0 -1.187343007)
(-0.4170373813 0 -1.10937644)
(-0.4873038496 0 -1.121153402)
(-0.4222229852 0 -1.05922749)
(-0.4504347286 0 -1.042872113)
(-0.5183379941 0 -1.027253671)
(-0.4957897643 0 -1.065614207)
(-0.5442258475 0 -1.121279039)
(-0.6149027805 0 -1.117638907)
(-0.5828878562 0 -1.181949736)
(-0.6072785289 0 -1.223155029)
(-0.6823492887 0 -1.249171382)
(-0.6183044905 0 -1.235215573)
(-0.6200987588 0 -1.221255028)
(-0.6956434056 0 -1.25890231)
(-0.6202780121 0 -1.195179821)
(-0.6291836181 0 -1.176155541)
(-0.6803759775 0 -1.167137555)
(-0.6570465181 0 -1.179829133)
(-0.7120852108 0 -1.213051385)
(-0.701603063 0 -1.090236072)
(-0.8012162443 0 -1.275118385)
(-0.9236787831 0 -1.352409773)
(-0.8438753763 0 -1.121540079)
(-1.06925232 0 -1.417410452)
(-1.226709984 0 -1.441104762)
(-1.064791821 0 -1.151265344)
(-1.335273936 0 -1.346148299)
(-0.3835385593 0 -0.2225872909)
(-0.3793995323 0 -0.207646975)
(-0.3521666868 0 -0.1730342838)
(-0.3223284789 0 -0.1179954984)
(-0.3589005979 0 -0.1605438028)
(-0.3315332451 0 -0.1703114099)
(-0.5166384111 0 0.1940798042)
(-0.4796478627 0 0.1730567185)
(-0.4610863239 0 0.0884737736)
(-1.405313575 0 -0.2010222917)
(-1.205780901 0 -0.1686462135)
(-2.697214772 0 0.6161288673)
(-2.656467404 0 1.061280086)
(-2.664347401 0 0.8593936113)
(-2.314847838 0 1.141177659)
(-1.56001518 0 0.8458398423)
(-1.516501378 0 0.6969187155)
(-0.5952638497 0 0.3362639517)
(-0.4645137254 0 0.2990726944)
(-0.3786591413 0 0.2169588401)
(-0.5157191452 0 0.418334788)
(-0.4576202287 0 0.4868881717)
(-0.4048924993 0 0.3471354271)
(-0.3414276037 0 0.486160592)
(-0.2591940107 0 0.4728960015)
(-0.2348782624 0 0.3557066551)
(-0.203766021 0 0.4434095036)
(-0.1655080259 0 0.4061718751)
(-0.1700348035 0 0.3149892333)
(-0.1491813342 0 0.3750944249)
(-0.1382829814 0 0.3505684996)
(-0.162713957 0 0.2787595999)
(-0.1299616812 0 0.3326235802)
(-0.1237161727 0 0.3229418576)
(-0.141946676 0 0.2715484114)
(-0.1273797389 0 0.3368856745)
(-1.307843474 0 1.245166158)
(-1.032898646 0 0.9566174058)
(-1.215483835 0 1.347788801)
(-1.046184855 0 1.345672229)
(-1.023525909 0 1.175200377)
(-0.9321072779 0 1.352656282)
(-0.8565026468 0 1.373208645)
(-0.8907730006 0 1.2562058)
(-0.8029070519 0 1.402263779)
(-0.7685342936 0 1.446598506)
(-0.8492361807 0 1.42045048)
(-0.3773986911 0 -1.27756365)
(-0.3576403872 0 -1.2822524)
(-0.3979845255 0 -1.24521613)
(-0.3313246802 0 -1.256575263)
(-0.3056866761 0 -1.212248303)
(-0.3493052569 0 -1.12035451)
(-0.2863382845 0 -1.159206006)
(-0.2797292261 0 -1.11047472)
(-0.3632263888 0 -1.05228752)
(-0.2913387339 0 -1.079336826)
(-0.3196197452 0 -1.070403952)
(-0.4415088805 0 -1.089826292)
(-0.3550480691 0 -1.0769409)
(-0.3885595475 0 -1.088468961)
(-0.5056036864 0 -1.157350708)
(-0.4175770011 0 -1.099682339)
(-0.4448623469 0 -1.114503523)
(-0.53461966 0 -1.16978847)
(-0.4753461142 0 -1.142814181)
(-0.5136923037 0 -1.193185124)
(-0.5774169912 0 -1.196790086)
(-0.5641494676 0 -1.269071359)
(-0.6305435855 0 -1.367989619)
(-0.6948449842 0 -1.326396931)
(-0.7161347661 0 -1.481722008)
(-0.8242445908 0 -1.599009526)
(-0.9227365709 0 -1.529848711)
(-0.9592547339 0 -1.703885594)
(-1.119978608 0 -1.748807675)
(-1.242743094 0 -1.636115618)
(-1.223905749 0 -1.575754631)
(-0.5324553285 0 -0.4924909751)
(-0.3912347449 0 -0.2918213075)
(-0.3746015238 0 -0.2994268539)
(-0.3482113091 0 -0.1483971409)
(-0.311814465 0 -0.08726242149)
(-0.3048066364 0 -0.1381888656)
(-0.4430315111 0 -0.05390322337)
(-0.5456439662 0 0.1940133725)
(-0.8106410486 0 0.08062577759)
(-0.8850643575 0 0.1065806891)
(-0.8191208708 0 0.09899289074)
(-0.8127985476 0 0.1290366049)
(-0.5471643251 0 0.1865835354)
(-0.5822278593 0 0.1704631531)
(-0.4361970709 0 0.2576667319)
(-0.5144859205 0 0.3157932668)
(-0.4109202786 0 0.2402031828)
(-0.7081627754 0 0.4991561196)
(-0.779840899 0 0.7816830204)
(-0.6310403574 0 0.4824263665)
(-0.6672095823 0 0.9315500748)
(-0.3097472059 0 0.9128755831)
(-0.4106845367 0 0.6990507102)
(-0.2580194229 0 0.8095981417)
(-0.223857885 0 0.7268076956)
(-0.2363107426 0 0.6373875794)
(-0.1930354695 0 0.6423909642)
(-0.1666206559 0 0.5674634662)
(-0.1648213029 0 0.5024653509)
(-0.145601031 0 0.5039783237)
(-0.1291839506 0 0.4532688629)
(-0.1296211041 0 0.4070059071)
(-0.1168411104 0 0.4139815197)
(-0.1085002282 0 0.3892449291)
(-0.1123255205 0 0.3592488164)
(-0.2615203295 0 0.4590423183)
(-0.8862492702 0 1.201961517)
(-1.300635667 0 1.374176744)
(-0.6989328587 0 1.136861531)
(-0.6536503128 0 1.165134982)
(-0.853951193 0 1.307717063)
(-0.6256862267 0 1.192351043)
(-0.6001283184 0 1.237930404)
(-0.742178032 0 1.389288873)
(-0.5884357588 0 1.348023118)
(-0.5870173564 0 1.475498832)
(-0.6852530111 0 1.490589718)
(-0.347794365 0 -1.276180535)
(-0.3611308854 0 -1.394799737)
(-0.363697711 0 -1.290285202)
(-0.3638279093 0 -1.48806787)
(-0.3581136749 0 -1.543290553)
(-0.3499902865 0 -1.40418968)
(-0.3455836153 0 -1.559573822)
(-0.3277094475 0 -1.540842137)
(-0.3067056149 0 -1.386572736)
(-0.3059477248 0 -1.492973647)
(-0.2819116107 0 -1.42260007)
(-0.2548432476 0 -1.266841406)
(-0.2575780272 0 -1.336984212)
(-0.2355823622 0 -1.244401686)
(-0.2287468436 0 -1.125591697)
(-0.2194276823 0 -1.1545464)
(-0.2132123026 0 -1.07780946)
(-0.2631941987 0 -1.048718756)
(-0.2204849963 0 -1.02226715)
(-0.2420722903 0 -0.9890453514)
(-0.3362577711 0 -1.04505136)
(-0.2735701733 0 -0.9695246306)
(-0.3062582222 0 -0.949715287)
(-0.4224312158 0 -1.119537597)
(-0.3276310766 0 -0.9169833344)
(-0.3253691857 0 -0.8677029821)
(-0.5057659839 0 -1.248634851)
(-0.2967432635 0 -0.8148507833)
(-0.2560386798 0 -0.7972455252)
(-0.5947251563 0 -1.409557503)
(-0.2184458601 0 -0.8575591162)
(-0.1932911222 0 -0.9912639744)
(-0.7904902028 0 -1.675467526)
(-0.1899460288 0 -1.125908199)
(-0.3650335575 0 -0.73830917)
(-0.7664751297 0 -0.6953646619)
(-0.4011385094 0 -0.7139503812)
(-0.4694022706 0 -0.7053205373)
(-0.4167467997 0 -0.3906674976)
(-0.5363623913 0 -0.6485000034)
(-0.6180214722 0 -0.4706660846)
(-0.4865037262 0 -0.1471093263)
(-0.9711270241 0 0.0422567931)
(-1.144811939 0 0.1399987065)
(-0.9948980736 0 0.1208360184)
(-0.9339371065 0 0.2033380409)
(-0.6624197547 0 0.4244399619)
(-0.5820610114 0 0.267193563)
(-0.6572610561 0 0.5345729528)
(-0.7564393127 0 0.737050242)
(-0.6884895668 0 0.4669472669)
(-0.7049497194 0 1.525397966)
(-0.5866568184 0 1.855745032)
(-0.8093740955 0 1.237382826)
(-0.1475592567 0 1.208587531)
(-0.2725980109 0 1.016073241)
(-0.2901580094 0 0.9646705491)
(-0.2386409466 0 0.9251221194)
(-0.2159540196 0 0.868047553)
(-0.2221485741 0 0.7856051923)
(-0.1954309968 0 0.8122855034)
(-0.1746976215 0 0.7482334561)
(-0.170369975 0 0.6348946333)
(-0.1712009688 0 0.6253879758)
(-0.1468501144 0 0.6040904842)
(-0.1326035514 0 0.5072658672)
(-0.1370450685 0 0.5140896813)
(-0.1306960898 0 0.4394672222)
(-0.1104628418 0 0.4192786963)
(-0.1315834184 0 0.3989305563)
(-0.5778262657 0 0.9834238782)
(-0.608610619 0 0.9972998039)
(-0.6316585576 0 1.133872563)
(-0.6472201275 0 1.207503684)
(-0.6351242493 0 1.163437483)
(-0.6294113823 0 1.207730701)
(-0.5803881984 0 1.134128074)
(-0.5680404987 0 1.1306601)
(-0.4821783256 0 0.9487114159)
(-0.2910318746 0 0.5720844147)
(-0.4780459497 0 1.271658948)
(-0.1372139 0 0.2956740737)
(-0.1175211813 0 0.29889985)
(-0.4577328952 0 1.429211594)
(-0.2874350705 0 -1.161002891)
(-0.3032738752 0 -1.261682279)
(-0.3475850465 0 -1.431786515)
(-0.3125142638 0 -1.336644142)
(-0.315388228 0 -1.376797181)
(-0.3548023291 0 -1.57900649)
(-0.3120932854 0 -1.377309446)
(-0.303788356 0 -1.34540056)
(-0.3404581135 0 -1.568850827)
(-0.2931953846 0 -1.295728365)
(-0.2833708553 0 -1.243072415)
(-0.3165807496 0 -1.448877643)
(-0.2766575353 0 -1.198191832)
(-0.2746220895 0 -1.167272037)
(-0.2932668809 0 -1.282813765)
(-0.2782731948 0 -1.153112253)
(-0.2879004911 0 -1.155254941)
(-0.2817479514 0 -1.137610935)
(-0.3024961249 0 -1.168744382)
(-0.319235098 0 -1.183222493)
(-0.2972223424 0 -1.064890797)
(-0.3337102359 0 -1.18417541)
(-0.3422925552 0 -1.158343225)
(-0.3305159883 0 -1.020386037)
(-0.3523310561 0 -1.123144466)
(-0.3829705526 0 -1.144365702)
(-0.3314005982 0 -0.9270405354)
(-0.4288821642 0 -1.227960031)
(-0.4706162997 0 -1.320318851)
(-0.3464634124 0 -0.9507331948)
(-0.4989018363 0 -1.388311068)
(-0.51100318 0 -1.419602931)
(-0.3866073899 0 -1.045838718)
(-0.5046323241 0 -1.405314375)
(-0.4779140167 0 -1.334671873)
(-0.3724066378 0 -0.9471800783)
(-0.4410823614 0 -1.212685465)
(-0.4797918832 0 -1.207692362)
(-0.5008683968 0 -0.9954949842)
(-0.6252214619 0 -1.382370912)
(-0.8796126814 0 -1.589002255)
(-0.7995924673 0 -1.030300072)
(-1.297069651 0 -1.715746587)
(-0.6966255572 0 0.1838311493)
(-1.341690124 0 0.1701178296)
(-0.4892985969 0 0.2412044468)
(-0.384843761 0 0.2073986759)
(-0.8438365335 0 0.7350410043)
(-0.3243193116 0 0.1737458846)
(0.3685154268 0 0.3226552173)
(0.1806242321 0 0.4395877224)
(0.5670146756 0 0.2915799128)
(0.8893643633 0 -0.09721292727)
(1.111212058 0 -0.1759417638)
(1.55541387 0 0.4084345068)
(0.5670440615 0 0.6369928235)
(0.3133824566 0 0.8827353509)
(0.4660471686 0 0.5654201263)
(0.4208495095 0 0.5018649811)
(0.2829954819 0 0.6939111353)
(0.3894371195 0 0.4430655466)
(0.3364216008 0 0.359966653)
(0.2390677435 0 0.4943644321)
(-0.2639071237 0 0.2624688821)
(-0.523368713 0 0.2469855911)
(-0.2969882894 0 1.243441399)
(-0.4331179969 0 0.4282380529)
(-0.3875710403 0 0.4352119208)
(-0.2919060534 0 0.3979781173)
(-0.4744680052 0 0.3630280378)
(-0.4587263135 0 0.9652059019)
(-0.5411115812 0 0.9653724865)
(-0.4637616187 0 1.093297578)
(-0.4945477801 0 1.181323971)
(-0.6136391727 0 1.238229501)
(-0.5190450516 0 1.243210531)
(-0.5174288433 0 1.243799219)
(-0.5845920283 0 1.226111587)
(-0.4747079291 0 1.137082253)
(-0.3437645211 0 0.8299098759)
(-0.3858004945 0 0.8083492541)
(-0.1131343357 0 0.3416282066)
(-0.03311314367 0 0.1921162747)
(-0.09996311327 0 0.3079397289)
(0.1656425197 0 -1.094480744)
(-0.07721044278 0 -0.797209305)
(-0.2343777031 0 -1.026006682)
(-0.1710547632 0 -0.7976976885)
(-0.1768500245 0 -0.8838603215)
(-0.2513670744 0 -1.142973749)
(-0.1848024248 0 -0.9450691597)
(-0.1900518984 0 -0.9868176343)
(-0.2486992361 0 -1.162808232)
(-0.1897235886 0 -1.005212138)
(-0.1842341574 0 -1.005263316)
(-0.2374517401 0 -1.128857142)
(-0.1742888124 0 -0.9974348215)
(-0.1631423687 0 -0.9988620035)
(-0.2332054098 0 -1.121992327)
(-0.156669751 0 -1.026555061)
(-0.1598897484 0 -1.093062074)
(-0.2506322346 0 -1.189538713)
(-0.1741983737 0 -1.197930745)
(-0.1973241417 0 -1.305226801)
(-0.287845936 0 -1.291694349)
(-0.2346543758 0 -1.350846992)
(-0.3039414373 0 -1.353470415)
(-0.330577767 0 -1.271585223)
(-0.3935649566 0 -1.413985801)
(-0.4731308775 0 -1.519576819)
(-0.4535235651 0 -1.379362519)
(-0.5292062393 0 -1.620446703)
(-0.5673886166 0 -1.705434001)
(-0.545803945 0 -1.559702319)
(-0.5946244239 0 -1.775094952)
(-0.6132452512 0 -1.827493586)
(-0.5834023668 0 -1.660142634)
(-0.6210494435 0 -1.855199296)
(-0.6119766145 0 -1.842592362)
(-0.5643364838 0 -1.639674662)
(-0.579635095 0 -1.76718318)
(-0.526311694 0 -1.624506911)
(-0.478968629 0 -1.416147725)
(-0.5080991575 0 -1.56321694)
(-0.760404353 0 -2.240800841)
(-0.8266918998 0 -2.054134645)
(-0.9429557529 0 -2.697657553)
(0.3194753443 0 -0.7781947055)
(-0.3867856083 0 -0.2650159281)
(0.6720717815 0 -1.189657631)
(1.097258141 0 -2.053497823)
(-0.4038912504 0 0.1960512112)
(0.6980139209 0 -1.138138762)
(0.7621176698 0 -0.9064992463)
(0.4452441997 0 0.1801701013)
(0.7747270505 0 -0.5176890793)
(0.8006218341 0 0.4713601071)
(0.7810559319 0 0.3562419194)
(0.7089701739 0 0.4036957981)
(0.6556863488 0 0.4317505588)
(0.7086925962 0 0.5156075518)
(0.4233389427 0 0.07134067838)
(0.702843487 0 -0.3494019943)
(0.4423667144 0 0.3861541269)
(0.8453636807 0 0.4820639181)
(0.7812409555 0 0.5239859757)
(0.2272205464 0 0.4245562822)
(0.8020847085 0 0.5571007001)
(0.8112992286 0 0.6341725714)
(-0.4505762233 0 0.2062714599)
(0.5351981395 0 0.6681334662)
(0.1358212783 0 0.6017980862)
(-0.4024350013 0 0.4950099889)
(-0.00244967421 0 0.5562574677)
(-0.02929788064 0 0.5263615776)
(-0.01203692039 0 0.8074034689)
(-0.1724032974 0 0.5946420065)
(-0.1430663445 0 0.4997768451)
(-0.1156476818 0 0.5860277726)
(-0.1080402936 0 0.417260024)
(-0.07682268056 0 0.3508346809)
(-0.1147488012 0 0.2925548656)
(-0.05149732652 0 0.2976377549)
(-0.03260709573 0 0.2563445773)
(-0.04269170872 0 0.2058415864)
(-0.01972849266 0 0.225377222)
(-0.01165501696 0 0.2039406298)
(-0.02981651301 0 0.1833647405)
(0.861764602 0 -1.775760058)
(1.009691123 0 -1.839117413)
(0.6796355684 0 -1.455386989)
(0.08738539254 0 -0.5098603764)
(0.03557477548 0 -0.3213330423)
(0.02915459626 0 -0.5121299798)
(0.0238183948 0 -0.3017759722)
(0.0148594074 0 -0.3026339843)
(-0.1051887605 0 -0.629176493)
(0.01115243301 0 -0.3045418105)
(0.01634113554 0 -0.322910507)
(-0.1207606858 0 -0.6958313524)
(0.01324219763 0 -0.4068723553)
(-0.02174656128 0 -0.5225474361)
(-0.05318378961 0 -0.7235025205)
(-0.06034094203 0 -0.6150946108)
(-0.07748197601 0 -0.6804588139)
(0.01696962394 0 -0.810777567)
(-0.07100710693 0 -0.7244235577)
(-0.04977272092 0 -0.7535402933)
(0.09379840435 0 -0.908439486)
(-0.0236030512 0 -0.7787623198)
(-3.162231277e-05 0 -0.8186064922)
(-0.04344269235 0 -1.170835402)
(0.01392092548 0 -0.9127068509)
(-0.07186128094 0 -1.155243722)
(-0.4115042262 0 -1.54036949)
(-0.302305969 0 -1.499870904)
(-0.4782826256 0 -1.760826053)
(-0.5477077681 0 -1.792499861)
(-0.5485643767 0 -1.908708907)
(-0.5728487281 0 -1.976429475)
(-0.6095425818 0 -1.945678126)
(-0.5783150999 0 -1.982690771)
(-0.5637779404 0 -1.937325612)
(-0.6165577583 0 -1.949323875)
(-0.5247360509 0 -1.843896211)
(-0.4542008123 0 -1.720197969)
(-0.5305635861 0 -1.72688385)
(-0.3235447799 0 -1.687067763)
(0.8458650344 0 -1.81988366)
(-0.7495580076 0 -2.310512537)
(3.446898274 0 -1.403132758)
(5.462106469 0 -1.053206046)
(0.3535028408 0 -0.7765116027)
(7.09601682 0 -0.9645430912)
(2.076280225 0 -1.63856858)
(2.534105764 0 -2.840847915)
(0.7960372099 0 -0.5872051251)
(0.8238586338 0 -0.4420774672)
(0.8543629396 0 -0.6600915397)
(1.131565031 0 -0.3561500136)
(0.6799079534 0 0.3382955966)
(0.7259354027 0 0.4073245252)
(0.170357766 0 0.313044665)
(0.4849673032 0 -0.0157310228)
(0.5599974724 0 0.3562955692)
(0.2969970202 0 0.3923009516)
(0.4597425288 0 -0.1819980056)
(0.5377316784 0 -0.2552518835)
(0.8741643074 0 0.3023197455)
(0.86781219 0 0.4072343882)
(0.8786679218 0 0.4700660444)
(0.8204576221 0 0.4337143071)
(0.7754740416 0 0.4440963946)
(0.8056973823 0 0.5187272682)
(0.7253870179 0 0.4475898463)
(0.8653865138 0 0.4916767179)
(0.3099306833 0 0.57683496)
(1.104451368 0 0.5606404471)
(0.3578325343 0 0.3339444998)
(0.07214964544 0 0.4637286241)
(0.3028398847 0 1.073585203)
(0.2726540767 0 1.164945905)
(-0.2780192887 0 0.7272222233)
(0.238940333 0 1.127420441)
(0.2019423093 0 1.035640013)
(-0.1640696893 0 0.5131481721)
(0.1696543512 0 0.9292696979)
(0.1462870482 0 0.8361471789)
(-0.06951753845 0 0.4034701475)
(0.1293370529 0 0.7590030039)
(0.1156829873 0 0.6923667338)
(-0.02724089881 0 0.3364973132)
(0.1504210092 0 -0.9656871188)
(0.1493573072 0 -0.9399653557)
(0.9182546398 0 -1.776844148)
(0.1423361473 0 -0.924304004)
(0.1566398396 0 -0.9432419236)
(0.05319185294 0 -0.3483386786)
(0.1737195263 0 -0.9753291437)
(0.189300944 0 -0.997440356)
(0.05293770543 0 -0.3534874775)
(0.2007809583 0 -1.003052693)
(0.2084445444 0 -1.000826424)
(0.04270611097 0 -0.3361276846)
(0.218041158 0 -1.023341419)
(0.2391760951 0 -1.113339033)
(0.03473395937 0 -0.4585759016)
(0.2763711894 0 -1.284099524)
(0.3250824286 0 -1.512686388)
(-0.04281086286 0 -0.6691690769)
(0.3815121549 0 -1.764466508)
(0.4467336477 0 -1.987925914)
(-0.231600921 0 -1.007851248)
(0.5178083607 0 -2.100212137)
(0.5702131336 0 -1.965550623)
(-0.3863366199 0 -1.3284219)
(0.5351850315 0 -1.41486641)
(0.3383671686 0 -0.7172023577)
(0.1344252379 0 -0.8226379132)
(0.1784899855 0 -0.6842309033)
(0.2043021524 0 -0.7358980606)
(0.1687814419 0 -1.016415475)
(0.2358921354 0 -0.7917015743)
(0.2705326505 0 -0.8401250106)
(0.2720168596 0 -1.286062371)
(0.3065027119 0 -0.8807168388)
(0.3421766221 0 -0.9346893193)
(0.4100430025 0 -1.143920788)
(0.4082816306 0 -0.9971183704)
(0.6035723495 0 -1.058599612)
(0.541917089 0 -1.303466484)
(1.144186563 0 -1.058767307)
(2.247940029 0 -0.8922855542)
(2.018589171 0 -1.225394156)
(3.374747151 0 -0.6787895)
(3.519943303 0 -0.5321018306)
(4.538542041 0 -0.7028795067)
(1.874634177 0 -0.4714199554)
(0.7446079799 0 -0.486277339)
(0.6739435159 0 -0.4644798617)
(0.7317388737 0 -0.4440873029)
(0.689585581 0 -0.1593759831)
(0.7604048481 0 -0.08372630908)
(0.9802497746 0 -0.1898795959)
(0.6235712949 0 0.1347751504)
(0.6480957343 0 -0.1148720856)
(0.4271331729 0 0.2993769599)
(0.3703241736 0 0.2940582494)
(0.3894767358 0 0.3439583501)
(0.3288163835 0 0.2820031353)
(0.329892826 0 0.08719645128)
(0.4109946036 0 -0.08761372611)
(0.7153078714 0 0.2591604745)
(0.7933531879 0 0.3281519746)
(0.8257153507 0 0.3576613474)
(0.77139271 0 0.3545094334)
(0.7411474091 0 0.3661680869)
(0.7493458268 0 0.3946221554)
(0.7148829793 0 0.3670395005)
(0.7304448802 0 0.3580401749)
(0.7897959756 0 0.3984182823)
(0.7708947356 0 0.3398407072)
(0.6208329168 0 0.3217009142)
(0.4748174515 0 0.3200619539)
(0.4109885793 0 0.779991333)
(0.3295934784 0 0.8376261043)
(0.3269869226 0 1.008565096)
(0.2789087593 0 0.8021887805)
(0.2394170563 0 0.7553839992)
(0.2405761722 0 0.8946973403)
(0.2069603352 0 0.7114518521)
(0.1778654928 0 0.6680000154)
(0.1842620167 0 0.7681319307)
(0.1504382987 0 0.6224341036)
(0.1262538013 0 0.5750901051)
(0.1447217766 0 0.6540916304)
(0.2053840316 0 -1.203754016)
(0.2081882891 0 -1.1350391)
(0.1766671527 0 -1.051658109)
(0.2104213068 0 -1.058564269)
(0.2167228208 0 -1.007912143)
(0.1842241799 0 -0.982068369)
(0.2308455546 0 -0.9990685663)
(0.2537872607 0 -1.026789612)
(0.2195435853 0 -1.036163001)
(0.2838540365 0 -1.074117146)
(0.3217101693 0 -1.131530078)
(0.2756855314 0 -1.146601216)
(0.3679498299 0 -1.196823417)
(0.4220333556 0 -1.261908219)
(0.3659985279 0 -1.341304645)
(0.479955813 0 -1.311019537)
(0.5345723152 0 -1.325840374)
(0.5006019397 0 -1.588547996)
(0.5736643979 0 -1.286249478)
(0.576147209 0 -1.17415838)
(0.6284147972 0 -1.648134113)
(0.5114052651 0 -0.9842389784)
(0.3736649221 0 -0.7569660018)
(0.5673297447 0 -1.205655172)
(0.2333025401 0 -0.5856190025)
(0.1690292865 0 -0.5215466988)
(0.2003763292 0 -0.5862614181)
(0.1718993938 0 -0.5277664935)
(0.1849141054 0 -0.5486637198)
(0.1963977427 0 -0.6172026157)
(0.2013290019 0 -0.5799525449)
(0.2219845099 0 -0.6207062817)
(0.2435663365 0 -0.7040163937)
(0.2465939105 0 -0.6705401728)
(0.2752663383 0 -0.7272646909)
(0.3015490093 0 -0.8099504758)
(0.3320738365 0 -0.7871326008)
(0.6284625791 0 -0.834737348)
(0.6497828465 0 -0.916516463)
(1.458229659 0 -0.8068276776)
(2.506420553 0 -0.6719871737)
(2.344474628 0 -0.7329122849)
(3.231895505 0 -0.5441279846)
(3.242394293 0 -0.4937368599)
(3.123258715 0 -0.4847664246)
(2.176761565 0 -0.4949185458)
(0.7990740081 0 -0.4657468718)
(0.7874058238 0 -0.4854581981)
(0.7847779033 0 -0.4237933496)
(0.935894497 0 0.2565509139)
(0.6028643751 0 -0.1194364974)
(0.8121209839 0 0.2462173717)
(0.4724593321 0 0.04159218127)
(0.5913936334 0 0.1181404018)
(0.4000314298 0 0.2356559447)
(0.3411567438 0 0.2291262475)
(0.3545070457 0 0.2574963402)
(0.3062604151 0 0.2275706499)
(0.2829099777 0 0.2185866086)
(0.282162012 0 0.20814712)
(0.7262776409 0 0.2679708693)
(0.7750040924 0 0.3016728461)
(0.7810655985 0 0.312148633)
(0.7854000844 0 0.3333630148)
(0.7906150913 0 0.3601804616)
(0.7570033873 0 0.3546412382)
(0.7858644389 0 0.3713858046)
(0.7600998245 0 0.3595628086)
(0.7323253677 0 0.3512893017)
(0.6901445113 0 0.3263464115)
(0.532674076 0 0.271574246)
(0.5821256461 0 0.2802684213)
(0.3731423253 0 0.2949862198)
(0.2530347366 0 0.3947117996)
(0.2833377786 0 0.609766325)
(0.08467148915 0 0.4061915717)
(-0.01515615931 0 0.3721689737)
(0.1786671823 0 0.5414607949)
(-0.05500815524 0 0.33861188)
(-0.0666556761 0 0.3112652195)
(0.124394205 0 0.4341943831)
(-0.06646626781 0 0.2908948392)
(-0.04701524367 0 0.2818619163)
(0.09202234952 0 0.3537302338)
(0.1046614285 0 -1.344612639)
(0.09611179617 0 -1.267049014)
(0.2610832496 0 -1.253792175)
(0.1124078362 0 -1.162865045)
(0.1608698363 0 -1.064231878)
(0.2430354136 0 -1.054560169)
(0.2386300935 0 -0.9927617756)
(0.3152709311 0 -0.9526029359)
(0.2869216708 0 -0.9952904924)
(0.3402721366 0 -0.9539792467)
(0.3711616737 0 -0.960587884)
(0.3537634063 0 -1.055930587)
(0.4027496611 0 -0.962513615)
(0.4325246767 0 -0.9531775035)
(0.4391251622 0 -1.103263096)
(0.4560804677 0 -0.927593156)
(0.4672796995 0 -0.8816667606)
(0.5079077118 0 -1.0626644)
(0.4568383172 0 -0.8126265948)
(0.4129784671 0 -0.7209968635)
(0.4762563833 0 -0.8686746619)
(0.3329822955 0 -0.6183530984)
(0.2425908202 0 -0.531816645)
(0.275157671 0 -0.5927113978)
(0.1822607337 0 -0.4826198117)
(0.1621270979 0 -0.4639284676)
(0.1624069692 0 -0.4911233234)
(0.163741453 0 -0.4590206782)
(0.1693370403 0 -0.4600714163)
(0.1778472957 0 -0.5037495814)
(0.1861387357 0 -0.4712905781)
(0.2043130275 0 -0.4899734516)
(0.2100867654 0 -0.5571921448)
(0.2320988115 0 -0.5165382083)
(0.3412151365 0 -0.5636942165)
(0.2697290217 0 -0.6512538966)
(0.5326633689 0 -0.6354979661)
(0.8564993839 0 1.898189992)
(-0.5163752216 0 0.2028272203)
(1.038208028 0 2.627289964)
(1.959773891 0 1.067650758)
(2.714323521 0 -0.6520101518)
(3.817645516 0 -0.5866529738)
(4.063593393 0 -0.5649364486)
(3.611220348 0 -0.525073138)
(3.329357727 0 -0.5189189368)
(0.8422095321 0 -0.2703925307)
(0.8017055961 0 -0.4059957929)
(0.7526089991 0 -0.2692906641)
(0.736044599 0 0.1328040516)
(0.8224575461 0 0.1809186089)
(0.5698611451 0 0.137108352)
(0.296188925 0 -0.06727869106)
(0.3716839583 0 -0.05792295043)
(0.3545471457 0 0.1643130335)
(0.3174571907 0 0.1783999414)
(0.3291615086 0 0.2041776277)
(0.2963856229 0 0.190884707)
(0.2870504917 0 0.1970928947)
(0.2847587245 0 0.2081679724)
(0.6278853685 0 0.2451423254)
(0.7663973608 0 0.3027333579)
(0.7692003617 0 0.297682107)
(0.8341700719 0 0.3306128892)
(0.6455508317 0 0.4130851539)
(0.8463361122 0 0.3833814962)
(0.4069391292 0 0.4855875268)
(0.2521829581 0 0.5492661679)
(0.7220317216 0 0.393916125)
(0.1725077208 0 0.5661771858)
(0.1389228529 0 0.5142704321)
(0.4772023079 0 0.2841924269)
(0.1483104944 0 0.381569911)
(0.214322062 0 0.2301548299)
(0.2544608872 0 0.2708228734)
(0.1767463057 0 0.4351037151)
(0.1285220221 0 0.8659940837)
(-0.2044590338 0 0.648018378)
(0.1244709865 0 1.181124983)
(0.1281358212 0 1.346676727)
(-0.2320295816 0 0.742528551)
(-0.1016488521 0 1.344145808)
(-0.09698768884 0 1.145179639)
(-0.09326283291 0 0.7536845909)
(0.376321032 0 -1.279781582)
(0.389942733 0 -1.177372642)
(0.2075349426 0 -1.201659633)
(0.3904095769 0 -1.06243092)
(0.3817457999 0 -0.9696862402)
(0.2899297284 0 -1.008259773)
(0.3728104022 0 -0.91357034)
(0.3665622464 0 -0.8801798815)
(0.3490072408 0 -0.8993483334)
(0.3658341762 0 -0.8511754933)
(0.373989575 0 -0.8158505896)
(0.3759402432 0 -0.8746835589)
(0.3838852849 0 -0.7893196889)
(0.3936692362 0 -0.7644361016)
(0.4150215935 0 -0.8407537223)
(0.4014402898 0 -0.7390851625)
(0.4052405263 0 -0.7114393261)
(0.4343996615 0 -0.7767001963)
(0.4026543119 0 -0.6804007869)
(0.3908135314 0 -0.6453570211)
(0.3956449204 0 -0.6676528923)
(0.367802328 0 -0.6069968981)
(0.3363707514 0 -0.5695051685)
(0.2601168539 0 -0.524386634)
(0.3062391489 0 -0.5431206249)
(0.2827301379 0 -0.5448048051)
(0.1506605554 0 -0.4376039487)
(0.2143256673 0 -0.5946760343)
(-0.3188806554 0 -0.7050981945)
(0.1443098487 0 -0.4126568675)
(0.2164056673 0 -0.3706986706)
(0.2109182555 0 -0.3394543533)
(0.2020956497 0 -0.4092068667)
(0.2236053865 0 -0.3253333541)
(0.2509862763 0 -0.3178365457)
(0.2648998246 0 -0.421216866)
(0.2942372322 0 -0.3099041292)
(0.9742719299 0 0.3290883684)
(1.416256324 0 0.9875312896)
(0.8631056792 0 -0.03082565156)
(2.693451564 0 -0.46490398)
(2.694702421 0 -0.2548462625)
(4.210915571 0 -0.6100763126)
(4.792642168 0 -0.623789587)
(4.482343336 0 -0.6009951021)
(4.498718275 0 -0.574292729)
(0.8694931246 0 0.1539557733)
(0.9432727051 0 -0.05308101947)
(0.8308749912 0 0.09806876033)
(0.6010557266 0 0.08639726872)
(0.6401581374 0 0.09543857415)
(0.3891351155 0 0.07634572484)
(0.2101307012 0 -0.05752278889)
(0.2411008774 0 -0.06372122621)
(0.2982514297 0 0.07304273566)
(0.297061638 0 0.1199086136)
(0.3061796295 0 0.1499318644)
(0.2970680993 0 0.1561211366)
(0.3009506662 0 0.1702449642)
(0.2934340475 0 0.1888697297)
(0.5184052842 0 0.1701881367)
(0.7036747015 0 0.1246230578)
(0.7379119608 0 0.2986112481)
(0.7983022384 0 0.2525439856)
(0.5953758254 0 0.4017429537)
(0.5803521968 0 0.446687892)
(0.4464053266 0 0.6168863142)
(0.4978300735 0 1.085730631)
(-0.05962630665 0 0.5855578221)
(0.5226135828 0 1.341764266)
(0.4817597932 0 1.240040025)
(-0.04021003645 0 0.3389429785)
(0.4899312517 0 1.209949247)
(0.4910275615 0 1.219497661)
(0.204414126 0 0.1782704222)
(0.4765216098 0 1.196328266)
(0.439232837 0 1.097058965)
(0.1936600486 0 0.4243297265)
(0.357380711 0 0.8794208742)
(0.2325885384 0 0.5492801742)
(0.2864173062 0 0.4703566342)
(0.3238344803 0 1.11641042)
(0.3223029586 0 1.23650765)
(0.2959013902 0 1.446199676)
(0.5268507523 0 -1.013971067)
(0.4373615446 0 -0.8959502412)
(0.4172017414 0 -0.9414347668)
(0.3657145185 0 -0.8198492428)
(0.3331739429 0 -0.780864937)
(0.3662300179 0 -0.8572032277)
(0.3347258644 0 -0.7565479503)
(0.3341559765 0 -0.7179151714)
(0.3646311718 0 -0.7770585779)
(0.3322509438 0 -0.6830281301)
(0.3294932139 0 -0.6498026405)
(0.3677500272 0 -0.709921762)
(0.326897434 0 -0.6208163716)
(0.325622181 0 -0.5973996408)
(0.3700897328 0 -0.6574307231)
(0.3277568298 0 -0.5818250468)
(0.3375260448 0 -0.578307295)
(0.3695143496 0 -0.6163561824)
(0.3632500243 0 -0.5946438447)
(0.4187246472 0 -0.642802997)
(0.3892150694 0 -0.6084125607)
(0.5228218352 0 -0.7365924391)
(0.7087550357 0 -0.8924210835)
(0.5512307743 0 -0.7410715903)
(1.069386346 0 -1.117497983)
(1.793221331 0 -1.162482822)
(1.224838364 0 -1.26796928)
(0.9035281173 0 0.7646959469)
(0.4350376309 0 0.233604645)
(0.3708190089 0 0.04154037838)
(0.2678924939 0 -0.07224366427)
(0.2151345579 0 -0.1913576583)
(0.229721979 0 -0.2403793371)
(0.251785275 0 -0.1993708585)
(0.3071160328 0 -0.188006305)
(0.3399491561 0 -0.2265688525)
(0.4297256936 0 -0.1717362078)
(1.744956444 0 -0.293588547)
(2.325606932 0 -0.3983274029)
(3.874074749 0 -0.5254901466)
(4.939887352 0 -0.6051714378)
(4.952909765 0 -0.6265634047)
(5.013067352 0 -0.5883810676)
(1.148659292 0 0.2628344484)
(1.029686517 0 0.2503052051)
(1.134437508 0 0.2897771741)
(1.067604433 0 0.3017632723)
(1.03333785 0 0.301642426)
(0.6742441852 0 0.1739099279)
(0.2303495456 0 -0.0317397018)
(0.2028321204 0 -0.04765502043)
(0.2565019112 0 -0.008593855659)
(0.2879524893 0 0.05316819237)
(0.2911760963 0 0.08832840078)
(0.2961557964 0 0.09911561308)
(0.2926341919 0 0.1192644095)
(0.3009634737 0 0.145853719)
(0.4437182326 0 0.05586504628)
(0.6309892113 0 -0.1505012828)
(0.6789704871 0 -0.06576817286)
(0.6544718518 0 -0.08502746662)
(0.8737654162 0 0.4867757669)
(0.6854463924 0 0.3699241795)
(1.015745839 0 0.9725620039)
(0.9991210761 0 1.214732346)
(0.8462666529 0 1.247927125)
(0.9146105385 0 1.306335457)
(0.827096801 0 1.334839907)
(0.7164373533 0 1.401522272)
(0.762172452 0 1.348857119)
(0.7299828661 0 1.380423895)
(0.6170463401 0 1.352565725)
(0.7127899468 0 1.403968137)
(0.6645311344 0 1.327672015)
(0.5675461699 0 1.278778337)
(0.5747231124 0 1.144783632)
(0.4290211235 0 0.8511079697)
(0.3751572291 0 0.8260037024)
(0.6161820852 0 -0.96569258)
(0.4984245849 0 -0.7995096228)
(0.4825875077 0 -0.858498043)
(0.3495589365 0 -0.6272162134)
(0.2266624683 0 -0.5020115098)
(0.2724196665 0 -0.6431365009)
(0.2355762963 0 -0.5097315002)
(0.2382611551 0 -0.4976308326)
(0.2814472369 0 -0.6133163946)
(0.2420542553 0 -0.4868491894)
(0.2478466213 0 -0.4770362579)
(0.2804661183 0 -0.5644366773)
(0.2584625493 0 -0.4728453589)
(0.2777978713 0 -0.478645557)
(0.2858873151 0 -0.5307838301)
(0.3114604623 0 -0.4995964714)
(0.3677019422 0 -0.5415942843)
(0.3310970788 0 -0.5518173972)
(0.4589937854 0 -0.6112090664)
(0.6042442851 0 -0.7147376992)
(0.4889457947 0 -0.6836792626)
(0.8286211763 0 -0.8525908442)
(1.143728998 0 -0.9956667375)
(0.9437569062 0 -0.9820466177)
(1.474840603 0 -1.042690659)
(1.478373756 0 -0.7546872896)
(1.793073968 0 -0.947990713)
(0.582879577 0 0.1577116657)
(0.3858874864 0 0.1568113192)
(0.4278358261 0 0.2423106891)
(0.2771154017 0 -0.01831295363)
(0.2107418074 0 -0.1350286707)
(0.2100662329 0 -0.1595027286)
(0.2284710461 0 -0.1558546467)
(0.2683578172 0 -0.1431974155)
(0.2849733218 0 -0.1605595179)
(0.3425254109 0 -0.1280462573)
(0.5113444534 0 -0.1170623976)
(0.9399531861 0 -0.1757427164)
(2.580070562 0 -0.321917199)
(4.326538324 0 -0.4751227443)
(4.737150773 0 -0.5564931744)
(4.560656748 0 -0.4950906975)
(1.340996287 0 0.2805322404)
(1.240161067 0 0.2699956691)
(1.35577103 0 0.333716115)
(1.253717444 0 0.3381972839)
(1.168310454 0 0.321956748)
(0.8629742407 0 0.2239897842)
(0.2867340484 0 -0.06234051858)
(0.2656973149 0 -0.02093469304)
(0.2886802383 0 -0.1436733721)
(0.3208223298 0 0.01108787255)
(0.2836640084 0 0.01159909597)
(0.2815644855 0 0.01339264178)
(0.2642668303 0 0.009160072889)
(0.2801835552 0 0.07161532862)
(0.2766523419 0 0.02930974343)
(0.4334462929 0 -0.09961804543)
(0.5518200444 0 -0.1495539554)
(0.2681707576 0 0.09088105824)
(1.246189316 0 0.8885470551)
(1.064628181 0 0.7314010668)
(1.164115045 0 0.9781121545)
(1.073964977 0 1.040097275)
(1.063824843 0 1.134849714)
(1.007822326 0 1.104919809)
(0.9667727731 0 1.186674055)
(0.902167514 0 1.248756982)
(0.9495444233 0 1.270558708)
(0.8947604674 0 1.292420492)
(0.8371396155 0 1.37798798)
(0.8056380469 0 1.221047843)
(0.6946216269 0 1.073689649)
(0.7117623436 0 1.252285716)
(0.5325306132 0 0.823842327)
(0.2678458795 0 0.425896507)
(0.394895499 0 0.701572261)
(0.4007105876 0 -0.5942903175)
(0.3282878327 0 -0.4879080184)
(0.4262601342 0 -0.6635423914)
(0.2620545032 0 -0.3978246432)
(0.2357469399 0 -0.3676912901)
(0.221513227 0 -0.4172771452)
(0.2388847125 0 -0.3729435546)
(0.2429384219 0 -0.3733685116)
(0.2297059488 0 -0.4188104751)
(0.2524052351 0 -0.3770324681)
(0.2695608005 0 -0.3868519109)
(0.2487318179 0 -0.4186614522)
(0.2960176925 0 -0.4047700769)
(0.3339458508 0 -0.4303743298)
(0.3002261551 0 -0.4472751799)
(0.3909228711 0 -0.4699434666)
(0.4729842109 0 -0.525054833)
(0.4232024829 0 -0.5341481699)
(0.5862220655 0 -0.5944026994)
(0.7347195074 0 -0.6717155591)
(0.7014877735 0 -0.7164537505)
(0.9038155678 0 -0.7346240747)
(1.036720154 0 -0.7395667022)
(1.170384293 0 -0.906887863)
(1.011784285 0 -0.6281669608)
(0.681379793 0 -0.3626802691)
(1.068742381 0 -0.563745733)
(0.3227428556 0 -0.09375900415)
(0.3020613277 0 0.002497096973)
(0.3406576045 0 0.07080206522)
(0.2892222622 0 -0.03398463843)
(0.2122785491 0 -0.1011907195)
(0.2131061757 0 -0.1139864967)
(0.2190590838 0 -0.1445215138)
(0.2529925571 0 -0.1276222526)
(0.2579018968 0 -0.1329163958)
(0.3119554091 0 -0.1134147792)
(0.4301185345 0 -0.1057465738)
(0.4460568396 0 -0.1069369387)
(0.7783676139 0 -0.1569816596)
(2.717741495 0 -0.3161837067)
(3.663630352 0 -0.3885561705)
(3.028636497 0 -0.2569337173)
(1.464202616 0 0.2874912963)
(1.421168522 0 0.2865574317)
(1.447650273 0 0.3507775859)
(1.280622877 0 0.3356023205)
(1.292333184 0 0.3434105272)
(0.8412638113 0 0.2066144323)
(0.4230886014 0 0.1020680209)
(0.3930048981 0 0.05113872248)
(0.3557714003 0 0.1574992472)
(0.405088589 0 0.1542393942)
(0.3981944653 0 0.07123713426)
(0.4233885463 0 0.152938224)
(0.3299787094 0 0.1052372627)
(0.2753487149 0 0.02097642139)
(0.2485601512 0 0.03575575592)
(0.2959835673 0 0.05669868662)
(0.3239166977 0 -0.01926667909)
(0.3000033648 0 0.1153210121)
(0.7987383577 0 0.5191853565)
(1.124025476 0 0.7763798471)
(0.9040114533 0 0.6841636466)
(0.9551653481 0 0.8078127635)
(1.037243681 0 0.9331327424)
(1.646237136 0 0.02471268754)
(3.185250234 0 3.254742615)
(0.03568025131 0 1.835135241)
(2.567136162 0 4.121228034)
(1.902646232 0 3.408381597)
(0.7944862538 0 1.144302729)
(1.184811109 0 2.027141174)
(0.5899037199 0 0.8222299214)
(0.5940866785 0 0.7976434943)
(0.2374355902 0 0.2228491072)
(0.1564631993 0 0.1901730091)
(0.1575732054 0 0.2177525156)
(0.3637401247 0 -0.593912002)
(0.4103135684 0 -0.6824961698)
(0.2502329849 0 -0.336163266)
(0.4864220903 0 -0.8221364019)
(0.5984753645 0 -1.01506419)
(0.2711181744 0 -0.4016866852)
(0.7512465487 0 -1.253652074)
(0.9585364587 0 -1.506154677)
(0.3313428382 0 -0.7016623462)
(1.163124515 0 -1.521098388)
(0.9180350621 0 -0.7040287375)
(0.4044201569 0 -0.4632316061)
(0.4551228054 0 -0.4541256001)
(0.5053220825 0 -0.46904647)
(0.5028802138 0 -0.5057111831)
(0.5731146092 0 -0.4900285615)
(0.6306000927 0 -0.4924736161)
(0.70415799 0 -0.5898523944)
(0.6543231935 0 -0.4641556814)
(0.6135362305 0 -0.3953666886)
(0.81995002 0 -0.550646799)
(0.4853283515 0 -0.2865852142)
(0.3196621906 0 -0.1635125845)
(0.4375397638 0 -0.2278375845)
(0.2610915785 0 -0.08430193413)
(0.2894899388 0 -0.05845746148)
(0.2897402473 0 -0.03838939257)
(0.3062329317 0 -0.06076146155)
(0.2099036856 0 -0.1110368575)
(0.211559042 0 -0.1021121342)
(0.2277918811 0 -0.1463705212)
(0.2645470531 0 -0.1310430762)
(0.2555967773 0 -0.1243402407)
(0.3239953048 0 -0.1172233239)
(0.4239595051 0 -0.1205093989)
(0.4258154552 0 -0.1058316294)
(0.6049007552 0 -0.1780386292)
(0.7982693723 0 -0.2025656472)
(1.364351822 0 -0.2427954895)
(0.8093803642 0 0.1082466728)
(1.400607236 0 0.2805906065)
(1.453889883 0 0.2892588321)
(1.345596396 0 0.3217111959)
(1.095849436 0 0.272881049)
(1.216561761 0 0.3128878273)
(0.6620878336 0 0.1461079896)
(0.4257606759 0 0.1284719114)
(0.42013579 0 0.1176093889)
(0.359846455 0 0.1902972741)
(0.360773811 0 0.2119338284)
(0.3778010404 0 0.1968690621)
(0.3913224259 0 0.1954752104)
(0.3945569552 0 0.1749563003)
(0.3770945901 0 0.1590951397)
(0.3277103578 0 0.1428999295)
(0.2914329292 0 0.1372185977)
(0.2836366465 0 0.1057968129)
(0.2676578958 0 0.1348416963)
(0.2712157164 0 0.1345768332)
(0.4722706421 0 0.2707040737)
(0.4344940031 0 0.2673017762)
(0.5371708074 0 0.3870245478)
(0.783826545 0 0.6333337087)
(0.6163765245 0 0.3884702972)
(3.86911422 0 2.020499496)
(4.218392066 0 2.574680025)
(2.44702823 0 1.864261683)
(1.102923747 0 1.008568673)
(1.779141376 0 2.177767736)
(0.3274841886 0 0.2004115488)
(0.2517165825 0 0.1279745402)
(0.3000139377 0 0.2241162858)
(0.9753288741 0 -1.43900657)
(1.179798678 0 -1.606534321)
(0.9607510569 0 -1.488387231)
(1.41819152 0 -1.740272622)
(1.665546355 0 -1.78785919)
(1.4566929 0 -1.824041422)
(1.733755577 0 -1.583986991)
(0.500199473 0 -0.4457318577)
(0.7353166044 0 -0.5872815602)
(0.4258806476 0 -0.3739319459)
(0.4424486023 0 -0.363464592)
(0.4817712524 0 -0.4180195851)
(0.4553000063 0 -0.3489121299)
(0.449940427 0 -0.3212316184)
(0.537579496 0 -0.3977778094)
(0.4208631963 0 -0.281313762)
(0.3673507823 0 -0.2338104237)
(0.4627546484 0 -0.2921360159)
(0.2984786665 0 -0.1859552386)
(0.2480207734 0 -0.1460252806)
(0.2699153948 0 -0.1433819661)
(0.2519951927 0 -0.1187951542)
(0.2886829755 0 -0.0973899482)
(0.289615631 0 -0.07384005372)
(0.3039325629 0 -0.1213868973)
(0.3630317772 0 -0.2535823054)
(0.2657625573 0 -0.1738732527)
(0.4758004786 0 -0.3194711575)
(0.5321407393 0 -0.3171348302)
(0.3788161769 0 -0.219089874)
(0.5459395807 0 -0.266622969)
(0.6009373385 0 -0.2343539118)
(0.4703758358 0 -0.162578287)
(0.8362385632 0 -0.2568142309)
(0.8778946153 0 0.1396571467)
(0.8426724559 0 -0.01783347221)
(0.6848709186 0 0.1048107448)
(1.089948474 0 0.2154590578)
(1.281854353 0 0.2566631492)
(1.015120632 0 0.2274642916)
(0.7812441205 0 0.1699180969)
(0.9293635632 0 0.2184316595)
(0.5911153548 0 0.1337704061)
(0.4716247527 0 0.1550944999)
(0.4460862947 0 0.1416071447)
(0.3914214568 0 0.1998401752)
(0.3648173332 0 0.220478523)
(0.3583869159 0 0.2177061666)
(0.3680411207 0 0.2100212068)
(0.3933099073 0 0.1975797629)
(0.4045760329 0 0.1921353515)
(0.4590932844 0 0.2069861263)
(0.436060454 0 0.4036848199)
(0.351967023 0 0.1635958337)
(0.3295613218 0 0.2621826698)
(0.2454484686 0 0.1309407752)
(0.2256672394 0 0.1130491249)
(0.2339530015 0 0.1052005871)
(0.2321693083 0 0.08734138743)
(0.296789588 0 0.1508392559)
(0.2331593485 0 0.08190689072)
(1.417944604 0 0.6094596148)
(2.921074029 0 1.432214704)
(0.7490603986 0 0.4922392594)
(0.7426504235 0 0.6432361988)
(0.3919152626 0 0.2938681276)
(1.07174413 0 -1.272926082)
(1.221316663 0 -1.332448417)
(1.265489791 0 -1.529876309)
(1.343516386 0 -1.330575029)
(1.399671554 0 -1.247002811)
(1.643322811 0 -1.582038755)
(1.224809373 0 -0.9892269107)
(0.4196165225 0 -0.3583848565)
(0.4510545496 0 -0.3969182093)
(0.3752897115 0 -0.3066047064)
(0.378886077 0 -0.293782449)
(0.4006626565 0 -0.3160449992)
(0.3782408793 0 -0.280575931)
(0.3650261273 0 -0.2622576403)
(0.3836402191 0 -0.269220249)
(0.3295852222 0 -0.2494229423)
(0.275863361 0 -0.2699584229)
(0.3125939748 0 -0.2049608496)
(0.2367795197 0 -0.2945382995)
(0.2376766384 0 -0.2536903341)
(0.243619046 0 -0.1572185748)
(0.2706221217 0 -0.1747239312)
(0.306872101 0 -0.179472558)
(0.2920183468 0 -0.13475921)
(0.3671338344 0 -0.2333428744)
(0.493747326 0 -0.3126776076)
(0.4429594057 0 -0.2988762887)
(0.6038895747 0 -0.3550637483)
(0.6916650604 0 -0.3636909784)
(0.6368394167 0 -0.3609246211)
(0.7692376789 0 -0.3441241021)
(0.8861550045 0 -0.3149009631)
(0.7671015791 0 -0.2950010931)
(1.152461407 0 -0.2700723226)
(0.8421078327 0 0.2068642849)
(0.8730704975 0 0.2039136856)
(0.6389084709 0 0.09021224885)
(0.7412314111 0 0.128701376)
(0.8701250578 0 0.1638113115)
(0.7679367431 0 0.1457195212)
(0.7267851807 0 0.1525627328)
(0.7240311579 0 0.1510828095)
(0.6288597252 0 0.1582013717)
(0.5073513333 0 0.1756833419)
(0.4938368385 0 0.1668847831)
(0.4191072553 0 0.2051905392)
(0.3876918209 0 0.2200579307)
(0.3754335102 0 0.2213344808)
(0.3818588221 0 0.2138129229)
(0.3860310791 0 0.2014531607)
(0.3852536781 0 0.1997760151)
(0.4488239184 0 0.1790468049)
(0.6367006243 0 0.3498352637)
(0.6679783226 0 0.4244267115)
(0.7579938564 0 0.5017700041)
(0.7897323026 0 0.5683138013)
(0.7897582575 0 0.5959901055)
(0.7359510643 0 0.5545472413)
(0.5993494145 0 0.4549690971)
(0.4949096966 0 0.3663022653)
(0.4400128577 0 0.3144269698)
(0.4429634995 0 0.2055533853)
(0.52342655 0 0.1300132371)
(0.8324142374 0 0.4046295654)
(1.08836956 0 0.6809671214)
(1.045847383 0 0.7671272451)
(0.7649821784 0 -0.6767521353)
(0.6523705536 0 -0.5513844241)
(0.9936808588 0 -0.8445217026)
(0.5016499933 0 -0.4284662553)
(0.4026552978 0 -0.3671727287)
(0.3908999195 0 -0.3417880302)
(0.4322742721 0 -0.3990439045)
(0.4989581953 0 -0.4740570767)
(0.4398528446 0 -0.4014266403)
(0.5915532623 0 -0.5714876651)
(0.6880507821 0 -0.652136294)
(0.570215189 0 -0.5468101583)
(0.7618006131 0 -0.6817909136)
(0.8108028887 0 -0.6605145245)
(0.5627696667 0 -0.5205947972)
(0.8575565301 0 -0.5935722017)
(0.8557212498 0 -0.3842195354)
(0.5635363225 0 -0.3690451472)
(0.5400167876 0 0.02966759459)
(0.3774518519 0 -0.20913405)
(0.3422454486 0 -0.2022748149)
(0.4472340464 0 -0.256348954)
(0.543217278 0 -0.3017217247)
(0.5244890127 0 -0.3106805879)
(0.6368455315 0 -0.3242574574)
(0.7269542382 0 -0.327702107)
(0.7176105661 0 -0.3488080463)
(0.8228334862 0 -0.3126628626)
(0.9480187696 0 -0.2795522292)
(0.9403722176 0 -0.3040485598)
(1.120364988 0 -0.2022693725)
(0.7455465867 0 0.1500372837)
(0.7965515684 0 0.1823060627)
(0.6106540948 0 0.07560271936)
(0.7189582144 0 0.1131436879)
(0.7167998514 0 0.1171885666)
(0.7704101257 0 0.1412186014)
(0.7330291073 0 0.1612879497)
(0.7365896241 0 0.157935546)
(0.6229840964 0 0.1692561883)
(0.4985544284 0 0.1797303357)
(0.5090337178 0 0.1803121111)
(0.4319129286 0 0.1990707039)
(0.4140863401 0 0.2110961875)
(0.4006142558 0 0.2165103591)
(0.4088414803 0 0.2102129936)
(0.4058913146 0 0.2035743244)
(0.3937028989 0 0.202762817)
(0.4142643665 0 0.1815263978)
(0.5078611011 0 0.2546483812)
(0.5621614001 0 0.2892898964)
(0.6271706968 0 0.3780066926)
(0.6790119825 0 0.4496826088)
(0.7322794315 0 0.5031554138)
(0.6720812249 0 0.4693246777)
(0.6184275582 0 0.4450252724)
(0.6226060124 0 0.461163845)
(0.529955095 0 0.3839571927)
(0.4664860845 0 0.322024526)
(0.4512157203 0 0.2864803885)
(0.5121344863 0 -0.4680278007)
(0.5732120728 0 -0.5214966286)
(0.5412097264 0 -0.5074982052)
(0.6645784572 0 -0.5888476057)
(0.7648841793 0 -0.6403847812)
(0.7425877175 0 -0.6631662476)
(0.8552123391 0 -0.6551113582)
(0.9189130603 0 -0.6192185528)
(0.9116382115 0 -0.6681248688)
(0.918837134 0 -0.5057057657)
(0.7645211795 0 -0.2636164394)
(0.8795778823 0 -0.3253509578)
(0.506586868 0 -0.04345592768)
(0.4264762335 0 -0.2184147386)
(0.4049895951 0 -0.2141305906)
(0.4850720086 0 -0.2460607794)
(0.5610817818 0 -0.276262684)
(0.5545771113 0 -0.289624878)
(0.6384323314 0 -0.2860749191)
(0.7157329079 0 -0.2818243971)
(0.7252316081 0 -0.3047377736)
(0.7970403408 0 -0.2621051775)
(0.8866047141 0 -0.2226737278)
(0.9262796609 0 -0.2510144343)
(0.964228016 0 -0.1424830166)
(0.650078864 0 0.09242332777)
(0.69565095 0 0.1190891451)
(0.5691087579 0 0.05818079929)
(0.6872266469 0 0.1015955465)
(0.7122668267 0 0.1086021653)
(0.7227648855 0 0.1349122154)
(0.6610665088 0 0.1527344223)
(0.7088438086 0 0.1603019927)
(0.5449614463 0 0.1547368881)
(0.4669465905 0 0.1645888464)
(0.480782945 0 0.1738422417)
(0.4476434315 0 0.1836382423)
(0.4436298374 0 0.1984869424)
(0.4282832345 0 0.2047318069)
(0.442500284 0 0.2042164353)
(0.4348971087 0 0.2035214612)
(0.4210216592 0 0.2038223221)
(0.416666881 0 0.1855307124)
(0.4664656006 0 0.2302767985)
(0.4789813099 0 0.2377439115)
(0.5592007332 0 0.3219225828)
(0.6073040426 0 0.3813823404)
(0.6377111971 0 0.4101756454)
(0.6796033799 0 -0.545197514)
(0.7553059813 0 -0.563113666)
(0.76726776 0 -0.6045472454)
(0.8055826893 0 -0.5457843293)
(0.8119740337 0 -0.4872607452)
(0.8757661578 0 -0.552809945)
(0.7373321834 0 -0.3752257145)
(0.5795806911 0 -0.2250369724)
(0.6497118469 0 -0.2315803567)
(0.4743039055 0 -0.1421099942)
(0.4605095388 0 -0.2225373072)
(0.4440041962 0 -0.2210643473)
(0.5073290378 0 -0.2347448316)
(0.5649352349 0 -0.2496052943)
(0.5641803268 0 -0.2627037687)
(0.625130249 0 -0.2508342921)
(0.6833370179 0 -0.2398482762)
(0.7010734608 0 -0.260006285)
(0.7386091018 0 -0.2153174924)
(0.7863117332 0 -0.1734923464)
(0.8377497351 0 -0.1965252774)
(0.8024539849 0 -0.1029177553)
(0.5767225407 0 0.05233279599)
(0.6100956438 0 0.07032440202)
(0.5334093417 0 0.03974437093)
(0.5887573628 0 0.08091547187)
(0.6434350364 0 0.09210541417)
(0.5900736911 0 0.1067879675)
(0.5272509151 0 0.1167467803)
(0.5937385929 0 0.1372144062)
(0.4818508938 0 0.1262986212)
(0.4748508255 0 0.1473478883)
(0.4657105478 0 0.1551601455)
(0.4753704535 0 0.1691072346)
(0.4761562709 0 0.1865232313)
(0.4603344682 0 0.1928561792)
(0.473188603 0 0.1951316941)
(0.4548365901 0 0.1983840914)
(0.4502148775 0 0.1997747522)
(0.4220639558 0 0.179830743)
(0.4873462396 0 0.2386964975)
(0.4621593859 0 0.2266441047)
(0.4758800956 0 -0.1968929742)
(0.4982658381 0 -0.2241909877)
(0.478631946 0 -0.2234929279)
(0.5260228201 0 -0.2229424395)
(0.5634317554 0 -0.2266482728)
(0.5644361649 0 -0.2374581983)
(0.6060557138 0 -0.2214397457)
(0.6446365937 0 -0.2053606519)
(0.6641219774 0 -0.2216038713)
(0.6743956724 0 -0.1779000571)
(0.6896855714 0 -0.1371649759)
(0.7363203828 0 -0.1537766321)
(0.6753900125 0 -0.07932112839)
(0.5349280872 0 0.02622459339)
(0.5513012633 0 0.03787884553)
(0.5381278308 0 0.02288980135)
(0.5092056871 0 0.06148146534)
(0.5394487756 0 0.06992794133)
(0.4944320052 0 0.06977965083)
(0.4927612951 0 0.08938746211)
(0.4935666462 0 0.0998067515)
(0.4984638826 0 0.1111711844)
(0.5024657719 0 0.1363192744)
(0.4887208286 0 0.140980546)
)
;

boundaryField
{
    dominio_ascii
    {
        type            zeroGradient;
    }
    wallFilmFaces_top
    {
        type            fixedValue;
        value           uniform (0 0 0);
    }
    region0_to_wallFilmRegion_wallFilmFaces
    {
        type            slip;
    }
}


// ************************************************************************* //
