/*--------------------------------*- C++ -*----------------------------------*\
| =========                 |                                                 |
| \\      /  F ield         | OpenFOAM: The Open Source CFD Toolbox           |
|  \\    /   O peration     | Version:  2.1.x                                 |
|   \\  /    A nd           | Web:      www.OpenFOAM.org                      |
|    \\/     M anipulation  |                                                 |
\*---------------------------------------------------------------------------*/
FoamFile
{
    version     2.0;
    format      ascii;
    class       volScalarField;
    location    "2.2";
    object      deltaf;
}
// * * * * * * * * * * * * * * * * * * * * * * * * * * * * * * * * * * * * * //

dimensions      [0 1 0 0 0 0 0];

internalField   nonuniform List<scalar> 
2828
(
1.277052347e-05
3.272871566e-05
7.133483573e-06
4.719557393e-06
1.048853288e-05
1.069504953e-05
9.325972481e-06
6.954932725e-06
9.42568332e-06
1.97454102e-05
6.975363386e-05
1.420068062e-05
1.105252851e-05
1.063366164e-05
5.061222349e-06
3.612288611e-06
4.240338199e-06
1.498042619e-05
1.280220406e-05
1.579078017e-05
1.856290715e-05
4.294379226e-06
5.419042561e-06
4.91057428e-05
4.694379099e-05
2.561105833e-05
1.547357548e-05
9.838080715e-06
3.093028955e-06
1.755247985e-06
2.337696112e-06
6.304050978e-06
1.585295799e-05
4.916645438e-05
1.744662182e-05
3.329779199e-05
5.158853504e-05
3.436922494e-05
6.712924647e-06
1.76401881e-05
4.403326333e-05
1.123539898e-05
1.005444758e-05
1.528859372e-05
5.029096991e-06
1.455092346e-06
8.885526098e-07
1.410667577e-06
3.82033618e-06
1.046752511e-05
1.985793156e-05
2.487657562e-05
0.000128724474
7.15289256e-05
3.293754346e-05
4.978608115e-05
2.931403022e-05
1.561210287e-05
1.964089722e-05
3.532600267e-05
2.142331488e-05
5.835236112e-06
1.896717088e-06
1.75743159e-05
2.079111495e-06
2.337507313e-06
1.205866875e-06
1.082877505e-06
3.020894973e-06
7.213021234e-06
1.307889455e-05
2.053708674e-05
2.498499419e-05
0.0001143128506
0.000123653449
8.518332705e-05
3.811106158e-05
2.098625168e-05
7.488314233e-06
3.779752622e-06
1.601967071e-05
4.226752282e-05
7.526274513e-06
1.973680682e-06
6.339420996e-07
6.936826002e-06
1.279792868e-06
1.076577248e-05
4.056602791e-06
1.364835574e-06
2.530264209e-06
4.216999049e-06
6.115525915e-06
9.395902743e-06
1.411392104e-05
7.967477705e-06
1.034635376e-05
7.266129476e-05
0.0001237107833
7.051872831e-05
1.96696683e-05
7.785408364e-06
2.444278956e-06
5.740559153e-07
3.093503324e-06
3.866778312e-05
5.290740622e-06
2.192486946e-06
1.073785316e-06
1.072431132e-06
9.249509122e-07
1.985077693e-05
9.211252002e-06
2.432170225e-06
2.330323859e-06
2.656377395e-06
2.981074716e-06
4.143427341e-06
5.861654197e-06
5.424096293e-06
8.414909444e-07
4.18192862e-05
6.751371415e-05
0.0001699754219
3.073093066e-05
8.233488248e-06
6.005094499e-06
3.366588151e-06
5.336759812e-07
1.79091365e-06
8.170714891e-06
4.663781362e-06
1.850066123e-06
8.578952458e-07
7.40913418e-07
2.826108158e-06
1.68948806e-05
1.442009125e-05
4.288671135e-06
2.546809256e-06
2.178041366e-06
2.0273753e-06
2.486825763e-06
4.142853035e-06
1.048352194e-05
2.104306031e-05
4.930861189e-05
6.309399397e-05
0.0002978863499
0.0002477270149
1.568868642e-05
1.02936541e-05
1.438941687e-05
3.303203611e-05
3.212577683e-05
4.744739577e-06
3.105891542e-06
1.534177925e-06
6.157411556e-07
5.486082685e-07
7.075006919e-06
8.271669088e-06
2.077184541e-05
1.788310003e-05
1.008441762e-05
3.367654175e-06
2.208961078e-06
2.06814831e-06
2.716930338e-06
4.14292824e-06
7.423390139e-06
1.616967906e-05
2.183096727e-05
0.0002968846255
0.0003023289015
0.0003006981221
0.0003600047852
0.00031634849
7.005946893e-05
4.271225545e-05
1.859685729e-05
1.204374251e-05
6.871140812e-06
3.531848418e-06
2.04607783e-06
9.227797767e-07
1.693993054e-06
1.449738768e-05
3.303202195e-05
2.540621197e-05
0.0002268038166
1.395680191e-05
2.209263176e-05
5.985098046e-06
3.309841584e-06
4.520390144e-06
8.124473916e-06
8.733711022e-06
9.681137373e-06
1.716660092e-05
1.942704909e-05
0.0005919088719
0.0007971019854
0.0008340915043
0.0006766437277
0.0004129601462
0.0003109466321
0.000237509236
4.317089954e-05
1.085493168e-05
4.826844442e-06
3.128320078e-06
6.07865289e-06
1.716022627e-06
2.013075096e-05
4.662009541e-05
3.355125686e-05
9.897227137e-06
4.244905186e-07
4.872745705e-06
2.218635963e-05
2.126133145e-05
1.624947388e-05
3.549633675e-05
5.00712921e-05
2.993082847e-05
1.235059113e-05
4.083434837e-06
4.117073444e-06
0.0004678819811
0.0006813884753
0.0007153336363
0.0006115427777
0.0005617488722
0.0005820640229
0.0004953720197
0.0003319946577
6.743809458e-06
3.937388511e-06
1.936145413e-05
4.231246583e-05
6.568954288e-06
3.320726006e-05
2.991479108e-05
1.260047449e-05
2.287368733e-06
6.230146143e-08
1.139242536e-06
9.051077509e-06
3.892388464e-05
7.402941901e-05
0.0001044542702
9.927869136e-05
5.472206234e-05
1.558044147e-05
2.308011537e-06
1.828914962e-06
2.552157836e-06
0.0003266992573
0.0004661843964
0.000580820935
0.0006790474244
0.000800741675
0.0008933408137
0.0008382690997
0.0005976933767
6.002639944e-06
1.00007653e-05
4.997191394e-05
5.318588267e-05
1.184039573e-05
1.877781518e-05
1.108839822e-05
4.326468831e-06
8.732456408e-07
2.298350952e-08
2.812403879e-07
2.334442049e-06
1.871485918e-05
4.666062432e-05
7.227650181e-05
8.339210136e-05
6.03674021e-05
2.303313113e-05
3.77395507e-06
3.728336257e-06
4.37837485e-06
0.0002203111803
0.0002432549849
0.0003447874554
0.0005018158551
0.0007117608645
0.0009789219246
0.001226010773
0.001244511712
0.0008483931441
4.424701762e-05
1.506982986e-05
1.353704965e-05
7.7153993e-06
2.985320206e-06
6.126883279e-06
3.050234199e-06
1.265752243e-06
5.954428888e-07
2.355493624e-08
1.937577888e-07
7.621751461e-07
6.572477542e-06
2.541740708e-05
5.024112156e-05
7.205480016e-05
5.882608734e-05
4.7230363e-05
1.522878928e-05
3.863542017e-06
2.067587057e-06
0.0002264944293
0.0001889172198
0.0001962798864
0.00031895845
0.0005743691147
0.001006410001
0.001495419869
0.001637504773
0.001059893102
5.23003347e-05
6.419272781e-05
3.610262723e-05
6.971714383e-07
8.124750247e-07
1.154933407e-06
1.100282893e-06
8.883975422e-07
1.519709465e-06
6.952557303e-08
3.515768237e-07
4.382050511e-07
2.132662044e-06
1.092537155e-05
2.912462036e-05
5.17746144e-05
3.975006836e-05
2.807622188e-05
3.978585614e-05
1.097607989e-05
9.339119775e-07
0.0002143873813
0.0001641725193
0.0001094179566
0.0001273878741
0.0002913044516
0.0008260937617
0.001576266301
0.001936687681
0.00131603272
1.262773333e-06
4.784306442e-06
4.945419217e-06
1.801006614e-07
2.392316119e-07
3.441664339e-07
3.647314924e-07
5.654452587e-06
1.038577401e-05
1.186570577e-05
2.101698576e-06
5.067250298e-07
5.637087656e-07
3.296357436e-06
1.380743279e-05
3.71276667e-05
2.048442721e-05
3.586665474e-06
6.183018306e-06
1.547769961e-05
1.849885879e-06
0.0001787484441
0.0001428404653
0.0001005806797
0.0001113773885
0.0001589038864
0.0004652483931
0.001437556645
0.002060692761
0.000750761815
1.056912925e-07
1.565102161e-07
1.442490452e-07
5.223026804e-08
5.10660212e-08
1.304719799e-07
7.673707079e-08
1.124211788e-06
3.066181278e-06
1.263623454e-05
2.181692155e-05
8.995559388e-06
3.283485784e-06
4.762462841e-06
1.359804567e-05
2.417594047e-05
1.512077813e-05
2.391294166e-06
3.316255747e-06
1.119955917e-05
3.147172811e-05
0.0001400024554
0.0001048498877
9.006577633e-05
0.0001255857253
0.0001757929473
0.0002684591889
0.00116238738
0.001819105311
0.001625597887
2.862334886e-06
1.639880745e-05
9.493643381e-05
0.0001651355328
0.0001637047402
9.443893487e-05
1.827100935e-05
1.303891966e-06
9.723268878e-07
2.329558269e-06
9.64320617e-06
2.26681862e-05
1.784660589e-05
1.815959775e-05
3.172012982e-05
1.281251725e-05
3.029546824e-06
6.807703413e-06
2.077677242e-05
2.873659837e-05
4.009496959e-06
2.58848932e-05
6.600875255e-05
0.0001310692755
0.0001871771124
0.0002106160005
0.0008618931958
0.001660032274
0.001905697581
0.0001553551002
0.0001855197552
0.0001804596797
0.000165234637
0.0001777876964
0.0001816142078
8.368633138e-05
6.694310018e-06
1.444202212e-06
1.404345103e-06
2.912317014e-06
9.065655897e-06
2.442598576e-05
4.073992131e-05
2.612961595e-05
3.38743994e-06
4.670044511e-06
2.483112613e-05
2.510309614e-05
5.366155352e-06
6.094736908e-06
2.666819128e-05
8.335717906e-05
0.0001450869455
0.0001761284069
0.000164838475
0.0005202103011
0.001546233822
0.001689766443
0.0008627483204
0.0003217924446
0.0001497435436
5.929000868e-05
0.0001088522388
0.0002129148045
0.0001689648647
0.0001131707427
5.38390783e-06
4.40151406e-06
1.097623224e-05
0.0001207128678
0.0001419936486
9.035423941e-05
1.965407352e-05
2.441052036e-06
2.545039009e-06
6.732483907e-06
5.38559545e-06
8.777435934e-06
1.149952767e-05
1.577729621e-05
0.000106869408
0.000152654839
0.0001423337758
0.0001100059448
0.0001783981243
0.0009118910175
0.000902297955
0.0009377140561
0.0004861083145
0.0001389399928
8.074475608e-05
9.641747313e-05
0.0001688770432
0.0002094933899
0.0001037249266
4.962429696e-05
7.653771474e-05
8.648640268e-05
4.926177947e-05
4.168268449e-05
9.012312646e-05
5.521510454e-05
1.064412493e-05
2.586687552e-06
2.643430035e-06
5.076196503e-06
1.010013661e-05
0.0002041728373
0.0001309846258
8.405548904e-05
5.987676082e-05
6.485667946e-05
0.0005556243598
0.000340365017
0.0008846887418
0.0004425505271
0.0001582847204
0.0001572266844
0.0001537994929
0.000143639531
0.0001787795168
0.0001845796895
0.0001186152304
1.850543773e-05
3.283506459e-06
3.848069108e-05
7.195503057e-06
3.202703621e-06
7.120248299e-06
1.859338976e-05
9.061846552e-06
2.142999321e-06
2.778678084e-06
3.833197085e-06
1.113490904e-06
3.200561471e-05
3.779168975e-05
4.674225282e-05
6.450186068e-05
0.0001070332307
0.0004465704738
0.0004176472222
0.0002184824667
7.325922274e-05
9.360556546e-05
0.000123272547
8.783400794e-05
7.266716827e-05
6.957903085e-05
5.787040284e-05
3.269789094e-05
2.261341766e-05
3.727895016e-05
1.634003369e-05
4.371074222e-07
1.866563429e-06
7.009860427e-06
5.06591611e-06
1.561596118e-06
1.645145995e-06
5.459119237e-05
3.079231205e-05
6.022626305e-05
7.973070587e-05
8.024821679e-05
0.0001339610287
0.0001774978869
7.208377651e-05
2.964939648e-05
5.670295312e-05
0.0001093492824
7.729883503e-05
6.695918207e-05
5.931725046e-05
5.698873702e-05
0.0001002149676
0.000132802413
4.104938151e-05
2.84340433e-05
2.340849866e-05
3.855889e-06
4.525846327e-06
2.230459808e-06
7.427116599e-07
1.331921179e-06
1.469045676e-06
3.191854326e-05
6.75910228e-05
0.0001017861427
0.0001084214768
0.00012165598
7.259533477e-05
1.471786457e-05
1.448641112e-05
4.944358879e-05
8.576281505e-05
5.913332495e-05
6.574128204e-05
6.263712097e-05
4.6290448e-05
2.967741713e-05
2.861998359e-05
3.227566172e-05
3.155918721e-05
2.092567595e-05
1.016960089e-05
1.593245833e-06
2.240799017e-06
3.645228374e-06
4.881696356e-06
4.879910718e-05
0.0001147796036
0.0001568057357
0.000223184646
0.0001929612225
7.609616161e-05
1.622902902e-05
1.6973335e-05
2.931339192e-05
4.366733533e-05
5.956310144e-05
6.558079487e-05
5.348699804e-05
2.908671562e-05
1.753972277e-05
2.490159499e-05
3.232383661e-05
2.935733257e-05
9.837043888e-06
1.523386921e-06
6.531612839e-06
5.008769788e-05
0.000104058371
0.0001660645316
0.0002427080725
0.0002930634149
0.0001852808904
5.316526983e-05
1.850037158e-05
1.52255203e-05
2.810375523e-05
4.661479834e-05
6.351193026e-05
6.337794218e-05
3.722919519e-05
1.085375624e-05
1.214823853e-05
2.311719201e-05
3.574088804e-05
2.640264582e-05
1.173202702e-05
0.0001499253959
0.0001976331441
0.0002464474231
0.0001623816491
1.711788979e-05
6.781455095e-06
6.6916017e-06
1.334386659e-05
2.853005486e-05
5.197631706e-05
7.031367914e-05
5.307365883e-05
1.433282739e-05
1.864435938e-06
6.023104525e-06
1.94078399e-05
8.082274188e-05
0.0001746624707
0.0002739784177
0.0001341674787
1.321740694e-05
7.169149888e-06
3.450115735e-06
4.017431528e-06
1.100035143e-05
2.977298544e-05
6.52033403e-05
7.184748286e-05
3.189194989e-05
3.005082497e-07
1.189187425e-06
1.828913488e-05
1.037226575e-05
4.078797683e-06
1.076213165e-06
1.381938291e-06
6.036060927e-06
3.161464168e-05
8.26901694e-05
7.299495537e-05
9.311318123e-06
8.750443242e-06
8.983538509e-06
1.104512921e-05
1.314457493e-05
1.401077092e-05
1.316030554e-05
2.88967916e-05
1.543020878e-05
5.647372615e-05
6.046121686e-05
4.451283789e-05
9.268725307e-06
6.915012295e-06
5.255321865e-06
7.058799481e-06
1.018534722e-05
7.786353184e-06
1.110583208e-05
7.761987649e-06
6.029999962e-06
4.757218293e-06
4.177178508e-06
1.254820811e-05
1.144805873e-05
1.057206836e-05
1.009166612e-05
9.881966469e-06
9.373910931e-06
7.084199264e-06
8.389756334e-06
2.466629059e-06
2.532649525e-06
3.679490148e-06
3.169209534e-06
5.521864888e-06
6.013318681e-06
9.162216712e-06
1.293158747e-05
1.721630625e-05
1.551058953e-05
1.547971383e-05
1.402253528e-05
1.267577809e-05
1.745692473e-05
1.824914189e-05
1.983038517e-05
0.0001253581062
0.0001506303882
0.000146569232
5.829851255e-05
2.145747179e-05
2.014688921e-05
1.721372741e-05
2.144121305e-05
2.232820931e-05
2.536114206e-05
2.754267443e-05
0.0001194661998
0.000142386941
0.0001400337062
2.008800963e-05
1.549425994e-05
3.563238788e-05
6.250029489e-05
7.891576179e-05
5.521519613e-06
5.783958524e-06
7.641110098e-05
4.708254727e-05
3.550362853e-05
3.009275623e-05
8.585880642e-06
1.363584305e-05
6.606314129e-06
1.858183168e-05
1.362275796e-05
2.396349618e-05
3.633093512e-05
1.517412167e-05
1.906764861e-05
2.171285807e-05
0.0001380394268
7.551912294e-05
2.169935724e-05
0.0005295841986
0.0006198009256
0.0002601250825
1.160185914e-05
1.389812207e-05
1.893818673e-05
0.0004985970613
0.0005620218036
0.0006895293687
0.0006967375853
1.996509826e-06
2.934357051e-06
6.429926973e-06
3.201138262e-06
0.0003309857203
0.0003985265114
2.544479511e-06
0.0002345159361
0.0002532643127
0.0002889869451
2.03910825e-06
1.706598134e-06
0.0002219633196
0.0002134649147
0.000226430239
9.464899866e-07
6.355324742e-07
1.438889282e-06
0.000224527327
0.0002027292428
0.0002078781633
1.665590563e-06
8.088761936e-07
5.573585537e-07
0.0001972530973
0.0001815146211
0.0001943573733
1.7344853e-05
2.639034566e-05
6.338336651e-07
0.0001564851663
0.0001464249699
0.000166769401
2.089628924e-05
8.670584999e-06
3.051518325e-05
6.749150363e-05
0.0001217510867
4.096560326e-06
2.946607791e-06
1.124001182e-06
2.739390276e-05
8.710823753e-06
1.468742014e-06
4.496382703e-05
6.180488965e-05
5.265237742e-05
1.013768066e-05
1.272805985e-05
1.141704131e-05
7.989096713e-06
9.958214224e-05
5.872170854e-05
7.892673539e-06
9.451853874e-06
1.20012181e-05
0.0002333641285
0.0002351706298
2.371461263e-06
9.72056732e-07
4.398185372e-05
1.951443602e-05
1.509613414e-06
1.569343203e-06
1.679866074e-06
9.357628531e-05
8.530211948e-07
1.270626109e-05
3.702346351e-05
1.385365183e-06
1.773141881e-06
9.43440966e-07
5.710952666e-05
2.812849913e-05
6.26064092e-06
3.458936139e-06
2.635081458e-05
1.454494246e-05
8.38124823e-06
8.247033516e-06
7.46207154e-05
7.295390219e-05
9.650996858e-05
0.0001209221278
0.00013406837
4.639295945e-05
3.81500123e-10
2.333346225e-07
2.652713039e-10
9.883362471e-06
0.0001248811426
0.0001500519802
0.0001672839341
0.0001781523529
5.386923523e-07
8.360657337e-07
3.829626335e-05
0.0001794806082
0.0002727204412
0.0002583116176
0.000179816083
0.0001156653604
2.269883019e-05
2.292216533e-05
5.008524577e-05
1.485440052e-06
4.253439777e-07
7.020257687e-07
4.969422272e-07
3.349278019e-07
4.7209859e-07
2.039204121e-05
1.438188621e-05
7.152954796e-06
7.322328689e-06
5.189920326e-06
3.199362757e-06
2.101313242e-06
1.41384725e-06
3.566544209e-07
8.983001896e-07
4.53088798e-08
3.89798563e-08
2.777995794e-06
1.369682631e-07
6.226743595e-07
1.364134484e-05
1.319085689e-06
8.291518247e-05
7.7289486e-05
5.237347143e-06
5.203422825e-06
7.052679907e-06
6.595203515e-06
1.128870958e-05
1.157938387e-05
3.400673344e-05
6.324447474e-05
4.89525423e-05
6.530836238e-05
4.584794841e-05
5.953510972e-05
2.169399548e-05
8.460493849e-06
8.412276086e-06
1.487440145e-05
1.501540129e-05
1.264873536e-05
1.056495052e-05
6.398497707e-06
7.168625699e-06
4.061646075e-06
2.908703554e-06
3.866522102e-06
1.746895885e-05
2.50735593e-05
1.280448838e-05
3.526059124e-05
3.894207736e-05
1.963157148e-05
3.253409765e-05
1.939098967e-05
1.134373834e-05
4.416175245e-06
4.947640225e-06
4.2601405e-06
8.120727777e-06
2.980590869e-05
1.722081969e-05
5.437813878e-05
4.670883094e-05
6.259951239e-05
2.568390099e-05
1.235969535e-05
2.729861536e-05
2.081340241e-05
1.449926011e-05
1.014509064e-05
1.471621553e-05
1.195815135e-05
1.493194777e-05
7.628356527e-06
3.932014501e-06
5.365769293e-06
2.159073922e-06
1.443469323e-06
2.1017258e-06
1.223385881e-06
1.338037266e-06
1.833332525e-06
1.781452878e-06
2.756506395e-06
3.606832321e-06
4.709001336e-06
8.111502112e-06
1.167034236e-05
2.267462404e-05
3.622100551e-05
2.197306846e-05
5.055254222e-05
5.360083279e-05
4.681088413e-05
4.607725897e-05
3.51795452e-05
4.578132369e-05
2.551752796e-05
1.805919029e-05
2.11912701e-05
1.251486915e-05
1.875488686e-05
9.268219034e-06
2.768782175e-05
3.781126335e-05
4.029683559e-05
2.844575073e-05
1.376948662e-05
2.578208664e-05
6.251279237e-06
3.298598558e-06
4.714717546e-06
2.484156347e-06
4.733740112e-06
1.138635577e-05
1.58394143e-05
7.281502429e-06
8.852339703e-06
3.104407459e-06
1.373118388e-06
2.458072331e-06
1.334733341e-06
1.078498247e-06
1.034247467e-06
8.315507763e-07
8.50446282e-07
1.008649554e-06
1.181584482e-06
1.917560111e-06
2.23716157e-06
3.329436239e-06
5.634256354e-06
6.536773115e-06
8.827382686e-06
1.279279468e-05
1.535910758e-05
0.000126317089
0.0001885746178
0.0001766660852
8.004335994e-05
3.087575153e-05
2.456787336e-05
4.079705022e-05
4.426361696e-05
4.776152758e-05
3.525124297e-05
2.377924762e-05
4.061396919e-05
1.530900867e-05
1.035632057e-05
2.065768304e-05
8.357254258e-06
9.948115265e-06
1.435426864e-05
2.194228675e-05
4.114646401e-05
3.100547716e-05
3.740116602e-05
2.499983854e-05
3.403614161e-05
1.274925926e-05
6.007304628e-06
1.084230239e-05
3.165403981e-06
1.819490047e-06
3.665684398e-06
9.93902484e-07
3.780275271e-06
6.204844102e-06
1.35585098e-05
8.581636064e-06
7.997004491e-06
1.733349914e-06
5.766595425e-07
7.688999966e-07
5.331168615e-06
3.988636441e-06
1.907411629e-06
2.22723256e-06
1.275627309e-06
9.094767207e-07
1.13154496e-06
1.664003792e-06
1.733614152e-06
2.762733105e-06
4.121117917e-06
4.893697276e-06
5.596954304e-06
7.223247507e-06
9.943397999e-06
9.120504629e-06
1.146627504e-05
1.657221143e-05
1.437622528e-05
1.919854086e-05
2.59156504e-05
0.0001088371407
0.000167004296
0.0001546033718
0.0001195782766
0.0002129186509
0.0002011239674
8.295775725e-05
3.44908e-05
3.617484007e-05
2.890279538e-05
2.038015008e-05
3.181637154e-05
1.219258217e-05
6.922039267e-06
1.255824113e-05
3.883454647e-06
2.190294481e-06
4.793531909e-06
1.392257062e-06
1.273911328e-06
4.776700168e-06
8.28596124e-06
3.294313301e-05
4.529376289e-05
5.004556051e-05
1.957428956e-05
1.880675813e-05
5.093637472e-06
2.468358297e-06
3.515121063e-06
1.573128036e-06
1.112550345e-06
1.210239106e-06
5.986077005e-07
8.878376121e-07
1.735810847e-06
2.588043801e-06
2.02172786e-06
5.886917812e-06
7.349809499e-07
9.911248518e-07
6.545075059e-07
1.666841334e-05
1.226262213e-05
7.665296255e-06
6.54495463e-06
3.204342876e-06
2.04274709e-06
1.807103837e-06
1.873430999e-06
1.712429067e-06
2.37624109e-06
2.85667823e-06
3.395950743e-06
3.242762065e-06
3.628243271e-06
5.075341959e-06
4.146708277e-06
4.940463089e-06
7.516013454e-06
6.104923222e-06
8.724505845e-06
1.317094302e-05
9.230538546e-06
6.800433844e-06
1.045343227e-05
4.39817944e-05
0.0002332941129
0.0001823095914
0.0001405899674
0.0002451986725
0.0002282962324
5.044155741e-05
1.794683765e-05
2.694296871e-05
1.282475484e-05
8.906895404e-06
1.30191423e-05
5.977625783e-06
3.950925267e-06
4.518795748e-06
2.211523592e-06
9.257707882e-07
1.167549948e-06
4.339222445e-07
3.086073714e-07
3.595934852e-07
1.436556802e-06
6.698341313e-06
1.574907276e-05
1.983781253e-05
2.832703645e-05
3.035196112e-05
7.348255394e-06
3.876589535e-06
2.853113965e-06
3.115814631e-06
2.407054342e-06
1.873883839e-06
1.600926162e-06
1.76532674e-06
1.111811423e-06
8.536094184e-07
3.003685444e-07
9.812330687e-08
1.729472094e-06
2.667921835e-06
1.680169308e-06
1.950450638e-05
1.809738837e-05
1.610175545e-05
1.178927586e-05
6.136475092e-06
4.598605228e-06
3.208934908e-06
2.460798574e-06
2.123914255e-06
2.386041343e-06
2.381704182e-06
2.53608111e-06
2.337209226e-06
2.297657092e-06
2.767849727e-06
2.342961082e-06
2.560907787e-06
3.409113025e-06
3.036027949e-06
3.86487222e-06
5.698080482e-06
4.407045741e-06
5.622486181e-06
5.114651857e-06
3.493761482e-05
4.744012474e-05
4.094555886e-05
0.0001631066024
0.0002814077956
0.000224805829
0.0001863792265
0.000231789887
0.0002459917321
1.835416918e-05
6.587118518e-06
1.055015717e-05
5.874570194e-06
6.878020895e-06
6.849580096e-06
8.705225137e-06
1.139949915e-05
5.243536938e-06
1.17920151e-05
7.488446687e-06
1.184439033e-06
3.694271919e-06
2.361446665e-06
4.855003772e-07
4.194116591e-06
4.277025014e-06
4.224890424e-06
3.291954746e-06
2.729157795e-06
1.30345067e-05
2.225611221e-06
1.575357608e-06
2.509839771e-06
1.045465608e-06
6.475806201e-07
1.292967517e-06
4.083545197e-07
7.062873409e-07
1.000995567e-06
2.04410075e-06
3.397709919e-06
1.083487693e-06
4.526964745e-06
5.956618678e-06
3.95856558e-06
1.416134303e-05
1.609507507e-05
1.804834638e-05
1.684726826e-05
1.155311771e-05
8.178062129e-06
6.252763266e-06
3.788467413e-06
2.951353597e-06
2.850097694e-06
2.398917289e-06
2.341399728e-06
2.131553659e-06
1.973009532e-06
2.058237163e-06
1.932157939e-06
2.049393782e-06
2.147750797e-06
2.363202703e-06
2.919621657e-06
3.123015591e-06
3.806650615e-06
5.188502503e-06
6.522972528e-06
7.299155789e-06
1.052594403e-05
1.519522592e-05
0.0001447081959
0.0001661240989
3.313593237e-05
0.000172185475
0.0002216979471
0.0001496948487
0.0002813168507
0.0002825305085
0.0003148827031
0.0002281521836
0.000105247008
0.0002421913602
2.423531505e-05
1.852969021e-05
9.951672678e-06
1.763048522e-05
1.55021835e-05
1.167595109e-05
1.51816215e-05
1.510653728e-05
2.060385655e-05
1.56334982e-05
1.746744396e-05
4.25059586e-05
1.948879897e-05
1.503826068e-05
1.369564358e-05
4.201743395e-06
3.275716956e-06
4.280362124e-06
2.407979924e-06
1.700688047e-06
2.225975637e-06
1.115947905e-06
7.133851384e-07
9.977013016e-07
5.934389434e-07
1.102012001e-06
4.358076863e-07
2.970976004e-06
8.590756745e-06
1.85080478e-06
1.863892544e-05
1.948850121e-05
9.056490095e-06
1.616222446e-05
1.570999153e-05
9.452783546e-06
8.428524795e-05
1.125202909e-05
1.293810409e-05
1.651840195e-05
2.087129839e-05
1.648306781e-05
1.601725324e-05
7.96040711e-06
5.311832554e-06
4.241265701e-06
2.95216679e-06
2.574606247e-06
2.500104369e-06
2.409992648e-06
2.049258842e-06
2.638649176e-06
3.223986077e-06
2.294373741e-06
4.00456164e-06
4.740422247e-06
3.311801076e-06
5.457125902e-06
6.468657424e-06
5.408541138e-06
8.229583598e-06
1.150570039e-05
1.076629459e-05
1.753576851e-05
2.315764124e-05
2.172772829e-05
0.000723430006
0.0007950677312
0.0003057003632
0.0007860623808
0.0007293491675
0.0003022325902
0.0006518667184
0.000512196069
0.0003149542728
0.0003898499959
0.0001987359293
0.0001300804683
0.0001712250877
0.0001316520489
5.023874173e-05
0.0001150442876
6.023240466e-05
2.538091e-05
2.400129532e-05
1.639484391e-05
1.534002569e-05
1.172200234e-05
8.063801739e-06
9.091843021e-06
5.555203828e-06
3.997535398e-06
5.29759189e-06
3.058324183e-06
2.544789468e-06
2.694827317e-06
2.348827119e-06
1.945989443e-06
1.471389938e-06
1.012787624e-06
1.902733709e-06
8.01223981e-07
7.172126183e-06
2.085551861e-05
5.761119942e-06
3.520145768e-05
4.181274391e-05
2.564530909e-05
3.996303831e-05
3.23106229e-05
3.052748621e-05
3.844342e-05
0.000143967947
4.48676126e-05
0.0001860883452
9.244670197e-05
2.684296647e-05
1.608143516e-05
1.824013225e-05
2.167885802e-05
2.488953721e-05
1.932276676e-05
1.239632126e-05
1.045158776e-05
6.544989695e-06
3.841562377e-06
5.911180349e-06
7.43169734e-06
3.518638953e-06
1.156558599e-05
1.740495525e-05
6.35259444e-06
2.108364435e-05
2.009470879e-05
8.844723563e-06
1.619226601e-05
1.272085348e-05
8.744436869e-06
1.131621882e-05
1.079407997e-05
1.205720641e-05
1.135395238e-05
1.1190839e-05
2.115533161e-05
0.0007950857444
0.0008409382033
0.0008500645151
0.0008116475137
0.0007356873085
0.0007681247168
0.0006281449083
0.0005102275258
0.0005119637324
0.0004594409377
0.0004317699725
0.0003086724012
0.0004477483879
0.0004199606103
0.0002642497558
0.0003637249724
0.0003306089649
0.0001681899433
0.0001387509642
1.692762382e-05
1.640683038e-05
8.98892378e-06
5.980975637e-06
7.16061562e-06
4.182058435e-06
3.647117905e-06
3.541940643e-06
5.991460005e-06
1.380635573e-05
4.056100868e-06
2.055751416e-05
1.524880595e-05
5.495019132e-06
3.56477325e-06
1.324923064e-05
5.899348431e-06
3.166988058e-05
4.346237345e-05
3.849942707e-05
4.199198449e-05
3.273278862e-05
4.346633067e-05
2.156678984e-05
1.166096188e-05
2.132146911e-05
4.539567932e-06
9.764109862e-07
2.446289302e-06
1.652644108e-07
7.88604132e-07
1.644358556e-06
2.476930932e-06
6.701879497e-06
1.20507665e-05
1.563496273e-05
2.775826985e-05
2.646886043e-05
3.553583321e-05
3.935409934e-05
1.606249369e-05
4.747478596e-05
6.252545856e-05
2.306434718e-05
7.859923289e-05
8.768270712e-05
4.692190347e-05
8.427851864e-05
6.842662594e-05
4.287090872e-05
4.611279682e-05
2.572529556e-05
1.855548834e-05
1.240810896e-05
3.241744142e-06
6.703805961e-06
1.828885346e-06
1.7496452e-06
3.55591102e-06
0.0003858952331
0.0004762560448
0.0005845613727
0.0005591203091
0.000615151679
0.0007271956623
0.0006324113409
0.0006420909634
0.000675930409
0.0006383527847
0.0006410593609
0.0005588769947
0.0006812199779
0.0007105575803
0.0005638491993
0.0007302664601
0.0007444110218
0.0005788952792
0.0006543041782
0.0005603381289
0.0004492019169
0.0004781938663
0.0001526603704
3.949770808e-05
5.245548118e-06
3.792731226e-06
4.673920243e-06
5.543186371e-06
1.710252956e-05
6.637286913e-06
4.108823883e-05
5.884415092e-05
3.768644581e-05
5.597845827e-05
3.295217291e-05
2.640058605e-05
9.850726472e-06
1.94585979e-05
1.899156912e-05
2.71296818e-05
2.543000999e-05
3.640307372e-05
1.884945761e-05
1.241297866e-05
2.080002676e-05
7.39266088e-06
3.736411521e-06
6.352260769e-06
1.353100475e-06
3.708050222e-07
5.033785974e-07
3.192566442e-08
1.487460511e-07
3.342452055e-07
5.228571499e-07
1.571755137e-06
3.310678196e-06
4.653974223e-06
1.32674709e-05
2.168085548e-05
2.912653563e-05
4.591676528e-05
5.646803509e-05
6.106705355e-05
7.62689495e-05
9.121537876e-05
8.86827535e-05
9.379040166e-05
0.0001082500555
8.930968964e-05
7.596544943e-05
7.940544855e-05
5.649774187e-05
3.603664913e-05
3.228726552e-05
1.786430085e-05
6.052318853e-06
4.870334335e-06
2.692847821e-06
1.94375586e-06
1.832480372e-06
1.923174205e-06
2.251192228e-06
2.143175975e-06
0.0002785304395
0.0003398749929
0.0003951519763
0.0004048931051
0.0004839869283
0.0005354196985
0.0005496492031
0.0006254331719
0.0006307240547
0.0007121869407
0.000798490255
0.0007268904233
0.0009047914183
0.001006942063
0.0008627935432
0.001061786297
0.001108870924
0.0009216631707
0.001037698643
0.0008659870002
0.0006999966525
0.0007221549675
0.0004539808506
0.0003035902828
1.752606853e-05
5.147140063e-06
3.990234456e-06
1.268277937e-05
2.587617438e-05
2.831837154e-05
3.570304646e-05
3.798594255e-05
6.016253271e-05
3.266995793e-05
2.043860549e-05
3.168045721e-05
9.355716983e-06
1.07192571e-05
1.597604535e-05
1.143579786e-05
9.084166849e-06
1.588261599e-05
6.090507279e-06
3.908884452e-06
7.183467575e-06
2.387074213e-06
1.33381884e-06
2.247795918e-06
6.293147277e-07
3.002234144e-07
3.122154372e-07
2.108675688e-08
6.142926159e-08
8.314749257e-08
2.027278541e-07
4.852283508e-07
7.929251403e-07
1.242226439e-06
3.887917334e-06
7.259964381e-06
1.12788624e-05
2.300096825e-05
3.344100618e-05
3.478246859e-05
4.674539734e-05
5.962264979e-05
5.983609022e-05
7.167460706e-05
8.136480456e-05
7.808791122e-05
7.541821255e-05
7.632523597e-05
6.15180773e-05
4.752356562e-05
4.138099126e-05
3.100583258e-05
1.51448084e-05
8.403859405e-06
7.130955112e-06
4.570594763e-06
2.991591111e-06
3.531246315e-06
2.752424629e-06
4.8204264e-06
0.000211219703
0.0002311909109
0.0002879244691
0.0002724372715
0.0003422258503
0.0004244829582
0.0004248350312
0.000527573056
0.000594616839
0.0006669101612
0.0008259621738
0.0008352804412
0.001014466795
0.001232696045
0.001132282257
0.001375870437
0.001490830086
0.001301619087
0.001448732509
0.001232447344
0.00104895015
0.0009667325738
0.0006950990054
0.0005780657687
2.232948182e-05
3.140267953e-05
9.684016721e-06
4.22098032e-05
4.038536138e-05
1.69660935e-05
2.658584579e-05
9.957188457e-06
8.958929375e-06
7.780973031e-07
1.159293373e-06
6.864117949e-06
1.658023647e-06
2.41022751e-06
5.459229171e-06
2.804452363e-06
2.21879891e-06
4.713184884e-06
1.486700143e-06
1.091730621e-06
1.962847672e-06
8.115247081e-07
8.19478917e-07
8.871101958e-07
7.660177975e-07
6.250116217e-07
3.845432087e-07
3.270727704e-08
6.354535395e-08
5.647500353e-08
2.315630761e-07
3.772621637e-07
3.864018561e-07
5.566673937e-07
1.200240457e-06
2.115020984e-06
3.771974664e-06
9.350905143e-06
1.506160021e-05
1.72525849e-05
2.728792648e-05
3.70143564e-05
3.954735886e-05
5.255698365e-05
6.324636004e-05
6.277903167e-05
6.630707203e-05
7.259416776e-05
5.067227686e-05
4.692288521e-05
5.393912816e-05
4.983995072e-05
5.012372816e-05
3.267634472e-05
3.723841151e-05
1.469956445e-05
6.280875671e-06
3.673833812e-06
1.558919091e-06
2.829005099e-06
0.0001743203448
0.0001483279729
0.0001810394581
0.0001381344814
0.0001545099894
0.0002431995236
0.000205086358
0.0002949196108
0.0004234297631
0.0004404734802
0.0006521367742
0.0007651849473
0.0009472166075
0.001316817607
0.001299723714
0.001565737451
0.001806517395
0.001662592295
0.001801013626
0.001508322078
0.0013918947
0.001134086888
0.0004841062305
0.0006719617618
5.39727984e-05
5.168766015e-05
5.592351373e-05
5.742639723e-05
5.072611667e-05
5.684168245e-05
3.258398826e-05
1.203632348e-05
1.308832236e-05
7.310055447e-07
4.961561632e-07
6.448058121e-07
5.440718619e-07
6.955701191e-07
1.005599634e-06
8.672965408e-07
9.591314564e-07
1.156411886e-06
9.88768434e-07
1.520965684e-06
1.174555666e-06
1.251553099e-06
2.515936705e-06
1.211834527e-06
4.836934767e-06
5.389686437e-06
1.352023413e-06
1.114916444e-06
4.016337519e-07
9.573821907e-08
8.875579835e-07
5.781793384e-07
4.065289449e-07
3.828806734e-07
4.598643463e-07
7.091502203e-07
1.170417698e-06
2.999602242e-06
5.528613984e-06
6.431634534e-06
1.207821894e-05
1.872256035e-05
2.032423715e-05
3.059681734e-05
4.11032465e-05
4.153395547e-05
4.914653847e-05
5.737994901e-05
3.055269464e-05
1.498356059e-05
2.799727773e-05
1.115327408e-05
1.320723254e-05
3.442939571e-05
1.989143682e-05
2.619719886e-05
3.085011687e-05
1.936488254e-05
6.26677683e-06
2.382907808e-06
0.0001540218255
0.0001228970535
0.000131617821
0.0001013094905
9.57097358e-05
0.000106296166
0.0001052897597
0.0001312135714
0.0001813789116
0.0001893765187
0.0003310072063
0.0004933274319
0.0006484760496
0.001140288983
0.001265364465
0.001530616814
0.002018192557
0.001923699054
0.002023880402
0.001535537561
0.001575261861
0.001048753726
8.05700639e-08
2.381620141e-06
3.63958664e-08
8.183723607e-08
2.669156073e-06
1.612188645e-07
2.691537724e-07
6.240203245e-06
3.671273059e-07
2.357643277e-07
1.883230461e-06
5.139923998e-08
5.688081791e-08
2.00853034e-07
5.582795506e-08
6.734287855e-08
3.025267715e-07
8.05936848e-08
7.856002893e-08
3.499186826e-07
1.031040308e-07
5.811220641e-07
9.686100758e-07
3.321328843e-06
5.199610296e-06
7.204376162e-06
7.657072901e-06
1.211576633e-05
1.453507097e-05
2.221557332e-05
1.887602509e-05
5.364322184e-06
9.41845189e-06
4.730386269e-06
9.344310321e-07
2.758552015e-06
1.810155478e-06
3.821021854e-07
1.390205783e-06
1.575015311e-06
1.332323786e-06
2.899372852e-06
6.045323393e-06
7.282810996e-06
1.132965216e-05
1.947735477e-05
2.253668764e-05
5.621363508e-05
7.306775751e-05
4.804563238e-05
8.255296775e-06
4.422185332e-07
6.443081157e-06
3.534875031e-07
4.985613972e-07
3.720296562e-06
9.53291098e-07
2.021775925e-06
1.186571249e-05
4.370720923e-06
9.103409594e-06
7.993116826e-06
0.0001254221869
0.0001056273204
0.0001160494772
9.810976393e-05
0.0001044615259
0.0001002958002
0.0001209958008
0.0001422011673
0.0001297176249
0.0001639335803
0.0001999143007
0.0002326557244
0.0003366171392
0.0007737226507
0.0009626347158
0.001308678447
0.001884304811
0.002038364176
0.001961029788
0.001502647807
0.001482778298
0.000940624149
2.945866686e-07
1.292147814e-07
2.473673875e-07
3.120359249e-07
1.346449541e-07
3.600038059e-07
3.654992008e-07
1.633690134e-07
3.24895567e-07
2.704092265e-07
9.204434971e-08
2.411063638e-07
2.476512144e-07
5.197621922e-08
2.828366318e-07
4.359088689e-07
7.622877488e-08
7.032353271e-07
6.246709993e-07
8.835580498e-08
3.313301614e-07
1.13071755e-06
7.181823273e-07
1.066888971e-06
1.062460522e-06
1.724441469e-06
1.38793558e-06
2.416166154e-06
5.950647291e-06
4.911198687e-06
9.716894262e-06
2.056579484e-05
1.611203686e-05
1.933582786e-05
1.553525751e-05
1.602395317e-05
1.036177638e-05
5.056573194e-06
6.606806078e-06
5.894846146e-06
3.163637214e-06
8.162775965e-06
1.33103576e-05
8.294555275e-06
2.033335368e-05
2.598887809e-05
1.949243456e-05
2.606874811e-05
2.138623726e-05
2.80831713e-05
8.342810293e-06
4.240726056e-06
4.597809977e-06
3.902237224e-06
5.198119088e-06
2.292701811e-06
8.639378746e-06
1.548052405e-05
5.878218991e-06
2.495850193e-05
2.957277919e-05
2.053811688e-05
5.97027098e-05
5.945874206e-05
9.137301495e-05
7.291914023e-05
9.675884185e-05
0.0001028468751
0.0001268179768
0.0001580736063
0.0001522652222
0.000183976623
0.0001999373336
0.0001968910545
0.0002336695723
0.0004528748019
0.0005997512963
0.001013669248
0.001501861908
0.001640274913
0.001746686687
0.001737350683
0.001653833288
0.001479930373
0.0008353143549
2.826790363e-06
0.0001564474872
0.0001450817034
6.116757009e-06
0.000178650474
0.0001842351703
4.826085446e-05
0.0001750430318
0.00016757418
0.0001370762085
0.0001642114165
0.0001620223662
0.0001747563993
0.0001571105716
0.0001461708344
0.0001343285745
0.000126696928
9.443369887e-05
5.490545705e-05
4.532327487e-05
3.345771816e-06
2.321139551e-06
1.31445892e-06
8.961927949e-07
1.00578328e-06
7.515956995e-07
7.519495029e-07
1.294476382e-06
9.796432156e-07
1.63982051e-06
4.769563697e-06
3.079374237e-06
5.866786743e-06
1.70514333e-05
1.091112861e-05
1.756675008e-05
2.207601906e-05
2.369078432e-05
2.889070636e-05
1.551878094e-05
3.426677157e-05
3.835433512e-05
2.517937489e-05
3.309325247e-05
1.542565992e-05
2.768396333e-05
5.393137069e-06
5.491457702e-06
6.365085525e-06
3.755636519e-06
6.915662653e-06
4.10946252e-06
1.450910919e-05
2.553183614e-05
1.199089925e-05
3.424929511e-05
2.884696894e-05
3.002734074e-05
1.199975513e-05
4.500255205e-06
1.344181418e-05
1.728273128e-05
4.156935155e-05
4.102390541e-05
7.180093612e-05
0.0001055324298
9.730678495e-05
0.0001384398934
0.0001660764157
0.0001627445487
0.0001848059077
0.0001909497909
0.0001990627598
0.0001889761607
0.0002534129661
0.0003400561635
0.0007042119692
0.001426395885
0.001421889664
0.001687071794
0.001737752175
0.001667728597
0.001936795573
0.001046205981
0.0004698764451
0.0004343181107
0.0002934316077
0.0001618366861
0.000273065577
0.0002669502709
0.0001883192519
0.0002542908421
0.0002469708208
0.00017072162
0.0002472530931
0.0002454639643
0.000167749367
0.0002420525964
0.0002400791891
0.0001883536715
0.0002276683006
0.0001921608774
0.0001468495148
0.0001138260768
7.068581986e-05
1.730425178e-05
4.345426724e-05
9.902412697e-06
2.417319981e-06
3.808003185e-06
2.706525646e-06
1.263814736e-06
2.739978167e-06
3.349983983e-06
1.888610665e-06
4.552184291e-06
1.037846593e-05
5.034052033e-06
2.337179422e-05
4.125595579e-05
1.566669773e-05
5.713983345e-05
6.538677905e-05
3.367718586e-05
6.320462467e-05
4.852859485e-05
4.05571228e-05
2.397697868e-05
6.399450691e-06
8.152333127e-06
1.92162437e-06
2.382422173e-06
4.745356749e-06
3.608310245e-06
1.321706087e-05
1.296605827e-05
1.916822395e-05
1.563860959e-05
3.21507916e-05
8.238602578e-06
5.801808448e-06
1.075694197e-05
6.600205084e-06
7.951218956e-06
5.507441977e-06
9.360854856e-05
0.0001258732509
0.0001161509742
0.0001493050194
0.0001609594955
0.0001657279612
0.0001617187921
0.0001536190986
0.0001752976199
0.0001378463872
0.0001362765437
0.0001869294745
0.0003238965436
0.001362396679
0.001346261878
0.001371434831
0.001352716576
0.00156679655
0.001376932137
0.001283593117
0.001216370808
0.001110415379
0.000803385182
0.0005427969682
0.0003911742935
0.0002033561764
0.0002241866072
0.000122522519
7.488505043e-05
8.953510788e-05
5.11438334e-05
5.117879164e-05
6.502273806e-05
7.630410551e-05
0.0001262417937
0.0001706541004
0.0001828923965
0.0002166453543
0.0002185346376
0.000208265305
0.0002154109269
0.0001560401411
0.0001053162968
1.334523461e-05
2.047696662e-05
5.080692246e-06
6.381096034e-06
3.9958537e-06
8.592050352e-06
1.25295413e-05
5.605398895e-06
3.013772291e-05
6.916252863e-05
6.563087601e-05
7.582975082e-05
7.448875955e-05
0.0001425461897
8.846317626e-05
9.806914798e-05
0.0001228802888
8.598930982e-05
5.47692826e-05
5.129034072e-05
2.448563399e-05
9.287813334e-06
6.074033725e-06
3.989121544e-06
2.412807634e-06
1.914807163e-06
2.230207872e-06
2.844718298e-06
5.753836745e-06
3.397772426e-06
4.074265676e-06
5.502415297e-06
5.409005547e-06
7.519290083e-06
6.72194942e-06
0.0001489968815
0.0001606104423
0.0001389622942
0.0001524076665
0.0001357356549
0.0001520542606
0.0001168031333
9.884909598e-05
0.0001277312714
8.271423057e-05
7.56411319e-05
9.989530683e-05
0.0001281619687
0.0008847665147
0.0008506551731
0.0004717810558
0.0002421325691
0.0009269192205
0.0003130937072
0.0005454666115
0.0009328982545
0.0007874536728
0.0009568866019
0.0009064861785
0.0006634749326
0.0002431336863
0.0002149812577
0.0001614156807
0.0001390421442
0.0001025891365
0.0001252049768
0.0001222861791
7.893295584e-05
0.0001305167516
0.0001437298557
0.0001288731897
0.0001626906546
0.0001827498428
0.0001991570154
0.0001977372691
0.0002003388292
0.0002031179648
0.000178844599
0.0001714058406
4.064938838e-05
0.0001315905115
8.954310315e-05
7.689253025e-05
5.143656335e-05
1.902358955e-05
6.112913383e-05
1.284954451e-06
3.011483002e-06
8.464108773e-05
3.268815441e-05
8.264866135e-06
2.577859274e-05
7.294785111e-06
8.647395839e-06
6.997398848e-05
1.383262807e-05
2.487936528e-05
8.498548679e-05
3.925283627e-05
4.095418206e-05
2.623992785e-05
2.990375223e-05
1.566900956e-05
4.561548989e-06
6.169693839e-06
2.73095541e-06
2.29250611e-06
2.26359139e-06
2.823765049e-06
3.485697386e-06
4.077331329e-06
5.799135105e-06
7.409090603e-06
0.0001543152611
0.0001025977656
0.0001650603141
7.603589894e-05
6.119363155e-05
0.0001042776636
5.189960524e-05
4.633561349e-05
6.932326772e-05
4.641689571e-05
5.151464416e-05
5.466023966e-05
5.144309458e-05
9.341973786e-05
0.0007159084105
0.0002935918571
0.000294253483
0.0001803983904
0.0004395059993
0.0006716607706
0.0006268918221
0.0007778408082
0.000620229854
0.0009488179166
0.0003041637118
0.0001498600526
0.0002014248808
0.0001165096948
0.0001224175736
0.0001559622942
0.0001356709405
0.0001431495478
0.0001559256202
0.0001421777642
0.0001252511396
0.0001467244008
0.0001038417879
9.766659545e-05
0.0001559450704
0.0001078885154
0.0001239882195
0.0001917831391
0.0001340480573
0.0001253193068
0.0001603841993
9.444561891e-05
5.448072559e-05
6.325374395e-05
2.425593698e-05
1.208608567e-05
4.189050019e-06
1.937640084e-05
3.532797478e-05
6.189473466e-06
3.242134011e-05
1.935561987e-05
1.348191523e-05
1.128266605e-05
3.647255492e-06
3.818878905e-06
6.311853027e-07
8.784119582e-07
4.167314657e-06
2.232207795e-06
5.602853213e-06
1.376887382e-05
9.912702006e-06
1.108229286e-05
1.633912004e-05
7.233317024e-06
3.245273368e-06
3.721821109e-06
1.865697412e-06
1.776247386e-06
2.213070392e-06
1.956059425e-06
2.041085605e-06
3.397824347e-06
5.042063357e-05
4.597431018e-05
3.694313404e-05
4.072232555e-05
3.90566121e-05
3.845102526e-05
5.396091141e-05
8.52729772e-05
6.347679586e-05
7.73869356e-05
6.742164841e-05
6.412692156e-05
7.443824558e-05
0.0003279415126
0.0003845013842
0.0002272816699
0.0002173800073
0.0004943168121
0.0002212643131
0.0002750872767
0.0003583146016
0.0001300701389
5.517470467e-05
9.518134165e-05
4.781186637e-05
5.395454619e-05
7.890204369e-05
7.021006911e-05
9.506521491e-05
0.0001117599841
0.0001151839797
0.000106342678
0.0001111019516
8.275426195e-05
7.113157882e-05
7.580927927e-05
6.678424728e-05
6.276557878e-05
7.142367585e-05
5.859071603e-05
5.615604299e-05
6.528725412e-05
5.827819507e-05
6.474556943e-05
4.68869296e-05
6.819818444e-05
5.99824337e-05
2.093862924e-05
5.202444411e-05
5.470366448e-05
3.632578624e-05
4.151480954e-05
2.910613473e-05
2.424577922e-05
2.237711116e-05
1.404009101e-05
7.878358597e-06
1.408152176e-06
1.500955938e-06
7.706499282e-07
2.416966084e-06
4.080156717e-06
4.154047805e-06
6.649943872e-06
6.213703324e-06
7.715055676e-06
3.680290168e-06
1.862769299e-06
2.465929156e-06
1.315742296e-06
1.38581479e-06
1.523399862e-06
2.07316714e-05
2.770467049e-05
3.161023103e-05
7.054984045e-05
0.0001348508186
0.0001143534143
8.360346942e-05
8.557823248e-05
6.840866971e-05
0.0001038110424
0.000130520577
0.000164869425
0.00014214277
0.0001439386836
0.0001623594637
0.0001322105552
0.0001091453598
0.0002287995984
2.069615383e-05
1.37760556e-05
3.259177999e-05
1.599305788e-05
2.502057021e-05
3.631573305e-05
4.989141492e-05
7.943236228e-05
8.617274364e-05
9.943872578e-05
8.547160782e-05
9.976398192e-05
6.881788117e-05
6.571577802e-05
6.887809444e-05
6.678403267e-05
6.534359527e-05
6.397304412e-05
6.075126937e-05
5.396440701e-05
5.52660472e-05
4.733200765e-05
4.427292127e-05
7.157205262e-05
4.743064513e-05
5.448842865e-05
0.0001294032708
5.687323778e-05
4.779222228e-05
0.0001095030656
3.366165931e-05
3.285185094e-05
3.255380157e-05
2.991590151e-05
2.520471856e-05
2.499135971e-05
1.990937828e-05
1.670027233e-05
4.199231983e-06
6.395551996e-06
3.535376558e-06
4.007555503e-06
2.261271482e-06
2.226583478e-06
3.980943414e-06
1.722215242e-06
1.30212796e-06
1.066851306e-06
3.370545369e-05
2.497163003e-05
3.236610701e-05
4.413976043e-05
0.0001649488199
0.0001612084705
0.0001011539421
0.0001024633448
0.0001003449154
0.000114336045
0.0001413752275
0.0001185420692
0.0001619688063
0.0001526406235
0.0001065641719
0.0001162286837
7.047985593e-05
3.932086504e-05
3.922653142e-05
2.707083276e-05
1.057829423e-05
2.795399812e-05
3.107610923e-05
2.793131644e-05
3.723197921e-05
4.682560784e-05
7.229036705e-05
4.950627848e-05
4.384151435e-05
6.413162744e-05
5.032891826e-05
5.772640657e-05
6.199866098e-05
6.345804465e-05
6.592713603e-05
6.609403892e-05
6.444382803e-05
5.869215955e-05
5.564049243e-05
4.927814513e-05
3.807008613e-05
3.671872974e-05
2.808151301e-05
2.248939987e-05
2.729200928e-05
2.237984016e-05
2.567425076e-05
3.083325959e-05
2.955392493e-05
3.225118184e-05
3.321906182e-05
3.278939528e-05
3.037008257e-05
2.728509906e-05
2.459847896e-05
1.6128886e-05
1.404389092e-05
7.104767518e-06
1.286560807e-06
2.208556443e-06
1.472242847e-06
2.426597844e-06
1.9884483e-06
3.608775128e-06
5.699376926e-06
2.548193281e-06
4.86077023e-05
9.147844888e-05
0.0001149860175
0.0001111417482
0.000135399714
0.0001323578943
0.0001615775183
0.0001971654959
0.0001916736143
0.0002410091189
0.0002639801134
0.0002254479866
0.0002495016712
0.0001918869161
0.0001338103854
0.0001273206715
6.254699889e-05
3.384762349e-05
2.659054322e-05
1.51210947e-05
1.339457666e-05
1.25979242e-05
1.483511007e-05
2.294798285e-05
2.087785419e-05
2.766007497e-05
3.485145268e-05
3.613746359e-05
4.510900139e-05
5.221453889e-05
5.391421268e-05
6.125396723e-05
6.443804604e-05
6.547304331e-05
6.486954216e-05
6.197435011e-05
5.837804732e-05
4.650087841e-05
4.148863678e-05
3.207322486e-05
1.981227936e-05
2.026893934e-05
1.325733458e-05
1.403577625e-05
2.024040103e-05
1.880149527e-05
2.403425918e-05
2.92546941e-05
2.923493618e-05
3.317523474e-05
3.282345534e-05
3.38153244e-05
2.847274155e-05
2.11922345e-05
1.56821223e-05
3.960046736e-07
6.890161658e-07
1.871903061e-06
5.554708155e-06
3.316823883e-06
0.0001582816098
0.0001860437351
0.0001993322772
0.0002168251325
0.000249030046
0.0002810685728
0.0002852269134
0.0002413848435
0.0002439776722
0.0002015355053
0.0001347848035
0.0001088782845
5.815543235e-05
2.53414062e-05
3.033794487e-05
1.138744765e-05
8.078437516e-06
1.098574988e-05
1.026327963e-05
1.428301601e-05
2.066893375e-05
2.027500651e-05
2.823102803e-05
3.691260544e-05
3.796019037e-05
4.877133545e-05
5.607215763e-05
5.914071675e-05
6.651919635e-05
6.666062643e-05
6.768992343e-05
6.013219574e-05
5.288082949e-05
4.437705773e-05
2.650656354e-05
2.181250979e-05
1.113241209e-05
3.168358192e-06
7.992710748e-06
6.145041e-06
9.557959908e-06
1.704549191e-05
1.464431593e-05
2.195344591e-05
2.986699555e-05
3.201314549e-05
4.331298457e-05
3.686411484e-05
0.0001873333788
0.0002144552024
0.0002120136798
0.0002857357522
0.0001663164836
0.0001903479794
0.0001492133605
3.150648737e-05
7.70530045e-05
1.137685748e-05
7.971477261e-06
9.576439959e-06
6.38181464e-06
4.95737414e-06
5.972804823e-06
4.446911494e-06
5.294152348e-06
9.042346553e-06
7.826194123e-06
1.231763588e-05
1.97770561e-05
1.919508611e-05
2.901828264e-05
3.954274734e-05
4.198849277e-05
5.694927261e-05
6.356432998e-05
7.001363658e-05
7.432948688e-05
6.756156443e-05
6.261020815e-05
4.384417484e-05
3.388260626e-05
2.100409381e-05
3.740559341e-11
2.678364177e-07
1.575460612e-07
1.400800447e-07
3.399516351e-06
6.535176118e-07
2.65543989e-07
1.044498709e-05
1.572073599e-05
1.212939897e-05
9.72502904e-06
8.834295978e-06
5.945292502e-06
4.943709353e-06
3.483203544e-06
2.151382926e-06
3.078652593e-06
1.906789108e-06
2.730795358e-06
6.513310576e-06
4.892963554e-06
9.096048038e-06
1.834720857e-05
1.68939675e-05
3.095514142e-05
4.605292493e-05
5.363777955e-05
8.235686231e-05
7.951511461e-05
7.913762527e-05
6.85124396e-05
5.58748204e-05
)
;

boundaryField
{
    dominio_ascii
    {
        type            zeroGradient;
    }
    wallFilmFaces_top
    {
        type            zeroGradient;
    }
    region0_to_wallFilmRegion_wallFilmFaces
    {
        type            zeroGradient;
    }
}


// ************************************************************************* //
