/*--------------------------------*- C++ -*----------------------------------*\
| =========                 |                                                 |
| \\      /  F ield         | OpenFOAM: The Open Source CFD Toolbox           |
|  \\    /   O peration     | Version:  2.1.x                                 |
|   \\  /    A nd           | Web:      www.OpenFOAM.org                      |
|    \\/     M anipulation  |                                                 |
\*---------------------------------------------------------------------------*/
FoamFile
{
    version     2.0;
    format      ascii;
    class       surfaceScalarField;
    location    "2.2";
    object      phi;
}
// * * * * * * * * * * * * * * * * * * * * * * * * * * * * * * * * * * * * * //

dimensions      [1 1 -1 0 0 0 0];

internalField   nonuniform List<scalar> 
5536
(
9.779011598e-10
-3.187634427e-09
-1.315505014e-09
3.621463172e-09
-3.473207192e-08
-5.778627886e-09
4.848635352e-10
-1.599472525e-09
-9.79019337e-11
3.115053742e-11
-7.524786943e-10
7.128913582e-11
-1.327363304e-10
-8.706804727e-10
-6.545309244e-10
-3.171173505e-10
2.544241757e-10
-5.684987787e-10
-1.646584131e-10
3.792211101e-10
1.62858673e-10
-2.838038138e-10
-1.531754348e-10
6.185214857e-10
2.266500432e-10
-4.404615714e-10
-4.918384939e-10
5.506660063e-09
1.828440376e-09
-1.186530465e-08
-7.972290773e-09
5.157422471e-08
1.479739899e-08
-5.321768633e-08
-1.214685699e-08
2.948729845e-09
1.149793567e-09
-6.210524902e-09
1.999594483e-10
1.083876327e-09
-8.771488054e-11
-1.368386154e-09
1.465573458e-10
7.792931409e-10
-1.980884272e-10
-8.279646156e-10
2.027903368e-10
4.852764053e-10
-1.742788107e-10
-4.052473024e-10
1.460701026e-10
4.412445631e-10
-2.689115205e-10
6.671419526e-11
-1.243546625e-10
-1.239160917e-10
-3.226250106e-10
1.821733653e-10
-9.389617808e-10
-6.602838862e-10
7.776706131e-10
5.571951801e-10
-1.175477706e-09
-5.85179743e-10
1.168453091e-09
8.05301942e-10
-4.532534935e-09
-1.191902403e-09
1.82542649e-09
1.199652133e-09
-5.572158546e-09
-6.023540043e-10
2.341322418e-10
1.492925393e-10
-2.438092516e-10
-1.05995258e-10
3.411102899e-10
1.316877609e-10
-5.734079579e-10
-1.122419485e-09
1.98360346e-08
8.008008012e-09
-2.257066584e-08
-1.598777461e-08
3.961128759e-08
1.370570187e-08
-2.100008675e-08
-6.576392266e-09
9.755881472e-09
1.489728361e-09
-9.430272633e-09
1.271068297e-09
1.397980416e-09
-1.812908907e-10
-1.344505339e-09
1.78137349e-10
7.849417689e-10
-2.45260916e-10
-6.171613971e-10
1.957045863e-10
3.261843748e-10
-1.371988511e-10
-2.450558368e-10
1.015756004e-10
2.041091795e-10
-8.202238961e-11
-1.541130671e-10
7.607640712e-11
2.426329658e-10
-8.39301776e-11
-1.910263069e-10
1.077662911e-10
5.61693558e-10
-1.668236183e-10
-4.151397567e-10
2.97424877e-10
-1.058228362e-09
8.035723187e-10
-4.772923916e-10
1.323730816e-09
-4.590279561e-09
-1.268035675e-09
1.115011324e-09
1.229122333e-09
-1.781680329e-09
-1.514975171e-09
3.467153464e-09
2.881246003e-09
-8.318138307e-09
-5.300498055e-09
1.047045833e-08
6.789332081e-09
-1.201265298e-08
-6.164927542e-09
8.191409466e-09
4.248812934e-09
-7.111139567e-09
-2.12106355e-09
3.844203417e-10
3.979997545e-10
-8.217133384e-10
-3.138415643e-10
1.691700209e-09
9.012409827e-10
-3.288626124e-09
-4.401885189e-09
1.688387336e-08
8.547819638e-09
-8.550719811e-09
-7.09302759e-09
7.899588504e-09
3.476722129e-09
-2.763552531e-09
-1.125807952e-09
4.821459327e-09
2.479561188e-10
-9.488542591e-10
1.025474579e-09
1.531681005e-09
-5.411310878e-10
-1.68995676e-09
1.977538893e-10
4.160208298e-10
-1.288003895e-10
-2.686447519e-10
1.02607272e-10
1.829021064e-10
-7.541141382e-11
-1.910582972e-10
6.17739629e-11
1.225862869e-10
-5.31129066e-11
-1.260850026e-10
4.968729041e-11
1.57390205e-10
-5.711048686e-11
-1.374400467e-10
7.739330324e-11
3.351188325e-10
-1.18675282e-10
-2.919886904e-10
2.057937784e-10
9.018631584e-10
-3.805490849e-10
-7.983024141e-10
6.76316595e-10
1.924743381e-09
-1.755761306e-09
1.447015145e-09
-1.085074295e-09
-1.837630756e-09
-2.907351647e-09
1.44044573e-08
5.191958924e-09
-1.235054641e-08
-4.329080243e-09
6.055219686e-09
1.81252296e-09
-7.183584539e-09
-1.844249741e-09
3.715257404e-09
3.818598441e-09
-6.396951477e-09
-7.227981928e-09
1.090916531e-08
9.102192037e-09
-8.899856575e-09
-8.02864649e-09
8.675643744e-09
5.698778938e-09
-4.698121949e-09
-3.629068437e-09
4.588765427e-09
2.263814883e-09
-2.443817016e-09
-1.515193569e-09
1.605882301e-09
1.238609871e-09
-2.175221793e-09
-1.421899583e-09
4.633858748e-09
2.497142774e-09
-5.114750249e-09
-4.010677405e-09
5.179068249e-09
3.401014847e-09
-2.924913865e-09
-1.890815985e-09
1.582696174e-09
9.715495764e-10
-8.554185145e-10
-5.33258945e-10
5.530430786e-10
2.148364853e-10
-3.074424183e-10
-1.000540364e-10
2.054900961e-09
-3.16057945e-10
-1.871708691e-09
5.078528133e-10
1.96249754e-10
-1.415978249e-10
-1.877315586e-10
5.474228716e-11
3.857320121e-10
-3.349789971e-11
-1.021902983e-09
1.391456931e-10
1.993853925e-10
-1.332220208e-10
-3.926111239e-10
8.852073734e-11
1.306897141e-10
-6.499508857e-11
-1.401377745e-10
7.205605872e-11
2.682976684e-10
-1.091062573e-10
-2.549076944e-10
1.963141256e-10
6.93331997e-10
-3.507211414e-10
-5.732220309e-10
5.776744962e-10
1.449958712e-09
-8.861427258e-10
-1.054724831e-09
1.282877426e-09
2.474837711e-09
-1.749722503e-09
-1.79022641e-09
2.293687556e-09
-2.630009135e-09
-2.945576583e-09
9.481174323e-09
6.328671064e-09
-7.415757647e-09
-7.642032351e-09
1.101284758e-08
5.438261382e-09
-9.617860935e-09
-3.118781892e-09
8.05390959e-09
1.536848516e-09
-8.115781748e-09
-4.201133795e-09
7.165486587e-09
7.723645335e-09
-5.705812596e-09
-7.63277106e-09
5.47351224e-09
5.351561264e-09
-2.999673057e-09
-3.135869734e-09
2.214397914e-09
1.711198546e-09
-1.062965387e-09
-9.482866784e-10
1.100816949e-09
5.983698129e-10
-4.275839432e-10
-4.931362868e-10
1.837670814e-09
5.004821823e-10
-1.079733291e-09
1.880901766e-10
5.686324726e-09
2.712856592e-10
-6.866266524e-09
-1.357954647e-09
1.535155898e-09
1.035512324e-09
-8.563614452e-10
-5.881888275e-10
5.097393469e-10
3.497113606e-10
-3.690284936e-10
-2.069877031e-10
2.034371097e-10
9.076575247e-11
-1.754656823e-10
-1.610175938e-11
1.061432229e-09
-1.548713521e-10
-4.107546747e-10
3.64430042e-10
1.668957197e-10
-1.701335373e-10
-1.207357148e-10
5.227928762e-11
2.489072829e-09
-3.602492083e-11
-4.676115405e-09
7.126056393e-10
7.380473371e-10
-6.42905061e-10
-1.206904279e-09
3.662300716e-10
1.706804644e-10
-1.775960344e-10
-2.233414292e-10
1.082758931e-10
2.508163085e-10
-1.301364097e-10
-2.597267642e-10
2.01053285e-10
4.60339919e-10
-2.882612941e-10
-3.785651486e-10
3.839204019e-10
7.213707739e-10
-4.958584532e-10
-4.971809444e-10
6.407399168e-10
1.165121242e-09
-8.410712752e-10
-7.394088526e-10
1.127837245e-09
1.880905025e-09
-1.611950237e-09
-1.227762064e-09
1.812746513e-09
-8.652317888e-10
-1.616895645e-09
4.448879612e-10
3.273102998e-10
-1.508896441e-09
3.984995642e-09
4.206185476e-09
1.282478966e-09
-7.955457908e-09
8.739075576e-09
4.410543975e-09
-8.76581901e-09
-1.154090274e-09
6.897226349e-09
1.480227165e-09
-4.718992895e-09
-3.980957398e-09
3.687148912e-09
4.706946794e-09
-2.094138289e-09
-3.451447409e-09
1.685944754e-09
2.112492706e-09
-1.079763371e-09
-1.207558567e-09
6.06799543e-10
6.418325417e-10
-4.648123865e-10
-3.02248656e-10
1.899018802e-10
1.396381344e-10
-1.393755263e-10
-6.858258128e-11
4.484682547e-10
1.547727125e-11
-2.270645606e-10
4.246499565e-10
5.687360928e-09
-1.884762995e-09
-3.034937741e-09
2.835134478e-09
6.046993845e-10
1.804067087e-12
-6.105166315e-10
-1.080596425e-10
3.206287354e-10
6.954318062e-11
-2.41429456e-10
-6.451534459e-11
1.826094622e-10
6.504587993e-11
-1.140709226e-10
-3.964275033e-11
1.377369296e-10
1.381821309e-12
-8.718720296e-11
-6.288873752e-13
1.956903073e-10
-2.143828112e-12
-4.622137849e-10
6.045826325e-11
6.36267796e-09
-9.794308871e-11
-6.667103144e-09
8.548143892e-10
1.741806237e-09
-1.13385379e-09
-2.319611952e-09
8.427393215e-10
2.887704466e-10
-4.399393678e-10
-3.529142026e-10
2.22961774e-10
2.836544045e-10
-1.936670537e-10
-3.200429255e-10
2.209869749e-10
3.327685427e-10
-2.533019187e-10
-3.13619926e-10
2.798885731e-10
3.65794097e-10
-3.062941952e-10
-2.955584875e-10
3.444626161e-10
4.893905965e-10
-4.092344013e-10
-3.511853445e-10
5.17771795e-10
7.508384059e-10
-7.082255363e-10
-5.047287116e-10
8.063033792e-10
6.927686939e-10
-7.125450883e-10
1.077999705e-09
-8.821477255e-10
5.229245447e-12
-5.491533478e-11
-7.217079802e-09
-6.619149146e-09
6.318552038e-09
7.487403803e-09
-4.446110876e-09
-6.182459355e-09
6.034950519e-09
4.241346452e-09
8.840270211e-09
1.475190035e-11
-7.479873488e-09
2.889676405e-09
2.642305002e-09
4.355750492e-10
-1.437344932e-09
-1.229204215e-09
1.063862556e-09
1.461700369e-09
-5.022720034e-10
-1.354699306e-09
8.335248648e-10
1.222148155e-09
-7.885741801e-10
-1.048233741e-09
4.798097291e-10
6.873982034e-10
-5.950091345e-10
-2.815645183e-10
1.247684965e-10
1.532023863e-10
-8.331945013e-11
-1.38728832e-10
2.794753124e-10
1.131973036e-10
-4.977324175e-10
2.227019654e-10
1.182384261e-09
-4.672598247e-10
-3.679364098e-10
6.618806212e-10
3.951356751e-10
-5.890538119e-11
-1.925072556e-10
-1.092378537e-10
1.524770066e-10
7.211991064e-11
-9.395423162e-11
-4.203424522e-11
6.370182254e-11
2.062217289e-11
-3.685901867e-11
-4.862677733e-12
8.534823375e-11
5.687696281e-12
-2.729945798e-10
-3.405015761e-11
9.060274046e-10
-1.724523178e-11
-1.544497034e-09
2.610291873e-10
5.852389183e-09
-2.716254057e-10
-4.836070375e-09
5.17044706e-10
2.950122057e-09
-9.053149655e-10
-3.575605399e-09
1.044094768e-09
4.20327902e-10
-7.035578509e-10
-5.444757143e-10
3.958409558e-10
3.645698214e-10
-2.961825599e-10
-4.163459147e-10
2.805888541e-10
3.104010774e-10
-2.806869372e-10
-3.181223177e-10
2.788321098e-10
2.617741876e-10
-2.753433737e-10
-2.513594155e-10
2.779044457e-10
2.80668396e-10
-2.97500819e-10
-2.554337271e-10
3.457658679e-10
4.178538829e-10
-4.360657094e-10
-3.526578013e-10
5.86577483e-10
8.212545851e-10
-9.537699925e-10
-6.360241021e-10
1.594192532e-09
1.403030294e-09
-1.325412158e-09
3.461217566e-09
-2.36925374e-09
1.248326707e-09
3.340696444e-09
-4.212538301e-09
1.005675184e-09
-4.262561372e-09
-3.413791754e-09
1.947871027e-09
6.295880069e-09
-6.74583824e-09
-8.971184497e-09
9.904204997e-09
1.023636889e-08
6.381268675e-09
-7.882647277e-09
-6.291203222e-11
3.829914085e-09
1.132324172e-09
5.674976767e-10
-1.7367558e-09
-9.347193906e-10
6.031617897e-10
1.002726544e-09
-1.000936715e-09
-1.069516863e-09
9.280886906e-10
1.291248552e-09
-9.564757987e-10
-1.874375295e-09
3.967597281e-10
3.263901857e-09
-7.25084735e-10
-4.683028167e-09
-3.553075781e-10
3.810004151e-09
1.849292519e-10
-1.604658973e-09
4.197762745e-10
4.186331943e-10
-3.592945788e-10
-2.71890928e-10
2.71901732e-10
1.941089696e-10
-2.125863052e-10
-1.359609234e-10
1.39142828e-10
9.146913939e-11
-1.068814405e-10
-5.681401296e-11
6.097170073e-11
3.270945025e-11
-6.465960317e-11
-2.084413673e-11
5.905767519e-11
2.146906096e-11
-3.762478264e-10
-2.297958289e-11
1.149152153e-09
1.637422644e-10
-3.963680241e-09
-6.132616141e-10
2.5040373e-09
2.297956032e-10
-4.10597984e-09
3.660072872e-10
8.685745885e-09
-3.104061506e-10
-6.498448466e-08
3.562008988e-10
3.939031736e-09
-5.342836338e-10
-3.760940989e-09
1.009821165e-09
8.682630604e-10
-1.092095495e-09
-1.605219418e-09
7.717987066e-10
4.790592935e-10
-5.156877446e-10
-5.622789259e-10
4.197872594e-10
3.380059404e-10
-3.801548776e-10
-3.77323478e-10
3.558682844e-10
2.62172915e-10
-3.385930843e-10
-3.040785457e-10
3.361551598e-10
2.70033929e-10
-3.595106179e-10
-3.388847506e-10
4.098389553e-10
3.433977175e-10
-4.856163623e-10
-3.894561128e-10
5.985951909e-10
5.697157143e-10
-7.806517373e-10
-5.594698641e-10
1.079301442e-09
1.251929398e-09
-1.553136317e-09
-1.221968129e-09
2.229620976e-09
-1.370490379e-09
-3.033718741e-09
-2.059347655e-08
-2.668195984e-08
2.303571068e-08
2.943469225e-09
-2.046664489e-08
-2.144164378e-08
9.90022633e-10
2.175512071e-08
-1.725786019e-08
-2.201225139e-08
-1.216891109e-08
1.975987722e-08
-4.774209033e-09
-1.260292629e-08
-7.165722517e-09
-8.305489279e-10
-2.410433035e-09
-9.836294272e-11
6.220697838e-09
4.285144175e-09
-2.081395553e-08
-3.582494549e-09
3.026007557e-09
3.150373972e-09
-1.22785653e-08
-2.12383786e-09
1.129816032e-09
1.777829558e-09
-1.398676882e-09
-1.453965792e-09
8.317981008e-10
1.076866e-09
-7.622503785e-10
-7.61655045e-10
4.607895792e-10
5.397342751e-10
-3.975892336e-10
-3.949902357e-10
2.914244101e-10
2.547248336e-10
-2.454792449e-10
-1.915004365e-10
1.830429327e-10
1.460995775e-10
-2.139903381e-10
-1.074327024e-10
9.371064729e-11
6.888585059e-11
-1.086975176e-10
-6.016183784e-11
2.016077398e-10
1.250926776e-10
-9.9859353e-10
-4.376547744e-10
2.554036977e-09
1.332712487e-09
-9.17978004e-09
-2.776385588e-09
9.003129047e-09
3.961307199e-09
-1.297351347e-08
-3.670188546e-09
6.461747023e-09
2.597530485e-09
-1.295621603e-08
-8.194142875e-09
2.884672094e-07
4.205766977e-08
-2.770361272e-07
9.970939875e-09
3.298730962e-09
-3.169086421e-09
-4.672083337e-09
8.378980501e-10
2.725138988e-09
-1.385518113e-09
-3.651032965e-09
1.481174603e-09
7.050419072e-10
-1.089804868e-09
-1.058507353e-09
8.046003162e-10
4.523408212e-10
-6.746649856e-10
-6.060776314e-10
6.117968899e-10
4.108373491e-10
-5.872931958e-10
-7.021441839e-10
6.399469536e-10
5.267293592e-10
-7.892513287e-10
-1.062558032e-09
9.539953098e-10
5.153132606e-10
-1.041420931e-09
-8.064166062e-10
1.061472534e-09
5.755845776e-10
-1.096988915e-09
-5.868050102e-10
1.228427707e-09
1.069551253e-09
-1.472468529e-09
-6.427188371e-10
1.929875861e-09
9.85078516e-10
-8.087332193e-10
2.452271318e-09
-2.218162271e-09
2.387428455e-08
-2.081018509e-08
-6.554566975e-08
6.569750288e-08
4.777247212e-08
-5.62106528e-08
-5.807899659e-08
5.861701268e-08
4.465121082e-08
-7.204701079e-08
-2.996334397e-08
5.413790429e-08
1.754851086e-08
-7.701128938e-08
-8.595876229e-09
4.488604506e-08
5.29512718e-09
-7.44927574e-08
-1.567474935e-09
4.700484621e-08
-1.58572359e-09
-7.550897321e-08
2.141844832e-09
3.458693177e-08
-1.882150862e-09
-6.161722602e-08
2.794235642e-09
2.97814771e-09
1.188222345e-09
-1.631931243e-08
-1.381953962e-09
6.629972049e-10
1.042277247e-09
-5.227476269e-10
-6.295611915e-10
3.25358411e-10
3.986789893e-10
-2.689944066e-10
-2.816177271e-10
2.459484916e-10
2.462711223e-10
-4.865689524e-10
-3.298146786e-10
6.003555245e-10
5.480043751e-10
-2.837786995e-09
-5.431301765e-10
1.928102449e-10
1.67235982e-10
-4.199570753e-10
-5.907813392e-10
3.852940699e-09
2.675189692e-09
-8.104445278e-09
-7.046236835e-09
1.556792097e-08
1.015221647e-08
-1.591134389e-08
-9.984514991e-09
1.237203818e-08
7.502498317e-09
-8.64204558e-09
-4.304655108e-09
3.581143166e-09
1.617971241e-09
-1.511243862e-09
-2.112124757e-10
3.491356369e-10
6.409682149e-12
-4.907295689e-11
8.935752349e-12
1.398678201e-09
-8.117690983e-11
-5.90482598e-10
3.260778684e-10
3.683079564e-09
-9.297278161e-10
-2.805547538e-09
1.749718755e-09
2.005420191e-09
-2.071804412e-09
-3.568617965e-09
1.836557694e-09
1.041389014e-09
-1.604879447e-09
-2.510980122e-09
1.678720664e-09
1.639589329e-09
-2.237166233e-09
-3.901071171e-09
3.220397897e-09
2.426350387e-09
-4.042370813e-09
-4.356919907e-09
4.095960027e-09
1.412893006e-09
-3.320828054e-09
-2.245880803e-09
2.249766706e-09
5.581473192e-10
-1.432790567e-09
-4.984557967e-10
9.707581562e-10
2.542565274e-10
-6.951605204e-10
-1.735047457e-10
6.229804729e-10
3.630648018e-10
-2.104651706e-10
8.557619011e-10
-6.702099217e-10
2.919889654e-08
3.185460617e-08
-2.909906774e-08
-3.329860601e-08
6.11812134e-08
3.117942751e-08
-5.949479588e-08
-2.605751245e-08
7.968024656e-08
1.700097942e-08
-8.006738852e-08
-5.86361688e-09
8.574444341e-08
-3.388459544e-09
-9.312464264e-08
9.514854198e-09
9.514826286e-08
-1.616236722e-08
-1.139034342e-07
2.355911571e-08
1.022484162e-07
-2.963506543e-08
-1.294530931e-07
3.622579047e-08
8.932339071e-08
-3.66855772e-08
-1.216719664e-07
3.472284711e-08
5.852259563e-08
-3.795921597e-08
-9.614192513e-08
1.338459605e-08
3.76269648e-10
3.610135882e-10
-2.861076746e-10
-4.290106741e-10
2.468048012e-10
3.411487918e-10
-3.602441914e-10
-6.024219119e-10
2.115530932e-09
2.382772873e-09
-6.395224246e-09
-6.509518919e-09
8.249314148e-09
8.542053162e-09
-1.270725902e-08
-5.350896134e-09
8.424844726e-10
1.03512643e-09
-1.410488262e-09
-2.823730689e-09
9.853504522e-09
6.891480836e-09
-8.453733417e-09
-9.265201341e-09
1.201200289e-08
8.386909771e-09
-7.55947598e-09
-5.93190887e-09
5.188432226e-09
3.431604173e-09
-2.981606291e-09
-1.572556782e-09
8.352452766e-10
5.001114975e-10
-5.38958713e-10
-6.706202583e-11
2.807703215e-11
1.895666215e-12
-1.59612003e-11
1.904549759e-12
2.865299247e-10
-2.386060593e-11
-1.423975819e-10
1.008560411e-10
1.684065392e-09
-3.2436608e-10
-8.7320432e-10
9.114346165e-10
4.3395143e-09
-1.997965727e-09
-3.596252474e-09
3.086893543e-09
4.450249625e-09
-4.222325471e-09
-4.061328333e-09
5.824515704e-09
5.569978224e-09
-7.605757407e-09
-4.957683671e-09
8.885006458e-09
5.262395874e-09
-9.018800404e-09
-4.991844394e-09
7.823094994e-09
2.763281721e-09
-5.754429245e-09
-2.962713916e-09
3.573229238e-09
6.056408414e-10
-1.898564387e-09
-7.057985857e-10
9.592394181e-10
2.542318735e-10
-7.163297497e-10
-2.391985445e-10
5.879401892e-10
1.999028909e-10
-5.217659106e-10
-1.755659379e-10
5.215306843e-10
2.715337124e-10
-2.039725307e-10
-6.052492455e-10
2.607067948e-09
2.726254974e-08
-2.275755121e-08
-4.42558118e-09
5.375767001e-08
7.63928355e-09
-4.481137471e-08
-8.303300019e-09
7.679677266e-08
4.71430708e-09
-7.006660882e-08
3.722919509e-09
9.728324475e-08
-1.464520397e-08
-9.778737868e-08
2.588758646e-08
1.301622639e-07
-3.857369373e-08
-1.433666682e-07
5.325338263e-08
1.578014212e-07
-6.420679796e-08
-1.857630497e-07
7.457029699e-08
1.577408417e-07
-8.316647375e-08
-1.940726842e-07
7.57190874e-08
1.211043493e-07
-7.407409746e-08
-1.430877369e-07
7.166288562e-08
3.510596061e-10
-3.496088718e-09
-1.454906686e-09
-3.953706566e-10
7.696483315e-10
1.170289097e-09
-1.124595574e-09
-4.715618607e-09
9.120884911e-09
1.117253871e-08
-6.396426486e-09
-1.51500476e-08
1.224002255e-08
1.348246738e-08
-6.865825129e-09
-7.332980861e-09
1.845035655e-09
1.896247132e-09
-1.50405523e-09
-2.409731399e-09
5.718700573e-09
4.162369956e-09
-3.186001924e-09
-4.180848621e-09
4.225744876e-09
3.136624923e-09
-2.139414187e-09
-2.032367722e-09
1.679208309e-09
1.178923694e-09
-9.037871771e-10
-5.869501878e-10
3.71744151e-10
2.222457472e-10
-2.811429957e-10
-5.5818768e-11
1.26998227e-11
1.187691999e-12
-1.273625616e-11
1.195162921e-12
8.312698675e-11
-9.788200606e-12
-6.39746992e-11
3.804574116e-11
4.420922277e-10
-1.06139275e-10
-2.415063485e-10
2.9341288e-10
2.453204156e-09
-8.333030983e-10
-1.462299882e-09
1.864010699e-09
3.558631281e-09
-2.853029324e-09
-2.836819228e-09
3.632986637e-09
4.586353354e-09
-4.529029333e-09
-4.009353485e-09
5.494783465e-09
5.080862193e-09
-6.186095852e-09
-4.791939052e-09
6.27765593e-09
3.248082164e-09
-5.590956675e-09
-3.234786926e-09
4.214045124e-09
9.167679665e-10
-2.717139892e-09
-1.407696426e-09
1.507600429e-09
1.543857587e-10
-8.971261084e-10
-9.865738695e-11
6.037336036e-10
1.364848781e-10
-4.960335951e-10
-3.067217089e-11
5.311809784e-10
1.543131962e-10
1.538223258e-11
-5.368469482e-10
1.094695465e-08
-1.326331474e-08
5.031020496e-09
-6.92758801e-09
1.835230356e-08
-1.4802884e-08
6.436273982e-09
3.426616006e-08
-5.019948119e-09
-2.385504994e-08
4.104066354e-09
5.937831177e-08
-6.705414218e-09
-4.599136881e-08
1.376195589e-08
9.378849428e-08
-2.535790806e-08
-8.48228678e-08
4.037750586e-08
1.518145733e-07
-5.801152302e-08
-1.546186205e-07
7.973908151e-08
2.123119324e-07
-9.889445703e-08
-2.367664781e-07
1.150892259e-07
2.289335093e-07
-1.321714192e-07
-2.607985805e-07
1.248657981e-07
1.649890651e-07
-1.170933477e-07
-1.862408149e-07
1.129718205e-07
5.297495157e-09
-5.206657051e-08
-2.2538549e-09
-5.639623883e-10
1.252476653e-09
2.521323773e-09
-3.638190035e-09
-3.269998974e-09
1.736230617e-09
2.749855462e-09
-2.569134912e-09
-1.722291124e-09
8.975619362e-10
1.354279357e-09
-4.808811496e-11
-1.199355735e-09
4.116867379e-10
4.837427309e-10
-1.860851295e-10
-8.313196495e-10
1.457487145e-09
1.1175313e-09
-5.214593934e-10
-1.063930276e-09
9.846248351e-10
7.971162722e-10
-4.426770147e-10
-5.581570866e-10
4.817653263e-10
3.777895293e-10
-3.157790698e-10
-2.707503461e-10
2.764197036e-10
1.806763968e-10
-3.588872665e-10
-8.739104563e-11
1.490137119e-11
1.779264636e-12
-1.954778483e-11
2.164220423e-12
6.314721907e-11
-1.103862625e-11
-7.403386361e-11
4.01693468e-11
1.527691399e-10
-7.39456953e-11
-1.137818042e-10
1.221287345e-10
7.964256048e-10
-2.703896162e-10
-4.093917577e-10
6.848023901e-10
1.969058193e-09
-1.34913817e-09
-1.19516867e-09
2.100559268e-09
3.197651e-09
-3.001336372e-09
-2.328069747e-09
4.087642602e-09
4.18935981e-09
-5.142973683e-09
-3.41475987e-09
5.803502289e-09
2.918591774e-09
-5.655001135e-09
-2.347102376e-09
4.818237957e-09
3.418662787e-09
-5.242871025e-09
-6.026318808e-09
5.077178083e-09
4.442727165e-10
-3.248654329e-09
-2.721737504e-09
1.242701951e-09
4.417467045e-11
-4.39221468e-10
-1.881902419e-11
2.455724013e-10
2.40751969e-11
-5.010950918e-12
1.084708194e-10
-1.624069643e-10
1.274006346e-08
-1.094788645e-08
7.151440898e-09
-8.601188748e-09
1.215585441e-08
-1.001949751e-08
9.319133072e-09
1.560087134e-08
-9.858960053e-09
-1.02839784e-08
1.111417408e-08
3.217069168e-08
-1.459698559e-08
-2.068303682e-08
2.171632667e-08
7.137174325e-08
-3.366782895e-08
-5.533510299e-08
5.12610642e-08
1.516557001e-07
-7.29446414e-08
-1.428244969e-07
1.005007071e-07
2.566682258e-07
-1.287957949e-07
-2.677820515e-07
1.521298829e-07
2.867287842e-07
-1.746207304e-07
-3.035827994e-07
1.621317804e-07
2.03361452e-07
-1.583052684e-07
-2.156485272e-07
1.465431211e-07
3.974484871e-09
2.627347542e-09
-4.54625469e-09
-1.513447474e-08
6.347640997e-09
1.876134968e-08
-5.320894155e-09
-1.67885111e-08
3.801061836e-09
1.051110474e-08
-3.064823937e-09
-3.616514463e-09
5.868154197e-11
1.602167631e-10
-6.060049776e-11
-1.288100724e-10
8.871157831e-11
1.64788872e-10
-5.760920942e-11
-1.919539834e-10
1.645552083e-10
1.980867748e-10
-1.058161788e-10
-1.842494162e-10
2.398177047e-10
1.78562021e-10
-1.469401933e-10
-1.994572605e-10
2.676070655e-10
1.964578382e-10
-1.787682076e-10
-3.170093312e-10
5.07752131e-10
3.906126644e-10
-6.525395347e-10
-3.283949673e-10
2.851592641e-11
7.282160419e-12
-5.288674901e-11
8.524135807e-12
9.997088709e-11
-2.364000806e-11
-1.556800597e-10
9.554029933e-11
8.882578575e-11
-1.043328571e-10
-5.143107874e-11
8.515086683e-11
1.941668953e-10
-8.98332232e-11
-7.57463397e-11
1.917026179e-10
6.385105481e-10
-4.423102236e-10
-3.003702541e-10
8.823047169e-10
1.5410198e-09
-1.567620256e-09
-9.23490265e-10
2.497045858e-09
2.582385166e-09
-3.519227801e-09
-1.834850599e-09
4.369975468e-09
1.704388609e-09
-4.673621733e-09
-1.179272121e-09
4.092038438e-09
4.667416256e-09
-4.321060844e-09
-2.039443001e-09
5.54570274e-09
5.45481212e-09
-7.320351987e-09
-3.432198837e-09
7.695169643e-09
2.679462707e-10
-4.234474282e-09
-1.190051304e-09
8.943386776e-10
5.352621911e-12
-5.412494425e-12
5.922088442e-11
-1.511100702e-10
8.804084411e-09
-6.689478042e-09
9.615684045e-09
-9.923934794e-09
8.077847967e-09
-6.294840757e-09
9.874629036e-09
7.580903127e-09
-9.698400513e-09
-6.508657357e-09
1.032740411e-08
1.41251451e-08
-1.288031973e-08
-1.30501475e-08
1.865400569e-08
4.045842901e-08
-2.953856258e-08
-3.147553307e-08
4.81850499e-08
1.277927462e-07
-7.512258139e-08
-1.080392392e-07
1.116367926e-07
2.679120938e-07
-1.498865433e-07
-2.60329182e-07
1.767855742e-07
3.114267119e-07
-1.918670762e-07
-3.101403625e-07
1.628600757e-07
2.268487846e-07
-1.66727944e-07
-1.395874262e-07
6.055378661e-09
8.616655914e-11
1.982118389e-10
-1.947280959e-12
-4.975411378e-10
2.735174206e-10
9.1167309e-10
-4.999171246e-12
-1.247490297e-09
1.72257947e-10
1.054225483e-09
5.222980696e-11
-4.280051149e-10
1.351474159e-11
4.788969145e-11
-1.136808071e-13
-6.003463789e-11
2.245634579e-11
7.02827671e-11
7.288416002e-12
-8.152503942e-11
3.87979111e-11
8.18497242e-11
-9.683595958e-13
-7.69064458e-11
5.168118182e-11
6.771980176e-11
-8.607164563e-12
-5.445261633e-11
3.332790571e-10
-3.313454463e-11
-3.281701768e-10
3.803881308e-10
8.531143061e-10
-8.788279327e-10
-8.476414014e-10
1.450621553e-09
-1.108918773e-10
-1.698075297e-09
-9.736874748e-11
8.788017095e-10
1.733187831e-10
-3.512465711e-10
-1.242222438e-10
1.639680345e-10
3.31296974e-11
-8.087196304e-11
2.041554453e-12
4.527142377e-11
2.56043824e-11
-3.403838728e-11
6.115830211e-13
5.017776623e-11
1.151085656e-10
-1.201519467e-10
-1.904228588e-11
3.042251599e-10
4.879786591e-10
-6.911079082e-10
-2.110789267e-10
1.326502181e-09
1.395889583e-09
-2.082542867e-09
-1.57231917e-09
2.493105463e-09
6.803400936e-10
-2.095691246e-09
-9.315895438e-11
1.601302303e-09
6.252083457e-10
-1.107385043e-09
-2.070794043e-11
9.474589552e-10
1.012715369e-09
-1.159465821e-09
-5.035256557e-11
1.949181758e-09
1.221702704e-09
-3.184917033e-09
-8.518571011e-11
2.658237852e-09
-9.001603083e-13
3.710356987e-11
1.167341003e-10
-7.098695345e-10
5.030226109e-09
-4.047741234e-09
1.204849944e-08
-1.162815467e-08
4.80816428e-09
-3.650640087e-09
1.08997184e-08
6.374153659e-09
-1.064288774e-08
-6.870304347e-09
1.200002042e-08
1.508500516e-08
-1.545358172e-08
-1.814575724e-08
2.101979111e-08
3.047100477e-08
-2.870945021e-08
-3.383311168e-08
3.937152893e-08
8.839950543e-08
-5.676984105e-08
-7.398342506e-08
9.385804733e-08
2.503834042e-07
-1.429716394e-07
-2.377502559e-07
1.731866702e-07
2.949509897e-07
-1.579349667e-07
-2.504815597e-07
1.715373602e-07
8.390956333e-08
-2.025385948e-07
-1.051379639e-07
-1.219047682e-11
-2.21959603e-12
4.730290602e-11
2.022162218e-11
-7.106896008e-11
-1.874889729e-11
9.654826765e-11
4.222987179e-11
-1.14482322e-10
-6.524643427e-11
1.115170907e-10
4.993309711e-11
-7.661973924e-11
-1.278901124e-11
4.620068048e-11
2.198735215e-11
-4.78061424e-11
-1.956148065e-11
4.675303339e-11
2.445667707e-11
-4.344644659e-11
-1.107749579e-11
3.609387972e-11
2.184456359e-11
-2.557636704e-11
-4.900918753e-12
1.525894527e-11
6.960759618e-12
-8.893562199e-12
1.874728667e-10
-8.349277407e-11
-1.858574444e-10
1.464390549e-10
3.784242068e-10
-2.453026373e-10
-1.61539331e-10
4.704068457e-10
7.336312144e-10
-9.82780442e-10
-3.435402316e-10
2.19939417e-09
-1.229189281e-10
-3.635452119e-09
-3.49639068e-10
3.835323379e-09
-1.651608218e-10
-2.717101141e-09
3.551554322e-10
1.570743014e-09
-7.038917208e-11
-8.667041977e-10
1.95626954e-10
5.363422772e-10
-7.697677691e-11
-4.876366778e-10
2.116722671e-10
7.042608908e-10
-6.657519095e-11
-1.191745506e-09
3.792696052e-10
1.856829878e-09
3.063793316e-10
-2.397207408e-09
1.103753252e-10
2.510407266e-09
1.76559866e-11
-2.349262364e-09
-3.933441235e-11
1.73645066e-09
-4.160324828e-11
-1.033771386e-09
4.933368565e-10
7.962278073e-10
-8.997821769e-11
-8.932159533e-10
5.788408143e-10
1.393080093e-09
-3.17969489e-10
-2.614698877e-09
1.383081106e-09
5.133884432e-09
-9.917085937e-10
2.070865904e-09
1.240145547e-08
-9.103639837e-09
4.243552284e-09
1.668177664e-08
-1.217441355e-08
2.437494785e-09
-9.754043128e-10
1.122663981e-08
7.782135858e-09
-1.2032604e-08
-8.674565879e-09
1.50873309e-08
2.136110662e-08
-2.078494176e-08
-2.458800915e-08
2.892308878e-08
3.835372108e-08
-3.865307422e-08
-4.260786613e-08
4.877616607e-08
6.554541824e-08
-5.861307995e-08
-6.038236453e-08
7.369708522e-08
2.17091652e-07
-1.136330713e-07
-1.882257121e-07
1.571135999e-07
2.140880447e-07
-1.921799514e-07
-1.917497832e-07
1.54466559e-07
1.942039112e-07
-1.550282592e-07
-1.349994242e-07
-1.290909996e-10
-4.558118097e-11
7.691402673e-10
2.188393405e-10
-1.603122223e-09
-5.658062671e-11
3.495031335e-09
4.794383655e-11
-8.541980997e-09
-4.931095588e-11
1.542479571e-08
-7.106017255e-09
-2.116099191e-08
-4.317221488e-11
2.413727109e-08
-6.638441879e-09
-2.395637884e-08
-5.056850909e-11
2.077486651e-08
-5.68868501e-09
-1.553778194e-08
-3.59901668e-11
9.808674283e-09
-5.407563817e-09
-4.886575224e-09
-2.091397944e-12
1.228740802e-09
-2.125957547e-09
4.46128869e-10
2.047171738e-10
-3.470807252e-10
-1.353400781e-10
2.736877488e-10
9.715872527e-11
-2.278281747e-10
-5.235040581e-11
2.200002314e-10
1.375220293e-10
-2.840534567e-10
-4.16163191e-11
4.974665006e-10
2.657201914e-10
-1.019412285e-09
-6.719736455e-11
2.091269261e-09
-2.435790124e-10
-3.666992771e-09
1.105423904e-10
4.667775577e-09
-3.467690548e-10
-4.228328044e-09
7.544262441e-10
3.14926027e-09
-4.627344704e-10
-2.582573593e-09
1.146113367e-09
2.909384373e-09
-8.448411654e-10
-3.794262944e-09
1.509175359e-09
4.132740847e-09
-4.270324302e-10
-2.532463105e-09
2.057992758e-10
6.445389536e-10
-6.2682267e-11
-2.026534046e-10
4.849223915e-11
3.267543703e-10
-9.41945029e-10
-8.799987368e-10
1.723220326e-09
1.776322248e-09
-1.819816182e-09
-3.442606616e-09
4.273307612e-09
5.94488829e-09
-3.240745855e-09
-7.551128025e-09
2.524036589e-09
4.923538184e-09
-7.467033238e-10
2.489605767e-11
1.387531053e-10
-1.043594746e-09
-2.4786151e-09
1.17998932e-09
-1.814606843e-09
3.85388586e-09
1.055802189e-08
-8.033745766e-09
-1.355889729e-08
1.526471897e-08
2.837687722e-08
-2.522017844e-08
-3.267601306e-08
3.681042781e-08
4.60235978e-08
-4.840902313e-08
-4.810381384e-08
5.833866525e-08
5.623701286e-08
-6.528004068e-08
-5.182820362e-08
6.943883182e-08
1.557927888e-07
-7.990559091e-08
-1.237347373e-07
1.145937745e-07
1.582163336e-07
-1.472180832e-07
-1.28559121e-07
1.051132129e-07
1.270591588e-07
-1.227022197e-07
-7.344257579e-08
9.954186624e-09
-9.211171337e-10
2.869210849e-08
-2.711116754e-09
-3.416011925e-08
2.218814094e-09
3.078197488e-08
-1.822148519e-09
-2.726354729e-08
2.761653622e-09
2.324794516e-08
-7.965199264e-10
-1.942421252e-08
2.118315889e-09
1.641168222e-08
1.530722131e-09
-1.477182028e-08
3.032681501e-09
1.443303462e-08
4.361204314e-11
-1.425167085e-08
7.108361629e-09
1.220036397e-08
-8.155094484e-09
-7.743417005e-09
3.720090903e-09
2.541393577e-09
-3.625730033e-09
4.712811698e-10
-9.437269898e-12
-4.82551275e-10
4.714620917e-10
3.021123938e-10
-7.464567735e-12
-2.356350552e-10
1.072723613e-10
2.218143e-10
-7.161277805e-12
-2.313709777e-10
8.286660513e-11
2.733755776e-10
-3.88413785e-11
-3.768251816e-10
1.586066511e-10
5.935940063e-10
-3.014801709e-10
-1.060666936e-09
5.084223488e-10
1.974888682e-09
-1.273300719e-09
-3.43052117e-09
1.775479234e-09
5.150333073e-09
-2.385741073e-09
-6.55045567e-09
3.276026726e-09
6.965017476e-09
-1.608216312e-09
-5.521342219e-09
1.440796193e-09
2.168967052e-09
-8.174954602e-11
-3.202601688e-10
7.586224101e-11
8.944175973e-11
-6.8379495e-11
-1.16921836e-10
9.437508313e-11
3.67738355e-10
-3.248438863e-09
-1.928654133e-09
3.804891454e-09
4.061146278e-09
-5.29710922e-09
-4.709402912e-09
1.878137003e-09
2.357590153e-09
-4.188290488e-10
-4.336104675e-10
8.34976788e-11
1.18146356e-10
-4.188408939e-11
6.660729601e-11
-1.195668255e-10
7.149648043e-11
-5.294460117e-09
5.316338078e-09
3.511125184e-09
-1.324695917e-08
1.741553718e-08
-2.216448608e-08
2.459871264e-08
3.709183885e-08
-3.756518613e-08
-4.131276915e-08
4.93970764e-08
4.834449185e-08
-5.797114678e-08
-4.6365621e-08
6.233121747e-08
4.623536297e-08
-6.258522533e-08
-3.908220267e-08
5.940724889e-08
9.131822287e-08
-5.223198469e-08
-6.401098005e-08
6.740812927e-08
7.6121961e-08
-6.086115881e-08
-1.542158178e-08
4.037018647e-08
4.335730386e-08
-6.362595054e-08
-3.662458662e-09
4.445008241e-08
5.635992675e-08
1.896411725e-08
-8.884636181e-08
-3.000417323e-08
1.006362404e-08
2.672544047e-08
-2.074582986e-08
-1.996603649e-08
4.918693402e-09
1.243239476e-08
-7.645654466e-09
-7.186916576e-09
9.960917141e-10
4.625562676e-09
-2.826644882e-09
-4.802884168e-09
2.465649945e-09
8.054040364e-09
-4.921650458e-09
-1.319161258e-08
9.827163643e-09
1.61882158e-08
-1.170954111e-08
-1.476331296e-08
4.266802983e-09
9.896629542e-09
-4.433242794e-09
-3.296060692e-09
-2.407765115e-09
-3.417429912e-09
4.5672557e-09
3.002322421e-09
-3.148216765e-10
-7.331684618e-10
4.954217469e-10
3.668464153e-10
-2.245756571e-10
-3.933946471e-10
3.931450963e-10
5.286459339e-10
-3.721207173e-10
-7.495929694e-10
9.623292871e-10
1.172204924e-09
-5.844107762e-10
-5.346306571e-09
-7.973862327e-10
1.173459731e-08
-2.412605691e-09
-1.681729952e-08
-4.0926564e-10
1.87804858e-08
-4.083152485e-09
-1.656586552e-08
2.126866561e-09
1.132591261e-08
-1.477761395e-09
-5.506504638e-09
1.030644381e-09
1.932021092e-09
-1.146342413e-10
-5.920852279e-10
2.470447429e-10
1.93978761e-10
-1.046839099e-10
-1.00428596e-10
1.151535322e-10
9.741815582e-11
-1.363639084e-09
-1.960337756e-10
1.966346271e-10
1.917468063e-10
-2.024566796e-10
-1.231403507e-10
9.710687435e-11
1.099610932e-10
1.311281167e-10
1.722382946e-10
-9.881003185e-11
-1.343623301e-10
-9.768988174e-11
-2.501063307e-10
1.746631429e-09
-8.695002361e-10
3.816865401e-09
-2.222218596e-08
2.936326966e-08
-4.477364678e-08
4.244260358e-08
4.499783927e-08
-5.581990025e-08
-4.615092645e-08
6.105821751e-08
4.176893238e-08
-5.979441264e-08
-3.401485987e-08
5.432842928e-08
3.081023994e-08
-4.675130902e-08
-2.204214217e-08
3.878705023e-08
4.103084806e-08
-3.037803042e-08
-2.97596666e-08
2.136166557e-08
-3.341488539e-08
-9.717288734e-09
2.033532094e-08
4.322281335e-08
-4.115574845e-08
-6.020916857e-08
4.153223199e-08
6.727027535e-08
4.498598112e-08
-6.68447031e-08
-1.272628329e-08
5.539457309e-08
3.67243769e-08
-1.020644475e-08
-5.105246516e-08
-1.3292679e-08
1.041298104e-08
1.248444106e-08
-1.210251356e-08
-8.553655564e-09
4.763133326e-09
6.131970499e-09
-6.844626361e-09
-5.515615491e-09
7.15192909e-09
6.189493384e-09
-9.271246874e-09
-7.928118362e-09
1.331847131e-08
1.071447725e-08
-1.409965393e-08
-1.362288972e-08
6.235187171e-09
1.490896311e-08
-1.008600212e-08
-1.288092516e-08
-7.606650955e-10
5.994668368e-09
-5.890170271e-09
-2.05282253e-09
-4.097215813e-10
2.053830593e-09
8.355743226e-10
-3.527103251e-09
-6.086334693e-10
3.06289525e-09
3.050093704e-09
-1.145229617e-09
-1.738323358e-09
-1.650274516e-09
-2.388192107e-11
5.889596882e-09
1.391636485e-09
-4.715195038e-09
-2.341282699e-09
1.991366082e-09
9.195800054e-10
-1.36296422e-09
-3.430986513e-10
2.892586111e-09
-6.125907639e-10
-5.957234503e-09
-1.794803548e-10
8.806504968e-09
-9.345228942e-10
-8.717686751e-09
6.715970372e-10
5.5433403e-09
-4.076126942e-10
-2.51896885e-09
6.825726811e-10
9.439754421e-10
-1.347720803e-10
-3.343968753e-10
1.799401981e-10
1.408365238e-10
-9.745273319e-11
-9.136504503e-11
9.18121624e-11
8.006392071e-11
-1.016174453e-10
-8.589717037e-11
1.008776336e-10
1.110839729e-10
-1.514279177e-10
1.435251568e-10
2.197528938e-10
-1.569939129e-10
-1.037972311e-07
6.271738115e-08
-4.66027524e-08
8.962572882e-08
3.919754085e-08
-7.065407081e-08
-2.148919549e-08
5.347839662e-08
2.330556458e-08
-3.964897664e-08
-1.277506397e-08
2.903090268e-08
1.430413444e-08
-2.111437421e-08
-9.132215545e-09
1.567679067e-08
1.320708808e-08
-1.179197069e-08
-8.124221953e-09
3.53182096e-09
-9.966190476e-09
2.630397186e-08
1.583051017e-08
1.406144806e-08
-1.696823052e-08
-1.331212761e-08
2.55852884e-08
3.07463022e-08
-1.776210708e-08
-6.567703812e-08
4.520166866e-08
8.59775268e-08
2.804725384e-08
-3.480106985e-08
-2.171563044e-08
-1.012869795e-08
1.194412788e-08
1.296501486e-08
-9.328906762e-09
-1.23523148e-08
9.009851795e-09
1.192693589e-08
-8.846822867e-09
-1.131406718e-08
1.135886593e-08
1.029182111e-08
-1.202130563e-08
-9.166417e-09
1.308248408e-08
9.424367727e-09
-1.067488548e-08
-1.218312873e-08
1.045085127e-08
1.638579785e-08
-8.451913388e-09
-1.86954645e-08
5.222055915e-09
1.760443163e-08
-4.977889695e-09
-1.428730512e-08
1.242555911e-09
9.890133441e-09
-2.111758814e-09
-5.264040594e-09
3.328830793e-11
1.706149186e-09
-7.680215946e-10
-4.94427968e-10
1.770631096e-10
5.768015135e-10
-6.794257647e-10
-5.352065674e-10
3.495842918e-09
4.818731502e-10
-2.911344968e-09
-7.749645301e-10
4.936587323e-10
2.2803044e-10
-8.615469059e-10
1.833021179e-10
1.212468077e-10
-3.608280161e-10
2.611451465e-12
4.302181223e-10
5.433752499e-11
-6.158520265e-10
1.148789429e-10
1.065312527e-09
-9.97703356e-10
-1.988673599e-09
8.179293775e-10
2.432007617e-09
-4.382295979e-10
-1.689906025e-09
6.808187433e-10
6.361287433e-10
-9.339810129e-11
-1.811688503e-10
1.01668059e-10
8.460505135e-11
-9.083773955e-11
-7.805097229e-11
7.609044847e-11
9.641757239e-11
-8.024746913e-11
7.149456788e-11
-1.272697144e-10
5.676346976e-11
9.752955058e-11
-1.368814613e-10
-4.33767968e-09
7.495226705e-09
-1.018109016e-08
7.031919861e-09
7.656898231e-09
-7.796396147e-09
-7.292706438e-09
7.456485639e-09
7.347988591e-09
-6.717163493e-09
-7.237326697e-09
6.29538145e-09
7.245833128e-09
-5.861069931e-09
-6.14716033e-09
4.310807267e-09
3.012238201e-09
-1.752567024e-09
-4.320509192e-09
3.666081058e-10
-3.838290046e-08
-1.866679944e-08
2.622122532e-08
3.500082606e-08
-3.407254837e-08
-2.458476517e-08
6.485529685e-09
7.130157406e-09
1.415253779e-08
1.773518311e-09
-6.38720156e-09
-4.190584584e-09
6.227067409e-09
4.492966264e-09
-3.82814406e-09
-4.518584855e-09
7.222277313e-09
5.291993963e-09
-5.647252357e-09
-6.717394826e-09
1.195971682e-08
7.515511932e-09
-1.154326346e-08
-7.071866335e-09
1.013479098e-08
6.234912761e-09
-9.846683878e-09
-5.745469517e-09
8.07308214e-09
5.469383348e-09
-8.199279692e-09
-5.230921966e-09
5.993800956e-09
5.032151918e-09
-6.554703763e-09
-4.787335937e-09
3.643082486e-09
4.384860764e-09
-4.496772725e-09
-3.607063413e-09
9.001665881e-10
2.376098316e-09
-1.368089248e-09
-1.317826084e-09
4.465097512e-10
1.383924362e-09
1.187755781e-10
-2.611981863e-09
3.605567033e-09
3.128605111e-09
-4.319121604e-09
-2.136123742e-09
1.40712086e-09
1.37622213e-09
-2.162191554e-09
-6.060976031e-10
-6.077573482e-11
-2.592893578e-11
6.43767581e-11
3.821270406e-11
-1.496212858e-10
-7.530145419e-11
2.052318709e-10
1.854303119e-10
-7.172541962e-10
-3.992170299e-10
6.938824082e-10
6.018725123e-10
-6.062194282e-10
-5.468601302e-10
4.504087158e-10
2.940680176e-10
-9.787482205e-11
-1.206452663e-10
8.746063301e-11
6.664745183e-11
6.09862486e-11
6.771695003e-11
-6.561502722e-11
-6.117795087e-11
-2.38960699e-08
8.778113704e-11
1.27042684e-08
1.128223233e-08
-7.632035269e-09
5.216089094e-09
-2.865362504e-09
5.341849202e-09
6.921999703e-09
-4.149172473e-09
-6.701902666e-09
3.499000705e-09
3.385250866e-09
1.287147669e-09
-1.15174597e-09
-3.386790351e-09
2.203847317e-09
3.940768544e-09
-1.616559578e-09
-4.885611215e-09
-2.920284779e-09
2.76045209e-09
-1.800157711e-09
-3.038336687e-09
-2.366206379e-09
2.058952051e-09
2.665811831e-09
9.046473243e-10
3.004223388e-09
2.978225519e-10
-6.01260069e-10
-1.471783985e-09
1.921218595e-09
1.454325791e-09
-6.653163509e-10
-1.511040289e-09
4.083244906e-09
2.555454056e-09
-3.006832857e-09
-4.178321248e-09
1.027985765e-08
5.228641383e-09
-8.289990086e-09
-5.405514768e-09
9.226516904e-09
5.419081051e-09
-8.256620495e-09
-5.512858023e-09
8.319471008e-09
5.422112558e-09
-8.414701776e-09
-5.072537726e-09
7.021372621e-09
4.569248736e-09
-7.49035229e-09
-4.138959173e-09
4.928114939e-09
4.284708753e-09
-4.84591113e-09
-5.797710328e-09
2.798071164e-09
8.936113868e-09
-2.981214319e-09
-1.168079562e-08
-3.07304679e-10
1.04777068e-08
-2.719818332e-09
-6.285557911e-09
4.596991765e-09
2.836913556e-09
-4.079114508e-09
-3.24930924e-09
3.040634513e-09
2.910733511e-09
-3.568030892e-09
-2.395687173e-09
-4.121346156e-11
2.007596198e-09
-1.883385816e-09
-6.199397993e-11
-2.975416493e-10
-2.062163319e-10
4.357356312e-10
2.040227956e-10
-6.019242517e-10
-2.69968188e-10
4.862347217e-10
3.260501012e-10
-3.273513902e-10
-2.441830331e-10
2.775374564e-10
1.191076698e-10
7.598647516e-11
2.981758876e-11
-7.711708463e-11
-5.006734097e-11
-5.975182095e-11
-3.182032111e-11
-1.101432285e-11
-6.94459111e-12
-3.905917243e-09
3.810623752e-09
-4.129227363e-09
4.262894466e-09
5.521659248e-09
-3.403931879e-09
-3.085131538e-09
7.042337014e-10
-9.532366498e-12
7.033831184e-09
1.577690249e-09
-8.499403202e-09
1.318659171e-09
9.45672961e-09
7.298540504e-10
-9.928796538e-09
2.13454812e-09
1.040276913e-08
-1.329675081e-10
-9.826083281e-09
-1.830615275e-10
7.374437192e-09
7.599490981e-11
-4.168974253e-09
4.60299535e-11
1.558744852e-09
2.465363001e-10
-9.999340811e-10
2.164387767e-10
1.091063123e-09
-3.44002438e-10
-1.822136541e-09
2.64216997e-09
2.947697293e-09
-2.100240629e-09
-3.940685717e-09
6.044588002e-09
4.106247418e-09
-3.707470382e-09
-3.534778762e-09
7.095012742e-09
4.394474476e-09
-5.962593576e-09
-5.088929062e-09
8.400079647e-09
5.454669945e-09
-8.179542349e-09
-5.498116454e-09
8.047839814e-09
5.162516114e-09
-8.561450997e-09
-4.476698452e-09
5.404378724e-09
3.580567888e-09
-6.170180732e-09
-2.717582559e-09
2.839997888e-09
2.175114021e-09
-2.902717244e-09
-2.150435354e-09
2.888923558e-09
2.557128366e-09
-2.377572545e-09
-3.081694725e-09
4.064020536e-09
3.487454495e-09
-3.755312874e-09
-3.783850162e-09
4.165749341e-09
3.718012797e-09
-4.648894931e-09
-3.247463197e-09
2.481665871e-09
2.426964737e-09
-3.476037604e-09
-1.482992219e-09
-1.727905037e-10
8.189202213e-10
-5.973484526e-10
-8.85073973e-11
-3.536777618e-10
-1.034070925e-10
2.741403781e-10
1.893895485e-10
-2.808887223e-10
-2.599542406e-10
3.713544329e-10
3.03494326e-10
-1.993851604e-10
5.654133893e-10
4.420013524e-10
-3.409337262e-10
-7.210983801e-10
1.228653939e-10
2.708433047e-09
6.46447163e-10
1.757365004e-09
-7.075422167e-09
-2.252552442e-09
7.240154028e-09
2.910385232e-09
-8.391917857e-09
-1.918859366e-09
9.497994822e-09
3.123824266e-09
-1.110081089e-08
-3.053327139e-09
1.345067598e-08
6.326194675e-09
-1.476817475e-08
-2.028425513e-09
1.376462014e-08
6.313728163e-09
-1.06415081e-08
-9.552100619e-10
6.84479274e-09
2.389440585e-09
-3.298595743e-09
-1.420260128e-12
1.548500643e-09
4.599939673e-10
-1.109765874e-09
9.664287741e-10
1.174989107e-09
-5.349495875e-10
-1.429152794e-09
2.648076677e-09
1.860787108e-09
-1.868413272e-09
-2.397528269e-09
5.041657217e-09
3.240110363e-09
-4.022687436e-09
-4.132767304e-09
7.696789785e-09
4.952671378e-09
-6.937689637e-09
-5.536108429e-09
8.939633474e-09
5.717164005e-09
-9.08923786e-09
-5.384265594e-09
7.094741042e-09
4.546680792e-09
-8.125674539e-09
-3.384712622e-09
3.219419058e-09
2.239628232e-09
-3.904864625e-09
-1.498070942e-09
1.756059835e-09
1.381837867e-09
-1.260241035e-09
-1.861659835e-09
3.157442429e-09
2.643656877e-09
-2.329109871e-09
-3.462632821e-09
4.810362433e-09
4.161258461e-09
-4.478327292e-09
-4.481737299e-09
4.653047163e-09
4.144312121e-09
-5.780518079e-09
-3.006343931e-09
1.345581393e-09
1.338036186e-09
-2.640724367e-09
-3.234054431e-11
-2.593246956e-10
-5.252100361e-11
2.683199004e-10
1.807476134e-10
1.19625159e-09
8.145749586e-10
-6.12186108e-10
-4.148975143e-10
-4.16223285e-09
-1.679109836e-09
6.301217392e-09
4.204667923e-09
-8.480894736e-09
-3.550501024e-09
9.839405769e-09
-4.411691458e-09
5.482271271e-09
-1.077103374e-08
-8.346210918e-09
1.251293026e-08
8.115128343e-09
-1.505701244e-08
-1.107110474e-08
1.621080984e-08
1.406454312e-08
-1.430035092e-08
-4.90918319e-09
1.248337765e-08
8.842804582e-09
-8.397280593e-09
-1.006372744e-09
4.42541592e-09
1.862670645e-09
-2.40785699e-09
3.562626094e-10
1.183582363e-09
-2.410299525e-10
-5.462961847e-10
1.215860428e-09
7.639163619e-10
-7.087036552e-10
-1.198291706e-09
2.982262811e-09
1.849321167e-09
-2.014348084e-09
-2.726195069e-09
5.925821951e-09
3.766234334e-09
-4.719563651e-09
-4.834276468e-09
8.91381108e-09
5.709365112e-09
-8.330688811e-09
-6.117645605e-09
9.156740813e-09
5.824220162e-09
-1.004828502e-08
-4.779218882e-09
4.963580249e-09
3.25057375e-09
-6.354121353e-09
-1.788273359e-09
1.052005069e-09
7.975721581e-10
-1.241879757e-09
-5.949940174e-10
1.417721197e-09
1.098112198e-09
-6.339800021e-10
-1.877082745e-09
3.569835947e-09
2.974814023e-09
-2.213009822e-09
-4.315506285e-09
6.432904049e-09
5.587391837e-09
-5.94393852e-09
-6.040401241e-09
-9.396263238e-09
-1.225019975e-11
5.016369459e-09
4.418455345e-09
-1.762752349e-11
-1.040132869e-12
1.14491662e-09
-3.017627028e-10
9.019724045e-09
7.919647429e-09
-9.806827344e-09
-6.981582134e-09
9.258710958e-09
-7.817422419e-09
8.884272609e-09
-8.361707673e-09
-1.041993712e-08
7.510866154e-09
6.98058166e-09
-5.831266856e-09
-1.038887801e-08
2.462552292e-09
9.539642706e-09
-6.613196981e-10
-1.342302856e-10
7.414482449e-10
-2.622512066e-10
-5.080985381e-10
2.286184675e-10
2.901481985e-10
-1.714870832e-10
-2.35933825e-10
3.815239742e-10
2.660651079e-10
-1.960240697e-10
-3.997296347e-10
1.20514964e-09
7.03160547e-10
-6.134129445e-10
-1.248545889e-09
3.422408483e-09
2.096365522e-09
-2.177131321e-09
-3.260399116e-09
7.29262515e-09
4.64636037e-09
-5.817834401e-09
-5.982934194e-09
1.062647831e-08
6.800848003e-09
-1.06777977e-08
-6.578292756e-09
8.004511029e-09
5.137446164e-09
-9.796498008e-09
-3.233744393e-09
1.907957401e-09
1.293374231e-09
-3.16247611e-09
-1.105617061e-11
1.516322757e-10
4.829541115e-11
3.792104137e-11
-2.356643896e-10
8.353311302e-10
6.013603403e-10
-5.514015479e-11
-1.372903021e-09
-5.754803564e-11
-6.64971045e-09
3.645705218e-09
3.078543128e-09
1.746372455e-08
1.429919248e-08
-5.22105943e-09
-9.690062896e-09
5.512854084e-09
-1.685206071e-08
-1.758074833e-09
1.157283761e-09
1.2890449e-09
8.717405765e-09
-2.630748886e-10
-1.091280257e-08
5.674908078e-10
2.336608371e-10
-1.933932492e-10
-4.257607371e-10
1.365205716e-10
2.737833381e-10
-1.235634808e-10
-1.794416998e-10
1.088453831e-10
1.198752801e-10
-7.449102104e-11
-1.075355333e-10
2.533413512e-10
1.535831568e-10
-8.423823285e-11
-3.018775133e-10
1.140593472e-09
6.454028119e-10
-4.355526344e-10
-1.320092575e-09
4.029643794e-09
2.48509149e-09
-2.1952688e-09
-4.243989977e-09
9.9379266e-09
6.417372018e-09
-8.063801244e-09
-8.127881129e-09
1.154108781e-08
7.454014858e-09
-1.298647462e-08
-5.8454727e-09
-8.467995738e-09
8.441563922e-11
5.16951659e-09
3.28121067e-09
-4.821151439e-11
4.212276023e-11
2.122730108e-11
-2.064133846e-11
1.299809938e-12
4.619848692e-12
4.516635889e-11
4.990439948e-10
-4.441234936e-10
1.541098515e-10
3.584928906e-10
-3.021258997e-10
1.16152383e-10
1.116603471e-10
-4.9756429e-11
-5.867978958e-11
6.194253034e-11
3.31921498e-11
-1.101309146e-11
-3.127060476e-11
2.657209068e-11
5.578953517e-11
-9.965961705e-13
-1.396120765e-10
9.051632878e-11
3.948812846e-10
-6.676885563e-12
-1.096763464e-09
7.225478674e-10
2.894189905e-09
5.085445141e-11
-7.413798651e-09
4.567695018e-09
8.01944864e-09
-7.676895663e-09
1.390672031e-08
1.372985596e-08
7.52945882e-09
-2.070248561e-10
-5.195224094e-10
-1.703511068e-10
-1.903878768e-10
-3.756248185e-10
-2.668788086e-10
2.409880594e-09
-9.681800325e-10
-1.644459442e-09
-3.416513707e-09
1.124602156e-08
-9.364362388e-09
-2.445372214e-08
-1.070491911e-08
5.008026934e-08
-6.759195529e-10
-5.611259927e-08
2.608742846e-11
1.121033851e-09
7.190436166e-12
-1.196536996e-09
1.069871608e-10
6.949515524e-10
1.45848895e-10
-9.490259924e-10
4.143791971e-11
1.439499708e-10
-6.140410515e-10
1.552401611e-10
1.690522606e-10
-3.985824911e-10
-4.43148769e-10
-3.46252383e-10
-7.734504323e-10
-3.672097854e-10
6.099175014e-10
-3.388174648e-10
-1.815053092e-09
-2.238562597e-10
3.980934767e-10
-1.371889778e-10
-8.725652543e-10
9.583678429e-11
-1.021932234e-10
2.660679236e-10
1.066918366e-10
-2.037763844e-10
1.350351334e-10
5.974672268e-10
1.754573064e-10
-3.429413126e-10
4.100495629e-10
-1.105657601e-09
-9.291101725e-10
-1.140814909e-09
-8.43392636e-10
9.475110996e-10
-9.910486993e-10
-1.629259791e-09
7.214132051e-10
-4.314829498e-10
1.525122263e-09
1.012173364e-09
-1.367709848e-09
-3.982134117e-09
1.755276127e-08
-2.132038312e-09
-1.944186864e-08
-1.507288886e-09
1.420515149e-09
-1.922864607e-09
-1.942278591e-09
1.557492107e-09
-1.044523974e-09
2.332530721e-09
2.077962498e-09
-1.941064724e-09
2.558816904e-09
-3.193273754e-09
-7.008073991e-09
1.439201646e-08
-6.094147857e-09
-1.354105843e-08
2.491649194e-09
-2.321870859e-09
-1.59254338e-09
-3.358791067e-09
3.883710452e-09
-1.570118436e-09
-6.010107541e-09
1.17156212e-09
-1.116052762e-09
-7.749268989e-10
1.517565134e-08
1.20746136e-08
8.222202902e-09
-1.049731761e-09
4.37298317e-09
4.770876193e-09
1.568662989e-09
-9.502577083e-10
6.766290972e-10
3.013400939e-09
-1.198564532e-09
7.310149248e-10
-5.409630975e-09
3.785159459e-09
2.426408903e-09
2.221197836e-09
-1.574528791e-09
1.589129302e-09
-1.345076513e-09
3.086660291e-09
6.84071888e-10
-1.180747847e-08
-2.56613759e-09
-6.320349481e-08
2.031066448e-08
-3.662508168e-08
-6.705199444e-08
1.841130278e-09
-1.473728556e-09
1.072092073e-09
-5.346655351e-10
-6.047867344e-08
-1.958429576e-08
-5.854278005e-08
4.135596975e-08
-5.436452139e-08
-4.472543679e-08
5.302050913e-10
-4.682157808e-10
1.96933682e-10
8.929546851e-10
-2.165235482e-10
1.823736769e-08
-1.797616528e-08
-1.562427662e-08
-5.845796989e-10
7.850899822e-09
1.918392682e-08
-1.359491526e-08
4.190804384e-09
2.472280986e-10
-2.781396049e-10
-2.623081095e-11
5.828109461e-09
1.321323734e-08
-1.245245053e-08
7.780934042e-09
5.027226917e-11
-8.310797265e-11
3.26183261e-12
-2.759978724e-12
8.386603701e-09
1.098225629e-08
-9.061781979e-09
9.266024244e-09
1.455878357e-10
-5.916480175e-10
2.26340459e-12
4.840290239e-13
1.071094325e-08
7.03608771e-09
-5.322027554e-09
1.062982838e-08
1.013425845e-08
-5.219158991e-09
-1.164262249e-11
1.151769847e-09
1.310042193e-08
4.03626144e-09
-2.795867275e-09
1.230057844e-08
3.042811018e-09
-7.593541217e-09
-1.090899667e-09
1.417802971e-10
-2.278627533e-09
1.176773595e-09
6.17919874e-09
-1.046318838e-10
2.671816521e-11
-9.842846302e-11
6.080251352e-11
-1.707195163e-10
9.877207622e-09
1.178818989e-08
-1.410037004e-08
1.831899987e-08
8.985310253e-09
2.018476503e-10
-1.501659427e-10
-1.206572692e-10
1.562517315e-10
-1.006641727e-10
1.624582155e-09
2.844497664e-08
-6.460261061e-08
4.195507826e-08
2.27919749e-10
-1.479971871e-10
-1.593701549e-10
6.76526503e-08
1.129566539e-07
-1.063507302e-10
-1.209047147e-11
8.957570925e-09
-1.930018201e-08
1.042914559e-08
4.726922268e-09
5.787839974e-11
-5.25993632e-11
-5.256951599e-11
-5.081364103e-11
4.488134538e-11
1.942165889e-09
-3.501085447e-09
1.606369221e-09
7.092729277e-09
1.522520311e-10
-1.778800811e-10
-7.463088512e-11
1.947089167e-10
-6.49422874e-11
7.395189312e-09
8.511974836e-09
-7.223211283e-10
-4.474470117e-10
-2.532380094e-09
5.492236181e-10
-6.45559958e-10
-9.911293671e-10
-2.899067669e-09
-5.475306673e-09
-3.476105619e-09
-8.134133481e-09
-4.974558541e-09
5.342574893e-09
-9.448851532e-09
-3.984277684e-09
-1.512064509e-13
8.151418451e-09
1.318894569e-14
-9.135008129e-13
-3.018214979e-11
-9.807762681e-10
-8.299556683e-09
-8.7557269e-09
-9.196093739e-09
-7.385137738e-09
-4.488925733e-11
-7.565339871e-12
-3.935227627e-11
7.651888128e-09
-6.982121716e-09
1.241188308e-08
5.309532951e-09
6.331702433e-09
-5.667706417e-09
-4.817483315e-10
5.553887881e-10
-7.429004769e-10
-6.726630474e-10
5.506994674e-10
1.123609703e-10
5.280389804e-09
-3.373602879e-11
9.694336535e-11
-5.433641058e-15
4.39697764e-11
-2.79914532e-11
-1.186011355e-11
2.840345054e-11
1.114617389e-10
1.612377416e-10
-9.841188972e-11
1.065782011e-10
-7.081363331e-11
2.421244447e-11
-3.146977004e-11
3.636616978e-11
-7.937936127e-12
3.954445876e-12
-1.018878116e-12
3.603827705e-11
-8.507765511e-13
1.446309714e-12
-2.652406211e-12
2.643473779e-10
-1.120299268e-11
2.69700605e-11
-5.436115294e-11
1.853914142e-09
1.29881659e-08
1.343895204e-08
-1.194953005e-10
2.781680002e-10
-1.53554418e-10
-2.304217554e-10
-5.461190923e-10
1.692281674e-09
-4.267947492e-09
-3.075701244e-09
-1.347515278e-08
3.684195977e-08
-1.65934374e-08
-3.88963559e-08
-1.03047038e-08
4.604907201e-08
-1.732072282e-09
-2.76586666e-08
5.370451328e-10
1.11833401e-09
1.318247198e-10
-1.452658223e-09
1.876518383e-10
1.165531867e-09
2.452758541e-10
-1.185438908e-09
2.076555792e-10
5.656779294e-10
1.579139147e-10
-4.878151796e-10
1.234250071e-10
3.131239674e-10
-2.414088302e-10
-1.742986706e-09
2.265929176e-09
-3.151261506e-09
-7.18277566e-09
-3.965449946e-09
6.347066179e-09
-3.242654911e-09
-1.07521273e-08
-1.587626496e-09
2.60430211e-09
-2.167674043e-10
-4.194599496e-09
-1.374682335e-10
2.754740147e-10
-2.641088758e-10
-5.610873159e-10
-2.644123888e-09
6.395013362e-09
-1.041026928e-08
-9.189801028e-09
-1.320180761e-08
2.883007432e-08
-8.224281209e-09
-1.431833952e-08
-3.089606671e-09
1.182961634e-08
-6.862156467e-10
-3.786356942e-09
1.724946312e-09
2.835801045e-09
4.195631116e-10
-3.027081958e-09
1.542154664e-10
9.655034945e-10
1.856412047e-10
-7.209329112e-10
1.518902816e-10
3.69873913e-10
1.07579207e-10
-2.470009784e-10
7.924692356e-11
1.806816658e-10
6.401384649e-11
-1.439089157e-10
5.988597494e-11
1.584829632e-10
6.769746745e-11
-1.278958292e-10
8.915419892e-11
2.647237258e-10
1.359945555e-10
-2.177642255e-10
2.363055356e-10
6.82803185e-10
-5.522988525e-10
-3.687032016e-09
4.045107659e-09
-6.754784569e-09
-7.882381165e-09
-8.485939646e-09
1.171751208e-08
-7.667966135e-09
-1.072880366e-08
-5.590520116e-09
9.979459706e-09
-3.52967418e-09
-6.383097798e-09
-1.93266846e-09
4.144039362e-09
-8.081867218e-10
-3.319310788e-09
-8.131115375e-10
1.379390072e-09
-1.758210192e-09
-2.875314509e-09
-4.002748704e-09
7.889471589e-09
-4.194240527e-09
-6.560689251e-09
-2.294987131e-09
5.356926467e-09
-1.013496748e-09
-2.899439936e-09
-4.864142373e-10
1.475483222e-09
-2.850195892e-10
-8.936060254e-10
-1.502789184e-10
9.411133002e-10
1.053989202e-10
-7.451560228e-10
2.497106554e-10
6.017852796e-10
1.071330192e-10
-7.015738871e-10
6.966549654e-11
1.541970864e-10
4.950409795e-11
-1.009323224e-10
6.703967221e-11
1.687889834e-10
6.477377038e-11
-3.338838694e-10
5.339020208e-11
1.153799313e-10
5.415391854e-11
-1.310295168e-10
7.143603449e-11
1.895738227e-10
1.103926791e-10
-1.735070443e-10
1.957568327e-10
4.840829581e-10
3.643853398e-10
-4.387513641e-10
6.434700685e-10
1.236561461e-09
-1.031467382e-09
-3.829577011e-09
2.121255786e-08
-1.65097185e-09
-2.180947378e-08
-2.858007187e-09
3.198275419e-09
-6.540362314e-09
-4.842000636e-09
-8.90858252e-09
9.228776244e-09
-7.926538921e-09
-7.296803001e-09
-5.445556428e-09
6.800693837e-09
-3.284277848e-09
-3.544858051e-09
-1.926567401e-09
3.23255686e-09
-1.234332991e-09
-1.44962263e-09
-1.003168599e-09
2.223834791e-09
-1.140725785e-09
-1.089925219e-09
-1.200029023e-09
4.547283304e-09
-2.024884472e-09
-5.68789085e-09
-2.751796267e-09
4.692930255e-09
-1.997472106e-09
-3.142096904e-09
-1.04522878e-09
1.515991315e-09
-5.434030949e-10
-8.092612539e-10
-2.868773071e-10
5.295717526e-10
-1.272836295e-10
-3.496585862e-10
-3.839352323e-11
5.841807819e-10
2.835669454e-10
-3.119627298e-10
6.004867019e-10
8.499609446e-10
2.055267561e-10
-6.555496641e-10
5.620885908e-11
9.141546496e-11
2.986337337e-11
-1.267837329e-10
3.611699745e-10
7.612772719e-10
3.155105351e-10
-1.573210843e-09
1.83979362e-10
1.921652294e-10
1.0138471e-10
-3.139884193e-10
8.243929813e-11
1.674717874e-10
1.150128337e-10
-1.738327262e-10
1.9901526e-10
3.948822324e-10
3.229525313e-10
-3.530138595e-10
4.799999424e-10
7.893995286e-10
6.773476603e-10
-5.778088352e-10
9.311722362e-10
1.387406506e-09
1.25989419e-09
-9.128208882e-10
1.692207853e-09
2.423884692e-09
-1.660088051e-09
-7.702542543e-09
1.371176396e-08
-4.919764978e-09
-1.415425859e-08
-2.413104995e-09
2.192569363e-08
-1.602151328e-09
-2.166641476e-08
-4.72368911e-09
5.278473505e-09
-6.673229314e-09
-4.149483659e-09
-5.341852631e-09
4.625478713e-09
-3.296722923e-09
-2.686643205e-09
-1.810179317e-09
1.792606521e-09
-9.481797217e-10
-1.025708007e-09
-4.882677571e-10
6.442427256e-10
-2.661018945e-10
-3.34059377e-10
-1.677679346e-10
3.401778938e-10
-8.97767041e-11
-1.227819146e-10
5.991751207e-10
4.613139108e-09
1.981670495e-09
-2.391678332e-09
-1.681826332e-11
2.715508105e-09
-4.4281544e-10
-3.78646284e-09
-3.472858683e-10
4.966888111e-10
-2.560767228e-10
-3.751452015e-10
-1.815814833e-10
2.914040478e-10
-8.461406281e-11
-2.885049651e-10
-7.178166426e-12
1.731536217e-10
8.116049379e-11
-1.599791463e-10
1.238822572e-10
2.402189248e-10
5.728084328e-11
-1.282841812e-11
3.812792825e-11
2.325341038e-10
5.488938797e-11
-4.636573164e-10
9.136174549e-10
2.77676838e-09
9.827201725e-10
-4.072755416e-09
6.148124689e-10
4.875342971e-10
2.974717824e-10
-6.741074991e-10
1.553026154e-10
1.983111206e-10
1.565036339e-10
-2.453235083e-10
2.068182794e-10
3.247835016e-10
2.624487663e-10
-3.160250034e-10
3.155699956e-10
4.307085582e-10
3.73662175e-10
-3.445453823e-10
4.511775635e-10
5.959079172e-10
5.664246786e-10
-4.104320877e-10
7.426948847e-10
1.06444885e-09
1.063229214e-09
-6.63793451e-10
1.190502188e-09
1.004239319e-09
-6.71896594e-10
1.229942768e-09
1.394986288e-08
-2.773787341e-09
-3.28327008e-09
1.124151387e-09
2.021834346e-08
-1.010129874e-09
-1.587342955e-08
-2.551145126e-09
2.484828412e-09
-2.869405802e-09
-1.150496117e-09
-2.19839894e-09
1.559558192e-09
-1.525546909e-09
-9.425281702e-10
-1.01602531e-09
7.461798183e-10
-5.833381079e-10
-7.213407044e-10
-2.597828774e-10
2.365958802e-10
-1.264316771e-10
-2.06912951e-10
-8.03252231e-11
1.197396115e-10
-2.551063949e-11
-1.462201854e-10
2.539884735e-10
1.037057323e-09
9.864110697e-10
-6.123104633e-10
2.009794153e-09
3.651576938e-09
4.376647607e-10
-1.65600158e-09
-1.446823746e-10
3.118930232e-10
-1.067077259e-10
-2.087948658e-10
-6.51841049e-11
1.747731995e-10
-2.953566847e-11
-1.039005908e-10
-3.74226297e-12
1.578991202e-10
-3.258615118e-12
-9.554572775e-11
-4.925757388e-12
4.566917777e-11
6.137861537e-12
-1.915619829e-10
1.382236323e-10
8.213955211e-10
1.704297827e-10
-1.25280311e-09
6.83430255e-10
4.962342692e-09
1.074990731e-09
-5.164701326e-09
9.843869537e-10
8.537212855e-10
5.745975208e-10
-1.083892582e-09
3.028817649e-10
3.098061078e-10
2.39422103e-10
-3.810778296e-10
2.449693417e-10
3.23229073e-10
2.599827214e-10
-3.406674878e-10
2.699889713e-10
3.004933431e-10
2.778480834e-10
-2.812799276e-10
2.930749036e-10
3.094871059e-10
3.283827449e-10
-2.595473768e-10
3.981038973e-10
4.29318464e-10
5.196005748e-10
-3.303491934e-10
6.552453666e-10
5.538914236e-10
-5.569828775e-10
5.885302575e-09
-5.892093423e-09
6.41862229e-09
5.328265701e-09
7.917975722e-09
-6.479835424e-09
3.367729773e-09
1.375091931e-08
5.251503972e-09
9.615794424e-09
-2.824295301e-10
2.027498114e-09
-5.68201916e-10
4.894238169e-10
-5.938758838e-10
-5.499286434e-10
-6.259396425e-10
6.273796138e-10
-7.603841493e-10
-7.350754312e-10
-9.960466836e-10
8.931346276e-10
-1.124019358e-09
-1.061045284e-09
-8.228342548e-10
1.629943853e-10
-4.510723951e-10
3.697472289e-10
-2.87889328e-10
1.388575696e-10
-3.793332273e-10
1.952953783e-10
-2.67057423e-10
4.819582764e-10
-1.986122639e-10
-3.758062693e-10
-1.56901037e-10
2.842482924e-10
-1.206282696e-10
-1.962925952e-10
-7.878521987e-11
1.387679055e-10
-4.72473355e-11
-9.426584327e-11
-2.548230989e-11
5.90026197e-11
-1.262947904e-11
-4.521957931e-11
-5.87798004e-12
7.495624932e-11
-2.684721679e-11
-2.230889536e-10
-1.707472518e-10
6.907103697e-10
7.536010252e-12
-2.070913335e-09
3.954937185e-10
1.730520805e-09
3.751534668e-10
-2.292960732e-09
3.920273229e-10
4.668253473e-09
7.098343905e-10
-3.731308751e-09
1.047772596e-09
1.521882111e-09
8.691037431e-10
-2.3302669e-09
5.346113149e-10
4.603899982e-10
3.788708182e-10
-5.690218873e-10
3.344221588e-10
3.661293411e-10
3.178893487e-10
-4.018078455e-10
3.052806723e-10
2.779275572e-10
2.939943967e-10
-2.900343798e-10
2.908849181e-10
2.432506225e-10
3.059471619e-10
-2.56987558e-10
3.472973447e-10
2.896081895e-10
4.235084636e-10
-2.971074483e-10
5.501994448e-10
4.590773867e-10
7.564469867e-10
-4.253397006e-10
1.082339693e-09
9.176824579e-10
-8.270449614e-10
-1.090724555e-08
-4.098603308e-10
-5.261193129e-09
-1.627099182e-09
1.178930583e-09
-5.267466899e-09
5.707772424e-09
1.755787039e-09
4.742343025e-09
-1.855283459e-08
8.166225044e-09
1.564003606e-08
-1.41679621e-09
-8.694278075e-10
-2.162455981e-09
-1.015488797e-08
-1.772269211e-09
1.021418754e-09
-1.627738879e-09
-3.574508886e-09
-1.438619956e-09
9.126509405e-10
-1.405989465e-09
-1.487802328e-09
-1.348860794e-09
9.155840982e-10
-1.33139642e-09
-1.005409619e-09
-1.432785391e-09
3.937982433e-10
-1.594221153e-09
-6.385715453e-10
-1.26368425e-09
-2.081573197e-10
-3.207189078e-10
-3.119488674e-10
-2.191091636e-10
2.824023558e-10
-1.598658525e-10
-2.30074141e-10
-1.13202676e-10
1.552437195e-10
-7.4348893e-11
-1.39535128e-10
-4.666656863e-11
7.268011393e-11
-3.722281048e-11
-8.795391589e-11
-6.390589726e-11
1.284740876e-10
-1.50210594e-10
-7.885239366e-10
-2.986025985e-10
1.318262064e-09
-1.041836609e-09
-5.78232738e-09
-1.72385466e-09
4.914688653e-09
-1.021361406e-09
-8.508410853e-09
-3.350737299e-10
3.482803019e-09
-2.169006401e-09
-1.611860292e-08
-1.033948181e-11
3.297037153e-09
5.290328638e-10
-1.032850321e-08
9.153795954e-10
3.317781143e-09
1.304162863e-09
-3.84610273e-09
1.111120012e-09
7.652006046e-10
7.39914724e-10
-1.204139212e-09
5.601269713e-10
4.544286578e-10
4.860933723e-10
-5.41273668e-10
4.472610923e-10
3.254876764e-10
4.251279242e-10
-4.052107429e-10
4.338554359e-10
3.142670951e-10
4.889412309e-10
-4.687275791e-10
5.732629841e-10
3.620115863e-10
6.598580041e-10
-5.36758805e-10
7.537915931e-10
4.445760608e-10
8.958422775e-10
-5.137863283e-10
1.142803266e-09
7.894048868e-10
1.554520621e-09
-7.314584254e-10
2.192130576e-09
1.587931397e-09
-1.310303549e-09
-6.100306063e-08
1.753530891e-08
-4.729285507e-08
-5.57763256e-08
-3.508186387e-08
1.5281031e-08
-2.746000616e-08
-5.863813304e-08
-2.010749215e-08
6.434219298e-09
-1.192773312e-08
-5.371881649e-08
-4.946037812e-09
2.610548802e-08
-4.933631091e-09
-4.853860942e-08
-4.35591988e-09
1.369877339e-08
-3.926731252e-09
-3.665572116e-08
-2.628080531e-09
4.707592247e-09
-1.898986949e-09
-2.101266927e-08
-1.62184645e-09
1.014835692e-09
-1.089831457e-09
-9.617593497e-10
-6.965919785e-10
5.500719239e-10
-4.495894386e-10
-4.551453546e-10
-3.085171653e-10
3.008947178e-10
-2.305695518e-10
-2.571583495e-10
-1.920184708e-10
2.168149705e-10
-1.81343663e-10
-3.502365115e-10
-1.55959811e-10
1.916424439e-10
-8.428182625e-11
-5.989805084e-10
-1.625933805e-10
2.236712706e-10
-6.697180216e-10
-7.741216546e-10
-2.584391465e-09
4.060062454e-09
-5.719107044e-09
-1.056764614e-08
-7.490193781e-09
1.281836511e-08
-7.054107939e-09
-1.581706024e-08
-5.23397239e-09
1.010776927e-08
-9.0302762e-09
-7.446390905e-09
-7.433423582e-08
8.380699261e-08
-8.729180873e-08
-1.119559962e-09
1.684391382e-08
5.071292035e-08
2.588522954e-08
-7.479660009e-10
1.789872013e-09
3.51964915e-09
1.269037637e-09
-2.446780445e-09
1.760445554e-09
2.120887177e-09
1.563345165e-09
-3.354958178e-09
1.21505786e-09
7.20188721e-10
1.006978989e-09
-1.240302151e-09
9.195403611e-10
5.926438619e-10
9.651241522e-10
-1.181873625e-09
1.239074278e-09
9.143118334e-10
1.670658908e-09
-2.206810812e-09
1.933458756e-09
1.002125173e-09
1.849043995e-09
-2.078708399e-09
1.568496848e-09
6.42123588e-10
1.319562336e-09
-8.489382171e-10
1.216645274e-09
5.704217524e-10
1.15945207e-09
-2.968553045e-10
1.280881814e-09
6.920394835e-10
-2.765055672e-10
-4.424361426e-08
6.687719255e-08
-2.92361723e-08
-7.400116137e-08
-1.377531695e-08
7.441978443e-08
-2.764345518e-09
-8.190119047e-08
2.650260256e-09
7.732256884e-08
6.292408372e-09
-9.040925345e-08
9.725828802e-09
7.284893826e-08
1.410883746e-08
-9.668967915e-08
1.791202085e-08
6.927037966e-08
1.660908254e-08
-1.043150164e-07
1.808168324e-08
5.64891739e-08
1.526920035e-08
-8.553926121e-08
-5.838949886e-10
9.474349391e-10
-8.650149697e-10
-3.295974812e-09
-5.329550089e-10
3.609626895e-10
-3.516178389e-10
-2.730263704e-10
-2.990746652e-10
2.563397071e-10
-5.174771509e-10
-4.890848447e-10
-1.518932168e-09
1.484209698e-09
-2.962813835e-09
-5.937723813e-09
-2.426834827e-09
2.329493115e-09
-4.688952961e-10
-5.529227348e-09
-1.652682411e-09
2.175086036e-09
-5.5785215e-09
-3.902707814e-09
-9.868946017e-09
1.440298752e-08
-1.077646801e-08
-1.316520106e-08
-8.699360101e-09
1.313894131e-08
-5.541864199e-09
-8.679154381e-09
-2.715579804e-09
4.398402542e-09
-8.852746498e-10
-2.477435995e-09
-1.070411928e-10
2.549952222e-10
-3.690336593e-12
-1.464279486e-10
4.090183503e-12
2.334257037e-10
4.569502455e-11
-1.076474726e-10
1.866891416e-10
1.390795765e-09
5.807160335e-10
-6.989743731e-10
1.394479797e-09
3.941841744e-09
2.308332868e-09
-3.33451568e-09
2.747718378e-09
2.6941696e-09
3.065431479e-09
-4.30373753e-09
3.904018931e-09
3.052462201e-09
5.3548683e-09
-5.012959313e-09
6.795198108e-09
4.475725684e-09
7.412080264e-09
-5.727401799e-09
6.73555091e-09
3.494820141e-09
4.983272163e-09
-4.180057896e-09
2.945326929e-09
1.149854973e-09
1.421376562e-09
-1.478577345e-09
6.367008554e-10
1.205087607e-10
4.670466509e-10
-1.863545779e-10
4.612989151e-10
1.865336164e-10
-2.146461972e-10
-1.648963517e-08
4.462339302e-08
-1.742363748e-08
-4.072179566e-08
-1.606031722e-08
7.264663407e-08
-1.055647776e-08
-6.686399764e-08
-1.078800844e-09
8.504661601e-08
9.213292291e-09
-8.531099369e-08
1.78553397e-08
1.017033727e-07
2.757249883e-08
-1.108873657e-07
3.850692167e-08
1.219190445e-07
4.65108735e-08
-1.471627071e-07
5.502825111e-08
1.384356934e-07
5.940681897e-08
-1.715777619e-07
5.357258655e-08
1.079262987e-07
5.553164244e-08
-1.341361423e-07
4.818450353e-08
2.224251808e-08
-3.888586805e-11
-5.657493742e-08
-3.684859315e-10
2.199719066e-10
-5.274491592e-10
-2.355644229e-10
-2.117229023e-09
1.677057479e-09
-7.398374843e-09
-3.7417566e-09
-1.309482462e-08
1.179713694e-08
-1.315887769e-08
-1.281806199e-08
-7.35894363e-09
7.73867502e-09
-1.650722837e-09
-7.33751987e-09
-3.106263292e-09
4.462272473e-09
-6.037907024e-09
-3.660663814e-09
-6.772566982e-09
9.383487555e-09
-5.432489071e-09
-5.642109885e-09
-3.582542175e-09
5.091535464e-09
-2.025136976e-09
-2.789692946e-09
-9.477689919e-10
1.46548667e-09
-3.209276357e-10
-8.865744532e-10
-5.782298804e-11
1.182227691e-10
-1.2727445e-12
-1.062674221e-10
1.257452863e-12
5.271046656e-11
1.352714414e-11
-3.229966708e-11
5.666749337e-11
3.446561852e-10
1.776802481e-10
-1.844835808e-10
5.245052416e-10
2.133491549e-09
1.39384298e-09
-1.171307386e-09
2.644029802e-09
4.005010139e-09
3.64392196e-09
-3.297018227e-09
4.566993356e-09
4.45290164e-09
5.659727523e-09
-3.96951832e-09
6.590539275e-09
5.21808848e-09
6.91353485e-09
-5.068157514e-09
6.447163329e-09
4.196144834e-09
5.285250399e-09
-4.450734364e-09
3.716172774e-09
1.695859978e-09
2.22059244e-09
-1.97715341e-09
1.234588873e-09
2.763012833e-10
8.647230329e-10
-3.368105819e-10
6.394113641e-10
1.883125057e-10
5.204845269e-10
-1.136851647e-10
5.05679522e-10
1.96842839e-10
-1.948528305e-10
2.582476156e-09
3.29425338e-08
-4.711190423e-10
-2.43617231e-08
-1.709953073e-09
5.758475552e-08
1.081987417e-09
-4.58525183e-08
8.725185562e-09
8.175770909e-08
2.025778764e-08
-7.38430616e-08
3.373404449e-08
1.173734511e-07
4.897013522e-08
-1.193503817e-07
6.719803412e-08
1.698214756e-07
8.197440308e-08
-1.88562602e-07
9.484967641e-08
2.040627084e-07
1.076795797e-07
-2.364737599e-07
1.001206099e-07
1.655881222e-07
9.4808792e-08
-2.004401755e-07
9.239495852e-08
8.80657415e-08
2.433926652e-08
-1.113010043e-07
-3.726305165e-10
3.091646883e-10
-1.764094756e-09
-5.916776138e-10
-4.968348801e-09
3.679924523e-09
-8.624042036e-09
-1.891996522e-09
-9.978913686e-09
7.620391336e-09
-8.443012996e-09
-1.159288165e-09
-4.709479357e-09
4.235842888e-09
-1.398034901e-09
-7.743349e-10
-1.450327493e-09
2.239520829e-09
-2.364827528e-09
-9.504215571e-10
-2.25365148e-09
2.957216796e-09
-1.651098612e-09
-1.355465275e-09
-1.087904538e-09
1.4272712e-09
-6.639481388e-10
-6.888192204e-10
-3.691188956e-10
5.359369447e-10
-1.733359525e-10
-3.680862128e-10
-6.12291085e-11
1.054505147e-10
-1.383051822e-12
-1.390710777e-10
1.462815654e-12
2.561977479e-11
9.380181204e-12
-2.42680745e-11
3.418175996e-11
1.196175068e-10
7.780471533e-11
-9.919514207e-11
1.755930966e-10
6.126519338e-10
4.733231287e-10
-3.24954776e-10
1.174619662e-09
2.342230048e-09
2.056661069e-09
-1.441575654e-09
2.829652626e-09
3.339879488e-09
3.692395016e-09
-2.517302532e-09
4.720573216e-09
4.603304866e-09
5.651931388e-09
-3.849587184e-09
6.09924538e-09
4.358531402e-09
5.728067809e-09
-3.993842194e-09
4.553217778e-09
2.385232664e-09
3.515059309e-09
-3.40463278e-09
2.277520337e-09
5.097004759e-10
1.178096641e-09
-1.937892884e-09
6.352489285e-10
3.546936587e-11
4.451186731e-10
-7.21772441e-11
3.54459084e-10
3.45452167e-11
-3.370546599e-11
8.261095469e-09
1.750332954e-08
8.397933709e-09
-1.269425236e-08
8.807018076e-09
3.313182173e-08
1.172423916e-08
-2.169352926e-08
1.85274265e-08
6.200424861e-08
3.010552701e-08
-4.774569615e-08
4.63374202e-08
1.154047369e-07
6.605085758e-08
-1.052019009e-07
9.081596829e-08
2.035623584e-07
1.14502992e-07
-2.145796256e-07
1.344492234e-07
2.684179419e-07
1.551668035e-07
-2.971662411e-07
1.466861869e-07
2.364436441e-07
1.389146511e-07
-2.690137138e-07
1.316960415e-07
1.300098868e-07
-3.751773519e-10
-1.181906366e-07
-6.689286844e-09
2.309550992e-09
-1.047808304e-08
-5.005315425e-09
-1.061169484e-08
3.823844953e-09
-7.072842147e-09
-5.911284936e-09
-2.536985095e-09
8.684165501e-10
-1.620080209e-10
-1.331880883e-09
-1.99685174e-10
7.715423082e-11
-2.825839974e-10
-6.269045489e-11
-3.895949903e-10
3.350468099e-10
-4.559868853e-10
-1.231340453e-10
-4.376431257e-10
5.423071831e-10
-3.745075486e-10
-2.046108011e-10
-3.23281352e-10
3.735501919e-10
-2.674608821e-10
-2.99097081e-10
-2.813291558e-10
3.457409239e-10
-2.56449454e-10
-3.797665239e-10
-1.531544213e-10
2.420333006e-10
-2.545281337e-12
-4.508001902e-10
3.798889743e-12
2.590339482e-11
1.52143838e-11
-3.03682936e-11
5.744823123e-11
9.816531117e-11
8.513391027e-11
-1.029828137e-10
1.005355159e-10
1.793557727e-10
1.582250583e-10
-9.841840594e-11
3.763722108e-10
7.849173498e-10
8.036946989e-10
-3.774747372e-10
1.416752039e-09
1.69598016e-09
2.251642304e-09
-1.021534289e-09
3.303101452e-09
2.978904903e-09
4.38384438e-09
-2.121968583e-09
5.185088385e-09
3.43643319e-09
5.271711455e-09
-2.737585536e-09
4.757896386e-09
4.282200284e-09
6.051831805e-09
-3.268965139e-09
7.654766528e-09
5.696801599e-09
7.626810219e-09
-5.812630872e-09
4.386432367e-09
3.726373804e-10
1.065965289e-09
-2.498025895e-09
1.959317709e-10
7.447879804e-12
-1.50341764e-11
9.684916312e-09
9.490620401e-09
9.974594609e-09
-7.373343861e-09
1.107279328e-08
1.351234466e-08
1.435336545e-08
-9.505166541e-09
2.142114785e-08
3.360673033e-08
3.380861478e-08
-2.324546584e-08
5.291803009e-08
8.982738095e-08
7.716650538e-08
-7.196917684e-08
1.082967552e-07
2.189792045e-07
1.413441582e-07
-2.129272769e-07
1.668991294e-07
3.19252634e-07
1.880182924e-07
-3.33588947e-07
1.687955168e-07
2.932288597e-07
1.712399535e-07
-3.069889133e-07
1.549607354e-07
7.875268332e-08
-4.06198998e-09
-2.275424951e-10
-1.551512472e-08
4.57852566e-09
-1.779621685e-08
-1.69811499e-10
-1.560878743e-08
4.778263449e-09
-9.742890133e-09
-2.805630715e-10
-3.380216456e-09
1.09819819e-09
-1.451764029e-10
-5.584845158e-11
-9.216079734e-11
4.733217876e-11
-1.291040315e-10
-1.690714149e-11
-1.514881762e-10
8.013097661e-11
-1.65789912e-10
-3.107444918e-11
-1.688437505e-10
1.250605103e-10
-1.609210044e-10
-4.328069097e-11
-1.55008141e-10
2.570234788e-10
-1.104193155e-10
-1.656346232e-10
1.093656857e-11
3.365586465e-10
3.156804456e-10
-5.828702798e-10
4.809104655e-10
8.937956628e-10
3.262859837e-10
-1.093188527e-09
4.130004023e-11
3.646192834e-11
1.893333702e-11
2.15867579e-11
5.257355365e-11
9.621317421e-11
4.017759834e-11
-7.658465706e-11
2.795219503e-11
4.316813295e-11
3.390615889e-11
-2.057631725e-11
8.74677108e-11
1.545436447e-10
2.32883207e-10
-5.157564547e-11
5.28647877e-10
5.491787826e-10
1.045750815e-09
-2.487631734e-10
1.809460871e-09
1.384830308e-09
2.708523359e-09
-8.221232311e-10
3.492057e-09
2.081510394e-09
3.854168603e-09
-1.818255279e-09
3.047245183e-09
1.773223831e-09
2.397257128e-09
-6.962416235e-10
2.504170871e-09
2.594738038e-09
3.465421602e-09
-6.85982853e-10
5.157988132e-09
3.30792809e-09
5.58807279e-09
-1.523234488e-09
2.730987781e-09
7.134155285e-11
-1.453707151e-10
1.020398162e-08
5.863596672e-09
9.843638679e-09
-4.839771332e-09
1.055501268e-08
8.806315035e-09
1.313681005e-08
-9.821246945e-09
1.81568334e-08
1.97574853e-08
2.658691949e-08
-2.179438114e-08
4.086344384e-08
5.597611089e-08
6.555315378e-08
-4.680295725e-08
1.065442245e-07
1.958141022e-07
1.506660676e-07
-1.723926663e-07
1.787073713e-07
3.401386217e-07
1.796968495e-07
-3.308110038e-07
1.709624134e-07
2.922398966e-07
1.881928435e-07
-2.425977903e-07
5.693121106e-12
4.023780607e-12
-9.172056466e-12
2.957183614e-12
-2.023993394e-11
3.639208941e-12
-4.120407699e-11
7.156333598e-12
-7.233209603e-11
2.699713832e-12
-1.035706346e-10
3.956206274e-11
-6.963368972e-11
-4.930333285e-11
-1.675063727e-11
4.922147541e-11
-2.250445645e-11
-3.162249174e-12
-2.763953419e-11
1.676643347e-11
-3.078092379e-11
2.251875742e-13
-2.885997781e-11
1.031710119e-11
-2.624467779e-11
2.154173587e-12
-2.55139432e-11
1.026095035e-11
-2.507708988e-11
1.094436586e-10
5.714636003e-11
-1.487079041e-10
3.741040799e-10
6.29411646e-10
6.654364049e-10
-2.508575763e-10
1.114840698e-09
1.082215813e-09
1.866408391e-09
-5.923304048e-10
3.290748397e-09
-1.17540232e-10
2.775071513e-09
-4.644436873e-10
1.60879239e-09
1.942412337e-11
9.457306404e-10
2.036959378e-10
5.641748001e-10
-1.532449711e-12
3.419841747e-10
1.100872056e-10
2.321859064e-10
3.467928554e-12
2.304314728e-10
6.02037126e-11
3.794584202e-10
7.34195085e-11
7.324135622e-10
9.751098757e-11
1.279051488e-09
4.65986033e-10
1.615352654e-09
-9.730994752e-11
-2.540990556e-09
1.497624707e-09
-1.455214095e-09
-1.289143516e-10
1.776235326e-10
1.180347797e-11
1.71448567e-10
3.443508598e-11
1.892247835e-10
3.068179836e-11
2.795318538e-10
5.512375674e-11
5.232014356e-10
8.058386671e-11
1.09203122e-09
1.650293491e-10
2.405140057e-09
-6.736018023e-11
5.935378901e-10
1.12925443e-08
4.247095545e-09
1.150681158e-08
-3.952656934e-09
1.38144914e-08
1.160860921e-08
1.839560008e-08
-1.367573359e-08
2.513827936e-08
2.580086736e-08
3.357020927e-08
-3.004449484e-08
4.326242096e-08
4.486070024e-08
5.534719587e-08
-4.651543532e-08
8.09550698e-08
1.489473436e-07
1.29427717e-07
-1.2701767e-07
1.669716227e-07
2.928796464e-07
1.65263926e-07
-2.429577073e-07
1.835074754e-07
1.447176897e-07
2.110427623e-07
-5.370168004e-08
-3.208579919e-11
-1.975141855e-11
-1.07597612e-10
4.64418434e-11
-1.490189618e-10
-3.09818349e-11
-1.891725833e-10
5.65906539e-11
-2.069577134e-10
-5.051423664e-11
-1.945505822e-10
5.306753805e-11
-1.678483631e-10
-3.518309204e-11
-1.511449745e-10
4.445954166e-11
-1.500291337e-10
-2.371038449e-11
-1.503353946e-10
4.72054036e-11
-1.509166716e-10
-1.54874251e-11
-1.298529348e-10
3.176471534e-11
-8.190895819e-11
-1.35338519e-11
-3.046814167e-11
1.999155566e-11
7.979277549e-12
2.33110351e-10
1.58759947e-10
-3.921532577e-10
1.775731262e-10
1.528801081e-10
1.901680648e-10
-1.280088874e-10
2.545074629e-10
2.245035966e-10
4.471441581e-10
-1.000828111e-10
9.269776921e-10
4.61515695e-10
1.870852683e-09
-2.080666436e-10
3.071428971e-09
-1.353942913e-10
3.527549298e-09
-1.325455762e-10
2.749302569e-09
-2.93321634e-10
1.686245784e-09
3.865427133e-10
1.047024835e-09
-1.663005028e-10
9.274882092e-10
3.441511769e-10
1.284360523e-09
-3.041498631e-10
2.066205392e-09
6.709779569e-10
2.991950406e-09
-3.235910232e-10
3.387539597e-09
7.895032194e-10
2.708978625e-09
5.359217106e-11
1.579992524e-09
1.421628321e-10
9.680657598e-10
-6.361080228e-10
9.154285961e-10
8.496730372e-10
1.1114235e-09
-4.558314523e-10
1.706556885e-09
1.221618262e-09
3.067765486e-09
-8.787183359e-10
5.529861592e-09
2.703495872e-09
8.147203357e-09
-1.969632079e-09
2.25598717e-09
6.9683534e-09
3.772561502e-09
9.426359529e-09
-4.578299561e-09
1.449263531e-08
1.57757086e-08
2.231273722e-08
-1.879125666e-08
3.233943917e-08
3.406234656e-08
4.339588036e-08
-3.798727548e-08
5.394276298e-08
4.910688969e-08
6.261649731e-08
-5.09706357e-08
7.115112625e-08
1.062892527e-07
9.697788076e-08
-8.742043476e-08
1.369269546e-07
2.1368728e-07
1.683422723e-07
-1.898041771e-07
1.391465611e-07
5.126963196e-08
1.581363604e-07
-8.714364262e-08
1.534924559e-07
-1.162155577e-10
-8.31202617e-09
-1.093155729e-08
-2.946303631e-08
-3.007767287e-10
-3.39626644e-08
-8.262264332e-10
-3.166166427e-08
5.495152025e-09
-2.704909739e-08
-2.845953772e-09
-2.327611635e-08
7.107553943e-09
-2.081810474e-08
-2.392514025e-09
-1.90109193e-08
6.0812864e-09
-1.705050984e-08
-2.211245073e-09
-1.437618295e-08
5.548446675e-09
-1.079432495e-08
-4.888677137e-09
-6.302947732e-09
4.637828902e-09
-1.853722181e-09
-7.372864233e-09
5.141090335e-10
3.160070059e-10
4.656024857e-10
-2.075796613e-10
3.418951631e-10
7.768830519e-11
2.622101631e-10
1.535535606e-11
2.175093037e-10
4.134605017e-11
2.080603245e-10
5.112216906e-12
2.566006935e-10
5.222640581e-11
4.088590677e-10
1.520991373e-11
7.474007282e-10
5.930531583e-11
1.419260292e-09
1.097021608e-10
2.626494848e-09
-5.043623194e-10
4.108490021e-09
6.994535068e-10
5.213848414e-09
-8.977054212e-10
5.792251586e-09
1.890502229e-09
6.078901332e-09
-1.473665889e-09
5.707970591e-09
2.447052092e-09
3.492257566e-09
-8.549514295e-10
8.535180879e-10
3.967805374e-10
1.601536407e-10
-8.542372745e-11
1.465551766e-10
8.906348363e-11
3.683059893e-10
-9.357039219e-10
1.335370469e-09
1.41413568e-09
3.260380475e-09
-2.887465279e-09
5.808788327e-09
5.155715949e-09
6.831161707e-09
-4.62820195e-09
3.739724972e-09
2.574211449e-09
6.402925775e-10
-4.535871127e-10
6.287542475e-11
3.248591458e-09
6.372765358e-09
9.383907455e-09
1.872621228e-08
2.27878077e-08
3.046087472e-08
-2.752364584e-08
4.275846057e-08
4.158628546e-08
5.359831448e-08
-4.433714778e-08
6.1443163e-08
5.103519977e-08
6.551422131e-08
-4.874158575e-08
6.588242946e-08
6.951248418e-08
6.478770416e-08
-5.303597398e-08
8.787185741e-08
1.641300537e-07
9.793406921e-08
-1.336763516e-07
5.339748109e-08
9.718588329e-08
4.64640923e-08
-6.821940407e-08
-8.269911546e-10
7.467726647e-08
-4.217852187e-08
-1.404173686e-07
-4.391057989e-08
4.925660329e-10
-3.777952627e-08
-2.121823149e-08
-3.036080671e-08
2.12902432e-09
-2.502429557e-08
-7.823493674e-09
-2.269137568e-08
-6.648882965e-10
-2.236754025e-08
-2.277907758e-09
-2.177894892e-08
-1.531098325e-09
-1.99527933e-08
-9.605121777e-10
-1.769581289e-08
4.169999158e-09
-1.498153234e-08
-6.218409312e-09
-1.057187561e-08
8.555017488e-09
-5.210769021e-09
-9.370999698e-09
-2.121711096e-10
-5.355006324e-10
2.106212551e-09
1.897303196e-09
1.087720514e-09
-2.087246378e-10
5.133063258e-10
7.290885031e-10
3.646460162e-10
-8.206585145e-11
3.457224069e-10
2.262353409e-10
4.02104647e-10
-1.037745156e-10
5.402708374e-10
2.677894606e-10
8.022191471e-10
-2.662738239e-10
1.969026978e-09
3.775706173e-10
4.593173111e-09
-9.958917861e-10
8.11069486e-09
1.234257878e-09
1.094082788e-08
-2.684755098e-09
1.179393051e-08
3.642858768e-09
1.019303298e-08
-2.934295938e-09
6.350281394e-09
3.166585194e-09
2.082811148e-09
-2.559126825e-10
3.182031076e-10
4.299884327e-10
6.426306862e-11
-9.795603108e-11
6.37027231e-11
9.69740948e-11
1.817803265e-10
-1.828276445e-09
1.122337661e-09
8.925398253e-10
1.614133558e-09
-3.976647848e-09
8.638325582e-10
7.703467068e-10
2.34629016e-10
-3.36911392e-10
1.2206709e-10
9.599722799e-11
1.383525383e-10
-7.371378382e-11
3.208171903e-08
3.305212853e-08
4.584331582e-08
-4.016562677e-08
5.574931125e-08
4.571036898e-08
6.04142269e-08
-4.49793928e-08
6.01810291e-08
4.394778213e-08
5.626732031e-08
-3.679877633e-08
5.02337648e-08
3.865308236e-08
4.072411474e-08
-2.723940542e-08
3.638454928e-08
9.315267044e-08
1.210236117e-08
-6.194237716e-08
3.284763669e-08
-5.072542657e-09
9.015669975e-08
5.737283607e-08
1.208533667e-07
8.335929178e-08
8.142943723e-08
-2.577602275e-09
2.739567987e-08
6.004704723e-08
-1.278871816e-08
-7.92358461e-08
-1.620455724e-08
1.157481717e-08
-1.118821223e-08
-1.538668805e-08
-6.549942871e-09
4.497920695e-09
-4.07371233e-09
-6.887068978e-09
-3.532207226e-09
2.934429058e-09
-4.66512802e-09
-4.94912725e-09
-7.678156761e-09
8.602268667e-09
-1.185319526e-08
-1.055540301e-08
-1.440315364e-08
1.025778908e-08
-1.324268755e-08
-1.195835574e-08
-7.545362397e-09
-4.733515512e-09
-1.598482128e-10
4.284927882e-09
-9.894137e-11
-1.450054742e-09
1.308589075e-10
8.101676918e-10
2.765853364e-10
-3.644499301e-10
5.090919697e-10
4.78604595e-10
8.440289835e-10
-5.061948614e-10
1.383064801e-09
8.984162684e-10
2.989985517e-09
-1.519027102e-09
5.022750919e-09
1.575665257e-09
4.335155527e-09
1.218530598e-09
4.517024176e-09
-1.108994326e-09
6.86442004e-09
-1.222116993e-09
8.997725515e-09
-3.20527926e-10
8.144892074e-09
-1.797570032e-09
4.919876794e-09
1.025713854e-09
2.18979409e-09
-5.654486709e-10
8.969994363e-10
7.007802695e-10
3.618727268e-10
-1.351152993e-10
1.647286435e-10
2.137431512e-10
1.054047903e-10
-2.045722349e-10
9.61871066e-11
1.15297508e-10
8.893540036e-11
-1.171833972e-10
9.077878111e-11
9.023744843e-11
1.115559754e-10
-1.111702497e-10
1.260241723e-10
6.33804004e-08
4.881199879e-08
6.776759859e-08
-5.033962729e-08
6.287521687e-08
4.052092952e-08
5.391589839e-08
-3.024878169e-08
4.39212804e-08
2.774460467e-08
3.450818533e-08
-1.805679908e-08
2.674617427e-08
1.891918949e-08
1.883133537e-08
-1.167981217e-08
2.247729602e-09
2.510143601e-08
-7.97823881e-09
6.74236603e-08
3.882063423e-08
-4.301194264e-08
1.926114378e-08
1.749448886e-08
3.405853763e-08
-2.066832116e-08
6.407369578e-08
1.835546153e-08
8.707322421e-08
5.491999824e-08
7.009835452e-08
-2.016930595e-09
-4.387758197e-09
1.892893009e-08
-1.318049879e-08
-1.640875111e-08
-1.14402439e-08
8.90742321e-09
-9.479388494e-09
-1.014442646e-08
-8.769613477e-09
7.110287994e-09
-8.672176686e-09
-9.578614777e-09
-8.93284171e-09
1.199409634e-08
-1.04619081e-08
-1.263031031e-08
-1.361846223e-08
1.349446475e-08
-1.713653245e-08
-1.248791032e-08
-1.922959274e-08
5.100261442e-09
-1.858659644e-08
-7.576209585e-09
-1.829938485e-08
-2.233791216e-11
-1.321126356e-08
-2.848913249e-09
-8.197306586e-09
-2.320709897e-09
-4.12810252e-09
-2.154064556e-10
-1.209902246e-09
-2.294398797e-09
-1.209932515e-10
-1.876839102e-11
-1.260064645e-10
3.276142134e-10
-2.348626067e-11
-8.139863629e-10
-1.830526959e-10
5.953702992e-10
2.787891545e-10
-1.105675728e-09
6.011485399e-10
2.220177087e-10
1.003374891e-09
-1.978839222e-10
1.839544067e-09
7.559680941e-11
3.441108494e-09
-1.034310784e-10
5.422889197e-09
-9.335637462e-10
5.501191334e-09
4.758556546e-10
3.609232932e-09
-3.539613112e-10
1.44535942e-09
9.026835919e-10
3.849728706e-10
-1.139751009e-10
1.222075677e-10
1.57190859e-10
7.910261716e-11
-8.831639617e-11
8.163873457e-11
8.442021241e-11
1.050174171e-10
-1.237015234e-10
1.008568088e-10
6.709382835e-08
3.024123869e-08
4.174947602e-08
2.768531855e-08
1.627778918e-08
1.937876073e-08
-8.130221792e-09
1.408860099e-08
1.035660431e-08
1.057122161e-08
-7.013549282e-09
8.461483355e-09
8.626399385e-09
7.461932648e-09
-8.210545022e-09
6.169170602e-09
7.967185029e-10
5.387222426e-09
-6.635846122e-09
5.486316197e-09
-1.924136789e-08
1.60547332e-08
3.805726809e-08
4.082320767e-08
-3.478657435e-08
6.692511833e-08
4.022528664e-08
5.599419065e-08
-5.821115407e-09
4.422724639e-09
-4.190618944e-09
-7.187701382e-09
1.235026907e-08
-7.782642561e-09
-7.757072028e-09
-8.287524379e-09
8.759082538e-09
-9.11480776e-09
-6.399208952e-09
-9.749313278e-09
1.018174805e-08
-9.385119108e-09
-9.378131514e-09
-8.102199364e-09
1.206063968e-08
-7.01474302e-09
-1.197970364e-08
-6.983550785e-09
9.454926373e-09
-7.998048499e-09
-8.886294476e-09
-9.518613239e-09
7.041088594e-09
-1.066159202e-08
-7.120389099e-09
-1.005853335e-08
2.963339681e-09
-7.446641801e-09
-4.836752866e-09
-4.189712967e-09
1.594620989e-09
-1.774147443e-09
-2.336367947e-09
-8.146164349e-10
2.436287497e-10
-1.308883016e-09
4.08592602e-12
-2.595326936e-09
1.842006733e-09
-2.544099257e-09
-2.257109526e-09
-1.531459034e-09
1.67651716e-09
-8.376410248e-10
-2.285438727e-09
-2.391212683e-10
2.225376248e-10
1.304584356e-10
-5.835906389e-10
8.747115485e-11
-3.880666663e-11
1.243583789e-10
6.941100058e-11
2.995245291e-10
-3.748921546e-10
7.08718129e-10
3.611385275e-10
1.109237487e-09
-1.045136969e-09
9.648659362e-10
9.295805977e-10
4.569887882e-10
-2.367512296e-10
1.598299338e-10
2.210980972e-10
7.8786151e-11
-7.907332775e-11
7.068701198e-11
7.335921359e-11
8.238451193e-11
-7.294440053e-11
1.164076778e-08
8.883018662e-09
9.951122732e-09
7.960574115e-09
6.26725742e-09
6.319033911e-09
-4.586817875e-09
5.576891086e-09
8.91046131e-09
3.996664616e-09
-8.998770917e-09
7.160261722e-10
4.600476465e-09
-1.264256868e-09
-2.149701018e-09
-1.404020123e-09
-4.940752162e-08
1.067736533e-08
2.598064284e-08
6.429590167e-09
-1.577955415e-08
9.786567251e-10
2.433873742e-09
1.327927064e-09
2.000944992e-09
-1.222791175e-09
5.259586842e-09
-2.823862082e-09
4.160621866e-09
-2.785738228e-09
-1.932943541e-09
-2.692030072e-09
4.375471732e-09
-3.535762926e-09
-2.544510169e-09
-5.097610965e-09
8.3279332e-09
-6.204670481e-09
-6.912729263e-09
-6.220304215e-09
1.188412349e-08
-5.818551055e-09
-1.101105263e-08
-5.568966146e-09
8.71075107e-09
-5.262519068e-09
-8.465954562e-09
-4.818989894e-09
7.509652106e-09
-4.376470043e-09
-7.878804652e-09
-4.138531175e-09
5.516830924e-09
-4.383127204e-09
-5.932334123e-09
-5.061135748e-09
3.234162431e-09
-5.208697943e-09
-4.083818464e-09
-3.819042672e-09
-2.27377317e-10
-2.680652476e-09
-3.454757548e-10
-3.139801615e-09
2.623364596e-09
-3.305102199e-09
-3.101565411e-09
-2.762770548e-09
3.005910294e-09
-2.093051724e-09
-3.655979419e-09
-1.217994979e-09
1.20951155e-09
-2.27574576e-11
-2.403723753e-09
7.685935192e-11
-9.828999615e-11
9.495128687e-11
1.874827554e-10
1.692283219e-10
-4.172868821e-10
2.916946233e-10
4.854985472e-10
4.533707981e-10
-7.643913049e-10
3.877551094e-10
5.723928409e-10
2.040088096e-10
-1.758637888e-10
8.904611329e-11
1.365987591e-10
5.457108628e-11
-6.844879763e-11
2.574398855e-09
3.35589323e-09
2.830317437e-09
-3.55735541e-09
1.397213974e-09
6.228049355e-09
-5.032669251e-09
-1.854693898e-09
-7.114147797e-09
1.309871522e-09
-8.907985805e-09
-7.135566518e-10
-1.056911963e-08
-1.495683652e-09
-1.080342492e-08
-2.054513965e-09
-9.661778826e-09
-2.540232996e-10
-6.731900977e-09
-1.195905941e-09
-3.316264081e-09
-8.933571954e-09
-8.959299086e-10
2.231009331e-09
-8.114068392e-10
4.646807432e-10
-6.684039113e-10
7.383834842e-12
-9.406914977e-10
1.367389829e-09
-2.247979047e-09
-1.160720359e-09
-3.751518538e-09
5.457814224e-09
-4.400099962e-09
-4.301796814e-09
-4.467361501e-09
9.250713713e-09
-4.921910892e-09
-6.931218777e-09
-5.34985107e-09
8.147056219e-09
-5.494982422e-09
-7.727669377e-09
-5.316140249e-09
8.236758575e-09
-4.83825746e-09
-8.546249859e-09
-4.157889723e-09
6.272700115e-09
-3.503316916e-09
-6.931165421e-09
-3.223130496e-09
3.627163894e-09
-3.648823502e-09
-3.873375287e-09
-4.693738482e-09
2.788192899e-09
-5.429012993e-09
-2.570631431e-09
-4.88990882e-09
2.901564128e-09
-3.610002228e-09
-3.453403573e-09
-3.610623813e-09
3.991172489e-09
-3.292464282e-09
-4.308016822e-09
-2.709403471e-09
2.797307733e-09
-2.002380409e-09
-3.533343548e-09
-1.437315094e-09
-6.437485036e-11
-1.039540968e-10
-1.323421897e-09
1.391236163e-10
-5.012287898e-10
1.840940528e-10
4.407664819e-10
2.55202001e-10
-4.599383401e-10
2.874937408e-10
3.543811165e-10
2.41252485e-10
-1.261448048e-10
2.087696082e-10
4.529265591e-09
2.660507613e-09
2.304288186e-09
-3.337047011e-10
-3.552553972e-09
-5.773561242e-09
6.890054162e-09
-6.013018103e-09
-1.024744719e-09
-6.89569813e-09
1.964604202e-09
-8.399508965e-09
-3.027059603e-10
-1.107643194e-08
2.446209336e-09
-1.238504705e-08
3.209825255e-10
-1.088870956e-08
2.834145452e-09
-7.43359559e-09
-3.888017974e-10
-4.413561999e-09
1.493998873e-09
-2.926206227e-09
-1.294160876e-10
-2.653563435e-09
5.527140364e-10
-2.486769894e-09
1.247349398e-09
-2.524509314e-09
-3.846828512e-10
-2.934039707e-09
3.05500514e-09
-3.218867237e-09
-1.78873773e-09
-3.135156389e-09
4.795394845e-09
-3.910849133e-09
-3.746202139e-09
-4.683618586e-09
7.17529972e-09
-5.282625484e-09
-6.420337845e-09
-5.586633229e-09
8.700949851e-09
-5.476600394e-09
-8.623237783e-09
-4.918052987e-09
7.682396727e-09
-3.999987751e-09
-8.441797586e-09
-2.947565839e-09
4.385371222e-09
-2.081354692e-09
-5.156795539e-09
-1.699494408e-09
2.226907734e-09
-1.893140553e-09
-1.992200376e-09
-2.490486913e-09
3.011331445e-09
-3.193081105e-09
-2.292065511e-09
-3.778429489e-09
4.370480961e-09
-4.076493733e-09
-4.064842149e-09
-3.913289415e-09
4.386413594e-09
-3.197376322e-09
-5.108751364e-09
-2.035064937e-09
2.035937695e-09
-8.003120927e-10
-3.287280982e-09
-5.547305351e-11
-2.529997336e-10
8.32723582e-11
1.388028162e-10
1.745617868e-10
-3.360244678e-10
3.071327187e-10
4.160383323e-10
4.726053773e-10
-4.109553806e-10
-5.081885032e-09
-4.6922119e-09
-6.69135004e-09
-8.274409025e-09
-2.950117164e-09
-9.243582579e-09
-1.064581478e-08
-4.275455471e-09
-1.346832357e-08
5.659492568e-09
-1.600648011e-08
-7.422607552e-09
-1.589546973e-08
1.125301361e-08
-1.310717266e-08
-4.508615936e-09
-9.793839556e-09
9.026075158e-09
-5.388419379e-09
-1.193858014e-09
-2.442500325e-09
2.395569335e-09
-1.292422543e-09
4.081437418e-11
-8.725009193e-10
2.563613929e-10
-8.427236116e-10
1.138807807e-09
-1.184741036e-09
-7.340650718e-10
-1.757968259e-09
2.798666885e-09
-2.544549946e-09
-1.930112522e-09
-3.473670544e-09
5.447698044e-09
-4.445787133e-09
-4.338140436e-09
-5.296594788e-09
8.255285958e-09
-5.817857632e-09
-7.556354857e-09
-5.811159615e-09
9.115581882e-09
-5.175497272e-09
-9.581025516e-09
-4.003308531e-09
6.209907497e-09
-2.62481793e-09
-7.488227811e-09
-1.507181081e-09
2.077943463e-09
-9.782922044e-10
-2.578554089e-09
-1.175106923e-09
1.500104988e-09
-1.895549212e-09
-7.740520249e-10
-2.800098254e-09
3.356130145e-09
-3.816615925e-09
-2.32935246e-09
-4.709461115e-09
5.434279078e-09
-5.072717637e-09
-5.049600441e-09
-4.395183193e-09
4.946268388e-09
-2.418428548e-09
-6.898888515e-09
-2.643812913e-11
-7.383503213e-11
2.611532478e-11
2.176257144e-10
-5.754132434e-10
-1.002867461e-08
-6.190374608e-09
-1.030654034e-08
-1.128335586e-08
-1.18892738e-08
-1.211693379e-08
9.270632985e-09
-9.967676319e-09
-1.461942154e-08
-8.677638128e-09
1.50168359e-08
-7.443454711e-09
-4.627141461e-09
-4.219157758e-09
3.846230133e-09
-1.767474948e-09
-4.571304233e-10
-6.055778527e-10
-1.084980674e-10
-3.499583293e-10
4.53207707e-10
-4.635343802e-10
-2.65231118e-10
-7.30432448e-10
1.206828145e-09
-1.215068745e-09
-6.645232961e-10
-1.956794782e-09
3.184656719e-09
-2.957099219e-09
-2.098247148e-09
-4.143695906e-09
6.520540117e-09
-5.330938641e-09
-5.196114268e-09
-6.20868213e-09
9.700565586e-09
-6.404237675e-09
-9.332980477e-09
-5.661862516e-09
8.901299133e-09
-4.101034681e-09
-1.032870352e-08
-2.361003762e-09
3.533629017e-09
-8.963215375e-10
-4.949627334e-09
-2.122963359e-10
2.681458218e-10
-4.419716902e-10
-3.738102211e-11
-9.21286273e-10
1.222605234e-09
-1.768110393e-09
-3.69274137e-10
-3.132639177e-09
3.75193994e-09
-5.114816253e-09
-1.746942539e-09
-7.37680323e-09
8.479854264e-09
-1.006932604e-08
-8.482109796e-09
-8.330235624e-09
-3.118619397e-09
-1.044177075e-08
-1.850525292e-10
3.506700219e-10
1.412764554e-10
-4.587020304e-10
-3.876949353e-10
1.876825698e-10
-2.524241796e-10
-1.633212286e-10
-1.858973272e-10
1.627709534e-10
-1.629906179e-10
-1.162838376e-10
-2.037143094e-10
3.181507338e-10
-3.507667044e-10
-1.378354895e-10
-6.803362563e-10
1.19059418e-09
-1.289400331e-09
-5.438754855e-10
-2.272468122e-09
3.701561539e-09
-3.667431537e-09
-2.229085824e-09
-5.346440809e-09
8.35223222e-09
-6.868194427e-09
-6.685911501e-09
-7.435796608e-09
1.161750176e-08
-6.292420824e-09
-1.259147672e-08
-4.410839261e-09
6.822286209e-09
-2.052105869e-09
-9.08741383e-09
3.916134509e-15
8.136162912e-16
4.26207345e-15
1.707714597e-11
-3.13573702e-13
5.089018862e-12
3.816245547e-12
2.909521926e-11
-4.73170377e-10
1.43480038e-10
-3.25210908e-10
-2.055994027e-10
1.019755397e-10
-1.107548258e-10
-6.886509939e-11
6.304954165e-11
-6.572472894e-11
-1.070278838e-10
1.788437328e-10
-2.377253431e-10
-5.685492923e-10
1.016434882e-09
-1.297459714e-09
-2.728551617e-09
4.396795319e-09
-5.195389349e-09
-8.550059195e-09
1.308325099e-08
-8.453381015e-09
-7.347315064e-09
1.152725068e-08
)
;

boundaryField
{
    dominio_ascii
    {
        type            calculated;
        value           nonuniform List<scalar> 
168
(
2.865963083e-09
1.788703236e-08
1.192425971e-09
5.146004046e-10
9.857133929e-10
1.013971236e-09
4.781319389e-10
3.961546025e-10
1.628332003e-09
1.209066655e-09
3.540766194e-09
4.912587043e-09
6.052894551e-09
2.650942341e-09
4.988606377e-10
6.437580246e-11
4.410198612e-09
3.90103712e-08
5.308091409e-08
6.758552161e-10
3.517190521e-10
-1.057775879e-09
-5.901824244e-09
-9.140159092e-09
-1.199013466e-08
-2.069184411e-08
1.323199941e-10
3.84018214e-10
-2.135823748e-09
1.297726086e-10
1.104166891e-10
9.894165126e-11
2.231447892e-11
4.356143951e-10
4.514496721e-09
-3.178404967e-08
1.338707512e-08
-3.456066907e-11
-6.49341031e-12
-1.818944242e-11
-1.405791569e-08
-2.121178987e-08
8.080280975e-10
4.554903578e-10
4.618726618e-10
6.002167387e-10
3.604668671e-09
5.170704508e-09
3.402628733e-08
9.074564293e-10
4.600626011e-10
5.686302327e-10
5.453159576e-10
4.51301931e-10
6.617021329e-10
1.263137564e-09
6.114675903e-10
5.432716649e-10
3.346333594e-10
9.142701419e-10
7.282931297e-10
1.82594512e-09
2.075045702e-09
8.240070771e-10
2.529139408e-09
3.059196615e-09
1.950958705e-08
1.787625243e-08
2.264146438e-09
6.19125838e-09
1.666110506e-08
2.02044233e-08
4.308216992e-09
3.352933774e-09
9.710335994e-09
2.069034038e-09
-2.730642171e-08
1.1851964e-09
5.054100678e-09
5.771521154e-10
2.47990234e-09
5.448297989e-09
9.223712531e-09
7.242529305e-09
2.043077217e-09
5.099072077e-08
2.250441067e-09
3.828015826e-09
7.759842832e-08
1.260632253e-09
1.324316117e-09
1.601616508e-08
2.8966285e-08
6.377730548e-10
3.820277638e-09
5.929768341e-09
2.521407025e-10
-3.751379641e-09
3.321794239e-11
6.638547859e-11
-7.522380281e-09
7.09785806e-11
3.528809947e-11
-1.048978493e-08
1.538222996e-08
3.926273858e-11
-1.242165109e-08
7.31826212e-10
1.101890901e-08
-4.611521284e-09
8.178753069e-11
1.201646638e-10
2.934005484e-11
-1.450641599e-09
1.839587329e-10
1.399475681e-12
-7.521687713e-09
2.434152051e-10
-1.566469143e-09
3.949594278e-10
2.589851038e-10
-1.79438527e-07
-9.840442261e-08
1.769771221e-10
1.021065634e-10
1.126240695e-10
6.88396874e-11
-4.313401725e-08
5.384512995e-11
1.718467623e-10
-1.591883207e-08
1.79242276e-09
8.391659464e-10
2.137629224e-09
2.55947575e-09
2.508472516e-09
7.252183023e-09
5.237932371e-09
-1.105085085e-13
-3.293465368e-12
2.72111091e-09
1.351619924e-08
1.566815308e-08
9.295970352e-09
-5.678893537e-12
1.104893534e-11
4.437859896e-09
-3.190271572e-08
-1.429586665e-08
4.391703941e-09
4.81188413e-11
8.661955503e-11
6.79284846e-11
-1.981077326e-11
-7.385214444e-11
-1.784668452e-11
-9.795569629e-12
-1.171701405e-11
-6.791059901e-12
-9.306604051e-13
6.127539302e-13
1.965929299e-13
2.581911267e-13
1.293164013e-12
1.405334682e-11
7.313023619e-12
-1.221843927e-08
-1.344910004e-08
)
;
    }
    wallFilmFaces_top
    {
        type            calculated;
        value           uniform 0;
    }
    region0_to_wallFilmRegion_wallFilmFaces
    {
        type            calculated;
        value           uniform 0;
    }
}


// ************************************************************************* //
