/*--------------------------------*- C++ -*----------------------------------*\
| =========                 |                                                 |
| \\      /  F ield         | OpenFOAM: The Open Source CFD Toolbox           |
|  \\    /   O peration     | Version:  2.1.x                                 |
|   \\  /    A nd           | Web:      www.OpenFOAM.org                      |
|    \\/     M anipulation  |                                                 |
\*---------------------------------------------------------------------------*/
FoamFile
{
    version     2.0;
    format      ascii;
    class       volVectorField;
    location    "2.2";
    object      Uf;
}
// * * * * * * * * * * * * * * * * * * * * * * * * * * * * * * * * * * * * * //

dimensions      [0 1 -1 0 0 0 0];

internalField   nonuniform List<vector> 
2828
(
(-1.148530303 0 -0.4141845732)
(-2.604225819 0 -0.6799682652)
(-0.8069299851 0 -0.02377251515)
(-0.5252392974 0 0.09633521588)
(-0.3067141082 0 0.06448108642)
(-0.2680959271 0 -0.1656625653)
(-0.2679648141 0 -0.1378962697)
(-0.2560447785 0 -0.1079391211)
(-0.3403100459 0 -0.1267270549)
(-1.511856193 0 -0.6283361203)
(-3.78013693 0 -1.097810736)
(-1.136561111 0 0.09478451353)
(-0.4449917384 0 0.0584836542)
(-0.3728972251 0 0.08357707375)
(-0.4671181121 0 0.1242989874)
(-0.5026948933 0 0.1643398164)
(-0.4817297063 0 0.1929263574)
(-0.2822028032 0 -0.2500683915)
(-0.2761439957 0 -0.216555017)
(-0.4234246661 0 -0.2692877226)
(-0.6278814113 0 -0.3015062296)
(-0.2622011635 0 -0.1258538001)
(-0.2995485142 0 -0.1202020008)
(-2.035356115 0 -1.07223564)
(-4.060231048 0 -1.435246141)
(-2.03976516 0 0.3482619739)
(-0.429081899 0 0.03911563451)
(-0.385443475 0 0.08688824466)
(-0.5215029408 0 0.1393591986)
(-0.5776449647 0 0.2007650933)
(-0.5030480234 0 0.2216996067)
(-0.4239044803 0 0.2244697759)
(-0.3950950068 0 0.2444082074)
(-0.3613938407 0 -0.2638807291)
(-0.3251152013 0 -0.315484577)
(-0.6351510375 0 -0.4825768816)
(-1.135742401 0 -0.6583310988)
(-1.271105432 0 -0.5502157985)
(-0.2823880416 0 -0.158838066)
(-0.5423465576 0 -0.3243648451)
(-1.722474961 0 -1.146524639)
(-2.960239568 0 -1.486584733)
(-2.291000435 0 0.5930066852)
(-0.5138290048 0 0.06371262653)
(-0.4021301347 0 0.07931236371)
(-0.6383489832 0 0.1773757549)
(-0.6928247565 0 0.2625916215)
(-0.5455211306 0 0.2693868595)
(-0.4192351772 0 0.2525878739)
(-0.4210618368 0 0.2946759958)
(-0.4621432879 0 0.3552181309)
(-0.5198082995 0 0.4347502423)
(-0.4950460984 0 -0.2314068089)
(-0.4216478708 0 -0.2434386614)
(-0.6503520239 0 -0.6338542077)
(-1.158255254 0 -0.9369471095)
(-1.474495562 0 -0.9046317313)
(-1.418018029 0 -0.6096049301)
(-0.4368050947 0 -0.2020898083)
(-0.6602535025 0 -0.4402779615)
(-1.152277691 0 -0.8359623915)
(-1.324109047 0 -0.7623811122)
(-1.427421425 0 -0.4514261962)
(-0.6125541634 0 0.1957076473)
(-0.4771832319 0 0.08822829686)
(-0.8479912669 0 0.2533584031)
(-0.8243252619 0 0.3517261351)
(-0.5875645691 0 0.3332681582)
(-0.4299417773 0 0.2991269509)
(-0.4758570615 0 0.3636236336)
(-0.5477107507 0 0.4492807275)
(-0.5929392315 0 0.5244789663)
(-0.6109612191 0 0.5571548053)
(-0.3694883625 0 -0.2815200471)
(-0.41126849 0 -0.2266747955)
(-0.4663017274 0 -0.2595505341)
(-0.9466217442 0 -1.089104276)
(-1.236841905 0 -1.2338153)
(-1.366998483 0 -1.029748941)
(-1.40671994 0 -0.6508269082)
(-0.5867666614 0 0.03830171518)
(-0.637635154 0 -0.1365607473)
(-0.906216051 0 -0.764057802)
(-1.208933758 0 -0.8600845183)
(-1.538959948 0 -0.5919827436)
(-0.755838296 0 0.354964369)
(-0.688873872 0 0.1278703345)
(-1.22661164 0 0.2642424546)
(-0.8784154148 0 0.4329089496)
(-0.5992071214 0 0.4008709856)
(-0.4957556184 0 0.3690032715)
(-0.540424748 0 0.4210936314)
(-0.569536905 0 0.4846141581)
(-0.5894846655 0 0.5543608331)
(-0.6484841783 0 0.5767967994)
(-0.7982130482 0 0.8113324435)
(-0.2300505616 0 -0.2032354111)
(-0.2601960316 0 -0.257335384)
(-0.31499108 0 -0.1898840225)
(-0.4642519004 0 -0.3567048953)
(-0.8498357262 0 -1.237272221)
(-0.952573193 0 -1.295847428)
(-1.12131894 0 -1.250543993)
(-1.632530637 0 -1.100446622)
(-0.7285661209 0 0.6775457985)
(-0.7331354802 0 0.5099539269)
(-0.3893561013 0 -0.195653535)
(-0.3623892017 0 -0.1369339118)
(-0.3618220558 0 -0.3878715299)
(-0.4652808166 0 -0.05786858462)
(-1.141899858 0 0.2134090667)
(-1.609911783 0 0.1461421909)
(-0.9233965162 0 0.4076519755)
(-0.5523090708 0 0.4476298235)
(-0.6149876524 0 0.442981393)
(-0.6218762723 0 0.4911645418)
(-0.5961251125 0 0.5420920094)
(-0.5599850578 0 0.5857501584)
(-0.5966794787 0 0.5773721791)
(-0.4979756701 0 0.928719941)
(0.2271072453 0 -0.444418112)
(0.7454567348 0 0.8732463928)
(0.5347001759 0 0.5985604887)
(-0.2129774824 0 -0.01278567588)
(-0.3908770135 0 -0.3261084861)
(-0.5248637761 0 -0.9163654747)
(-0.5525014485 0 -0.9703865262)
(-0.4726076904 0 -1.011016263)
(-0.7918338743 0 -1.482939051)
(-0.7089735703 0 0.6487456843)
(-0.6537748192 0 0.5168681725)
(-0.4050264181 0 -0.2160617054)
(-0.4096320865 0 -0.1726532706)
(-0.3906965324 0 -0.09140058087)
(-0.5903787374 0 -0.1183228001)
(-1.652591014 0 0.3354490737)
(-1.653406242 0 0.1079836638)
(-0.9985340626 0 0.2949845999)
(-0.4374894313 0 0.4258099301)
(-0.7011787789 0 0.5024981073)
(-0.7012690408 0 0.5955249949)
(-0.6239858248 0 0.6512421948)
(-0.5323803282 0 0.6659812249)
(-0.4661352808 0 0.6729235592)
(-0.449932897 0 0.718074826)
(-0.4511427545 0 0.75276396)
(-0.1528402553 0 -0.2741740433)
(0.4590282059 0 0.568489847)
(0.07664758544 0 0.1911116098)
(-0.07109944357 0 0.1023284798)
(-0.3323291712 0 -0.4061195577)
(-0.2685377362 0 -0.444167359)
(-0.3043181054 0 -0.425898786)
(-0.1049955413 0 -0.5012003063)
(0.3452056057 0 -0.5825926556)
(-0.4175181298 0 -0.3040416339)
(-0.4207933718 0 -0.2944397925)
(-0.445107873 0 -0.2805836603)
(-0.4972375868 0 -0.24404318)
(-0.5571647893 0 -0.1607566617)
(-0.8669232323 0 -0.2634848886)
(-1.284152664 0 0.1188086013)
(-2.388104137 0 0.008468066947)
(-1.075184789 0 0.2396871742)
(-0.4283708347 0 0.3339225208)
(-0.6640631408 0 0.5303364141)
(-0.7367631801 0 0.7508974066)
(-0.591628004 0 0.7914206181)
(-0.4491851144 0 0.7364570355)
(-0.3726208328 0 0.6963768048)
(-0.3485573818 0 0.6944172423)
(-0.3537926013 0 0.6838123323)
(-0.3331212455 0 0.5843130447)
(-0.1233638043 0 -0.4174629668)
(0.03276600485 0 -0.3338299732)
(0.122721197 0 -0.3541889961)
(0.1748162998 0 -0.1768162197)
(0.2373896814 0 0.2423429269)
(-0.4981973301 0 -0.327988385)
(-0.4042066987 0 -0.3519810387)
(-0.2826258116 0 -0.4663625157)
(-0.3220581523 0 -0.4145745377)
(-0.3531737695 0 -0.3644444813)
(-0.3886121349 0 -0.3410995281)
(-0.4318977523 0 -0.3444156698)
(-0.5002743281 0 -0.3601755174)
(-0.5934119909 0 -0.3483604454)
(-1.031383253 0 -0.5012996177)
(-1.440411937 0 -0.6131452716)
(-1.287060323 0 -0.4404084674)
(-7.17949309 0 -0.4562761604)
(-1.157771643 0 0.2721544807)
(-0.6500401427 0 0.3101375516)
(-0.5222890746 0 0.5105783578)
(-0.5997002294 0 0.9058754229)
(-0.3584101037 0 0.7349498761)
(-0.2595581481 0 0.5689417399)
(-0.2537075849 0 0.5720465764)
(-0.2661801919 0 0.6091961928)
(-0.2830071695 0 0.5627683286)
(-0.2979867593 0 0.4864598192)
(-0.2124804901 0 -0.4790818712)
(-0.280122689 0 -0.3578981321)
(-0.3550825658 0 -0.2157773386)
(-0.5276741078 0 -0.08866481152)
(-0.7433482402 0 -0.0467768135)
(-0.7812028546 0 0.05453625011)
(-0.7764488882 0 0.05919571763)
(-0.3867801328 0 -0.321059068)
(-0.2842580121 0 -0.4362914137)
(-0.3133638494 0 -0.3850632536)
(-0.3727314118 0 -0.3774887269)
(-0.5051202919 0 -0.4620575819)
(-0.5483126757 0 -0.448925396)
(-1.092438151 0 -0.7624823638)
(-1.731507155 0 -1.095500575)
(-1.862612823 0 -1.037490124)
(-1.52303326 0 -0.669868776)
(-0.8006737043 0 0.01295440242)
(-1.122716835 0 0.2836278328)
(-0.8348703417 0 0.3819320856)
(-0.4558452723 0 0.3766973149)
(-0.232299892 0 0.5072017083)
(-0.2197797697 0 0.4468725978)
(-0.2409198437 0 0.4028866593)
(-0.228431998 0 0.3611357215)
(-0.2017759705 0 0.3808121485)
(-0.3354344827 0 0.6206457692)
(-0.4683811758 0 0.9675751643)
(-0.3378361653 0 -0.2933638254)
(-0.4658636373 0 -0.1944458527)
(-0.572036864 0 -0.07995118434)
(-0.6942030033 0 0.05109650617)
(-0.8111540915 0 0.1807343088)
(-0.8480682733 0 0.2834907654)
(-0.8802356525 0 0.2915622603)
(-0.9450516784 0 0.4308542522)
(-0.261656701 0 -0.4598628069)
(-0.2977188568 0 -0.4095854397)
(-0.6410967605 0 -0.7185661031)
(-1.049519766 0 -0.9975682726)
(-0.6481429757 0 -0.5663133734)
(-1.482907821 0 -1.129814008)
(-1.947637858 0 -1.377516914)
(-1.967946548 0 -1.254996818)
(-1.831392196 0 -0.9786537725)
(-2.273146954 0 0.004772283256)
(-1.247767287 0 0.3960944062)
(-0.8980310803 0 0.4868235871)
(-0.5619332067 0 0.405374582)
(-0.3014045469 0 0.3624319047)
(-0.2552267309 0 0.407768529)
(-0.253565437 0 0.3911102509)
(-0.2455536463 0 0.3305156878)
(-0.1888916131 0 0.2683544518)
(-0.4810594749 0 1.088787172)
(-0.5040491675 0 1.369981722)
(-0.4511572905 0 1.324234294)
(-0.3862277201 0 -0.04381956706)
(-0.5463280746 0 -0.08957045415)
(-0.6264824646 0 -0.01554025945)
(-0.6704928529 0 0.148085546)
(-0.7672487103 0 0.2935354912)
(-0.8423491371 0 0.3695061173)
(-0.9016371953 0 0.4330342756)
(-0.9597490382 0 0.5862198808)
(-0.2994284942 0 -0.4526881983)
(-0.4122283879 0 -0.6269779274)
(-0.8983027624 0 -1.172730911)
(-1.079240813 0 -1.188500353)
(-0.7689815754 0 -0.5063425434)
(-1.41500155 0 -1.184457145)
(-1.756344639 0 -1.372701145)
(-1.822124504 0 -1.273314)
(-2.093160302 0 -1.210511011)
(-2.776291786 0 0.005239972881)
(-1.469882005 0 0.6350774625)
(-0.9147073965 0 0.6219496367)
(-0.6347662829 0 0.5178812567)
(-0.3944094866 0 0.3813349105)
(-0.327192717 0 0.3634082906)
(-0.3015533114 0 0.3637191187)
(-0.2588091376 0 0.3446546697)
(-0.1919714584 0 0.3054079577)
(-0.02448398266 0 0.7006993509)
(0.01401337867 0 0.7564115154)
(-0.07197934684 0 0.4645374381)
(-0.3650733284 0 0.06666488092)
(-0.3706135302 0 0.1246979719)
(-0.4514551175 0 0.04793092692)
(-0.5445946941 0 0.09009365015)
(-0.6203682537 0 0.2393570131)
(-0.736630605 0 0.363123426)
(-0.826215026 0 0.4190746684)
(-0.8726389317 0 0.4923176421)
(-0.9245840781 0 0.6026075425)
(-0.6495680318 0 0.1783198781)
(-0.359387477 0 -0.8726092302)
(-0.4117010865 0 -0.9718101802)
(-0.1816628552 0 -0.8117737773)
(-0.5501902437 0 -0.6902527416)
(-1.025294444 0 -0.9784383245)
(-1.483682807 0 -1.319189021)
(-1.840925935 0 -1.454590254)
(-2.260083033 0 -1.438137195)
(-3.04992995 0 0.01298592579)
(-1.568729127 0 1.005114138)
(-0.9724295535 0 0.8529412)
(-0.5537577994 0 0.5431226739)
(-0.3553791627 0 0.4033565493)
(-0.2952199905 0 0.3886275379)
(-0.2710284086 0 0.3884319559)
(-0.2310151518 0 0.3631008695)
(-0.4521710323 0 0.5118419295)
(-0.1721254949 0 0.4338758649)
(-0.009442060038 0 0.3176671031)
(-0.02037679949 0 0.2587839177)
(-0.282719994 0 0.1406341883)
(-0.30462541 0 0.2188165094)
(-0.3758507269 0 0.2636565943)
(-0.4766797551 0 0.296585618)
(-0.5946153787 0 0.4074432898)
(-0.7216162617 0 0.4662216679)
(-0.822760718 0 0.4565896521)
(-0.8259154214 0 0.4873587511)
(-0.9167975873 0 0.6282905393)
(-0.4071226885 0 -1.194875959)
(-0.4812302759 0 -1.412197997)
(-0.4951688807 0 -1.371603526)
(-0.3959477094 0 -0.9262300617)
(-0.5210836632 0 -0.9552595718)
(-0.6095816695 0 -0.769903175)
(-0.7201676707 0 -0.7983439472)
(-0.9997224632 0 -1.289335824)
(-0.9736288414 0 -1.245952136)
(-1.255197182 0 0.07540964554)
(-1.230347457 0 1.265300722)
(-0.9563624252 0 1.121037249)
(-0.3863589631 0 0.4737656817)
(-0.2516688361 0 0.3791826341)
(-0.2382159102 0 0.4076562039)
(-0.2278862624 0 0.4065087081)
(-0.1982818743 0 0.3778210844)
(-0.8933331283 0 0.8726317716)
(-0.7980695648 0 1.01954273)
(-0.1995160015 0 0.4784095761)
(-0.02570456448 0 0.3049123518)
(-0.1967693291 0 0.2013425442)
(-0.2192840818 0 0.2623149679)
(-0.3241724973 0 0.3924511531)
(-0.5744181755 0 0.6486638118)
(-0.7238265859 0 0.8053424179)
(-0.7596886637 0 0.6793070238)
(-0.8130068094 0 0.5135438326)
(-0.7515515266 0 0.3921235528)
(-0.7287353693 0 0.6294357889)
(-0.2544078009 0 -0.8866960507)
(-0.1428521455 0 -0.9255085797)
(0.07087965841 0 -1.052188866)
(-0.3209002984 0 -1.421607515)
(-0.4063448639 0 -1.372383647)
(-0.5210180334 0 -1.069338047)
(-0.6539186208 0 -0.7429993473)
(-0.1969711594 0 0.1218122012)
(-0.4686245095 0 0.6452966455)
(0.1506128455 0 0.4266335338)
(-0.3408517578 0 0.3446779801)
(-0.2963131928 0 0.4263829269)
(-0.2015755102 0 0.4239408078)
(-0.138770458 0 0.4351229789)
(-0.1413381702 0 0.4600076139)
(-0.1650676291 0 0.4246133694)
(-0.1462836318 0 0.1985454937)
(-0.8112961744 0 1.092754804)
(-0.7135066714 0 1.546673861)
(-0.3721162177 0 1.103073027)
(0.009266695152 0 0.3098034977)
(-0.1399248772 0 0.3165886916)
(-0.150885412 0 0.3449125144)
(-0.315334858 0 0.4955089048)
(-0.6842434774 0 0.8293853986)
(-0.9683124425 0 1.139558164)
(-0.9843922083 0 1.100445084)
(-0.8520069508 0 0.5807450346)
(-0.6525676474 0 0.1605878195)
(-0.5224229021 0 0.6711448858)
(0.8422617056 0 -2.310770344)
(1.266358285 0 -3.162577459)
(1.669782259 0 -3.853922134)
(2.080243926 0 -4.351892293)
(2.653188919 0 -4.310748253)
(0.9082130254 0 -1.505583173)
(0.5988600727 0 -0.6389719279)
(-0.8470409769 0 0.5918246846)
(-0.5904325811 0 0.7066073811)
(-0.3639829803 0 0.8189747219)
(-0.08939101531 0 0.8449660277)
(0.2382429297 0 0.8365623522)
(0.2729317212 0 0.8059283453)
(0.1786203334 0 0.7178860526)
(0.09386925046 0 0.6776899777)
(-0.02036213093 0 0.5472467254)
(-0.04746557514 0 0.3539217341)
(0.8940022736 0 1.411862871)
(0.7205726952 0 1.955254483)
(0.5310047962 0 2.189953912)
(0.3626050478 0 2.041517283)
(-0.1184580517 0 0.479882436)
(-0.0895475408 0 0.4785750339)
(-0.4684070872 0 0.7231494361)
(-0.872220171 0 1.052162377)
(-1.077978385 0 1.273891174)
(-1.216118987 0 1.462902158)
(-0.899576921 0 0.6485656471)
(-0.5572204762 0 0.4774931899)
(-0.5634358945 0 0.6066467876)
(0.7751186167 0 -1.367170515)
(0.1860820647 0 -0.8966994259)
(-0.1872171352 0 -0.7575074452)
(-0.2205001634 0 -0.6788742107)
(-0.2056708162 0 -0.5813844568)
(-0.2010324114 0 -0.4684085302)
(-0.2083328036 0 -0.2604783532)
(-0.6827616972 0 0.9366027535)
(-0.4332205109 0 1.095715586)
(-0.2598341714 0 1.03053706)
(-0.1454335119 0 1.032461873)
(0.005833415644 0 1.015342191)
(0.2050259875 0 0.8776766399)
(0.2957253602 0 0.7815734014)
(0.2249661868 0 0.6906654127)
(0.09153149095 0 0.3186147806)
(0.07036538269 0 0.1416992169)
(1.225263165 0 1.168709904)
(1.059160075 0 1.426913078)
(0.585558877 0 1.100087538)
(0.05209479131 0 0.1640106385)
(-0.3498465472 0 0.5760491967)
(-0.8498197962 0 1.035929371)
(-1.083204852 0 1.304425804)
(-1.211548111 0 1.462094136)
(-1.296885477 0 1.616285446)
(-0.8515352839 0 0.7138716481)
(-0.4226831113 0 0.4304823141)
(-0.2599981085 0 0.5780406651)
(0.09968787852 0 -1.16813982)
(0.03580804747 0 -0.734216514)
(0.05179939536 0 -0.5809853592)
(0.04411983897 0 -0.4425936065)
(-0.02053833245 0 -0.3766907045)
(-0.1656988577 0 -0.2955908288)
(-0.1844470186 0 -0.0812907333)
(0.3710254212 0 0.1331868155)
(0.3284528025 0 0.6342083974)
(0.2165488009 0 0.9165429004)
(0.1840758152 0 0.9633522229)
(0.2240009363 0 1.029391075)
(0.3141811767 0 1.040398819)
(0.3572499814 0 0.8840060758)
(0.2343599707 0 0.5503608368)
(0.08258127328 0 0.1316016297)
(0.09120737212 0 0.1146653881)
(0.9405287785 0 0.7878216863)
(0.5635041738 0 0.6238455278)
(0.07608116096 0 0.1081681154)
(0.05722019189 0 0.1025372663)
(-0.6465940682 0 0.8235250672)
(-1.050499457 0 1.326678672)
(-1.271847104 0 1.598481353)
(-1.347068143 0 1.689270812)
(-1.355961093 0 1.720387247)
(-0.848838804 0 0.9423382224)
(-0.1705044913 0 0.1192681087)
(-0.1330983244 0 0.2708921797)
(-0.4583446106 0 -0.1792220037)
(-0.2032213304 0 -0.4418615111)
(-0.2391403597 0 -0.3853494377)
(-0.2162851684 0 -0.3633855667)
(-0.2464561233 0 -0.3642642469)
(-0.2652228906 0 -0.3524885042)
(-0.1200530773 0 -0.2681083565)
(0.2295845335 0 0.1439084446)
(0.4091269769 0 0.2353721354)
(0.4367503519 0 0.5256639555)
(0.445040696 0 0.6552625833)
(-0.06884089968 0 0.413308186)
(0.0253857631 0 0.6126140474)
(0.2059015075 0 0.6370562654)
(0.2961302154 0 0.464455673)
(0.4392163267 0 0.4560357978)
(0.1754308517 0 0.1974247837)
(0.1557978051 0 0.1569353515)
(0.08481758523 0 0.09857417887)
(0.07222998052 0 0.09478792676)
(0.05640024195 0 0.09676504428)
(-0.5342755201 0 0.6019808046)
(-1.415320322 0 1.861412802)
(-1.449648873 0 1.91942044)
(-1.41420946 0 1.858962961)
(-1.323635112 0 1.710777475)
(-1.152635295 0 1.237201981)
(0.1681688601 0 0.1892153662)
(0.1812479287 0 0.3513154068)
(-0.1581408724 0 0.3191557144)
(-0.4209881983 0 -0.1525266291)
(-0.3604427381 0 -0.4215993698)
(-0.2555329752 0 -0.3498988005)
(-0.3404273694 0 -0.2954457789)
(-0.4070086648 0 -0.3137365737)
(-0.2014222951 0 -0.3403419906)
(-0.0866606369 0 -0.2891491664)
(0.3003313356 0 -0.2012363915)
(0.2632019454 0 -0.1459953991)
(0.1611866997 0 0.2942941406)
(-0.2357762038 0 0.175636178)
(-0.1392060442 0 0.2953510783)
(0.05066157299 0 0.4463393062)
(0.1603687987 0 0.4924974319)
(0.4485794861 0 0.4491719225)
(0.321063811 0 0.3015844022)
(0.1510402067 0 0.1620116141)
(0.09241978193 0 0.1077027498)
(0.07161086412 0 0.09974803106)
(-1.482020968 0 2.115955072)
(-1.419410666 0 2.011451814)
(-1.282845764 0 1.744219765)
(-1.059685132 0 1.353988829)
(-0.8809992918 0 0.8971081416)
(0.1810669072 0 -0.1049482186)
(0.2751841293 0 0.3781130632)
(0.2204125681 0 0.5166751199)
(-0.3103466281 0 -0.08375404889)
(-0.3648287442 0 -0.3911471443)
(-0.2804721064 0 -0.3586344249)
(-0.3672441425 0 -0.3044227898)
(-0.4493338951 0 -0.3345026286)
(-0.2717276987 0 -0.4639020887)
(-0.04415680045 0 -0.4436959486)
(0.03621565256 0 -0.3887139887)
(-0.1344466713 0 -0.4746226441)
(-0.171969717 0 -1.027041495)
(-0.4192368208 0 -0.3160138793)
(-0.3455128482 0 -0.06718812175)
(-0.186233928 0 0.5956218119)
(-0.0305673798 0 0.7252818098)
(0.1526200929 0 0.6750106569)
(0.3356179834 0 0.4098215816)
(0.2142933075 0 0.2032640314)
(0.1158009245 0 0.1632922464)
(0.07596030574 0 0.1913990088)
(0.8309356326 0 -0.2229747943)
(-0.9548648885 0 1.066787403)
(-0.8651204072 0 0.9843594546)
(-0.6805409058 0 0.7673268115)
(-0.4506028052 0 0.3603672328)
(-0.3582448853 0 -0.02488316616)
(0.3976221456 0 0.3994155174)
(0.1427624077 0 0.1177467905)
(-0.2496819054 0 -0.1257055937)
(-0.4118335276 0 -0.2888709338)
(-0.3949647172 0 -0.2816512342)
(-0.4864760876 0 -0.2897888542)
(-0.5691547768 0 -0.3601876685)
(-0.5839359867 0 -0.355296598)
(-0.5140826386 0 -0.3464678853)
(-0.3537057975 0 -0.3696649854)
(-0.09612900753 0 -0.3288541359)
(-0.02685612546 0 -0.3122102163)
(-0.4842842542 0 -0.4270851859)
(-0.4381924722 0 -0.3895174772)
(0.7309553604 0 0.3768192004)
(0.4575863086 0 0.4769399169)
(0.424639961 0 0.4460350083)
(0.4189312664 0 0.3014349407)
(0.2628087976 0 0.2151217034)
(0.175060747 0 0.1898185006)
(-0.9980964146 0 1.183793229)
(-0.7708272513 0 0.910473392)
(-0.4967032785 0 0.5038391587)
(-0.09812927225 0 -0.2124980531)
(-0.06709853544 0 -0.2082842573)
(-0.03922289246 0 -0.1245882581)
(0.09469041118 0 -0.05961882911)
(-0.1771685893 0 -0.1574296298)
(-0.2656024479 0 -0.1966979195)
(-0.3144042628 0 -0.2296717627)
(-0.4269985847 0 -0.2231276546)
(-0.5726060728 0 -0.3760991264)
(-0.5981822835 0 -0.3853781668)
(-0.577040595 0 -0.3636325354)
(-0.4436883757 0 -0.3662236696)
(-0.1706873053 0 -0.4439563448)
(-0.01655690783 0 -0.3356019243)
(-0.5611609219 0 -0.4499105779)
(-0.5370156109 0 -0.4758900346)
(-0.3991606723 0 -0.3786790642)
(0.5862341585 0 0.2317254195)
(0.3440087198 0 0.3723812041)
(0.4186843105 0 0.2665278332)
(0.2847231372 0 0.2069340416)
(0.1977553343 0 0.1712169944)
(-0.3755243435 0 -0.3626773982)
(-0.5921134274 0 0.6599138284)
(-0.3702510237 0 0.3883305406)
(0.03342572166 0 -0.3821418881)
(-0.03771631168 0 -0.4055958936)
(-0.09208580273 0 -0.4215964821)
(-0.04103046317 0 -0.5110960425)
(0.07096139687 0 -0.5090478815)
(-0.01026813584 0 -0.3250938174)
(-0.2485343133 0 -0.2713626675)
(-0.3027896433 0 -0.2076576376)
(-0.5722024379 0 -0.3913227117)
(-0.6150866099 0 -0.4002176157)
(-0.6269223421 0 -0.3926927076)
(-0.5815233188 0 -0.3624126249)
(-0.4840768215 0 -0.3550901001)
(-0.5224672703 0 -0.455900962)
(-0.6065817182 0 -0.5336948859)
(-0.6588917877 0 -0.571395203)
(-0.6286873685 0 -0.5422495624)
(-0.2385088457 0 -0.3022844478)
(0.8179732863 0 0.5269125382)
(0.7974743098 0 0.6398963273)
(0.7130393815 0 0.6128948618)
(0.2077924863 0 -0.2229279094)
(0.1747155272 0 -0.2910850758)
(0.09953399699 0 -0.3057030645)
(0.06205409397 0 -0.2772920513)
(0.09836616697 0 -0.3001752709)
(0.1168052256 0 -0.355827951)
(0.1437679188 0 -0.454856791)
(0.1070913303 0 -0.4348279854)
(-0.2531240293 0 -0.304550745)
(-0.4488567351 0 -0.31688447)
(-0.5426354321 0 -0.3700510006)
(-0.6181235279 0 -0.4090691699)
(-0.6606395817 0 -0.4208008416)
(-0.6534759821 0 -0.4017966605)
(-0.5546862346 0 -0.357027534)
(-0.463955472 0 -0.4033041013)
(-0.6034710837 0 -0.5396474278)
(-0.7256944872 0 -0.6397579487)
(-0.7936470768 0 -0.6845591033)
(-0.7450679274 0 -0.6278152176)
(0.857432824 0 0.5531695866)
(0.8355069762 0 0.6214866182)
(0.1851606157 0 -0.2563408336)
(0.1555196765 0 -0.3004409772)
(0.1362646605 0 -0.2708769887)
(0.1602216185 0 -0.2472556864)
(0.2299410757 0 -0.2633952842)
(0.2127845628 0 -0.3454313051)
(0.1985426259 0 -0.4026879087)
(-0.02973723632 0 -0.2561391368)
(-0.3554529275 0 -0.2613111979)
(-0.4918801404 0 -0.338668526)
(-0.6033202689 0 -0.406361354)
(-0.6765154801 0 -0.4409447686)
(-0.7057990123 0 -0.4398720757)
(-0.6662780919 0 -0.4088451958)
(-0.4819692867 0 -0.327363969)
(-0.5338233999 0 -0.4810081354)
(-0.7369012267 0 -0.6609345994)
(-0.880261762 0 -0.7757219426)
(-0.9550385693 0 -0.8060953065)
(0.712215898 0 0.4617739619)
(0.2475526242 0 -0.2901718564)
(0.1857663407 0 -0.1999779748)
(0.1190620176 0 -0.1113729973)
(0.2522983666 0 0.04096673598)
(-0.1169677914 0 -0.2884373422)
(-0.1486143772 0 -0.1912405192)
(-0.2386072373 0 -0.1968076995)
(-0.4047039827 0 -0.2815868173)
(-0.5619183906 0 -0.3823807305)
(-0.6736755504 0 -0.4487603139)
(-0.7353954802 0 -0.4688188595)
(-0.7402548277 0 -0.4596851934)
(-0.6882292576 0 -0.4116589889)
(-0.3241240198 0 -0.261037016)
(-0.6170519995 0 -0.5564356436)
(-0.8959168333 0 -0.8174682668)
(-1.012827735 0 -0.8905579769)
(0.2199886984 0 -0.1294959006)
(-0.2202992486 0 0.0632389568)
(0.3952023762 0 0.06248049235)
(-0.06767180219 0 -0.2343054272)
(-0.0719773054 0 -0.1742912394)
(-0.1154109649 0 -0.1691779034)
(-0.2594339223 0 -0.2022060767)
(-0.4691791788 0 -0.3208972084)
(-0.6453298054 0 -0.4363137095)
(-0.7451504824 0 -0.4874733901)
(-0.7782077682 0 -0.4904415193)
(-0.7992797358 0 -0.4865020109)
(0.7109040331 0 0.5782939697)
(-0.1751800606 0 -0.0412784943)
(-0.04485733119 0 -0.1701885964)
(-0.04144019139 0 -0.1526290599)
(-0.05295160578 0 -0.1433537023)
(-0.07787543235 0 -0.161620892)
(-0.2421985414 0 -0.2118975186)
(-0.5396491125 0 -0.3713467567)
(-0.7269150953 0 -0.4965756068)
(-0.7918815032 0 -0.497555649)
(-0.830754989 0 -0.5297305355)
(-0.2603989961 0 -0.116919781)
(-0.2566827139 0 -0.1029680297)
(-0.2526626642 0 -0.09158937884)
(-0.3031287513 0 -0.1034870102)
(-0.7011258393 0 -0.265417923)
(-0.8205249458 0 -0.301316732)
(-1.202783115 0 -0.4591985634)
(-2.137986637 0 -0.7274588485)
(-1.597483064 0 -0.5096715663)
(-3.298828692 0 -0.8998633743)
(-4.31620018 0 -0.8124784243)
(-3.672933958 0 -0.6955974841)
(-0.8574886263 0 0.1034392621)
(-0.7225666837 0 -0.07911095963)
(-0.8427706315 0 -0.1761359837)
(-0.4929695563 0 0.08068238514)
(-0.3511565189 0 0.06610330963)
(-0.3078995025 0 0.05964767693)
(-0.3302880366 0 0.07380788634)
(-0.4153918593 0 0.1061596332)
(-0.4533306919 0 0.1213283209)
(-0.4800474159 0 0.1391393261)
(-0.4923761855 0 0.1569927012)
(-0.2718897543 0 -0.2034154896)
(-0.2709356616 0 -0.187951503)
(-0.2730768237 0 -0.1760428774)
(-0.3008886055 0 -0.1768252765)
(-0.2690450823 0 -0.1518869999)
(-0.3144426035 0 -0.1669910445)
(-0.2772447673 0 -0.1365257468)
(-0.2600658574 0 -0.1209127211)
(-0.5364460237 0 0.1805690856)
(-0.5190432878 0 0.1960086878)
(-0.4971598781 0 0.1823836824)
(-0.4879263348 0 0.2045573289)
(-0.4523250767 0 0.2050279902)
(-0.4569080958 0 0.2016746051)
(-0.4324906302 0 0.2154107647)
(-0.4118041429 0 0.2261058751)
(-0.2824237732 0 -0.3138811253)
(-0.2906638041 0 -0.2710744564)
(-0.3006578771 0 -0.260525782)
(-0.2798676215 0 -0.23157406)
(-0.4042549717 0 0.2654518602)
(-0.4083803743 0 0.2850623843)
(-0.3938204544 0 0.2629914107)
(-0.4226183586 0 0.3113861687)
(-0.4939129854 0 -0.2422297114)
(-0.5261082578 0 -0.06321952646)
(-0.5165561418 0 -0.01866840914)
(-0.3971221752 0 -0.2753843033)
(-0.3378083037 0 -0.3973163966)
(-0.29867387 0 -0.3689114227)
(-0.517614461 0 0.4130730253)
(-0.5453269914 0 0.4516798566)
(-0.4920446514 0 0.3954823699)
(-0.5581392121 0 0.4804741269)
(-0.5720761763 0 0.5117156276)
(-0.396751263 0 -0.2796259116)
(-0.4380421093 0 -0.2376973959)
(-0.4608664013 0 -0.2299741181)
(-0.6375143311 0 0.5769731567)
(-0.7104369086 0 0.6335308576)
(-0.2092834154 0 -0.2457416262)
(-0.2648630292 0 -0.2613271543)
(-0.3245697743 0 -0.2749268103)
(-0.7362657641 0 0.9113630804)
(-0.6831889145 0 1.023875702)
(0.7966863627 0 0.9288967022)
(0.7335816587 0 0.9062694745)
(0.597810652 0 0.788632347)
(-0.2391028353 0 -0.26504371)
(-0.309970689 0 0.85787876)
(-0.2992581684 0 0.9058712383)
(-0.4787240032 0 1.032770984)
(-0.325214133 0 0.8962997218)
(-0.1413344431 0 -0.216525045)
(0.6707583128 0 0.7051371357)
(0.7888592781 0 0.8823343956)
(-0.389632908 0 0.7167738833)
(-0.3887457802 0 0.6897038601)
(-0.4364102522 0 0.7372726579)
(-0.0804481465 0 -0.4092878422)
(-0.1241202123 0 -0.29465349)
(-0.2945571255 0 0.4944489306)
(-0.2273116281 0 -0.4870282594)
(-0.2598955813 0 -0.4748534475)
(-0.02988743382 0 -0.4053366919)
(-0.3711336189 0 0.6848324851)
(-0.4169621717 0 0.8039021084)
(-0.3388012964 0 0.5776742882)
(-0.2276735064 0 -0.4618501077)
(-0.2726612929 0 -0.4591000229)
(-0.3300754681 0 -0.3648318947)
(-0.2431383034 0 -0.4293127631)
(-0.5485412664 0 1.282904815)
(-0.5087590259 0 1.256466214)
(-0.4811628374 0 1.040972037)
(-0.4934654163 0 1.260767046)
(-0.2989815045 0 -0.1903189759)
(-0.2817198918 0 -0.3240348283)
(-0.3637075138 0 1.250358354)
(-0.3520401499 0 -0.0008781850326)
(-0.3038431239 0 0.01909378563)
(-0.2909132548 0 -0.06334760094)
(-0.09688419738 0 0.483493152)
(-0.09546849803 0 0.4831632642)
(-0.3297900346 0 0.1094887389)
(-0.317772048 0 0.1624015548)
(-0.3298177951 0 0.1212626467)
(-0.02806089368 0 0.2558568615)
(-0.02727861724 0 0.2533974521)
(-0.02016733267 0 0.2434563418)
(-0.2372257715 0 0.1670824928)
(-0.2460651629 0 0.2014456324)
(-0.2850734849 0 0.184164605)
(-0.004153671942 0 0.4189325535)
(-0.004454405102 0 0.4232977133)
(-0.02444942486 0 0.3044840695)
(-0.1642267089 0 0.2482546862)
(-0.1720102293 0 0.2643610404)
(-0.2061592863 0 0.2259659051)
(0.1779790215 0 2.813013442)
(0.1810712254 0 2.804485364)
(0.01060664318 0 0.2986108103)
(-0.141835992 0 0.4066675338)
(-0.1333671896 0 0.402187205)
(-0.1441042392 0 0.3241203377)
(0.2818837236 0 1.023355953)
(0.09264167999 0 0.4391713702)
(0.275364886 0 1.743045367)
(0.03945500728 0 0.4155166255)
(-0.08933516541 0 0.4799811498)
(0.05074956078 0 0.1087486333)
(0.03430836479 0 0.1320804677)
(-0.3151528171 0 -0.2212176767)
(0.07509622963 0 0.2982562601)
(0.05648351986 0 0.1004282867)
(-0.6261672137 0 -0.1921141822)
(-0.6047385449 0 0.8203072973)
(-0.9702192289 0 1.26143388)
(-0.8504693689 0 1.081799019)
(0.07054659178 0 0.09413970032)
(0.06069806924 0 0.0967171835)
(0.06023473864 0 0.09405323505)
(-0.65509703 0 0.421617518)
(-1.482982289 0 1.981843353)
(-1.313545188 0 1.702532633)
(0.06577435628 0 0.1257813659)
(0.06386892768 0 0.1220373661)
(0.06738175101 0 0.1027061599)
(-1.435188753 0 2.138526548)
(-1.493501595 0 2.114075364)
(0.1035965646 0 0.2258477068)
(-0.2499279186 0 -0.5722925431)
(-1.032705432 0 1.147807511)
(-0.9561460159 0 1.057189844)
(0.1878669146 0 0.1785162122)
(0.1682175918 0 0.1844321055)
(0.1508853413 0 0.2012085222)
(-1.035366368 0 1.192880293)
(0.5657237845 0 -0.07183446894)
(-0.5667605264 0 0.5964104548)
(-0.9019331214 0 1.070938805)
(0.6751062472 0 0.6065109866)
(0.4640914512 0 0.4070375757)
(0.2280845626 0 0.1789400241)
(-0.6371347214 0 0.7078376719)
(-0.6331637605 0 0.6655707807)
(0.7639272111 0 0.6312292827)
(0.6420200732 0 0.5534793518)
(0.1619759393 0 -0.2311827975)
(0.1596402919 0 -0.2437317924)
(0.8527731832 0 0.6156688023)
(0.8288943425 0 0.6436152798)
(0.2006200644 0 -0.2842047922)
(0.1786236226 0 -0.2838061021)
(0.2016680137 0 -0.2958951126)
(0.2127371132 0 -0.2982920934)
(0.1509074117 0 -0.2945760008)
(-1.003517552 0 -0.8539676012)
(-0.37058859 0 -2.539216475)
(0.2276141158 0 0.2726512451)
(-30.13242464 0 -30.56329945)
(0.782913912 0 0.5320841151)
(0.2461123562 0 -0.2933319393)
(0.2588549523 0 -0.2606122004)
(0.2457025787 0 -0.2528235324)
(0.2159807527 0 -0.2520856945)
(-0.1082905581 0 0.06088402583)
(0.435296712 0 -0.6276890978)
(-0.9679021253 0 -0.8794383647)
(0.08660228915 0 -0.1740683532)
(-0.3034864211 0 0.2666267072)
(-0.248998373 0 0.2157663823)
(0.07912405601 0 -0.1492551352)
(0.237279448 0 0.008447752801)
(-0.103398844 0 -0.2303213221)
(-0.1196714847 0 -0.1784569768)
(-0.8269884739 0 -0.5092896896)
(0.0911502338 0 0.3107055552)
(0.6368807888 0 0.5001382241)
(0.6001587827 0 0.3508634296)
(0.3671618564 0 0.2849295369)
(0.3492215883 0 0.0664503844)
(-0.207249611 0 0.09790110342)
(-0.07540609572 0 -0.2082728688)
(-0.04255223721 0 -0.1605641893)
(-0.02704723359 0 -0.1454132221)
(-0.04226406379 0 -0.1474241791)
(-0.02707254726 0 -0.1334770791)
(-0.02040524904 0 -0.1236453611)
(-0.06145245845 0 -0.1486227032)
(-0.009330531996 0 -0.1186003889)
(0.005624614054 0 -0.118611081)
(-0.1223850256 0 -0.179672606)
(0.02360402814 0 -0.1190521893)
(0.03786597398 0 -0.1136588172)
(-0.4010411956 0 -0.2780703187)
(0.05405691014 0 -0.09754765746)
(0.1331309418 0 -0.1148199349)
(-0.6541535464 0 -0.4497569326)
(0.09605651727 0 -0.5006208105)
(-0.7776170411 0 -0.4995550724)
(-0.8093425057 0 -0.5379333224)
(-0.2587561581 0 -0.1158274887)
(-0.2568096411 0 -0.102283618)
(-0.2553054303 0 -0.09730980985)
(-0.3083183947 0 -0.1177161595)
(-0.7673244368 0 -0.3460684482)
(-0.6950549465 0 -0.2821880259)
(-1.877899529 0 -0.8739844522)
(-2.948786405 0 -1.216204361)
(-2.656234831 0 -0.9853318089)
(-4.031961699 0 -1.273840376)
(-4.897189726 0 -0.9217498064)
(-4.733540724 0 -0.8885293275)
(-1.608259264 0 0.137961217)
(-0.62305906 0 0.1013968403)
(-0.6429976061 0 0.03968512178)
(-0.434856778 0 0.04951296052)
(-0.3762251953 0 0.07271118904)
(-0.3678535161 0 0.06973536449)
(-0.3816739485 0 0.08642689016)
(-0.4330183864 0 0.1036441291)
(-0.4219673176 0 0.1028361992)
(-0.490674907 0 0.1302749836)
(-0.5280416394 0 0.1576538443)
(-0.4973597926 0 0.1460977037)
(-0.3620407801 0 -0.2868011189)
(-0.5576056337 0 -0.3834653153)
(-0.3078267401 0 -0.2240632606)
(-0.8064041314 0 -0.4774480291)
(-0.9786229858 0 -0.5018805523)
(-0.5784967059 0 -0.3162634865)
(-1.012618648 0 -0.4530395592)
(-0.8272912255 0 -0.3317097688)
(-0.4595431656 0 -0.2074443428)
(-0.2666729728 0 -0.1385132518)
(-0.2723554682 0 -0.1268153362)
(-0.2622681313 0 -0.1112975052)
(-0.380790885 0 -0.1842887519)
(-1.109465468 0 -0.6665235716)
(-0.9664648061 0 -0.5047187116)
(-1.976443161 0 -1.180009587)
(-2.907832273 0 -1.562044584)
(-3.033878133 0 -1.41651427)
(-3.780327314 0 -1.554040713)
(-4.352120438 0 -0.8816479537)
(-4.80567692 0 -0.9176027828)
(-2.296532068 0 0.5602282396)
(-1.124945764 0 0.2462101282)
(-0.7485688974 0 0.1346028685)
(-0.444581634 0 0.0348423908)
(-0.3888927369 0 0.06695196623)
(-0.3849091395 0 0.07255445343)
(-0.3913553046 0 0.08352998755)
(-0.461554331 0 0.1085797984)
(-0.4421590997 0 0.105024571)
(-0.5676698983 0 0.1540083707)
(-0.6290196712 0 0.1976479923)
(-0.5706752948 0 0.1741162306)
(-0.6300956183 0 0.227860672)
(-0.5864997037 0 0.2417632162)
(-0.5492984591 0 0.2159616271)
(-0.522635175 0 0.2430458171)
(-0.4622767301 0 0.2380506127)
(-0.4570466067 0 0.2218881393)
(-0.4210915283 0 0.2368578301)
(-0.4039984431 0 0.2462844827)
(-0.4035918816 0 0.2297547666)
(-0.4319772363 0 -0.4156243939)
(-0.6623023555 0 -0.5641562445)
(-0.4093268725 0 -0.3514376214)
(-0.940950365 0 -0.7217560794)
(-1.182219093 0 -0.8010171122)
(-0.9114167029 0 -0.6076850762)
(-1.360481905 0 -0.7985899842)
(-1.448095679 0 -0.726981045)
(-1.269334868 0 -0.6352997614)
(-1.400043698 0 -0.5998201729)
(-1.130236937 0 -0.4262933696)
(-1.070510104 0 -0.409316261)
(-0.3472300352 0 -0.1927726528)
(-0.3970458643 0 -0.2223742262)
(-0.3089884886 0 -0.164985457)
(-0.5999426318 0 -0.3861622775)
(-0.918372985 0 -0.6297067875)
(-1.091438303 0 -0.7234674924)
(-1.171582579 0 -0.7894740457)
(-1.302876058 0 -0.8189294675)
(-2.434626561 0 -1.51420391)
(-1.275410966 0 -0.7487577268)
(-0.9471828714 0 -0.6788251281)
(-3.328114213 0 -0.8327159386)
(-1.359452277 0 -0.4322756644)
(-0.4806503175 0 0.1252254088)
(-1.42130836 0 0.397147599)
(-0.5073352109 0 0.09056160858)
(-0.4002910193 0 0.06182107487)
(-0.3912855296 0 0.06168034077)
(-0.4274792737 0 0.08064028419)
(-0.5743441353 0 0.1358567218)
(-0.5028673294 0 0.1175869486)
(-0.7348310942 0 0.2109090948)
(-0.7957556661 0 0.2713617984)
(-0.7055181527 0 0.2300206374)
(-0.7612007603 0 0.3047480323)
(-0.6714576526 0 0.3108616696)
(-0.6286720923 0 0.2736484858)
(-0.5685270915 0 0.29993448)
(-0.4770206916 0 0.2804770689)
(-0.4695430148 0 0.2576307366)
(-0.4208359997 0 0.2728638143)
(-0.4174727905 0 0.292637279)
(-0.40574979 0 0.2659395293)
(-0.4463478185 0 0.3298731492)
(-0.4832980269 0 0.3722833928)
(-0.4464798318 0 0.3294748971)
(-0.4481719191 0 -0.2271359269)
(-0.5385047848 0 0.04466844378)
(-0.5625567179 0 0.005726006982)
(-0.445985017 0 -0.2383923695)
(-0.5706023974 0 -0.6504324014)
(-0.4167227312 0 -0.4775756134)
(-0.8510099413 0 -0.8866134869)
(-1.077701618 0 -1.044861465)
(-0.9199392165 0 -0.8199736006)
(-1.259916192 0 -1.113549601)
(-1.390871293 0 -1.084062421)
(-1.34815413 0 -0.9622097986)
(-1.465676279 0 -0.9740321959)
(-1.478752106 0 -0.8100039756)
(-1.512835821 0 -0.7810885406)
(-1.386111222 0 -0.6059621804)
(-1.056531426 0 -0.3610953259)
(-1.087669379 0 -0.4026737147)
(-0.5139692804 0 -0.1378330985)
(-0.5671700579 0 -0.1422222069)
(-0.4927666644 0 -0.2375524373)
(-0.6523598204 0 -0.3776820874)
(-0.8680311952 0 -0.6785787068)
(-0.9351566111 0 -0.6905537929)
(-1.050965111 0 -0.8266280171)
(-1.156719722 0 -0.8471702941)
(-1.264299633 0 -0.8440021405)
(-1.264847744 0 -0.8061156209)
(-1.398763981 0 -0.7133075429)
(-1.386203617 0 -0.6424329086)
(-1.530104761 0 -0.5207373224)
(-0.8107243161 0 0.4233968271)
(-0.6694065141 0 0.2961939361)
(-0.7101541952 0 0.2993554746)
(-0.5087805392 0 0.1270414972)
(-0.4400377927 0 0.08288255053)
(-0.5606842415 0 0.1038104439)
(-0.8353856218 0 0.2084932238)
(-0.6844386132 0 0.1656028554)
(-0.9903372956 0 0.2893918766)
(-0.9472454464 0 0.3609223252)
(-0.883287035 0 0.3181954104)
(-0.8658777303 0 0.397614079)
(-0.7345367711 0 0.3941894884)
(-0.7093450251 0 0.3520614257)
(-0.5989292626 0 0.3676789089)
(-0.4825382838 0 0.3310278712)
(-0.4815437283 0 0.3052451821)
(-0.4539277661 0 0.332084584)
(-0.476674919 0 0.3592570171)
(-0.4417723604 0 0.3251920871)
(-0.5067250316 0 0.3930586661)
(-0.5356950506 0 0.4301069992)
(-0.5135001604 0 0.4061755364)
(-0.5618443945 0 0.4692565626)
(-0.5841008424 0 0.509793615)
(-0.5748967704 0 0.4901921123)
(-0.600350947 0 0.5460520684)
(-0.6126506287 0 0.5884125217)
(-0.600958571 0 0.5551668657)
(-0.2978416764 0 -0.2624131089)
(-0.3865640686 0 -0.1706369304)
(-0.4114243661 0 -0.1962071661)
(-0.3657880245 0 -0.2222217358)
(-0.4840792741 0 0.1278809708)
(-0.5184649836 0 0.08960838403)
(-0.4757974614 0 -0.3102703927)
(-0.753844285 0 -1.003008381)
(-0.7061895645 0 -0.854542856)
(-0.9385162065 0 -1.212117968)
(-1.052039879 0 -1.30151107)
(-1.117338758 0 -1.211929758)
(-1.116217356 0 -1.29075108)
(-1.166448421 0 -1.215853582)
(-1.311552298 0 -1.160669118)
(-1.253508592 0 -1.123698362)
(-1.398545609 0 -1.011698681)
(-1.419742384 0 -0.8662028503)
(-1.537743934 0 -0.8190225879)
(-1.429218175 0 -0.4426177163)
(-1.132278494 0 -0.3388722124)
(-0.6642335291 0 0.3377520261)
(-0.7064480345 0 0.3533656319)
(-0.6367971999 0 0.07340401346)
(-0.6767006557 0 0.2220984827)
(-0.5949145509 0 -0.2322469873)
(-0.7352337104 0 -0.5567121375)
(-0.7058867407 0 -0.6017295687)
(-0.877808082 0 -0.7491163628)
(-1.050755943 0 -0.8439061135)
(-1.037604999 0 -0.8146095166)
(-1.140643055 0 -0.7536754355)
(-1.365973897 0 -0.7854029834)
(-1.264953391 0 -0.6044542232)
(-0.9570377181 0 0.5271718301)
(-0.9103253373 0 0.503275273)
(-0.7643781794 0 0.3511670498)
(-0.5800589734 0 0.1088251674)
(-0.558050499 0 0.1503046678)
(-0.8850309117 0 0.1637550813)
(-1.227241788 0 0.3346403885)
(-1.021444311 0 0.2650559433)
(-1.463153178 0 0.19791735)
(-1.150472394 0 0.3283221181)
(-1.020932938 0 0.3711735876)
(-0.8893847883 0 0.4398376693)
(-0.7193533078 0 0.4599742037)
(-0.7386162047 0 0.4322004756)
(-0.5847491499 0 0.429257726)
(-0.5240734857 0 0.3940017737)
(-0.4898400591 0 0.3594895257)
(-0.5516777955 0 0.4064037252)
(-0.5701581058 0 0.4276067676)
(-0.5198932982 0 0.3929739143)
(-0.5791818808 0 0.4526713969)
(-0.5818832886 0 0.4795452789)
(-0.5565992691 0 0.4518061933)
(-0.5803520242 0 0.5070526589)
(-0.5765389446 0 0.535663137)
(-0.5803013816 0 0.519990886)
(-0.5729841865 0 0.5637638872)
(-0.5733964642 0 0.60359379)
(-0.5996546363 0 0.5997225708)
(-0.6363364654 0 0.5638098609)
(-0.691643789 0 0.6661229658)
(-0.7439649549 0 0.6616597058)
(0.4351694783 0 0.393286474)
(-0.2060400407 0 -0.1157533838)
(-0.3650727348 0 -0.1496660373)
(-0.285059269 0 -0.07679367698)
(-0.3597515881 0 0.1708174383)
(-0.4373943679 0 0.1574274995)
(-0.433700245 0 -0.3630427014)
(-0.6052392452 0 -0.998381677)
(-0.7152467771 0 -1.059546152)
(-0.7073411327 0 -1.149790616)
(-0.7519694459 0 -1.218103916)
(-0.9179097738 0 -1.30535627)
(-0.7710390346 0 -1.228786198)
(-0.7998808461 0 -1.235947327)
(-1.003484586 0 -1.265259385)
(-0.8870618848 0 -1.29139716)
(-1.103325069 0 -1.396413329)
(-1.341018025 0 -1.228760821)
(-1.443247494 0 -1.393415348)
(-1.873766055 0 -1.09838195)
(-1.845180269 0 -0.7257750403)
(-0.7908535628 0 0.9289732121)
(-0.7352283116 0 0.7635767644)
(-0.7506995254 0 0.6356930402)
(-0.7337347728 0 0.646188609)
(-0.6350445008 0 0.3242962772)
(-0.5997881631 0 0.191547918)
(-0.4063961816 0 -0.1771736793)
(-0.3887973531 0 -0.1805904462)
(-0.3816509073 0 -0.1676471728)
(-0.3793834767 0 -0.1479949566)
(-0.3623751659 0 -0.1118306729)
(-0.3326121825 0 -0.1936114679)
(-0.3200545864 0 -0.06514841563)
(-0.435933065 0 0.04488420314)
(-0.4202273128 0 0.04575003278)
(-0.5125309199 0 -0.08130650696)
(-0.7840707114 0 -0.07555553088)
(-0.6719658217 0 -0.003157482162)
(-1.418373456 0 0.2720190786)
(-1.532777805 0 0.4942969761)
(-1.417404166 0 0.4139009971)
(-1.667145863 0 0.1185731337)
(-1.354345723 0 0.2171691032)
(-1.27503915 0 0.2670769709)
(-0.9629339449 0 0.3515058243)
(-0.647645959 0 0.4477369663)
(-0.6851504401 0 0.4684535257)
(-0.5005892584 0 0.4486437697)
(-0.6237762408 0 0.4549883256)
(-0.5824455959 0 0.4302194808)
(-0.6706258135 0 0.4762592126)
(-0.6763350696 0 0.5062178579)
(-0.6245258244 0 0.4650721017)
(-0.66426543 0 0.5382893602)
(-0.6418496998 0 0.567293977)
(-0.6116128858 0 0.5175694931)
(-0.6127318721 0 0.5904072388)
(-0.580286111 0 0.6077455695)
(-0.5777567471 0 0.5647588404)
(-0.5486466849 0 0.6213343176)
(-0.5199379066 0 0.6363628153)
(-0.5449441868 0 0.6125483749)
(-0.5014684466 0 0.6543035251)
(-0.3727050503 0 0.7788836774)
(-0.5715609265 0 0.7392281753)
(0.7160227282 0 0.8052536244)
(0.6884980679 0 0.8073950661)
(0.695175695 0 0.8495191928)
(0.3242251345 0 0.4908402091)
(0.2140848753 0 -0.0232624277)
(0.06406420791 0 0.008676609126)
(-0.1737387502 0 0.1324015399)
(-0.1378011338 0 0.1492190203)
(-0.2622684378 0 0.1887819082)
(-0.3596346802 0 -0.2996721644)
(-0.2741556704 0 -0.5243869554)
(-0.4349203829 0 -0.7884300821)
(-0.2912575575 0 -0.4461832675)
(-0.3105924127 0 -0.426235551)
(-0.5600449244 0 -0.9811185327)
(-0.3121095631 0 -0.4106919907)
(-0.2347780907 0 -0.4264921071)
(-0.5122789476 0 -0.9457434108)
(-0.006474612226 0 -0.4873961162)
(0.3612729204 0 -0.566820784)
(-0.5644213261 0 -1.266673418)
(0.5812883208 0 -0.6043848325)
(0.4503944764 0 -0.5643737383)
(-1.010177129 0 -1.25306889)
(-0.4296655501 0 -0.3018405908)
(-0.4246337232 0 -0.2959018838)
(-0.6558662245 0 0.542196885)
(-0.4174176212 0 -0.2817763415)
(-0.4152174209 0 -0.2688382693)
(-0.5824470113 0 0.2590252405)
(-0.4232473 0 -0.2503476063)
(-0.4356043832 0 -0.2288479392)
(-0.4078015277 0 -0.2011115736)
(-0.4507051269 0 -0.2042441166)
(-0.465346073 0 -0.1728819238)
(-0.4068353502 0 -0.1390673003)
(-0.4733426011 0 -0.1235222826)
(-0.5381790294 0 0.04377906133)
(-0.477795511 0 0.04487044451)
(-0.6884072455 0 -0.169569859)
(-1.037832468 0 -0.3118289596)
(-0.9091459154 0 -0.1826209505)
(-1.615280841 0 0.3330220271)
(-1.283570275 0 0.5035198281)
(-1.499348738 0 0.5494759693)
(-1.619652173 0 0.09925945732)
(-1.391156732 0 0.1648431393)
(-1.389469299 0 0.1846574755)
(-1.036189972 0 0.2563259231)
(-0.6400998808 0 0.3380212027)
(-0.6220164746 0 0.3976075115)
(-0.3958873522 0 0.3817252149)
(-0.5507100787 0 0.4365241565)
(-0.6132381881 0 0.457659423)
(-0.6983148585 0 0.520089065)
(-0.7441863475 0 0.6021499052)
(-0.7178977795 0 0.5513424568)
(-0.7281531994 0 0.6655602687)
(-0.6815021433 0 0.705215974)
(-0.6673289895 0 0.6295819748)
(-0.621484628 0 0.7218306919)
(-0.5591656385 0 0.7209531793)
(-0.577133313 0 0.6620229398)
(-0.5028456785 0 0.7109144672)
(-0.4571424593 0 0.699816355)
(-0.4938641067 0 0.6682565444)
(-0.4234667846 0 0.6935404657)
(-0.4013214756 0 0.6952164839)
(-0.4501002074 0 0.688363414)
(-0.3902247533 0 0.7051420542)
(-0.3886458313 0 0.7179288381)
(-0.4519479471 0 0.7431778473)
(-0.1275576139 0 -0.3780608347)
(-0.1786286335 0 -0.2504310384)
(0.3011814867 0 0.4181849694)
(-0.1598911734 0 -0.0411720602)
(-0.05513375338 0 0.1099771358)
(0.3945153531 0 0.3851557365)
(0.2392036544 0 0.1361157105)
(0.3108266455 0 0.02236810825)
(0.2541452357 0 0.1358085178)
(0.0663115025 0 0.2535847989)
(-0.1961562773 0 -0.3838719687)
(0.2253692161 0 0.05106873877)
(-0.3530911374 0 -0.4707996399)
(-0.2735683675 0 -0.4458834003)
(-0.253501929 0 -0.4910240283)
(-0.2741482018 0 -0.439565413)
(-0.2715520666 0 -0.4499413346)
(-0.2910338104 0 -0.4339454867)
(-0.2979212539 0 -0.4374143313)
(-0.3227819182 0 -0.4177532051)
(-0.2565536434 0 -0.4457821477)
(-0.3381834161 0 -0.3976419641)
(-0.3321299401 0 -0.3876040599)
(0.1171129886 0 -0.5548984637)
(-0.288277288 0 -0.3953572569)
(-0.1974872251 0 -0.4091707814)
(0.3452372293 0 -0.5408887523)
(-0.4010969551 0 -0.3216865163)
(-0.4092789631 0 -0.3183456999)
(-0.4160191967 0 -0.3038478219)
(-0.4243603803 0 -0.3171064699)
(-0.4448307734 0 -0.3200775449)
(-0.4290534417 0 -0.2903753935)
(-0.4717633559 0 -0.3177928597)
(-0.5063320707 0 -0.3085980551)
(-0.4689751213 0 -0.2648469527)
(-0.5457706262 0 -0.2920987649)
(-0.5880426831 0 -0.2633139505)
(-0.5279166586 0 -0.2141768112)
(-0.6551551163 0 -0.2209794035)
(-0.8533927123 0 -0.1120910149)
(-0.6157512244 0 0.04176977139)
(-1.169381781 0 -0.4232686502)
(-1.263012735 0 -0.4243127966)
(-1.152278204 0 -0.385257132)
(-1.149044377 0 -0.1812333601)
(-1.083615776 0 -0.02441171979)
(-1.039535141 0 0.3046001049)
(-5.002161003 0 -0.2240196541)
(-1.434679053 0 0.2100759233)
(-1.373085879 0 0.1540962478)
(-1.106876891 0 0.2388035164)
(-0.8086365124 0 0.2898334339)
(-0.7146255868 0 0.2994921435)
(-0.53142851 0 0.306985382)
(-0.445281025 0 0.3562146563)
(-0.4749803609 0 0.3982773991)
(-0.6052002571 0 0.5328921773)
(-0.7231371298 0 0.7307149562)
(-0.7503284058 0 0.661991412)
(-0.7074612303 0 0.8454630359)
(-0.6189571983 0 0.8681081785)
(-0.6731058858 0 0.7915376042)
(-0.5109051184 0 0.8227815731)
(-0.4200240295 0 0.7543114791)
(-0.5129553424 0 0.7669749254)
(-0.3614249582 0 0.7010483596)
(-0.3291213176 0 0.6730681372)
(-0.403196196 0 0.7116763906)
(-0.312569845 0 0.6631105568)
(-0.3054859054 0 0.6626418969)
(-0.3550832075 0 0.6909467617)
(-0.3052144368 0 0.6662278873)
(-0.3098308918 0 0.6658593253)
(-0.3499436015 0 0.7003876678)
(-0.3164462672 0 0.6298911438)
(-0.3114753527 0 0.5689719247)
(-0.3511621699 0 0.6366271872)
(-0.2973558674 0 -0.4024496033)
(-0.3240292471 0 -0.3237740848)
(0.1220958631 0 -0.3457799175)
(-0.3244132852 0 -0.2470202118)
(-0.3173797741 0 -0.2094609384)
(0.1250740197 0 -0.3511493675)
(-0.2410554571 0 -0.1909996307)
(-0.3333390919 0 -0.1832606599)
(0.2172357608 0 -0.2148659004)
(-0.2979511278 0 -0.1058788993)
(-0.7096692773 0 -0.130969907)
(-0.5494857744 0 -0.2525534812)
(-0.6663073635 0 -0.1364886436)
(-0.5891336632 0 -0.1771784067)
(-0.4078729441 0 -0.3533191919)
(-0.6183516814 0 -0.1450359263)
(-0.4601510712 0 -0.2712919053)
(-0.2887782111 0 -0.4493830282)
(-0.2741641698 0 -0.4853876077)
(-0.2879413081 0 -0.4621182914)
(-0.3037677413 0 -0.4415501799)
(-0.2997603176 0 -0.4282701319)
(-0.3131521254 0 -0.398671395)
(-0.3392930347 0 -0.3873188991)
(-0.3314210635 0 -0.3758987543)
(-0.3542509425 0 -0.3626411577)
(-0.3658818044 0 -0.3490489057)
(-0.3795148656 0 -0.3587793975)
(-0.4074568277 0 -0.3632620074)
(-0.4078708685 0 -0.3389255252)
(-0.4399581823 0 -0.3755460411)
(-0.4796018995 0 -0.3914345191)
(-0.462877652 0 -0.3544110389)
(-0.5268847535 0 -0.4050410616)
(-0.5806508315 0 -0.412893532)
(-0.5444272147 0 -0.3586772873)
(-0.7392773022 0 -0.4810884335)
(-1.141227305 0 -0.7053304534)
(-0.7221403844 0 -0.3791106027)
(-1.464675299 0 -0.8502701174)
(-1.629639184 0 -0.8652660847)
(-1.30514429 0 -0.5355687042)
(-1.667935518 0 -0.825400831)
(-1.589789172 0 -0.7262850772)
(-1.40615263 0 -0.5387039201)
(-1.942230321 0 -1.526098554)
(-3.21115778 0 -3.417486449)
(-2.362363478 0 -1.314888004)
(-7.08527739 0 -1.081154419)
(-2.99459016 0 1.938324859)
(-2.253609756 0 0.8602575906)
(-1.625331104 0 0.7384753141)
(-0.9572773534 0 0.3258997887)
(-0.8911626802 0 0.2999452274)
(-0.7548747335 0 0.3380949561)
(-0.5662246731 0 0.3373541356)
(-0.4847868044 0 0.3303009401)
(-0.4469663958 0 0.4362193841)
(-0.42742605 0 0.676877311)
(-0.6249435287 0 0.7761783106)
(-0.3805307368 0 0.7974210168)
(-0.2799903402 0 0.694042815)
(-0.4823862092 0 0.8656325302)
(-0.2222805998 0 0.5515058363)
(-0.2167473056 0 0.476113293)
(-0.2861119776 0 0.6232214702)
(-0.2232528368 0 0.4445029369)
(-0.2254361983 0 0.434904577)
(-0.252684245 0 0.5578410297)
(-0.2240860686 0 0.4473970202)
(-0.2255777993 0 0.4813202199)
(-0.2589271015 0 0.5940852149)
(-0.2316593983 0 0.5130884312)
(-0.2341954723 0 0.517271744)
(-0.2732950932 0 0.6072506775)
(-0.2612632813 0 0.5110731549)
(-0.3096811279 0 0.5658590555)
(-0.2866171488 0 0.5131661007)
(-0.3930505884 0 -0.2892504581)
(-0.4462931899 0 -0.2107378268)
(-0.3108910812 0 -0.2917917371)
(-0.4912527533 0 -0.1296839332)
(-0.5464004288 0 -0.04461929667)
(-0.4193346556 0 -0.1528534461)
(-0.6450211761 0 0.007619686016)
(-0.7745755802 0 0.03778825576)
(-0.6745509449 0 -0.0679377793)
(-0.8082077693 0 0.08664084771)
(-0.8191421765 0 0.1214640141)
(-0.7955911995 0 0.003163165443)
(-0.8336242605 0 0.1979304343)
(-0.8398351326 0 0.1903812856)
(-0.7397002904 0 0.01542422052)
(-0.8469876089 0 0.1924044838)
(-0.8985760796 0 0.2921881793)
(-0.7369298899 0 0.05816502729)
(-0.7411140745 0 0.1503865323)
(-0.2628592914 0 -0.4778852394)
(-0.2722247784 0 -0.4836300708)
(-0.2718246758 0 -0.4429824124)
(-0.2824486604 0 -0.4104994552)
(-0.2947353384 0 -0.4054481949)
(-0.301834585 0 -0.3942389005)
(-0.3319692152 0 -0.3904725138)
(-0.340358835 0 -0.3757932102)
(-0.4042521557 0 -0.4359826989)
(-0.6098927269 0 -0.6167229469)
(-0.4187736454 0 -0.4005908985)
(-0.815619583 0 -0.762168098)
(-0.8981638053 0 -0.760538412)
(-0.5634728078 0 -0.4837241341)
(-0.5788998077 0 -0.49822433)
(-0.8957256264 0 -0.6954089131)
(-0.675140562 0 -0.5095529161)
(-1.356307633 0 -0.990300507)
(-1.685687251 0 -1.183101944)
(-1.485655801 0 -0.9894272833)
(-1.895005258 0 -1.273676844)
(-1.988431152 0 -1.270930154)
(-1.853876764 0 -1.104090245)
(-1.97355673 0 -1.189770011)
(-1.857120073 0 -1.040791949)
(-1.754468994 0 -0.8964849934)
(-1.665076935 0 -0.8276359957)
(-1.320231684 0 -0.2235708135)
(-1.179367063 0 -0.158694857)
(-2.041849328 0 0.007543812631)
(-1.470974282 0 0.2265990121)
(-1.362966509 0 0.1868666575)
(-1.160153624 0 0.3257204313)
(-0.9998929052 0 0.3936780291)
(-0.9871463418 0 0.3547025583)
(-0.8832815405 0 0.4339352221)
(-0.712285642 0 0.418434274)
(-0.6473691264 0 0.3714739474)
(-0.5053911158 0 0.3765973517)
(-0.3438192453 0 0.3630182973)
(-0.3112203788 0 0.4500239194)
(-0.2736092975 0 0.38264055)
(-0.2567736172 0 0.4050391691)
(-0.2101759724 0 0.4829971545)
(-0.2551256827 0 0.4154854881)
(-0.255059437 0 0.4128892498)
(-0.2335760278 0 0.422852795)
(-0.2541137169 0 0.3971201315)
(-0.2499890434 0 0.3686408728)
(-0.2391936244 0 0.3809825664)
(-0.238078289 0 0.3290142147)
(-0.2149681954 0 0.2826930359)
(-0.2131734267 0 0.3589161531)
(-0.1830264395 0 0.2463938723)
(-0.1655489626 0 0.2448220507)
(-0.1904428212 0 0.3719047114)
(-0.5736612073 0 1.135820017)
(-0.5888125231 0 1.280561733)
(-0.434049355 0 0.839469584)
(-0.3856138227 0 -0.1619239739)
(-0.4855204358 0 -0.1569049655)
(-0.4079711133 0 -0.2384412521)
(-0.5468221393 0 -0.1411877394)
(-0.599250629 0 -0.1125626822)
(-0.5252395867 0 -0.1463771454)
(-0.6349497266 0 -0.05191760259)
(-0.6534523046 0 0.03278236515)
(-0.6105409169 0 -0.00127860975)
(-0.699078875 0 0.1025885221)
(-0.7448320138 0 0.1642427066)
(-0.7716283776 0 0.1001941018)
(-0.7881332377 0 0.2486529293)
(-0.8198402533 0 0.2939702953)
(-0.8218607084 0 0.2241162216)
(-0.8486753855 0 0.3347071564)
(-0.8950481257 0 0.3910472248)
(-0.8855398096 0 0.3178075217)
(-0.9003774102 0 0.3751213672)
(-0.9183371362 0 0.4113615107)
(-0.926964724 0 0.385221835)
(-0.9817424569 0 0.5454434365)
(-0.8570695856 0 0.4172111708)
(-0.5378094522 0 -0.04780330331)
(-0.2601486493 0 -0.4852544098)
(-0.2785172596 0 -0.444532061)
(-0.2762700329 0 -0.4197714071)
(-0.3239751804 0 -0.4664688928)
(-0.5651524284 0 -0.7183487722)
(-0.37293248 0 -0.4590498236)
(-0.8476078187 0 -1.004417793)
(-1.020402832 0 -1.124573104)
(-0.8973128092 0 -0.9338468379)
(-1.122134121 0 -1.124273075)
(-1.141162156 0 -1.012239342)
(-1.105543357 0 -0.9415936232)
(-0.7216408259 0 -0.5911496519)
(-1.123501063 0 -0.9357361083)
(-1.070350721 0 -0.8560664241)
(-1.4983256 0 -1.19376147)
(-1.755513984 0 -1.354811669)
(-1.77492418 0 -1.306080105)
(-1.889795014 0 -1.403500893)
(-1.920130347 0 -1.359124688)
(-2.005280836 0 -1.352663969)
(-1.892339084 0 -1.26353933)
(-1.877840309 0 -1.165455923)
(-1.876737779 0 -1.115871068)
(-1.982116079 0 -1.106288524)
(-1.587341391 0 -0.3882190709)
(-1.465061202 0 -0.2985062436)
(-2.513048025 0 0.003999151911)
(-1.77977773 0 0.3698973757)
(-1.61253887 0 0.2848301369)
(-1.359365435 0 0.4982748833)
(-1.077773836 0 0.537371999)
(-1.02137581 0 0.449415485)
(-0.8980605429 0 0.5432943009)
(-0.7791588637 0 0.5343211851)
(-0.7602159475 0 0.4757964187)
(-0.620157137 0 0.4705359914)
(-0.4497855025 0 0.3979255893)
(-0.3854980537 0 0.3532428414)
(-0.335759331 0 0.3615536572)
(-0.2904982605 0 0.354485572)
(-0.2689922681 0 0.3909695877)
(-0.2805712531 0 0.3562057974)
(-0.2817671878 0 0.3556866799)
(-0.2515323886 0 0.4072271273)
(-0.2821866267 0 0.3506183315)
(-0.2750660269 0 0.3413396869)
(-0.2542738868 0 0.364028242)
(-0.2568080698 0 0.3258325354)
(-0.227225908 0 0.3052353352)
(-0.2234124564 0 0.2953974995)
(-0.1892981934 0 0.2861999342)
(-0.2361259319 0 0.3775023074)
(-0.2004792887 0 0.3219953783)
(-0.3683766292 0 0.9948260845)
(-0.3895062563 0 1.284739424)
(-0.5346480992 0 1.351980249)
(-0.3617240593 0 1.285455858)
(-0.3500777429 0 1.238094605)
(-0.4718200509 0 1.342757007)
(-0.3800685422 0 0.05253254105)
(-0.4351381708 0 -0.01414457324)
(-0.4832937707 0 -0.08756131862)
(-0.5083401076 0 -0.03061334764)
(-0.5473168248 0 -0.02593917166)
(-0.589517342 0 -0.07427393897)
(-0.592983331 0 0.03072439278)
(-0.6126561608 0 0.1098051387)
(-0.6385724678 0 0.06873902536)
(-0.6441124944 0 0.1925956032)
(-0.693177795 0 0.2552683245)
(-0.7144064911 0 0.2131174447)
(-0.7501706495 0 0.3286314547)
(-0.8025075715 0 0.3809728915)
(-0.8126461913 0 0.3429292677)
(-0.8332084786 0 0.3969271226)
(-0.8750618985 0 0.4597825797)
(-0.8875364615 0 0.4324417418)
(-0.8896666251 0 0.4709016687)
(-0.9146593334 0 0.4526177381)
(-0.9167911611 0 0.4326526289)
(-0.9381568856 0 0.5989488287)
(-0.9301693823 0 0.6298853194)
(-0.9276342182 0 0.5626202896)
(-0.4957157408 0 -0.1214576292)
(-0.288391597 0 -0.5665225248)
(-0.2862125679 0 -0.4936484699)
(-0.4359618942 0 -0.765907466)
(-0.6616302276 0 -1.071458999)
(-0.6987146881 0 -0.9664834767)
(-0.815476029 0 -1.239792877)
(-0.9013872578 0 -1.273641101)
(-1.017586903 0 -1.236612489)
(-0.9309669948 0 -1.198748995)
(-0.9079714138 0 -1.005475888)
(-1.0743989 0 -1.02574189)
(-0.768889918 0 -0.4237927586)
(-0.9299492138 0 -0.8702756938)
(-1.068350953 0 -0.9362518364)
(-1.249785114 0 -1.107913924)
(-1.47100195 0 -1.265539621)
(-1.642910617 0 -1.334244489)
(-1.604073903 0 -1.32832636)
(-1.69762466 0 -1.335007356)
(-1.795949951 0 -1.335095895)
(-1.800975593 0 -1.327126955)
(-1.948165171 0 -1.32200546)
(-1.897442498 0 -1.226763294)
(-2.18308371 0 -1.315194706)
(-1.691191768 0 -0.6382373994)
(-1.670927707 0 -0.5024507991)
(-3.005016687 0 0.00816296797)
(-2.053222062 0 0.652951775)
(-1.93864527 0 0.4895026159)
(-1.550491825 0 0.8064635714)
(-1.210291609 0 0.8058459324)
(-1.14927139 0 0.6580524002)
(-0.9462522208 0 0.7278789713)
(-0.7432330708 0 0.6244459436)
(-0.7652437425 0 0.5801981984)
(-0.606506131 0 0.5404737245)
(-0.4809998996 0 0.4562819876)
(-0.494102629 0 0.4352008794)
(-0.386712575 0 0.3996580135)
(-0.3374155666 0 0.3792649194)
(-0.3470292381 0 0.3640867459)
(-0.3148750448 0 0.3772557911)
(-0.3006931135 0 0.3785727258)
(-0.3149260209 0 0.3649265874)
(-0.2868822399 0 0.3772011919)
(-0.2706676571 0 0.3717985655)
(-0.2837121492 0 0.3580673629)
(-0.2457728315 0 0.3568477924)
(-0.2511043762 0 0.353984785)
(-0.2306324429 0 0.3254836251)
(-0.2439685228 0 0.3571668865)
(-0.1757587627 0 0.3497101686)
(-0.147605375 0 0.3237392698)
(-0.1100631674 0 0.3984725964)
(-0.1026833893 0 0.4575101145)
(0.02508826548 0 0.8315764799)
(-0.1022784761 0 0.4787118741)
(-0.1016109734 0 0.4870385433)
(-0.02700793079 0 0.6119172432)
(-0.3394778146 0 0.180695134)
(-0.361023512 0 0.178983935)
(-0.3882253728 0 0.0902337907)
(-0.4037459023 0 0.1524597931)
(-0.446196504 0 0.1427573012)
(-0.4927777868 0 0.04522821921)
(-0.5011116824 0 0.1731623125)
(-0.5524147079 0 0.2345215684)
(-0.5799733728 0 0.1607699244)
(-0.6029651028 0 0.3046178119)
(-0.6650396151 0 0.3548284241)
(-0.6772350896 0 0.2975192423)
(-0.7263364374 0 0.4063290348)
(-0.7904358938 0 0.448914406)
(-0.7936455299 0 0.4147086978)
(-0.8236997017 0 0.4374993845)
(-0.8600741411 0 0.4982959208)
(-0.8655800255 0 0.4802451321)
(-0.8523794323 0 0.498036761)
(-0.9221413368 0 0.4707040851)
(-0.9157704373 0 0.4675887638)
(-0.9211693254 0 0.6073215872)
(-0.8742851811 0 0.7059830416)
(-0.9151154187 0 0.6772910177)
(-0.3192627107 0 -0.8840740239)
(-0.4069648151 0 -1.145017476)
(-0.2964972741 0 -0.7299471994)
(-0.465016852 0 -1.233364395)
(-0.4998256129 0 -1.281277298)
(-0.4055041164 0 -0.9720685621)
(-0.5121585806 0 -1.264457814)
(-0.497229243 0 -1.173403079)
(-0.3365262907 0 -0.8676276055)
(-0.4091368011 0 -0.8184771845)
(-0.4655557406 0 -0.8291885475)
(-0.1707610135 0 -0.8599430131)
(-0.5231367158 0 -0.8010133309)
(-0.594300449 0 -0.7449911536)
(-0.7350720206 0 -0.766203836)
(-0.7528119789 0 -0.8100037524)
(-1.057793316 0 -1.076463949)
(-1.279642868 0 -1.180881926)
(-1.364205525 0 -1.333051249)
(-1.613451968 0 -1.499705792)
(-1.659647673 0 -1.401560502)
(-1.88202542 0 -1.653428193)
(-2.014622184 0 -1.631456183)
(-2.022671304 0 -1.466443334)
(-2.223786568 0 -1.572385235)
(-1.935857072 0 -0.7733140963)
(-1.770414732 0 -0.737919007)
(-2.67013679 0 0.02719058871)
(-1.84181681 0 1.082670308)
(-2.059436394 0 0.8638825635)
(-1.491217543 0 1.207511137)
(-1.243756595 0 1.166029324)
(-1.246859228 0 0.9779579756)
(-0.9842407658 0 0.9932664462)
(-0.7030507478 0 0.7350961534)
(-0.7276785725 0 0.6803261752)
(-0.4855873107 0 0.5266385012)
(-0.3683772399 0 0.4284945652)
(-0.4356346998 0 0.4541692529)
(-0.3083785365 0 0.3943296711)
(-0.2815015855 0 0.3919171236)
(-0.3142459882 0 0.387951578)
(-0.2693370886 0 0.3982227068)
(-0.2608637928 0 0.4016957052)
(-0.2830368781 0 0.3907814361)
(-0.2513169927 0 0.3972640114)
(-0.2405194384 0 0.3942852028)
(-0.2576019412 0 0.3837905206)
(-0.2147133975 0 0.3673809788)
(-0.5233189189 0 0.5338969275)
(-0.3555902604 0 0.4236366985)
(-0.7140168222 0 0.7067871932)
(-0.7028090642 0 0.7736419207)
(-0.3955109622 0 0.5246845826)
(-0.5362372533 0 0.6952223813)
(-0.2373310119 0 0.4425424683)
(-0.009342601321 0 0.3494249459)
(-0.03945832082 0 0.2561549656)
(-0.02945151044 0 0.2542271391)
(-0.01495131987 0 0.2875587956)
(-0.2622068351 0 0.2408980523)
(-0.2968127016 0 0.2920056425)
(-0.3333015203 0 0.2512184906)
(-0.3540720645 0 0.3504924535)
(-0.4304830509 0 0.4142316266)
(-0.4227600818 0 0.2707914306)
(-0.5030203123 0 0.4719233144)
(-0.5658835525 0 0.5247523159)
(-0.5369712197 0 0.3486251082)
(-0.6177369675 0 0.5699376931)
(-0.6687701386 0 0.5777693793)
(-0.6577033119 0 0.4426626557)
(-0.7282284543 0 0.552633548)
(-0.8027638671 0 0.5425933148)
(-0.7944018592 0 0.4889616152)
(-0.8185518801 0 0.4816513665)
(-0.8413313552 0 0.5402708173)
(-0.8536883339 0 0.5178188175)
(-0.7900724126 0 0.4559892865)
(-0.9331320796 0 0.439474829)
(-0.9296189552 0 0.4596901065)
(-0.9094312213 0 0.6488750162)
(-0.7447306234 0 0.6597909867)
(-0.8112622148 0 0.7017685878)
(-0.39886528 0 -1.385308833)
(-0.3981250786 0 -1.483149717)
(-0.4496640579 0 -1.387198664)
(-0.4053030578 0 -1.484143041)
(-0.4058713375 0 -1.460658398)
(-0.495280863 0 -1.414427614)
(-0.4046605968 0 -1.400609721)
(-0.3966755148 0 -1.286504288)
(-0.4762189613 0 -1.272262609)
(-0.3971899804 0 -0.6133616162)
(-0.4482423786 0 -1.163505099)
(-0.4643060727 0 -0.9846636829)
(-0.4916758717 0 -1.106140239)
(-0.5250205071 0 -0.9767309069)
(-0.5767038535 0 -0.8702722695)
(-0.5570730589 0 -0.8512184371)
(-0.6125875582 0 -0.8320027583)
(-0.6340809328 0 -0.7536830161)
(-0.7009096148 0 -0.7241124473)
(-0.793964507 0 -0.2505057072)
(-0.822237717 0 -0.8258210911)
(-0.366748364 0 -0.5932234289)
(-0.2958309176 0 0.6766298564)
(-0.9839775599 0 -1.213010717)
(-0.3172636045 0 0.5235044366)
(-0.3318041157 0 0.4275768691)
(-1.255222611 0 -1.078106171)
(0.8012572454 0 0.1516294308)
(0.3251129011 0 0.2028966051)
(-1.19388805 0 1.097187973)
(-0.4485873988 0 0.248192668)
(-0.4119061415 0 0.3186175969)
(-1.181111012 0 1.3350158)
(-0.3297183021 0 0.3464140999)
(-0.273071985 0 0.3523273942)
(-0.6258321619 0 0.7387447266)
(-0.2334950538 0 0.3534121613)
(-0.2079110797 0 0.3619464583)
(-0.2856822269 0 0.3866794427)
(-0.1958985614 0 0.3812435042)
(-0.1943510024 0 0.4055606511)
(-0.2415881812 0 0.3939253126)
(-0.1976848898 0 0.4232100857)
(-0.1998152015 0 0.4289537089)
(-0.2347017174 0 0.4131791492)
(-0.1966219942 0 0.4182082328)
(-0.1891417406 0 0.3866737814)
(-0.2183757997 0 0.4018991384)
(-0.1736295844 0 0.3635692799)
(-0.5395105318 0 0.5907462099)
(-0.6030087398 0 0.60878304)
(-0.8766626092 0 0.9406368917)
(-0.9735673961 0 1.20890139)
(-0.9344962099 0 1.025437001)
(-0.884235081 0 1.303937569)
(-0.6817072279 0 1.18069725)
(-0.5536970346 0 0.8413682162)
(-0.4024123941 0 0.8639567715)
(-0.07950108038 0 0.4880607428)
(-0.03060389117 0 0.3033223264)
(-0.1815577305 0 0.2943582824)
(-0.2153545224 0 0.3414678576)
(-0.2527056969 0 0.314223017)
(-0.3043976601 0 0.4290537594)
(-0.455123153 0 0.573743313)
(-0.4416443152 0 0.5125136974)
(-0.6289807503 0 0.7463773208)
(-0.7818455666 0 0.9101805782)
(-0.6754468022 0 0.7537734953)
(-0.8809253217 0 1.033870887)
(-0.8929191542 0 1.034104977)
(-0.7370180618 0 0.7778920356)
(-0.8431471529 0 0.8632282256)
(-0.8359505305 0 0.7138519554)
(-0.8138582759 0 0.6167137917)
(-0.8197441489 0 0.5466443144)
(-0.7938131367 0 0.5770628734)
(-0.8223721763 0 0.5632509821)
(-0.7177674559 0 0.274921928)
(-0.8881508214 0 0.52796645)
(-0.935479961 0 0.4039557848)
(-0.5543704803 0 0.6543253238)
(-0.2855366736 0 -1.236228442)
(-0.1882151562 0 -0.6067791338)
(-0.2587258672 0 -1.173178111)
(-0.2140810663 0 -1.194349878)
(-0.2116432189 0 -0.8983416627)
(-0.1538380349 0 -1.252035932)
(-0.0706801389 0 -1.32005907)
(-0.02523145616 0 -0.9876659713)
(0.03012703023 0 -1.379706925)
(0.1375146277 0 -1.446426249)
(0.1127765986 0 -1.122380393)
(0.2993655677 0 -1.671533573)
(0.5073994506 0 -2.113287214)
(-0.3571754046 0 -1.437710104)
(0.6973370982 0 -2.622253486)
(0.425118312 0 -1.749199256)
(-0.4574845422 0 -1.204949266)
(0.4057817105 0 -1.675475261)
(0.3076225552 0 -1.519311498)
(-0.5700426073 0 -1.032286339)
(-0.1443050931 0 -0.8472381315)
(-0.9597373415 0 0.4345612522)
(-0.8414033339 0 0.2054324435)
(-0.7482324469 0 0.5061887256)
(-0.6800776706 0 0.5713529396)
(-0.478118509 0 0.5215258739)
(-0.5907690731 0 0.6530343974)
(-0.4673617524 0 0.7398794426)
(-0.3877384017 0 0.6909974237)
(-0.1923725504 0 0.7344369999)
(0.02056411514 0 0.6828539796)
(0.1892433335 0 0.2819538666)
(0.2143397981 0 0.7238838223)
(0.3332443631 0 0.9108879574)
(-0.3727623421 0 0.4019989023)
(0.3347493554 0 1.002599836)
(0.2809452812 0 0.9549969327)
(-0.2426396526 0 0.4287998053)
(0.2119016134 0 0.8534857898)
(0.1418539922 0 0.7453557581)
(-0.1629738273 0 0.4281659352)
(0.07584497052 0 0.6552601648)
(0.01677063932 0 0.5976435446)
(-0.1331468371 0 0.4483182511)
(-0.0372813177 0 0.5621833605)
(-0.07939246935 0 0.5178125563)
(-0.1503290187 0 0.4594448392)
(-0.1023693001 0 0.2763890443)
(-0.01990362605 0 -0.6077828467)
(-0.1755080258 0 0.2182151784)
(0.03674117105 0 -1.080263917)
(0.2467505134 0 1.285637248)
(-0.5039856885 0 0.5481537594)
(0.2448967 0 2.421866128)
(0.2204151197 0 2.697417905)
(-0.8180536143 0 1.429142592)
(0.1971052553 0 2.664490489)
(0.1813952785 0 2.584780248)
(-0.5755023901 0 1.46517732)
(0.1735819454 0 2.583037811)
(0.1724927525 0 2.686382513)
(-0.09852304455 0 0.5436955741)
(-0.1378266656 0 0.4099038831)
(-0.2004224473 0 0.4618395168)
(-0.1945045001 0 0.3902669404)
(-0.3675305087 0 0.5952206729)
(-0.5800971433 0 0.7700926186)
(-0.4980000165 0 0.657308791)
(-0.7658133702 0 0.9330036562)
(-0.9080693137 0 1.070881807)
(-0.8422702024 0 0.9880640469)
(-1.019298997 0 1.201133922)
(-1.114138865 0 1.334311535)
(-1.04394793 0 1.238333209)
(-1.127475402 0 1.320187599)
(-0.9638853525 0 0.9886495629)
(-0.8842986792 0 0.8371167501)
(-0.8904541412 0 0.6123147917)
(-0.7294481638 0 0.6146734349)
(-0.7613434784 0 0.5804984274)
(-0.5723260265 0 0.2249707708)
(-0.2449113549 0 0.6677532173)
(-0.6786505958 0 0.6342832019)
(-0.5516873805 0 0.6786553993)
(0.8276897196 0 -1.999888293)
(0.6365305879 0 -1.973220103)
(0.9891011862 0 -2.162661189)
(1.151379383 0 -2.408622946)
(1.050707561 0 -2.741558056)
(1.315541824 0 -2.620624586)
(1.481434367 0 -2.798093245)
(1.476716823 0 -3.54359721)
(1.641255356 0 -2.931677515)
(1.796252738 0 -3.007036637)
(1.859257513 0 -4.110562471)
(1.9451671 0 -2.990094308)
(2.050644032 0 -2.805098824)
(2.311407731 0 -4.446480375)
(1.92630863 0 -2.27906554)
(0.9026481109 0 -1.032304716)
(1.039806281 0 -1.140211506)
(0.6924958718 0 -0.7338783682)
(0.5235719581 0 -0.5204075264)
(0.9411942422 0 -1.263035305)
(0.2687885949 0 -0.3593214683)
(-0.9512874549 0 0.5897638474)
(-1.020726102 0 0.5205181728)
(-0.8196850498 0 0.7538356344)
(-0.6651675265 0 0.8389362297)
(-0.7118902293 0 0.6545751018)
(-0.5237058567 0 0.8739566543)
(-0.4042199032 0 0.8809615375)
(-0.4854846246 0 0.7614816787)
(-0.3059808647 0 0.8902298729)
(-0.2183646673 0 0.916297261)
(-0.2370361445 0 0.8469222442)
(-0.1191542181 0 0.926706559)
(0.004147196141 0 0.8981681584)
(0.07879495776 0 0.8375061824)
(0.1393297677 0 0.8482125694)
(0.2538067037 0 0.7942612066)
(0.3012471828 0 0.834881887)
(0.2973893907 0 0.7637144931)
(0.2791121226 0 0.7535854154)
(0.2242971067 0 0.7578981915)
(0.2472307557 0 0.7529659334)
(0.2135547803 0 0.7537773735)
(0.1379934555 0 0.6980157229)
(0.1737852641 0 0.7328763266)
(0.1276701812 0 0.6764440013)
(0.03200470385 0 0.6298132084)
(0.06564909149 0 0.5719539517)
(0.003866332521 0 0.4231857374)
(-0.02631846936 0 0.4466374674)
(0.002207025983 0 0.2839144081)
(0.8275405513 0 0.830259712)
(0.50493895 0 0.7460360264)
(1.096474042 0 1.247874908)
(1.070644703 0 1.49749516)
(0.8523114692 0 1.785444853)
(0.9730124917 0 1.670044454)
(0.8441112719 0 1.759233609)
(0.6123704488 0 2.076844646)
(0.6784053681 0 1.69417082)
(0.4910948197 0 1.464433856)
(0.4520264374 0 2.203364989)
(-0.07318674687 0 0.4699908839)
(-0.3864541207 0 0.6628820806)
(-0.2205404776 0 0.5571619966)
(-0.6697748854 0 0.8761095167)
(-0.8596883995 0 1.047857589)
(-0.7024863938 0 0.9031735533)
(-0.9871015175 0 1.178087994)
(-1.077076326 0 1.277929592)
(-0.990195928 0 1.169397891)
(-1.144058424 0 1.361727817)
(-1.201042414 0 1.454186644)
(-1.155272689 0 1.392438029)
(-1.262169752 0 1.549768213)
(-1.182328349 0 1.367390257)
(-1.06807862 0 1.169745163)
(-0.879987088 0 0.6886467975)
(-0.6695591477 0 0.604083244)
(-0.6926105615 0 0.6457756961)
(-0.4924680045 0 0.4690076982)
(-0.2075174933 0 0.2964689579)
(-0.06824510552 0 0.3232549266)
(-0.3485323693 0 0.5652835832)
(-0.2170763803 0 0.4466967188)
(0.6708881691 0 -1.188454259)
(-0.04422752247 0 -0.9770192597)
(-0.1102634418 0 -0.9573936307)
(0.5829409136 0 -1.143735193)
(-0.1548951835 0 -0.8645354758)
(-0.1899507628 0 -0.7815545813)
(-0.09357243031 0 -0.7975833748)
(-0.2013911305 0 -0.6983381763)
(-0.1911362891 0 -0.6315219842)
(-0.2163546303 0 -0.7201893249)
(-0.1687829916 0 -0.5820605734)
(-0.1476500015 0 -0.5410265632)
(-0.2142543164 0 -0.6331307572)
(-0.1433833843 0 -0.4976772384)
(-0.1648421993 0 -0.4436315844)
(-0.2004270159 0 -0.5256100219)
(-0.20845974 0 -0.3717029431)
(-0.2534320145 0 -0.2669039508)
(-0.2167245352 0 -0.3831510987)
(-0.2403634464 0 -0.1246301743)
(-0.2387215626 0 0.2330967099)
(-0.6649752065 0 0.494398784)
(-0.3028960579 0 1.098853296)
(-0.2772107502 0 1.39036989)
(-0.5531768636 0 1.07218691)
(-0.2344476083 0 1.409895523)
(-0.1909704341 0 1.360018753)
(-0.3364924734 0 1.06983122)
(-0.1479910648 0 1.288513882)
(-0.1061433934 0 1.218994337)
(-0.199954562 0 1.013596249)
(-0.06469476587 0 1.168111088)
(-0.01879581857 0 1.155799929)
(-0.07930637912 0 1.043815174)
(0.03949925868 0 1.160687093)
(0.1145327508 0 1.144596732)
(0.1032072863 0 0.9563479341)
(0.199289566 0 1.095342163)
(0.2740550127 0 1.012500622)
(0.2798431861 0 0.8121105918)
(0.3089164338 0 0.9078259337)
(0.2913279154 0 0.7916116429)
(0.2696149152 0 0.7528503729)
(0.2311655696 0 0.6342927627)
(0.1317415736 0 0.3766427783)
(0.1642593804 0 0.55756766)
(0.06279322434 0 0.153689438)
(0.06907753438 0 0.1310633973)
(0.05996815705 0 0.163580278)
(0.08330429882 0 0.1248291101)
(1.085464941 0 0.8180448378)
(1.09783664 0 0.8957864344)
(1.201945419 0 1.041710207)
(1.116149228 0 1.125922969)
(1.192577021 0 1.351073978)
(0.9118385991 0 1.072439307)
(0.6289730017 0 0.8583447977)
(0.8460267913 0 1.349091839)
(0.2535718287 0 0.3992417524)
(0.06620516793 0 0.1208269619)
(0.2579847439 0 0.5788334535)
(-0.6509439752 0 0.7942435624)
(-0.7945508482 0 0.982371599)
(-0.66490055 0 0.8423618501)
(-0.9488855125 0 1.170476918)
(-1.077321922 0 1.325507528)
(-0.9827890438 0 1.186905006)
(-1.172181446 0 1.440338731)
(-1.23780037 0 1.520272451)
(-1.157655326 0 1.393536606)
(-1.280343371 0 1.573315635)
(-1.306932142 0 1.613453483)
(-1.252838473 0 1.528528807)
(-1.330287828 0 1.675034696)
(-1.346488777 0 1.662235444)
(-1.281099826 0 1.540615823)
(-0.831463677 0 0.7861547095)
(-0.4899989872 0 0.4144888711)
(-0.6097340172 0 0.5604452533)
(-0.3036522844 0 0.2392224184)
(-0.22637484 0 0.056787846)
(-0.3022060452 0 0.1630350074)
(-0.1138487787 0 0.2150072589)
(-0.6052631603 0 -0.2360219152)
(-0.04874271296 0 -0.5755977501)
(-0.1637430592 0 -0.69822306)
(-0.0761932357 0 -0.7310286704)
(0.05835951417 0 -0.8560264039)
(-0.0985398546 0 -0.594360774)
(-0.1152619528 0 -0.4954995603)
(0.04093740476 0 -0.6523701551)
(-0.07918761849 0 -0.4472471845)
(-0.01378165062 0 -0.432447022)
(0.05466080561 0 -0.5081863604)
(0.04902131272 0 -0.4333941411)
(0.07153376736 0 -0.4159208136)
(0.02006025661 0 -0.4002725106)
(0.02572728694 0 -0.3732862779)
(-0.08162902903 0 -0.3323291352)
(-0.08342195056 0 -0.3473633201)
(-0.176859852 0 -0.2976227574)
(-0.1992470341 0 -0.2285249894)
(-0.2267675112 0 -0.2091395779)
(-0.1211432169 0 -0.2105720915)
(0.1726358665 0 0.1823039837)
(0.1234969068 0 0.1343051751)
(0.3023890755 0 0.1029341797)
(0.3857247381 0 0.1362749999)
(0.4404288457 0 0.2983798553)
(0.3819300492 0 0.3597008483)
(0.3659529027 0 0.5565033169)
(0.254746777 0 0.835608301)
(0.34718367 0 0.6659205292)
(0.3312362034 0 0.7386339865)
(0.1935235191 0 0.946745006)
(0.336086967 0 0.8051649273)
(0.3077322883 0 0.8818253881)
(0.1966355617 0 0.9881431073)
(0.3101130123 0 0.9347037175)
(0.3405508919 0 0.9474877429)
(0.2655460793 0 1.056745566)
(0.3800264475 0 0.9354679799)
(0.4107322657 0 0.8985738904)
(0.3516060866 0 0.9792234633)
(0.4123977629 0 0.8292837442)
(0.3733327056 0 0.7157362184)
(0.3195268446 0 0.7539399413)
(0.2938772314 0 0.5378749115)
(0.1857931848 0 0.2944638922)
(0.1149670118 0 0.2449898657)
(0.1319470983 0 0.1820020453)
(0.1113357571 0 0.1384227412)
(0.0863892724 0 0.1215241236)
(0.1023187624 0 0.1177243781)
(0.4768611716 0 0.3650030602)
(0.8722246733 0 0.6412633472)
(0.5244486157 0 0.4485473438)
(0.3668099591 0 0.3581439728)
(0.8143693632 0 0.7846409513)
(0.1502161105 0 0.1708464685)
(0.07965911394 0 0.1017785883)
(0.2189574531 0 0.2785253281)
(0.07203884017 0 0.0988977724)
(0.06374710518 0 0.09938019311)
(0.06365464996 0 0.1017684063)
(-1.211096616 0 1.561729679)
(-1.323321983 0 1.704210909)
(-1.187171685 0 1.494241603)
(-1.375616977 0 1.771088397)
(-1.396892603 0 1.796542839)
(-1.321537383 0 1.659305911)
(-1.398303608 0 1.79329218)
(-1.384421097 0 1.768277417)
(-1.35555268 0 1.699546417)
(-1.359589322 0 1.738859755)
(-1.345489968 0 1.751953502)
(-1.370576906 0 1.729835354)
(-1.046584052 0 1.095411722)
(-0.1750458992 0 0.005968027082)
(-0.4659897672 0 0.3074994364)
(0.06553292357 0 0.06049791608)
(0.2273363346 0 0.1735382407)
(-0.1942778286 0 0.1268793642)
(0.1091596871 0 0.4673129881)
(-0.1035432272 0 0.3755721498)
(-0.5121865045 0 -0.02845376341)
(-0.3058889139 0 0.2325717341)
(-0.4155742466 0 0.002013172186)
(-0.2993308677 0 -0.3541453426)
(-0.3059845572 0 -0.3195628334)
(-0.3244366523 0 -0.4420349454)
(-0.2215306864 0 -0.4106309228)
(-0.3583516815 0 -0.433241842)
(-0.3385350008 0 -0.4051089933)
(-0.2351799385 0 -0.3839358346)
(-0.3104965876 0 -0.3579878851)
(-0.3276378303 0 -0.3031695832)
(-0.218939089 0 -0.3440836073)
(-0.3699208218 0 -0.2826166149)
(-0.3837034591 0 -0.2999191331)
(-0.2687085361 0 -0.3755705231)
(-0.3478869387 0 -0.3205182638)
(-0.2423568838 0 -0.3157402521)
(-0.2109567526 0 -0.2938317939)
(-0.08346534098 0 -0.294142201)
(0.2070328305 0 -0.03895060905)
(0.08433383198 0 0.06663238024)
(0.1551763385 0 0.022322079)
(0.3588378803 0 -0.0935703898)
(0.3189033556 0 0.1080584573)
(0.4713392398 0 0.1878338603)
(0.4381622743 0 0.3326489094)
(0.4337249129 0 0.4163704724)
(0.416820419 0 0.4307331085)
(0.4300092397 0 0.5093732774)
(0.4330491616 0 0.6238269973)
(0.3926327511 0 0.5466833124)
(0.1791406183 0 0.403752367)
(0.04056341227 0 0.3676600328)
(-0.03520182536 0 0.2914418449)
(-0.1081593059 0 0.2565590313)
(-0.05215883064 0 0.5182206235)
(-0.07267520985 0 0.325438335)
(-0.02969838757 0 0.4191652097)
(0.1229295959 0 0.6551298713)
(0.01806549955 0 0.4610737285)
(0.08349639437 0 0.4475237445)
(0.2510809453 0 0.564312598)
(0.2055381709 0 0.4139430395)
(0.4337126174 0 0.4427704761)
(0.4575794187 0 0.4770584232)
(0.5298279962 0 0.4811697294)
(0.3972869262 0 0.3863392505)
(0.278387099 0 0.304651754)
(0.2577858541 0 0.2665546268)
(0.1712174174 0 0.1853320552)
(0.1691732265 0 0.1689035071)
(0.1238070589 0 0.1377574668)
(0.09957033849 0 0.1120703509)
(0.1042000682 0 0.1153255688)
(0.08750664326 0 0.1002677184)
(0.07926008734 0 0.09602539032)
(0.07869106346 0 0.09655258192)
(-1.48962701 0 2.029204284)
(-1.480751342 0 2.028752621)
(-1.445175163 0 1.910416445)
(-1.460080721 0 2.000118668)
(-1.426973293 0 1.943087862)
(-1.43857681 0 1.901332762)
(-1.379552894 0 1.857074058)
(-1.315217583 0 1.742582377)
(-1.37610186 0 1.793469994)
(-1.230392093 0 1.600347723)
(-1.130056265 0 1.498587714)
(-1.266167759 0 1.667290673)
(-1.072242398 0 0.8712354445)
(0.2873651307 0 -0.6787127617)
(-0.543325718 0 -0.08524410772)
(0.03705068324 0 0.4938904781)
(0.2505562718 0 0.3034113099)
(0.1844044807 0 0.2702963171)
(0.2537140803 0 0.4630304057)
(0.1348682664 0 0.5824833642)
(0.07473483951 0 0.3657512864)
(0.003223413266 0 0.5429915474)
(-0.128031218 0 0.5212860043)
(-0.4220065104 0 0.2521128451)
(-0.3073347689 0 0.1801042445)
(-0.3853723681 0 -0.3609056706)
(-0.3624080576 0 -0.4387144189)
(-0.3591954566 0 -0.4173184827)
(-0.3091103304 0 -0.3717026653)
(-0.3054539772 0 -0.377855464)
(-0.2687296947 0 -0.3538978189)
(-0.2837617273 0 -0.3330809425)
(-0.2735464554 0 -0.3194327738)
(-0.3400622274 0 -0.3033109992)
(-0.3988877902 0 -0.2920411106)
(-0.4001903366 0 -0.2938147146)
(-0.4225959302 0 -0.3238408814)
(-0.3741707659 0 -0.3898576466)
(-0.3325600964 0 -0.3412801806)
(-0.2870060631 0 -0.4401052251)
(-0.2259991366 0 -0.4791131866)
(-0.01770748528 0 -0.2657294912)
(-0.22674656 0 -0.5163682884)
(-0.2117666316 0 -0.5047910485)
(0.2209447351 0 -0.1946341418)
(-0.1370760464 0 -0.4573298927)
(0.007602894253 0 -0.4193361176)
(0.2814365144 0 -0.2377205006)
(0.1179404691 0 -0.3491692034)
(0.1012941689 0 -0.2602186953)
(0.2576113689 0 -0.03485300261)
(-0.3413775067 0 -0.641585763)
(-1.085223649 0 0.2420580313)
(0.03961501235 0 0.3576834726)
(-0.4503362351 0 -0.2455195292)
(-0.3865453475 0 0.03382519455)
(-0.3043231845 0 0.2129106753)
(-0.3129346806 0 0.2916930512)
(-0.2341482753 0 0.5004718387)
(-0.01452148051 0 0.3708824535)
(-0.178619678 0 0.614807767)
(-0.1293231513 0 0.663893976)
(0.09690418011 0 0.4915378156)
(-0.04503900711 0 0.6666635135)
(0.05246449936 0 0.6618788377)
(0.288704925 0 0.470167572)
(0.1663735999 0 0.6289990575)
(0.2927127692 0 0.5294989081)
(0.451114096 0 0.3988334544)
(0.3457823864 0 0.3540791301)
(0.2597107796 0 0.2421520262)
(0.2171084886 0 0.2184445244)
(0.182315928 0 0.1849526219)
(0.1308278222 0 0.1484137069)
(0.1126631568 0 0.1268601496)
(0.09895688372 0 0.1273383218)
(0.08040538905 0 0.118407808)
(0.08097155067 0 0.09977063871)
(-1.426346453 0 2.134605524)
(-1.382580767 0 2.040462383)
(-1.458547586 0 2.083765271)
(-1.302321145 0 1.857177423)
(-1.197426715 0 1.629941287)
(-1.361264454 0 1.896332824)
(-1.081994189 0 1.403952359)
(-0.9615400964 0 1.197127808)
(-1.183686764 0 1.563418805)
(-0.8272152045 0 0.9889707825)
(-0.687506048 0 0.7575924104)
(-0.9174519542 0 1.156512243)
(-0.6278000841 0 0.631292884)
(-0.5422327414 0 0.5078570449)
(0.4430047035 0 -0.3545394481)
(0.08554755614 0 0.05481081477)
(0.578929063 0 0.1222709986)
(0.448178993 0 0.341264845)
(0.4471470504 0 0.4062454322)
(0.3403106855 0 0.4893598565)
(0.1957889308 0 0.4891059841)
(0.2739370767 0 0.4695059044)
(-0.06145498185 0 0.2181504082)
(0.1150711801 0 0.4228514691)
(-0.3712358655 0 -0.1513428746)
(-0.3951361075 0 -0.3075025113)
(-0.3962338009 0 -0.3935508917)
(-0.4042355477 0 -0.3328181318)
(-0.3722471627 0 -0.3160287717)
(-0.3146637008 0 -0.3682079877)
(-0.3451659795 0 -0.3276013704)
(-0.3772150193 0 -0.3248807547)
(-0.3047140422 0 -0.3365209476)
(-0.4429259588 0 -0.3073809576)
(-0.4970249612 0 -0.3123503098)
(-0.4253567216 0 -0.2940816016)
(-0.535281021 0 -0.3349263029)
(-0.5353534371 0 -0.350124596)
(-0.3920760151 0 -0.4138030031)
(-0.4791322517 0 -0.3600889832)
(-0.3932106397 0 -0.3753461662)
(-0.1510528603 0 -0.4697885993)
(-0.3112099751 0 -0.3864279143)
(-0.2648827707 0 -0.382326607)
(0.0397568037 0 -0.4096379452)
(-0.2493513609 0 -0.3729315137)
(-0.2394274679 0 -0.3636164127)
(-0.03976554873 0 -0.4084714548)
(-0.1672281835 0 -0.3367039919)
(-0.04898162367 0 -0.3087712564)
(-0.1424983796 0 -0.6553223855)
(-0.1613469331 0 -0.3381047585)
(-0.3228336471 0 -0.3648549063)
(-0.1761194762 0 0.1981460391)
(-0.4411595359 0 -0.386695515)
(-0.429871459 0 -0.3702219662)
(-0.3995285087 0 -0.2346445001)
(-0.3862192934 0 -0.3400083941)
(-0.3216703167 0 -0.2872857483)
(-0.2642313348 0 0.313394463)
(0.1902956795 0 0.6312396957)
(0.1962203342 0 0.6993453235)
(-0.1106022146 0 0.6966024194)
(0.1826673708 0 0.6608555146)
(0.2026287354 0 0.629003587)
(0.05687429608 0 0.7144910025)
(0.2684191578 0 0.5868531873)
(0.3536617223 0 0.4874852418)
(0.2596435751 0 0.5820253463)
(0.3852308255 0 0.3462766298)
(0.3180323318 0 0.2573352749)
(0.2928535725 0 0.2615646163)
(0.2420712384 0 0.2131080269)
(0.1873722436 0 0.1904227537)
(0.156946162 0 0.1737794444)
(0.1482425491 0 0.1901015491)
(0.1214168211 0 0.2154880186)
(0.08762650923 0 0.1690210999)
(-0.9977140851 0 1.137636604)
(-0.9389583427 0 1.083570896)
(-0.9208357328 0 1.038510515)
(-0.8553090788 0 0.9954058079)
(-0.7504717624 0 0.8802638191)
(-0.7894940406 0 0.906896703)
(-0.6055918477 0 0.670887267)
(-0.4496279545 0 0.3182744509)
(-0.5524553662 0 0.522586127)
(-0.311527261 0 0.1273163461)
(-0.2207022802 0 -0.04116813252)
(-0.436738696 0 0.2782058836)
(-0.1987525266 0 -0.1298468785)
(0.5717799488 0 0.09999264074)
(0.6654927558 0 0.06713985343)
(0.1648963625 0 0.20718557)
(0.0673478956 0 0.06734829474)
(0.2374670551 0 0.3566601329)
(0.008829825849 0 -0.02513602609)
(-0.0179330313 0 0.08646040202)
(-0.04924185663 0 0.04813435705)
(-0.2239191085 0 -0.1804632542)
(-0.3366242936 0 -0.3092297305)
(-0.3882220972 0 -0.2980818862)
(-0.3567868012 0 -0.248527179)
(-0.3718669649 0 -0.2295592153)
(-0.4059508249 0 -0.2600074698)
(-0.3760559978 0 -0.2527910064)
(-0.4121181019 0 -0.2607294704)
(-0.427187694 0 -0.2940673144)
(-0.473301143 0 -0.2550128817)
(-0.534524553 0 -0.3054627972)
(-0.5354636539 0 -0.3200771843)
(-0.5699148147 0 -0.3685401824)
(-0.5858913242 0 -0.3818271435)
(-0.586333884 0 -0.3659828504)
(-0.5911763567 0 -0.3735942058)
(-0.583897478 0 -0.3625337012)
(-0.5611439374 0 -0.3466106792)
(-0.55648363 0 -0.3535904944)
(-0.4948906495 0 -0.3528305886)
(-0.4451829046 0 -0.3561019503)
(-0.384601502 0 -0.3678527063)
(-0.2401101688 0 -0.3808790267)
(-0.237582337 0 -0.3670871837)
(-0.09511777405 0 -0.3504527119)
(0.05155922692 0 -0.2595122795)
(0.0530081101 0 -0.274003954)
(0.07760931438 0 -0.2342247731)
(-0.1868037162 0 -0.315130621)
(-0.272046987 0 -0.3762216034)
(-0.5116352789 0 -0.4470020987)
(-0.5161343606 0 -0.4618055364)
(-0.4725604563 0 -0.4163425772)
(-0.4868615614 0 -0.4334581758)
(-0.4373370606 0 -0.3968430624)
(-0.3875268336 0 -0.3466733945)
(0.6824131182 0 0.2403255722)
(0.664595935 0 0.2785814472)
(0.5588093041 0 0.457891276)
(0.5964884446 0 0.323208783)
(0.5490993381 0 0.343560939)
(0.4136611534 0 0.4744501601)
(0.5243800009 0 0.3371797492)
(0.4994158486 0 0.3112836419)
(0.4507423805 0 0.3753192704)
(0.4337077617 0 0.2819919506)
(0.348068265 0 0.2461274297)
(0.3362391052 0 0.2527258959)
(0.2759974911 0 0.2114579451)
(0.2243057571 0 0.1885002222)
(0.2110236275 0 0.1935049807)
(-0.5555599366 0 0.6069371862)
(-0.5206175336 0 0.5805726036)
(-0.6417464035 0 0.7537740763)
(-0.4146122039 0 0.3973347928)
(-0.1412371956 0 -0.2113714691)
(-0.3059602545 0 0.05083961855)
(-0.03949146532 0 -0.3753629207)
(-0.06849099642 0 -0.4268604121)
(-0.08437184161 0 -0.2662151113)
(-0.08764718519 0 -0.4001974412)
(-0.1007579214 0 -0.3792298551)
(0.1870314779 0 -0.07484851696)
(-0.08417452943 0 -0.3505030381)
(-0.03059959649 0 -0.2938701513)
(0.04364863153 0 -0.05330040453)
(0.04877435492 0 -0.194263281)
(0.169857625 0 -0.0962491834)
(0.2033677264 0 0.1129454608)
(-0.1038071481 0 -0.3199159876)
(-0.09139286847 0 -0.2427090101)
(-0.2338620602 0 -0.2730483186)
(-0.1341942814 0 -0.1575598206)
(-0.2241636467 0 -0.202387747)
(-0.3004350221 0 -0.2017759495)
(-0.2634348804 0 -0.228709909)
(-0.3017622018 0 -0.2234448094)
(-0.3564825323 0 -0.2345806282)
(-0.3713350242 0 -0.2001000256)
(-0.5137743332 0 -0.3010310837)
(-0.5221290848 0 -0.2961499151)
(-0.5755206132 0 -0.3849775814)
(-0.5958522077 0 -0.3960738059)
(-0.590599069 0 -0.3913232882)
(-0.607866774 0 -0.3936941676)
(-0.6116389767 0 -0.3873243342)
(-0.5952029138 0 -0.3752678391)
(-0.6037712162 0 -0.3771263255)
(-0.5802598748 0 -0.3622300239)
(-0.5332089354 0 -0.3546052501)
(-0.5372206956 0 -0.347711943)
(-0.4792145092 0 -0.3502152056)
(-0.3060508717 0 -0.4100111036)
(-0.4323003904 0 -0.3869049341)
(-0.4181834501 0 -0.4380878038)
(-0.07352589138 0 -0.4200032312)
(-0.4429123827 0 -0.4758676949)
(-0.5017963363 0 -0.5039462779)
(-0.08110090786 0 -0.2135112378)
(-0.5986502621 0 -0.5229222248)
(-0.6040689412 0 -0.5295159842)
(-0.559020971 0 -0.5044967608)
(-0.6051365607 0 -0.5247171755)
(-0.5795039995 0 -0.5049550724)
(-0.4834642922 0 -0.4420835632)
(-0.5072954104 0 -0.4585046611)
(-0.3859253491 0 -0.3656009547)
(0.5352828249 0 0.2351986974)
(0.5010406374 0 0.2077211223)
(0.6116708126 0 -0.00558271805)
(0.5936866502 0 0.2698314519)
(0.6868488117 0 0.4962543459)
(0.7242738401 0 0.5802538128)
(0.3844521379 0 0.316756175)
(0.7740150661 0 0.6497606866)
(0.7725577248 0 0.6802875124)
(0.3536126748 0 0.2388301436)
(-0.5882534576 0 0.6950727301)
(-0.4894733287 0 0.6022017304)
(-0.5351784709 0 0.619757805)
(-0.3028866825 0 0.2832145018)
(0.1824320227 0 -0.2989671247)
(0.02534867966 0 -0.289189167)
(0.1075530286 0 -0.2557486851)
(0.09757043336 0 -0.3071868111)
(-0.008790061047 0 -0.4337169345)
(0.09483704289 0 -0.2720201902)
(0.09139866476 0 -0.2977184012)
(-0.07311125847 0 -0.3991807709)
(0.07863641296 0 -0.3580709412)
(0.05773822261 0 -0.4200751342)
(-0.08350612984 0 -0.4629111456)
(0.04571934619 0 -0.4778563431)
(0.06672551867 0 -0.5326627424)
(0.02353866092 0 -0.5047091391)
(0.08520949057 0 -0.5444436346)
(0.02050099835 0 -0.489828581)
(0.09449180542 0 -0.3957849045)
(-0.1086025459 0 -0.4179783473)
(-0.210298279 0 -0.3473208803)
(-0.1746491151 0 -0.2990692779)
(-0.2917511717 0 -0.3012558441)
(-0.3565424608 0 -0.2983056025)
(-0.2677879284 0 -0.2505372235)
(-0.4138636396 0 -0.3246780404)
(-0.5253931687 0 -0.361482188)
(-0.5203757296 0 -0.3215055388)
(-0.5604977267 0 -0.3846977084)
(-0.5922185097 0 -0.3954064806)
(-0.5967245655 0 -0.396944343)
(-0.6185264337 0 -0.4053939642)
(-0.6373923867 0 -0.4098412418)
(-0.6263879083 0 -0.39911083)
(-0.6459501002 0 -0.4074671385)
(-0.6413143993 0 -0.3979144063)
(-0.6132961332 0 -0.3799420341)
(-0.6188730356 0 -0.3816161968)
(-0.5728510591 0 -0.3612621706)
(-0.5314714422 0 -0.347413864)
(-0.5067303491 0 -0.3493157792)
(-0.4656308589 0 -0.3746376899)
(-0.4829776768 0 -0.3997064042)
(-0.4946621198 0 -0.4353975693)
(-0.5534135612 0 -0.4935453715)
(-0.5691907763 0 -0.5011487744)
(-0.6095391485 0 -0.5413947342)
(-0.6595307412 0 -0.5813102637)
(-0.6373756512 0 -0.5574640635)
(-0.6985662139 0 -0.6103945149)
(-0.7226678298 0 -0.6252364784)
(-0.6609413775 0 -0.5692606777)
(-0.7256457192 0 -0.6213902436)
(-0.6926045874 0 -0.588512265)
(-0.5172269327 0 -0.4697380916)
(-0.5668872528 0 -0.4915146622)
(0.5164647416 0 0.07528283273)
(0.5961287973 0 -0.0869418662)
(0.8397690303 0 0.5403462883)
(0.8219686205 0 0.5944944349)
(0.8076026199 0 0.6075303111)
(0.8056039005 0 0.6195843014)
(0.7962848362 0 0.6399226103)
(0.7739681116 0 0.648451845)
(0.170904938 0 -0.2542729183)
(0.1735869275 0 -0.2866492396)
(0.2129473987 0 -0.3045134119)
(0.1310697695 0 -0.2967226938)
(0.1258351816 0 -0.2860095938)
(0.07957545969 0 -0.3027976766)
(0.1242922402 0 -0.2606746733)
(0.1389888551 0 -0.2571417907)
(0.07118549926 0 -0.2776902877)
(0.1698431076 0 -0.2791468919)
(0.1959554025 0 -0.3030538395)
(0.1158555117 0 -0.3281421889)
(0.1927909149 0 -0.3084092516)
(0.1869342499 0 -0.3468605601)
(0.1316299341 0 -0.4063865587)
(0.153223647 0 -0.3896290958)
(0.1633978179 0 -0.4346450947)
(0.1718588801 0 -0.4776369302)
(0.1636378753 0 -0.4433134752)
(0.04023669089 0 -0.3735374968)
(-0.06548565704 0 -0.3573982622)
(-0.1521045714 0 -0.288579004)
(-0.3440724078 0 -0.2548189692)
(-0.3886514488 0 -0.2913303836)
(-0.4048625758 0 -0.289055162)
(-0.4641300137 0 -0.321760991)
(-0.5011772657 0 -0.3435085725)
(-0.5200716922 0 -0.3565767658)
(-0.5707500123 0 -0.3864736238)
(-0.5835297589 0 -0.3921109937)
(-0.6133433153 0 -0.4097721796)
(-0.6469564256 0 -0.4251052808)
(-0.6443256755 0 -0.4187607379)
(-0.670830846 0 -0.4321316463)
(-0.6836720645 0 -0.4308982114)
(-0.664989924 0 -0.4151121251)
(-0.6826853121 0 -0.4217066283)
(-0.6623294373 0 -0.4047953814)
(-0.6192861849 0 -0.3812494673)
(-0.6132592881 0 -0.3797709127)
(-0.5290670086 0 -0.3489467727)
(-0.4763623539 0 -0.3510634074)
(-0.4461481445 0 -0.3575734739)
(-0.4920197747 0 -0.4439398545)
(-0.5301532191 0 -0.477428466)
(-0.580829426 0 -0.5220888861)
(-0.6654906844 0 -0.5954163831)
(-0.6698519711 0 -0.5951080831)
(-0.7397759908 0 -0.657974343)
(-0.8003466708 0 -0.7055506071)
(-0.768114841 0 -0.6704751439)
(-0.8450642382 0 -0.7358410088)
(-0.8718611788 0 -0.7473335914)
(-0.7950273871 0 -0.6769466234)
(-0.8706595803 0 -0.732769314)
(0.5148494024 0 0.08698998728)
(0.5307046328 0 0.1741318004)
(0.8398231238 0 0.5390495567)
(0.8387946646 0 0.5721578879)
(0.8303207705 0 0.5835468059)
(0.182409004 0 -0.2788171066)
(0.161421532 0 -0.2444478382)
(0.1348321915 0 -0.2488132561)
(0.1580442714 0 -0.214459878)
(0.1922425197 0 -0.2227859791)
(0.2104823523 0 -0.2680031209)
(0.2277797277 0 -0.1850760266)
(0.3108103673 0 -0.2128450912)
(0.260736892 0 -0.2997057501)
(0.2416091354 0 -0.1993376428)
(0.2046766361 0 -0.3285146741)
(0.2008941518 0 -0.3924981905)
(0.1368310888 0 -0.3647396927)
(0.02203823929 0 -0.3000753875)
(0.1237846608 0 -0.3552203722)
(-0.1702932882 0 -0.2069328441)
(-0.2400619791 0 -0.2067472464)
(-0.2927277078 0 -0.219663756)
(-0.3000280746 0 -0.2267698369)
(-0.3776427999 0 -0.2668537907)
(-0.4252469421 0 -0.2968440025)
(-0.4543657595 0 -0.3140007394)
(-0.5251942794 0 -0.359140034)
(-0.5519985037 0 -0.3759664055)
(-0.5868571697 0 -0.3977440098)
(-0.6377979211 0 -0.4273167826)
(-0.6449681157 0 -0.4282157523)
(-0.6775943232 0 -0.4467196238)
(-0.7062808696 0 -0.4558730748)
(-0.6973640373 0 -0.4446184175)
(-0.7232118881 0 -0.4556332442)
(-0.7257707687 0 -0.447969064)
(-0.6978388751 0 -0.4277678641)
(-0.7085460772 0 -0.4365324731)
(-0.6739026153 0 -0.4153466732)
(-0.6044220811 0 -0.3760751325)
(-0.586421656 0 -0.3551035361)
(-0.3747596411 0 -0.2863934103)
(-0.4334850732 0 -0.3851955694)
(-0.4502869878 0 -0.4027588645)
(-0.5804428058 0 -0.5235759674)
(-0.6402015495 0 -0.5759784866)
(-0.7072429165 0 -0.6386143526)
(-0.8169598303 0 -0.7363396576)
(-0.8179301801 0 -0.7289013483)
(-0.8989537322 0 -0.804114162)
(-0.9580733709 0 -0.843405115)
(-0.9256011548 0 -0.8018338441)
(0.2486772353 0 -0.2250640054)
(0.2200762239 0 -0.2301103038)
(0.1619630378 0 -0.1816572186)
(0.1541292803 0 -0.04826006122)
(0.2396688153 0 -0.137068997)
(0.2827600185 0 -0.184741524)
(0.3187716392 0 0.130394912)
(-0.1106979348 0 -0.1132547082)
(0.06557492479 0 -0.1246763819)
(-0.1051145167 0 -0.2695620703)
(-0.09523690621 0 -0.1932589242)
(-0.1291492126 0 -0.2154683447)
(-0.1035445513 0 -0.1811125001)
(-0.1267839154 0 -0.1755453541)
(-0.1790586474 0 -0.185497392)
(-0.1740784435 0 -0.1780796211)
(-0.2485583981 0 -0.1979277435)
(-0.3186242682 0 -0.2317936721)
(-0.3401714077 0 -0.2420220117)
(-0.4353052854 0 -0.2997336208)
(-0.4876280208 0 -0.334341467)
(-0.5248520365 0 -0.3579268237)
(-0.602130712 0 -0.4082061236)
(-0.6242984939 0 -0.421263845)
(-0.6637538434 0 -0.4459583452)
(-0.7099843812 0 -0.4694959826)
(-0.7105302292 0 -0.4643246478)
(-0.7426829364 0 -0.4794285909)
(-0.7626633891 0 -0.4780171906)
(-0.7470443124 0 -0.46472738)
(-0.762954381 0 -0.4776891644)
(-0.7634755088 0 -0.4808950343)
(-0.726475408 0 -0.451582227)
(-0.7530028024 0 -0.4548559511)
(0.7500523017 0 0.428211356)
(-0.9665083036 0 0.0130249889)
(0.5092040435 0 0.6604652165)
(0.4526292831 0 0.3894377008)
(-0.4548569493 0 -0.406624427)
(-0.1911575847 0 -0.03630611994)
(-0.2287767894 0 0.1070925866)
(-0.7820391309 0 -0.7122093434)
(-0.05763146727 0 -0.2023535241)
(-0.05382556347 0 -0.1750122002)
(-0.0664401745 0 -0.1842195711)
(-0.05286285586 0 -0.164957341)
(-0.05736445919 0 -0.1582578924)
(-0.08544881356 0 -0.1688222066)
(-0.07249930101 0 -0.1583500728)
(-0.1017527695 0 -0.1660644689)
(-0.1717984135 0 -0.1768637854)
(-0.1624705442 0 -0.1792749016)
(-0.2651193281 0 -0.2075806622)
(-0.3630427976 0 -0.2546559139)
(-0.3841635891 0 -0.2678659952)
(-0.5063356727 0 -0.3449013518)
(-0.5663738195 0 -0.3848632968)
(-0.6115996481 0 -0.4155082235)
(-0.6899500644 0 -0.4656141161)
(-0.7039588674 0 -0.4705310435)
(-0.7425905264 0 -0.4929627644)
(-0.7800404083 0 -0.4949784951)
(-0.7734966691 0 -0.4879969565)
(-0.7873264385 0 -0.4971760502)
(-0.8037570104 0 -0.5239565852)
(-0.7887383071 0 -0.5048270295)
)
;

boundaryField
{
    dominio_ascii
    {
        type            zeroGradient;
    }
    wallFilmFaces_top
    {
        type            fixedValue;
        value           uniform (0 0 0);
    }
    region0_to_wallFilmRegion_wallFilmFaces
    {
        type            slip;
    }
}


// ************************************************************************* //
