/*--------------------------------*- C++ -*----------------------------------*\
| =========                 |                                                 |
| \\      /  F ield         | OpenFOAM: The Open Source CFD Toolbox           |
|  \\    /   O peration     | Version:  2.1.x                                 |
|   \\  /    A nd           | Web:      www.OpenFOAM.org                      |
|    \\/     M anipulation  |                                                 |
\*---------------------------------------------------------------------------*/
FoamFile
{
    version     2.0;
    format      ascii;
    class       surfaceScalarField;
    location    "2";
    object      phi;
}
// * * * * * * * * * * * * * * * * * * * * * * * * * * * * * * * * * * * * * //

dimensions      [1 1 -1 0 0 0 0];

internalField   nonuniform List<scalar> 
5536
(
4.458367449e-10
-9.166856873e-09
-7.993737081e-11
1.142068318e-10
-2.71935265e-10
-7.147372726e-11
6.040076115e-11
-4.235696415e-10
-6.059022559e-11
-4.374719149e-13
-9.739731697e-10
7.552844615e-11
-2.616404055e-10
-3.520162183e-09
-8.621660895e-08
-2.186560992e-08
1.087578862e-08
-8.838869924e-08
6.41431039e-09
9.144595013e-08
1.132339985e-08
-9.496547958e-08
-7.100975555e-09
5.769736455e-08
4.155759562e-09
-5.893346355e-08
2.853051749e-10
1.581241091e-08
-6.210054678e-09
-2.119888065e-08
-7.679222243e-11
3.208494887e-10
1.759207073e-10
-5.030309216e-10
-1.46138909e-10
6.562588818e-10
1.616717304e-10
-1.255580253e-09
-2.053132603e-10
1.480493911e-09
1.130091058e-10
-2.284133406e-09
-1.719487142e-10
3.268847468e-09
2.83184255e-10
-2.733473394e-09
-7.818800355e-11
6.065543327e-10
-1.511966329e-10
-5.02840187e-10
2.251738048e-10
5.931833405e-10
-4.108691572e-10
2.805352308e-10
-2.627078554e-10
-3.508409694e-10
-4.459515378e-10
3.815318356e-10
-3.692141549e-08
-1.588871793e-08
6.297911424e-08
8.094392416e-09
-4.990971072e-08
-1.662760921e-08
7.006769874e-08
1.637003846e-08
-6.739698423e-08
-1.669381898e-08
8.991068673e-08
1.641528343e-08
-9.13782811e-08
-1.472354119e-08
9.980436e-08
1.278895848e-08
-1.063979696e-07
-8.435412843e-09
5.924964678e-08
4.681008385e-09
-5.859955493e-08
7.635459437e-10
2.883486254e-08
-9.092486327e-09
-3.40477704e-08
3.764325146e-09
1.333247279e-09
2.745593291e-11
-5.260919225e-09
-3.382017201e-10
2.547543346e-09
5.688182633e-10
-4.366287265e-09
-6.402434176e-10
2.940852194e-09
4.835066856e-10
-3.008368063e-09
-4.515398433e-10
1.963658512e-09
2.41775944e-10
-1.357730862e-09
-6.681220717e-11
4.153950588e-10
-6.344744681e-11
-3.788630929e-10
1.512756092e-10
3.536990356e-10
-2.116827157e-10
-3.321102256e-10
2.530954166e-10
3.629330961e-10
-2.811332589e-10
-3.259737251e-10
2.989799203e-10
5.585706571e-10
-3.379650904e-10
-5.626373685e-10
5.025292743e-10
-1.46876686e-09
1.268650339e-09
-8.360165712e-10
4.925506353e-09
-1.094768053e-08
-4.619803869e-09
3.031440044e-08
1.098935366e-08
-2.648731936e-08
-1.341632289e-08
4.596320958e-08
1.456813577e-08
-4.198965301e-08
-1.506917304e-08
6.492585361e-08
1.582959568e-08
-6.247080668e-08
-1.702835755e-08
9.303856377e-08
1.787852501e-08
-9.471078546e-08
-1.768293505e-08
1.142824039e-07
1.680429475e-08
-1.222861507e-07
-1.219587674e-08
5.782811477e-08
5.684608454e-09
-5.905606835e-08
1.657630337e-09
3.122540348e-08
-7.982882231e-09
-2.219327919e-08
1.018716709e-08
1.380731891e-08
-9.332252092e-09
-1.844507145e-08
6.196430141e-09
6.866905849e-09
-2.145696163e-09
-1.171413442e-08
-6.387037751e-11
2.778994924e-09
3.605296545e-10
-2.588580057e-09
-2.506670455e-10
1.005377248e-09
1.345458417e-10
-8.422873612e-10
-4.868008846e-11
3.982702189e-10
-3.358266719e-11
-4.691742121e-10
1.353549018e-10
3.462320906e-10
-2.26458853e-10
-3.904244607e-10
2.72046445e-10
3.170540905e-10
-2.93082096e-10
-3.250838342e-10
2.961619128e-10
6.008392405e-10
-3.514059083e-10
-6.817956021e-10
4.726779827e-10
1.128076935e-09
-5.794862854e-10
-9.480329438e-10
6.97667158e-10
2.803072188e-09
-1.466803596e-09
1.268284713e-09
-9.076803855e-10
-2.032241254e-09
-3.985727369e-09
1.716581013e-09
5.35300252e-10
-8.122189493e-10
-1.699304173e-09
8.739731364e-09
3.466314791e-09
-6.413221215e-09
-5.993752518e-09
2.271390311e-08
8.888129758e-09
-1.904906651e-08
-1.121701658e-08
3.798113441e-08
1.26163188e-08
-3.406188335e-08
-1.361020951e-08
5.985160895e-08
1.519821e-08
-5.688672047e-08
-1.747580837e-08
9.59671833e-08
1.952685519e-08
-9.631161905e-08
-2.078569209e-08
1.289629447e-07
2.09181881e-08
-1.336256987e-07
-1.567655376e-08
6.494117498e-08
6.43853949e-09
-7.675181779e-08
2.510686626e-09
1.370405397e-08
-4.613688387e-09
-9.269866461e-09
6.253811788e-09
1.50287982e-08
-8.665383753e-09
-9.131398566e-09
1.217278087e-08
1.707991439e-08
-1.455371939e-08
-1.689768303e-08
9.428241979e-09
2.762544383e-09
-1.281127724e-09
-3.674343977e-09
-1.552787229e-10
8.035103348e-10
1.119347842e-10
-8.461916011e-10
-5.507931047e-11
5.98021807e-10
-2.205435145e-11
-7.966861009e-10
1.593466301e-10
4.658173596e-10
-3.74226952e-10
-6.097900721e-10
4.073763139e-10
3.474665694e-10
-4.130222794e-10
-4.076272652e-10
3.711209671e-10
8.514566027e-10
-4.779364826e-10
-1.155989182e-09
5.281854625e-10
9.462243549e-10
-5.387740764e-10
-1.079847518e-09
5.459211453e-10
1.138201038e-09
-5.811076473e-10
-1.038842862e-09
7.004860423e-10
2.639224206e-09
-1.017485583e-09
-2.061114365e-09
1.751509985e-09
-6.105400904e-09
-3.048166652e-09
8.794402879e-11
6.51792838e-11
-3.357926754e-11
-1.272805847e-10
3.546778654e-10
2.452623379e-10
-1.471909943e-10
-5.189527928e-10
4.218740062e-09
1.633810739e-09
-2.298623267e-09
-3.674287931e-09
1.548442343e-08
6.514346462e-09
-1.209916163e-08
-9.005018552e-09
3.053208906e-08
1.079598036e-08
-2.819659083e-08
-1.187676549e-08
5.339465039e-08
1.411657258e-08
-4.924691031e-08
-1.737249597e-08
9.550201926e-08
2.033907576e-08
-9.372928982e-08
-2.202377105e-08
1.371246368e-07
2.141153081e-08
-1.412651912e-07
-1.5531847e-08
9.300729736e-08
5.612182323e-09
-1.104905929e-07
4.487727603e-09
8.165645089e-09
-6.29716342e-09
-8.145573799e-09
4.239423833e-09
4.843945847e-09
-4.033586591e-09
-2.369649644e-09
5.428042262e-09
1.13885927e-08
-8.671810828e-09
-5.548297819e-09
1.112476362e-08
4.27961e-09
-5.835520194e-09
-3.104018089e-09
1.12768413e-10
9.271801958e-10
1.208693003e-10
-9.935138989e-10
-6.304709234e-11
1.060121424e-09
-3.773945763e-11
-1.361126973e-09
2.180262492e-10
1.012515794e-09
-5.805419416e-10
-2.197547576e-09
6.549322158e-10
5.986071121e-10
-8.526844661e-10
-1.270446605e-09
6.728167618e-10
1.627343857e-09
-8.010459924e-10
-2.37047042e-09
8.513590801e-10
1.309677376e-09
-8.19854134e-10
-1.64206973e-09
7.541647518e-10
1.045390402e-09
-6.888009194e-10
-1.10830072e-09
6.640719793e-10
1.68723904e-09
-7.71139542e-10
-1.432614234e-09
1.180013262e-09
4.771407118e-09
-2.099641407e-09
-3.974302236e-09
3.435785886e-09
-4.442723772e-09
-3.906089823e-09
1.190816033e-10
-1.090445241e-10
3.914723497e-11
7.441416993e-13
1.15133362e-11
1.632713575e-13
-1.316080952e-11
5.323732293e-11
4.46532539e-11
8.656035491e-12
-1.112276063e-10
8.201449193e-10
3.225456113e-10
-3.104256575e-11
-1.155123091e-09
9.050380928e-09
3.977109762e-09
-6.293022593e-09
-7.693810653e-09
2.81922609e-08
1.077290103e-08
-2.952209559e-08
-9.707366851e-09
4.443578139e-08
1.192250261e-08
-3.912202299e-08
-1.617494563e-08
9.127173252e-08
2.015832206e-08
-8.800867033e-08
-2.260274657e-08
1.471218871e-07
2.172380474e-08
-1.541277683e-07
-1.547361031e-08
1.257984145e-07
6.99099617e-09
-1.36829738e-07
2.245219652e-09
6.29107324e-09
-4.889567866e-09
-2.794610575e-09
-1.216849977e-10
1.055561129e-09
2.627533691e-10
-9.587656256e-10
-1.894802727e-10
1.994451181e-09
1.185518679e-10
-1.517923343e-09
-2.752298155e-11
1.668361851e-09
1.09097342e-10
-1.226944127e-09
-1.073131507e-10
9.966393248e-10
3.86974222e-11
-9.149784374e-10
7.136666324e-11
1.58882189e-09
-2.43664359e-10
-1.615509659e-09
6.766866542e-10
4.044109018e-09
-1.581510267e-09
-5.354431737e-09
2.721906032e-09
3.759117584e-09
-3.155091658e-09
-8.671756152e-09
2.99448512e-09
3.850231168e-09
-2.622086781e-09
-7.030324991e-09
2.228478323e-09
2.169053293e-09
-1.748184417e-09
-3.153253339e-09
1.333262779e-09
1.211202523e-09
-1.021742108e-09
-1.362143362e-09
8.09329536e-10
1.248295872e-09
-7.410332168e-10
-1.107422963e-09
9.311111142e-10
3.31252354e-09
-1.544366221e-09
-2.705941802e-09
2.650983876e-09
4.585095146e-09
-4.495004669e-09
3.950973834e-09
-3.79678155e-09
5.872199557e-11
-4.227329408e-11
-9.467269595e-09
-8.902062028e-09
8.537245776e-09
9.895001137e-09
-2.782972763e-09
-8.062859103e-09
5.098163537e-09
5.79311402e-09
-8.124988851e-10
-3.859609452e-09
2.262543059e-09
2.429047505e-09
-2.069322046e-10
-1.455052039e-09
8.394738501e-10
8.305285651e-10
8.655886537e-10
-3.268165583e-10
1.833786716e-10
-5.051838261e-09
2.605395654e-08
1.087029557e-08
-1.459014189e-08
-6.880426086e-09
3.359481158e-08
7.329481974e-09
-2.797959615e-08
-1.295847549e-08
8.370968223e-08
1.884874911e-08
-7.87666894e-08
-2.330632658e-08
1.612603147e-07
2.447507581e-08
-1.686310003e-07
-1.895074442e-08
1.448281307e-07
8.9916826e-09
-1.532884436e-07
-3.404250653e-09
4.463558918e-09
1.765709655e-09
-9.119787045e-09
-5.986754864e-10
9.327176309e-10
3.031790207e-10
-1.358630328e-09
-1.398434156e-10
1.475063193e-09
8.155957415e-11
-2.785787685e-09
1.539512287e-11
7.991193293e-10
1.97442995e-11
-4.619387365e-10
1.58727305e-12
7.502381593e-10
-1.085835542e-10
-5.476643708e-10
2.432295161e-10
1.409126942e-09
-4.365126174e-10
-1.051063463e-09
9.587568514e-10
5.325849845e-09
-2.151128114e-09
-4.098929081e-09
4.472013517e-09
1.303920082e-08
-8.007072354e-09
-1.325750355e-08
1.163052841e-08
1.268645091e-08
-1.260787892e-08
-1.858173567e-08
1.049736147e-08
5.113096241e-09
-6.823440324e-09
-8.527489682e-09
3.75145713e-09
1.597471872e-09
-1.990964469e-09
-1.984352514e-09
1.13986372e-09
1.002079925e-09
-7.987461438e-10
-9.391780755e-10
8.082367133e-10
2.154645176e-09
-1.172514507e-09
-1.747500666e-09
1.958735171e-09
3.997670091e-09
-3.055881728e-09
-3.400951272e-09
3.895085499e-09
2.546241517e-09
-2.78129939e-09
3.084575196e-09
-3.835043705e-09
-3.955905524e-11
1.077583553e-10
2.39427899e-11
-8.920979713e-11
-5.872771065e-09
-1.908596241e-09
3.54619321e-09
4.267407117e-09
-5.881241067e-09
-5.823762959e-09
5.433248677e-09
6.320821562e-09
-3.672481391e-09
-5.981820415e-09
4.540156913e-09
5.163318685e-09
-1.805791939e-09
-4.161415363e-09
2.356234492e-09
3.29218415e-09
-5.683481532e-10
-2.000603133e-09
8.044982598e-10
-1.981152565e-09
3.5685074e-09
1.937690137e-09
-8.801735601e-11
-5.516488251e-10
2.072275255e-08
-2.757140979e-09
-1.224639247e-08
-4.317347844e-10
7.372104386e-08
1.416640657e-08
-6.861327631e-08
-2.152760042e-08
1.762516936e-07
2.646607095e-08
-1.836747083e-07
-2.368159508e-08
1.627334447e-07
1.774141209e-08
-1.719755901e-07
-1.24113837e-08
1.622564252e-08
6.577262339e-09
-2.354509898e-08
-3.017719943e-09
2.82846657e-09
1.244190876e-09
-5.100548164e-09
-2.645752949e-10
7.027394677e-09
2.349548684e-10
-1.268125949e-08
2.454845933e-10
3.390901004e-10
-5.797703393e-11
-6.595870301e-10
5.60397344e-11
4.007184889e-10
-1.261704393e-10
-4.277564196e-10
2.12085013e-10
7.059901473e-10
-3.064092354e-10
-5.429878051e-10
5.943821141e-10
2.568621147e-09
-1.170158023e-09
-1.5171134e-09
2.340538493e-09
9.811393648e-09
-4.793515361e-09
-5.735009416e-09
9.368018346e-09
2.035615645e-08
-1.536514989e-08
-1.685673738e-08
1.927542578e-08
1.276343371e-08
-1.749404518e-08
-1.552575744e-08
1.115843483e-08
2.596166721e-09
-5.14612943e-09
-3.426916189e-09
2.03787117e-09
9.367935813e-10
-1.018025433e-09
-1.017535824e-09
8.821297243e-10
1.574105237e-09
-1.159064314e-09
-1.662425751e-09
1.770032941e-09
3.052243363e-09
-2.671331235e-09
-3.180351787e-09
3.580670493e-09
2.810690884e-09
-3.913182583e-09
-3.072352418e-09
3.312016069e-09
-1.104265823e-09
-2.354577491e-09
-9.137092027e-13
-5.988302055e-11
9.838465258e-12
-1.112119657e-11
-1.160886981e-12
2.468812688e-12
-1.949910219e-09
-3.632560044e-10
1.000285766e-09
1.323026625e-09
-4.366168058e-09
-2.610573444e-09
3.171268347e-09
3.83295045e-09
-4.733411174e-09
-4.70650516e-09
4.362110088e-09
5.114931139e-09
-1.038120273e-08
-3.847993586e-09
7.84996527e-09
-3.952757938e-09
-1.572975249e-09
7.780699583e-09
5.272577686e-09
-3.270366523e-09
-6.728287986e-11
8.815169666e-10
1.59888045e-09
-2.217653653e-10
5.595828786e-09
-1.034072809e-09
1.85088097e-10
-2.463978809e-09
6.122788463e-08
8.483463546e-09
-5.605597209e-08
-1.508871628e-08
1.894998749e-07
2.37236235e-08
-1.913789917e-07
-2.842414723e-08
1.794434769e-07
2.842553242e-08
-1.842956141e-07
-2.175091944e-08
2.916830662e-08
1.09375134e-08
-3.328848985e-08
-4.962661754e-09
6.944046717e-09
2.357744127e-09
-8.011895922e-09
-9.958624497e-10
1.585105697e-08
1.635567557e-10
-1.577500036e-08
1.009015421e-09
2.06431156e-09
-9.551434275e-10
-5.013137439e-09
7.053936014e-10
7.510610073e-10
-6.204020759e-10
-1.440964666e-09
5.065281837e-10
6.328767996e-10
-4.311706946e-10
-9.002281618e-10
5.376917397e-10
1.031694997e-09
-6.753189482e-10
-8.664451046e-10
9.600972965e-10
3.045896647e-09
-1.603075408e-09
-1.703126613e-09
3.11849595e-09
1.110937572e-08
-6.414205962e-09
-6.354897903e-09
1.157700282e-08
1.487927437e-08
-1.567832249e-08
-1.147448298e-08
1.462030864e-08
4.209856257e-09
-8.952604322e-09
-4.341586245e-09
3.869376677e-09
1.182168041e-09
-1.778139186e-09
-1.33545706e-09
1.439627986e-09
1.907747924e-09
-1.823209938e-09
-2.04363928e-09
2.646627506e-09
3.696579094e-09
-3.8505638e-09
-4.073090195e-09
5.195785708e-09
3.84564358e-09
-5.95441836e-09
-4.92171283e-09
5.26752979e-09
1.055070321e-09
-1.728369764e-09
1.874348175e-09
-3.422535422e-09
2.571453953e-12
-2.505293483e-12
-6.281622262e-12
5.250340187e-12
3.799754575e-12
-4.391421488e-12
-4.787864584e-12
-4.832283087e-10
-5.903534061e-11
2.246303302e-10
3.211528321e-10
-2.121310453e-09
-8.822289e-10
1.321829421e-09
1.692618183e-09
-3.66897348e-09
-2.600397946e-09
2.86672944e-09
3.43104374e-09
-5.22736025e-09
-4.02525983e-09
4.071570093e-09
4.167250917e-09
-7.522186248e-09
-3.511967136e-09
5.64927588e-09
1.622143449e-09
-6.055109026e-09
9.749211694e-10
1.378116921e-08
9.040623885e-10
-2.355623012e-09
-3.610104769e-09
-2.395577466e-09
8.731400242e-09
5.228925139e-08
-1.413234284e-08
-4.994043979e-08
1.057630248e-08
1.863470527e-07
8.974568409e-09
-1.706627933e-07
-2.904124614e-08
1.868519357e-07
3.55196077e-08
-1.879672702e-07
-2.695532243e-08
3.749300663e-08
1.286972215e-08
-4.36512365e-08
-5.57272401e-09
8.638539265e-09
2.794619731e-09
-9.298285419e-09
-1.459263924e-09
1.35648268e-08
-8.490276823e-11
-1.051815058e-08
1.13158336e-09
8.090413707e-09
-1.743014436e-09
-9.849012239e-09
2.166647634e-09
2.560402343e-09
-2.043203146e-09
-4.253120062e-09
1.577346871e-09
1.190533447e-09
-1.20526726e-09
-1.398038683e-09
1.002311351e-09
8.229946404e-10
-8.810119006e-10
-7.99202763e-10
8.234921541e-10
1.065168613e-09
-8.915117938e-10
-7.280789842e-10
1.2043183e-09
3.488841739e-09
-2.062611287e-09
-1.965707942e-09
3.97767911e-09
7.55041116e-09
-6.682017622e-09
-4.446197127e-09
8.010685819e-09
3.513269915e-09
-6.370605345e-09
-2.25803783e-09
3.64917366e-09
1.302298631e-09
-2.096021614e-09
-1.07216853e-09
1.711779704e-09
1.872801072e-09
-1.954533708e-09
-1.480402395e-09
2.623587608e-09
3.816567049e-09
-3.771215403e-09
-3.051064452e-09
5.458599557e-09
5.584338569e-09
-7.296279798e-09
-5.383744681e-09
8.027332646e-09
2.512841454e-09
-3.381226595e-09
3.790199151e-09
-6.50040329e-09
4.662505962e-12
1.161497875e-11
-5.40463482e-12
-1.05633505e-11
5.55621978e-12
8.867162803e-12
-1.006089986e-11
-4.079272992e-12
-9.926734294e-11
-2.27859338e-11
5.979027675e-12
1.210238177e-10
-7.685125857e-10
-3.783322954e-10
3.21578279e-10
8.55323237e-10
-2.074931927e-09
-1.566790627e-09
1.248882348e-09
2.491552281e-09
-3.272560709e-09
-3.600391866e-09
2.253157576e-09
4.840217689e-09
-3.955856757e-09
-6.131449991e-09
2.800126989e-09
7.028507392e-09
-1.185855463e-08
-9.801116533e-09
-2.961854341e-09
2.380396565e-08
1.407063629e-08
-3.061695662e-08
-1.467132114e-08
3.353066005e-08
4.132107286e-08
-3.146288061e-08
-2.757708752e-08
2.666012692e-08
1.420494617e-07
-8.225372423e-09
-1.089931532e-07
-2.454418485e-08
1.880869965e-07
3.655771754e-08
-1.865429289e-07
-2.86730511e-08
5.312940325e-08
1.600905891e-08
-6.610377825e-08
-7.838809267e-09
1.046443922e-08
3.891051844e-09
-1.264901222e-08
-1.862278988e-09
7.660470568e-09
1.409021284e-10
-5.821881717e-09
6.97969807e-10
1.029879204e-08
-1.541419918e-09
-9.918670686e-09
2.817430045e-09
6.446840143e-09
-3.645932259e-09
-8.696796178e-09
3.001018579e-09
1.498578914e-09
-2.101720083e-09
-1.515511794e-09
1.493621592e-09
7.419739105e-10
-1.138791922e-09
-6.171156042e-10
8.851045492e-10
5.188181425e-10
-7.101642783e-10
-3.569184149e-10
6.569726435e-10
1.161085797e-09
-8.199317428e-10
-7.132137483e-10
1.357631218e-09
2.330635693e-09
-2.12487077e-09
-9.886199944e-10
2.3990287e-09
1.177253657e-09
-1.921911142e-09
-5.3708532e-10
1.35053242e-09
7.64053171e-10
-1.057697288e-09
-4.899865875e-10
1.007509483e-09
1.056517366e-09
-1.135176281e-09
-7.159696591e-10
1.446552463e-09
2.199827347e-09
-2.038710752e-09
-1.522051658e-09
3.098839889e-09
4.606956294e-09
-4.737754435e-09
-3.657898257e-09
6.466736981e-09
4.190861876e-09
-7.060709743e-09
-4.688755984e-09
6.18931042e-09
2.423719496e-09
-3.644462977e-09
-5.103564433e-09
1.717587861e-11
4.181103871e-12
-4.921153088e-12
-1.550810989e-11
2.168522674e-11
1.279708324e-11
-5.124210584e-11
1.840802039e-11
9.951523267e-11
-7.069426566e-11
-1.793274525e-10
1.588231158e-10
2.174552246e-10
-3.301476832e-10
-5.447804793e-10
6.644250586e-10
2.878757308e-10
-1.251290538e-09
-1.216388616e-09
2.157417291e-09
2.193000873e-10
-3.427732464e-09
-2.407264835e-09
5.245753318e-09
3.234579269e-09
-8.524637112e-09
-8.370569601e-09
1.259809326e-08
6.646539379e-09
-1.513551163e-08
-8.163289545e-09
1.595016715e-08
9.526833885e-09
-1.431101226e-08
-4.243001177e-09
1.018220091e-08
1.060702351e-08
-5.009988504e-09
-2.768881243e-09
9.962100994e-09
7.711910816e-08
-1.283977987e-08
-4.876269571e-08
-1.092032986e-08
1.811099862e-07
2.6828019e-08
-1.688601367e-07
-2.620821605e-08
8.115776939e-08
2.045067332e-08
-9.580624649e-08
-1.292120372e-08
1.65562471e-08
6.82281963e-09
-2.305737397e-08
-2.991538161e-09
5.594080686e-09
7.514660674e-10
-7.524902778e-09
2.252013581e-10
9.11881244e-09
-1.10162165e-09
-8.172939988e-09
2.633529196e-09
1.039936027e-08
-4.453485303e-09
-1.099943497e-08
4.051661697e-09
1.500923169e-09
-2.448384908e-09
-1.358852684e-09
1.454983938e-09
3.936376698e-10
-6.939920242e-10
-5.684780098e-11
2.411400235e-10
2.033341214e-10
-9.098873252e-11
-1.392473846e-10
7.902633822e-11
4.316297212e-10
-1.27780156e-10
-2.438687786e-10
2.251225666e-10
2.908181284e-10
-2.941041689e-10
-1.21935822e-10
3.357483109e-10
2.470095482e-10
-3.462317433e-10
-1.246628073e-10
3.435972821e-10
2.963235458e-10
-3.584243723e-10
-1.969459414e-10
4.108588691e-10
4.910980448e-10
-5.142612461e-10
-3.824102834e-10
6.926895846e-10
1.065627797e-09
-9.96755256e-10
-7.909871759e-10
1.533124809e-09
2.700104436e-09
-2.451245603e-09
-1.800939963e-09
3.709311303e-09
4.415376334e-09
-4.87812083e-09
-3.152203651e-09
5.707436751e-09
4.797676601e-09
-4.40550406e-09
-6.363475929e-09
5.201619127e-13
-6.083069617e-13
1.979562831e-14
-2.201387485e-12
9.818086618e-12
-1.998724956e-11
1.335863974e-11
7.860300984e-11
-4.996183609e-11
-1.448164491e-10
1.222790261e-10
3.127344402e-10
-2.698039713e-10
-5.628083118e-10
5.361484115e-10
9.03601631e-10
-9.489605228e-10
-1.430328949e-09
1.508098608e-09
1.817238794e-09
-2.184826342e-09
-2.51056004e-09
2.928904474e-09
3.659844677e-09
-3.742487963e-09
-4.565218903e-09
4.98376369e-09
1.050737243e-08
-7.238591674e-09
-1.052269739e-08
8.857918544e-09
7.559589922e-09
-8.013845914e-09
-6.958056197e-09
5.402466412e-09
2.790378078e-09
-3.128542317e-09
-2.840578181e-09
2.128861765e-09
1.984361382e-09
-2.096420927e-09
-3.229248945e-09
3.609575901e-09
2.982444855e-08
-8.020315123e-09
-1.826056801e-08
7.768885824e-09
1.484118604e-07
7.781925222e-09
-1.211881406e-07
-1.928968551e-08
1.078566703e-07
2.230941222e-08
-1.163200622e-07
-1.874433328e-08
3.274527414e-08
1.266979793e-08
-4.527150699e-08
-7.097005169e-09
1.22592127e-08
3.106141538e-09
-2.006942644e-08
-6.430909857e-10
7.222802233e-09
-6.4942999e-10
-6.287416917e-09
1.874712198e-09
1.038480043e-08
-3.412783694e-09
-9.031471562e-09
3.368069409e-09
6.848187535e-10
-1.009560829e-09
-1.383807027e-13
1.658509408e-10
2.266844119e-11
-2.229773429e-11
-1.977158659e-11
1.100985051e-11
1.64410142e-10
-4.434160365e-11
-2.873315554e-10
9.122944042e-11
1.274618232e-10
-1.096978276e-10
-1.536940271e-10
9.229941703e-11
6.453690768e-11
-9.929831123e-11
-7.717320483e-11
9.671462211e-11
8.688111018e-11
-9.82697695e-11
-1.049349474e-10
1.247582246e-10
1.819629461e-10
-1.831019525e-10
-2.219155178e-10
2.650748209e-10
3.838287893e-10
-3.741270985e-10
-5.022202583e-10
5.434546519e-10
6.387768786e-10
-7.329749559e-10
-5.337848449e-10
9.267879499e-10
1.058852673e-09
-1.178546296e-09
-5.570187749e-10
1.412538409e-09
1.587957056e-09
-1.614952022e-09
-6.184330508e-10
1.985145463e-09
2.691284321e-09
-1.108854449e-09
3.899581508e-09
-2.73261384e-09
3.737463722e-18
-7.2346407e-18
1.385349287e-18
-1.412676551e-11
4.515023163e-11
-9.642579444e-11
6.857270435e-11
2.824601781e-10
-2.077464017e-10
-5.677074383e-10
5.06902351e-10
9.9447354e-10
-1.010565905e-09
-1.662594046e-09
1.714804262e-09
2.148291294e-09
-2.574289308e-09
-3.028540534e-09
3.517289996e-09
3.315329451e-09
-4.4604658e-09
-4.13230246e-09
5.331952405e-09
5.181205456e-09
-6.164359798e-09
-5.404144175e-09
7.32886394e-09
9.321195584e-09
-9.029717052e-09
-7.687509226e-09
9.816808657e-09
7.346891154e-09
-8.524584193e-09
-1.188971098e-08
6.879485121e-09
4.059398137e-09
-5.071631392e-09
-6.783067888e-09
4.631979039e-09
5.309367333e-09
-5.864993135e-09
-9.497399394e-09
6.611677423e-09
1.456114326e-08
-7.402387134e-09
-3.225425622e-08
9.825326343e-09
9.250819124e-08
-5.447689055e-09
-6.640126642e-08
-9.251014556e-09
1.211590469e-07
2.000291592e-08
-1.222865527e-07
-2.252728582e-08
5.906679996e-08
2.027743057e-08
-7.182244764e-08
-1.487348485e-08
3.022964302e-08
8.510664435e-09
-4.14639596e-08
-2.845966727e-09
5.429693909e-09
4.482635489e-10
-4.843842925e-09
7.542935226e-10
4.953676088e-09
-1.384593326e-09
-1.739500461e-09
-4.607245217e-12
1.159142585e-13
3.309938191e-14
-1.484539393e-13
-2.91307921e-14
3.39773788e-11
-2.421965365e-14
-5.357883704e-11
1.691814637e-11
4.883066638e-10
-9.960116333e-11
-6.8451391e-10
1.837634551e-10
3.135216721e-10
-2.18090649e-10
-7.440793235e-10
2.203298337e-10
9.967079251e-11
-2.00817063e-10
-1.403071622e-10
1.489778421e-10
1.453057246e-10
-1.263523089e-10
-1.513824516e-10
1.536667666e-10
2.865690733e-10
-2.038836418e-10
-3.471555852e-10
2.659098741e-10
8.243781391e-10
-3.827932082e-10
-1.547285914e-09
6.116413163e-10
3.823793616e-10
-6.136875316e-10
-2.3930482e-10
4.776730683e-10
3.150330721e-10
-4.261847333e-10
-2.633432446e-10
4.094337615e-10
3.068932068e-10
-4.156755817e-10
-3.108083858e-10
4.316995443e-10
3.988355349e-10
-2.250730239e-10
6.818011422e-10
-4.91225338e-10
1.624417978e-17
-3.539680539e-17
6.297301559e-18
-8.086752131e-11
2.106490247e-10
-4.943251427e-10
3.732347824e-10
1.105260824e-09
-9.90338285e-10
-2.001731984e-09
1.919321122e-09
2.587110213e-09
-3.052425398e-09
-3.7099563e-09
4.247795648e-09
3.980903406e-09
-5.381036559e-09
-4.838296235e-09
6.363190671e-09
4.834475553e-09
-7.134813861e-09
-5.281902954e-09
7.66717345e-09
5.3971771e-09
-7.98881804e-09
-5.334646792e-09
8.285045831e-09
6.489543757e-09
-8.874560405e-09
-6.579403821e-09
9.050097821e-09
2.390838319e-08
-8.434396469e-09
-3.107321525e-08
1.459974165e-08
1.17434477e-08
-1.344260876e-08
-2.035040731e-08
1.189504073e-08
1.792622754e-08
-2.255979415e-08
-2.88669768e-08
1.866790676e-08
6.284004343e-07
4.73506009e-07
4.573056813e-07
5.160466375e-07
4.490510896e-08
-2.131850198e-08
-2.821453437e-08
4.119509842e-09
1.193731914e-07
1.345956141e-08
-1.122167604e-07
-2.237587657e-08
8.15161734e-08
2.530124069e-08
-8.726085617e-08
-2.248314554e-08
5.284461151e-08
1.547016232e-08
-6.406749476e-08
-6.95631949e-09
4.516130738e-09
1.705918202e-09
-4.734952898e-09
-6.460729089e-10
4.172507358e-10
1.508318324e-10
-4.665929294e-10
-4.125333576e-11
1.742046079e-13
6.575253465e-14
-1.889043393e-13
-4.961476778e-14
7.410163783e-11
-3.630862463e-14
-8.904012782e-11
2.978158028e-11
8.875605603e-10
-2.126194689e-10
-1.051109949e-09
6.769591938e-10
1.694748626e-09
-1.280858546e-09
-2.876076045e-09
1.662068785e-09
3.38662614e-10
-1.255342571e-09
-1.243087237e-09
5.620952109e-10
1.836800248e-10
-3.226032085e-10
-1.696024643e-10
4.090961508e-10
8.139770095e-10
-5.920724369e-10
-4.324970666e-09
7.139474066e-10
1.605247669e-09
-2.929884264e-10
-1.890327433e-10
-2.331091751e-10
1.701260735e-11
3.57765458e-11
-4.365559066e-11
9.595835593e-12
3.147619257e-10
-1.715700271e-10
-5.647422427e-10
4.945380854e-10
4.937401953e-10
-8.850177042e-10
-1.00630975e-09
1.108223539e-09
2.743443601e-10
-4.428474797e-10
8.107540299e-10
-1.041410592e-09
6.92643123e-17
7.177680811e-17
-9.574618711e-17
-6.369390194e-10
1.146256751e-09
-2.467962826e-09
1.987212715e-09
3.310801808e-09
-3.694723874e-09
-4.91978541e-09
5.378219187e-09
4.851260775e-09
-6.766588728e-09
-5.696866683e-09
7.730494798e-09
5.365160167e-09
-8.287154825e-09
-5.316348296e-09
8.545733253e-09
5.323859741e-09
-8.619062356e-09
-4.829189876e-09
8.582575206e-09
5.184095267e-09
-8.507982505e-09
-4.780660306e-09
8.508880673e-09
9.04618156e-09
-8.303637563e-09
-1.238290646e-08
3.325903637e-09
1.950590067e-08
-1.715954277e-10
-6.806419609e-09
7.673494847e-09
3.073169376e-08
-7.296719339e-09
-1.456192066e-08
5.885330498e-09
2.954988847e-08
-3.185419686e-08
-9.718759528e-09
4.752418744e-08
1.355320595e-08
-3.520730621e-08
-9.757424157e-09
1.868592939e-08
1.752087391e-08
-1.168572811e-08
-1.211134917e-08
1.022667225e-08
1.00785498e-07
2.529355204e-10
-8.432514852e-08
-1.711569114e-08
8.930732771e-08
2.483778626e-08
-8.838159049e-08
-2.651805615e-08
7.514845835e-08
2.170279772e-08
-8.602584919e-08
-1.273120084e-08
6.379541629e-09
3.90044838e-09
-9.773670575e-09
-1.652331699e-09
7.603125103e-10
7.123830194e-10
-1.273440829e-09
-1.605692936e-10
1.880101338e-13
9.815695111e-14
-1.564496352e-13
-1.010678024e-13
1.034207269e-10
-4.727193225e-14
-1.158767309e-10
5.122788047e-11
1.096576007e-09
-3.52576715e-10
-9.985647074e-10
1.11470307e-09
3.323103807e-09
-2.294974585e-09
-3.062452823e-09
3.538067989e-09
2.719793874e-09
-3.983766191e-09
-3.584052024e-09
2.498360857e-09
1.813285407e-10
-6.098491766e-10
-2.645304894e-10
1.421900639e-10
1.433256602e-08
-5.695902623e-10
-2.441217328e-08
7.929442222e-09
5.042471655e-10
-3.14736126e-09
-4.220107279e-09
4.615978276e-10
1.642577622e-10
-2.776530135e-10
-1.562473282e-10
2.648586757e-10
7.351021945e-10
-3.95542942e-10
-4.434894895e-10
8.7977287e-10
2.02843012e-09
-2.133797743e-09
-1.943754027e-09
3.941735187e-09
1.037256575e-09
-2.092963778e-09
3.972708784e-09
-4.913972026e-09
-2.033378654e-15
3.802219521e-15
-4.291697883e-09
4.79483312e-09
-7.995310772e-09
7.597654356e-09
6.405181888e-09
-9.382800374e-09
-6.989274881e-09
1.009155832e-08
5.872733969e-09
-1.00028204e-08
-5.14192849e-09
9.333252758e-09
4.574174817e-09
-8.367239322e-09
-3.311765783e-09
7.441770794e-09
3.820908476e-09
-6.809349173e-09
-2.653861535e-09
6.577827769e-09
4.085187062e-09
-6.779048881e-09
-3.423060703e-09
7.461019987e-09
6.08548031e-09
-8.704527465e-09
-5.970735767e-09
1.033443808e-08
3.269056482e-09
-1.154435898e-08
-2.088951657e-09
1.918501868e-08
9.948164955e-09
-2.014765228e-08
-1.128985985e-08
1.809313448e-08
6.804311982e-09
-1.960347405e-08
-1.178543363e-08
1.573123489e-08
9.279786337e-09
-1.27462861e-08
-9.229547678e-09
1.115285807e-08
9.946207683e-09
-1.024193314e-08
-8.732902755e-09
1.005279467e-08
6.427929339e-08
-9.644190546e-09
-4.403256892e-08
-7.934803403e-09
8.510006546e-08
2.116907781e-08
-7.983488832e-08
-2.730940505e-08
9.646606523e-08
2.626647725e-08
-1.061797188e-07
-1.879223042e-08
1.463160659e-08
7.461456239e-09
-2.079180252e-08
-3.391714228e-09
2.049589361e-09
1.832885109e-09
-3.057412965e-09
-7.424259084e-10
6.007698815e-14
4.308939949e-13
9.321175891e-13
-1.03855589e-12
1.145355048e-10
5.808268648e-12
-9.710753242e-11
4.965673689e-11
7.831615344e-10
-3.11896622e-10
-5.052304041e-10
9.268068269e-10
2.318918953e-09
-1.853618979e-09
-1.388714325e-09
2.900495877e-09
3.27618927e-09
-3.75757755e-09
-2.16720367e-09
3.589399658e-09
4.178293132e-10
-1.578243839e-09
-8.350827024e-10
1.859520319e-10
1.859922725e-08
-8.901599428e-10
-8.243306936e-09
1.044146493e-08
1.32622868e-08
-1.85240767e-08
-1.42739832e-08
1.580185252e-08
2.852808338e-10
-4.751631433e-09
-2.519346714e-09
6.033158812e-10
1.740583363e-10
-2.410419065e-10
-2.602558842e-10
1.604958629e-10
5.837017752e-10
-3.319957133e-10
-4.276070235e-11
9.363580811e-10
6.898582038e-10
-1.053656544e-10
3.305000511e-09
-1.992063387e-09
-1.310166465e-08
7.913736108e-09
-6.925249463e-09
1.226284177e-08
5.943736519e-09
-1.093194085e-08
-4.211749026e-09
9.300661507e-09
3.658728085e-09
-7.541774514e-09
-2.058481127e-09
5.801003713e-09
2.020087128e-09
-4.343272983e-09
-1.29512868e-09
3.454829522e-09
1.982603891e-09
-3.257370055e-09
-2.468326328e-09
3.74819179e-09
3.514767271e-09
-4.895716236e-09
-5.029858762e-09
6.665749366e-09
6.634848582e-09
-9.006412309e-09
-8.250097992e-09
1.178349166e-08
1.044607736e-08
-1.46520991e-08
-1.138389065e-08
1.737711993e-08
1.30933251e-08
-1.855810487e-08
-1.248448194e-08
1.806313797e-08
1.151344011e-08
-1.617636208e-08
-1.038393089e-08
1.364417575e-08
8.657894833e-09
-1.134812324e-08
-7.651350531e-09
9.808202853e-09
7.546612315e-09
-9.037576105e-09
-6.227111886e-09
8.737584902e-09
2.654579246e-08
-9.140171745e-09
-1.441380633e-08
1.353355959e-09
7.278697938e-08
1.607689568e-08
-6.401259538e-08
-2.582282045e-08
1.149258484e-07
2.910211367e-08
-1.226009156e-07
-2.406233051e-08
2.825876826e-08
1.181700939e-08
-3.687116334e-08
-5.946678928e-09
4.298854851e-09
3.720348212e-09
-5.430884361e-09
-2.338238339e-09
-2.882738519e-13
1.712718412e-09
-1.617855865e-09
-2.464257549e-11
9.063460275e-11
6.461754245e-12
-1.453484863e-10
4.753057307e-11
2.416654294e-10
-1.400793665e-10
-8.132736593e-11
3.522819884e-10
5.861879655e-10
-6.20648664e-10
-1.439534742e-10
8.386263717e-10
1.156628794e-09
-9.096708217e-10
-1.427193558e-10
-2.55676518e-09
2.958143469e-09
1.508030437e-08
-2.351019426e-10
-1.191485106e-08
1.434825295e-09
6.316523262e-12
4.760666273e-10
2.343461331e-09
7.74663437e-09
-1.161100617e-08
1.363045859e-09
3.398139936e-08
7.810599834e-09
-6.019139369e-08
-6.694651871e-11
5.770370376e-08
1.225234771e-09
-2.681279595e-08
2.029030434e-09
8.321119607e-09
2.756333964e-11
-2.261202861e-09
1.192728743e-10
5.525701855e-10
3.859035963e-14
5.073532511e-12
-1.206869731e-10
-1.309773136e-08
-1.98498511e-13
8.161494639e-09
5.041924051e-09
-5.042533209e-09
1.992876056e-09
4.665737505e-15
3.084146671e-09
7.907548763e-10
-1.922955446e-09
-4.020745716e-10
1.406003885e-09
1.54446116e-09
-1.649733537e-09
-2.984500139e-09
2.747308579e-09
4.393762124e-09
-4.560612518e-09
-7.029553127e-09
6.796155352e-09
7.689511074e-09
-9.151165531e-09
-1.003247029e-08
1.137552392e-08
1.01741006e-08
-1.328921737e-08
-1.111569369e-08
1.476089346e-08
1.149947856e-08
-1.566034025e-08
-1.066445062e-08
1.583091176e-08
1.103694869e-08
-1.515187256e-08
-9.149074307e-09
1.365024797e-08
8.750181876e-09
-1.161605993e-08
-7.090217136e-09
9.532991456e-09
6.434885365e-09
-7.816088689e-09
-5.30029055e-09
6.610705899e-09
4.938275032e-09
-5.82223094e-09
-3.876228658e-09
5.239727704e-09
7.425470661e-09
-4.760528651e-09
-3.906996245e-09
2.922037084e-09
5.307861243e-08
7.235592347e-09
-3.940470038e-08
-2.15350915e-08
1.292856195e-07
2.972041891e-08
-1.352640144e-07
-2.736970478e-08
4.638769883e-08
1.672986676e-08
-5.639427822e-08
-9.763055834e-09
6.832697648e-09
6.40399828e-09
-8.282656219e-09
-3.871476551e-09
2.003297001e-09
2.154499998e-09
-2.675076481e-09
-1.166154806e-09
4.456046013e-10
4.907113947e-10
-1.443888436e-09
1.225563825e-10
2.088308764e-11
-7.412232031e-11
2.124377579e-13
4.170386885e-11
3.226887617e-11
-1.981519732e-11
-3.787539647e-11
1.682991542e-11
1.130767731e-10
-4.625467583e-11
-1.243935014e-10
5.833165626e-11
1.212802998e-10
-6.644375964e-11
-1.174963368e-10
6.93998159e-11
-8.582966154e-09
-5.18460297e-10
1.488960054e-08
9.270046884e-09
-4.968407324e-09
-8.473437248e-09
1.158481912e-09
1.749171977e-09
3.131840146e-11
-1.867142129e-10
-4.37482066e-11
1.767593984e-10
-4.65229835e-10
-2.195831715e-10
1.52024161e-10
1.520699113e-10
3.732318641e-11
5.721975194e-11
-3.657821673e-11
-8.449511671e-11
-9.610128675e-12
-7.526681306e-11
-9.415917475e-11
1.117390903e-10
-1.500568133e-15
1.965501547e-17
1.62024331e-17
-4.013939337e-18
5.709032382e-17
1.141610554e-09
-3.918238414e-10
-2.499502816e-09
1.73194134e-09
5.210236174e-09
-3.998842152e-09
-7.760667149e-09
6.713358887e-09
9.281535609e-09
-9.322991202e-09
-1.088232144e-08
1.14053369e-08
1.103214859e-08
-1.274048579e-08
-1.086007038e-08
1.329099401e-08
1.061320229e-08
-1.314529408e-08
-9.267823948e-09
1.245838423e-08
9.117121275e-09
-1.140154877e-08
-7.504587247e-09
1.01389679e-08
7.37426258e-09
-8.820155678e-09
-6.072938398e-09
7.57412582e-09
5.783841796e-09
-6.487549946e-09
-4.894823612e-09
5.578949912e-09
4.394223553e-09
-4.806759934e-09
-3.687479245e-09
4.112556209e-09
3.079092812e-09
-3.462388776e-09
-2.457841799e-09
2.868633781e-09
2.458166873e-09
-2.458687667e-09
-2.33842085e-09
2.491338167e-09
2.222526777e-08
-2.063492734e-09
-1.168910949e-08
-5.541178887e-09
1.409560964e-07
2.778722206e-08
-1.463454886e-07
-2.79871938e-08
6.642255395e-08
2.282586489e-08
-7.561642423e-08
-1.852459793e-08
9.730260918e-09
1.396227958e-08
-1.172602062e-08
-8.555374343e-09
2.851717142e-09
5.430870536e-09
-1.618561033e-09
-4.386689703e-09
2.64884999e-09
3.683150196e-09
-9.38008945e-10
-2.669168063e-09
-4.737062097e-11
1.731630774e-11
1.945136642e-12
2.309707345e-12
6.662505212e-11
-1.619806555e-11
-1.214448609e-10
4.49880809e-11
1.221080426e-10
-7.326115865e-11
-1.000569516e-10
6.663616222e-11
1.06839179e-10
-6.300545848e-11
-9.340889711e-11
6.156396446e-11
-9.611216605e-09
-2.236189761e-10
1.054675802e-09
9.456031413e-10
8.213547133e-11
-1.321120902e-10
-9.440261118e-11
9.006495477e-11
4.476234602e-11
-1.038174149e-10
-4.746343335e-11
1.350879338e-10
-1.319562688e-10
-1.423947334e-10
1.671809644e-10
1.341391407e-10
-7.767689175e-11
1.718201159e-10
1.923753706e-10
-1.374475964e-10
4.954537863e-17
-1.764928457e-17
1.276752615e-16
-7.426828755e-17
4.837957259e-09
-2.186925124e-09
-8.680484611e-09
6.032292401e-09
1.062320455e-08
-9.883604625e-09
-1.327101612e-08
1.256326162e-08
1.176926416e-08
-1.370483337e-08
-1.150984619e-08
1.3513892e-08
9.930164151e-09
-1.244373603e-08
-8.366230543e-09
1.09563327e-08
7.741648523e-09
-9.410070888e-09
-6.318282456e-09
8.027346346e-09
6.228619047e-09
-6.907771298e-09
-5.362023473e-09
6.057820773e-09
5.229869243e-09
-5.42061702e-09
-4.690945449e-09
4.908816493e-09
4.269214142e-09
-4.437326147e-09
-3.746771029e-09
3.945087398e-09
3.079107238e-09
-3.406080503e-09
-2.489406945e-09
2.829593194e-09
1.948844426e-09
-2.264632556e-09
-1.606150369e-09
1.884994147e-09
3.008052909e-09
-2.037630028e-09
-4.1697206e-09
3.021062892e-09
1.031411237e-08
-4.650125958e-09
-1.080252034e-08
5.612058178e-09
1.485985483e-07
1.122657026e-08
-1.394419727e-07
-2.720119337e-08
8.148758412e-08
2.748758347e-08
-7.969578033e-08
-3.630683655e-08
1.736152996e-08
4.345321429e-08
-2.315911897e-08
-3.423492341e-08
2.07062657e-10
1.330151465e-08
9.918496563e-10
-4.255844893e-09
7.809042279e-11
1.825459755e-09
7.031331435e-10
-1.166989683e-09
1.531509982e-11
1.080999647e-09
-3.193398592e-11
-3.230719442e-11
1.474914403e-10
-1.87019465e-12
-1.448855615e-10
-1.318796217e-11
9.239524251e-11
-2.097033616e-11
-1.035952223e-10
4.07936078e-11
8.228569691e-11
-4.749503888e-11
-7.019914023e-11
4.781346018e-11
6.547674501e-11
-4.832851148e-11
-5.292908599e-11
5.104702492e-11
7.514814679e-11
-5.635353207e-11
-5.604104185e-11
6.461761775e-11
5.090782479e-11
-7.457262863e-11
-5.261337909e-11
1.188285392e-10
-2.388793879e-10
-2.37278752e-10
4.627971799e-10
3.873616944e-10
-6.263978378e-10
1.280883015e-09
-6.953672763e-10
-5.012633155e-11
2.567992621e-11
5.086178158e-13
-1.017341816e-08
1.434877308e-08
-2.101184305e-08
1.68037669e-08
1.451264742e-08
-1.831320422e-08
-1.282354068e-08
1.662446738e-08
9.722825359e-09
-1.365083888e-08
-6.67792408e-09
1.060718528e-08
6.401700294e-09
-8.113260699e-09
-4.67446444e-09
6.382964498e-09
5.222886262e-09
-5.371047341e-09
-4.743905299e-09
4.889074954e-09
4.904318871e-09
-4.695628865e-09
-4.764955122e-09
4.568666088e-09
4.320934259e-09
-4.359153619e-09
-3.939072573e-09
4.00765911e-09
3.216780359e-09
-3.523109934e-09
-2.60404916e-09
2.942816393e-09
1.88785416e-09
-2.325212776e-09
-1.299358926e-09
1.740006521e-09
1.561230145e-09
-1.370504463e-09
-1.947468675e-09
1.606085002e-09
5.687514025e-09
-2.687433341e-09
-7.516135988e-09
4.502862766e-09
1.204690057e-08
-6.828358315e-09
-1.346595106e-08
8.601344988e-09
1.182082471e-07
-5.078637815e-09
-9.406652362e-08
-2.394508767e-08
7.922557604e-08
2.379481824e-08
-7.705127399e-08
-2.37577427e-08
2.73742431e-08
2.244409803e-08
-3.128923518e-08
-2.313610297e-08
1.06842756e-08
2.735207282e-08
-1.900574509e-08
-2.950270058e-08
-1.918985993e-09
1.599420496e-08
-1.543589758e-09
-3.640055125e-09
2.603002298e-10
5.558373653e-10
-6.770364396e-10
-1.113725479e-10
1.39483277e-10
7.689636439e-11
-1.370120528e-10
-7.261799166e-11
1.339133982e-10
1.056049143e-11
-1.776002044e-10
3.721711012e-11
5.580706457e-11
-3.79149814e-11
-4.238306388e-11
3.29511233e-11
3.702049071e-11
-2.97156258e-11
-2.526440623e-11
2.898841358e-11
3.842256916e-11
-3.099199491e-11
-2.429400938e-11
3.573982896e-11
4.686281048e-11
-4.296302734e-11
-3.160069956e-11
5.949348832e-11
3.996395748e-10
1.006000409e-09
-9.199774061e-10
-3.105245557e-10
-5.015917508e-08
-1.002581689e-09
2.725683708e-08
2.366100365e-08
-1.445572753e-08
7.39807033e-09
-8.217220362e-10
7.851948957e-09
3.586132094e-09
-4.541138666e-09
-2.24652606e-09
3.189721901e-09
3.939402966e-09
-3.056048727e-09
-4.480465857e-09
3.593164554e-09
4.927692721e-09
-4.27746577e-09
-5.34904348e-09
4.712413952e-09
4.671309572e-09
-4.74411372e-09
-4.303367476e-09
4.404220316e-09
3.391683536e-09
-3.811876294e-09
-2.646709613e-09
3.100818389e-09
1.910436613e-09
-2.3788578e-09
-1.210295266e-09
1.700712781e-09
8.102757995e-10
-1.140983906e-09
-5.524606321e-10
8.360110665e-10
2.869820303e-09
-1.151652824e-09
-4.382566109e-09
2.400170171e-09
9.615671543e-09
-4.368880918e-09
-1.18141928e-08
6.701764978e-09
1.490607348e-08
-9.080329101e-09
-1.627517056e-08
1.080381305e-08
6.875812524e-08
-8.540451247e-09
-4.617829694e-08
-1.443953308e-08
7.371406245e-08
2.448530243e-08
-6.959231325e-08
-2.59015457e-08
3.491411872e-08
2.459511081e-08
-3.784661388e-08
-2.168023176e-08
2.496008015e-08
1.758124814e-08
-2.999895878e-08
-1.274137574e-08
9.773306398e-09
8.025474415e-09
-1.402558711e-08
-4.2011917e-09
1.304275334e-09
1.216643749e-09
-2.20988246e-09
-2.976062414e-10
1.257749754e-10
1.360203951e-10
-1.085325926e-10
-1.324864279e-10
2.205524532e-10
7.094952699e-11
-2.648563554e-10
-8.615051954e-12
3.521905042e-11
-2.351069382e-11
-3.51388148e-11
2.071457954e-11
2.067174092e-11
-1.92849976e-11
-2.442333379e-11
1.739897969e-11
1.561558804e-11
-1.574493945e-11
-1.308591266e-11
1.557882771e-11
-1.196873567e-11
2.312410799e-11
1.940852217e-11
-1.779952427e-11
3.054178495e-11
-4.437867415e-11
9.970780753e-10
1.113853356e-10
-6.008952792e-11
1.264137033e-09
-2.725803562e-09
1.521762296e-09
3.202656227e-09
-2.44978463e-09
-4.490109212e-09
3.753952229e-09
5.672180438e-09
-5.041571795e-09
-6.347422062e-09
5.753683068e-09
5.377920792e-09
-5.733943065e-09
-4.743360976e-09
5.133822743e-09
3.544822814e-09
-4.217142342e-09
-2.521510138e-09
3.218254443e-09
1.806167472e-09
-2.297487503e-09
-1.031733417e-09
1.542928281e-09
6.063308943e-10
-9.692076787e-10
-1.907495785e-10
5.546096546e-10
6.443940009e-10
-3.543800176e-10
-1.267672212e-09
7.214500343e-10
6.441729824e-09
-2.150582118e-09
-8.872290458e-09
4.220413589e-09
1.372185597e-08
-6.601514309e-09
-1.479231477e-08
9.005396028e-09
1.736333497e-08
-1.103286206e-08
-1.775909081e-08
1.22937787e-08
3.322403879e-08
-1.144413317e-08
-2.500272235e-08
3.605361157e-09
6.463859351e-08
2.146271606e-08
-5.84221175e-08
-2.580774968e-08
3.974618983e-08
2.724950467e-08
-4.023218767e-08
-2.668518559e-08
3.499193516e-08
2.412744259e-08
-3.958965603e-08
-1.944571417e-08
1.892519639e-08
1.337093336e-08
-2.485352902e-08
-7.374022366e-09
3.636203695e-09
2.950413426e-09
-5.823138676e-09
-7.393966804e-10
9.126551152e-11
1.682337173e-10
-7.743343642e-11
-1.623047098e-10
3.039530567e-10
1.082859742e-10
-3.335107921e-10
-4.382565075e-11
4.762004684e-11
-1.470491624e-11
-7.185774191e-11
2.862063164e-11
3.508531365e-11
-3.462036419e-11
-4.815355079e-11
3.205187686e-11
1.516066465e-11
-2.476693252e-11
-1.851882843e-11
1.717836913e-11
7.800899552e-12
-1.055614496e-11
1.261795929e-11
-1.200095688e-11
7.769797138e-09
6.06157029e-09
-4.42119715e-09
5.891639083e-09
-7.735848397e-09
6.306407752e-09
6.371232256e-09
-6.898214646e-09
-5.469517442e-09
6.049446537e-09
3.58293806e-09
-4.62350905e-09
-2.130623851e-09
3.200407767e-09
1.471962163e-09
-2.047744647e-09
-6.15120562e-10
1.203692876e-09
4.563688532e-10
-6.503843356e-10
-1.302160635e-10
3.313127834e-10
1.184481215e-11
-1.903904965e-10
8.017622545e-12
1.704643989e-10
2.617678476e-09
-8.973200836e-11
-4.715634524e-09
1.823032467e-09
1.139246795e-08
-4.539643685e-09
-1.374484129e-08
6.182279344e-09
1.459870554e-08
-7.682404993e-09
-1.320983244e-08
9.536271581e-09
1.711018009e-08
-1.135560415e-08
-1.535587473e-08
1.238746797e-08
1.907156176e-08
-1.173114834e-08
-1.455531623e-08
6.387278627e-09
5.077342754e-08
1.320599695e-08
-4.142697254e-08
-2.164641891e-08
3.900279964e-08
2.583628912e-08
-3.591554929e-08
-2.872798581e-08
4.323676652e-08
2.961000343e-08
-4.526989914e-08
-2.74780315e-08
3.177340249e-08
2.195226853e-08
-3.941774363e-08
-1.419145658e-08
9.09026916e-09
6.700903587e-09
-1.384862858e-08
-1.896456374e-09
6.769626558e-11
1.802280239e-10
-6.067398571e-11
-1.731200265e-10
3.56903524e-10
1.252446073e-10
-3.732947955e-10
-5.794213687e-11
1.015522858e-10
-2.969125613e-11
-1.386425593e-10
6.100987127e-11
5.801497767e-11
-6.813015297e-11
-5.998265521e-11
5.736826134e-11
-2.974235094e-11
3.573040117e-11
2.025003849e-11
-4.052618516e-11
1.347786868e-08
1.519790859e-08
-6.406551473e-09
-1.025835263e-12
3.036878133e-09
3.390971816e-09
-1.399763954e-09
7.746697698e-10
2.37458053e-11
6.092444883e-10
9.042848236e-11
-1.937194837e-10
8.351833139e-11
2.153880254e-11
2.050531243e-12
-3.197666318e-12
5.58453674e-13
5.126947986e-13
1.951890186e-14
-1.741196899e-13
9.200270487e-15
1.406425648e-13
7.58634995e-09
-5.392528499e-11
-1.120928612e-08
4.30328386e-09
1.591188253e-08
-8.05838219e-09
-1.827558198e-08
8.037410888e-09
1.135972422e-08
-7.578004159e-09
-1.024134706e-08
8.228744689e-09
1.289811875e-08
-9.70511803e-09
-1.050630323e-08
1.096327496e-08
1.125190774e-08
-1.081490493e-08
-9.200313493e-09
8.553646145e-09
2.982831525e-08
-2.171528266e-10
-1.655453751e-08
-1.351838135e-08
3.107477003e-08
1.947936356e-08
-2.490295077e-08
-2.533719833e-08
4.49880447e-08
3.064839534e-08
-4.178942903e-08
-3.376740718e-08
4.721638164e-08
3.23329338e-08
-5.416152785e-08
-2.520226823e-08
2.059455927e-08
1.437101538e-08
-2.98598834e-08
-5.007345731e-09
5.474125885e-11
1.77691975e-10
-4.823735133e-11
-1.72883414e-10
3.791694641e-10
1.437709381e-10
-3.72121372e-10
-8.991736308e-11
-2.541478672e-10
9.142378635e-11
1.907411362e-10
-1.084642688e-11
-1.024164968e-10
-5.135505927e-11
8.24407264e-11
5.022384997e-11
3.680395198e-11
2.709016373e-11
-3.54004887e-11
-2.857430924e-11
2.162444328e-11
-4.8133799e-11
2.542582174e-11
1.324859436e-12
-9.43773898e-13
-2.181615045e-12
4.476534558e-13
2.584283715e-12
-4.312057974e-13
-2.670695132e-12
8.569065456e-13
2.145386868e-12
1.215945581e-08
-2.600180377e-09
-1.491874278e-08
7.192641247e-09
2.148046791e-08
-1.186308616e-08
-2.596511916e-08
1.277279636e-08
1.108775797e-08
-1.135245804e-08
-1.450167049e-08
1.027850188e-08
8.947258252e-09
-1.017439295e-08
-8.488938585e-09
1.031623545e-08
7.21896608e-09
-9.61484969e-09
-5.250729828e-09
7.448305162e-09
7.256843052e-09
-3.243733056e-09
-2.455278545e-09
-3.07880599e-09
1.815270776e-08
9.833170232e-09
-1.178722272e-08
-1.578291202e-08
3.540785218e-08
2.368194699e-08
-2.62390983e-08
-3.28467008e-08
5.865794108e-08
4.016559323e-08
-5.83820181e-08
-4.019924946e-08
4.205606891e-08
2.864850132e-08
-5.708509547e-08
-1.343372964e-08
3.907623571e-11
1.330704901e-10
-2.809613952e-11
-1.341306532e-10
-3.335398803e-10
-1.351262147e-10
3.553178054e-10
1.650122656e-10
3.70654793e-10
-3.010623948e-11
-4.348828501e-15
-2.393064267e-11
-1.374061967e-15
-4.483323146e-15
3.772454784e-13
3.871130956e-13
-9.57777992e-13
7.650193265e-13
7.83444051e-13
-4.659553421e-13
-6.708806572e-09
1.858221983e-08
-2.310677928e-08
1.205511717e-08
3.038883194e-08
-1.585679993e-08
-3.264547321e-08
2.051593474e-08
1.827348264e-08
-2.026889524e-08
-1.591285688e-08
1.792464273e-08
8.13840836e-09
-1.454427091e-08
-5.447020936e-09
1.06734131e-08
3.106901326e-09
-6.972095542e-09
-8.95671273e-10
3.939837334e-09
6.871195217e-10
-1.885280544e-09
-1.50257781e-10
8.900776841e-10
6.598558259e-09
-1.499927177e-10
-1.774851182e-09
-4.129463505e-09
1.568899612e-08
9.209637224e-09
-6.34384327e-09
-1.866050969e-08
-3.00547824e-08
-5.410414592e-08
5.018901667e-08
3.415877879e-08
4.97318829e-08
-8.645453138e-08
-3.654485356e-08
7.346895205e-08
3.086672662e-10
-2.566180689e-10
4.997250374e-11
-1.519062393e-08
1.560661387e-08
2.687023089e-08
-1.65047361e-08
1.901546328e-08
3.240482029e-08
-9.372042814e-09
-2.658268417e-11
4.621172626e-09
6.284836042e-09
-2.152720193e-09
-1.027231101e-11
9.356647945e-10
1.186244969e-09
-4.587656579e-10
2.681798762e-11
2.626447605e-10
1.078781053e-10
-2.211681924e-10
4.264143301e-11
3.942192224e-10
3.978764614e-11
-1.089123264e-09
-1.589417579e-09
3.438358765e-09
6.514894471e-10
-2.005509248e-09
1.086908261e-10
1.510631256e-09
-5.263217483e-11
4.387997803e-11
-1.851565047e-08
-1.138474712e-07
-6.598555631e-09
-1.535790467e-10
-8.925816543e-08
1.140052312e-08
7.156617277e-08
2.687937319e-09
-5.820566311e-08
-8.024002077e-11
3.571433398e-10
-1.372161549e-10
-4.478842327e-10
-9.716684405e-11
3.320709257e-10
-9.511184192e-11
-4.194657013e-10
-1.221212147e-10
5.497948141e-10
-2.429906744e-11
-1.084126366e-09
5.796672594e-11
2.356821758e-09
-1.795564116e-11
-3.352339606e-09
-3.561341892e-10
1.142215933e-10
-1.441684697e-09
2.133518928e-10
2.78432215e-10
-5.196382182e-10
-1.809870514e-08
-4.512732146e-09
-6.090044085e-08
-1.696658106e-08
8.053050871e-08
-1.602942027e-08
-7.97070652e-08
-1.336956219e-08
9.505524577e-08
-1.162326389e-08
-9.73220456e-08
2.79686174e-10
-2.385673489e-10
4.17679032e-10
3.139952449e-10
-3.556108058e-10
3.374523802e-10
5.342525926e-10
3.924592024e-10
-3.861139812e-10
5.328276242e-10
-1.227093457e-09
-9.7893785e-09
-2.48320455e-08
-1.497642627e-08
4.170558284e-08
-1.545266482e-08
-3.842463053e-08
9.73904927e-10
-7.136519109e-10
2.469723091e-09
1.342321789e-09
-1.501013952e-09
-1.91537701e-09
6.731920049e-09
-4.43451154e-09
-4.544299852e-09
-6.868871934e-09
1.831804893e-08
-9.914605054e-09
-1.504721803e-08
8.872762622e-10
-6.573609982e-10
2.149116799e-09
1.369942588e-09
-1.578104454e-09
2.289473978e-09
-5.16843059e-09
-2.238319627e-10
3.370632476e-10
-4.476150542e-10
-1.658632213e-10
3.78888114e-09
-2.525286335e-09
-5.868170394e-09
-6.347746206e-11
7.228009146e-11
-1.060148118e-10
-2.91571765e-11
3.441449442e-09
-4.031825067e-09
-2.786148859e-09
2.050973083e-08
1.658474687e-08
1.098985089e-08
5.710498357e-11
5.854777613e-09
5.108310774e-09
3.952439475e-09
-3.451186712e-09
3.24180704e-09
3.207376991e-09
-3.656676967e-09
-2.818623585e-11
-7.675997412e-09
4.164358791e-09
3.50199153e-09
3.259421805e-09
-3.858663825e-09
1.852811508e-09
-1.68858742e-09
-1.309883793e-11
5.211407791e-11
-9.253182509e-11
-2.568883893e-09
-6.841612685e-12
-2.16996103e-12
-2.579277108e-12
-2.091399959e-12
2.691289327e-09
-5.01654748e-09
8.665924976e-10
-1.026059708e-09
-9.926462073e-12
-4.922319514e-12
-7.49511911e-12
3.611006713e-12
-6.121974863e-12
-4.841231543e-12
5.064520817e-09
-7.209432783e-09
1.380790856e-09
3.303800293e-09
-3.045867999e-09
4.590770762e-12
-3.644724881e-12
-1.402035323e-11
-6.528719877e-09
4.477673794e-13
3.92867447e-13
-2.384333425e-12
3.70131059e-12
6.425231448e-09
-4.850815476e-09
-2.907227202e-09
-8.300505701e-13
4.199444929e-12
-8.924880478e-12
4.371484385e-12
1.743623736e-09
-1.097805163e-09
1.396780739e-09
-5.166980403e-10
3.622127527e-18
2.224347143e-11
-5.486945229e-11
3.414413745e-11
4.767485148e-10
-5.068265231e-10
2.126385837e-10
-1.78972907e-10
5.927698981e-18
1.328645206e-10
-3.498258125e-10
2.220705188e-10
1.790241011e-09
-2.344819563e-09
2.412467979e-10
-4.558539699e-10
-9.831786295e-16
9.774205955e-10
-2.651952893e-09
1.696762033e-09
8.991316956e-09
-6.604306661e-09
1.296130168e-09
-2.000758861e-10
6.868832841e-09
-7.473001629e-09
1.232311887e-08
-1.175141382e-10
7.195199173e-09
-7.103612678e-09
1.272534155e-08
-3.931645536e-11
-1.152354401e-14
-6.932936822e-15
9.934384345e-15
-4.39256704e-15
3.175658218e-09
9.105233575e-11
-9.114114854e-11
-2.755281025e-11
1.043215633e-10
-1.28492897e-11
-6.761431119e-18
6.543972981e-18
1.04214814e-18
-1.87698578e-17
6.080424869e-10
-2.556957318e-10
-2.307976472e-10
-6.349057101e-16
-6.331380912e-15
-1.954221339e-09
-4.082309427e-11
1.876005792e-08
-4.072032115e-08
2.179435827e-08
8.576181238e-09
1.702894223e-10
-5.278297633e-11
-7.755580124e-10
-1.760942075e-09
4.612042882e-11
1.318342711e-10
-1.157036587e-10
2.643216727e-11
1.286015335e-08
1.244621227e-11
-1.189042197e-11
2.279963641e-11
-7.233625381e-12
2.274687805e-11
7.43916455e-11
-9.970426665e-11
-2.066339892e-11
-1.218639381e-10
1.131959527e-11
3.238786181e-09
-5.134407377e-11
1.949766793e-11
-9.24317864e-11
-1.631822618e-11
7.004438839e-09
-3.863159697e-11
2.446753408e-12
1.223326344e-11
-5.374327956e-11
1.652432352e-09
1.583956033e-10
1.538720488e-11
1.342571114e-10
9.668221381e-11
1.168107651e-10
3.239560738e-11
-2.658929948e-11
-3.113809451e-11
-2.274735311e-11
-4.47111894e-11
-1.633271251e-10
1.515428928e-10
6.102117755e-10
5.03317961e-10
2.689411946e-15
-1.328985621e-14
1.514829563e-14
-3.543045443e-14
1.754984576e-15
4.453750596e-13
1.676108862e-08
-2.712218186e-08
1.07514926e-08
1.029088187e-08
-5.001647129e-08
2.003557377e-08
8.335265934e-08
-5.284752375e-08
7.924866608e-08
-5.371417353e-08
9.090367743e-08
5.472282816e-08
1.262573356e-11
2.873563281e-08
-5.005858527e-11
1.06784628e-10
1.31572359e-08
8.55194568e-11
2.022258537e-11
5.504968859e-11
2.976579644e-09
3.270685459e-11
2.186394259e-12
2.456628442e-11
3.583621738e-10
6.467329208e-11
-3.297986023e-11
2.158959293e-10
3.876773874e-11
7.067282279e-10
1.106004884e-10
1.443959607e-09
1.979924385e-10
1.952198406e-09
5.901484851e-11
-7.465605416e-09
9.329196997e-08
-4.36244108e-09
-9.82148206e-08
4.845224917e-10
5.903350348e-08
7.90121818e-09
-5.693512436e-08
-3.678828902e-11
9.576499531e-10
-2.466047588e-10
-4.472866147e-09
-2.672936316e-10
7.041658564e-10
-3.245408289e-10
-1.489106626e-09
-3.667821505e-10
2.181322414e-09
-3.171880492e-10
-3.913542144e-09
-4.732870699e-10
3.491840184e-09
-3.100257115e-10
-2.880169477e-09
-8.25636025e-11
1.165188108e-09
9.787083403e-11
-8.603699264e-10
1.871965722e-10
4.260178899e-10
-3.612012924e-10
-1.576162313e-08
5.764469597e-08
-1.610677658e-08
-5.413594292e-08
-1.680761672e-08
7.890079646e-08
-1.708066485e-08
-7.820659016e-08
-1.611920001e-08
1.011066465e-07
-1.456277206e-08
-1.05876325e-07
-1.008479088e-08
1.039452155e-07
-5.128270734e-09
-1.098954596e-07
1.169174546e-09
4.917299444e-08
9.224009625e-09
-3.676861719e-08
8.399191651e-09
1.428975232e-08
3.909271467e-09
-2.178390978e-08
8.733810101e-10
3.56807925e-09
-3.084658841e-10
-8.784673129e-09
-6.763751767e-10
5.450442848e-09
-4.657856607e-10
-6.429215214e-09
-3.392588808e-10
2.101423045e-09
-1.755250032e-10
-1.514226022e-09
-5.436507816e-11
6.673995216e-10
4.394717902e-11
-5.824765248e-10
1.335941608e-10
3.403993071e-10
2.044914609e-10
-3.706871149e-10
2.487546096e-10
3.288867274e-10
2.745085312e-10
-3.301748516e-10
2.868353244e-10
3.54075973e-10
3.268731556e-10
-3.652986432e-10
4.891834306e-10
9.690789537e-10
-8.707787842e-10
-1.228769673e-08
3.443843812e-08
-1.357880647e-08
-3.039559258e-08
-1.43520102e-08
5.059976958e-08
-1.553687122e-08
-4.696809915e-08
-1.727895574e-08
7.747862702e-08
-1.873577426e-08
-7.647742948e-08
-1.933842835e-08
1.108688743e-07
-1.913356111e-08
-1.150180907e-07
-1.427044194e-08
1.152168173e-07
-6.210262373e-09
-1.195450813e-07
2.106952807e-09
2.458197764e-08
6.007860845e-09
-1.757908861e-08
8.739520325e-09
1.985326772e-08
1.084201409e-08
-1.318010242e-08
1.187550268e-08
1.608387537e-08
9.029417095e-09
-1.791136091e-08
2.882674523e-09
7.877459136e-09
-1.450462603e-10
-1.096156918e-08
-1.977655739e-10
1.173260728e-09
-1.15340059e-10
-1.018759881e-09
-4.911641307e-11
5.802635435e-10
2.717589055e-11
-6.465842918e-10
1.491255151e-10
4.578015159e-10
2.8140094e-10
-6.366027545e-10
3.237087487e-10
3.522046506e-10
3.361968431e-10
-3.968711218e-10
3.230148076e-10
4.309951626e-10
4.045209994e-10
-5.911663278e-10
4.758471624e-10
8.397452503e-10
5.152969142e-10
-9.333262357e-10
5.605537312e-10
1.109358712e-09
-9.819204911e-10
-1.045788782e-09
3.018913162e-09
-2.51844487e-09
-1.738084127e-09
-4.877251808e-09
1.191727924e-08
-7.747031402e-09
-8.818596422e-09
-1.01127978e-08
2.643119284e-08
-1.165861649e-08
-2.268757982e-08
-1.280129269e-08
4.31352258e-08
-1.475104593e-08
-3.8960233e-08
-1.753609735e-08
7.49093229e-08
-2.009364564e-08
-7.25192686e-08
-2.169376786e-08
1.174322388e-07
-2.163292843e-08
-1.182073949e-07
-1.602293833e-08
1.235466512e-07
-6.138177678e-09
-1.287814212e-07
3.28718491e-09
1.786822384e-08
4.693749866e-09
-2.676236031e-08
4.704972731e-09
7.691357968e-09
5.928331342e-09
-4.679024094e-09
8.892931627e-09
1.314559619e-08
1.343102311e-08
-7.32619964e-09
1.37148525e-08
1.353958539e-08
4.698569772e-09
-1.164757995e-08
-6.282381082e-11
9.951376422e-10
-1.179023455e-10
-1.038856455e-09
-6.375409385e-11
7.654315401e-10
2.024141116e-11
-9.072642955e-10
1.59679084e-10
1.013202765e-09
4.906918958e-10
-1.728738119e-09
5.310102954e-10
5.067143562e-10
5.683952006e-10
-8.727602899e-10
4.698296827e-10
9.056095912e-10
5.966626821e-10
-1.436208976e-09
6.464731875e-10
1.157131025e-09
6.408377709e-10
-1.50470005e-09
6.175957229e-10
1.014311707e-09
6.048716965e-10
-1.136763154e-09
6.481269776e-10
1.296029099e-09
8.490193367e-10
-1.153742094e-09
1.399214925e-09
3.682078071e-09
-2.943317935e-09
-5.33313845e-11
6.546389374e-11
-9.74526707e-11
-2.611520439e-11
-2.100130983e-10
7.58064769e-10
-8.695990423e-10
-1.724058145e-10
-2.424635076e-09
5.787929526e-09
-5.241055671e-09
-2.884706567e-09
-8.06667144e-09
1.957325735e-08
-1.033071045e-08
-1.798385938e-08
-1.082629802e-08
3.428991229e-08
-1.320880528e-08
-2.901676547e-08
-1.692928956e-08
6.916702014e-08
-2.032355266e-08
-6.481109376e-08
-2.218337289e-08
1.184769226e-07
-2.114679201e-08
-1.191734662e-07
-1.503831457e-08
1.365496798e-07
-5.875578401e-09
-1.461729671e-07
4.450382607e-09
4.526225305e-08
8.083305827e-09
-6.370662153e-08
3.525830627e-09
2.785143035e-09
2.278715924e-09
-8.153176244e-10
2.580110397e-09
3.456429395e-09
3.881690478e-09
-1.663244205e-09
4.949884207e-09
6.326148473e-09
2.527578876e-09
-1.942195717e-09
-2.418795297e-11
1.037508678e-09
-1.002795801e-10
-9.579235685e-10
-2.469539211e-11
1.031244337e-09
1.084665578e-10
-1.094321558e-09
3.941698288e-10
2.534904846e-09
9.038821645e-10
-2.870076387e-09
1.028792505e-09
2.10534637e-09
1.018320897e-09
-4.668525949e-09
9.211047166e-10
2.336540594e-09
1.187947869e-09
-4.409983811e-09
1.232019879e-09
2.027776636e-09
1.121900267e-09
-2.960708931e-09
9.67411852e-10
1.32345944e-09
8.216785091e-10
-1.592954698e-09
7.205648404e-10
1.084480156e-09
7.421009111e-10
-1.055363793e-09
1.034763649e-09
2.400462914e-09
1.792081587e-09
-1.978197772e-09
3.019480061e-09
5.160956802e-09
-4.62546333e-09
3.092497865e-09
-3.531036657e-12
1.595211207e-09
1.51238243e-09
7.976018327e-10
-1.927907714e-11
3.968748298e-10
4.23550095e-10
1.531973099e-10
1.677258809e-10
-5.649476835e-10
2.102048031e-10
-8.236257736e-09
1.88308507e-08
-1.183938379e-08
-2.087503102e-08
-8.515600376e-09
2.315720072e-08
-1.008590931e-08
-1.687947568e-08
-1.498612401e-08
5.947404164e-08
-1.975622301e-08
-5.345536232e-08
-2.315115888e-08
1.198504231e-07
-2.306706333e-08
-1.19526919e-07
-1.701605967e-08
1.561181971e-07
-7.271719221e-09
-1.68038762e-07
-5.629469312e-10
6.236795344e-08
-6.41799087e-10
-6.079680222e-08
-3.731582706e-10
6.864826407e-10
-2.881753572e-10
-8.785528155e-10
-1.697464521e-10
1.324874868e-09
-8.721717172e-11
-1.004876119e-09
2.165253519e-12
1.229632033e-09
-5.377250249e-11
-7.96441347e-10
-4.883135198e-11
8.143671483e-10
4.901180464e-11
-6.118368566e-10
1.825350369e-10
1.053782249e-09
3.800556948e-10
-8.844378398e-10
9.05634112e-10
3.042303716e-09
2.087451876e-09
-2.739958336e-09
4.125610136e-09
7.787935839e-09
6.290952458e-09
-9.221307959e-09
7.485359105e-09
8.575389419e-09
6.624909845e-09
-1.45218865e-08
4.99141064e-09
4.903925825e-09
3.299490148e-09
-8.766618394e-09
2.085963139e-09
2.027028778e-09
1.356860561e-09
-2.80820658e-09
9.385893366e-10
1.050773193e-09
7.593507368e-10
-1.068039169e-09
8.553371038e-10
1.630964413e-09
1.33444025e-09
-1.35101182e-09
2.287188075e-09
4.000485188e-09
-3.256105833e-09
6.879025465e-09
-7.001076003e-09
7.4889788e-09
6.450586868e-09
6.759568931e-09
-3.476338847e-09
5.461485944e-09
4.817246771e-09
4.08401974e-09
-1.410050138e-09
2.870607261e-09
2.651013785e-09
1.919310458e-09
-5.430565294e-10
1.134419088e-09
1.188447435e-09
-1.63922748e-09
1.572790548e-08
-6.602472567e-09
-6.98593801e-09
-4.151586904e-09
1.040283103e-08
-2.065440046e-09
-4.9740973e-09
-9.071137254e-09
4.754842263e-08
-1.720978838e-08
-4.199493431e-08
-2.292179943e-08
1.181325884e-07
-2.573229464e-08
-1.157079228e-07
-2.118981691e-08
1.815816772e-07
-1.28903011e-08
-1.947348008e-07
-7.528751392e-09
6.802009215e-08
-3.777984314e-09
-7.789231695e-08
-1.451165173e-09
2.102682704e-09
-5.748539262e-10
-5.172981715e-09
-1.527465543e-10
8.239147105e-10
-1.29419768e-10
-1.063895242e-09
5.406669741e-11
7.536659323e-10
-2.644123551e-13
-1.659560295e-09
3.515488404e-11
4.17825067e-10
1.211743254e-10
-3.161515978e-10
2.371452079e-10
6.322956426e-10
3.908948133e-10
-4.08202104e-10
8.17399521e-10
2.053023351e-09
1.745355446e-09
-1.332305761e-09
3.636509083e-09
7.871527629e-09
7.156849466e-09
-5.111762716e-09
1.22398387e-08
1.792741583e-08
1.644696585e-08
-1.604180601e-08
1.666251146e-08
1.44117424e-08
1.240725031e-08
-1.900951774e-08
6.912179514e-09
4.201953337e-09
3.196130302e-09
-6.315592031e-09
1.476426334e-09
1.116792862e-09
8.729788947e-10
-1.219351232e-09
8.05517132e-10
1.163742721e-09
1.094039703e-09
-1.103244655e-09
1.745729691e-09
2.619737756e-09
2.713573062e-09
-2.302812256e-09
3.62515504e-09
3.494306691e-09
-3.328805283e-09
-7.925608026e-11
-1.514443972e-09
8.32353823e-10
6.082948179e-10
2.447188912e-09
-4.939809303e-09
4.058574596e-09
3.359353448e-09
5.1651373e-09
-5.20288219e-09
5.611781261e-09
4.803927141e-09
5.433928534e-09
-3.704225525e-09
5.30593495e-10
5.623411815e-09
-1.788135868e-08
-1.599440805e-09
-8.010684592e-09
5.422723938e-09
-1.349342887e-09
3.628405833e-10
-2.046313094e-10
3.261050979e-10
2.383760726e-12
1.266007113e-09
4.120839515e-09
1.99305715e-10
7.694981373e-09
3.317520971e-08
-8.231694631e-09
-1.975838069e-08
-1.863112173e-08
1.121830374e-07
-2.606502771e-08
-1.070406678e-07
-2.627899783e-08
2.062593026e-07
-2.321719406e-08
-2.141128343e-07
-1.748381617e-08
8.895293426e-08
-9.192396047e-09
-9.961479478e-08
-4.33823969e-09
8.736384784e-09
-1.95543568e-09
-1.099816737e-08
-5.767554275e-10
2.433737463e-09
-2.835295534e-10
-5.402427021e-09
6.51694336e-10
4.501047135e-09
3.331454079e-10
-8.442215789e-09
1.82351319e-10
4.608138717e-10
2.322271419e-10
-1.110702484e-09
2.627401083e-10
3.188928866e-10
2.873659822e-10
-4.178374403e-10
4.700439529e-10
8.877305793e-10
7.831401725e-10
-7.690118561e-10
1.395580566e-09
2.843940489e-09
2.727863914e-09
-1.629406416e-09
5.657465815e-09
1.090965677e-08
1.088831207e-08
-6.151332541e-09
1.675137669e-08
1.928561747e-08
1.874402776e-08
-1.533643898e-08
1.443147802e-08
8.573896663e-09
7.451773994e-09
-9.638561472e-09
2.888262819e-09
1.410762831e-09
1.305136801e-09
-1.699144696e-09
1.091651249e-09
1.187043678e-09
1.424585833e-09
-1.370722607e-09
2.120387859e-09
2.390359104e-09
3.116731759e-09
-2.735929751e-09
4.143615743e-09
3.55568437e-09
4.572189066e-09
-4.281204655e-09
3.890703702e-09
1.988859734e-09
-2.497990765e-09
4.709901734e-13
-2.507561219e-10
1.488973117e-10
1.046203917e-10
6.713935715e-10
-2.091026155e-09
1.566801356e-09
1.206614293e-09
2.63392607e-09
-3.968245845e-09
3.624853038e-09
3.002400836e-09
4.355977499e-09
-4.911562548e-09
4.533519335e-09
4.152371471e-09
3.362056686e-09
-9.08898854e-09
-6.706610934e-10
6.743200908e-09
-3.538126534e-09
-2.87910095e-09
-1.775843828e-09
8.022113718e-09
-3.998568496e-11
-2.073172473e-09
1.816919198e-09
3.519860003e-09
1.877224946e-09
1.697381902e-08
9.922201143e-10
-2.032565898e-08
-4.7212171e-09
1.007511783e-07
-1.837842216e-08
-9.022620427e-08
-2.95004652e-08
2.163943238e-07
-3.264383329e-08
-2.121861263e-07
-2.486116645e-08
1.096812398e-07
-1.197097976e-08
-1.202914107e-07
-5.226069539e-09
1.211143507e-08
-2.572596089e-09
-1.303631762e-08
-1.285885118e-09
8.542469034e-09
8.668373046e-12
-1.032135768e-08
1.173818511e-09
1.085962781e-08
1.510842704e-09
-1.114775755e-08
1.499055718e-09
2.552167894e-09
1.284821876e-09
-4.857071839e-09
9.768064604e-10
6.994785446e-10
7.619758095e-10
-1.134066068e-09
7.447190849e-10
8.438675661e-10
7.443937337e-10
-9.64937464e-10
8.270526563e-10
1.08426456e-09
1.106955303e-09
-8.291634118e-10
1.825958604e-09
3.251598417e-09
3.561241772e-09
-1.787088563e-09
6.939440857e-09
1.013165262e-08
1.083762893e-08
-6.040750752e-09
1.182766313e-08
8.637152073e-09
8.511814496e-09
-6.256901537e-09
4.309605264e-09
1.918103192e-09
2.187216171e-09
-1.770248419e-09
1.735894243e-09
1.502502064e-09
2.073269781e-09
-1.426190204e-09
2.898521529e-09
2.925025339e-09
4.197460188e-09
-2.655586646e-09
5.86156887e-09
5.027111901e-09
7.229615253e-09
-5.084407768e-09
7.072652213e-09
3.451316509e-09
-4.495779688e-09
-4.851104718e-12
-4.260749882e-11
2.760498084e-11
1.132633484e-11
1.5589379e-10
-6.520623143e-10
4.814520647e-10
3.315629863e-10
1.043531607e-09
-2.111633614e-09
1.78725957e-09
1.382157498e-09
2.601174283e-09
-3.477902687e-09
3.3717732e-09
2.724091154e-09
3.992901524e-09
-4.734233172e-09
4.364261855e-09
3.681758861e-09
4.308333927e-09
-8.696363868e-09
3.615443528e-09
4.585398316e-09
6.04872196e-09
-4.38831149e-09
1.603555133e-08
-3.321172639e-09
2.903493187e-08
2.942608101e-08
3.280594577e-08
-3.284527438e-08
2.781420649e-08
7.322580802e-08
3.598867476e-09
-4.920481142e-08
-2.696016085e-08
2.017140733e-07
-3.693843923e-08
-1.859554492e-07
-2.823817263e-08
1.326148695e-07
-1.414499732e-08
-1.465855728e-07
-6.360071941e-09
1.476723117e-08
-3.187044319e-09
-1.816056715e-08
-1.630653695e-09
1.052635493e-08
2.334628859e-11
-9.822824389e-09
9.461792375e-10
1.003363045e-08
1.717471064e-09
-8.34029209e-09
2.606658414e-09
7.67901185e-09
2.854922685e-09
-1.034932391e-08
2.261969383e-09
1.744350901e-09
1.675459485e-09
-2.525877379e-09
1.263824236e-09
1.044834647e-09
1.025193721e-09
-1.040984286e-09
8.613637013e-10
6.834078732e-10
7.879113945e-10
-5.654567115e-10
8.723949658e-10
1.057235522e-09
1.277429408e-09
-6.658325014e-10
2.312564949e-09
3.466361936e-09
3.88960248e-09
-1.944507829e-09
4.733661691e-09
3.769892377e-09
3.874758304e-09
-1.861599324e-09
2.435502889e-09
1.320816842e-09
1.610730254e-09
-8.33407014e-10
1.405569068e-09
1.165376564e-09
1.572969786e-09
-8.445288017e-10
2.039209589e-09
2.069599569e-09
2.897327301e-09
-1.463175737e-09
4.313143202e-09
4.370534116e-09
6.202715867e-09
-3.359317551e-09
7.648883887e-09
5.043276817e-09
-5.015083256e-09
-1.483175006e-11
6.290179865e-12
-1.712221417e-11
-3.619573311e-12
-4.899106457e-12
1.347332285e-11
3.471296523e-11
-4.963476371e-11
1.51131374e-10
-8.685050139e-11
4.250118748e-10
-1.609370705e-10
1.016350281e-09
-7.289301662e-10
2.088569531e-09
-2.614137148e-10
3.763266191e-09
-1.775876273e-09
6.193195252e-09
-2.653155706e-10
9.463434234e-09
-2.557940597e-09
1.402255497e-08
-9.886689164e-10
2.074358383e-08
-1.03224692e-09
2.834627001e-08
-5.77676106e-09
3.06736032e-08
9.827198671e-09
2.921280732e-08
-7.609047871e-09
2.645319199e-08
2.644756081e-08
1.968358636e-08
-1.34831657e-08
1.496002963e-08
2.615538796e-08
1.063879557e-08
-1.508181952e-08
-1.938582272e-08
1.67171159e-07
-3.342340047e-08
-1.455453227e-07
-2.805364759e-08
1.602771902e-07
-1.828119112e-08
-1.703997872e-07
-1.008545066e-08
2.38635424e-08
-5.047448337e-09
-3.217500251e-08
-2.235112383e-09
9.311054304e-09
-3.641522023e-10
-1.024016208e-08
4.586581697e-10
6.743373538e-09
1.31348669e-09
-5.680184253e-09
2.815333849e-09
1.23029882e-08
4.241490028e-09
-1.316147956e-08
3.67140841e-09
3.374987142e-09
2.434081203e-09
-4.166586339e-09
1.648402564e-09
9.384427164e-10
1.166258709e-09
-7.339991546e-10
8.171764518e-10
4.227293276e-10
5.639726769e-10
-2.134077062e-10
4.483951054e-10
4.39482728e-10
4.986904141e-10
-2.99991497e-10
7.401005165e-10
1.006212086e-09
9.690232427e-10
-3.796700533e-10
9.606413872e-10
7.190532358e-10
8.08634856e-10
-2.531286964e-10
6.869024443e-10
4.772286223e-10
6.349787856e-10
-2.593086571e-10
6.593203928e-10
5.640337476e-10
7.683261619e-10
-3.680230148e-10
9.898830565e-10
9.974315159e-10
1.401240485e-09
-6.981723016e-10
2.159933971e-09
2.438305134e-09
3.44205992e-09
-1.725705556e-09
5.069242458e-09
4.562628017e-09
6.231535343e-09
-3.678604322e-09
6.525060994e-09
4.449360421e-09
-5.087025298e-09
1.006798427e-11
5.660997142e-12
3.706152977e-11
-2.987240623e-11
6.892183157e-11
9.709120554e-11
1.420146624e-10
-1.626583635e-10
2.869047249e-10
3.217915108e-10
5.371329432e-10
-5.561330245e-10
9.172727595e-10
8.531200755e-10
1.432192686e-09
-1.338359496e-09
2.073024724e-09
1.616304714e-09
2.868684072e-09
-2.385213508e-09
4.112516298e-09
5.103428847e-09
6.666117031e-09
-7.195038863e-09
9.26108168e-09
9.291871386e-09
9.734293254e-09
-1.037039244e-08
7.695673003e-09
5.899477999e-09
5.265519217e-09
-4.53159008e-09
3.581947914e-09
4.335933238e-09
2.531837964e-09
-2.325680036e-09
8.510449568e-09
1.057151752e-08
1.266241236e-08
-6.145042819e-09
2.342752225e-09
1.20389541e-07
-1.761383428e-08
-8.928804888e-08
-2.314044996e-08
1.738304954e-07
-2.192396967e-08
-1.692169954e-07
-1.595000438e-08
4.289853133e-08
-9.365054662e-09
-5.533957831e-08
-4.514891972e-09
1.385601163e-08
-1.574479917e-09
-2.114358737e-08
-1.349309027e-10
5.379526349e-09
9.105184147e-10
-6.088868417e-09
2.309545686e-09
1.273179112e-08
4.1622778e-09
-1.115170681e-08
3.944590666e-09
4.285186519e-09
1.818249544e-09
-2.755155673e-09
4.882762154e-10
2.8166043e-10
8.910372553e-11
-9.917750483e-11
2.678447635e-11
7.426934641e-11
3.779392985e-11
-8.195929197e-11
7.308152015e-11
2.118114892e-10
1.182431412e-10
-2.005716503e-10
1.573941753e-10
1.525506286e-10
1.810259986e-10
-6.752960939e-11
1.796224302e-10
1.173690469e-10
1.718080839e-10
-6.811635891e-11
1.784421166e-10
1.501784923e-10
2.138318584e-10
-1.262472141e-10
2.814902922e-10
2.696599213e-10
3.860772262e-10
-2.612406204e-10
5.483239419e-10
5.443223075e-10
7.875549473e-10
-5.110325622e-10
1.151581026e-09
1.207089202e-09
1.724163336e-09
-8.337913581e-10
2.460389317e-09
2.445064612e-09
3.1838996e-09
-1.272196211e-09
3.930555709e-09
4.050245456e-09
-2.109133736e-09
3.132457516e-11
6.352573148e-11
9.664811452e-11
-1.241536321e-10
2.435334849e-10
2.99600805e-10
5.279262631e-10
-5.682953236e-10
9.841382436e-10
9.454804404e-10
1.611284127e-09
-1.537353187e-09
2.375997549e-09
1.971621104e-09
3.219779367e-09
-2.760287342e-09
4.077120155e-09
3.133005314e-09
4.974545916e-09
-3.915338896e-09
6.327353619e-09
7.908215552e-09
8.441559969e-09
-7.63234933e-09
9.601851773e-09
9.806116096e-09
8.256493917e-09
-8.572085585e-09
5.539343148e-09
4.152694958e-09
3.41849091e-09
-4.997151741e-09
2.664016767e-09
2.803672956e-09
2.964805853e-09
-5.046277881e-09
3.847281002e-09
5.046200669e-09
5.448840701e-09
-6.516724378e-09
9.199857381e-09
6.207787269e-08
-1.705934683e-10
-4.156968982e-08
-1.454510961e-08
1.576749691e-07
-2.164048903e-08
-1.411392928e-07
-2.099758954e-08
6.841342866e-08
-1.647768072e-08
-8.066501539e-08
-1.06911974e-08
3.214229018e-08
-5.459615933e-09
-4.548565715e-08
-1.508725818e-09
8.078415844e-09
1.48477321e-10
-1.142063437e-08
1.352141275e-09
8.864615654e-09
2.409559289e-09
-6.411103804e-09
3.566718124e-10
3.171158091e-10
-3.408434509e-14
-6.099776735e-11
-1.95250983e-14
1.623033018e-13
3.331909267e-14
-2.328252217e-13
1.036370518e-11
1.372070366e-10
7.76075053e-11
-2.267801806e-10
1.565979967e-10
3.320076186e-10
1.570852329e-10
-5.91658574e-10
1.343260402e-10
9.756956903e-11
1.271272254e-10
-1.692665657e-10
1.070617203e-10
7.621167627e-11
1.068543808e-10
-9.870904072e-11
1.489297452e-10
1.577014301e-10
2.264265141e-10
-2.13502993e-10
3.125838975e-10
3.221441538e-10
4.190647803e-10
-4.460272291e-10
6.277620596e-10
5.790046533e-10
7.543051749e-10
-7.498265608e-10
7.382463265e-10
5.449587055e-10
7.375027305e-10
-3.130365303e-10
7.043068e-10
5.614041627e-10
6.894476161e-10
-3.157133532e-10
7.860213911e-10
7.913066405e-10
-3.187661421e-10
1.536686168e-10
2.558688366e-10
4.603556782e-10
-5.510015782e-10
1.019014592e-09
1.048572727e-09
1.820176843e-09
-1.815450781e-09
2.796411131e-09
2.34633318e-09
3.852482722e-09
-3.331200042e-09
4.889675322e-09
3.638932684e-09
5.819305894e-09
-4.488885742e-09
6.580666696e-09
4.589702201e-09
7.200886434e-09
-5.071173171e-09
7.953574658e-09
6.756072578e-09
9.107243574e-09
-5.905473862e-09
9.652138082e-09
7.402032381e-09
8.764537554e-09
-7.102619252e-09
1.049820388e-08
8.342123303e-09
8.747432511e-09
-1.620703116e-08
8.100464264e-09
1.291294915e-08
1.231307183e-08
-3.448144472e-08
1.103040238e-08
9.407834197e-09
1.106232842e-08
-2.771302379e-08
2.552567471e-08
2.805908971e-08
1.089656684e-08
-3.05351326e-08
-2.971014049e-09
1.215624162e-07
-1.737897896e-08
-9.950225248e-08
-2.308265328e-08
9.039117115e-08
-2.341281536e-08
-9.618039212e-08
-1.900183227e-08
5.901063509e-08
-1.195731736e-08
-7.090822162e-08
-4.65013197e-09
1.603865622e-08
-1.028516953e-09
-2.225564416e-08
4.194916912e-12
4.209784232e-09
3.942760328e-10
-2.436407194e-09
-1.416565507e-11
7.239627702e-11
-4.779440309e-14
-8.995718917e-11
-3.610052667e-14
2.95170017e-13
2.817667573e-14
-3.444363365e-13
2.629265814e-11
3.055563554e-10
1.513122589e-10
-3.667049439e-10
3.937115804e-10
1.001479388e-09
6.264244546e-10
-1.546160898e-09
6.513397344e-10
3.458226516e-10
4.201762977e-10
-1.021634193e-09
2.100520546e-10
1.130790771e-10
1.908482446e-10
-1.58667262e-10
3.113824535e-10
2.112249022e-10
5.161383182e-10
-2.743144623e-10
7.708815336e-10
7.462604566e-10
1.001424607e-09
-1.397654097e-09
9.495000388e-10
9.825579749e-10
5.3025476e-10
-3.596910362e-10
3.523189397e-10
2.090307673e-10
2.996921027e-10
-1.217557068e-10
3.715503136e-10
3.162315455e-10
4.864781887e-10
-4.788674823e-10
5.364922657e-10
2.63258656e-10
-3.937689845e-10
8.89135387e-10
1.149549441e-09
1.990799015e-09
-2.220262638e-09
3.349916549e-09
2.899012692e-09
4.740714906e-09
-4.220343795e-09
5.979442989e-09
4.362746562e-09
6.971406314e-09
-5.209957544e-09
7.697207686e-09
5.140116665e-09
8.168071501e-09
-5.387198069e-09
8.404797789e-09
5.31071538e-09
8.455578042e-09
-5.226636053e-09
8.45831409e-09
5.473976814e-09
8.62488023e-09
-5.472388405e-09
7.451086116e-09
9.293924509e-09
6.708379639e-09
-1.623646922e-08
1.337463632e-08
2.476474712e-08
1.300952853e-08
-2.362838623e-08
1.212482727e-08
5.395586029e-08
3.003317662e-08
-3.732616092e-08
2.983184697e-08
1.699372862e-08
2.147793515e-08
-2.124419727e-08
3.28206094e-08
1.327407636e-08
1.267480444e-08
-1.076311846e-08
8.297622798e-09
7.507219438e-08
-7.907330263e-09
-5.15109041e-08
-2.032286973e-08
9.766190459e-08
-2.570472591e-08
-9.556745462e-08
-2.499539536e-08
8.041572192e-08
-1.878060078e-08
-8.768604945e-08
-9.711678165e-09
3.071687915e-08
-2.609093509e-09
-4.194017163e-08
-1.084702201e-09
1.572755691e-09
-3.997796553e-10
-1.819441832e-09
-7.854160379e-11
1.357033306e-10
-8.440036676e-14
-2.215477916e-10
-6.932816832e-14
3.9562412e-13
4.42320216e-14
-4.559241499e-13
3.969607048e-11
4.017058777e-10
2.907117749e-10
-4.051146706e-10
9.531936098e-10
2.019281221e-09
1.933563621e-09
-2.163635674e-09
2.869169639e-09
2.702920057e-09
2.744734983e-09
-3.88346738e-09
1.301271084e-09
3.118877534e-10
3.644342389e-10
-7.453564867e-10
2.063424054e-10
2.502518033e-10
3.594551056e-10
-1.363311957e-10
1.586031857e-10
1.129708359e-09
-5.879033394e-10
-4.863375776e-09
-3.224513707e-10
1.420031141e-10
-1.154399563e-10
-3.44440827e-10
-9.1390105e-13
2.33031226e-10
2.704583916e-10
-3.859046865e-10
7.807163718e-10
9.24452363e-10
1.607081514e-09
-1.436517838e-09
2.301818812e-09
7.545431726e-10
-1.844666951e-09
4.079412821e-09
3.875952654e-09
6.244442325e-09
-5.957269724e-09
7.832656247e-09
5.517755641e-09
8.748918485e-09
-6.329387108e-09
9.039711136e-09
5.575924357e-09
8.883710185e-09
-5.218332939e-09
8.533392481e-09
5.045330906e-09
8.198473536e-09
-4.088057002e-09
7.992045106e-09
4.714149656e-09
7.982081553e-09
-3.801278092e-09
8.223371276e-09
5.647376863e-09
7.309239512e-09
-4.768302905e-09
-2.657704612e-09
1.944906219e-08
-1.147511667e-09
-8.337120099e-09
4.270943554e-09
1.010006469e-08
1.473887184e-08
-5.662279179e-09
2.427012003e-08
6.545871069e-09
3.532313808e-08
-1.286109616e-09
2.250024759e-08
1.091346833e-08
1.471490968e-08
-9.577661947e-09
1.180095412e-08
9.067803211e-09
1.029953106e-08
-8.537089218e-09
1.022996365e-08
3.331173522e-08
6.017601814e-09
-2.203582925e-08
-1.285549293e-08
9.087510381e-08
-2.318427455e-08
-8.37158504e-08
-2.722571314e-08
9.320028616e-08
-2.418696321e-08
-9.727574727e-08
-1.580333878e-08
5.580783602e-08
-5.55725614e-09
-7.171678778e-08
-2.396764515e-09
2.61721547e-09
-1.171145637e-09
-3.875367456e-09
-3.537973914e-10
4.014663553e-10
-1.061070332e-13
-7.83683861e-10
-1.630859137e-13
5.311101885e-13
3.739059663e-14
-6.250034198e-13
5.608677152e-11
3.739313363e-10
3.580535266e-10
-3.029475163e-10
1.098038188e-09
1.955948956e-09
2.247161021e-09
-1.494213597e-09
3.538460695e-09
3.935429346e-09
4.39777426e-09
-3.099970059e-09
3.603833701e-09
1.426747481e-09
1.20366991e-09
-1.847441891e-09
2.067435195e-10
1.257550904e-10
7.366780615e-10
-1.382807983e-10
1.191967251e-08
1.863902565e-08
1.235662953e-08
-2.17943575e-08
3.644774981e-09
5.533809868e-10
5.2484583e-10
-3.037502241e-09
2.901003757e-10
3.12307583e-10
2.753005181e-10
-3.00488954e-10
4.501325588e-10
1.005427818e-09
1.304351431e-09
-2.78860539e-10
3.440617684e-09
2.520719416e-09
-8.64418049e-10
1.239269015e-08
7.619847507e-09
1.192584098e-08
-7.011381908e-09
1.100307359e-08
6.144482549e-09
9.71969985e-09
-4.803001953e-09
8.19311842e-09
4.131952671e-09
6.67253132e-09
-2.669868506e-09
5.483324828e-09
2.808577422e-09
4.840750809e-09
-1.794350077e-09
4.802139808e-09
2.848595649e-09
5.366224362e-09
-2.55735551e-09
6.552357817e-09
4.448506651e-09
8.39288359e-09
-4.871836812e-09
1.082828053e-08
7.935425632e-09
1.359191385e-08
-8.743571362e-09
2.296005871e-08
6.568915281e-09
2.396287336e-08
-1.222364223e-08
2.064026797e-08
1.234323022e-08
1.727157147e-08
-1.276392313e-08
1.438913442e-08
1.051702677e-08
1.217812547e-08
-9.986612985e-09
1.072762609e-08
8.290157959e-09
9.971452117e-09
-7.717092152e-09
9.734774261e-09
1.52874347e-08
1.034783363e-08
-1.06624135e-08
-2.906789204e-09
7.333821078e-08
-1.888594161e-08
-5.910121129e-08
-2.685159758e-08
9.993721537e-08
-2.79311948e-08
-1.010844757e-07
-2.159184779e-08
8.907147124e-08
-9.559246367e-09
-1.072543763e-07
-4.564416236e-09
5.488832506e-09
-2.666584439e-09
-7.479197809e-09
-1.29502144e-09
1.505650981e-09
-4.979673391e-12
-2.732774398e-09
-3.55322869e-12
-6.168231482e-12
-8.151755801e-12
1.845467396e-11
4.681665155e-11
2.053937084e-10
2.325113484e-10
-1.065021256e-10
6.521687622e-10
9.268502142e-10
1.247721053e-09
-4.233148264e-10
1.875879579e-09
1.863467873e-09
2.407459578e-09
-7.538330152e-10
2.185240971e-09
1.687504101e-09
-5.481393491e-10
-2.360792583e-09
-2.243351116e-09
5.139539941e-10
6.191572408e-10
-1.948829535e-09
6.088858003e-09
1.268424462e-08
1.638889192e-08
-3.810311954e-09
2.808881609e-08
9.37217078e-09
2.739539551e-08
-1.042951177e-08
9.972753665e-09
1.389337761e-09
1.688380026e-09
-4.693722344e-09
2.52119996e-10
5.195985631e-11
5.936659528e-11
-1.629702363e-10
5.91012406e-11
5.508839566e-11
-1.353076889e-12
1.097079343e-08
5.551615361e-09
8.69897538e-09
6.553548938e-09
3.032780186e-09
4.719189547e-09
-1.217504759e-09
3.287772314e-09
1.434681993e-09
2.462828985e-09
-8.728591678e-10
2.381666127e-09
1.657548533e-09
3.073560962e-09
-2.785289702e-09
4.453522769e-09
3.629160493e-09
6.35477712e-09
-6.097391962e-09
8.601313186e-09
6.590100082e-09
1.103570737e-08
-9.061642839e-09
1.347881733e-08
9.920878602e-09
1.565114445e-08
-1.100387696e-08
1.714504049e-08
1.233948103e-08
1.751891316e-08
-1.153917719e-08
1.654162239e-08
1.17437707e-08
1.445282986e-08
-1.003450065e-08
1.194764804e-08
8.895484326e-09
9.774106572e-09
-7.484791917e-09
8.311474356e-09
6.749450631e-09
7.510568419e-09
-5.609851053e-09
7.07345653e-09
7.17533745e-09
6.934473756e-09
-4.727713737e-09
2.994057243e-09
4.139127597e-08
-1.225401233e-08
-2.375907407e-08
-2.415549422e-08
1.006928124e-07
-2.970096261e-08
-9.886054605e-08
-2.603771105e-08
1.255213246e-07
-1.419302156e-08
-1.43009558e-07
-7.564425777e-09
9.797018975e-09
-4.779790225e-09
-1.261233825e-08
-2.833378886e-09
3.157706763e-09
-1.540761296e-09
-3.912214763e-09
-9.685884183e-10
-1.85829221e-11
-5.51635707e-11
-1.014824066e-09
8.498333047e-11
4.773974626e-11
1.031702576e-10
-3.529163544e-11
1.451945727e-10
1.315595766e-10
1.510609325e-10
-1.862399094e-11
9.303702985e-11
1.286398495e-10
4.517014589e-11
-9.490582513e-11
4.466455633e-11
1.824026462e-10
6.312349073e-11
-1.220969551e-10
6.443665071e-11
1.671359564e-10
5.077235005e-10
-8.527847958e-11
6.443412839e-09
-1.206059765e-09
1.068681481e-08
9.839626143e-09
5.874063809e-09
9.739691663e-10
3.993919017e-10
9.187166598e-11
1.449489942e-10
-3.601728316e-09
9.524440814e-10
8.048076961e-10
6.45981887e-10
-5.640509199e-10
2.547932802e-10
1.376951233e-10
8.732596101e-11
-2.364863516e-11
3.034530567e-15
9.182814258e-11
1.537138145e-10
-2.56378612e-10
8.040886355e-10
1.347399134e-09
2.262071532e-09
-2.929687555e-09
4.420171029e-09
5.007838647e-09
6.930910622e-09
-7.458680171e-09
9.415079103e-09
8.759651135e-09
1.155287671e-08
-1.048047763e-08
1.313577394e-08
1.080389805e-08
1.407120348e-08
-1.102852116e-08
1.435462931e-08
1.104559532e-08
1.40328274e-08
-9.935760436e-09
1.317451538e-08
1.001851891e-08
1.187743978e-08
-8.243665009e-09
1.030280807e-08
8.133165139e-09
8.679092874e-09
-6.548465712e-09
7.226786528e-09
6.131089654e-09
6.056643912e-09
-5.073115131e-09
5.148203215e-09
4.564897306e-09
4.417904705e-09
-3.726691693e-09
3.775099182e-09
3.26403499e-09
3.248944453e-09
-2.505630219e-09
2.605763395e-09
1.018964172e-08
5.102327704e-11
-4.611862211e-09
-1.678209116e-08
9.548021202e-08
-2.917588765e-08
-8.920222328e-08
-2.798266686e-08
1.587059466e-07
-1.95546448e-08
-1.714548771e-07
-1.308541924e-08
1.595290143e-08
-9.116416564e-09
-2.006895127e-08
-5.711117042e-09
4.541268083e-09
-3.648270128e-09
-4.660371808e-09
-2.813058764e-09
2.021700237e-09
-2.046310362e-09
-2.670822431e-09
-2.180075669e-10
-1.08645874e-12
1.157543844e-10
-4.031750292e-10
1.460148621e-11
5.286638483e-12
2.125197067e-12
-3.909157687e-12
1.649919578e-11
1.32912128e-10
6.112139204e-11
-1.822374106e-10
6.572621914e-11
1.245031721e-10
6.685345001e-11
-1.185459799e-10
6.64737089e-11
9.895817306e-11
4.398330625e-10
-9.895956592e-11
6.155528236e-09
-1.034003051e-08
1.960080659e-09
1.987229882e-09
1.700482906e-10
1.186223455e-10
1.19509083e-10
-1.221732548e-10
1.430458689e-10
-2.65859401e-10
1.41295092e-10
1.877554926e-10
1.12723533e-10
-6.72084136e-11
8.988293928e-11
-3.815800517e-17
6.543223649e-10
9.6701144e-10
-1.623177087e-09
3.333615576e-09
5.142988629e-09
6.452884241e-09
-8.196619987e-09
9.436633879e-09
9.755393797e-09
1.163830135e-08
-1.176109196e-08
1.280192892e-08
1.118415005e-08
1.298527489e-08
-1.102686319e-08
1.242171542e-08
1.015119936e-08
1.139095371e-08
-8.776586829e-09
1.014379079e-08
8.357554471e-09
8.871234349e-09
-6.894360783e-09
7.699304693e-09
6.743091378e-09
6.69445739e-09
-5.69538444e-09
5.86858753e-09
5.470222582e-09
5.185562116e-09
-4.770562165e-09
4.580994929e-09
4.307036941e-09
3.99572388e-09
-3.702819418e-09
3.400766148e-09
3.048444627e-09
2.807580056e-09
-2.443175154e-09
2.299946537e-09
2.117105796e-09
2.102785098e-09
-2.007624184e-09
2.573511471e-09
3.795105059e-09
3.538871663e-09
-4.818454485e-09
3.195272336e-09
7.423684814e-08
-2.339938094e-08
-5.30181895e-08
-2.779393032e-08
1.799547703e-07
-2.619180151e-08
-1.830910266e-07
-2.718415149e-08
2.553804038e-08
-2.336898163e-08
-3.244442746e-08
-1.263757299e-08
4.020072281e-09
-4.877906905e-09
-4.859776048e-09
-2.583989402e-09
1.207377906e-09
-1.506388373e-09
-7.377311943e-11
-7.019094557e-10
5.460704233e-10
-1.938115521e-10
-1.374606079e-10
-2.678409584e-11
1.576563472e-11
1.058771324e-11
-6.270562147e-11
9.955280308e-12
1.935352349e-10
4.103642079e-11
-1.897867364e-10
4.725487669e-11
1.05241273e-10
5.215858538e-11
-1.000932057e-10
5.374487009e-11
8.766694224e-11
5.863804427e-11
-7.327629064e-11
7.522709332e-11
6.622149165e-11
6.803664055e-11
-7.112983452e-11
7.774210852e-11
1.011418312e-10
9.012079386e-11
-8.109580233e-11
1.288800181e-10
-1.923695065e-10
1.614213883e-10
2.08136123e-10
1.875183605e-10
-1.472313165e-10
2.994893631e-10
4.445952586e-13
3.813615438e-09
4.752422981e-09
1.041430699e-08
1.203265045e-08
1.417255983e-08
-1.578801045e-08
1.542264051e-08
1.285172476e-08
1.472670367e-08
-1.214549989e-08
1.294947592e-08
9.878107479e-09
1.083350625e-08
-7.75486663e-09
8.871557296e-09
7.168467253e-09
7.310807488e-09
-5.61126068e-09
6.20755191e-09
5.751658278e-09
5.494783999e-09
-5.044819682e-09
5.040087248e-09
5.037983468e-09
4.698305894e-09
-4.68131256e-09
4.353513612e-09
4.267529695e-09
3.941610063e-09
-3.824040212e-09
3.443371437e-09
3.140888583e-09
2.87740827e-09
-2.549984299e-09
2.287711319e-09
1.875984062e-09
1.773762142e-09
-1.378403777e-09
1.634543444e-09
2.296528494e-09
2.237627753e-09
-3.048748281e-09
3.680456151e-09
6.507245299e-09
5.74615053e-09
-8.465642613e-09
7.39509543e-09
3.910789216e-08
2.358685125e-09
-3.377806453e-08
-2.52716714e-08
1.80744068e-07
-2.367327115e-08
-1.751347193e-07
-2.561288211e-08
3.257291194e-08
-2.950907164e-08
-3.603770264e-08
-3.663194217e-08
1.245188781e-08
-3.560090458e-08
-2.166290175e-08
-1.537563392e-08
-1.1527965e-09
-4.354048662e-09
2.660213591e-09
-1.304386808e-09
-5.699294633e-10
-3.170910215e-10
7.653597752e-10
-5.746894267e-11
9.778850306e-11
-3.555133845e-11
-1.220693008e-10
-3.960422753e-11
1.856091481e-10
8.552040142e-12
-1.992398804e-10
4.252389068e-11
9.732714021e-11
4.447137083e-11
-8.936355406e-11
4.123578241e-11
5.795238173e-11
3.929826508e-11
-4.265164801e-11
4.000788133e-11
5.285841948e-11
4.363789133e-11
-3.611608605e-11
5.019791181e-11
6.118813677e-11
5.798812059e-11
-4.263249215e-11
9.912844319e-11
-2.619813468e-10
5.046263791e-10
2.8644388e-10
9.820507808e-10
-7.844477648e-10
2.434435382e-08
1.730856181e-08
1.985104063e-08
1.440971552e-08
9.16938083e-09
9.924189046e-09
-4.691317883e-09
6.825944125e-09
5.261752821e-09
5.048999402e-09
-3.491967089e-09
4.306578387e-09
4.603858701e-09
4.220815855e-09
-4.522922408e-09
4.406314566e-09
4.848353823e-09
4.548723579e-09
-4.979437578e-09
4.476637076e-09
4.449442651e-09
4.157444785e-09
-4.100282433e-09
3.645095045e-09
3.304775325e-09
3.022550582e-09
-2.646174731e-09
2.358623131e-09
1.909771864e-09
1.728038784e-09
-1.26250683e-09
1.226764394e-09
1.063430902e-09
1.135060542e-09
-1.084896168e-09
1.854306993e-09
4.276156655e-09
3.397945418e-09
-5.977087498e-09
5.515210145e-09
1.058223299e-08
7.948961325e-09
-1.277649208e-08
9.744912616e-09
2.903493023e-08
6.764980255e-09
-2.472526313e-08
-2.120330117e-08
1.655442151e-07
-2.437224453e-08
-1.521712202e-07
-2.482552315e-08
3.913672597e-08
-2.265705906e-08
-4.145037778e-08
-1.982467625e-08
2.637533785e-08
-1.701284898e-08
-3.112458358e-08
-1.450740394e-08
1.041055189e-08
-1.173685807e-08
-1.731923622e-08
-6.184036047e-09
-8.266019441e-10
-8.538567921e-10
-3.674838599e-09
-1.832490212e-10
1.537630428e-10
-1.087254797e-10
-2.224331527e-10
-1.054893281e-10
2.296119852e-10
-4.132526021e-11
-2.59931019e-10
1.323865222e-11
7.853122759e-11
2.89746139e-11
-8.53521362e-11
2.499414361e-11
3.075383671e-11
2.20349616e-11
-2.615156703e-11
2.049657602e-11
2.336627549e-11
2.081533736e-11
-1.702028192e-11
2.346906379e-11
2.731472344e-11
2.865333984e-11
-1.656900162e-11
3.634177262e-11
1.458646111e-11
4.607611994e-10
1.395275733e-09
9.581702347e-10
-1.904205704e-09
1.904546077e-09
3.367733568e-09
3.246359741e-09
-4.709095458e-09
4.451579529e-09
5.202650261e-09
5.120943425e-09
-5.849290052e-09
5.176605858e-09
4.989555918e-09
4.74170371e-09
-4.526705261e-09
4.011621983e-09
3.475532906e-09
3.17096585e-09
-2.60613694e-09
2.358255519e-09
1.892017716e-09
1.650851496e-09
-1.159698634e-09
1.058306277e-09
6.945038518e-10
6.693717993e-10
-3.074658249e-10
6.399547907e-10
1.607980638e-09
1.479091793e-09
-2.870821778e-09
3.221306307e-09
8.05641642e-09
5.507662446e-09
-1.021640816e-08
7.943132444e-09
1.483701035e-08
1.015324268e-08
-1.640448727e-08
1.170277307e-08
2.136971668e-08
1.048534226e-08
-1.93730927e-08
-1.554313573e-09
1.330704252e-07
-2.364888672e-08
-1.043270774e-07
-2.629021854e-08
4.263636046e-08
-2.632069265e-08
-4.241049805e-08
-2.43841756e-08
3.527260823e-08
-2.078844505e-08
-3.880760854e-08
-1.572437561e-08
2.242964342e-08
-1.010049823e-08
-2.799643602e-08
-5.168803884e-09
6.802177941e-09
-1.913812304e-09
-1.003023582e-08
-4.693875681e-10
3.739019788e-10
-1.556330152e-10
-6.747379424e-10
-1.508716055e-10
2.821253151e-10
-9.332425349e-11
-2.948441719e-10
-2.905217087e-11
1.127709096e-10
1.589077914e-11
-1.49349058e-10
2.078801496e-11
3.060515147e-11
2.320179587e-11
-4.458301281e-11
2.138697349e-11
1.789354933e-11
1.730853366e-11
-2.410362304e-11
1.360358136e-11
1.108313137e-11
-9.773935327e-12
3.245656548e-09
2.825593804e-09
3.676587368e-09
5.11125515e-09
5.967942374e-09
6.185475981e-09
-6.996208634e-09
6.258276128e-09
5.791211626e-09
5.525030374e-09
-5.014012889e-09
4.399410454e-09
3.581215439e-09
3.225854548e-09
-2.382022854e-09
2.195115264e-09
1.663468012e-09
1.390763349e-09
-8.441735539e-10
8.279957444e-10
5.691882415e-10
4.536209004e-10
-1.851532858e-10
2.708728509e-10
1.200272832e-10
1.447439175e-10
2.947586097e-12
1.106184083e-09
5.132602003e-09
3.174971895e-09
-8.541940652e-09
5.248322353e-09
1.197352588e-08
7.383073345e-09
-1.28783893e-08
9.599018342e-09
1.702804267e-08
1.14958658e-08
-1.635737387e-08
1.254901052e-08
1.80290584e-08
1.178523366e-08
-1.668127683e-08
5.291088497e-09
7.495816437e-08
-1.806332035e-08
-4.898792746e-08
-2.427867093e-08
4.064963551e-08
-2.714647375e-08
-3.73200156e-08
-2.824216397e-08
4.129586723e-08
-2.719076591e-08
-4.226630498e-08
-2.345077211e-08
3.398311992e-08
-1.733475692e-08
-3.999260626e-08
-1.032579782e-08
1.44110304e-08
-4.477715877e-09
-2.01996313e-08
-1.177689778e-09
1.230392112e-09
-1.755933082e-10
-2.21494394e-09
-1.687411596e-10
2.983349903e-10
-1.169744682e-10
-2.954300335e-10
-5.024034703e-11
1.960435595e-10
2.243330243e-11
-2.541729355e-10
4.334819274e-11
6.447931756e-11
5.093020838e-11
-8.455781863e-11
4.579844522e-11
3.134558673e-11
3.438061705e-11
-3.481411297e-11
2.345079346e-11
1.088255922e-11
7.521024733e-09
7.53164338e-09
7.046453139e-09
5.012678734e-09
3.546656517e-09
3.148953741e-09
1.811958269e-09
1.209608437e-09
9.658928879e-10
-3.510675173e-10
4.479475134e-10
2.819177229e-10
1.846200655e-10
-1.444948471e-11
5.979782675e-11
4.109267738e-11
2.027344488e-11
-2.404129384e-13
2.89947594e-11
-8.305499079e-11
5.763999646e-11
5.442877937e-11
2.864223866e-09
1.287117063e-08
6.188793276e-09
-1.732515124e-08
7.028673169e-09
1.286384067e-08
7.593966247e-09
-1.249068723e-08
8.917625379e-09
1.44564168e-08
1.063811428e-08
-1.197249882e-08
1.18002829e-08
1.494507274e-08
1.138214003e-08
-1.279963887e-08
7.501388113e-09
2.852202063e-08
-6.636382426e-09
-1.532290206e-08
-1.799470565e-08
3.254255939e-08
-2.32490312e-08
-2.664044592e-08
-2.783253032e-08
4.129428775e-08
-3.093048784e-08
-3.81033048e-08
-3.111683324e-08
4.538984428e-08
-2.707121872e-08
-4.928691344e-08
-1.912324498e-08
2.760798904e-08
-9.887568806e-09
-3.673007549e-08
-3.074821273e-09
3.910620654e-09
-1.817734155e-10
-6.776450255e-09
-1.752238154e-10
2.860520677e-10
-1.345516323e-10
-2.686069451e-10
-7.135319559e-11
3.227655996e-10
2.740535555e-11
-3.94680102e-10
7.941452657e-11
1.016492911e-10
8.561983388e-11
6.368252035e-11
3.097521492e-11
-5.916203004e-11
-7.133313998e-11
-3.245085016e-11
3.152867303e-12
-3.693612314e-12
5.462282942e-12
1.295852884e-12
4.997310538e-12
-7.906893471e-14
4.251000235e-12
7.289094626e-13
3.685619392e-12
-4.167311426e-13
3.932302698e-09
-3.831516338e-09
6.36130765e-09
2.069098382e-08
1.006554905e-08
-2.203359876e-08
9.76309836e-09
1.291014013e-08
8.481981901e-09
-1.545335121e-08
8.32040415e-09
9.94112076e-09
9.253580416e-09
-9.355997149e-09
1.028839086e-08
1.053192173e-08
1.016189369e-08
-8.523357859e-09
8.111920049e-09
9.248157182e-09
2.167481052e-09
-5.705447506e-09
-8.262214745e-09
2.009458511e-08
-1.483690298e-08
-1.313395699e-08
-2.122184817e-08
3.27024724e-08
-2.831126598e-08
-2.553199353e-08
-3.464388154e-08
5.055924435e-08
-3.706633742e-08
-4.797364568e-08
-3.234994629e-08
4.740660715e-08
-2.052216544e-08
-5.903084139e-08
-8.185143128e-09
1.156695741e-08
-1.63632618e-10
-1.953333354e-08
-1.623637737e-10
2.412852515e-10
-1.527029799e-10
-1.998098495e-10
-1.103823396e-10
4.569283531e-10
-1.400243952e-11
-3.665580341e-13
-3.454390008e-12
-4.490605691e-13
-5.433993886e-13
8.92082134e-14
4.588325305e-13
6.301739064e-09
4.177285831e-09
9.326065089e-09
2.323458191e-08
1.39321331e-08
-2.491500423e-08
1.693144366e-08
2.055222417e-08
1.631431053e-08
-2.538458292e-08
1.452042315e-08
1.065800047e-08
1.281511586e-08
-1.238642327e-08
1.110855802e-08
6.918863438e-09
8.96452268e-09
-5.174512139e-09
6.236750015e-09
3.28993907e-09
3.419135926e-09
-1.622056624e-09
3.423702228e-10
6.204310865e-09
-5.001096714e-09
-8.661275438e-10
-9.718895225e-09
1.756277577e-08
-1.69800157e-08
-1.024032316e-08
-2.758064747e-08
4.051106919e-08
-3.99601493e-08
-2.803448001e-08
-4.79169399e-08
7.033111764e-08
-3.872251814e-08
-2.212624905e-08
3.276554681e-08
-1.018277435e-10
-6.810103987e-11
1.274827887e-10
1.500871361e-08
2.706238254e-08
1.754452308e-08
2.204667323e-08
2.377416698e-08
1.81181711e-08
1.412041261e-08
9.90967924e-09
9.907840314e-09
5.75139891e-09
2.491138811e-09
2.589056806e-09
1.017064451e-09
2.952167396e-10
4.79414979e-10
3.66451683e-10
1.816362179e-10
6.261054587e-10
4.505258087e-10
5.09451436e-09
-2.568234232e-09
-7.557977775e-09
1.250783884e-08
)
;

boundaryField
{
    dominio_ascii
    {
        type            calculated;
        value           nonuniform List<scalar> 
168
(
3.891486922e-09
2.661440127e-10
3.427715736e-10
6.762779348e-10
3.544274649e-09
1.097047517e-07
7.323946939e-08
5.624926344e-10
5.356438331e-08
1.814894657e-09
1.037378596e-08
7.24985207e-09
1.067710232e-08
7.722572071e-09
-2.821383557e-11
4.389470456e-14
3.055520215e-09
6.082757621e-11
6.281093439e-12
4.486053272e-09
6.646302109e-09
1.646793002e-13
2.641967069e-18
1.433381158e-17
-2.231892172e-17
1.064808254e-15
2.874977948e-11
1.004476717e-10
-7.72386779e-11
1.398760121e-09
3.357065429e-11
2.31222355e-11
-1.104851588e-09
-1.383220448e-08
-2.866188034e-08
-3.068775659e-10
2.596826039e-11
-5.824110473e-11
-2.689661944e-08
-3.079174318e-08
1.717115097e-10
2.036212631e-11
1.329082353e-07
8.071819642e-08
8.232309971e-08
4.852618706e-08
7.34679764e-08
3.408827958e-10
3.257524327e-10
3.137272702e-10
1.407806767e-09
1.207817529e-09
6.30047455e-10
5.588933443e-10
9.57594382e-10
8.31910646e-08
5.089193093e-08
7.146552267e-08
5.260030629e-10
1.023309369e-09
6.354620713e-10
2.016215921e-09
3.474126482e-08
3.638005737e-08
4.426390566e-09
5.325393113e-09
3.456724621e-09
1.148762841e-08
3.074577679e-09
9.178634978e-09
3.017763016e-10
8.103349134e-10
1.025606489e-08
1.854471819e-10
1.355763317e-10
5.268820246e-09
-3.706338978e-08
3.10543246e-09
4.895928307e-09
5.619902532e-11
2.459316269e-09
4.530627407e-09
5.377137426e-11
9.539300655e-11
1.535515084e-09
8.54019453e-12
1.495438793e-09
2.176056323e-09
1.497834992e-11
1.8831296e-09
4.631365592e-09
1.349776063e-11
1.156012048e-11
6.408338485e-09
1.475409465e-13
1.520736335e-11
1.064812629e-08
3.055669473e-13
2.589694282e-09
4.754860014e-09
6.121033485e-18
5.346376735e-10
1.038975915e-09
3.321502756e-17
1.234330421e-09
6.333329952e-10
-5.770438922e-16
8.716267419e-09
2.5006173e-09
-1.157215602e-08
1.724711741e-10
3.915628413e-09
-1.270860252e-08
-1.323261975e-08
2.760359327e-11
-2.014631632e-08
-7.838292714e-11
1.505516397e-10
1.012847914e-10
1.200315959e-09
3.171493098e-10
4.82416252e-15
9.111843873e-16
4.248775908e-09
1.039752628e-11
3.751075216e-10
1.729134172e-09
-9.108583431e-08
-1.96578621e-10
5.735760568e-12
2.935490762e-11
5.503132311e-12
6.476441788e-12
1.171085893e-10
1.35223499e-11
8.545503286e-12
1.168148601e-10
2.093083075e-11
-5.744982942e-11
4.236938802e-11
3.934538446e-11
4.893754121e-11
5.40947235e-11
2.921902025e-11
-2.8007977e-10
-7.470890962e-10
-7.035926367e-15
5.193661821e-15
-6.744904547e-15
4.218457059e-13
-8.027964971e-08
-8.545391209e-08
-1.446322099e-07
-2.334789531e-10
-4.211575778e-08
-2.908169393e-08
-2.829650486e-12
2.747025808e-11
1.990307124e-11
1.199121001e-11
8.392858189e-12
2.16412739e-11
6.608726941e-11
1.918870441e-10
3.278441303e-10
7.341459944e-10
2.751186057e-10
4.534561519e-11
)
;
    }
    wallFilmFaces_top
    {
        type            calculated;
        value           uniform 0;
    }
    region0_to_wallFilmRegion_wallFilmFaces
    {
        type            calculated;
        value           uniform 0;
    }
}


// ************************************************************************* //
