/*--------------------------------*- C++ -*----------------------------------*\
| =========                 |                                                 |
| \\      /  F ield         | OpenFOAM: The Open Source CFD Toolbox           |
|  \\    /   O peration     | Version:  2.1.x                                 |
|   \\  /    A nd           | Web:      www.OpenFOAM.org                      |
|    \\/     M anipulation  |                                                 |
\*---------------------------------------------------------------------------*/
FoamFile
{
    version     2.0;
    format      ascii;
    class       volVectorField;
    location    "2";
    object      Uf;
}
// * * * * * * * * * * * * * * * * * * * * * * * * * * * * * * * * * * * * * //

dimensions      [0 1 -1 0 0 0 0];

internalField   nonuniform List<vector> 
2828
(
(-0.6755857509 0 0.05318308527)
(-0.3487272232 0 -0.1028899022)
(-0.4306752239 0 -0.09305746552)
(-0.9120592611 0 0.1549708065)
(-0.6361713034 0 0.01429838905)
(-1.168172799 0 -0.2550584227)
(-1.30224401 0 -0.2106910577)
(-1.446702128 0 -0.1539591919)
(-1.482973991 0 -0.165362514)
(-1.022825055 0 0.144567727)
(-0.3741905546 0 -0.1531105776)
(-0.447560498 0 -0.1087344109)
(-0.5822514184 0 0.006441026656)
(-0.7089858415 0 -0.04956253234)
(-0.5056340525 0 0.1267480475)
(-0.5036658143 0 0.2853650377)
(-0.5289125325 0 0.3776488907)
(-0.8851996346 0 -0.3267049107)
(-0.9943594198 0 -0.2969332513)
(-1.111348511 0 -0.2525213066)
(-1.264957899 0 -0.2189174248)
(-1.423685191 0 -0.1713095895)
(-1.48081915 0 -0.1647372815)
(-1.235571544 0 0.2498056902)
(-0.5045345238 0 -0.08157761769)
(-0.5528670604 0 -0.1120743689)
(-0.5911243998 0 -0.108446861)
(-0.7523894327 0 -0.07339902532)
(-0.6274486938 0 0.1418422842)
(-0.589058944 0 0.3797700102)
(-0.5720989565 0 0.4654842886)
(-0.5698720282 0 0.4904954545)
(-0.8776136191 0 0.5723725548)
(-0.6989860396 0 -0.2907333255)
(-0.8136346931 0 -0.3088166117)
(-0.9153352748 0 -0.2856574361)
(-1.041706176 0 -0.2506239856)
(-1.212499237 0 -0.2264516608)
(-1.403526621 0 -0.2014030113)
(-1.481082591 0 -0.1755604767)
(-1.501808635 0 0.4169638929)
(-1.078326794 0 0.5395296205)
(-0.7397069614 0 0.03811194816)
(-0.6510430191 0 -0.1174457291)
(-0.7471967238 0 -0.08229900009)
(-0.7087980482 0 0.1384450721)
(-0.6471620787 0 0.4640278793)
(-0.6084737967 0 0.5706088424)
(-0.7775842291 0 0.5552103616)
(-1.046398487 0 0.605508101)
(-1.17557056 0 0.6964152579)
(-1.216352034 0 0.7699401154)
(-0.4966921813 0 -0.1820171562)
(-0.6433308072 0 -0.270980361)
(-0.7467253045 0 -0.3038258479)
(-0.8384850354 0 -0.2756785286)
(-0.9651621205 0 -0.2454149466)
(-1.153830563 0 -0.2316031078)
(-1.370145961 0 -0.2183419731)
(-1.478815927 0 -0.1401864416)
(-1.444513391 0 0.5331453278)
(-1.298639884 0 1.0513854)
(-0.9695662392 0 0.7382584968)
(-0.6646961761 0 -0.08804897412)
(-0.7479222265 0 -0.08642792457)
(-0.6450536319 0 0.1083041863)
(-0.6124107147 0 0.4734519686)
(-0.6306607353 0 0.6971091722)
(-1.148141168 0 0.641521325)
(-1.230839563 0 0.6772892304)
(-1.166568484 0 0.7056607898)
(-1.129105402 0 0.7499867732)
(-1.039217094 0 0.7477259895)
(-1.296764175 0 -0.9146219812)
(-0.5397958879 0 -0.09217793484)
(-0.5749984989 0 -0.2505589982)
(-0.6750050997 0 -0.2941079749)
(-0.7594332343 0 -0.2637784081)
(-0.8763480628 0 -0.2348733823)
(-1.079626232 0 -0.2276912285)
(-1.318071844 0 -0.1891719784)
(-1.448433742 0 -0.0296470529)
(-0.9264843778 0 0.3480957332)
(-1.007819027 0 1.157306845)
(-0.9444356998 0 1.185645681)
(-0.7120304984 0 0.1517754883)
(-0.7310288325 0 -0.07787050253)
(-0.6087866661 0 0.100867895)
(-0.5091698986 0 0.2146534425)
(-0.6775456648 0 0.760195401)
(-1.469902499 0 0.7345292682)
(-1.327657959 0 0.7535204629)
(-1.158650428 0 0.7432472336)
(-1.016827306 0 0.7218249073)
(-0.9339548631 0 0.7188197542)
(-0.657155575 0 0.5577004954)
(-0.3977741158 0 0.5663593448)
(-0.7710240443 0 -0.1389546729)
(-0.3940110798 0 -0.3078117492)
(-0.4584774699 0 -0.1942262957)
(-0.607595756 0 -0.2832477076)
(-0.7696498867 0 -0.2750547618)
(-0.768735112 0 -0.2166350541)
(-0.9843133897 0 -0.2163624981)
(-1.272266309 0 -0.1607608993)
(-1.413585856 0 -0.02915423065)
(-0.6503016071 0 0.0518926122)
(-0.5131035623 0 -0.09259217643)
(-0.6273939607 0 -0.02178628381)
(-0.5981260577 0 -0.08315396119)
(-0.6924511361 0 0.004936881208)
(-0.7101018205 0 0.2406314733)
(-0.74447124 0 0.4072476131)
(-0.780416582 0 0.5240647709)
(-1.147913469 0 0.7108098167)
(-1.255801186 0 0.7822058859)
(-1.116189749 0 0.7702104231)
(-0.912147236 0 0.6977910213)
(-0.8143246491 0 0.6855864692)
(-0.6090208257 0 0.5649297851)
(0.7776270568 0 -0.4742361547)
(0.9297055726 0 1.065902122)
(0.8338095546 0 0.9780710831)
(0.6746295354 0 0.7993167893)
(0.4690565748 0 0.5612214213)
(-0.08727068126 0 0.04134123418)
(-1.023803565 0 -0.3667001506)
(-0.636820697 0 -0.169165618)
(-0.8633659635 0 -0.1997105981)
(-1.21357767 0 -0.1618385254)
(-1.372671932 0 -0.01971607756)
(-0.7895271338 0 -0.4426128014)
(-0.5127926816 0 -0.09325394719)
(-0.6223274421 0 -0.009242113194)
(-0.556798808 0 -0.049726444)
(-0.6757221194 0 0.166312592)
(-0.7966847762 0 0.4339363272)
(-1.066432598 0 0.7773230969)
(-1.145221283 0 0.9282942462)
(-1.128218551 0 0.9298160487)
(-1.089700166 0 0.8327874719)
(-1.034296935 0 0.7800935968)
(-0.8051513577 0 0.6762720217)
(-0.7048777461 0 0.667828844)
(-0.6056995456 0 0.622746244)
(-0.4329535761 0 0.4850391558)
(0.3325743353 0 -1.130893646)
(0.8210440515 0 0.9208215442)
(0.7892593373 0 0.9030668979)
(0.7076799864 0 0.8224490627)
(0.5776301275 0 0.7021804499)
(0.1029564796 0 0.2260138264)
(-1.128375608 0 -0.4524810261)
(-0.443098806 0 0.1144289869)
(-0.7122339691 0 -0.1607223442)
(-1.147155437 0 -0.1628214366)
(-1.368697828 0 -0.1322812755)
(-1.164256459 0 -0.5804416016)
(-0.8660065388 0 -0.2111942468)
(-1.142841474 0 0.004468349626)
(-0.5704484977 0 -0.0114075407)
(-0.728552227 0 0.329681209)
(-1.008538134 0 0.6838294723)
(-1.316777165 0 1.072137591)
(-1.456114861 0 1.320364478)
(-1.355780022 0 1.276536872)
(-1.160215345 0 1.059686207)
(-0.920169137 0 0.7837120047)
(-0.6851415889 0 0.6688485506)
(-0.6226460288 0 0.7062070074)
(-0.5988991139 0 0.7218575945)
(-0.4946872897 0 0.6077462368)
(-0.370027002 0 0.4846792855)
(0.4893159823 0 -2.314614736)
(-0.1086569199 0 0.02242378153)
(0.5963157051 0 0.6658090833)
(0.6720086859 0 0.7584728254)
(0.6582710202 0 0.7557498301)
(0.5449505965 0 0.2306515103)
(0.5697009071 0 -1.05003111)
(1.15429278 0 -0.4710325072)
(-0.1480668183 0 -0.04411453996)
(-0.5222124017 0 -0.1022206666)
(-1.068811396 0 -0.1479200987)
(-1.399413375 0 -0.2407647649)
(-1.372601671 0 -0.6196313787)
(-1.235129709 0 -0.2731472379)
(-1.523160121 0 0.03742099127)
(-0.8725049505 0 0.1209796255)
(-0.8615406836 0 0.5208043647)
(-1.541574148 0 1.128996557)
(-1.483739393 0 1.30713741)
(-1.465679333 0 1.478840051)
(-1.455163823 0 1.556309969)
(-1.240312288 0 1.303194114)
(-0.8871265544 0 0.8912541649)
(-0.6271023605 0 0.7419964575)
(-0.6544860424 0 0.8584060225)
(-0.6709974896 0 0.9208038903)
(-0.564665872 0 0.7958259657)
(-0.3670940669 0 0.5460391784)
(-0.2994512506 0 -0.6387552735)
(-0.4687600189 0 -0.3823613359)
(0.3533756114 0 0.3954256769)
(0.503082752 0 0.5640292097)
(0.56065658 0 0.6329901021)
(0.5572060451 0 0.626895227)
(0.5453527963 0 0.3048991389)
(1.525531489 0 -0.2001774057)
(0.08168929731 0 0.2235554737)
(-0.3460213412 0 0.1276714031)
(-0.9632769662 0 -0.1056712586)
(-1.401700769 0 -0.2878324129)
(-1.421147581 0 -0.6087265894)
(-1.328738336 0 -0.2931759365)
(-1.596416906 0 0.07532361471)
(-1.255272962 0 0.260226871)
(-0.9638565763 0 0.5073869804)
(-1.57068662 0 1.2472519)
(-1.559389186 0 1.544901239)
(-1.346479266 0 1.551820528)
(-1.268479496 0 1.551604042)
(-1.128379526 0 1.340770831)
(-0.8248540592 0 0.9454951279)
(-0.668045826 0 0.8342965568)
(-0.7254418118 0 0.9638685427)
(-0.7629702629 0 1.067566992)
(-0.668886064 0 0.989578289)
(-0.4325858418 0 0.7031749073)
(-0.2807834941 0 -0.7371649436)
(-0.2751953604 0 -0.2529291213)
(0.1674844532 0 0.2181575913)
(0.3108226478 0 0.3623785019)
(0.4063849071 0 0.4955064004)
(0.4084239341 0 0.5718447698)
(0.3338380261 0 0.5674805423)
(-0.06428703814 0 0.2939651214)
(-0.2403486869 0 0.5246608238)
(-0.2495713141 0 0.1992218381)
(-0.8218835404 0 -0.05185541661)
(-1.340389866 0 -0.2593141397)
(-1.405535089 0 -0.5512525849)
(-1.313839589 0 -0.3770239571)
(-1.481881387 0 0.06907088888)
(-1.321669873 0 0.3240786259)
(-1.069451863 0 0.4445277789)
(-1.206743589 0 1.034158654)
(-1.463044709 0 1.761574994)
(-1.27351156 0 1.736411675)
(-0.9758860995 0 1.3115881)
(-0.7972347642 0 0.9911103569)
(-0.648752881 0 0.771281918)
(-0.7002697637 0 0.8851253548)
(-0.7263923126 0 0.9794167052)
(-0.7347519232 0 1.055610157)
(-0.6539885123 0 1.000797131)
(-0.4435957233 0 0.7131299837)
(-0.3059948888 0 0.5095937795)
(0.04869072383 0 -0.4131719901)
(-0.1864873917 0 0.189847167)
(-0.1751505138 0 0.2419082566)
(-0.2025910149 0 0.3030949357)
(-0.2325213921 0 0.4016658485)
(-0.194755991 0 0.4941623899)
(-0.2649619971 0 0.4522145068)
(-0.3357467579 0 0.4363782742)
(-0.4754537717 0 0.5004804168)
(-0.0472767155 0 -0.01277013079)
(-0.6518427547 0 0.0379722157)
(-1.217142806 0 -0.1788285476)
(-1.395254626 0 -0.4640406092)
(-1.294685696 0 -0.4699081285)
(-1.25207199 0 -0.06875662392)
(-1.247671586 0 0.3285916187)
(-1.092057949 0 0.4116902936)
(-0.6896456919 0 0.6596537691)
(-0.6564066241 0 0.73152828)
(-0.6308914832 0 0.3719503181)
(-0.4912800747 0 0.3242230458)
(-0.5269093051 0 0.5256704184)
(-0.7769873459 0 0.9526392266)
(-0.7889778567 0 1.063443823)
(-0.7064550335 0 1.023935087)
(-0.6195209743 0 0.9577118366)
(-0.5358872097 0 0.8517198948)
(-0.4253185167 0 0.6127369872)
(-0.358656115 0 0.4914418861)
(-0.1318466221 0 -0.01595504652)
(-0.1839863808 0 0.1684355061)
(-0.1911283297 0 0.2648516191)
(-0.2227393013 0 0.3272739639)
(-0.2840315588 0 0.4198688417)
(-0.3325068801 0 0.4965099138)
(-0.3778834795 0 0.5434538455)
(-0.4985442777 0 0.4376378551)
(-0.5341300218 0 0.3973926387)
(-0.562214349 0 0.4046252388)
(-0.5832376265 0 0.6471389589)
(-0.4840510957 0 0.2867475124)
(-1.045627386 0 -0.09403974078)
(-1.376442877 0 -0.3738902733)
(-1.315390836 0 -0.4811775762)
(-1.212270769 0 -0.2380216882)
(-1.121341634 0 0.2485973265)
(-1.033131481 0 0.3440234358)
(-0.604120352 0 0.3236634895)
(-0.8218336913 0 0.3735988052)
(-0.6683769118 0 0.3836129609)
(-0.5271976949 0 0.2868370993)
(-1.184074898 0 1.407005965)
(-1.022843802 0 1.467085889)
(-0.817783173 0 1.260890843)
(-0.5904401158 0 0.9699898728)
(-0.4295849089 0 0.7391027253)
(-0.3917993404 0 0.5967024559)
(-0.4234525701 0 0.5343016779)
(-0.4048187352 0 0.5399052353)
(-0.1896623724 0 -0.09770038678)
(-0.2404492818 0 0.3218789789)
(-0.2495961185 0 0.370647524)
(-0.3193773377 0 0.477374298)
(-0.3677048004 0 0.550952695)
(-0.393596699 0 0.5979427552)
(-0.4163975388 0 0.6083785593)
(-0.4461051894 0 0.4951723807)
(-0.5271272082 0 0.4707639194)
(-0.5129268437 0 0.5478547079)
(-0.5704633179 0 0.6738319904)
(-0.6727710296 0 0.6665849132)
(-0.8278534334 0 -0.001137047234)
(-1.33544958 0 -0.2951706933)
(-1.343281037 0 -0.4630657894)
(-1.288451658 0 -0.3138158885)
(-0.9643952334 0 0.08229645848)
(-0.8784598929 0 0.2287256293)
(-1.214703762 0 -0.28983366)
(-0.5433078815 0 0.3542377115)
(-0.575310327 0 0.309498082)
(-0.503655543 0 0.2525336063)
(-0.3683605577 0 1.351016279)
(-0.2032100382 0 0.6626481647)
(-0.1277312331 0 0.3980008419)
(-0.1651322916 0 0.2303772744)
(-0.150059644 0 0.2186758144)
(-0.4292303807 0 0.456642183)
(-0.4642726817 0 0.6056666191)
(-0.3849020657 0 0.6386866062)
(-0.2683034817 0 -0.2082619228)
(-0.2865305944 0 0.4266002184)
(-0.3667462925 0 0.5515507219)
(-0.4116715186 0 0.6210533191)
(-0.4305757385 0 0.6555817518)
(-0.4341551805 0 0.6700213491)
(-0.4369191539 0 0.6703663854)
(-0.438586599 0 0.6384892401)
(-1.260916222 0 0.5223294176)
(-0.7101791717 0 0.6210022807)
(-0.9217837708 0 0.8390350783)
(-0.9830867869 0 0.04159589505)
(-0.6029551722 0 0.1835088518)
(-1.25680972 0 -0.2285284915)
(-1.347232096 0 -0.446823815)
(-1.358687446 0 -0.3677666519)
(-0.803910547 0 -0.2503374125)
(-0.4335958815 0 -0.2811712336)
(-1.410331536 0 -0.4968496391)
(-1.113211547 0 0.4907948881)
(-0.5673465452 0 0.4175780016)
(-0.4861246842 0 0.4568665569)
(-0.2208675444 0 0.3269033862)
(-0.1353284752 0 0.2780503216)
(-0.1638858302 0 0.2070673607)
(-0.09267342378 0 0.0320767915)
(-0.1774626811 0 -0.4680211154)
(-0.4939772858 0 0.7713210276)
(-0.3441526941 0 0.8543518435)
(-0.2615613592 0 0.9085447597)
(-0.1919103109 0 0.05185118054)
(-0.4264544846 0 0.6432868766)
(-0.4619321168 0 0.7013626698)
(-0.4673899832 0 0.7194896072)
(-0.4622148337 0 0.7224352384)
(-0.4562462127 0 0.7233442192)
(-0.4661197989 0 0.7374269886)
(-0.5554568386 0 0.6688897471)
(-1.759114177 0 0.2912658393)
(-0.9090040533 0 -0.2743452989)
(-0.7891739337 0 1.658997985)
(-0.6954256462 0 1.069034317)
(-0.5748319311 0 0.5285336664)
(-1.107114019 0 -0.1415909535)
(-1.320622545 0 -0.4173372895)
(-1.412943453 0 -0.3915922168)
(-0.8525197655 0 -0.583693304)
(-0.4804089836 0 -0.3765442464)
(-1.260361288 0 -0.8742515893)
(-0.949223525 0 0.5137231458)
(-0.5620010096 0 0.5469859814)
(-0.5793250163 0 0.6224540806)
(-0.4629909793 0 0.4930774005)
(-0.1539176365 0 0.1474437206)
(-2.561212876 0 1.045327909)
(-0.2717320697 0 0.1880549849)
(-0.1270151059 0 0.1117461186)
(-0.4813293154 0 0.4701108597)
(-0.3446154095 0 0.5874253868)
(-0.1444798506 0 0.5712891461)
(1.56896451 0 0.2045030381)
(-0.5097125974 0 0.7820758983)
(-0.4997058343 0 0.7830723179)
(-0.4794722638 0 0.765762782)
(-0.4646603658 0 0.7517673564)
(-0.4761226618 0 0.7866551321)
(-0.5293954987 0 0.8955602995)
(-0.6264214519 0 1.051789413)
(0.4736526389 0 0.8970306675)
(-0.3967487534 0 1.011262933)
(-0.7259988584 0 0.9200376549)
(-0.6838750591 0 0.8158118916)
(-0.6129073748 0 0.7607874987)
(-0.8424089036 0 0.03544489034)
(-1.256522729 0 -0.3668613546)
(-1.426949852 0 -0.3821510439)
(-1.076251224 0 -0.6762691514)
(-0.6487685741 0 -0.4669545627)
(0.7927718733 0 -0.2445069988)
(-0.6658315686 0 0.1113706104)
(-0.5049176062 0 0.5908106413)
(-0.5266528089 0 0.6838730348)
(-0.464857697 0 0.6088503356)
(-0.1791439558 0 0.1517429307)
(-3.377031244 0 1.598240731)
(-1.658265446 0 2.0128396)
(-0.2057836554 0 0.2711712849)
(-0.6676962328 0 0.5396566801)
(-0.4124263423 0 0.5717324245)
(-0.2711921704 0 0.636420438)
(-0.5150432474 0 0.8232081547)
(-0.4963712977 0 0.7980456551)
(-0.459456013 0 0.7490883848)
(-0.4492291148 0 0.7449821857)
(-0.5275241847 0 0.9063111512)
(-0.6415143319 0 1.110506865)
(-0.7302076644 0 1.238005148)
(-0.7867193324 0 1.25151482)
(-0.7994336729 0 1.136650042)
(-0.7494528711 0 0.9435252526)
(-0.6498189984 0 0.770340547)
(-0.5666594363 0 0.706872901)
(-0.5930830282 0 0.2873537895)
(-1.152003994 0 -0.304821926)
(-1.392228935 0 -0.3610008969)
(-1.271159148 0 -0.7276311653)
(-0.8327129251 0 -0.6017990452)
(-0.4944682176 0 -0.3718726396)
(-0.5356517028 0 0.01195441545)
(-0.3898244271 0 0.6076575128)
(-0.3941925941 0 0.6272142834)
(-0.3285273193 0 0.4171095448)
(-0.3626154074 0 -1.958399003)
(-0.9544283544 0 2.182026961)
(-0.5814978951 0 4.73232952)
(-0.3960985691 0 4.093534543)
(0.1541462241 0 2.850353239)
(0.3592707725 0 2.778195738)
(0.2639443616 0 2.263201666)
(-0.5209547378 0 0.8547977768)
(-0.4674023263 0 0.7795122744)
(-0.4149879866 0 0.7043112994)
(-0.6477763921 0 0.951919956)
(-0.8277345781 0 1.122210516)
(-0.8792229137 0 1.202442143)
(-0.8738855142 0 1.223534903)
(-0.8415956665 0 1.173318181)
(-0.7823384514 0 1.02860368)
(-0.6868844517 0 0.818699353)
(-0.578300417 0 0.642710038)
(-0.4945158228 0 0.5540375946)
(-0.4718538969 0 0.4460732999)
(-0.9893666133 0 -0.2274751835)
(-1.315485888 0 -0.3355761199)
(-1.406917141 0 -0.7748052117)
(-0.9946203418 0 -0.8544545732)
(-0.6847680132 0 -0.6128977845)
(-0.4447779513 0 -0.3747032885)
(-0.5286659631 0 0.9933940919)
(-0.1612039734 0 0.1293561884)
(-0.1164105958 0 0.06163676135)
(-0.11790888 0 0.06736170186)
(2.326863882 0 1.266403981)
(0.5727181405 0 0.6703818355)
(-0.1244272722 0 0.09553157646)
(1.297654508 0 1.165992133)
(0.865999725 0 1.343233265)
(0.6045969217 0 1.285425686)
(-0.02172756094 0 0.04335139874)
(-0.2044715863 0 -0.08076739721)
(-0.8280011761 0 0.988115517)
(-1.04541161 0 1.213532599)
(-1.083424722 0 1.267104772)
(-1.040497005 0 1.234985976)
(-0.9486191336 0 1.137278884)
(-0.8266137569 0 0.9796518384)
(-0.6952125662 0 0.7874783717)
(-0.5793101953 0 0.6179521836)
(-0.4897951594 0 0.5008643114)
(-0.4166265765 0 0.4190287808)
(-0.4019501125 0 0.4145541649)
(-0.7151833448 0 0.06537397928)
(-1.209216413 0 -0.3146912091)
(-1.467101613 0 -0.8645449747)
(-0.8760972034 0 -1.383647786)
(-0.676467529 0 -1.245015529)
(-0.9208621685 0 -1.098300335)
(0.3177068478 0 0.06688023722)
(-0.02027875311 0 0.05835313308)
(-0.103289843 0 0.05831554787)
(-0.1131427925 0 0.06324851591)
(0.7192717636 0 0.4467191721)
(-0.1067679556 0 0.08306437952)
(-0.1102193097 0 0.09547072732)
(1.035328008 0 0.7166164677)
(0.7574350583 0 0.7568067634)
(0.1027859791 0 -0.01000867251)
(-1.238673571 0 1.403193767)
(-1.266273146 0 1.448695537)
(-1.198558651 0 1.38375894)
(-1.059959241 0 1.22881764)
(-0.8722277922 0 0.9966157101)
(-0.6973599031 0 0.7604133252)
(-0.5793152436 0 0.5967378841)
(-0.4987474192 0 0.496063216)
(-0.427771025 0 0.4217107584)
(-0.3652040582 0 0.3629966587)
(-0.5260826562 0 0.4226315428)
(-0.7783737044 0 0.6184585728)
(-1.054592772 0 -0.3335060049)
(-1.508979163 0 -0.9408735997)
(-0.6250926838 0 -1.868551184)
(0.4239227531 0 -2.656549134)
(0.6149657674 0 -1.82525949)
(0.1923847841 0 -0.2246198946)
(-0.1653361817 0 0.01044052268)
(-0.1162220296 0 0.05550001904)
(-0.1106919792 0 0.06123415704)
(-0.1070914276 0 0.07699797869)
(-0.1013896901 0 0.08676301907)
(-0.09767347873 0 0.09307673412)
(0.6706178096 0 0.4509381441)
(0.641088587 0 0.5487349817)
(0.03129268616 0 -0.8414476571)
(-1.448748985 0 1.65216951)
(-1.363708341 0 1.577726221)
(-1.18717544 0 1.384938293)
(-0.9109479011 0 1.047229672)
(-0.6859514054 0 0.7329357699)
(-0.5890936553 0 0.5873006367)
(-0.5283496284 0 0.5144223468)
(-0.4596198658 0 0.4460359982)
(-0.3817586538 0 0.3763826661)
(-0.4200191051 0 0.367392469)
(-0.7386553656 0 0.5102911444)
(-0.8911630488 0 0.6883249361)
(-0.8466649242 0 -0.2560660114)
(-1.635364014 0 -0.877956947)
(-1.550143142 0 -1.109074493)
(-0.854652348 0 -1.198841722)
(0.7688326843 0 -1.64420233)
(-0.4777022298 0 -0.3111162523)
(-0.1436166895 0 -0.03955906202)
(-0.1283832298 0 0.03384695557)
(-0.1116606336 0 0.05936615969)
(-0.1090915811 0 0.08294801868)
(-0.1008232523 0 0.09348469984)
(-0.09276684075 0 0.1001681919)
(0.2610223378 0 0.2601855571)
(-1.487868956 0 1.745122336)
(-1.314765441 0 1.547255372)
(-0.8465898688 0 0.9826176989)
(-0.6310543829 0 0.6459572854)
(-0.6237267828 0 0.6047667769)
(-0.5872158038 0 0.5662354178)
(-0.5135235085 0 0.4956732705)
(-0.4177098303 0 0.404172277)
(-0.3346731956 0 0.3335113212)
(-0.6702505629 0 0.4712696819)
(-0.8938394917 0 0.5803984131)
(-0.9631990702 0 0.6811179599)
(-0.7957590397 0 0.01293724022)
(-1.646778093 0 -0.8857771033)
(-1.700548958 0 -1.169556994)
(-1.659962086 0 -1.112069209)
(-1.440259204 0 -0.9610597956)
(-0.8285146228 0 -0.5536340714)
(-0.1423101583 0 -0.08436680232)
(-0.1540509721 0 -0.02876093519)
(-0.1240505425 0 0.05979256916)
(-0.1181596124 0 0.09588939189)
(-0.1051346682 0 0.1065718554)
(-0.09120564708 0 0.110788978)
(-0.08175309802 0 0.1104583525)
(-0.414434179 0 -0.02008201239)
(-0.5231239539 0 0.5779897826)
(-0.5803122907 0 0.6223260706)
(-0.6958687155 0 0.6791827211)
(-0.6809100225 0 0.6544007165)
(-0.5937365919 0 0.5693889274)
(-0.4672518011 0 0.4455595784)
(-0.3363504529 0 0.322834746)
(-0.4813670463 0 0.452689934)
(-0.894428464 0 0.5254570137)
(-1.005409226 0 0.6286761787)
(-1.012590731 0 0.6858303521)
(-0.983796694 0 0.4554885923)
(-1.608106174 0 -0.8803413908)
(-1.756389036 0 -1.211027494)
(-1.784322026 0 -1.206444669)
(-1.686520976 0 -1.125690298)
(-1.260174283 0 -0.8407251944)
(-0.1657161288 0 -0.1061529215)
(-0.1739379782 0 -0.04433956642)
(-0.1456381292 0 0.07215780505)
(-0.1273164035 0 0.1113917065)
(-0.1101343377 0 0.1243446119)
(-0.08984437864 0 0.1286193112)
(-0.5782175317 0 0.697523917)
(-0.7838424512 0 0.7656355072)
(-0.8212744979 0 0.7712252113)
(-0.7112567596 0 0.6719594032)
(-0.5374917126 0 0.5033399913)
(-0.3495209285 0 0.3173221755)
(0.1702959165 0 0.390605578)
(-0.8285325278 0 0.5724838211)
(-1.01984167 0 0.5030992985)
(-1.053049554 0 0.6584440915)
(-1.021618814 0 0.7375546529)
(-0.9853645338 0 0.6590190531)
(-1.481053067 0 -0.8264835233)
(-1.766756113 0 -1.219371148)
(-1.864173852 0 -1.271357472)
(-1.854969283 0 -1.243702137)
(-1.63758893 0 -1.091900286)
(-0.1884640246 0 -0.1245177253)
(-0.1887322883 0 -0.04891710466)
(-0.1453167093 0 0.07698852414)
(-0.1252062782 0 0.1187843343)
(-0.09801651719 0 0.1414810013)
(-0.9719749033 0 0.8930581142)
(-0.86587622 0 0.8258715536)
(-0.616040855 0 0.5880458491)
(-0.5404508159 0 0.1333290341)
(-0.1725070698 0 0.02691476991)
(-0.1153283696 0 0.1212449858)
(-1.02304833 0 0.6332627432)
(-1.043621545 0 0.4906188169)
(-0.9736685186 0 0.6804731796)
(-0.9333589341 0 0.826174513)
(-0.8901714655 0 0.7785733431)
(-1.245041528 0 -0.6109807322)
(-1.71043806 0 -1.170656617)
(-1.901527777 0 -1.309914967)
(-1.957606021 0 -1.323310062)
(-1.889905196 0 -1.261860878)
(-0.2035296881 0 -0.1421547038)
(-0.1961714145 0 -0.05653190122)
(-0.1332784414 0 0.04445650172)
(-0.05438719041 0 0.1044435661)
(0.9035340665 0 -1.142938023)
(1.885289661 0 -0.8762629961)
(0.1171773612 0 0.7602490678)
(-0.04226152054 0 0.709942421)
(-1.125415041 0 0.701114909)
(-1.036881207 0 0.5890800368)
(-0.8008977407 0 0.729543256)
(-0.721883078 0 0.9020648481)
(-0.7224351528 0 0.8682840791)
(-0.80193935 0 0.09279470763)
(-1.503044223 0 -0.9792005977)
(-1.893753292 0 -1.316372878)
(-2.008074011 0 -1.374489362)
(-2.022941846 0 -1.357863102)
(-0.217373426 0 -0.1314318448)
(-0.2010521673 0 -0.06731435864)
(-0.153774023 0 0.02192846254)
(0.4251922788 0 -0.2790452961)
(-0.3113411713 0 0.1335622802)
(0.6081519446 0 0.3822931419)
(-1.187407378 0 0.7831802197)
(-1.104429838 0 0.7074414423)
(-0.817647415 0 0.7670592553)
(-0.6221489937 0 0.8363197422)
(-0.5412075124 0 0.8125532473)
(-0.3291946255 0 0.5933805022)
(-0.8433318176 0 -0.3255586168)
(-1.777852099 0 -1.23698377)
(-2.019418425 0 -1.402951217)
(-2.076002354 0 -1.408521736)
(-0.05622523666 0 -0.293657865)
(-1.207711912 0 0.8161384115)
(-1.17422253 0 0.7504180641)
(-1.028559916 0 0.7530654662)
(-0.7534389054 0 0.5782379356)
(-0.06509038254 0 0.6387665434)
(0.007652351479 0 0.5415825633)
(-0.03218101809 0 0.464756609)
(0.01783272363 0 0.3258969946)
(0.5256113699 0 -1.231291206)
(-1.394450907 0 -0.1812667534)
(-1.454876171 0 -0.1507549395)
(-1.498176793 0 -0.03900138458)
(-1.477283509 0 -0.1707522211)
(-1.318517927 0 0.0843097287)
(-1.298198773 0 0.1132599509)
(-0.889783837 0 0.09006506492)
(-0.3541726773 0 -0.2452651528)
(-0.3464729322 0 -0.2363669165)
(-0.3604049917 0 -0.1256279623)
(-0.3739853409 0 -0.09171773872)
(-0.3619971905 0 -0.07245287852)
(-0.4494681207 0 -0.1064185453)
(-0.6123858429 0 -0.1682995463)
(-0.6039406799 0 -0.1620185538)
(-0.7617660803 0 0.113991182)
(-0.5965488482 0 -0.02265229807)
(-0.6170541819 0 0.05593578739)
(-0.6551410284 0 -0.006795027054)
(-0.5705198783 0 0.03273016146)
(-0.4514879387 0 0.1179243445)
(-0.4619112047 0 0.1913516506)
(-0.4845676984 0 0.2556048318)
(-1.018029821 0 -0.2996637176)
(-1.065558336 0 -0.2807067685)
(-1.146213462 0 -0.2539367755)
(-1.212249106 0 -0.241742456)
(-1.231355785 0 -0.2435034827)
(-1.28848092 0 -0.2150121457)
(-1.368860899 0 -0.1941473987)
(-1.381678764 0 -0.1883229366)
(-0.5475539617 0 0.3331577321)
(-0.5502451258 0 0.3818633008)
(-0.5191715156 0 0.3370406897)
(-0.5485048005 0 0.4171243351)
(-0.5386058323 0 0.4403260863)
(-0.5317457728 0 0.4125862283)
(-0.5410093638 0 0.4602523758)
(-0.640761799 0 0.4998896613)
(-0.8083772263 0 -0.3152171481)
(-0.8582156947 0 -0.3239304399)
(-0.8984079047 0 -0.3072465279)
(-0.9245058173 0 -0.3189576412)
(-0.9626016521 0 0.5874288677)
(-1.07540976 0 0.640278612)
(-1.020325499 0 0.6268570363)
(-1.162371265 0 0.6926582303)
(-0.5398115827 0 -0.213864306)
(-0.6168053423 0 -0.2535376322)
(-0.6508115258 0 -0.2663513847)
(-0.6759352927 0 -0.2775372419)
(-0.7293171554 0 -0.299035038)
(-0.7775943009 0 -0.3056361319)
(-1.163217512 0 0.6910150514)
(-1.172327535 0 0.7257564698)
(-1.211966023 0 0.7382770362)
(-1.191099549 0 0.7680805743)
(-1.159805809 0 0.7813255743)
(-1.131024543 0 -0.7084897412)
(-0.8258378497 0 -0.3912001378)
(-0.604469204 0 -0.2618023606)
(-0.9881995364 0 0.7339963794)
(-0.865692578 0 0.6699708325)
(-1.097117403 0 -1.026686863)
(-1.214924464 0 -1.146894391)
(-1.259914048 0 -1.027576896)
(-0.6156577437 0 0.5467544125)
(-0.474830489 0 0.4521878856)
(0.9775463994 0 1.122004186)
(0.9413610741 0 1.111780938)
(0.8947030351 0 1.062957719)
(-0.8413297557 0 0.09155357768)
(-0.6031490966 0 0.5871350762)
(-0.4705862509 0 0.4879035621)
(-0.4595568951 0 0.4545929422)
(-0.3918625724 0 0.4320710484)
(0.09627014332 0 -1.102811542)
(0.9075362432 0 1.007042148)
(0.9652791815 0 1.076482402)
(-0.4748282017 0 0.5506716016)
(-0.4039385134 0 0.4870249909)
(-0.3862708888 0 0.4542408689)
(0.3358196658 0 -1.471456002)
(0.2688759081 0 -1.287303547)
(-0.3663159632 0 0.5071598322)
(-0.2323812564 0 -0.4192455057)
(-0.1868270817 0 -0.6028761545)
(0.5065282251 0 -2.403990324)
(-0.402141632 0 0.6323524345)
(-0.3137715749 0 0.5335619008)
(-0.3203378597 0 0.5047305225)
(-0.2733166999 0 -0.6754753654)
(-0.2991424999 0 -0.7099430735)
(-0.3852535101 0 -0.8602846066)
(-0.3804953179 0 -0.7548387785)
(-0.4470656188 0 0.732768669)
(-0.3227559723 0 0.5772535915)
(-0.3142077559 0 0.5625080605)
(-0.2816932112 0 0.5170201674)
(-0.1925848705 0 -0.6263397752)
(-0.2440313969 0 -0.6701327584)
(-0.3350453986 0 0.4982293106)
(-0.1253497215 0 0.003800803618)
(-0.0967021429 0 0.02547898557)
(0.01100870805 0 -0.3266177338)
(-0.3760423633 0 0.5009791409)
(-0.3703254216 0 0.5050617099)
(-0.152903476 0 -0.0481541713)
(-0.1594418886 0 0.004651848882)
(-0.1379202085 0 0.01204757088)
(-0.4103393182 0 0.5810501439)
(-0.3917922582 0 0.6025051149)
(-0.3904969406 0 0.5457845187)
(-0.2338379587 0 -0.1570444547)
(-0.2777027531 0 0.3805094287)
(-0.2087407927 0 0.2377195559)
(-0.3459442695 0 0.7681567208)
(-0.3088983836 0 0.7551075125)
(-0.3587256782 0 0.6558814647)
(-0.2751779623 0 -0.2450407994)
(-0.3068520152 0 0.4566482681)
(-0.2994356584 0 0.4129532584)
(-0.1541308983 0 0.814465478)
(-0.1216868835 0 0.8270130198)
(-0.2347939921 0 0.8833972389)
(0.6801670642 0 0.3090105968)
(-0.462812529 0 0.6921498786)
(-0.3821756478 0 0.5721178989)
(-0.1935607541 0 0.625388693)
(-0.1357497843 0 0.6330609041)
(-0.08491966913 0 0.4979220583)
(-0.5175578537 0 0.8166375592)
(-0.510672654 0 0.7655013756)
(-0.07063520786 0 0.8036541115)
(-0.2393848178 0 0.6414814958)
(-0.5496442263 0 0.8417040674)
(-0.515586651 0 0.8276217203)
(0.4917876185 0 1.823918061)
(-0.5417571796 0 0.8602438258)
(0.2383544579 0 0.2011097271)
(0.3666773442 0 -0.2684271778)
(-0.4988024627 0 0.8263551257)
(0.8222484333 0 0.9699846822)
(0.6321012096 0 0.8836536707)
(0.6508920411 0 1.249793893)
(0.1494660638 0 -0.1698763378)
(0.09946329664 0 -0.2244900854)
(-0.2740999022 0 -0.1377474368)
(0.6658168079 0 0.6067968596)
(0.6408025852 0 0.63273911)
(0.6427118038 0 0.7393680301)
(0.08766033579 0 -0.06040709281)
(-0.006007008978 0 -0.08472430191)
(0.5606413039 0 0.4842161942)
(-1.137697277 0 -0.7753524714)
(-1.537768959 0 1.73844118)
(-1.471729141 0 1.658267431)
(-0.04816795322 0 0.1237379638)
(0.02161142592 0 0.1554715202)
(0.3102483904 0 0.3097599832)
(-1.551621083 0 1.785126417)
(-0.2195042922 0 0.07468772406)
(-0.6911924125 0 -0.09304441726)
(-1.437700763 0 1.68887575)
(-0.09092934829 0 0.1183402534)
(-0.08296263461 0 0.1176658689)
(-0.08408932504 0 0.1122185973)
(-0.2075656741 0 -0.3992942299)
(-0.9431677933 0 0.2051674482)
(-0.08989785313 0 0.1331081305)
(-0.08265432876 0 0.1260906131)
(0.4080729668 0 -0.4543915019)
(-0.5372510875 0 0.6870640209)
(-0.07884036829 0 0.1407538001)
(-0.09060372064 0 0.1404002636)
(0.5767775726 0 -0.4449829902)
(-0.9292048808 0 0.8820208672)
(0.7182017367 0 -1.536172156)
(0.6437496668 0 -1.509235833)
(-0.7585499025 0 0.7241075424)
(-0.1390090709 0 0.02756590626)
(-0.09300771703 0 0.05049064679)
(-0.09567762433 0 0.07173920933)
(-0.02609225176 0 0.07602340071)
(-0.01431308307 0 0.1148907318)
(0.8019008613 0 -1.206682359)
(0.853994772 0 -0.7850620972)
(0.6946937944 0 -0.4861609182)
(1.164326639 0 -1.049780038)
(-0.2001234105 0 -0.07607249762)
(-0.2208501599 0 -0.0509874727)
(-0.2215715677 0 -0.04293434075)
(-0.2413870367 0 0.04131429208)
(0.02489155912 0 -0.2076221191)
(-0.1694433923 0 -0.1984932771)
(-0.2023744355 0 0.02608617596)
(0.4912861143 0 0.1357265121)
(-1.223606284 0 0.7761062584)
(-1.19482297 0 0.7520063418)
(-2.006712883 0 -1.407883521)
(-2.062483388 0 -1.421203087)
(-2.063145579 0 -1.410699676)
(-2.084963548 0 -1.422987417)
(-2.100889734 0 -1.437376362)
(-2.091100669 0 -1.410251084)
(-0.004948868997 0 -0.4523442668)
(-1.227981215 0 0.7961330155)
(-1.199863361 0 0.7573698362)
(0.1152871388 0 0.8063754839)
(-1.101043035 0 0.7718830142)
(0.3561326842 0 0.8746224554)
(0.352414819 0 0.8864694042)
(-0.9335754027 0 0.6930645587)
(0.3068332513 0 0.8427184382)
(0.2306860816 0 0.741921024)
(-0.3472272875 0 0.5781056204)
(0.1616225064 0 0.6302348514)
(0.1094288149 0 0.5300320155)
(0.01319620443 0 0.6053854279)
(0.06824727145 0 0.4774801774)
(0.02559221993 0 0.4547430167)
(-0.02903344936 0 0.5131438545)
(0.001774722016 0 0.4472941586)
(-0.02305680993 0 0.4549890383)
(0.5608975505 0 -0.2015043903)
(-1.434338293 0 -0.1609983004)
(-1.487302025 0 -0.06472384573)
(-1.489772816 0 -0.05338986526)
(-1.481613458 0 -0.1635300948)
(-1.377681695 0 0.1831640194)
(-1.341079047 0 0.1624245656)
(-1.108414924 0 0.1862567614)
(-0.4668597862 0 -0.2129837579)
(-0.3706735266 0 -0.2626423904)
(-0.3914447027 0 -0.1700718688)
(-0.4005379084 0 -0.1345083491)
(-0.3841420256 0 -0.1160093155)
(-0.4650392735 0 -0.1069449487)
(-0.5527829836 0 -0.08633047349)
(-0.5557747304 0 -0.1201709784)
(-0.5507423553 0 -0.08062353077)
(-0.6630630885 0 -0.1049091517)
(-0.621817393 0 -0.08138608811)
(-0.7398539557 0 -0.0641974566)
(-0.7020158275 0 -0.02334709969)
(-0.6474721017 0 -0.001853807903)
(-0.5661080098 0 0.1368958997)
(-0.544126899 0 0.2573965705)
(-0.4954566286 0 0.221226207)
(-0.9516488113 0 -0.289196729)
(-1.0088832 0 -0.2684055256)
(-1.043360176 0 -0.2720815657)
(-1.076859652 0 -0.2520761866)
(-1.154645453 0 -0.2433250781)
(-1.184764854 0 -0.241979698)
(-1.239326028 0 -0.2227977046)
(-1.329210464 0 -0.2077858293)
(-1.348660923 0 -0.2003857248)
(-1.413756997 0 -0.1853403969)
(-1.480414296 0 -0.1013970435)
(-1.48373091 0 -0.08010585155)
(-1.481008795 0 -0.1690180407)
(-1.513451892 0 0.2260122555)
(-1.437169844 0 0.2016112679)
(-1.379259389 0 0.329155139)
(-1.131039536 0 0.327956329)
(-0.8233818312 0 0.06625706658)
(-0.8054563322 0 0.2197095026)
(-0.618866062 0 0.003013883829)
(-0.4734091168 0 -0.1207100379)
(-0.6482213409 0 -0.08962640355)
(-0.7070278762 0 -0.07981050778)
(-0.6301553848 0 -0.08716625335)
(-0.6291861902 0 -0.1147738834)
(-0.7058758493 0 -0.1153097703)
(-0.6944162011 0 -0.111675146)
(-0.7502458341 0 -0.07893951899)
(-0.7693580721 0 -0.04047224484)
(-0.7392743246 0 -0.03372444071)
(-0.6801205694 0 0.142373636)
(-0.6416892101 0 0.3175004374)
(-0.5960104655 0 0.2901426405)
(-0.6250888835 0 0.4249949475)
(-0.6104132541 0 0.4839269867)
(-0.5825257329 0 0.4321225393)
(-0.5928905506 0 0.516694746)
(-0.5649148913 0 0.5250545603)
(-0.5538167531 0 0.4838503915)
(-0.6487948864 0 0.5217670078)
(-0.8226312192 0 0.5475443005)
(-0.704170868 0 0.5210165598)
(-0.7807673339 0 -0.3067067167)
(-0.8281023997 0 -0.3002740771)
(-0.8631166657 0 -0.3042167667)
(-0.8778762609 0 -0.2811140268)
(-0.9347197644 0 -0.2604489319)
(-0.973106699 0 -0.264860285)
(-1.004592136 0 -0.2485113465)
(-1.089416394 0 -0.2448429917)
(-1.122901294 0 -0.2443110284)
(-1.184368805 0 -0.2296553075)
(-1.288648925 0 -0.2253945579)
(-1.30955967 0 -0.2165993517)
(-1.389897946 0 -0.2145365226)
(-1.455378873 0 -0.1481529444)
(-1.47224623 0 -0.1261115711)
(-1.480922894 0 -0.172500454)
(-1.568413191 0 0.2733847596)
(-1.580150732 0 0.256756071)
(-1.548055117 0 0.4987135346)
(-1.435665625 0 0.71163859)
(-1.329432445 0 0.5341415413)
(-1.247292334 0 0.8195240449)
(-1.027514035 0 0.7011617449)
(-0.8324528081 0 0.3218917668)
(-0.8616470566 0 0.3569080348)
(-0.7960663493 0 0.04232474245)
(-0.7579884304 0 -0.05212931487)
(-0.6574190043 0 -0.1164759854)
(-0.6915528837 0 -0.1191532254)
(-0.7009109079 0 -0.1175179881)
(-0.7474916248 0 -0.0847193972)
(-0.8124670157 0 -0.04883546052)
(-0.7947643657 0 -0.04554503359)
(-0.6961165124 0 0.1266303335)
(-0.6499518486 0 0.3202053434)
(-0.6663284413 0 0.3333219379)
(-0.6458924138 0 0.487307653)
(-0.6371258765 0 0.5846715807)
(-0.6296565061 0 0.5355082271)
(-0.6201761846 0 0.6292782275)
(-0.677429326 0 0.6002914379)
(-0.5853312384 0 0.5631024614)
(-0.9409766242 0 0.5937344516)
(-1.080787248 0 0.6107983359)
(-0.9432060762 0 0.574334582)
(-1.139705696 0 0.636023131)
(-1.158406391 0 0.6624027048)
(-1.112889433 0 0.6432933492)
(-0.4726134652 0 -0.1504080528)
(-0.5310774519 0 -0.2203523148)
(-0.5709914998 0 -0.2353404086)
(-0.6115018695 0 -0.2621159136)
(-0.6671028562 0 -0.2914127728)
(-0.6988222247 0 -0.296091854)
(-0.7116428088 0 -0.2995775148)
(-0.752300886 0 -0.2904552104)
(-0.7910909913 0 -0.2958628205)
(-0.7977548414 0 -0.2695672884)
(-0.8504903171 0 -0.2482411516)
(-0.8940447249 0 -0.2549956949)
(-0.922698253 0 -0.2409984192)
(-1.01433331 0 -0.2432477335)
(-1.053567688 0 -0.2446186423)
(-1.119319955 0 -0.231140232)
(-1.234274533 0 -0.2317803621)
(-1.264154309 0 -0.2313605268)
(-1.344718224 0 -0.2088590632)
(-1.401152075 0 -0.1594827684)
(-1.429701622 0 -0.1604697204)
(-1.468972974 0 -0.0805870628)
(-1.151564441 0 0.2000183932)
(-1.399370212 0 0.2489883334)
(-1.182934393 0 0.4738089539)
(-1.230341446 0 0.8648464785)
(-1.411171693 0 0.8399460868)
(-1.211553918 0 1.187439291)
(-1.12412976 0 1.280015516)
(-1.131992162 0 1.035751464)
(-1.002404163 0 1.044998049)
(-0.8845404519 0 0.5661391294)
(-0.8471404123 0 0.2814563556)
(-0.6990986965 0 0.03684949141)
(-0.672692835 0 -0.1209070655)
(-0.6827250811 0 -0.1210626358)
(-0.7435429949 0 -0.08597167933)
(-0.8140844141 0 -0.04835632679)
(-0.8196832883 0 -0.05046759667)
(-0.6014997016 0 0.09329452189)
(-0.5279649235 0 0.1573921629)
(-0.5819988848 0 0.2496722257)
(-0.5484648914 0 0.379573049)
(-0.6181864186 0 0.6311189188)
(-0.631343548 0 0.626845575)
(-0.6456871976 0 0.7734392912)
(-1.214536663 0 0.7046664459)
(-0.9092581428 0 0.6464689419)
(-1.359809095 0 0.6967626519)
(-1.34758358 0 0.7069552535)
(-1.226224061 0 0.6576308054)
(-1.297566256 0 0.7191435285)
(-1.2356132 0 0.7261503639)
(-1.204454876 0 0.6934175051)
(-1.167063687 0 0.7252191532)
(-1.104983089 0 0.7231916382)
(-1.136475777 0 0.7218096097)
(-1.071959433 0 0.7352480354)
(-1.054042471 0 0.7527020994)
(-1.117939583 0 0.772722476)
(-1.299097907 0 -1.043270627)
(-1.18989312 0 -0.7984123305)
(-1.123470525 0 -0.5957634503)
(-0.8008905757 0 -0.05911317871)
(-0.4211892411 0 -0.1777982375)
(-0.4826486598 0 -0.2011572165)
(-0.5300541391 0 -0.2329207807)
(-0.5960024763 0 -0.2756742713)
(-0.6331379904 0 -0.2849633446)
(-0.6384045957 0 -0.2879020113)
(-0.680904009 0 -0.2830428089)
(-0.7131280486 0 -0.2850668586)
(-0.738400734 0 -0.2621273966)
(-0.7501211298 0 -0.2272250238)
(-0.8030104229 0 -0.2395589841)
(-0.8252475366 0 -0.2268395133)
(-0.9208681636 0 -0.235179175)
(-0.9704715148 0 -0.2402229602)
(-1.034590093 0 -0.2222374972)
(-1.161333696 0 -0.2203840298)
(-1.199355435 0 -0.22679032)
(-1.29455212 0 -0.1699667435)
(-1.372619402 0 -0.135274859)
(-1.380088894 0 -0.1481646309)
(-1.426092765 0 -0.01932353836)
(-0.9858596485 0 0.1341377556)
(-1.014080733 0 0.1638118118)
(-0.7750033796 0 0.2191292222)
(-0.7472529339 0 0.521673771)
(-0.9698617535 0 0.7504319709)
(-0.7672683947 0 0.8883567824)
(-0.7952693514 0 1.054311305)
(-1.001753388 0 1.347341725)
(-0.8033219923 0 0.9736708527)
(-0.7748683366 0 0.5918882459)
(-0.8630743384 0 0.7258481346)
(-0.6613074339 0 0.06408911389)
(-0.6424951137 0 -0.09388397888)
(-0.6593358061 0 -0.1132687315)
(-0.7117613593 0 -0.05081273367)
(-0.7693989464 0 0.01431611395)
(-0.7958540884 0 -0.03265638323)
(-0.6559774808 0 0.151063528)
(-0.6268822609 0 0.2159293756)
(-0.5564017713 0 0.149060453)
(-0.581386194 0 0.205545977)
(-0.7078960684 0 0.3046535011)
(-0.6391076776 0 0.4692292818)
(-0.6987588987 0 0.3463986609)
(-1.288021971 0 0.6518628843)
(-1.415980146 0 0.7322833765)
(-1.376193513 0 0.7209970196)
(-1.368925016 0 0.7552465463)
(-1.406270763 0 0.7447880757)
(-1.317710101 0 0.7758548002)
(-1.237800582 0 0.7767262552)
(-1.245896284 0 0.7542549871)
(-1.141266958 0 0.7581499425)
(-1.041148402 0 0.7288464638)
(-1.07410413 0 0.7263208376)
(-0.9639795886 0 0.7094340821)
(-0.9224744404 0 0.7109568518)
(-0.9880241741 0 0.731650198)
(-0.8732346653 0 0.7009772712)
(-0.7748882218 0 0.6496748491)
(-0.8101880513 0 0.6527382545)
(0.8222834353 0 0.9808582797)
(0.7187415456 0 0.8589841646)
(-0.4879830995 0 -0.6862437818)
(0.5877823227 0 0.7039045447)
(0.443498989 0 0.5363309162)
(-0.3576054394 0 -0.1879108912)
(0.3356415877 0 0.4178136403)
(0.146969971 0 0.1784913783)
(-0.5491466293 0 -0.258591922)
(-0.5825308089 0 -0.2829658449)
(-0.7545252092 0 -0.3401337178)
(-0.6813212339 0 -0.2954417709)
(-0.8778685283 0 -0.3133164371)
(-0.6293455948 0 -0.1731595224)
(-0.6914354233 0 -0.2070666305)
(-0.7062436253 0 -0.2014019605)
(-0.8003525347 0 -0.2173081139)
(-0.8645652482 0 -0.2278626678)
(-0.9277157042 0 -0.2096271505)
(-1.07330273 0 -0.2139263191)
(-1.120289237 0 -0.2165511257)
(-1.245196888 0 -0.1600279474)
(-1.364605042 0 -0.1409334936)
(-1.37121988 0 -0.1316912942)
(-1.397494664 0 -0.006794294863)
(-1.116017735 0 -0.01074150674)
(-0.9968051099 0 0.08748326275)
(-0.6143500675 0 -0.2900328764)
(-0.4840791997 0 -0.2245986806)
(-0.4732035359 0 -0.2281569917)
(-0.5113161837 0 -0.08565147208)
(-0.5567310992 0 -0.05913108864)
(-0.569552005 0 -0.06362462868)
(-0.6091452936 0 -0.01211334309)
(-0.6404956968 0 0.01385686424)
(-0.664966353 0 0.001321875021)
(-0.575956096 0 -0.06495831734)
(-0.6130726092 0 -0.009200798426)
(-0.6248208692 0 -0.05879505807)
(-0.679648722 0 0.08421777449)
(-0.7208881407 0 0.189861913)
(-0.7418903573 0 0.09627452846)
(-0.7533093131 0 0.3376994522)
(-0.8389642197 0 0.4820455549)
(-0.7317868731 0 0.340949803)
(-0.9080508969 0 0.5948869144)
(-0.9508379528 0 0.6772788657)
(-0.7857764236 0 0.4841072988)
(-0.9596041562 0 0.724629877)
(-1.018230762 0 0.776339731)
(-1.009020561 0 0.6527753163)
(-1.064157871 0 0.7882096211)
(-1.105447741 0 0.7793749693)
(-1.228912614 0 0.7466171425)
(-1.153500373 0 0.7868463771)
(-1.159192761 0 0.8011605544)
(-1.21134874 0 0.7932275205)
(-1.082075324 0 0.7785848714)
(-0.9640727612 0 0.7286181096)
(-1.004885559 0 0.7298207339)
(-0.8598082779 0 0.686643275)
(-0.7976902721 0 0.6739824805)
(-0.8589394575 0 0.691159554)
(-0.758122843 0 0.6734950909)
(-0.6985870235 0 0.6486709826)
(-0.7334381888 0 0.645358341)
(0.8905583944 0 1.006370561)
(0.8615678414 0 0.9863781035)
(0.8884689752 0 1.032617664)
(0.8211983507 0 0.9499616587)
(0.7690084269 0 0.8968158986)
(0.7626895465 0 0.9000629973)
(0.7048666588 0 0.8270616093)
(0.6305220408 0 0.7427385528)
(0.5731956758 0 0.681642494)
(0.5534394449 0 0.6492848538)
(0.470469368 0 0.5580313485)
(0.3535651032 0 0.4518827299)
(0.2279090425 0 0.3635811517)
(-0.9726318544 0 -0.5470830989)
(-0.8644504658 0 -0.4234956098)
(-1.124780255 0 -0.4218734494)
(-0.4852210474 0 0.007351910228)
(-0.5641099771 0 -0.1178514708)
(-0.5541138604 0 -0.08941223858)
(-0.6464480548 0 -0.173335036)
(-0.7272949874 0 -0.2008499042)
(-0.7911929347 0 -0.185172009)
(-0.9577817204 0 -0.1978058791)
(-1.018949215 0 -0.207793983)
(-1.18113794 0 -0.1636387478)
(-1.335479331 0 -0.1517135541)
(-1.351805559 0 -0.1472019232)
(-1.362434587 0 -0.07313639292)
(-1.298305434 0 -0.2110184424)
(-1.223435352 0 -0.1160780623)
(-0.9904202875 0 -0.5275837705)
(-0.7411708515 0 -0.3428184827)
(-0.5238601046 0 -0.2411680838)
(-0.6159716095 0 -0.136025847)
(-0.5275209719 0 -0.06140368017)
(-0.5329666788 0 -0.05885794952)
(-0.8264103411 0 -0.005336284361)
(-0.645820248 0 0.032917527)
(-0.6239289503 0 0.02200525993)
(-0.5519599424 0 -0.03324639285)
(-0.6355879936 0 0.1176686106)
(-0.6156365992 0 0.05205069774)
(-0.6891779549 0 0.2453000556)
(-0.7202113276 0 0.345632376)
(-0.7124391724 0 0.2732008982)
(-0.867571032 0 0.5396080744)
(-1.053489374 0 0.7539037912)
(-0.9421924354 0 0.6199469441)
(-1.208702414 0 0.9416600113)
(-1.301271235 0 1.075527663)
(-1.132055881 0 0.8794168335)
(-1.320158162 0 1.135843937)
(-1.294929395 0 1.13921918)
(-1.146173142 0 0.9480960693)
(-1.242451391 0 1.099110199)
(-1.174465354 0 1.025272888)
(-1.101785972 0 0.8821074358)
(-1.104872282 0 0.9321400549)
(-1.045449598 0 0.8434476285)
(-1.089577509 0 0.8084201237)
(-0.9742166709 0 0.7761357267)
(-0.8567315585 0 0.7134556149)
(-0.9160449058 0 0.7238298919)
(-0.7463029084 0 0.668299441)
(-0.6826905335 0 0.6593908275)
(-0.7385898924 0 0.6617156549)
(-0.6564660384 0 0.6744879526)
(-0.6370855283 0 0.6833719238)
(-0.6671636859 0 0.6606899092)
(-0.6017657863 0 0.664713879)
(-0.545481448 0 0.6168691447)
(-0.5240826407 0 0.5597322669)
(0.3935288617 0 -0.8718622851)
(0.647188099 0 0.7172339659)
(0.8011270218 0 0.8873719649)
(0.7207784185 0 0.8055096253)
(0.742070813 0 0.8357172375)
(0.8129505689 0 0.9213588954)
(0.7390770844 0 0.8388480206)
(0.7206494868 0 0.8247191429)
(0.7535330104 0 0.8694905913)
(0.6907815008 0 0.7992588604)
(0.6533993902 0 0.744575822)
(0.6551480727 0 0.7670711055)
(0.3763834622 0 -0.6228918744)
(0.1841427587 0 -1.533129126)
(0.4938509425 0 0.6172661299)
(0.08469390164 0 -1.774672018)
(-0.002833299343 0 -1.740483059)
(-0.9343594955 0 -0.7661226294)
(-0.1606570317 0 -1.270697485)
(-0.1880988087 0 1.30493671)
(-0.3677865743 0 0.3620904528)
(-0.2746612613 0 0.4856523629)
(-0.4031019188 0 -0.0342272098)
(-0.5525662731 0 -0.1264310736)
(-0.6241965124 0 -0.1260224799)
(-0.8097523355 0 -0.1562034029)
(-0.8883690001 0 -0.18213207)
(-1.110488509 0 -0.15830555)
(-1.302880634 0 -0.1763994028)
(-1.318505241 0 -0.1609185827)
(-1.383814356 0 -0.1916077568)
(-1.401626554 0 -0.3516395325)
(-1.349386889 0 -0.2936779056)
(-1.291882241 0 -0.6080593725)
(-1.20975845 0 -0.4940238435)
(-1.014846525 0 -0.4415385966)
(-1.098336532 0 -0.2594286269)
(-0.8007892397 0 -0.07215080967)
(-0.5895062924 0 -0.06824690666)
(-1.381190723 0 0.01863922369)
(-1.074634374 0 0.1088027158)
(-0.7996678243 0 0.06254798857)
(-0.6380809365 0 0.03036635576)
(-0.7671769812 0 0.3037688733)
(-0.683923148 0 0.196863399)
(-0.7932582808 0 0.4273422341)
(-0.8070470697 0 0.5070816391)
(-0.7516261673 0 0.4204472221)
(-1.259725964 0 0.8969065588)
(-1.36445851 0 1.065807883)
(-1.187269552 0 0.8948717128)
(-1.401230662 0 1.184335031)
(-1.453428715 0 1.315060802)
(-1.417507276 0 1.22808446)
(-1.506467443 0 1.437875238)
(-1.502918435 0 1.48411285)
(-1.426705041 0 1.329508837)
(-1.436836826 0 1.439758444)
(-1.335907683 0 1.335235226)
(-1.264034098 0 1.182864083)
(-1.214277361 0 1.190864713)
(-1.069753911 0 1.01476648)
(-1.04708832 0 0.9182658686)
(-0.8919254502 0 0.8232473627)
(-0.7220239818 0 0.7020637144)
(-0.7860402245 0 0.7001000793)
(-0.6372134404 0 0.6914039091)
(-0.6148847774 0 0.7256863335)
(-0.6360127958 0 0.6770124046)
(-0.6210485277 0 0.7731815017)
(-0.6295223014 0 0.8093888449)
(-0.6178110202 0 0.7288498989)
(-0.6196958695 0 0.8112030535)
(-0.581979193 0 0.7682160423)
(-0.5572127685 0 0.6789580723)
(-0.5182041915 0 0.6861121461)
(-0.4383528352 0 0.5856199902)
(-0.4128067427 0 0.5197504978)
(-0.3567029255 0 -0.2114443006)
(0.3579408993 0 0.4009381499)
(0.4769344197 0 0.5309207551)
(0.4668119363 0 0.5216743698)
(0.5469820072 0 0.6127928488)
(0.6510543189 0 0.7305922671)
(0.5914202547 0 0.6650993984)
(0.6113778072 0 0.6908977718)
(0.6724690598 0 0.7640897797)
(0.6140240723 0 0.698900829)
(0.6028446598 0 0.6945063651)
(0.6323015415 0 0.7337909653)
(0.5718963273 0 0.5793788086)
(0.5277119334 0 0.1443954143)
(0.4683278601 0 -0.6677917425)
(0.5892745937 0 -0.2492582131)
(0.9377082188 0 -0.4990825829)
(0.8574052239 0 -0.9942073101)
(1.489711613 0 -0.3943573809)
(0.4204374779 0 0.3800736434)
(0.2725973012 0 0.3921756186)
(0.1573004068 0 0.1431496846)
(-0.2547853659 0 0.04730924428)
(-0.3104380356 0 -0.04864943659)
(-0.4156239617 0 -0.007013844948)
(-0.6142177831 0 -0.06173902498)
(-0.7194227435 0 -0.1176039697)
(-1.020457926 0 -0.1303142819)
(-1.270809624 0 -0.2206142316)
(-1.287381262 0 -0.1971694988)
(-1.407285996 0 -0.2737066663)
(-1.464269645 0 -0.3841304465)
(-1.441460265 0 -0.3808303291)
(-1.41201435 0 -0.6196312429)
(-1.368365657 0 -0.5374192799)
(-1.321154268 0 -0.519431293)
(-1.303256516 0 -0.2780351621)
(-1.187132979 0 -0.05587188283)
(-1.029478392 0 -0.06553897602)
(-1.589033829 0 0.05862766268)
(-1.414700952 0 0.1723059502)
(-1.288380668 0 0.1461055788)
(-1.113314859 0 0.203472237)
(-0.9922940468 0 0.3899583665)
(-0.8733441231 0 0.3952745971)
(-0.9120666304 0 0.548951319)
(-0.8911400049 0 0.6529357684)
(-0.8641395576 0 0.5948473083)
(-1.662572347 0 1.258574757)
(-1.653103643 0 1.39119761)
(-1.548433047 0 1.250018404)
(-1.543896271 0 1.432147754)
(-1.448014885 0 1.45734322)
(-1.449630961 0 1.376870747)
(-1.3976954 0 1.501023981)
(-1.398206594 0 1.569665622)
(-1.489159441 0 1.564325544)
(-1.392668834 0 1.59389496)
(-1.329240326 0 1.51748108)
(-1.364903183 0 1.458084286)
(-1.216751128 0 1.365662775)
(-1.065625384 0 1.167255605)
(-1.084002075 0 1.10818912)
(-0.8780646753 0 0.9506487948)
(-0.7051692538 0 0.800913472)
(-0.6978367293 0 0.742784229)
(-0.6484342021 0 0.7984876533)
(-0.665155256 0 0.858798276)
(-0.6306814399 0 0.7964032901)
(-0.6975877601 0 0.927484013)
(-0.724191277 0 0.9864935221)
(-0.6740896438 0 0.9073519373)
(-0.7278844412 0 1.014065154)
(-0.6955993057 0 0.9903603751)
(-0.6344443862 0 0.8835771756)
(-0.6246958354 0 0.9095231062)
(-0.521230001 0 0.7802514004)
(-0.4706201847 0 0.6730097407)
(-0.4007052271 0 -0.357381003)
(0.2274916996 0 0.2588708958)
(0.2943950397 0 0.3256270404)
(0.2691883965 0 0.3030472308)
(0.341829632 0 0.3831796904)
(0.4403267615 0 0.4928701977)
(0.4134478838 0 0.4623372704)
(0.4676406635 0 0.5214930581)
(0.5413115192 0 0.6085908914)
(0.5059189982 0 0.5609486178)
(0.5324974937 0 0.5843530057)
(0.5652121304 0 0.6426434742)
(0.5489675807 0 0.5940277509)
(0.5569660031 0 0.579870621)
(0.5369909035 0 0.5038413115)
(0.5640172184 0 0.5465000893)
(0.5979291254 0 0.4363284881)
(0.7452751883 0 0.01208575353)
(1.034209096 0 0.1401629145)
(0.1146737635 0 0.3481118164)
(0.5969068426 0 0.360539792)
(-0.1469150745 0 0.4437126966)
(-0.295227913 0 0.3942406502)
(-0.2638609149 0 0.239975828)
(-0.3046250856 0 0.2376644771)
(-0.3535463256 0 0.1208136241)
(-0.4925018395 0 0.01912791459)
(-0.8937829458 0 -0.07350636391)
(-1.224142898 0 -0.2600344422)
(-1.251183079 0 -0.2428202804)
(-1.379605599 0 -0.2826144865)
(-1.461585696 0 -0.3384194745)
(-1.469909231 0 -0.3675146997)
(-1.414581471 0 -0.5856709945)
(-1.354069263 0 -0.5838818593)
(-1.371975666 0 -0.55865781)
(-1.327609581 0 -0.3267524909)
(-1.325286944 0 -0.076464726)
(-1.281193003 0 -0.05541480082)
(-1.559402638 0 0.08142101048)
(-1.463219862 0 0.2024176935)
(-1.466401423 0 0.1901305181)
(-1.315322111 0 0.2988460693)
(-1.177604423 0 0.3807593043)
(-1.102407424 0 0.3733008138)
(-1.023320277 0 0.4661032513)
(-0.9198834723 0 0.5900720792)
(-0.8924185033 0 0.6477591104)
(-1.38449699 0 1.15011976)
(-1.57928088 0 1.520766033)
(-1.654141589 0 1.474093783)
(-1.531683665 0 1.651658733)
(-1.430649851 0 1.680417276)
(-1.445673282 0 1.560197142)
(-1.311009906 0 1.637080608)
(-1.198113795 0 1.548969831)
(-1.289436808 0 1.552157534)
(-1.124393643 0 1.458553682)
(-1.067954895 0 1.358264807)
(-1.223303622 0 1.484343225)
(-0.9821508805 0 1.214113937)
(-0.8608279742 0 1.033831266)
(-0.9904980505 0 1.148014511)
(-0.734254565 0 0.8694459027)
(-0.671588454 0 0.8124779406)
(-0.6949041712 0 0.8233704296)
(-0.6812010643 0 0.8542541896)
(-0.7073804494 0 0.9148315228)
(-0.6924856259 0 0.8956431763)
(-0.7324373821 0 0.9746677618)
(-0.754615193 0 1.03340636)
(-0.7537783345 0 1.027619521)
(-0.7644769662 0 1.078166277)
(-0.7435284818 0 1.080994315)
(-0.7368761949 0 1.059057161)
(-0.6792532415 0 1.019811247)
(-0.5750201586 0 0.8958062953)
(-0.5631329389 0 0.8636206844)
(-0.2237606547 0 -0.7054957229)
(-0.2743008724 0 -0.7537281975)
(-0.3384800354 0 -0.822329231)
(-0.3142294293 0 -0.257513887)
(-0.1540700075 0 0.2000962748)
(0.003196814425 0 0.1821300326)
(-0.1421916984 0 0.1921300678)
(-0.09178150532 0 0.2170790729)
(0.2401361437 0 0.2827245134)
(-0.01055247989 0 0.2636247535)
(0.06516015582 0 0.3049187055)
(0.3689764224 0 0.4353105787)
(0.115907999 0 0.3097550446)
(0.1387753576 0 0.2874800658)
(0.4165629024 0 0.5404130064)
(0.1441163056 0 0.2836825458)
(0.1104995681 0 0.3197325635)
(0.3869887571 0 0.592909813)
(0.02683809608 0 0.3667582674)
(-0.06614497943 0 0.4563986639)
(0.1361988135 0 0.3027173033)
(-0.04573596585 0 0.5233434376)
(-0.122602346 0 0.542352544)
(-0.2272673155 0 0.4986220427)
(-0.2079844418 0 0.4973881415)
(-0.2250903226 0 0.3224311272)
(-0.3135147714 0 0.3846333853)
(-0.1905279746 0 0.07994627797)
(-0.1189866217 0 0.1612704548)
(-0.250974111 0 0.154870922)
(-0.7537492473 0 -0.01438948765)
(-1.107636306 0 -0.2463914056)
(-1.18015825 0 -0.2659111813)
(-1.28550424 0 -0.2224527393)
(-1.416618588 0 -0.2735006656)
(-1.442975739 0 -0.3048997866)
(-1.399694923 0 -0.509280071)
(-1.32654632 0 -0.6112791386)
(-1.335268693 0 -0.6048998542)
(-1.299931729 0 -0.4309524834)
(-1.305475429 0 -0.2014620678)
(-1.329684277 0 -0.1259162437)
(-1.367302572 0 0.02246137064)
(-1.342894449 0 0.2020212097)
(-1.418341584 0 0.2080774111)
(-1.29472825 0 0.3352440365)
(-1.21805389 0 0.4071741284)
(-1.213602676 0 0.3968642855)
(-1.091710811 0 0.4301694379)
(-0.9493888864 0 0.4810820944)
(-0.9592457344 0 0.5288017054)
(-0.9796009566 0 0.8948832117)
(-1.180220255 0 1.483101059)
(-1.445741195 0 1.54807866)
(-1.299011497 0 1.781404334)
(-1.303451431 0 1.877737062)
(-1.393387345 0 1.812164325)
(-1.181587653 0 1.722015386)
(-0.9786018669 0 1.363901554)
(-1.114821501 0 1.538267651)
(-0.79110672 0 1.012628156)
(-0.6799313938 0 0.8215143553)
(-0.8863954318 0 1.145541345)
(-0.5964013794 0 0.6872337849)
(-0.5845381108 0 0.6670861048)
(-0.7004923026 0 0.8410352435)
(-0.6550579722 0 0.7782296244)
(-0.7160867866 0 0.8897227)
(-0.6681729487 0 0.8157429814)
(-0.7371381269 0 0.9528721599)
(-0.7329432328 0 0.9825185721)
(-0.7177029017 0 0.9374239172)
(-0.7175047702 0 0.9955065115)
(-0.6998716735 0 1.003825134)
(-0.7329134238 0 1.01990596)
(-0.6839161452 0 1.013629838)
(-0.6584634316 0 1.006386597)
(-0.7147170678 0 1.060345098)
(-0.6022305634 0 0.9414197023)
(-0.5167149669 0 0.8106161163)
(-0.5550908722 0 0.8732393239)
(-0.4331420533 0 0.6633185372)
(-0.3762938551 0 0.5597625994)
(-0.3554432571 0 0.5813489511)
(-0.1615573494 0 0.03598619973)
(-0.1287749034 0 0.1706589538)
(0.06449642858 0 -0.4932779998)
(-0.1722531247 0 0.2309833177)
(-0.1774548994 0 0.2468831702)
(-0.1798188878 0 0.2346163218)
(-0.1909594187 0 0.2724945798)
(-0.2151716471 0 0.3110487846)
(-0.1847804499 0 0.2656277101)
(-0.2453250983 0 0.3552559499)
(-0.2766157877 0 0.3985816682)
(-0.222382441 0 0.3495695235)
(-0.3071436759 0 0.4398981543)
(-0.3368958551 0 0.482401156)
(-0.2184038307 0 0.4555984434)
(-0.3745280107 0 0.5086708702)
(-0.4625914993 0 0.4723326882)
(-0.2305669962 0 0.4828709067)
(-0.5190983871 0 0.4404053595)
(-0.5390280524 0 0.4320782161)
(-0.2731539288 0 0.4303262063)
(-0.5515667116 0 0.4219379371)
(-0.5843867887 0 0.4152853435)
(-0.40228153 0 0.4792683144)
(-0.6351493048 0 0.468206344)
(-0.6801034833 0 0.46495629)
(-0.326029616 0 0.2237504055)
(-0.08825152922 0 0.1309444526)
(-0.1737716158 0 0.2755955181)
(-0.2021801272 0 0.231578556)
(-0.5158155222 0 0.1771482314)
(-0.859368054 0 -0.1145252477)
(-1.001656896 0 -0.1918462891)
(-1.137624059 0 -0.133472102)
(-1.344087226 0 -0.2244425794)
(-1.383616734 0 -0.2469570009)
(-1.388253938 0 -0.4183553637)
(-1.333643252 0 -0.5684031661)
(-1.327680264 0 -0.5981637112)
(-1.301050461 0 -0.4844918505)
(-1.264624561 0 -0.3428034703)
(-1.274205283 0 -0.2837280681)
(-1.199343292 0 -0.1705345335)
(-1.170020448 0 0.1094454918)
(-1.252500964 0 0.1741183579)
(-1.188370354 0 0.300015078)
(-1.162981084 0 0.3883480095)
(-1.199916856 0 0.4055833778)
(-1.072850456 0 0.3833664013)
(-0.9057845151 0 0.3916185892)
(-0.9189312829 0 0.4378622325)
(-0.6083375018 0 0.3825178553)
(-0.6591588607 0 0.08331513506)
(-0.6067273687 0 0.9586515721)
(-0.7560231878 0 0.3164261607)
(-0.6964327263 0 0.3483249702)
(-0.663669428 0 0.4663503755)
(-0.6372462302 0 0.3430629705)
(-0.5606137619 0 0.3218188805)
(-0.5630175338 0 0.3319688737)
(-0.4959146117 0 0.3048836955)
(-0.5082448912 0 0.331746553)
(-0.4433986306 0 0.3442297656)
(-0.7828826238 0 0.7970021812)
(-0.943371197 0 1.131887851)
(-0.6756292716 0 0.7710875815)
(-0.9500079224 0 1.237415327)
(-0.8978520581 0 1.233928249)
(-0.8050894375 0 1.039580629)
(-0.8313580232 0 1.19022653)
(-0.7587751948 0 1.125279221)
(-0.7525510508 0 1.053321704)
(-0.6772720504 0 1.038543476)
(-0.5989873329 0 0.9463687245)
(-0.6591646793 0 0.9872534106)
(-0.5388555643 0 0.8762240837)
(-0.4959935006 0 0.8147572947)
(-0.5840371527 0 0.9252525408)
(-0.46282103 0 0.7364096413)
(-0.437118099 0 0.6431980616)
(-0.4751671747 0 0.7301761014)
(-0.4218415706 0 0.5712411365)
(-0.4053505574 0 0.5313440526)
(-0.3917704702 0 0.5406498799)
(-0.2075266299 0 0.2790883797)
(-0.2093449345 0 0.2882708809)
(-0.2007366986 0 0.2625980753)
(-0.2094390291 0 0.3037478461)
(-0.2348863519 0 0.3473722365)
(-0.1983118239 0 0.2862928466)
(-0.268317073 0 0.3989236531)
(-0.3000897246 0 0.4466812584)
(-0.2536612355 0 0.3747531991)
(-0.3270355387 0 0.4871378267)
(-0.3483912206 0 0.5206156533)
(-0.3107821463 0 0.4597365641)
(-0.3643868014 0 0.5505588971)
(-0.3774311175 0 0.5772942467)
(-0.3499863768 0 0.5325207512)
(-0.3996061988 0 0.5748494869)
(-0.4454912245 0 0.5015256354)
(-0.4502057983 0 0.4802943884)
(-0.4752700384 0 0.4539925141)
(-0.4903986684 0 0.4340021666)
(-0.5186083311 0 0.4200017854)
(-0.505344842 0 0.4151245438)
(-0.5090575275 0 0.4122486676)
(-0.5495218116 0 0.3794292543)
(-0.5070534863 0 0.4590972457)
(-0.523930232 0 0.543255719)
(-0.600452037 0 0.5108235662)
(-0.5721250841 0 0.6444548054)
(-0.6360902174 0 0.7361811109)
(-0.4803929699 0 0.5630476469)
(-0.5166167659 0 0.4691914827)
(-0.5951421733 0 0.04156312196)
(-0.7075723692 0 -0.02244842651)
(-0.9426047231 0 -0.04876346729)
(-1.24195423 0 -0.1808009893)
(-1.297578777 0 -0.2026849042)
(-1.35925767 0 -0.332142905)
(-1.342457981 0 -0.4900133564)
(-1.339638776 0 -0.5297056491)
(-1.331217345 0 -0.471816253)
(-1.307773172 0 -0.3889751326)
(-1.280864422 0 -0.3731755181)
(-1.249354249 0 -0.280576753)
(-1.11304435 0 -0.137750525)
(-1.120106517 0 -0.004613562167)
(-1.047197947 0 0.1789016639)
(-1.034463394 0 0.2868463946)
(-1.107775194 0 0.3506653869)
(-0.9714621161 0 0.2960710141)
(-0.7310271003 0 -0.2189007079)
(-0.8977662684 0 0.3371911077)
(-1.025585378 0 -0.1817332741)
(-1.079764063 0 -0.05344795723)
(-0.8697218576 0 -0.03075588721)
(-0.9003703616 0 0.4528434325)
(-0.788743294 0 0.4492389356)
(-0.7384287839 0 0.3920229226)
(-0.6846911965 0 0.413989947)
(-0.5962072053 0 0.3229557613)
(-0.5869741266 0 0.3402695032)
(-0.5384255413 0 0.2364019534)
(-1.086198496 0 0.6942110841)
(-0.7576643007 0 0.4534164405)
(-1.223597265 0 1.706707823)
(-1.035181218 0 1.631077902)
(-1.141739745 0 1.539336731)
(-0.8660072073 0 1.418090347)
(-0.7555592248 0 1.258991442)
(-0.9135315369 0 1.363701168)
(-0.6641510112 0 1.133101749)
(-0.5364949352 0 0.9494252462)
(-0.7155867355 0 1.138700006)
(-0.3806878025 0 0.6746714747)
(-0.3149846603 0 0.5350197074)
(-0.4910689727 0 0.8225287058)
(-0.2844101253 0 0.5107467298)
(-0.2966543176 0 0.4723234585)
(-0.395707715 0 0.6651743095)
(-0.3581433209 0 0.4611813719)
(-0.4145138112 0 0.4844933359)
(-0.4074277557 0 0.5489987492)
(-0.4340835652 0 0.5198153942)
(-0.4282726069 0 0.5532413356)
(-0.4225981213 0 0.5373184935)
(-0.2445239527 0 0.3533692705)
(-0.2664621153 0 0.3971509454)
(-0.2242674943 0 0.3247017237)
(-0.3062768594 0 0.4590693381)
(-0.3415283969 0 0.5122271451)
(-0.2859045159 0 0.4269291809)
(-0.3688014589 0 0.5534941061)
(-0.3888338829 0 0.5846551851)
(-0.3466999348 0 0.5185566294)
(-0.4027917818 0 0.6077356597)
(-0.4117058073 0 0.6245140744)
(-0.382956723 0 0.5763044648)
(-0.4169944541 0 0.6374583209)
(-0.4214824047 0 0.6467949122)
(-0.402517745 0 0.6154614421)
(-0.4279935992 0 0.6411163196)
(-0.4273663759 0 0.5984062589)
(-0.4337400917 0 0.543418002)
(-0.4298380777 0 0.56041234)
(-0.446252746 0 0.5367145404)
(-0.4601968213 0 0.4735148053)
(-0.7646653091 0 0.536798437)
(-0.6516271256 0 0.6019713869)
(-0.5189156275 0 0.4950209099)
(-0.5728378669 0 0.6242477627)
(-0.8818616738 0 0.6730743498)
(-0.5859630114 0 0.6156505465)
(-0.6685071485 0 0.724770805)
(-0.6284209323 0 0.7150751651)
(-0.6132080095 0 0.747171429)
(-4.108780503 0 0.738925206)
(-0.5016325462 0 0.3330443175)
(-0.5241413109 0 0.1436542639)
(-0.7088556796 0 0.0630407542)
(-1.090456339 0 -0.1153465168)
(-1.174347523 0 -0.1529702567)
(-1.302298854 0 -0.2619494588)
(-1.330798286 0 -0.4208717445)
(-1.339984122 0 -0.4537013285)
(-1.348884715 0 -0.4554649972)
(-1.354894728 0 -0.4099602142)
(-1.333829888 0 -0.4003208208)
(-1.324865825 0 -0.3430176033)
(-1.175850846 0 -0.3289109476)
(-1.135939258 0 -0.2481870644)
(-0.8808022084 0 -0.06251690138)
(-0.8189645563 0 0.06495758133)
(-0.9398333065 0 0.1973037155)
(-0.7371854124 0 0.09888564798)
(-0.9045959291 0 -0.4436017056)
(-0.8582080649 0 -0.3498463107)
(-1.329952176 0 -0.3754817243)
(-1.90944938 0 -0.06988236615)
(-1.731365118 0 -0.06238009951)
(-1.089843781 0 0.4170912704)
(-0.7334145076 0 0.384007735)
(-0.7461679886 0 0.364248992)
(-0.5711294253 0 0.3483963639)
(-0.5392476083 0 0.3107774026)
(-0.535814739 0 0.1643776953)
(-0.3969274885 0 0.3612610111)
(-0.2329686962 0 0.4265056104)
(-0.4576898616 0 0.4793060288)
(-0.1490587392 0 0.4119020021)
(-0.1247112365 0 0.3617976331)
(-0.2860566258 0 1.026162319)
(-0.1151494827 0 0.3302791676)
(-0.1084661054 0 0.3230258424)
(-0.1515180536 0 0.4658005878)
(-0.1085611453 0 0.3100833671)
(-0.1388719779 0 0.2121212697)
(-0.1241123621 0 0.3339398504)
(-0.1813796371 0 0.1397544459)
(-0.1499492366 0 0.07180007889)
(-0.1661799704 0 0.1724595218)
(-0.1473454817 0 0.09751937232)
(-0.3855034495 0 0.3358349379)
(-0.2785917922 0 0.3200741373)
(-0.529347522 0 0.603136992)
(-0.5129483039 0 0.7262128025)
(-0.4819674524 0 0.5558489907)
(-0.4565225571 0 0.7729311683)
(-0.3980402833 0 0.7803652647)
(-0.42426381 0 0.6266288484)
(-0.3550135864 0 0.5346959125)
(-0.3948800508 0 0.5952835592)
(-0.3294834571 0 0.4951786108)
(-0.4206216865 0 0.6346387583)
(-0.4362611791 0 0.660200314)
(-0.3934740186 0 0.5922037761)
(-0.4450011299 0 0.6767552212)
(-0.4492239424 0 0.6873437849)
(-0.4235489083 0 0.6414765441)
(-0.4503671281 0 0.6937885724)
(-0.4491463416 0 0.6969444495)
(-0.433705444 0 0.6646072121)
(-0.4464700498 0 0.6975563761)
(-0.4449075717 0 0.6972215997)
(-0.4345295811 0 0.672963315)
(-0.4480799801 0 0.6980561411)
(-0.4554003442 0 0.7013712544)
(-0.4340162906 0 0.6536395671)
(-0.4815792744 0 0.6972135075)
(-0.5811390473 0 0.3420726503)
(-0.4705520668 0 0.5684276092)
(-1.692312342 0 0.4176836962)
(-1.268257879 0 0.8511659425)
(-0.9592525168 0 0.7120136857)
(-0.8903521917 0 0.3154595411)
(-1.754368436 0 0.6415523547)
(-1.449817551 0 0.6824982428)
(-1.17154807 0 1.137141222)
(-0.8105961372 0 1.026032494)
(-0.6961843137 0 -2.279817176)
(2.361854229 0 0.876969709)
(-0.5975106426 0 0.753299522)
(-0.5333592552 0 3.423368413)
(-0.5605935816 0 0.3270653616)
(-0.8417751114 0 0.01727229761)
(-0.9795872885 0 -0.06154227077)
(-1.194523218 0 -0.1905632549)
(-1.291881372 0 -0.3553123948)
(-1.314562849 0 -0.3888815198)
(-1.338085601 0 -0.4346824508)
(-1.379458487 0 -0.420035651)
(-1.370289323 0 -0.4171308704)
(-1.389122129 0 -0.3848343598)
(-1.294891627 0 -0.4146123403)
(-1.230383025 0 -0.3857303701)
(-0.7774912033 0 -0.4571188699)
(-0.556483339 0 -0.3851682349)
(-0.6674176756 0 -0.1425296962)
(-0.4212139593 0 -0.3473765901)
(-0.7525960756 0 -0.5974367082)
(-0.8804967228 0 -0.5369542778)
(-1.406735462 0 -0.6604555524)
(-2.140256914 0 -0.07313206856)
(-2.051031688 0 -0.07323420803)
(-1.069268901 0 0.5422580786)
(-0.6061240713 0 0.4308393968)
(-0.6674677253 0 0.3944943073)
(-0.5673762761 0 0.4908059515)
(-0.5763020688 0 0.5380277137)
(-0.5563146187 0 0.4504795635)
(-0.5647625202 0 0.5463394076)
(-0.5119264459 0 0.5018661064)
(-0.366328398 0 0.4087342551)
(-0.3974877765 0 0.3893105839)
(-0.2509865977 0 0.2573144892)
(-0.1532728574 0 0.2863426941)
(-0.1832892405 0 0.2144717242)
(-0.1482622793 0 0.1711535915)
(-0.1173145814 0 0.2785427909)
(-0.6894264356 0 0.2106841644)
(-0.1482333565 0 -0.181651878)
(-0.1498343625 0 0.0304525724)
(-0.06109201882 0 -0.2821157433)
(-0.1494352576 0 -0.3162780353)
(-0.1160718977 0 -0.2050972436)
(-0.1720004284 0 -0.5975363948)
(-0.3881560854 0 0.5885263557)
(-0.6384213458 0 0.6454149474)
(-0.3954508795 0 0.5783838975)
(-0.3633533241 0 0.6194582555)
(-0.4050704929 0 0.8025300805)
(-0.2983965714 0 0.676405745)
(-0.2207232468 0 0.7456135463)
(-0.2977923257 0 0.9020094399)
(-0.4801078666 0 0.7274892103)
(-0.4871187189 0 0.7429770749)
(-0.4496924238 0 0.6801125822)
(-0.4882071274 0 0.7503206659)
(-0.4848751127 0 0.7519203423)
(-0.4670256427 0 0.7134788212)
(-0.4786206155 0 0.7492469675)
(-0.4718187958 0 0.7447692373)
(-0.465260562 0 0.7217916556)
(-0.4666757387 0 0.7418583708)
(-0.4643094005 0 0.7434983437)
(-0.4589374095 0 0.7226747036)
(-0.4657477019 0 0.7518480355)
(-0.4740162037 0 0.7698596936)
(-0.456935041 0 0.7264844616)
(-0.4944027025 0 0.8030761888)
(-0.5323543311 0 0.8444483988)
(-0.4879529054 0 0.7591195826)
(-0.6305538901 0 0.4754719155)
(-0.7690732651 0 -0.6764848318)
(-0.7338298508 0 -0.2840140098)
(-0.7854639681 0 0.2373135673)
(-0.6725887925 0 1.362138273)
(-1.278611402 0 1.065830383)
(-0.6928810239 0 1.476933514)
(0.5028515711 0 1.184680377)
(-0.9070802556 0 0.6112587078)
(-0.0428341525 0 1.034725231)
(-0.5357230056 0 0.8864595904)
(-0.7356581547 0 1.497774657)
(-0.6600030782 0 0.823068364)
(-0.6588562649 0 0.8146862104)
(-0.6741446164 0 0.8506554298)
(-0.6078821215 0 0.6963218846)
(-0.5954385118 0 0.3047131542)
(-0.6992172658 0 0.1369288342)
(-0.9824162749 0 -0.06719343174)
(-1.225249044 0 -0.2909633446)
(-1.262807746 0 -0.3211214176)
(-1.293613917 0 -0.3943893301)
(-1.37065365 0 -0.4087964382)
(-1.380465132 0 -0.417253801)
(-1.426189873 0 -0.3894658916)
(-1.416589575 0 -0.3962148163)
(-1.360314633 0 -0.4147163381)
(-0.9651566018 0 -0.6405229839)
(-0.6858379228 0 -0.5382357297)
(-0.604506945 0 -0.4683902414)
(-0.5526588931 0 -0.4119287129)
(-0.3712777901 0 -0.3393721477)
(-0.4812196449 0 -0.5174850329)
(-0.8777717862 0 -1.112173796)
(-1.699931608 0 -0.06153059909)
(-2.126785257 0 -0.07033420928)
(-0.7961683381 0 0.3321104202)
(-0.5578733276 0 0.5131660278)
(-0.5811265692 0 0.4863804834)
(-0.5413329945 0 0.5776724175)
(-0.5565482104 0 0.6357590626)
(-0.5772926442 0 0.6010693886)
(-0.5644373798 0 0.6670181915)
(-0.5466134772 0 0.6546804928)
(-0.5496877921 0 0.5955318372)
(-0.4799079324 0 0.570768917)
(-0.331586186 0 0.3768314407)
(-0.2918276634 0 0.2964995612)
(-0.1582609323 0 0.14914798)
(-0.1230895899 0 0.09387534695)
(-0.1303946346 0 0.1157848554)
(-3.269743367 0 1.387128168)
(-2.279111745 0 1.445065275)
(-1.29654841 0 0.7387400695)
(-1.051832587 0 0.9096749561)
(-0.2146019954 0 0.2239805332)
(-0.1369267815 0 0.115467912)
(-0.1339659183 0 0.1050409199)
(-0.5427249546 0 0.3690993081)
(-0.4447306159 0 0.3597698208)
(-0.551437346 0 0.4757622222)
(-0.4668213922 0 0.5332268863)
(-0.4303448007 0 0.5432681818)
(-0.3683145434 0 0.5732178237)
(-0.2732013448 0 0.6021711834)
(-0.2466510395 0 0.60134816)
(-0.5138645781 0 0.818512228)
(-0.5077970863 0 0.8119942767)
(-0.5060574252 0 0.7851882396)
(-0.4987739452 0 0.8009965762)
(-0.4862405228 0 0.785373387)
(-0.4904914329 0 0.7761473041)
(-0.4718782313 0 0.7670491916)
(-0.4604090914 0 0.751986128)
(-0.4697062135 0 0.7556047747)
(-0.4573632812 0 0.7507617177)
(-0.4663762407 0 0.7752077328)
(-0.4663919197 0 0.7606447612)
(-0.4887388372 0 0.8310771207)
(-0.5241168951 0 0.9130963214)
(-0.4961381654 0 0.8319145693)
(-0.5700957159 0 1.007122465)
(-0.6222631296 0 1.095905081)
(-0.5772630156 0 0.9723935138)
(-0.677441515 0 1.165957933)
(-0.7346530571 0 1.200691966)
(-0.6565082352 0 1.071878905)
(-0.6919564744 0 1.190429301)
(-0.7448565676 0 1.170265302)
(0.1170176887 0 0.9783111376)
(-0.7825674539 0 1.118079031)
(-0.7858209749 0 1.038783919)
(-0.6327118138 0 0.9787662382)
(-0.7610494349 0 0.9492265172)
(-0.720073421 0 0.8665698049)
(-0.7219752971 0 0.8609589302)
(-0.6710896394 0 0.8030457972)
(-0.6240745023 0 0.7721607902)
(-0.6439488172 0 0.8004243345)
(-0.5942330666 0 0.7524354694)
(-0.542909648 0 0.5916816147)
(-0.5544666315 0 0.472973422)
(-0.7100929325 0 0.1557897006)
(-1.107806092 0 -0.249321655)
(-1.174976147 0 -0.2683718797)
(-1.209508228 0 -0.3366080388)
(-1.313955281 0 -0.3767897958)
(-1.348452242 0 -0.3953536919)
(-1.415352737 0 -0.3723043232)
(-1.489515305 0 -0.3390564361)
(-1.459855293 0 -0.369575829)
(-1.17949872 0 -0.7046409296)
(-0.886905111 0 -0.6815657588)
(-0.7849482259 0 -0.6075265044)
(-0.741186693 0 -0.5307097131)
(-0.6006203728 0 -0.426326391)
(-0.5122094065 0 -0.3699926175)
(0.5331427349 0 -0.1994062494)
(1.108780232 0 -0.1611288087)
(1.44146985 0 -0.1859914293)
(-0.5689889685 0 0.05708448582)
(-0.4802482512 0 0.5390568865)
(-0.5238156849 0 0.5231454819)
(-0.4558060353 0 0.5978861563)
(-0.4607732389 0 0.6426026529)
(-0.5165099722 0 0.6476575462)
(-0.4694666281 0 0.6735163166)
(-0.4645202086 0 0.6727924588)
(-0.5171322686 0 0.6813268636)
(-0.4177734387 0 0.596633689)
(-0.3107453298 0 0.2941296703)
(-0.3450835487 0 0.4265196224)
(-0.2289910334 0 -0.560969082)
(-0.2869754629 0 -1.234643758)
(-0.1253086361 0 -0.001939289717)
(-2.896033131 0 1.730401153)
(-2.190789564 0 2.903298314)
(-2.602552031 0 2.12214455)
(-1.530608594 0 3.291978358)
(-1.007064473 0 2.98884959)
(-0.733298498 0 1.203982802)
(-0.6034798388 0 2.107900591)
(-0.8680358379 0 1.095277598)
(-0.7046758912 0 0.4368851865)
(-0.9771970387 0 0.8022306058)
(-0.7956049468 0 0.7731446022)
(-0.5146845022 0 0.5511349196)
(-0.6106069333 0 0.7094046818)
(-0.3439506759 0 0.7070210451)
(-0.3360366878 0 0.6044791148)
(-0.5364767813 0 0.8359642612)
(-0.5186381419 0 0.8205234198)
(-0.5086394792 0 0.8138468631)
(-0.4954346863 0 0.7945326125)
(-0.4668951063 0 0.7564190616)
(-0.4787371924 0 0.7749465919)
(-0.440298783 0 0.7209162308)
(-0.4340295453 0 0.719857406)
(-0.4462458046 0 0.7321655401)
(-0.4785923909 0 0.7934175834)
(-0.5676141516 0 0.9139930481)
(-0.4770936037 0 0.8063355584)
(-0.6542824284 0 1.023777938)
(-0.7169528524 0 1.108759107)
(-0.5862551675 0 1.014381765)
(-0.7581259052 0 1.173328879)
(-0.7847463293 0 1.220462476)
(-0.6895365432 0 1.186665313)
(-0.8020529343 0 1.249010466)
(-0.812767832 0 1.255235994)
(-0.7651122279 0 1.261401304)
(-0.8183089979 0 1.234800236)
(-0.8139973214 0 1.185376062)
(-0.7998695971 0 1.207550334)
(-0.7977218801 0 1.108262347)
(-0.7682459315 0 1.009321159)
(-0.7829663503 0 1.045222529)
(-0.7257206163 0 0.9002536262)
(-0.673725225 0 0.797353458)
(-0.702884407 0 0.8467887991)
(-0.6188972252 0 0.7154613177)
(-0.568594644 0 0.6631620751)
(-0.5996584973 0 0.7264797437)
(-0.5331223854 0 0.6373833592)
(-0.5062022089 0 0.6114985842)
(-0.5315552091 0 0.6361062236)
(-0.5180795941 0 0.3918501967)
(-0.900771438 0 -0.1595967942)
(-1.017700404 0 -0.2207693919)
(-1.080734297 0 -0.2713877452)
(-1.211182279 0 -0.3208804958)
(-1.267990079 0 -0.3522217709)
(-1.358522989 0 -0.3486239779)
(-1.508063878 0 -0.2693241024)
(-1.505473155 0 -0.3055654459)
(-1.348133064 0 -0.749170232)
(-1.08823548 0 -0.8505501095)
(-0.9899787307 0 -0.7601682669)
(-0.9383554403 0 -0.7078780325)
(-0.7776427457 0 -0.5804999282)
(-0.6581271337 0 -0.4757142168)
(-0.5787318777 0 -0.4405461712)
(-0.4103395666 0 -0.3138683353)
(0.7591683025 0 -0.09057946186)
(-0.3411483599 0 -0.01875935943)
(-0.08047531963 0 0.5320320077)
(-0.4136810185 0 0.5682429072)
(-0.1953776029 0 0.5345475925)
(-0.2951967614 0 0.5096704209)
(-0.3931268559 0 0.6252052465)
(-0.2120111907 0 0.2809598802)
(-0.1392931251 0 0.1113292333)
(-0.3855350106 0 0.609218873)
(-0.1225873969 0 0.07351067585)
(-0.1188316428 0 0.06824499872)
(-0.2934670498 0 -1.072478987)
(-0.1131725989 0 0.07455019063)
(-0.09768214334 0 0.05530393256)
(-0.3921597063 0 -2.1983313)
(2.234581253 0 1.42434747)
(1.627578185 0 2.00094032)
(-0.7034205431 0 4.121563148)
(0.9628203661 0 1.509598088)
(0.1111887967 0 0.3074497451)
(-0.4810644274 0 4.595979656)
(-0.03034257883 0 -0.1539781348)
(1.061371799 0 1.087766179)
(-0.2152932124 0 3.429408217)
(1.230109538 0 1.62253819)
(0.9894351893 0 1.895248647)
(0.4032880323 0 2.837557742)
(0.7615545497 0 1.947712972)
(0.5936971185 0 1.889299689)
(0.2987001309 0 2.502497727)
(0.04423081457 0 -0.24470252)
(-0.5089018121 0 0.5958239734)
(-0.4275557626 0 0.7096402513)
(-0.5760918966 0 0.9698229122)
(-0.7528773451 0 1.010150493)
(-0.5017873095 0 0.8178100803)
(-0.873598211 0 1.094330883)
(-0.941603785 0 1.157393728)
(-0.7601910553 0 1.052257936)
(-0.9745820979 0 1.196663686)
(-0.9837298648 0 1.216420996)
(-0.8638238477 0 1.170470457)
(-0.9760543142 0 1.220093325)
(-0.956143631 0 1.209310103)
(-0.8810353344 0 1.220333693)
(-0.9271198737 0 1.183995728)
(-0.8910723682 0 1.142744357)
(-0.8604473141 0 1.209173561)
(-0.8491710032 0 1.083686444)
(-0.8017727783 0 1.006150566)
(-0.8161989515 0 1.112978338)
(-0.7490501811 0 0.9129869246)
(-0.6923052515 0 0.8122088794)
(-0.7387485172 0 0.9263712802)
(-0.6348716957 0 0.7153988215)
(-0.5808769379 0 0.6322278096)
(-0.6315145716 0 0.7206545176)
(-0.5326793553 0 0.5657812701)
(-0.4901092182 0 0.5136234201)
(-0.5309161605 0 0.5876105778)
(-0.4540354796 0 0.4749092313)
(-0.4286320387 0 0.4491345897)
(-0.4694517744 0 0.5364347477)
(-0.4296514379 0 0.4458290711)
(-0.6099950787 0 0.1533930202)
(-0.7708693092 0 -0.05626267187)
(-0.8677850691 0 -0.1458304731)
(-1.061659417 0 -0.238862789)
(-1.1432687 0 -0.2831908767)
(-1.265052409 0 -0.3231147818)
(-1.4767643 0 -0.1909573295)
(-1.498006194 0 -0.2308096985)
(-1.446462132 0 -0.8119498542)
(-1.178199116 0 -1.097078137)
(-1.155747999 0 -0.9570129933)
(-0.9774994131 0 -1.073693897)
(-0.8111139071 0 -1.003675775)
(-0.8395207722 0 -0.7464744643)
(-0.7005341373 0 -0.8863834982)
(-0.673483763 0 -0.817519567)
(-0.5503287021 0 -0.4901376391)
(-0.6960862824 0 -0.799807541)
(0.696533927 0 0.16187185)
(-0.6745515888 0 0.5921721845)
(0.5344538129 0 0.1750771875)
(-0.139864214 0 0.08706825777)
(-0.2505880135 0 0.4514976076)
(-0.1047635434 0 0.07019701668)
(-0.1057056753 0 0.04620721734)
(-0.1209998862 0 0.06585378198)
(-0.1059659137 0 0.05863723436)
(-0.1126521354 0 0.05966752752)
(-0.1172206367 0 0.06240659742)
(-0.1147062063 0 0.06480841932)
(-0.1155934606 0 0.06718813479)
(-0.1211299481 0 0.06591185867)
(1.868749378 0 0.9832280668)
(0.8540519805 0 0.6664288498)
(1.602460955 0 1.340718233)
(-0.04901648794 0 0.1225346963)
(-0.1111955679 0 0.09193532319)
(-0.07407180718 0 0.1203815409)
(-0.1171185382 0 0.09777826228)
(1.146287025 0 0.6891343479)
(1.221621243 0 0.7848650723)
(1.191023675 0 0.9021839317)
(1.022752634 0 0.9775181839)
(1.091959389 0 1.32283408)
(0.1472985547 0 -0.04680684962)
(-0.8744302064 0 0.9847501964)
(-0.621191204 0 0.7295208857)
(-1.061421711 0 1.202756135)
(-1.142695453 0 1.299995165)
(-0.9717514733 0 1.133248055)
(-1.174154166 0 1.341323251)
(-1.176039383 0 1.349645796)
(-1.077898506 0 1.253870611)
(-1.156767744 0 1.334027555)
(-1.120223158 0 1.2979995)
(-1.069482811 0 1.259764972)
(-1.068657613 0 1.242803345)
(-1.004238429 0 1.169254799)
(-0.9994343565 0 1.194026741)
(-0.93003378 0 1.079308219)
(-0.850472627 0 0.9773815685)
(-0.8902269773 0 1.065239372)
(-0.7710695857 0 0.8708521885)
(-0.6972768939 0 0.7688174501)
(-0.7605343939 0 0.884700428)
(-0.6327874831 0 0.6789917697)
(-0.5783920168 0 0.6047401748)
(-0.6339941651 0 0.6964529879)
(-0.5323726699 0 0.5448604837)
(-0.492037339 0 0.495813735)
(-0.5316665802 0 0.553544886)
(-0.4549942974 0 0.4541048352)
(-0.4194698166 0 0.4174109151)
(-0.4517109984 0 0.4562922252)
(-0.3861902024 0 0.3851859185)
(-0.375280015 0 0.3663792418)
(-0.392848343 0 0.3924613953)
(-0.4336087617 0 0.3970937862)
(-0.5556690041 0 0.5248121643)
(-0.5026858639 0 0.4280828796)
(-0.6710457994 0 0.4539182052)
(-0.822219108 0 -0.06288502279)
(-0.9553679808 0 -0.1814225167)
(-1.144218041 0 -0.3198287059)
(-1.412709079 0 -0.1127812842)
(-1.446859774 0 -0.1511704586)
(-1.477735919 0 -0.9216189118)
(-1.091440077 0 -1.456885907)
(-1.14822947 0 -1.277422611)
(-0.71981449 0 -1.724781799)
(-0.4519174495 0 -1.878487549)
(-0.6924659165 0 -1.380906791)
(-0.4981003436 0 -1.669373904)
(-0.6688864841 0 -1.445616057)
(-0.7843557278 0 -1.151827726)
(-0.7865155954 0 -1.299269537)
(-0.8475416171 0 -1.096610942)
(-1.015438442 0 -1.022981576)
(-0.210128883 0 -0.1346620714)
(-0.1755736053 0 0.02582459835)
(0.1109816966 0 0.06010315733)
(-0.1499706107 0 0.01831310867)
(-0.1260960042 0 -0.003571568684)
(-0.1036712471 0 0.02645125312)
(-0.114601408 0 0.05305049215)
(-0.1139686059 0 0.05091886188)
(-0.1111189371 0 0.05682183944)
(-0.1123809263 0 0.06185129998)
(-0.1107588894 0 0.06942235295)
(-0.1129867724 0 0.06927993293)
(-0.09451771715 0 0.08189721585)
(-0.1062751236 0 0.0807322359)
(-0.05236500216 0 0.1108125863)
(-0.1035676189 0 0.08478096307)
(-0.1005937255 0 0.09082519605)
(-0.1044499487 0 0.09057297826)
(-0.1027076421 0 0.09445596713)
(0.8001765108 0 0.4782036511)
(0.9947464408 0 0.5853048127)
(0.8579495781 0 0.5704659149)
(0.7832748456 0 0.6028487235)
(0.9129702908 0 0.7603196513)
(0.1484044183 0 0.02554593403)
(-1.3443541 0 1.513500551)
(-1.138910533 0 1.28253292)
(-1.367757324 0 1.55261548)
(-1.358597308 0 1.552409227)
(-1.268838903 0 1.444568032)
(-1.328927333 0 1.527448161)
(-1.280339709 0 1.479271608)
(-1.241750923 0 1.427410836)
(-1.211433065 0 1.405530007)
(-1.120998448 0 1.303175964)
(-1.1375903 0 1.317669181)
(-1.011810628 0 1.172775396)
(-0.8940673626 0 1.023994568)
(-0.9691432954 0 1.119407963)
(-0.7838690973 0 0.8765525484)
(-0.6946619369 0 0.7510968125)
(-0.7788183439 0 0.8725893505)
(-0.6294594332 0 0.6570373136)
(-0.5822004373 0 0.5904610209)
(-0.6314421038 0 0.6682655412)
(-0.5445617763 0 0.5415779765)
(-0.510390592 0 0.5016744837)
(-0.536535815 0 0.5412238119)
(-0.4763209866 0 0.4654903451)
(-0.4411616031 0 0.4307771436)
(-0.4630097843 0 0.4569624117)
(-0.4048037125 0 0.3977225056)
(-0.3689815992 0 0.3676124745)
(-0.3923774512 0 0.3897589396)
(-0.3670204791 0 0.3524763358)
(-0.4822417214 0 0.3930557038)
(-0.3992756932 0 0.3640621362)
(-0.6376279252 0 0.4664482353)
(-0.7475345059 0 0.5625528291)
(-0.6533666213 0 0.5433069068)
(-0.842188004 0 0.6736925414)
(-0.8167276974 0 0.4284585671)
(-0.7408797347 0 0.1735583012)
(-0.9398140696 0 -0.3161769503)
(-1.347433194 0 -0.06986148604)
(-1.379807924 0 -0.07996716329)
(-1.606622296 0 -0.8680829333)
(-1.49379865 0 -1.165237004)
(-1.101473796 0 -1.509614214)
(-1.224773446 0 -1.191428551)
(-0.7329808175 0 -1.363265111)
(-0.1293329717 0 -2.258334924)
(-0.04570366123 0 -1.671535647)
(0.7651190774 0 -2.067050131)
(0.5882001947 0 -2.316528496)
(0.9877130511 0 -1.892100368)
(0.928150957 0 -1.479383603)
(0.5073382139 0 -1.100544558)
(-0.3630415923 0 -0.2238143859)
(-0.244809457 0 -0.06781954308)
(-0.2534443287 0 0.003457174855)
(-0.1568555 0 -0.01029679619)
(-0.1241264145 0 -0.04199334529)
(-0.1250388737 0 -0.02696564099)
(-0.1179748438 0 0.05427556217)
(-0.1105102335 0 0.04297988072)
(-0.1125583115 0 0.04754528086)
(-0.1099691405 0 0.06028594051)
(-0.1092839642 0 0.07104390344)
(-0.1092317957 0 0.06998667275)
(-0.1070778398 0 0.07922373439)
(-0.1039221245 0 0.08508688858)
(-0.104319975 0 0.08247715561)
(-0.1004149848 0 0.08948405094)
(-0.09672715238 0 0.09392974157)
(-0.09812545956 0 0.09194883411)
(-0.09463680243 0 0.09288604911)
(0.3439942466 0 0.2674691949)
(0.5787983334 0 0.3707657043)
(0.4901601225 0 0.3623421268)
(0.5264000146 0 0.4308973386)
(0.668981561 0 0.5018265143)
(-1.488599595 0 1.713288416)
(-1.441341748 0 1.672160397)
(-1.414811845 0 1.626498515)
(-1.367923917 0 1.595728359)
(-1.254878061 0 1.469550652)
(-1.289685531 0 1.499657179)
(-1.094962229 0 1.282302957)
(-0.9092447426 0 1.049809343)
(-1.056104947 0 1.230020152)
(-0.7542901912 0 0.8364011272)
(-0.6654868788 0 0.6981382284)
(-0.7802182057 0 0.870222904)
(-0.624791614 0 0.62743899)
(-0.6018285602 0 0.5901691537)
(-0.6271487084 0 0.643285392)
(-0.5800484241 0 0.5630289239)
(-0.5536307217 0 0.5355890117)
(-0.5585694192 0 0.5480630205)
(-0.5213016467 0 0.5039793756)
(-0.4836039689 0 0.4676457254)
(-0.4955703329 0 0.4809530348)
(-0.4418908466 0 0.4281498618)
(-0.3986086244 0 0.3886600123)
(-0.4213353018 0 0.4103515702)
(-0.356493373 0 0.3534765681)
(-0.3593246879 0 0.3437112695)
(-0.351043965 0 0.3487680985)
(-0.5342784214 0 0.4148854982)
(-0.7128880986 0 0.4942308015)
(-0.5981315217 0 0.4426986916)
(-0.8228424704 0 0.5483803555)
(-0.8859792692 0 0.5991743986)
(-0.8242323053 0 0.5810221668)
(-0.9303844673 0 0.6885291732)
(-0.9883513834 0 0.6200274451)
(-0.9297406533 0 0.5390609957)
(-0.7950706548 0 -0.1562213459)
(-1.257209908 0 -0.1707435844)
(-1.307179298 0 -0.1106427496)
(-1.645885707 0 -0.8858292888)
(-1.662427166 0 -1.187756732)
(-1.618480512 0 -1.167435442)
(-1.65690115 0 -1.137178207)
(-1.627625229 0 -1.097803723)
(-1.342428328 0 -1.10579936)
(-1.544086521 0 -1.04984132)
(-1.36131571 0 -0.9901526981)
(-0.1058459333 0 -1.405602823)
(-1.016895936 0 -0.9414307061)
(-0.3382147427 0 -0.9837436261)
(1.058763698 0 -1.485428222)
(-0.6346190607 0 -0.4190259287)
(-0.2494546994 0 -0.1564016706)
(-0.2345235723 0 -0.1252248804)
(-0.1377567919 0 -0.06619190487)
(-0.1424052219 0 -0.0583680217)
(-0.1303704826 0 -0.05239891636)
(-0.1427729318 0 -0.003723331505)
(-0.1134761404 0 0.02509263187)
(-0.110470051 0 0.0357534897)
(-0.1164201723 0 0.05891172179)
(-0.1164313635 0 0.07746471949)
(-0.1116329442 0 0.07332224604)
(-0.112988679 0 0.08857489742)
(-0.1080043546 0 0.09510497266)
(-0.1051955391 0 0.08918790466)
(-0.1025146292 0 0.0991842072)
(-0.09700929183 0 0.1020116456)
(-0.09640251519 0 0.09689986785)
(-0.09166454115 0 0.1046239229)
(-0.0862023338 0 0.1066823294)
(0.0183394954 0 0.1378360276)
(-0.4402868997 0 0.4756845279)
(-0.4382552041 0 0.5019426472)
(-1.102622323 0 1.298927211)
(-0.5153441281 0 0.5535239388)
(-0.5936679173 0 0.5999225765)
(-0.6794990261 0 0.7443291735)
(-0.6393527766 0 0.6268066685)
(-0.6561552802 0 0.6352741275)
(-0.6268901186 0 0.6174452222)
(-0.6511852038 0 0.6277518564)
(-0.629508732 0 0.6063676564)
(-0.6107871902 0 0.5893341486)
(-0.5948455336 0 0.5730280253)
(-0.5499915711 0 0.5297581259)
(-0.5542471592 0 0.5348062515)
(-0.4974541162 0 0.4784944408)
(-0.4404126907 0 0.4229306973)
(-0.4671294984 0 0.4508558244)
(-0.383127159 0 0.3694905096)
(-0.3395689683 0 0.3311080901)
(-0.3701500757 0 0.3614176261)
(-0.3527568181 0 0.3531286054)
(-0.5951257688 0 0.4435204901)
(-0.4420440295 0 0.379836131)
(-0.7939358603 0 0.5108950719)
(-0.8999055662 0 0.5660305298)
(-0.813875737 0 0.5366909606)
(-0.9548937468 0 0.6070276868)
(-0.9803423118 0 0.6384233665)
(-0.9370480289 0 0.6180966046)
(-0.9909046634 0 0.677456199)
(-1.018424936 0 0.7293780361)
(-1.015228189 0 0.6864051911)
(-0.8804949851 0 0.2639569905)
(-1.102916832 0 -0.2649157102)
(-1.191587109 0 -0.2328247904)
(-1.636288786 0 -0.8820729542)
(-1.700513505 0 -1.197985633)
(-1.686623238 0 -1.198518372)
(-1.733549233 0 -1.193880568)
(-1.74356717 0 -1.184598557)
(-1.694640814 0 -1.146174468)
(-1.727763141 0 -1.163593387)
(-1.678183651 0 -1.122661208)
(-1.583070774 0 -1.055095588)
(-1.576685499 0 -1.050060959)
(-1.386656226 0 -0.9232144017)
(-1.211126911 0 -0.8101724605)
(-1.043088658 0 -0.6965663552)
(-0.4877757421 0 -0.3265438378)
(-0.3278700332 0 -0.2179017293)
(-0.1530314069 0 -0.09645528449)
(-0.162114331 0 -0.07161319081)
(-0.1535194814 0 -0.06571441502)
(-0.1641765856 0 -0.03960043798)
(-0.1382071717 0 -0.02607192245)
(-0.1212968914 0 0.006233754547)
(-0.1344797551 0 0.06390615267)
(-0.1304413784 0 0.09041707769)
(-0.1231358199 0 0.08342559385)
(-0.1234302038 0 0.1039941146)
(-0.1158729102 0 0.1111623731)
(-0.1118543071 0 0.1026631469)
(-0.1080480415 0 0.1152175789)
(-0.09978179251 0 0.1175903354)
(-0.09831170547 0 0.1089479919)
(-0.5672446253 0 0.6516256056)
(-0.5262307691 0 0.6386029335)
(-0.4951030442 0 0.5784439299)
(-0.661593771 0 0.6907186317)
(-0.7400944193 0 0.723593714)
(-0.6587624825 0 0.6619126226)
(-0.7594581742 0 0.7275696957)
(-0.7435115637 0 0.7084690533)
(-0.7001829493 0 0.675610619)
(-0.7038179199 0 0.6701866766)
(-0.6463194404 0 0.6157322588)
(-0.6439074338 0 0.6181942626)
(-0.5769761366 0 0.548217906)
(-0.4994679922 0 0.4726345894)
(-0.533759152 0 0.5109427549)
(-0.4182553139 0 0.3926376875)
(-0.3417499823 0 0.3192277358)
(-0.3991703108 0 0.3794823814)
(-0.2796661487 0 0.271919863)
(-0.5933800539 0 0.6037117682)
(-0.3441821745 0 0.3356498914)
(-0.6789969664 0 0.5272713388)
(-0.87561861 0 0.4856069063)
(-0.7486485529 0 0.4815611941)
(-0.9703699207 0 0.5194816447)
(-1.02142615 0 0.5847766434)
(-0.9702985467 0 0.5816364262)
(-1.040687742 0 0.6456160833)
(-1.038689653 0 0.6859044421)
(-1.015609619 0 0.6608971417)
(-1.024944447 0 0.7063800233)
(-1.008266843 0 0.7411884599)
(-1.013843056 0 0.7382746772)
(-1.00464042 0 0.5776010081)
(-0.9639986037 0 -0.1346762733)
(-1.017341999 0 -0.2259330799)
(-1.556935062 0 -0.8657456406)
(-1.691901409 0 -1.161215561)
(-1.702894802 0 -1.185314662)
(-1.767977586 0 -1.220170675)
(-1.811941642 0 -1.240211904)
(-1.782861185 0 -1.215735837)
(-1.829800344 0 -1.242235861)
(-1.822024967 0 -1.22690029)
(-1.756740464 0 -1.179113514)
(-1.779579953 0 -1.190052027)
(-1.678732048 0 -1.11839494)
(-1.543189068 0 -1.027588138)
(-1.462256399 0 -0.9750991769)
(-0.9933327714 0 -0.664202076)
(-0.7189580631 0 -0.4811025161)
(-0.1779674926 0 -0.1152750859)
(-0.1738546697 0 -0.07801953968)
(-0.1687910118 0 -0.07535919724)
(-0.182376965 0 -0.04643081757)
(-0.1778811007 0 -0.03934324642)
(-0.1592614139 0 -0.04194601046)
(-0.1500203326 0 0.07800598131)
(-0.1374333184 0 0.09925241666)
(-0.1361669524 0 0.09664519944)
(-0.1284560525 0 0.1164976609)
(-0.119889414 0 0.1269914875)
(-0.1189809189 0 0.1195188667)
(-0.1090496273 0 0.1331738304)
(-0.09585377314 0 0.1359015854)
(-0.1002678794 0 0.1267507316)
(-0.9617711306 0 0.8510928869)
(-0.9189262163 0 0.8424255442)
(-0.8342948921 0 0.7852027102)
(-0.864986303 0 0.8061256788)
(-0.788897997 0 0.7413857799)
(-0.7773686452 0 0.7322387248)
(-0.6901331805 0 0.6512729989)
(-0.5743754935 0 0.5430006245)
(-0.6277568109 0 0.5941961925)
(-0.473235487 0 0.4196825754)
(-0.3657458508 0 0.3188334076)
(-0.4422683841 0 0.4101484235)
(-0.2742096739 0 0.2122345758)
(-0.146579265 0 0.07496160849)
(-0.2722407335 0 0.2413012653)
(-0.09105431719 0 0.1319747158)
(1.057350017 0 1.527508886)
(0.6230264175 0 1.222947617)
(-0.9512395346 0 0.6070086066)
(-1.034159556 0 0.474572169)
(-0.9699946451 0 0.4778454764)
(-1.042667009 0 0.4885282263)
(-1.042037626 0 0.567406144)
(-1.047262243 0 0.5782244862)
(-1.033293455 0 0.6687753458)
(-1.016230713 0 0.7448527569)
(-1.042101373 0 0.7137684622)
(-0.994056496 0 0.7782243922)
(-0.967248787 0 0.7828582175)
(-0.9959751631 0 0.7538332359)
(-0.946339143 0 0.7226377801)
(-0.8667565681 0 0.2864246671)
(-0.9227005445 0 0.02335488079)
(-1.378687874 0 -0.7493684317)
(-1.616040005 0 -1.072990087)
(-1.664552645 0 -1.124780227)
(-1.749648915 0 -1.205069537)
(-1.837610976 0 -1.267198576)
(-1.830430473 0 -1.257695816)
(-1.887988281 0 -1.293981532)
(-1.912910237 0 -1.299456292)
(-1.873744518 0 -1.266765975)
(-1.913740709 0 -1.287678991)
(-1.880018374 0 -1.255696069)
(-1.791000989 0 -1.194282906)
(-1.780384238 0 -1.187527008)
(-1.531568374 0 -1.023188346)
(-1.275263349 0 -0.8522330448)
(-0.1967848648 0 -0.1338066149)
(-0.1801119602 0 -0.08521879636)
(-0.1775408788 0 -0.08107869914)
(-0.193072304 0 -0.052430175)
(-0.2009025237 0 -0.03471651262)
(-0.1914258373 0 -0.0351707108)
(-0.1361860758 0 0.06509333546)
(-0.1170103479 0 0.08887290388)
(-0.1323051099 0 0.09706135104)
(-0.109632333 0 0.1172264121)
(-0.09009641199 0 0.1380705191)
(-0.1155218499 0 0.133409917)
(0.6529543094 0 -1.380652174)
(0.6673051861 0 -1.097056237)
(-0.4640862773 0 0.4423426557)
(1.467364114 0 -1.178410366)
(0.4138600919 0 1.404420696)
(-0.2447701692 0 0.1085958298)
(0.3060753937 0 1.1324152)
(0.2430886666 0 0.9746834045)
(-0.1379602779 0 0.08499813594)
(0.2216035024 0 0.7685483194)
(-0.9543529517 0 0.6060849419)
(0.9823277466 0 1.368210753)
(-1.064748495 0 0.6600950515)
(-1.091245618 0 0.5242353595)
(-1.070611004 0 0.4867381648)
(-1.035638799 0 0.5240421408)
(-0.9498735031 0 0.5855266173)
(-1.004750305 0 0.5638281681)
(-0.8810867649 0 0.7000064151)
(-0.8475217463 0 0.8118630639)
(-0.9514391104 0 0.7788451839)
(-0.8364105012 0 0.873607473)
(-0.8294490982 0 0.8777385204)
(-0.9130550079 0 0.8272877509)
(-0.8155386061 0 0.8273915117)
(-0.7640765575 0 0.702739483)
(-0.7866986226 0 0.6358528802)
(-1.057233784 0 -0.3321856109)
(-1.419650149 0 -0.8910692657)
(-1.538454041 0 -0.9992805241)
(-1.636636623 0 -1.10359977)
(-1.806673403 0 -1.250485736)
(-1.831411352 0 -1.266468628)
(-1.904285047 0 -1.318227939)
(-1.958291325 0 -1.345707503)
(-1.940722255 0 -1.325639472)
(-1.988449878 0 -1.351906268)
(-1.996814235 0 -1.342049549)
(-1.947678355 0 -1.304224347)
(-1.969121219 0 -1.317368695)
(-1.892867068 0 -1.265181918)
(-1.739838833 0 -1.162321512)
(-0.2101932455 0 -0.1460673008)
(-0.1840335897 0 -0.1009465655)
(-0.1820758964 0 -0.09123041972)
(-0.1987993297 0 -0.061166869)
(-0.2136474334 0 -0.03956149172)
(-0.2077746426 0 -0.0370053112)
(0.2579981825 0 -0.2877864809)
(0.0915712917 0 -0.2524193352)
(0.2137990518 0 1.004603441)
(0.1227433253 0 -0.2807372464)
(0.1894957738 0 -0.3614534341)
(0.08163901471 0 0.5857946525)
(0.6157622138 0 0.4895218988)
(-1.145867214 0 0.7152662004)
(-1.059318645 0 0.6626249459)
(-1.162231362 0 0.7479289273)
(-1.13747583 0 0.6754161662)
(-1.112154493 0 0.5904173602)
(-1.060355658 0 0.6602153574)
(-0.9221188025 0 0.6945012402)
(-0.9138117533 0 0.6379857709)
(-0.7833341172 0 0.7566180983)
(-0.6855253924 0 0.8308656557)
(-0.7383355398 0 0.8327975017)
(-0.63879796 0 0.8909212045)
(-0.6276717853 0 0.9118797214)
(-0.7246594618 0 0.9152849761)
(-0.6244872485 0 0.8754757543)
(-0.5923133189 0 0.7695995244)
(-0.6886603139 0 0.7545620866)
(-0.4814954574 0 0.6100733712)
(-0.9672556714 0 -0.425708277)
(-1.243327069 0 -0.720989694)
(-1.261585845 0 -0.7463662269)
(-1.630729731 0 -1.106604934)
(-1.7507253 0 -1.207412271)
(-1.861616967 0 -1.297333898)
(-1.965039962 0 -1.366305204)
(-1.966404303 0 -1.359561123)
(-2.018004122 0 -1.391566624)
(-2.051845744 0 -1.393988112)
(-2.03054804 0 -1.371387614)
(-2.056711742 0 -1.387297755)
(-2.057802906 0 -1.381174084)
(-1.995527006 0 -1.335583574)
(-0.1747743991 0 -0.05499846398)
(-0.2015024035 0 -0.1603812222)
(-0.1871667608 0 -0.1185730442)
(-1.202914245 0 0.8041977016)
(-1.191230378 0 0.7574433979)
(-1.168574587 0 0.7357462166)
(-1.15277994 0 0.7332227123)
(-1.027103713 0 0.747713753)
(-0.9639553743 0 0.7288758421)
(-0.8852152566 0 0.762511757)
(-0.7691702324 0 0.7640458959)
(-0.701149726 0 0.807390776)
(-0.6758187256 0 0.7338488578)
(-0.5866169906 0 0.665271253)
(-0.5749553553 0 0.8434479406)
(-0.4423672277 0 0.5671299729)
(-0.2170448419 0 0.5802720647)
(-0.480509814 0 0.7123444015)
(-0.09691658341 0 0.6085561245)
(-0.0662546788 0 0.5478190072)
(-0.1746560068 0 0.5257373278)
(-0.06593309857 0 0.504759093)
(-0.7429157696 0 -0.2782417598)
(-1.357389521 0 -0.8616696825)
(-1.490117581 0 -1.008124446)
(-1.911117118 0 -1.343112285)
(-1.951721553 0 -1.36343616)
)
;

boundaryField
{
    dominio_ascii
    {
        type            zeroGradient;
    }
    wallFilmFaces_top
    {
        type            fixedValue;
        value           uniform (0 0 0);
    }
    region0_to_wallFilmRegion_wallFilmFaces
    {
        type            slip;
    }
}


// ************************************************************************* //
