/*--------------------------------*- C++ -*----------------------------------*\
| =========                 |                                                 |
| \\      /  F ield         | OpenFOAM: The Open Source CFD Toolbox           |
|  \\    /   O peration     | Version:  2.1.x                                 |
|   \\  /    A nd           | Web:      www.OpenFOAM.org                      |
|    \\/     M anipulation  |                                                 |
\*---------------------------------------------------------------------------*/
FoamFile
{
    version     2.0;
    format      ascii;
    class       surfaceScalarField;
    location    "1.5";
    object      phi;
}
// * * * * * * * * * * * * * * * * * * * * * * * * * * * * * * * * * * * * * //

dimensions      [1 1 -1 0 0 0 0];

internalField   nonuniform List<scalar> 
5536
(
1.270727523e-12
-9.911559206e-13
-1.134021409e-12
7.83910601e-13
-9.847003785e-13
-2.701719124e-13
2.423863934e-18
-5.948868182e-19
-3.26290704e-18
4.033164847e-18
-2.444231512e-18
-3.880568656e-18
1.209788105e-20
-9.200948004e-18
-1.402266454e-12
-5.828454969e-12
5.675811497e-12
-1.352907431e-12
-5.606672808e-12
1.541266088e-12
3.953741445e-12
-1.22196362e-12
-3.938478755e-12
1.137517253e-12
3.942268932e-12
-1.190790492e-12
-3.733881005e-12
1.155754657e-12
3.415913744e-12
-1.593584535e-12
-2.882136783e-12
1.969616835e-12
4.4080007e-12
2.234288332e-12
-8.519003016e-12
-5.100550506e-19
2.050430931e-11
6.071354583e-11
-8.067384286e-11
-5.828314028e-18
3.678537759e-10
1.069933574e-09
-1.435240401e-09
-1.05486023e-17
4.649961494e-09
8.53774079e-09
-1.317545577e-08
-1.466586095e-15
3.4103904e-08
5.095263825e-08
-8.499439015e-08
2.11727383e-11
3.17680086e-07
-5.29274925e-07
2.120201684e-07
5.618563043e-07
9.185197487e-07
-5.731704903e-07
-2.880928385e-12
-3.532049814e-12
2.738148708e-12
4.136124394e-12
-1.734732711e-12
-4.005570972e-12
1.275014595e-12
4.034234925e-12
-9.235588818e-13
-3.767615207e-12
9.282534578e-13
3.706741707e-12
-6.086741004e-13
-3.77837399e-12
8.26286901e-13
4.127322648e-12
8.787460073e-14
-4.880608517e-12
1.139871624e-12
6.450829175e-12
3.177302697e-12
-1.055029228e-11
-3.285098531e-12
1.864389817e-11
3.400682719e-11
-4.876880732e-11
-5.558055237e-11
1.725764693e-10
5.133430537e-10
-6.278280367e-10
-8.804212641e-10
1.948318231e-09
4.151004698e-09
-5.210113797e-09
-6.806091251e-09
1.239016878e-08
2.131181259e-08
-2.686337075e-08
-3.526659856e-08
5.397341511e-08
8.275585772e-08
-1.013481638e-07
-1.482016156e-07
1.781996396e-07
2.605797402e-07
-2.902375126e-07
-5.32391062e-07
4.227017031e-07
6.191936508e-07
-5.087670587e-07
-7.798219582e-07
4.103307335e-07
6.043561369e-07
-2.343353768e-07
-1.049338811e-10
1.250142554e-10
8.501335402e-12
-5.840774069e-11
-2.491912271e-14
4.347098852e-16
2.214520279e-14
6.271011763e-12
-4.711701838e-12
-5.37740968e-12
2.250439806e-12
3.94055561e-12
-1.47189099e-12
-3.863310097e-12
1.110018766e-12
4.196861321e-12
-1.03568295e-13
-4.860109604e-12
1.105025217e-13
5.636500783e-12
1.056404446e-12
-6.54514633e-12
-7.109629365e-13
7.802410221e-12
3.07489703e-12
-9.896135646e-12
-3.409786181e-12
1.394425218e-11
1.185465585e-11
-2.191514745e-11
-1.859347639e-11
4.57974597e-11
1.099254038e-10
-1.357366176e-10
-2.50529297e-10
4.431230689e-10
1.098864066e-09
-1.286927481e-09
-2.236712396e-09
3.292026533e-09
6.487425567e-09
-7.528624467e-09
-1.206945355e-08
1.56824817e-08
2.662814233e-08
-3.01981389e-08
-4.723561483e-08
5.429556778e-08
8.467800905e-08
-9.161574411e-08
-1.461571006e-07
1.45133415e-07
2.162283769e-07
-2.14903584e-07
-3.599756371e-07
2.941000845e-07
4.301759118e-07
-3.637203007e-07
-6.208301805e-07
3.905617652e-07
5.712665403e-07
-3.402848443e-07
-4.436159051e-07
2.144109809e-07
3.138716465e-07
-8.434738679e-08
-2.146543771e-12
4.777813088e-12
6.357577908e-13
-3.800481744e-12
2.390891978e-13
1.470700465e-12
-1.715207063e-12
1.514002509e-14
2.948140655e-11
-2.760366279e-11
1.834225893e-12
-3.446370483e-12
-1.033255524e-11
-1.029639127e-11
1.27222315e-11
1.569128165e-11
-1.011995414e-11
-9.64765309e-12
3.138538545e-12
6.983761311e-12
-1.129984269e-12
-6.106895466e-12
2.132159055e-13
5.99732083e-12
1.159699829e-12
-6.228068991e-12
-1.041816557e-12
6.838055079e-12
2.588992758e-12
-7.884130439e-12
-2.850789937e-12
9.791796598e-12
6.867338075e-12
-1.339627019e-11
-8.688888812e-12
1.986110009e-11
2.422988533e-11
-3.464467513e-11
-4.800658438e-11
8.3825943e-11
2.179855337e-10
-2.515508593e-10
-5.041862114e-10
7.139142016e-10
1.609574421e-09
-1.812851242e-09
-3.309301703e-09
4.138249765e-09
7.803737387e-09
-8.614798984e-09
-1.465025269e-08
1.657318901e-08
2.789242621e-08
-2.976767857e-08
-4.89644303e-08
5.027496746e-08
7.897547331e-08
-8.016749252e-08
-1.311512732e-07
1.208177593e-07
1.823175166e-07
-1.71722665e-07
-2.829358571e-07
2.289574835e-07
3.380800838e-07
-2.836249053e-07
-4.661238743e-07
3.213940986e-07
4.703634624e-07
-3.249855467e-07
-4.958702422e-07
2.821740751e-07
4.120937273e-07
-1.978620477e-07
-2.160712858e-07
1.009661353e-07
1.454529921e-07
-3.018349421e-08
-8.143026043e-13
1.348862351e-11
1.754705075e-12
-1.440290804e-11
7.157405245e-12
1.571195878e-11
-1.682740762e-11
-5.162792923e-12
2.777499433e-11
5.074568863e-13
-2.426166325e-11
3.358224543e-12
6.769180853e-12
-8.177665372e-12
-3.207349344e-12
7.368847747e-12
-1.77041759e-12
-3.345965364e-12
1.840258812e-11
2.581880599e-11
-1.417030284e-11
-2.238517538e-11
7.164094078e-12
1.868610172e-11
-4.184414161e-12
-1.407364126e-11
-1.089653815e-12
1.033736982e-11
2.992730055e-12
-8.508740238e-12
-2.662039849e-12
8.144170583e-12
4.937307669e-12
-9.213668954e-12
-5.520531881e-12
1.194858142e-11
1.116590703e-11
-1.689949279e-11
-1.526646146e-11
2.582784805e-11
3.979569512e-11
-4.927390729e-11
-9.014598732e-11
1.283802553e-10
3.229915861e-10
-3.582286782e-10
-7.423630847e-10
9.21867128e-10
1.975579197e-09
-2.147115816e-09
-4.013275524e-09
4.559401988e-09
8.404477724e-09
-8.930260035e-09
-1.552615642e-08
1.63049248e-08
2.725250848e-08
-2.798194407e-08
-4.686080798e-08
4.540600643e-08
7.14896312e-08
-6.992307924e-08
-1.152717752e-07
1.023383732e-07
1.554314561e-07
-1.422696856e-07
-2.330769166e-07
1.873453097e-07
2.786077491e-07
-2.324751659e-07
-3.7655356e-07
2.696810711e-07
3.964682629e-07
-2.890305001e-07
-4.494263055e-07
2.812913826e-07
4.110981931e-07
-2.423875701e-07
-3.308452733e-07
1.780141354e-07
2.58097426e-07
-1.049189214e-07
-9.597073191e-08
4.464270137e-08
6.208089993e-08
-1.067452656e-08
-1.7392198e-12
3.050834361e-11
-3.565368455e-13
-2.806909491e-11
2.431231084e-11
1.345619905e-11
-1.839119852e-11
-9.170272033e-12
1.635993182e-11
5.034342531e-12
-7.188017758e-12
-1.440880899e-12
7.742276021e-13
-1.417941347e-12
-2.234737024e-15
1.226997737e-12
3.224552502e-13
-4.413293139e-13
-1.663456007e-15
1.609413072e-13
-1.156245192e-15
-5.398334175e-14
1.027949984e-11
-4.957819409e-12
-1.801917187e-11
1.77371396e-11
1.023000133e-11
-6.714802287e-12
-1.686646622e-11
1.908194494e-12
1.477566585e-11
9.829706766e-14
-1.230222988e-11
-5.041218981e-12
1.138139847e-11
8.043261656e-12
-1.178700355e-11
-8.991884227e-12
1.443143843e-11
1.584405357e-11
-1.994799026e-11
-2.224226036e-11
3.125579954e-11
5.715915729e-11
-6.467975279e-11
-1.340691406e-10
1.679247004e-10
4.069947644e-10
-4.372376539e-10
-9.225780633e-10
1.050315111e-09
2.187919143e-09
-2.306602898e-09
-4.386897484e-09
4.663099139e-09
8.507403743e-09
-8.761920188e-09
-1.546777337e-08
1.543762544e-08
2.576652998e-08
-2.568717228e-08
-4.342210604e-08
4.057988258e-08
6.402537187e-08
-6.107882352e-08
-1.009570102e-07
8.775285658e-08
1.337842495e-07
-1.203782237e-07
-1.964405871e-07
1.574712285e-07
2.351865903e-07
-1.958730851e-07
-3.151222326e-07
2.305988812e-07
3.402522167e-07
-2.552360051e-07
-3.985765667e-07
2.631336612e-07
3.85421466e-07
-2.494238756e-07
-3.627419195e-07
2.134545994e-07
3.10432829e-07
-1.607040133e-07
-1.963935456e-07
1.0238274e-07
1.461017957e-07
-5.188603059e-08
-3.930224635e-08
1.866549797e-08
2.426033492e-08
-3.5873921e-09
1.327227834e-12
1.718154596e-11
-1.149535593e-12
-1.681925315e-11
1.069561509e-11
1.0017982e-11
-4.738346741e-12
-4.221451306e-12
1.549596827e-12
1.075105731e-12
-1.433928889e-13
-1.164836224e-13
1.057035559e-16
5.805862843e-17
-2.526509419e-18
8.864288542e-17
1.854323261e-16
-5.694301926e-17
-1.388262884e-16
1.008836408e-16
4.034642303e-16
-2.190820078e-16
2.616827948e-16
-1.779619789e-16
-3.588097662e-12
-1.650645691e-11
4.216912808e-12
1.299338991e-11
-2.606006439e-12
-1.204704894e-11
4.12237096e-12
1.19372197e-11
-2.216529448e-12
-1.232617339e-11
-3.2754074e-12
1.432613209e-11
7.082252164e-12
-1.611193707e-11
-1.270474758e-11
1.792696635e-11
1.983932454e-11
-2.280743755e-11
-2.99837389e-11
3.631919551e-11
7.354323609e-11
-7.780087796e-11
-1.715187917e-10
1.95832343e-10
4.629886353e-10
-4.831836116e-10
-1.034842911e-09
1.104980755e-09
2.267960762e-09
-2.328332591e-09
-4.497593621e-09
4.547463465e-09
8.272401963e-09
-8.300083928e-09
-1.485878375e-08
1.426572352e-08
2.387701299e-08
-2.323607974e-08
-3.963714524e-08
3.604215037e-08
5.711678486e-08
-5.342499371e-08
-8.856469405e-08
7.583816861e-08
1.160932362e-07
-1.031867069e-07
-1.680415428e-07
1.345241149e-07
2.016061229e-07
-1.677885938e-07
-2.688954933e-07
1.996740907e-07
2.954399526e-07
-2.257853924e-07
-3.530972208e-07
2.412208866e-07
3.54036171e-07
-2.416433104e-07
-3.604822205e-07
2.246653396e-07
3.274871257e-07
-1.911939756e-07
-2.586702986e-07
1.461207917e-07
2.104404944e-07
-9.75850848e-08
-1.063768418e-07
5.465800642e-08
7.581712092e-08
-2.398445442e-08
-1.451577045e-08
7.21282436e-09
8.348524981e-09
-1.028616553e-09
9.877582096e-13
8.125573383e-12
-7.275678196e-13
-7.687367761e-12
1.783837366e-12
2.240802698e-12
-6.308365896e-13
-2.025880999e-13
3.38032848e-14
2.99357374e-14
-2.150750174e-14
-8.801947789e-15
5.087923108e-19
2.66629559e-19
-5.83834848e-20
5.643155291e-20
2.259694866e-16
-2.215953052e-18
-4.544998718e-16
1.397665644e-16
1.370982148e-16
-1.585393995e-16
-9.28488969e-17
8.736407614e-17
9.793057295e-17
-3.225649612e-19
4.738750495e-17
-4.542961297e-17
-8.205042016e-13
8.459251993e-12
2.761571018e-12
-1.004234514e-11
1.668735098e-12
2.41720026e-11
1.379629892e-11
-5.148569589e-11
-2.442430373e-12
8.928694938e-11
4.73595637e-11
-1.151209301e-10
-1.131113919e-11
1.080293226e-10
2.635184394e-11
-1.011395715e-10
-4.021368839e-11
1.024738418e-10
6.878389688e-11
-1.239077326e-10
-1.989546522e-10
2.205371596e-10
4.781919804e-10
-4.988915907e-10
-1.084199477e-09
1.100272259e-09
2.245056753e-09
-2.250941197e-09
-4.415714399e-09
4.290233328e-09
7.819765433e-09
-7.67213147e-09
-1.392624955e-08
1.296047299e-08
2.181335693e-08
-2.080178047e-08
-3.584144496e-08
3.186802688e-08
5.082291924e-08
-4.676022854e-08
-7.790765774e-08
6.586684426e-08
1.013874446e-07
-8.91853537e-08
-1.453160006e-07
1.161135005e-07
1.747329573e-07
-1.452659879e-07
-2.324229121e-07
1.743602006e-07
2.587181101e-07
-2.002719351e-07
-3.134978247e-07
2.193382041e-07
3.225682895e-07
-2.27933654e-07
-3.444038639e-07
2.233186187e-07
3.261351532e-07
-2.045699042e-07
-2.899209232e-07
1.732865323e-07
2.507415497e-07
-1.337366665e-07
-1.674724107e-07
9.213124472e-08
1.305277352e-07
-5.498933025e-08
-5.285202475e-08
2.714070162e-08
3.596982531e-08
-1.01974728e-08
-4.561370801e-09
2.429537038e-09
2.328071595e-09
-1.881340461e-10
2.031382132e-13
1.986878773e-12
3.23499609e-13
-1.879595697e-12
1.81610254e-13
2.961932359e-13
-3.998565373e-19
-3.295236093e-14
8.978205248e-15
1.348856835e-14
-3.770753833e-18
-1.945115411e-15
4.138656874e-22
2.966841244e-22
1.085750971e-21
-2.558019552e-22
9.61130643e-16
-3.727891775e-22
2.767034869e-15
-4.579486491e-15
-6.380682635e-17
2.704094145e-14
1.435725767e-13
-1.549732826e-13
-4.687730793e-18
8.845761741e-13
4.601525631e-12
-4.534933404e-12
9.222350699e-11
1.188373149e-11
2.408840152e-11
-1.155665389e-10
9.06805622e-11
-2.57982012e-11
4.412840372e-11
-9.483532515e-11
-3.661524494e-11
1.037032579e-10
4.924579317e-11
-1.096690472e-10
-4.678463618e-11
1.104263708e-10
5.366026949e-11
-1.084406266e-10
-4.47742044e-11
1.1428928e-10
7.792523356e-11
-1.429614585e-10
-1.6194779e-10
2.346382142e-10
4.110583612e-10
-4.898551449e-10
-1.063219445e-09
1.054657195e-09
2.128340663e-09
-2.112936972e-09
-4.201811703e-09
3.954266464e-09
7.237557865e-09
-6.968231795e-09
-1.281912314e-08
1.162952013e-08
1.971184619e-08
-1.847877969e-08
-3.217752163e-08
2.807616565e-08
4.511236748e-08
-4.092896964e-08
-6.865124444e-08
5.738577076e-08
8.891712084e-08
-7.750688025e-08
-1.266633119e-07
1.009180473e-07
1.526519846e-07
-1.266722206e-07
-2.027986483e-07
1.531561865e-07
2.280771144e-07
-1.780934858e-07
-2.791575904e-07
1.987014325e-07
2.929148526e-07
-2.120245062e-07
-3.228887178e-07
2.154602724e-07
3.152756234e-07
-2.073799365e-07
-3.01431835e-07
1.87729901e-07
2.724972734e-07
-1.583891716e-07
-2.12250256e-07
1.230616977e-07
1.7609079e-07
-8.663492822e-08
-9.968517542e-08
5.400546682e-08
7.45951983e-08
-2.879482635e-08
-2.383614718e-08
1.239459152e-08
1.530460015e-08
-3.831432961e-09
-1.085316472e-09
5.672479522e-10
5.817037455e-10
-6.277384395e-11
-2.558448255e-13
1.489344951e-10
3.368026957e-10
-4.797289184e-10
-5.160849878e-18
1.349121827e-09
1.932529129e-09
-3.270938287e-09
-3.982638245e-17
7.047464835e-09
6.939334161e-09
-1.396473128e-08
-1.702934714e-16
2.611951947e-08
2.090993036e-08
-4.697154275e-08
-7.149352596e-15
8.228258714e-08
5.957520369e-08
-1.416997886e-07
-2.591680237e-13
2.413878652e-07
1.67437717e-07
-4.084019463e-07
-5.724146656e-12
6.878717776e-07
4.681301193e-07
-1.154934659e-06
-5.678946617e-11
1.29601694e-06
-3.226798005e-06
1.933706616e-06
-7.843398247e-11
1.508723443e-10
-1.321796276e-10
1.182645629e-10
-6.172738869e-11
7.209044024e-11
-1.116867987e-10
-6.104970597e-11
1.123388735e-10
7.251650233e-11
-1.181816102e-10
-6.797385322e-11
1.298835914e-10
9.832218753e-11
-1.561603471e-10
-1.626242697e-10
2.336161056e-10
3.769409234e-10
-4.553720473e-10
-9.463709923e-10
9.643632111e-10
1.911225943e-09
-1.930601444e-09
-3.886338881e-09
3.586808084e-09
6.575308106e-09
-6.256724129e-09
-1.163712106e-08
1.034975964e-08
1.765766982e-08
-1.632921082e-08
-2.871662006e-08
2.467392286e-08
3.994226964e-08
-3.582409083e-08
-6.053410807e-08
5.01018397e-08
7.817682731e-08
-6.76142159e-08
-1.109943615e-07
8.81401168e-08
1.34091599e-07
-1.110286217e-07
-1.781824403e-07
1.351173178e-07
2.020885741e-07
-1.587190815e-07
-2.493527055e-07
1.797011988e-07
2.657164511e-07
-1.9566962e-07
-2.996841484e-07
2.043151107e-07
2.996339654e-07
-2.038195114e-07
-3.009504889e-07
1.933314788e-07
2.813647808e-07
-1.733248128e-07
-2.413560839e-07
1.457457478e-07
2.097521299e-07
-1.138228342e-07
-1.433229672e-07
8.148871177e-08
1.145576239e-07
-5.254189412e-08
-5.465209699e-08
2.975710256e-08
3.934750545e-08
-1.438475401e-08
-9.562658159e-09
6.562652602e-09
8.39255309e-09
-5.370905934e-09
-1.624723823e-09
8.78306958e-09
8.725200366e-09
-1.584527122e-08
-4.999913297e-09
2.70721682e-08
2.241442451e-08
-4.440989839e-08
-1.504363302e-08
7.048578677e-08
5.358064734e-08
-1.088624412e-07
-3.95816538e-08
1.642801713e-07
1.185332385e-07
-2.428987981e-07
-9.655027109e-08
3.524448838e-07
2.46825983e-07
-5.020447603e-07
-2.241213566e-07
7.015091421e-07
4.836878242e-07
-9.597681342e-07
-4.93917581e-07
1.281730049e-06
8.774773419e-07
-1.662958889e-06
-1.006460492e-06
2.082165317e-06
1.420964611e-06
-2.49303598e-06
-1.761823414e-06
1.92262447e-06
-2.976625835e-06
2.820388608e-06
-1.028785303e-10
2.41752269e-10
1.274628066e-10
-2.205433241e-10
-8.721197711e-11
2.052309192e-10
9.838002097e-11
-1.964623602e-10
-9.114904955e-11
1.928787979e-10
1.123702263e-10
-2.036724045e-10
-1.607308593e-10
2.645212828e-10
3.208432969e-10
-4.36179515e-10
-8.315399686e-10
8.685828626e-10
1.670857202e-09
-1.726916395e-09
-3.481720499e-09
3.203334015e-09
5.859015114e-09
-5.568818135e-09
-1.043813703e-08
9.165548973e-09
1.569992215e-08
-1.438980693e-08
-2.549973273e-08
2.166123469e-08
3.528067857e-08
-3.137248614e-08
-5.336471393e-08
4.382554953e-08
6.881683247e-08
-5.915958724e-08
-9.759830685e-08
7.726153516e-08
1.182131226e-07
-9.768927233e-08
-1.573087424e-07
1.196007536e-07
1.797119047e-07
-1.417313599e-07
-2.233193876e-07
1.624236819e-07
2.409988803e-07
-1.797450574e-07
-2.766200237e-07
1.917071083e-07
2.818830289e-07
-1.965513016e-07
-2.93330461e-07
1.93080366e-07
2.81675236e-07
-1.810038224e-07
-2.580747947e-07
1.611317903e-07
2.327180706e-07
-1.354213226e-07
-1.791728854e-07
1.067580785e-07
1.511634051e-07
-7.851154593e-08
-9.03547241e-08
5.406472866e-08
7.295547471e-08
-3.654664463e-08
-3.06979669e-08
2.852244889e-08
3.297476509e-08
-3.072634436e-08
-1.555038307e-08
4.243128577e-08
3.593610361e-08
-6.269717713e-08
-2.866897631e-08
9.198501613e-08
6.9240627e-08
-1.323399151e-07
-6.306381499e-08
1.865210006e-07
1.346697358e-07
-2.577323843e-07
-1.299053799e-07
3.494190901e-07
2.46045008e-07
-4.648623822e-07
-2.507785821e-07
6.065505579e-07
4.206555665e-07
-7.75256927e-07
-4.534145643e-07
9.686296924e-07
6.660361114e-07
-1.179414655e-06
-7.574819927e-07
1.393483006e-06
9.544416565e-07
-1.587829911e-06
-1.133479238e-06
1.72949439e-06
1.183843801e-06
-1.77664588e-06
-1.419270742e-06
1.684065422e-06
1.154195786e-06
-1.415900648e-06
-1.206999278e-06
9.704865196e-07
6.620104042e-07
-4.237747669e-07
-1.227359335e-11
-3.604608199e-15
1.12266295e-11
3.975836127e-10
-1.842253685e-10
1.696083976e-10
-3.345493072e-10
-1.041966297e-10
3.066381554e-10
1.228209635e-10
-3.193009593e-10
-1.231628444e-10
3.659571235e-10
2.010679608e-10
-4.75877939e-10
-6.785230122e-10
7.810987788e-10
1.357700204e-09
-1.518912333e-09
-3.047876507e-09
2.833525827e-09
5.13262308e-09
-4.927837848e-09
-9.252092356e-09
8.091466451e-09
1.385934191e-08
-1.266825236e-08
-2.254469801e-08
1.902327497e-08
3.109398022e-08
-2.750872022e-08
-4.701587884e-08
3.841275621e-08
6.060842703e-08
-5.189705677e-08
-8.598835824e-08
6.792934019e-08
1.044461424e-07
-8.621511364e-08
-1.393302512e-07
1.061462772e-07
1.601998752e-07
-1.267656436e-07
-2.004056351e-07
1.467938633e-07
2.186038264e-07
-1.646757463e-07
-2.545059e-07
1.787312288e-07
2.635117997e-07
-1.873538322e-07
-2.816966428e-07
1.892856599e-07
2.767065192e-07
-1.838861699e-07
-2.659085375e-07
1.713544227e-07
2.478203266e-07
-1.52887644e-07
-2.07249737e-07
1.306936086e-07
1.847379378e-07
-1.078875514e-07
-1.284822705e-07
8.827747706e-08
1.162474634e-07
-7.585116373e-08
-6.730258032e-08
7.36615235e-08
7.700058459e-08
-8.320295666e-08
-4.986093725e-08
1.049984693e-07
8.412572797e-08
-1.390174108e-07
-7.464248077e-08
1.85609943e-07
1.352280913e-07
-2.457890458e-07
-1.355623416e-07
3.207668597e-07
2.270972826e-07
-4.116415971e-07
-2.373716782e-07
5.19006322e-07
3.618121905e-07
-6.42417871e-07
-3.898330003e-07
7.797772588e-07
5.382799676e-07
-9.267109798e-07
-5.951442953e-07
1.075978021e-06
7.382442907e-07
-1.217016351e-06
-8.305218363e-07
1.335933864e-06
9.13265186e-07
-1.416139491e-06
-1.027596791e-06
1.440058785e-06
9.82395591e-07
-1.39214042e-06
-1.065855533e-06
1.263209841e-06
8.608430848e-07
-1.055825621e-06
-8.234887162e-07
7.891957341e-07
5.370752005e-07
-5.01302839e-07
-3.387235576e-07
2.444822359e-07
1.646297773e-07
-6.992586999e-08
2.273550053e-13
-6.502478377e-12
6.513307559e-12
-6.8707986e-11
1.799424779e-10
-4.868935741e-10
4.310266652e-10
-1.579157064e-10
1.746920083e-10
-3.984102017e-10
-1.553591919e-10
4.080472698e-10
2.161590698e-10
-4.783323223e-10
-3.892113657e-10
6.880403944e-10
8.30254438e-10
-1.261107288e-09
-2.526693055e-09
2.456695053e-09
4.313976014e-09
-4.327553099e-09
-8.104463931e-09
7.126247304e-09
1.213597392e-08
-1.115040066e-08
-1.984905027e-08
1.672147728e-08
2.73430745e-08
-2.416005534e-08
-4.139050918e-08
3.373952881e-08
5.338753439e-08
-4.563837017e-08
-7.584851788e-08
5.988654893e-08
9.242014949e-08
-7.631536302e-08
-1.236986558e-07
9.452622651e-08
1.431627061e-07
-1.138958512e-07
-1.803788413e-07
1.335889005e-07
1.99185412e-07
-1.525257575e-07
-2.347639808e-07
1.692162035e-07
2.483297224e-07
-1.815839941e-07
-2.69316736e-07
1.874308392e-07
2.720843684e-07
-1.860538437e-07
-2.682295587e-07
1.793348035e-07
2.587460356e-07
-1.694768631e-07
-2.303680276e-07
1.56874628e-07
2.184115076e-07
-1.445549774e-07
-1.702833027e-07
1.360184325e-07
1.688887791e-07
-1.343421039e-07
-1.187563195e-07
1.416185274e-07
1.370309772e-07
-1.596293292e-07
-1.037327348e-07
1.901638462e-07
1.482173757e-07
-2.342501613e-07
-1.376809949e-07
2.921669767e-07
2.09833219e-07
-3.637067689e-07
-2.170137629e-07
4.482322451e-07
3.142984477e-07
-5.446083865e-07
-3.365863609e-07
6.509930738e-07
4.513950086e-07
-7.645153763e-07
-4.912454453e-07
8.809295603e-07
6.064323632e-07
-9.944025736e-07
-6.657156994e-07
1.097487782e-06
7.517224204e-07
-1.181379681e-06
-8.241841738e-07
1.236540191e-06
8.437103465e-07
-1.253699781e-06
-9.086325995e-07
1.225301214e-06
8.329421394e-07
-1.147279364e-06
-8.555633524e-07
1.020851175e-06
6.905655108e-07
-8.539213648e-07
-6.394635994e-07
6.614724442e-07
4.435125914e-07
-4.642740105e-07
-3.268003896e-07
2.854804775e-07
1.871089195e-07
-1.452485245e-07
-7.573903733e-08
5.467175656e-08
3.259353958e-08
-1.141911731e-08
4.943528279e-12
-8.655332044e-12
-1.879398556e-10
1.925487443e-10
-2.533617411e-10
3.561203928e-10
-6.085668723e-10
5.44187554e-10
-2.248113012e-10
3.375995713e-10
-5.52064211e-10
-3.68291401e-10
6.822806633e-10
7.358690129e-10
-1.065551963e-09
-1.705762766e-09
1.949000393e-09
3.133775619e-09
-3.597367161e-09
-6.856497172e-09
6.149409318e-09
1.029513005e-08
-9.746324054e-09
-1.737784279e-08
1.467386668e-08
2.394676962e-08
-2.122653361e-08
-3.640255062e-08
2.967145529e-08
4.70201482e-08
-4.020421533e-08
-6.695213111e-08
5.290663523e-08
8.186918805e-08
-6.771744922e-08
-1.100123583e-07
8.443281181e-08
1.282467429e-07
-1.027554001e-07
-1.629051212e-07
1.223778245e-07
1.827994072e-07
-1.429249843e-07
-2.182467998e-07
1.634728057e-07
2.384503263e-07
-1.816852268e-07
-2.606619661e-07
1.938572432e-07
2.741673225e-07
-1.975262863e-07
-2.717721617e-07
1.948321956e-07
2.7371639e-07
-1.91410561e-07
-2.538381129e-07
1.908550151e-07
2.593153113e-07
-1.930874213e-07
-2.173865126e-07
1.984938181e-07
2.289576576e-07
-2.096584112e-07
-1.814943005e-07
2.267200589e-07
2.070641331e-07
-2.51908198e-07
-1.712087372e-07
2.880575163e-07
2.207213535e-07
-3.370126059e-07
-2.096513661e-07
3.990509872e-07
2.845281266e-07
-4.731192468e-07
-2.960836602e-07
5.572060266e-07
3.885790589e-07
-6.485853507e-07
-4.172518313e-07
7.439245641e-07
5.140223037e-07
-8.392301617e-07
-5.566096881e-07
9.297677039e-07
6.387317122e-07
-1.010080105e-06
-6.909056897e-07
1.074172823e-06
7.347366107e-07
-1.11592829e-06
-7.86168441e-07
1.129697222e-06
7.697159337e-07
-1.111072865e-06
-8.028538327e-07
1.057740985e-06
7.174307033e-07
-9.702923852e-07
-7.126858245e-07
8.528103686e-07
5.745198068e-07
-7.130165048e-07
-5.226712449e-07
5.617895182e-07
3.738775526e-07
-4.119245313e-07
-2.897596679e-07
2.762005426e-07
1.791503236e-07
-1.650606694e-07
-1.009836934e-07
8.444170458e-08
5.120283683e-08
-3.449235447e-08
-1.289196417e-08
9.809671205e-09
4.548143412e-09
-1.443119534e-09
1.999927426e-11
-9.550649439e-11
-1.615720075e-10
2.287787943e-10
-5.437721827e-10
8.724721683e-10
-1.132660707e-09
1.085096102e-09
-5.863338503e-10
1.090602229e-09
-1.304348202e-09
-1.474396624e-09
1.889830697e-09
2.723449839e-09
-3.032579504e-09
-5.212428111e-09
5.01067643e-09
8.04763994e-09
-8.115287881e-09
-1.475982431e-08
1.254545779e-08
2.036034688e-08
-1.844314385e-08
-3.1913431e-08
2.598864718e-08
4.129978491e-08
-3.537451645e-08
-5.911857218e-08
4.673162227e-08
7.256722793e-08
-6.006480183e-08
-9.785942519e-08
7.523074649e-08
1.146635314e-07
-9.196063971e-08
-1.466585078e-07
1.099533152e-07
1.650231741e-07
-1.290551696e-07
-2.020256979e-07
1.494404689e-07
2.203387069e-07
-1.714139601e-07
-2.584265146e-07
1.943471356e-07
2.774571919e-07
-2.152142251e-07
-2.911263646e-07
2.295100294e-07
3.128992796e-07
-2.365011866e-07
-2.863655962e-07
2.429323966e-07
3.123245197e-07
-2.565452858e-07
-2.762826253e-07
2.764339102e-07
3.005520692e-07
-2.979108822e-07
-2.507965659e-07
3.213981942e-07
2.811541343e-07
-3.511760746e-07
-2.451713764e-07
3.893091355e-07
2.947370462e-07
-4.381667939e-07
-2.831521627e-07
4.981277557e-07
3.537370321e-07
-5.677327579e-07
-3.665820467e-07
6.44250079e-07
4.477557885e-07
-7.241470559e-07
-4.77647448e-07
8.034461276e-07
5.536793451e-07
-8.779015959e-07
-5.933241617e-07
9.43104337e-07
6.466463644e-07
-9.945924272e-07
-6.88458021e-07
1.028071994e-06
7.021210605e-07
-1.039746666e-06
-7.357280881e-07
1.026737041e-06
6.985173872e-07
-9.875467923e-07
-7.113637068e-07
9.224799536e-07
6.246035434e-07
-8.339438555e-07
-6.06682352e-07
7.265207738e-07
4.883200276e-07
-6.067590115e-07
-4.393187195e-07
4.826037211e-07
3.201605881e-07
-3.625115192e-07
-2.540356611e-07
2.543371891e-07
1.643805256e-07
-1.641819269e-07
-1.049405575e-07
9.54615682e-08
5.812147853e-08
-4.844584841e-08
-2.417410445e-08
2.045372417e-08
1.048963677e-08
-6.721736038e-09
-1.383872149e-09
1.749885351e-09
3.711735596e-10
-7.397938347e-10
4.198219625e-10
-6.953578468e-10
-1.266517393e-11
3.033184123e-10
-1.398824283e-09
2.117442829e-09
-2.506402924e-09
2.735529477e-09
-1.997545945e-09
3.455738497e-09
-3.47833106e-09
-4.60286139e-09
4.80327965e-09
7.239199716e-09
-6.953849653e-09
-1.175130677e-08
1.033875954e-08
1.644092713e-08
-1.534377911e-08
-2.718068533e-08
2.214119153e-08
3.527851017e-08
-3.073022559e-08
-5.208460664e-08
4.110597764e-08
6.422984259e-08
-5.330227347e-08
-8.723226975e-08
6.731556686e-08
1.030883434e-07
-8.305104209e-08
-1.322273256e-07
1.003533101e-07
1.51008691e-07
-1.191078629e-07
-1.839590863e-07
1.393834293e-07
2.05500563e-07
-1.615703847e-07
-2.397729407e-07
1.863893677e-07
2.649374939e-07
-2.145598862e-07
-2.983965755e-07
2.459734912e-07
3.264501634e-07
-2.788684662e-07
-3.40016772e-07
3.105356908e-07
3.713252886e-07
-3.397585991e-07
-3.452480997e-07
3.674942743e-07
3.767691655e-07
-3.94375676e-07
-3.281166333e-07
4.210797756e-07
3.584630776e-07
-4.506887333e-07
-3.196518897e-07
4.866194995e-07
3.652460602e-07
-5.313712536e-07
-3.527889285e-07
5.847550497e-07
4.143770245e-07
-6.452239943e-07
-4.259089717e-07
7.098801851e-07
4.924013184e-07
-7.749796157e-07
-5.197085813e-07
8.365099008e-07
5.753031727e-07
-8.90467965e-07
-6.088992783e-07
9.330731534e-07
6.385737236e-07
-9.609341031e-07
-6.695830141e-07
9.712111623e-07
6.620595379e-07
-9.618081291e-07
-6.815111162e-07
9.316560915e-07
6.325784928e-07
-8.809232465e-07
-6.322620007e-07
8.111436699e-07
5.479817043e-07
-7.252942831e-07
-5.236547581e-07
6.276774315e-07
4.20811273e-07
-5.236140308e-07
-3.757296554e-07
4.189915013e-07
2.772108562e-07
-3.196491148e-07
-2.230454496e-07
2.307206934e-07
1.488118504e-07
-1.560219292e-07
-1.013693751e-07
9.760524521e-08
5.955974836e-08
-5.558725794e-08
-3.03138257e-08
2.830551032e-08
1.486821408e-08
-1.279129012e-08
-4.10542614e-09
5.468577913e-09
1.550455439e-09
-2.898502586e-09
-3.773266616e-12
2.19054942e-09
-1.323114104e-09
-8.260800018e-10
7.813770644e-10
-7.947575384e-10
-4.13430788e-11
4.058289916e-10
-2.947613645e-09
-3.800831269e-09
5.44678149e-09
-5.683203476e-09
9.059630738e-09
-7.400062566e-09
-1.079440731e-08
9.839283592e-09
1.540606269e-08
-1.33199659e-08
-2.223351293e-08
1.850848234e-08
2.924210772e-08
-2.584654352e-08
-4.470423666e-08
3.538385531e-08
5.555832345e-08
-4.69389207e-08
-7.776647247e-08
6.037739489e-08
9.298626701e-08
-7.573641032e-08
-1.204489004e-07
9.321245233e-08
1.403914511e-07
-1.13191458e-07
-1.724102321e-07
1.363588936e-07
1.992484761e-07
-1.637621522e-07
-2.332702196e-07
1.96540637e-07
2.715951954e-07
-2.352136817e-07
-3.008994322e-07
2.788810395e-07
3.493155967e-07
-3.252088685e-07
-3.640859587e-07
3.714350805e-07
4.079403607e-07
-4.153384771e-07
-4.03576542e-07
4.55159851e-07
4.338188161e-07
-4.895186407e-07
-4.043172158e-07
5.186917058e-07
4.303799719e-07
-5.460075131e-07
-3.925739731e-07
5.765414305e-07
4.301951912e-07
-6.135501101e-07
-4.151542837e-07
6.572129905e-07
4.649980936e-07
-7.058405136e-07
-4.734916191e-07
7.56501322e-07
5.241160877e-07
-8.056567443e-07
-5.465832965e-07
8.495913441e-07
5.834435837e-07
-8.847933602e-07
-6.096044187e-07
9.081698599e-07
6.204520519e-07
-9.172514204e-07
-6.413988573e-07
9.102793914e-07
6.192403376e-07
-8.863561878e-07
-6.27699439e-07
8.45501782e-07
5.725901959e-07
-7.887538656e-07
-5.636457688e-07
7.181560204e-07
4.836059842e-07
-6.367197338e-07
-4.563544129e-07
5.482182117e-07
3.661354629e-07
-4.569240674e-07
-3.250948957e-07
3.672635117e-07
2.419501746e-07
-2.8338591e-07
-1.965533452e-07
2.087699102e-07
1.34111858e-07
-1.458976192e-07
-9.52216815e-08
9.603022782e-08
5.854699404e-08
-5.914430588e-08
-3.33714738e-08
3.406868073e-08
1.814783949e-08
-1.87612698e-08
-6.829647195e-09
1.06799275e-08
3.287032301e-09
-7.109872668e-09
-3.577881255e-10
5.388830735e-09
-2.352497705e-09
-2.710331899e-09
1.658767666e-09
2.566642781e-09
-2.232766877e-09
-2.159189332e-09
8.680168354e-10
-1.502620086e-09
1.752334579e-11
1.176628165e-09
1.2840532e-08
-1.327480536e-08
1.775081566e-08
-1.528087489e-08
-2.109131967e-08
1.855067771e-08
2.785732661e-08
-2.347117979e-08
-3.760298447e-08
3.084723783e-08
4.762747785e-08
-4.111285873e-08
-6.815014692e-08
5.427726792e-08
8.332854932e-08
-7.025252274e-08
-1.108227998e-07
8.924907392e-08
1.334326248e-07
-1.119500537e-07
-1.653147984e-07
1.395219739e-07
1.991688003e-07
-1.735314179e-07
-2.356394076e-07
2.156498724e-07
2.851316456e-07
-2.668107021e-07
-3.229175241e-07
3.258648568e-07
3.847168312e-07
-3.886234489e-07
-4.059170631e-07
4.487748475e-07
4.624535214e-07
-5.008738155e-07
-4.514551726e-07
5.429608004e-07
4.894128726e-07
-5.765820635e-07
-4.613429005e-07
6.046913193e-07
4.867688242e-07
-6.301045386e-07
-4.574959436e-07
6.555125702e-07
4.858363839e-07
-6.835445487e-07
-4.691603771e-07
7.156600085e-07
5.057845641e-07
-7.51014136e-07
-5.097421865e-07
7.870312786e-07
5.446919216e-07
-8.204631287e-07
-5.612590681e-07
8.480219695e-07
5.816118044e-07
-8.667236124e-07
-6.001559685e-07
8.741333144e-07
5.962434089e-07
-8.685182632e-07
-6.084034645e-07
8.489068946e-07
5.762615656e-07
-8.151135889e-07
-5.763680992e-07
7.678096452e-07
5.184840483e-07
-7.08430015e-07
-5.03915333e-07
6.391520661e-07
4.287818529e-07
-5.627668854e-07
-4.004907891e-07
4.824896023e-07
3.206830461e-07
-4.017258896e-07
-2.835154737e-07
3.238107676e-07
2.120983554e-07
-2.517380875e-07
-1.73610322e-07
1.879167816e-07
1.200492538e-07
-1.339604165e-07
-8.799235898e-08
9.059870762e-08
5.526884939e-08
-5.767142547e-08
-3.449147797e-08
3.424045077e-08
1.91147701e-08
-1.87795162e-08
-9.595629606e-09
9.413706576e-09
4.386572763e-09
-4.195977755e-09
-1.470188144e-09
1.473623206e-09
2.731484076e-10
-4.392496296e-10
1.284390462e-09
1.452581178e-09
4.618822918e-10
-2.074733928e-09
2.498150391e-09
3.330242247e-09
-1.650729102e-09
-4.79982622e-09
1.921369929e-09
-2.780192072e-09
5.026748819e-09
1.81551132e-08
3.282356563e-08
-2.513770058e-08
-2.292058882e-08
3.127654747e-08
-3.610247747e-08
4.680130135e-08
-3.955853333e-08
-6.013058339e-08
5.153053449e-08
7.684494098e-08
-6.823036933e-08
-1.030557612e-07
9.033911071e-08
1.308147949e-07
-1.185537219e-07
-1.6457211e-07
1.537752585e-07
2.087614192e-07
-1.969921433e-07
-2.461326297e-07
2.489413732e-07
3.076488879e-07
-3.096276684e-07
-3.474305663e-07
3.776644787e-07
4.167569777e-07
-4.495518668e-07
-4.494317012e-07
5.195347844e-07
5.080738637e-07
-5.809860601e-07
-5.112293175e-07
6.292225147e-07
5.482567521e-07
-6.635624893e-07
-5.198174683e-07
6.872889087e-07
5.429506305e-07
-7.054552632e-07
-5.10414876e-07
7.224021928e-07
5.316786369e-07
-7.406663652e-07
-5.134398393e-07
7.610353946e-07
5.371835599e-07
-7.828985473e-07
-5.359948032e-07
8.044121162e-07
5.56232931e-07
-8.229972949e-07
-5.662756443e-07
8.358425709e-07
5.725006914e-07
-8.404361396e-07
-5.838461588e-07
8.348737381e-07
5.685605712e-07
-8.179602454e-07
-5.733272484e-07
7.892565652e-07
5.346583314e-07
-7.49048175e-07
-5.284264894e-07
6.983291304e-07
4.70158616e-07
-6.386987666e-07
-4.517476826e-07
5.722681393e-07
3.821564579e-07
-5.015612467e-07
-3.534689196e-07
4.292987067e-07
2.832273092e-07
-3.582279266e-07
-2.487583141e-07
2.909337234e-07
1.879787438e-07
-2.296178426e-07
-1.536138961e-07
1.75930024e-07
1.087771546e-07
-1.308276366e-07
-8.0153049e-08
9.449989032e-08
5.213753361e-08
-6.644864013e-08
-3.301504042e-08
4.574752545e-08
1.845309668e-08
-3.136001196e-08
-9.039908586e-09
2.193305957e-08
2.514597582e-09
-1.595281258e-08
-1.068698905e-09
9.317023844e-09
-4.759247374e-09
-3.997181849e-09
9.988448282e-11
9.360561172e-10
-1.099917537e-09
-2.164121121e-12
-2.804433682e-10
-2.209780004e-11
2.529925424e-10
2.557263537e-10
6.301969486e-09
2.367764067e-10
-1.426085101e-09
-1.12774498e-09
2.158690826e-09
5.572045753e-09
-3.762680086e-08
4.388488382e-08
-4.790254122e-08
5.851375126e-08
-6.085280691e-08
8.024989926e-08
-7.537876781e-08
-1.007447719e-07
1.005178465e-07
1.359683164e-07
-1.354582553e-07
-1.710985491e-07
1.808976159e-07
2.27461633e-07
-2.364097455e-07
-2.687281021e-07
3.003960923e-07
3.426363906e-07
-3.703135789e-07
-3.799724168e-07
4.430910987e-07
4.550889532e-07
-5.154343572e-07
-4.841282633e-07
5.838235595e-07
5.415004671e-07
-6.44546005e-07
-5.543649511e-07
6.941317739e-07
5.862257622e-07
-7.306635188e-07
-5.732826705e-07
7.547718112e-07
5.88153204e-07
-7.695034959e-07
-5.597907295e-07
7.790371071e-07
5.710484845e-07
-7.869766078e-07
-5.490948746e-07
7.952092028e-07
5.607699175e-07
-8.038667218e-07
-5.53830314e-07
8.116872577e-07
5.608728473e-07
-8.166364876e-07
-5.640685732e-07
8.164912635e-07
5.584932444e-07
-8.092392442e-07
-5.630857354e-07
7.933458439e-07
5.393012175e-07
-7.680129135e-07
-5.379905449e-07
7.331164341e-07
4.955088749e-07
-6.892114998e-07
-4.84565812e-07
6.374292062e-07
4.277373106e-07
-5.793748141e-07
-4.068758245e-07
5.170120671e-07
3.433789132e-07
-4.525463293e-07
-3.149255753e-07
3.882395819e-07
2.536486028e-07
-3.262871245e-07
-2.217577356e-07
2.686396667e-07
1.703635458e-07
-2.168770467e-07
-1.397101318e-07
1.721037322e-07
1.025434429e-07
-1.348797817e-07
-7.68661376e-08
1.051912892e-07
5.375271853e-08
-8.236259757e-08
-3.505011466e-08
6.483587329e-08
1.915106852e-08
-4.965088532e-08
-6.169382552e-09
3.192803397e-08
-7.616184077e-09
-1.853392479e-08
9.706107205e-09
1.344225186e-08
-1.137879233e-08
-1.174289561e-08
8.069635124e-09
1.013176647e-08
-1.072043177e-08
-7.605438773e-09
2.937568936e-09
4.281091181e-09
-6.746331596e-09
-3.167921243e-10
-3.524774236e-10
-3.846115025e-10
1.028480834e-09
8.509946941e-10
-6.792536959e-09
6.128973029e-09
5.024223259e-09
-2.255340804e-09
1.226407462e-07
-1.102452657e-07
1.542065092e-07
-1.646086129e-07
-1.866027822e-07
2.19199359e-07
2.537936759e-07
-2.86029168e-07
-2.9980276e-07
3.622439759e-07
3.833818727e-07
-4.426774867e-07
-4.239089816e-07
5.213199578e-07
5.03327805e-07
-5.931401999e-07
-5.240160809e-07
6.552865637e-07
5.802172869e-07
-7.067186843e-07
-5.844795262e-07
7.474872594e-07
6.124701142e-07
-7.779637114e-07
-6.048828615e-07
7.987300824e-07
6.130014263e-07
-8.1103344e-07
-5.951595522e-07
8.168380003e-07
5.959778505e-07
-8.184082754e-07
-5.76685912e-07
8.17544449e-07
5.761648636e-07
-8.151594967e-07
-5.649041347e-07
8.110479658e-07
5.601415727e-07
-8.04076483e-07
-5.56855916e-07
7.927637723e-07
5.415148474e-07
-7.756298922e-07
-5.398894836e-07
7.51554458e-07
5.098002413e-07
-7.199687295e-07
-5.035789615e-07
6.8091765e-07
4.59001896e-07
-6.350300619e-07
-4.44989134e-07
5.834017546e-07
3.901878038e-07
-5.275004892e-07
-3.684417486e-07
4.690246996e-07
3.100334046e-07
-4.097695212e-07
-2.831246024e-07
3.515169116e-07
2.28065354e-07
-2.958815921e-07
-1.99861732e-07
2.442399495e-07
1.535473591e-07
-1.976076503e-07
-1.280359212e-07
1.565953398e-07
9.291641334e-08
-1.213704066e-07
-7.287611392e-08
9.167600951e-08
4.807095715e-08
-6.688821555e-08
-3.354499622e-08
4.615687193e-08
1.613372153e-08
-2.870863401e-08
-1.592555561e-09
1.460565644e-08
-3.683914142e-09
-9.065199794e-09
8.77574029e-09
9.341928131e-09
-7.23439629e-09
-1.09526111e-08
1.124269846e-08
1.257582051e-08
-1.002127593e-08
-1.391856283e-08
1.238276937e-08
1.453799681e-08
-1.31761797e-08
-1.392557352e-08
8.98805422e-09
1.17335612e-08
-1.275477065e-08
-8.13473934e-09
6.0001161e-10
4.318853131e-09
-4.013221582e-09
-9.619029735e-10
-5.757019103e-09
3.611437578e-09
-1.654185362e-09
2.681279808e-07
-3.468036806e-07
-2.180682425e-07
4.258911072e-07
-3.346256185e-07
4.211759582e-07
-5.121513755e-07
-4.697385116e-07
5.969024731e-07
5.498510957e-07
-6.719357647e-07
-5.727175514e-07
7.322872417e-07
6.266134008e-07
-7.764519666e-07
-6.206792709e-07
8.060024322e-07
6.453617502e-07
-8.240520858e-07
-6.272123931e-07
8.338315805e-07
6.314344875e-07
-8.377542778e-07
-6.13230687e-07
8.371511344e-07
6.072821378e-07
-8.328755045e-07
-5.912596763e-07
8.254869216e-07
5.809852236e-07
-8.152877851e-07
-5.687632708e-07
8.023296666e-07
5.539409049e-07
-7.861676144e-07
-5.459454296e-07
7.659516105e-07
5.225490373e-07
-7.409235186e-07
-5.156080896e-07
7.103991773e-07
4.807156428e-07
-6.740602925e-07
-4.705320832e-07
6.320963316e-07
4.247313006e-07
-5.850766756e-07
-4.087843002e-07
5.340026921e-07
3.559058197e-07
-4.801253713e-07
-3.343092131e-07
4.248494114e-07
2.798572408e-07
-3.696331106e-07
-2.548197508e-07
3.158625218e-07
2.042624554e-07
-2.647732723e-07
-1.790645111e-07
2.173805805e-07
1.364551612e-07
-1.744395417e-07
-1.141829147e-07
1.364096177e-07
8.144823981e-08
-1.034828635e-07
-6.394155265e-08
7.562009416e-08
4.108094948e-08
-5.262635344e-08
-2.829203124e-08
3.425386402e-08
1.44842438e-08
-2.030375013e-08
-4.945051344e-09
1.066811775e-08
-2.437129999e-10
-5.426792211e-09
4.385305601e-09
4.042490231e-09
-3.861121867e-09
-4.6199475e-09
5.646132921e-09
5.371183248e-09
-4.507887786e-09
-6.510158595e-09
7.908886441e-09
8.231391673e-09
-5.475416616e-09
-1.068143272e-08
1.230009127e-08
1.377730851e-08
-9.154596675e-09
-1.696781603e-08
1.647731159e-08
1.897776391e-08
-1.782266997e-08
-1.772359981e-08
-1.978941785e-08
-4.289862807e-10
9.020797346e-09
1.108941903e-08
6.815360748e-07
5.582886378e-07
-7.331386545e-07
-5.071743363e-07
7.963640375e-07
-6.167352944e-07
6.656699712e-07
-8.400612115e-07
-6.627774907e-07
8.647693104e-07
6.814614016e-07
-8.740371454e-07
-6.561239872e-07
8.72523464e-07
6.555101785e-07
-8.645217424e-07
-6.273668446e-07
8.529067314e-07
6.165143388e-07
-8.391883876e-07
-5.959044191e-07
8.23734301e-07
5.790902909e-07
-8.061397504e-07
-5.648546627e-07
7.860156894e-07
5.425911995e-07
-7.628542261e-07
-5.31516366e-07
7.361072585e-07
5.018609608e-07
-7.051814226e-07
-4.90866944e-07
6.698880227e-07
4.523930958e-07
-6.30117266e-07
-4.389074297e-07
5.861236859e-07
3.924437872e-07
-5.385273822e-07
-3.750645671e-07
4.881881797e-07
3.239858526e-07
-4.361873713e-07
-3.029093603e-07
3.837091745e-07
2.518548823e-07
-3.319452711e-07
-2.28678131e-07
2.820172183e-07
1.820908258e-07
-2.349174028e-07
-1.592777599e-07
1.914576346e-07
1.204175699e-07
-1.522446831e-07
-1.003980413e-07
1.176752249e-07
7.091737712e-08
-8.794766946e-08
-5.524505414e-08
6.30880956e-08
3.5329474e-08
-4.297476867e-08
-2.432552679e-08
2.738083943e-08
1.312469976e-08
-1.599398127e-08
-6.113683843e-09
8.411593055e-09
1.957085485e-09
-4.089538186e-09
1.801637764e-09
2.587438856e-09
-1.745108835e-09
-2.798040996e-09
3.565644648e-09
3.336664312e-09
-3.200840653e-09
-3.696734318e-09
4.131840725e-09
3.799874144e-09
-4.296924886e-09
-3.623698612e-09
3.809806977e-09
3.336819266e-09
-3.771732565e-09
-3.364832098e-09
4.516193365e-09
4.446023805e-09
-1.168975885e-09
-7.78980412e-09
-3.307936427e-11
-2.796816934e-08
1.306824191e-08
1.493969735e-08
4.266480683e-08
5.184675507e-08
-6.102867186e-07
-9.123213822e-07
9.062882145e-07
-6.935831401e-07
7.036698117e-07
-9.128941747e-07
-6.84867665e-07
9.058065511e-07
6.756113433e-07
-8.895846822e-07
-6.456805971e-07
8.684893141e-07
6.285406735e-07
-8.450299585e-07
-5.997091148e-07
8.201574549e-07
5.770498012e-07
-7.938256568e-07
-5.567358146e-07
7.659484646e-07
5.288377971e-07
-7.36137405e-07
-5.142402289e-07
7.03810988e-07
4.802084078e-07
-6.684293899e-07
-4.659628901e-07
6.296608895e-07
4.251282334e-07
-5.876453603e-07
-4.089245334e-07
5.42568784e-07
3.623752919e-07
-4.949891042e-07
-3.435774033e-07
4.456989719e-07
2.943764974e-07
-3.956464827e-07
-2.736248064e-07
3.458286702e-07
2.257436417e-07
-2.972827621e-07
-2.043376511e-07
2.50950721e-07
1.615250114e-07
-2.076426576e-07
-1.409859847e-07
1.680166833e-07
1.058816004e-07
-1.325518966e-07
-8.793915595e-08
1.015510377e-07
6.18030653e-08
-7.514764912e-08
-4.781240939e-08
5.331461492e-08
3.059420514e-08
-3.588496266e-08
-2.110259281e-08
2.25677617e-08
1.166872479e-08
-1.295944572e-08
-6.322827842e-09
6.560054156e-09
2.683096817e-09
-2.790603077e-09
-3.335897828e-10
1.029118526e-09
1.287638704e-11
-6.632827537e-10
1.128390329e-09
9.999542412e-10
-5.540633207e-10
-1.592477856e-09
2.541041429e-09
2.34990478e-09
-1.654629361e-09
-3.238025961e-09
4.302883941e-09
4.129909166e-09
-3.643521536e-09
-4.791079022e-09
4.985476433e-09
4.86510584e-09
-5.881929125e-09
-3.970056017e-09
2.01494203e-09
2.044196732e-09
-4.055315048e-09
-4.065381092e-12
1.275424907e-11
-2.598573713e-18
-1.259492472e-11
5.025866969e-12
-9.43453454e-07
-6.592327918e-07
8.730298759e-07
-6.557091748e-07
6.272065869e-07
-8.40937212e-07
-6.058779295e-07
8.111769012e-07
5.795187958e-07
-7.807847597e-07
-5.487404149e-07
7.463933596e-07
5.147016881e-07
-7.093714522e-07
-4.956634373e-07
6.711774093e-07
4.578686746e-07
-6.315128665e-07
-4.41307921e-07
5.898727585e-07
3.989440831e-07
-5.462514826e-07
-3.808862833e-07
5.008922094e-07
3.34985185e-07
-4.540348497e-07
-3.146969328e-07
4.063500327e-07
2.677031654e-07
-3.58593371e-07
-2.466578002e-07
3.116392237e-07
2.019681185e-07
-2.663521406e-07
-1.817128058e-07
2.235560223e-07
1.425551256e-07
-1.839499605e-07
-1.241769066e-07
1.480629925e-07
9.268183168e-08
-1.162411925e-07
-7.692925924e-08
8.866953961e-08
5.38811358e-08
-6.538208354e-08
-4.164957793e-08
4.628649566e-08
2.672126197e-08
-3.117556115e-08
-1.849036732e-08
1.972724712e-08
1.042532279e-08
-1.152221616e-08
-5.931936213e-09
6.052853717e-09
2.724628686e-09
-2.755419571e-09
-1.002890602e-09
1.029656695e-09
2.900789038e-10
-2.835487179e-10
-3.26153299e-11
9.517045183e-11
3.155816276e-11
-8.671150386e-11
1.658890855e-10
1.443066894e-10
-1.07044857e-11
-3.051141931e-10
7.914212921e-10
6.51057508e-10
-1.976555657e-10
-1.246597635e-09
2.404989531e-09
2.212258662e-09
-9.536917297e-10
-3.664946703e-09
5.793990512e-09
5.601782539e-09
-3.8424374e-09
-7.555781008e-09
-1.573178092e-08
2.242486454e-11
8.012061482e-09
7.694356748e-09
-7.778470876e-07
-5.497410402e-07
7.186814229e-07
5.283400341e-07
-6.921690316e-07
-5.529631397e-07
6.419305691e-07
-4.750946995e-07
4.304319525e-07
-5.953990164e-07
-4.164790056e-07
5.512097537e-07
3.731656985e-07
-5.065566462e-07
-3.546938185e-07
4.612717885e-07
3.102520666e-07
-4.159269034e-07
-2.892787907e-07
3.707818705e-07
2.455335731e-07
-3.264060139e-07
-2.231705384e-07
2.833484517e-07
1.827708869e-07
-2.425111754e-07
-1.618564213e-07
2.045966123e-07
1.276759475e-07
-1.701563662e-07
-1.095220753e-07
1.397233021e-07
8.350608789e-08
-1.136440912e-07
-6.787509897e-08
9.203374918e-08
5.046529812e-08
-7.483561834e-08
-3.6502921e-08
6.190966514e-08
2.68428701e-08
-5.303546836e-08
-1.500516274e-08
4.746610102e-08
7.599210969e-09
-4.241113792e-08
-3.786429275e-09
3.297112995e-08
-1.072570374e-08
-2.154325413e-08
-4.138031464e-10
1.180554511e-08
-7.44879201e-09
-4.990894161e-09
5.309624438e-10
1.141820833e-09
-1.385332569e-09
-5.054115109e-11
-2.022027353e-11
2.536102908e-11
1.577699752e-11
-1.943882464e-11
-1.249146492e-11
1.592459414e-11
1.214044717e-11
-1.555172287e-11
-1.79453793e-11
9.527376529e-12
1.039047914e-11
-1.316495513e-12
-8.543216059e-16
-1.649562111e-13
9.570129392e-14
3.510366161e-14
1.393302961e-12
-5.616338693e-11
-1.840272534e-11
6.30891701e-11
5.222106275e-07
3.248309832e-07
-4.608865938e-07
-3.849406315e-07
4.25120674e-07
-3.295882446e-07
2.86517154e-07
-3.812085597e-07
-2.670732709e-07
3.383254186e-07
2.26288167e-07
-2.969935587e-07
-2.05172258e-07
2.589325598e-07
1.689181282e-07
-2.223434445e-07
-1.475201112e-07
1.883254834e-07
1.174242032e-07
-1.580408313e-07
-9.955550938e-08
1.312865241e-07
7.619519574e-08
-1.078276916e-07
-6.355897055e-08
8.770942704e-08
4.673682143e-08
-7.077875919e-08
-3.808840526e-08
5.638053119e-08
2.55309964e-08
-4.345208852e-08
-1.759807397e-08
3.084532497e-08
5.895136496e-09
-1.791651784e-08
5.262916376e-09
9.259102304e-09
-6.673193055e-09
-7.629048278e-09
1.238175805e-08
8.240259682e-09
-1.256566223e-08
-7.952310505e-09
9.545949425e-09
6.222245357e-09
-1.176437247e-08
-3.940353258e-09
2.355601497e-09
1.597001488e-09
-3.908150305e-09
-2.185439561e-11
-1.238882629e-11
1.308162121e-11
1.050398332e-11
-1.061993571e-11
-1.054338973e-11
7.605503512e-12
8.897218776e-12
-5.732345432e-12
5.501729586e-12
-1.120883533e-12
-7.301024059e-12
3.200754952e-12
-5.880104597e-17
3.577801315e-18
-2.478583999e-07
-2.191099715e-07
2.481028356e-07
1.386378898e-07
-1.973063364e-07
-1.887568956e-07
1.706920972e-07
1.084232806e-07
-1.418566012e-07
-1.367868613e-07
1.143789296e-07
-9.193934947e-08
7.084995023e-08
-9.278144774e-08
-5.616751434e-08
7.382156807e-08
3.901238858e-08
-5.601407115e-08
-3.177444054e-08
4.019496158e-08
1.941200906e-08
-2.701915805e-08
-1.446021348e-08
1.610649911e-08
6.674761763e-09
-7.447731702e-09
1.797172746e-10
1.920078227e-09
-2.253746975e-10
-1.583032597e-09
4.641334532e-09
2.818628914e-09
-2.543003131e-09
-4.897720943e-09
1.171548573e-08
7.512148757e-09
-9.519794557e-09
-9.634400539e-09
1.38361679e-08
8.932955039e-09
-1.556924271e-08
-7.103734252e-09
-1.041538735e-08
-5.668844263e-12
6.404788494e-09
4.06643066e-09
2.172552893e-12
9.288184625e-12
-1.514238576e-12
-9.741711375e-12
4.445218524e-12
-2.237041002e-12
-6.906512626e-12
4.950758461e-08
-3.991247784e-08
-5.500993734e-08
3.032522112e-08
-2.297308507e-08
-2.502059236e-08
1.201404181e-08
6.0023942e-09
-6.451325865e-09
-1.087365545e-08
2.656175177e-09
1.07816422e-09
-6.397064554e-10
-2.788251004e-09
1.166155883e-10
1.010741589e-11
-1.763559501e-10
5.099887104e-11
4.46769079e-10
-4.026166032e-12
-1.279710631e-09
8.410974997e-10
3.429361037e-09
3.462899811e-11
-8.828685934e-09
5.408287425e-09
9.631248554e-09
-9.341064388e-09
1.667282738e-08
1.681770565e-08
9.242660509e-09
-2.895641696e-12
-4.587323153e-13
-2.988174978e-12
-3.007353684e-12
-1.515437078e-12
-3.116972565e-12
2.494276497e-13
-2.295137911e-12
-9.09753925e-13
-2.050164484e-12
1.068764524e-12
-1.850056638e-12
-1.207527259e-12
-8.131271417e-13
4.277563761e-13
-1.179066911e-18
-1.217630524e-12
-2.321067605e-18
1.115786838e-18
-5.266683474e-18
1.818723713e-18
-1.311120248e-17
6.47523987e-18
-2.062195762e-17
7.336161698e-18
3.445796956e-17
2.19247046e-16
2.53272385e-16
7.84583038e-16
-9.897507413e-12
9.248568667e-12
-7.377561048e-12
-8.907637751e-12
-2.064683297e-12
-5.435627209e-12
2.050687491e-12
-4.84785875e-12
-1.179022498e-12
-4.499100174e-12
1.000806678e-12
-4.381655452e-12
-7.247395272e-13
-5.754516017e-07
3.613619382e-07
-8.907267882e-07
-5.28275121e-07
8.443473102e-07
-3.889712708e-07
-9.694348796e-07
-1.211788642e-09
5.816255383e-07
-2.243291703e-09
9.723084138e-11
-3.687106189e-12
-3.400530392e-12
-3.197473e-12
2.240946257e-12
-3.271397897e-12
-1.62157799e-12
5.7987568e-15
2.082299548e-13
1.958083992e-11
2.468702314e-12
-2.19327001e-11
-9.558314488e-12
8.859797515e-12
-6.249807925e-12
-6.535778118e-12
-5.065698216e-12
2.393753186e-12
-4.738789832e-12
-1.144478998e-12
5.10704242e-12
-2.073954264e-12
2.350048625e-11
9.199078701e-12
-2.024101351e-11
8.393765109e-12
-8.942497836e-12
-2.352646125e-11
1.746743564e-11
-1.697346365e-11
-1.410824541e-11
6.598268391e-13
-1.885416627e-12
-1.278093915e-13
-2.308184584e-11
1.442071994e-11
-1.095146426e-11
-2.110950295e-11
6.347106629e-16
-6.695350708e-16
-4.167689756e-16
-1.877908599e-11
-3.490964644e-12
-1.462376166e-11
7.085073865e-12
-1.416138786e-11
-4.297943086e-12
1.296720163e-16
-1.246493112e-16
2.81073932e-16
1.353600658e-16
-8.048556985e-17
-1.172743478e-11
2.758873746e-12
-1.168429082e-11
-1.218489281e-12
2.582502656e-19
-5.810127625e-18
1.07603669e-22
2.348190087e-19
-5.208105505e-13
3.767932802e-11
-4.856697161e-11
6.233888528e-12
-1.166469605e-10
-3.93020851e-11
6.456400653e-11
-1.133147425e-10
-3.059616038e-06
2.597619373e-06
-1.90963228e-06
1.872722615e-06
-2.733389232e-10
5.845776008e-11
-1.616703272e-10
-7.975685167e-11
-1.434999217e-10
9.38468116e-11
-1.060307226e-06
1.779049702e-06
-1.765672273e-06
6.072665006e-11
7.075724253e-07
-1.372295126e-10
2.416757652e-10
-3.690787534e-10
2.316145786e-13
-6.797629693e-10
-3.506184183e-10
1.649295121e-10
-4.203779491e-10
-1.477452861e-10
1.482247951e-10
-6.372653146e-11
-5.154940464e-10
-1.841217023e-10
2.360535501e-10
-4.627545136e-10
-1.952331671e-10
2.051623336e-10
1.178382534e-10
-1.885300622e-10
-7.936679796e-10
-3.322166051e-10
5.222613508e-10
-7.232119249e-10
-7.382661912e-11
3.662758396e-10
3.30154984e-10
-4.25766911e-10
-1.689734804e-09
-8.899351924e-10
1.543218845e-09
-1.734773963e-09
2.065028785e-11
2.83687694e-10
4.956968745e-10
-5.331726314e-10
-3.439605531e-09
-2.57301404e-09
4.089338124e-09
-3.988725644e-09
-1.319091506e-10
6.80110978e-10
4.365399243e-10
-2.695919134e-10
-6.934025442e-09
9.222808585e-09
-8.234704133e-09
3.513007965e-09
-1.199568373e-08
1.501967674e-08
-1.736886319e-08
2.27481011e-09
-3.381478605e-08
-3.820711116e-08
4.932850141e-08
-4.181520361e-08
-2.905612111e-08
3.803175645e-09
-1.51910804e-09
-2.981930959e-09
3.033683568e-09
6.075526011e-10
-5.918247299e-08
-6.299059822e-08
8.986324712e-08
-8.243153836e-08
4.573592511e-09
-2.987247669e-09
-3.649305359e-09
-1.102968582e-07
-1.805942281e-07
-5.692079228e-10
-4.61397787e-07
-3.493432073e-07
4.29795968e-07
-5.423846322e-07
-2.702222992e-07
1.377636611e-11
2.279667279e-08
8.601226831e-12
-7.46303465e-10
-8.25248906e-07
-6.349932144e-07
6.765184169e-07
-8.650176474e-07
-5.695985781e-07
-1.307279322e-11
-2.495687169e-14
4.416813631e-10
-3.048768953e-10
2.433521661e-08
-6.71563979e-07
-9.639762969e-07
3.323636562e-18
-6.100472083e-07
-8.759065029e-07
-6.779083322e-07
1.515197967e-08
1.815221159e-11
-5.228541885e-07
-6.232938787e-07
-5.803203725e-07
-6.794985552e-07
-4.604123392e-07
3.592865112e-07
-5.766122309e-07
-5.086257981e-07
-1.255126601e-14
5.07914611e-16
1.078469908e-13
-6.396711126e-13
9.98183834e-13
-2.378237163e-11
-3.729089511e-07
-3.273569922e-07
-3.91728236e-07
-3.621605691e-07
-4.177348293e-13
3.896524878e-12
-1.603296797e-13
-9.216803423e-13
-2.159323768e-07
-1.359752567e-07
-1.401390699e-07
-1.257869231e-07
-1.662725454e-07
-1.156595914e-07
-8.44865648e-08
5.259501622e-08
-8.271940476e-08
-1.114808948e-07
-9.493404575e-14
6.502000771e-09
-7.0504246e-12
1.054906711e-12
-9.945821667e-12
-4.221027466e-13
-1.048573891e-11
-7.325240978e-12
-8.156638079e-12
-4.066839697e-08
-5.717659558e-09
-5.070570543e-09
-1.553259292e-08
-2.632564172e-09
-3.241294868e-09
-8.675991126e-10
-6.526279329e-09
-1.282240871e-10
-1.50593923e-10
-1.50474601e-11
-5.69386595e-10
-1.003915249e-11
1.85056668e-12
-1.424997024e-11
2.695049086e-10
-2.03082997e-11
9.309888507e-12
-3.366214987e-11
2.170935422e-09
1.547181897e-08
1.633202217e-08
-4.539510086e-12
1.303013175e-12
-4.6445271e-12
-1.005814229e-12
-4.526209051e-12
1.106132667e-12
-6.076318031e-12
5.872982156e-13
-1.077649976e-11
-3.809678889e-13
-2.280270105e-11
1.276602294e-11
-7.548553253e-11
-1.100566274e-11
-3.08394058e-10
2.454124002e-10
-1.125206462e-09
-2.88512899e-10
-3.445519217e-09
2.614386015e-09
-9.170252017e-09
-3.219888827e-09
-2.199886951e-08
1.607229545e-08
-4.867841902e-08
-2.095660082e-08
-1.010192705e-07
7.339592814e-08
-1.980794376e-07
-1.271790788e-07
2.908137664e-07
-3.503564123e-12
1.287300446e-12
-3.868366795e-12
-6.019817701e-13
-4.401670354e-12
8.458573824e-13
-5.250179744e-12
2.535151254e-13
-6.327682328e-12
1.962536144e-13
-7.789687816e-12
1.507717018e-12
-1.085948385e-11
-7.357959753e-13
-1.653943751e-11
6.748014427e-12
-3.142398917e-11
-9.066783135e-12
-8.628152689e-11
6.488365213e-11
-3.008689656e-10
-1.378351977e-10
-9.662692311e-10
8.067316812e-10
-2.68328331e-09
-1.570499579e-09
-6.560881339e-09
5.459751506e-09
-1.445797392e-08
-9.811358536e-09
-2.927166687e-08
2.466381599e-08
-5.512617093e-08
-4.324417244e-08
-9.716163288e-08
8.540037856e-08
-1.603604224e-07
-1.504502571e-07
-2.462245355e-07
2.366363741e-07
-3.451418797e-07
-4.238101124e-07
-4.244003812e-07
5.037163282e-07
-4.2527947e-07
-7.46685113e-07
-3.018950984e-07
6.239887913e-07
-1.407315602e-07
-3.475105122e-07
-1.918344286e-11
2.069070299e-07
-1.617883622e-11
-2.373692242e-11
4.124177206e-12
-5.090039973e-12
7.952734545e-13
-5.699899587e-12
4.222246636e-13
-6.396565465e-12
-4.581342922e-13
-7.343780093e-12
1.765552065e-12
-8.814773923e-12
-1.76440613e-12
-1.164755214e-11
4.927446336e-12
-1.684648341e-11
-5.879674374e-12
-2.808147244e-11
1.772680312e-11
-6.326609743e-11
-3.135986036e-11
-1.927930181e-10
1.627220167e-10
-5.83821525e-10
-3.748751941e-10
-1.572952302e-09
1.369541913e-09
-3.77391671e-09
-2.819815842e-09
-8.191208692e-09
7.253284879e-09
-1.632663197e-08
-1.363838999e-08
-3.024452817e-08
2.760214554e-08
-5.250539995e-08
-4.883467894e-08
-8.580564079e-08
8.225597977e-08
-1.320907302e-07
-1.391144153e-07
-1.909515279e-07
1.982557099e-07
-2.572624714e-07
-3.162674885e-07
-3.1854002e-07
3.78069314e-07
-3.538520117e-07
-5.312533355e-07
-3.391182647e-07
5.172070166e-07
-2.630896865e-07
-4.986895801e-07
-1.485268798e-07
3.845857989e-07
-5.049445261e-08
-1.2265062e-07
-5.691814949e-12
7.222225992e-08
-5.949459029e-12
-1.106502193e-12
-6.774734119e-12
1.835228751e-12
-1.23704845e-12
2.510727482e-11
-2.726883728e-11
-1.222193292e-11
4.462946918e-12
-9.358754834e-12
-1.678781498e-12
-7.843357381e-12
-5.61455301e-13
-7.116545236e-12
2.141076691e-12
-7.325450991e-12
-1.753460439e-12
-8.443408104e-12
3.631377282e-12
-1.082788452e-11
-4.081856002e-12
-1.516155629e-11
8.942446487e-12
-2.29082246e-11
-1.191952033e-11
-4.169881244e-11
3.162269284e-11
-1.060985159e-10
-6.814821125e-11
-3.07610351e-10
2.723022132e-10
-8.275885204e-10
-6.289210819e-10
-2.003685358e-09
1.81228125e-09
-4.395491069e-09
-3.705725108e-09
-8.848379919e-09
8.17788301e-09
-1.65399375e-08
-1.524106402e-08
-2.897271562e-08
2.772262317e-08
-4.786528226e-08
-4.818547575e-08
-7.486174214e-08
7.529722669e-08
-1.109874602e-07
-1.230855779e-07
-1.557862196e-07
1.681282925e-07
-2.06211039e-07
-2.558539117e-07
-2.556353847e-07
3.057143245e-07
-2.935747425e-07
-4.164205677e-07
-3.071918296e-07
4.306437279e-07
-2.856301032e-07
-4.750352149e-07
-2.271564678e-07
4.17129865e-07
-1.454704427e-07
-2.880443793e-07
-6.759555157e-08
2.104360848e-07
-1.799906311e-08
-4.209239863e-08
-2.379263813e-11
2.414317559e-08
-2.365564264e-11
-3.376729514e-12
-1.961484429e-11
4.158873549e-13
-8.179167766e-12
2.820400348e-11
-3.840415325e-12
-2.356325298e-11
1.10084944e-13
1.450316407e-11
4.92856011e-12
-7.826962167e-12
4.363626943e-12
3.847055859e-12
-9.004361009e-13
-1.960874663e-11
1.009487965e-11
-1.650130017e-11
-7.066926766e-12
-1.288839218e-11
-4.878172881e-13
-1.056066783e-11
2.713315789e-12
-9.512252641e-12
-3.934562603e-12
-1.028169453e-11
6.579041599e-12
-1.315353917e-11
-7.152262821e-12
-1.85119857e-11
1.34596401e-11
-2.859365333e-11
-1.867233311e-11
-5.707950975e-11
4.843275841e-11
-1.493278044e-10
-1.125070811e-10
-4.017503011e-10
3.682493878e-10
-9.959779686e-10
-8.408498454e-10
-2.246597936e-09
2.100032192e-09
-4.64438023e-09
-4.237374793e-09
-8.892858633e-09
8.506990851e-09
-1.592358367e-08
-1.558445108e-08
-2.687001748e-08
2.658033704e-08
-4.296578333e-08
-4.522170524e-08
-6.533724977e-08
6.770123371e-08
-9.465019861e-08
-1.078747773e-07
-1.30602432e-07
1.440414356e-07
-1.713238663e-07
-2.135134654e-07
-2.128392125e-07
2.553994357e-07
-2.488987575e-07
-3.434121708e-07
-2.716027136e-07
3.666435223e-07
-2.73140036e-07
-4.235042509e-07
-2.48683056e-07
3.99616272e-07
-1.998150047e-07
-3.532429962e-07
-1.363622484e-07
2.901944937e-07
-7.438899892e-08
-1.503561845e-07
-2.908786206e-08
1.051972651e-07
-6.25590439e-09
-1.351593463e-08
-2.153705428e-11
7.292417991e-09
-2.01641018e-11
9.354517137e-12
-1.388318527e-11
-8.013612956e-12
-8.089238514e-12
1.393775641e-11
-3.589749009e-12
-5.39558031e-12
-9.711204904e-13
2.326983121e-12
-3.43867765e-16
-1.899165792e-13
3.407104657e-15
3.282469396e-15
1.57907989e-15
-1.178613247e-16
8.713645766e-16
1.153593171e-15
-2.958924273e-16
-1.375475659e-11
4.463427508e-12
-1.293360843e-11
-2.253276129e-12
-1.317966225e-11
-5.304818128e-12
-1.365436782e-11
8.650356076e-12
-1.591211169e-11
-1.099726285e-11
-2.128257354e-11
1.824592482e-11
-3.380474846e-11
-2.60237453e-11
-7.167949441e-11
6.564836351e-11
-1.835453092e-10
-1.539396403e-10
-4.643518698e-10
4.386243609e-10
-1.086118301e-09
-9.870753114e-10
-2.332301806e-09
2.242709976e-09
-4.627462081e-09
-4.470625651e-09
-8.558576377e-09
8.423761988e-09
-1.48769771e-08
-1.521560822e-08
-2.446775914e-08
2.48550551e-08
-3.826775319e-08
-4.154539606e-08
-5.711701023e-08
6.049522245e-08
-8.151619031e-08
-9.452233622e-08
-1.113099051e-07
1.245065089e-07
-1.453157756e-07
-1.814029327e-07
-1.809945093e-07
2.174025126e-07
-2.143097253e-07
-2.905476744e-07
-2.39979289e-07
3.166788175e-07
-2.523110381e-07
-3.750828934e-07
-2.466438166e-07
3.699521761e-07
-2.211832525e-07
-3.641684786e-07
-1.78605618e-07
3.220549653e-07
-1.264716786e-07
-2.322008598e-07
-7.547372337e-08
1.814630768e-07
-3.559513866e-08
-7.207851062e-08
-1.175066056e-08
4.830628655e-08
-1.981423168e-09
-3.729425175e-09
-1.230486879e-11
1.76542531e-09
-1.183257032e-11
5.872005778e-12
-5.242145406e-12
-4.196070718e-12
-1.161332316e-12
1.198603914e-12
-1.178480349e-13
-1.787265704e-13
-1.337960545e-14
1.994519317e-14
-1.50943563e-18
-1.356662698e-14
7.257894894e-19
1.248789254e-17
6.302069215e-18
-4.010452563e-18
7.897686932e-17
2.053165532e-16
-2.411565798e-16
-1.279148602e-11
2.624462976e-12
-1.729225498e-11
6.623150457e-13
-2.413790114e-11
-1.480104676e-12
-2.934319222e-11
5.495880626e-12
-3.175649928e-11
-1.285306208e-11
-3.254718319e-11
2.072402328e-11
-4.067271358e-11
-3.373951812e-11
-8.26650595e-11
8.393038235e-11
-2.047123027e-10
-1.864101411e-10
-4.942855957e-10
4.803563453e-10
-1.108896531e-09
-1.066785705e-09
-2.299645141e-09
2.267543939e-09
-4.432393743e-09
-4.476649876e-09
-8.000590923e-09
8.067066881e-09
-1.362193773e-08
-1.442222539e-08
-2.200980614e-08
2.285699117e-08
-3.390760558e-08
-3.772982737e-08
-4.997958238e-08
5.389482803e-08
-7.064315431e-08
-8.304197363e-08
-9.585010571e-08
1.084192492e-07
-1.248507312e-07
-1.560799867e-07
-1.559548431e-07
1.874655251e-07
-1.864266603e-07
-2.496560592e-07
-2.125754811e-07
2.7621212e-07
-2.301728131e-07
-3.326004757e-07
-2.352289746e-07
3.381524812e-07
-2.250921462e-07
-3.534891203e-07
-1.995503217e-07
3.284281712e-07
-1.615595468e-07
-2.773846783e-07
-1.171328205e-07
2.333003054e-07
-7.391724461e-08
-1.387391479e-07
-3.887977951e-08
1.038581456e-07
-1.58310675e-08
-3.158572728e-08
-4.281287203e-09
2.007197973e-08
-4.823829403e-10
-7.489498793e-10
-4.809222557e-12
2.747406461e-10
-4.580168326e-12
2.749447572e-12
-9.082124662e-13
-1.237512611e-12
-5.785094542e-14
4.183193777e-14
-2.139716046e-14
-1.812182478e-14
-3.678512608e-15
5.723225983e-15
-2.971597079e-20
-1.998096091e-15
1.114973051e-21
1.163304755e-18
8.106565708e-19
-6.750755169e-21
3.145937992e-16
3.452124676e-16
2.557966099e-16
-4.03375006e-16
6.010573477e-17
1.171768542e-17
3.505881528e-17
-6.2001114e-11
-5.177700091e-12
-8.502752261e-11
2.978016062e-11
-1.06524984e-10
-3.179243276e-11
-1.142907869e-10
4.331239306e-11
-1.040434459e-10
-3.608061618e-11
-9.927501028e-11
4.369018871e-11
-1.095581833e-10
-3.310489635e-11
-1.411039573e-10
6.856018084e-11
-2.354812958e-10
-1.821140669e-10
-5.000713976e-10
4.42649926e-10
-1.08237805e-09
-1.088366691e-09
-2.186959348e-09
2.202939401e-09
-4.128562014e-09
-4.321954088e-09
-7.324915138e-09
7.540313818e-09
-1.229272733e-08
-1.338746983e-08
-1.962192365e-08
2.076130915e-08
-2.992378737e-08
-3.398771593e-08
-4.374708233e-08
4.789660077e-08
-6.145989926e-08
-7.312272581e-08
-8.309413089e-08
9.49097255e-08
-1.081724953e-07
-1.355567439e-07
-1.35551377e-07
1.631845229e-07
-1.633122424e-07
-2.168837479e-07
-1.888023604e-07
2.427353925e-07
-2.08828227e-07
-2.957147735e-07
-2.201155313e-07
3.074564793e-07
-2.199590942e-07
-3.34028987e-07
-2.06986848e-07
3.21531855e-07
-1.818373735e-07
-2.975832566e-07
-1.47423004e-07
2.635603037e-07
-1.086144e-07
-1.91980481e-07
-7.116540659e-08
1.54765955e-07
-4.016768223e-08
-7.612868806e-08
-1.855309828e-08
5.460399497e-08
-6.375181549e-09
-1.232943633e-08
-1.305024823e-09
7.277067971e-09
-5.659494216e-11
-9.092890844e-11
-9.145201041e-14
3.517446389e-11
-1.442939052e-19
1.624132877e-19
-1.032250439e-18
1.105332644e-18
-5.47286559e-18
1.549039997e-18
-1.715095189e-17
1.612174912e-17
-3.794913413e-17
2.620308865e-18
-4.684294157e-17
7.254355528e-17
-5.894324858e-17
-2.418162537e-20
-3.384859601e-16
6.771905796e-16
-3.765284191e-15
-2.200730276e-14
-2.610555604e-14
4.729144879e-14
-1.265624639e-13
-8.6080392e-13
-4.98220673e-13
1.326564481e-12
-1.097407549e-12
-1.424803935e-11
2.056922168e-11
-1.107611802e-10
-4.606307943e-11
-1.114362077e-10
6.026301576e-11
-1.124831437e-10
-5.189326989e-11
-1.140953619e-10
6.292800914e-11
-1.204418307e-10
-5.742593103e-11
-1.459272077e-10
8.796948469e-11
-2.311828751e-10
-1.591456703e-10
-4.71861598e-10
3.932897263e-10
-1.012664888e-09
-1.005063636e-09
-2.027998421e-09
2.022846845e-09
-3.773718261e-09
-4.059011512e-09
-6.610336247e-09
6.916757138e-09
-1.097954904e-08
-1.223258102e-08
-1.737910869e-08
1.867442787e-08
-2.632579165e-08
-3.041885672e-08
-3.829084468e-08
4.246257602e-08
-5.360773363e-08
-6.446341872e-08
-7.236270071e-08
8.335567131e-08
-9.426374852e-08
-1.185073632e-07
-1.185257841e-07
1.429905219e-07
-1.437855872e-07
-1.899555928e-07
-1.680844771e-07
2.145766424e-07
-1.889883017e-07
-2.637354542e-07
-2.038371452e-07
2.789987817e-07
-2.101617267e-07
-3.113533625e-07
-2.062027636e-07
3.078515528e-07
-1.91429725e-07
-3.023307888e-07
-1.669184298e-07
2.782352245e-07
-1.354142933e-07
-2.285757542e-07
-1.009279995e-07
1.943849127e-07
-6.793830743e-08
-1.223262879e-07
-4.029605773e-08
9.48356506e-08
-2.026051011e-08
-3.82709217e-08
-8.032371678e-09
2.609110367e-08
-2.271402585e-09
-4.023843591e-09
-1.120239615e-09
2.880683472e-09
-2.150140713e-09
-1.238949897e-10
-4.725653849e-09
2.715320416e-09
-9.365808926e-09
-8.77789079e-10
-1.731518253e-08
8.861318424e-09
-3.037545505e-08
-3.791136327e-09
-5.121280655e-08
2.470451292e-08
-8.374042768e-08
-1.219013652e-08
-1.336341644e-07
6.225801185e-08
-2.090098069e-07
-3.540665207e-08
-3.211560479e-07
1.479536677e-07
-4.851006471e-07
-9.99480493e-08
-7.194822019e-07
3.352202092e-07
-1.044669013e-06
-2.801496913e-07
-1.476740625e-06
7.140485683e-07
-2.012583952e-06
-7.803958231e-07
1.368637504e-06
-1.41409634e-10
-7.007213967e-11
-1.489686917e-10
8.636415001e-11
-1.625228035e-10
-7.915143403e-11
-1.871815381e-10
1.066017453e-10
-2.518611846e-10
-1.662881551e-10
-4.445343327e-10
3.463248817e-10
-9.159753514e-10
-8.92922873e-10
-1.828620376e-09
1.798039617e-09
-3.394566527e-09
-3.687676904e-09
-5.909086247e-09
6.218102804e-09
-9.744522165e-09
-1.103916111e-08
-1.533183121e-08
1.666612732e-08
-2.311970575e-08
-2.707524499e-08
-3.352100142e-08
3.754904028e-08
-4.684790527e-08
-5.684035122e-08
-6.322341251e-08
7.333977236e-08
-8.248698894e-08
-1.040482579e-07
-1.041011624e-07
1.25859728e-07
-1.270771282e-07
-1.673345682e-07
-1.49953832e-07
1.904990148e-07
-1.708504436e-07
-2.359112313e-07
-1.87620106e-07
2.530576855e-07
-1.981126039e-07
-2.880722323e-07
-2.005221577e-07
2.909142935e-07
-1.937815154e-07
-2.978072619e-07
-1.779172374e-07
2.823655603e-07
-1.542385525e-07
-2.510341382e-07
-1.252798214e-07
2.224135699e-07
-9.442433383e-08
-1.623015118e-07
-6.527019876e-08
1.333571645e-07
-4.09214349e-08
-7.216962677e-08
-2.362435723e-08
5.496338572e-08
-1.492194885e-08
-1.830158223e-08
-1.481176508e-08
1.823441824e-08
-2.191488325e-08
-6.321826871e-09
-3.513571142e-08
1.961547765e-08
-5.497999048e-08
-1.399563561e-08
-8.363966032e-08
4.279379494e-08
-1.240956e-07
-3.504816655e-08
-1.800674115e-07
9.128941759e-08
-2.56018961e-07
-8.035366945e-08
-3.570736457e-07
1.81921381e-07
-4.886204655e-07
-1.722804883e-07
-6.555411695e-07
3.401408186e-07
-8.608845602e-07
-3.483654485e-07
-1.103619296e-06
5.927202767e-07
-1.375352313e-06
-6.589505595e-07
-1.65606334e-06
9.422122543e-07
-1.909017232e-06
-1.136227352e-06
-2.075411793e-06
1.306102688e-06
-2.069979052e-06
-1.700199237e-06
1.412945065e-06
-3.379849308e-10
-1.088689857e-10
-2.947143854e-10
1.336751623e-10
-2.776231115e-10
-9.72644093e-11
-2.820856089e-10
9.843412522e-11
-3.107937125e-10
-1.688334289e-10
-4.31731794e-10
2.598879493e-10
-8.18816666e-10
-7.531185998e-10
-1.62447904e-09
1.525614297e-09
-3.01717316e-09
-3.271946367e-09
-5.24098866e-09
5.500259948e-09
-8.613655612e-09
-9.839323688e-09
-1.350232359e-08
1.476261174e-08
-2.029747249e-08
-2.398969107e-08
-2.937138059e-08
3.313046546e-08
-4.101902859e-08
-5.009352937e-08
-5.539233853e-08
6.457946965e-08
-7.242126242e-08
-9.159172132e-08
-9.174409858e-08
1.1109206e-07
-1.126444319e-07
-1.479997133e-07
-1.340212113e-07
1.696355794e-07
-1.54412853e-07
-2.115080443e-07
-1.720893374e-07
2.295274882e-07
-1.852178653e-07
-2.654133741e-07
-1.921037709e-07
2.727040436e-07
-1.914990074e-07
-2.878720697e-07
-1.82888575e-07
2.796796363e-07
-1.667215565e-07
-2.628893587e-07
-1.445018213e-07
2.410363379e-07
-1.187135314e-07
-1.940492524e-07
-9.256301526e-08
1.681633275e-07
-6.967551942e-08
-1.090849333e-07
-5.38169506e-08
9.337881932e-08
-4.804904289e-08
-4.701961163e-08
-5.359143166e-08
5.267306007e-08
-7.034051951e-08
-3.003029715e-08
-9.774957514e-08
5.761757834e-08
-1.362222738e-07
-4.906367877e-08
-1.873643821e-07
1.00513354e-07
-2.532821232e-07
-9.726804198e-08
-3.362300248e-07
1.80743085e-07
-4.382505741e-07
-1.835029116e-07
-5.606540029e-07
3.067770211e-07
-7.033444898e-07
-3.245189498e-07
-8.639399437e-07
4.864760906e-07
-1.036770023e-06
-5.349948181e-07
-1.211860793e-06
7.120631159e-07
-1.374047164e-06
-8.090113141e-07
-1.502768798e-06
9.403285655e-07
-1.573095866e-06
-1.086840234e-06
-1.558743725e-06
1.075438799e-06
-1.437840462e-06
-1.216805371e-06
-1.2021779e-06
9.838237288e-07
-8.692369627e-07
-9.700990225e-07
-4.937267189e-07
5.961956149e-07
-1.695361612e-07
-2.845294177e-07
1.152976569e-07
-3.64391686e-10
-1.360341506e-10
-3.560037615e-10
1.481024671e-10
-3.90173e-10
-1.344495163e-10
-4.823027386e-10
2.020801714e-10
-7.39346975e-10
-4.965350933e-10
-1.412223594e-09
1.049432251e-09
-2.650417973e-09
-2.806891771e-09
-4.624781407e-09
4.752210461e-09
-7.597970366e-09
-8.676847149e-09
-1.188580965e-08
1.29875114e-08
-1.783342892e-08
-2.116413604e-08
-2.577580351e-08
2.916669172e-08
-3.599251712e-08
-4.411852236e-08
-4.865544358e-08
5.688350319e-08
-6.37689534e-08
-8.074921799e-08
-8.111165273e-08
9.824307075e-08
-1.001918353e-07
-1.312339997e-07
-1.20231506e-07
1.514682313e-07
-1.4015128e-07
-1.899495042e-07
-1.585432907e-07
2.088268621e-07
-1.736704182e-07
-2.439311964e-07
-1.83668178e-07
2.557616278e-07
-1.872350346e-07
-2.750425917e-07
-1.842995878e-07
2.736246312e-07
-1.754189681e-07
-2.675500478e-07
-1.610337569e-07
2.535560553e-07
-1.432182104e-07
-2.191833504e-07
-1.250403306e-07
2.013333348e-07
-1.103023514e-07
-1.48795696e-07
-1.027543776e-07
1.414827837e-07
-1.050617709e-07
-9.134495211e-08
-1.188751281e-07
1.053663463e-07
-1.453543319e-07
-7.466029086e-08
-1.850177793e-07
1.14643832e-07
-2.381682535e-07
-1.045264058e-07
-3.051882326e-07
1.720557276e-07
-3.86337306e-07
-1.760112587e-07
-4.815407081e-07
2.720031861e-07
-5.900638763e-07
-2.889371921e-07
-7.100581364e-07
4.100992874e-07
-8.381003579e-07
-4.453946406e-07
-9.687542067e-07
5.776775393e-07
-1.094318396e-06
-6.37528805e-07
-1.20481816e-06
7.501323344e-07
-1.288451368e-06
-8.333017553e-07
-1.332571713e-06
8.798800092e-07
-1.32540547e-06
-9.669283835e-07
-1.258415663e-06
9.024507815e-07
-1.129205049e-06
-9.491278243e-07
-9.443400323e-07
7.663916199e-07
-7.211835744e-07
-7.191734057e-07
-4.873022016e-07
4.866481471e-07
-2.761096322e-07
-3.403167435e-07
-1.180818515e-07
1.828121591e-07
-2.89637253e-08
-4.551282473e-08
1.675543152e-08
-4.45219117e-10
-1.783744492e-10
-4.887266733e-10
2.521823309e-10
-6.58169706e-10
-3.561984489e-10
-1.128935557e-09
7.32187174e-10
-2.19068902e-09
-2.083495323e-09
-4.006080838e-09
3.701335309e-09
-6.66130811e-09
-7.522967573e-09
-1.044872161e-08
1.127457408e-08
-1.567654649e-08
-1.859264388e-08
-2.265041641e-08
2.561263055e-08
-3.163988478e-08
-3.882209278e-08
-4.283169112e-08
5.010538367e-08
-5.628542786e-08
-7.12538582e-08
-7.189688669e-08
8.698637708e-08
-8.938342961e-08
-1.165978343e-07
-1.08302882e-07
1.355654645e-07
-1.280638514e-07
-1.711352418e-07
-1.478150922e-07
1.909775847e-07
-1.661203982e-07
-2.256324802e-07
-1.806936922e-07
2.424379493e-07
-1.890178205e-07
-2.646518573e-07
-1.900680741e-07
2.70555674e-07
-1.855917425e-07
-2.696397615e-07
-1.790047838e-07
2.657520035e-07
-1.725281362e-07
-2.413447198e-07
-1.668700719e-07
2.370449229e-07
-1.654725274e-07
-1.931249768e-07
-1.70181679e-07
1.981643513e-07
-1.824852623e-07
-1.490099429e-07
-2.04349653e-07
1.711967515e-07
-2.381403624e-07
-1.362195819e-07
-2.853256371e-07
1.83883012e-07
-3.461726155e-07
-1.730566015e-07
-4.199898832e-07
2.475867382e-07
-5.053837348e-07
-2.573308753e-07
-6.00317758e-07
3.532829991e-07
-7.020756195e-07
-3.794761985e-07
-8.070898324e-07
4.858753361e-07
-9.107243649e-07
-5.280109743e-07
-1.007206902e-06
6.262660979e-07
-1.089728928e-06
-6.826871738e-07
-1.150835366e-06
7.458968914e-07
-1.183067143e-06
-8.075611131e-07
-1.179871112e-06
8.066350392e-07
-1.13675656e-06
-8.538737183e-07
-1.052504532e-06
7.717918973e-07
-9.302435956e-07
-7.781994772e-07
-7.780405246e-07
6.27764269e-07
-6.086703571e-07
-5.755552143e-07
-4.382472662e-07
4.062855509e-07
-2.836633604e-07
-3.087304421e-07
-1.591382475e-07
1.847452916e-07
-7.270691102e-08
-9.251320076e-08
-2.393162576e-08
4.388122423e-08
-4.180137061e-09
-5.552464173e-09
1.587215962e-09
-8.000674946e-10
-4.351164475e-10
-1.108931186e-09
8.452406271e-10
-1.829440906e-09
-1.499203743e-09
-3.223911571e-09
2.787932218e-09
-5.548274226e-09
-6.011370254e-09
-8.97192666e-09
9.135328793e-09
-1.365660557e-08
-1.614644416e-08
-1.9848422e-08
2.224959586e-08
-2.780293272e-08
-3.411556351e-08
-3.772754435e-08
4.410892817e-08
-4.972611206e-08
-6.291144096e-08
-6.376497665e-08
7.706360607e-08
-7.966749781e-08
-1.037633235e-07
-9.716087748e-08
1.212090333e-07
-1.160016216e-07
-1.548062939e-07
-1.361100607e-07
1.737311995e-07
-1.574287714e-07
-2.112974799e-07
-1.790396323e-07
2.309120692e-07
-1.978541046e-07
-2.607923671e-07
-2.091880989e-07
2.801845263e-07
-2.113262319e-07
-2.772258406e-07
-2.097224843e-07
2.90951787e-07
-2.128251436e-07
-2.681475376e-07
-2.227548122e-07
2.828487998e-07
-2.360437208e-07
-2.450269485e-07
-2.520034448e-07
2.636560298e-07
-2.733577255e-07
-2.155810404e-07
-3.011993012e-07
2.43865031e-07
-3.387825808e-07
-2.078021992e-07
-3.882496781e-07
2.579039881e-07
-4.499199797e-07
-2.465971719e-07
-5.224886262e-07
3.200636591e-07
-6.034969643e-07
-3.326290855e-07
-6.897271399e-07
4.200614979e-07
-7.77430817e-07
-4.499096075e-07
-8.624083572e-07
5.364152089e-07
-9.400246573e-07
-5.780547022e-07
-1.005286784e-06
6.451458099e-07
-1.05306406e-06
-6.923167902e-07
-1.078472396e-06
7.197610858e-07
-1.077383451e-06
-7.618161606e-07
-1.047043628e-06
7.335508573e-07
-9.866783542e-07
-7.554347883e-07
-8.980135104e-07
6.686645705e-07
-7.855424065e-07
-6.561646931e-07
-6.564363682e-07
5.28564888e-07
-5.199763265e-07
-4.778969674e-07
-3.864935358e-07
3.454128745e-07
-2.659066233e-07
-2.713485311e-07
-1.661092861e-07
1.7206761e-07
-9.157226252e-08
-1.044472906e-07
-4.258346088e-08
5.564377556e-08
-1.546430634e-08
-1.927109829e-08
-3.838287408e-09
7.680567369e-09
-6.652715366e-10
-3.759340945e-10
7.341282618e-11
-2.179028387e-09
-1.633805696e-09
-3.109453532e-09
2.950982055e-09
-4.728106551e-09
-4.70266039e-09
-7.364750959e-09
7.348268052e-09
-1.136176375e-08
-1.319392289e-08
-1.692197164e-08
1.82977285e-08
-2.413084443e-08
-2.966017267e-08
-3.308129372e-08
3.841660617e-08
-4.388608846e-08
-5.554342276e-08
-5.659594164e-08
6.83345399e-08
-7.113339078e-08
-9.235446764e-08
-8.728995671e-08
1.086448922e-07
-1.047835744e-07
-1.390593501e-07
-1.233888264e-07
1.574927186e-07
-1.431412777e-07
-1.9216087e-07
-1.644970291e-07
2.113616801e-07
-1.881133616e-07
-2.493254327e-07
-2.138131834e-07
2.692124912e-07
-2.393015716e-07
-3.003615525e-07
-2.610901216e-07
3.235679895e-07
-2.788366323e-07
-3.148594133e-07
-2.973196776e-07
3.463584428e-07
-3.201841896e-07
-3.087348843e-07
-3.452630694e-07
3.38580474e-07
-3.712562558e-07
-2.890269891e-07
-4.009644112e-07
3.198736082e-07
-4.387699385e-07
-2.825890122e-07
-4.860235456e-07
3.30619362e-07
-5.431627276e-07
-3.187048524e-07
-6.086553935e-07
3.852513303e-07
-6.796302946e-07
-3.977071145e-07
-7.523771599e-07
4.71794141e-07
-8.228499469e-07
-5.007890742e-07
-8.868934507e-07
5.664445541e-07
-9.403831851e-07
-6.033320904e-07
-9.794084963e-07
6.441854485e-07
-1.000446519e-06
-6.805535936e-07
-1.000630676e-06
6.826731858e-07
-9.780876836e-07
-7.087587752e-07
-9.322665244e-07
6.648254693e-07
-8.642123526e-07
-6.703862255e-07
-7.767153449e-07
5.845570306e-07
-6.74266293e-07
-5.628468793e-07
-5.627885831e-07
4.526738626e-07
-4.491058694e-07
-4.05580223e-07
-3.402159885e-07
2.975664354e-07
-2.424317949e-07
-2.379442486e-07
-1.605503367e-07
1.565457113e-07
-9.721275167e-08
-1.036757049e-07
-5.261783053e-08
5.928505317e-08
-2.469355819e-08
-2.775641651e-08
-9.725026344e-09
1.284756961e-08
-3.313853489e-09
-2.724423188e-09
-1.430090452e-09
8.519150061e-10
-1.05381166e-09
3.965119284e-10
-1.068130328e-09
-5.175138988e-09
-4.942940866e-09
-6.996707396e-09
7.810113332e-09
-9.771426459e-09
-1.084484033e-08
-1.401132888e-08
1.53304295e-08
-2.013400804e-08
-2.454470798e-08
-2.825697427e-08
3.202131295e-08
-3.828183153e-08
-4.852768252e-08
-5.011469836e-08
6.001728279e-08
-6.374478894e-08
-8.24214626e-08
-7.919139522e-08
9.791369253e-08
-9.64830578e-08
-1.260563813e-07
-1.157391916e-07
1.453063028e-07
-1.37300982e-07
-1.775840729e-07
-1.617912847e-07
2.017409408e-07
-1.899760562e-07
-2.34632496e-07
-2.22392466e-07
2.666663583e-07
-2.588968487e-07
-2.960471198e-07
-2.984078025e-07
3.341504164e-07
-3.389195555e-07
-3.529093737e-07
-3.778889541e-07
3.881257404e-07
-4.131091111e-07
-3.79152929e-07
-4.436525466e-07
4.086074133e-07
-4.709043526e-07
-3.675694328e-07
-4.991114263e-07
3.962835692e-07
-5.327548595e-07
-3.566159556e-07
-5.738977935e-07
3.985861716e-07
-6.227803029e-07
-3.849810005e-07
-6.775763071e-07
4.409524438e-07
-7.353811462e-07
-4.511656521e-07
-7.925488952e-07
5.097690342e-07
-8.451801165e-07
-5.348448543e-07
-8.895017941e-07
5.808180777e-07
-9.220694212e-07
-6.107858808e-07
-9.399786046e-07
6.304873927e-07
-9.409806061e-07
-6.563255094e-07
-9.236225417e-07
6.407897057e-07
-8.87475274e-07
-6.543804525e-07
-8.332015445e-07
6.018237761e-07
-7.626556579e-07
-5.967484116e-07
-6.788828253e-07
5.144544847e-07
-5.859355846e-07
-4.883457053e-07
-4.8857632e-07
3.921302447e-07
-3.919005933e-07
-3.490735992e-07
-3.008243774e-07
2.587734135e-07
-2.195639719e-07
-2.092727483e-07
-1.511818516e-07
1.413382726e-07
-9.727587138e-08
-9.845084806e-08
-5.78701118e-08
5.925530414e-08
-3.155103502e-08
-3.212824815e-08
-1.583790486e-08
1.648997904e-08
-7.761881999e-09
-5.559019101e-09
-4.440736931e-09
2.249317174e-09
-3.263705453e-09
-1.487596825e-10
-1.753263057e-09
-1.425342061e-09
-1.272415653e-09
1.198564166e-09
-1.407041657e-09
-1.069306878e-08
-1.175114021e-08
-1.363784179e-08
1.665545161e-08
-1.782427148e-08
-2.092835201e-08
-2.402943351e-08
2.772837539e-08
-3.269390138e-08
-4.082605323e-08
-4.381311888e-08
5.115338998e-08
-5.718236962e-08
-7.303594326e-08
-7.273816847e-08
8.811898048e-08
-9.073645747e-08
-1.153903766e-07
-1.117777846e-07
1.364045426e-07
-1.368551406e-07
-1.682262e-07
-1.673809537e-07
1.981860765e-07
-2.048969844e-07
-2.337779289e-07
-2.501936855e-07
2.777250454e-07
-3.02037765e-07
-3.111532222e-07
-3.567078445e-07
3.674033371e-07
-4.094275808e-07
-3.824065289e-07
-4.567732192e-07
4.342385948e-07
-4.977411847e-07
-4.25104287e-07
-5.327362417e-07
4.595454256e-07
-5.627204163e-07
-4.346490726e-07
-5.898105223e-07
4.59534123e-07
-6.177363886e-07
-4.268296971e-07
-6.501304316e-07
4.595746423e-07
-6.881558073e-07
-4.432601899e-07
-7.302408008e-07
4.865787541e-07
-7.735982218e-07
-4.929657578e-07
-8.148101836e-07
5.356725425e-07
-8.503679671e-07
-5.552756408e-07
-8.770210094e-07
5.83586435e-07
-8.920244126e-07
-6.059187546e-07
-8.932862929e-07
6.089164865e-07
-8.795017352e-07
-6.252958216e-07
-8.501547462e-07
5.976565124e-07
-8.056321618e-07
-6.016526866e-07
-7.472399215e-07
5.448253604e-07
-6.771111737e-07
-5.327563533e-07
-5.98165793e-07
4.551321421e-07
-5.138784631e-07
-4.271954001e-07
-4.280841536e-07
3.424142816e-07
-3.446128733e-07
-3.033723276e-07
-2.669889875e-07
2.264418676e-07
-1.98103192e-07
-1.847309084e-07
-1.399652785e-07
1.270070266e-07
-9.35445357e-08
-9.178017344e-08
-5.875062638e-08
5.719548872e-08
-3.455743574e-08
-3.431636788e-08
-1.922911616e-08
1.907255545e-08
-1.063093484e-08
-8.457754108e-09
-6.528055859e-09
4.371547241e-09
-4.715984816e-09
-5.346753138e-10
-3.840923702e-09
-1.966444132e-10
-3.225791812e-09
1.714633752e-09
-3.929223897e-09
-1.055747585e-09
-4.157067235e-09
2.312385267e-09
-4.03809376e-09
-2.026729899e-08
-2.22831652e-08
-2.434379519e-08
-3.043317408e-08
-3.589729758e-08
-3.950611607e-08
4.596690268e-08
-5.214224295e-08
-6.351637547e-08
-6.855645196e-08
7.919403357e-08
-8.899493196e-08
-1.066590982e-07
-1.141076853e-07
1.314917025e-07
-1.4502616e-07
-1.640392948e-07
-1.831954707e-07
2.026704287e-07
-2.300128044e-07
-2.394946918e-07
-2.861878232e-07
2.948315498e-07
-3.506041308e-07
-3.3476453e-07
-4.192854303e-07
4.007074648e-07
-4.857330316e-07
-4.291744561e-07
-5.432416805e-07
4.875959291e-07
-5.881199608e-07
-4.819192502e-07
-6.212374561e-07
5.205568592e-07
-6.465351674e-07
-4.894963583e-07
-6.684056452e-07
5.148373377e-07
-6.900810172e-07
-4.846378608e-07
-7.135995133e-07
5.094679863e-07
-7.39909863e-07
-4.926290778e-07
-7.684667021e-07
5.226193394e-07
-7.971624951e-07
-5.240209117e-07
-8.230518792e-07
5.514682612e-07
-8.430352295e-07
-5.648238174e-07
-8.543875497e-07
5.778164426e-07
-8.549572462e-07
-5.926849532e-07
-8.432986818e-07
5.826928084e-07
-8.187389416e-07
-5.909954394e-07
-7.81353446e-07
5.552056689e-07
-7.319947729e-07
-5.519385819e-07
-6.722123315e-07
4.93585132e-07
-6.041610615e-07
-4.76930193e-07
-5.304776314e-07
4.044319522e-07
-4.541201952e-07
-3.759623467e-07
-3.781414341e-07
3.008816929e-07
-3.054653549e-07
-2.653024925e-07
-2.386449448e-07
1.990913502e-07
-1.796842936e-07
-1.631386733e-07
-1.298747422e-07
1.136846528e-07
-8.972900023e-08
-8.393539726e-08
-5.896989575e-08
5.333585468e-08
-3.662945729e-08
-3.390043744e-08
-2.124220654e-08
1.854554289e-08
-1.116910675e-08
-9.751067254e-09
-4.95523255e-09
3.519587555e-09
-1.661380826e-09
-1.609573121e-09
-2.844459868e-10
1.854095564e-10
6.65211968e-12
-9.877224376e-11
1.954858276e-11
2.68048545e-11
2.169539228e-10
-2.359420753e-10
4.839823234e-10
5.910916796e-10
6.858610373e-10
5.363663699e-09
-5.33128056e-08
-5.912892623e-08
-7.020079122e-08
7.734284126e-08
-9.393279438e-08
-1.007214114e-07
-1.255541773e-07
1.320116476e-07
-1.657914194e-07
-1.669095979e-07
-2.149450373e-07
2.171697193e-07
-2.726453385e-07
-2.559674194e-07
-3.377634074e-07
3.237891351e-07
-4.083194595e-07
-3.621855737e-07
-4.811259495e-07
4.345165818e-07
-5.515311952e-07
-4.670925404e-07
-6.141221032e-07
5.251985637e-07
-6.643318857e-07
-5.355360896e-07
-7.003728962e-07
5.699899245e-07
-7.240995636e-07
-5.48937226e-07
-7.398902862e-07
5.681682471e-07
-7.524854881e-07
-5.358897307e-07
-7.652286609e-07
5.52599768e-07
-7.794033846e-07
-5.320784696e-07
-7.945900207e-07
5.498284014e-07
-8.091320445e-07
-5.458597624e-07
-8.207288759e-07
5.592949781e-07
-8.268650266e-07
-5.659411178e-07
-8.252678585e-07
5.659826751e-07
-8.142401159e-07
-5.738918459e-07
-7.927954583e-07
5.540346747e-07
-7.606800818e-07
-5.55584467e-07
-7.18342787e-07
5.147290025e-07
-6.668527382e-07
-5.059478063e-07
-6.078540197e-07
4.482433674e-07
-5.433964947e-07
-4.284006203e-07
-4.758540988e-07
3.619001727e-07
-4.077238885e-07
-3.331446911e-07
-3.414907269e-07
2.676619005e-07
-2.794229482e-07
-2.342690399e-07
-2.234124244e-07
1.787037776e-07
-1.748509316e-07
-1.458003039e-07
-1.345260822e-07
1.056159393e-07
-1.026311918e-07
-7.750193228e-08
-7.880909081e-08
5.349179684e-08
-6.211970397e-08
-3.256903404e-08
-5.050142128e-08
2.027181253e-08
-3.923906899e-08
-8.794853596e-09
-2.581554383e-08
-5.724860919e-09
-1.420342461e-08
3.970758643e-09
-8.095646148e-09
-9.658994717e-09
-4.68697859e-09
3.049721229e-09
-1.925785021e-09
-5.759989885e-09
-1.329402439e-11
-2.877559414e-11
3.375488198e-11
4.672103926e-11
3.040703427e-10
-1.231634882e-09
1.737231147e-09
-1.100652668e-07
-1.03830031e-07
-1.48492216e-07
1.434766915e-07
-1.9878326e-07
-1.774742703e-07
-2.603799241e-07
2.395663368e-07
-3.3078951e-07
-2.836239593e-07
-4.059546423e-07
3.629137631e-07
-4.813579447e-07
-4.008756913e-07
-5.530325569e-07
4.784571842e-07
-6.181904216e-07
-5.026767343e-07
-6.747396886e-07
5.594280808e-07
-7.209402293e-07
-5.69707676e-07
-7.556774887e-07
5.993912546e-07
-7.791124333e-07
-5.91551638e-07
-7.930734606e-07
6.025875023e-07
-8.006401296e-07
-5.799682072e-07
-8.049547049e-07
5.856650459e-07
-8.081165391e-07
-5.642540616e-07
-8.108052263e-07
5.697258565e-07
-8.123255227e-07
-5.601548506e-07
-8.110391104e-07
5.611460436e-07
-8.05058045e-07
-5.609756316e-07
-7.926120749e-07
5.502712977e-07
-7.724041379e-07
-5.516883957e-07
-7.437201802e-07
5.245213675e-07
-7.06553262e-07
-5.206323762e-07
-6.615072817e-07
4.769516758e-07
-6.097169431e-07
-4.642800226e-07
-5.527383632e-07
4.084617188e-07
-4.924061382e-07
-3.869840494e-07
-4.307222319e-07
3.262028561e-07
-3.6970629e-07
-2.984185892e-07
-3.112507955e-07
2.4057983e-07
-2.569926848e-07
-2.105370061e-07
-2.08195802e-07
1.620682445e-07
-1.656782593e-07
-1.34144263e-07
-1.297388137e-07
9.826346963e-08
-1.001353266e-07
-7.582155059e-08
-7.605865806e-08
5.157045426e-08
-5.611552767e-08
-3.547506193e-08
-3.838042656e-08
1.742910079e-08
-2.107684522e-08
-1.703263048e-09
-1.307225214e-08
-6.281803092e-09
-1.222253505e-08
1.079286423e-08
-1.313709027e-08
-1.003383613e-08
-1.346291881e-08
1.14432819e-08
-1.29565449e-08
-1.215865703e-08
-1.149657168e-08
9.096358331e-09
-9.298700584e-09
-1.144007774e-08
-7.083722736e-09
4.182791195e-11
-1.584886649e-09
-5.360868943e-09
1.864543329e-09
-2.663191918e-09
3.792191826e-09
-2.425348632e-07
-1.989982882e-07
-3.132504132e-07
-3.937357584e-07
-3.168430557e-07
-4.784462302e-07
4.031865868e-07
-5.605339452e-07
-4.473568425e-07
-6.336653175e-07
5.276894297e-07
-6.941165179e-07
-5.479231199e-07
-7.410548009e-07
6.032983034e-07
-7.757573638e-07
-6.011586035e-07
-8.002113689e-07
6.276509534e-07
-8.161758219e-07
-6.158513201e-07
-8.25159043e-07
6.218564685e-07
-8.284442512e-07
-6.057011213e-07
-8.274057187e-07
6.026757563e-07
-8.232210433e-07
-5.856797528e-07
-8.166477229e-07
5.798226334e-07
-8.077419443e-07
-5.678500987e-07
-7.958246644e-07
5.577764069e-07
-7.797499633e-07
-5.518439876e-07
-7.583941433e-07
5.322543999e-07
-7.308712779e-07
-5.27815741e-07
-6.967557141e-07
4.951794964e-07
-6.561228152e-07
-4.868713219e-07
-6.095936469e-07
4.416037936e-07
-5.582184613e-07
-4.265347973e-07
-5.033530625e-07
3.727153891e-07
-4.465481491e-07
-3.509633101e-07
-3.894225442e-07
2.94638875e-07
-3.335347362e-07
-2.686620823e-07
-2.80292452e-07
2.159690349e-07
-2.308611788e-07
-1.893816328e-07
-1.860945714e-07
1.449369655e-07
-1.465020882e-07
-1.212596341e-07
-1.122407828e-07
8.715156246e-08
-8.316353032e-08
-6.859802009e-08
-5.890582581e-08
4.442107828e-08
-3.903368391e-08
-3.081841562e-08
-2.32768082e-08
1.52020925e-08
-1.188281927e-08
-3.494464607e-09
-6.621537244e-09
-1.589147428e-09
-6.067381669e-09
6.199602329e-09
-7.318154275e-09
-4.97558238e-09
-8.930987954e-09
8.500469207e-09
-1.090532921e-08
-6.560177003e-09
-1.307011457e-08
1.169462308e-08
-1.501117952e-08
-9.831522225e-09
-1.599888189e-08
1.382032686e-08
-1.508254809e-08
-1.488559222e-08
-1.153724391e-08
9.299877953e-09
-5.821588087e-09
-1.51886736e-08
-9.207952267e-10
-2.117604428e-09
-6.282438743e-07
-4.900159447e-07
-7.055454427e-07
-7.670029669e-07
-5.961396625e-07
-8.103004577e-07
6.478048856e-07
-8.365718088e-07
-6.420119787e-07
-8.493047583e-07
6.641519737e-07
-8.528441668e-07
-6.406751118e-07
-8.506916678e-07
6.428380227e-07
-8.448736067e-07
-6.198804844e-07
-8.363223819e-07
6.115086988e-07
-8.25267408e-07
-5.942448403e-07
-8.115248856e-07
5.804149271e-07
-7.949476295e-07
-5.676481961e-07
-7.751136119e-07
5.487677874e-07
-7.514024458e-07
-5.391525952e-07
-7.232070646e-07
5.123914671e-07
-6.900781404e-07
-5.032891696e-07
-6.518684893e-07
4.664624657e-07
-6.087747376e-07
-4.545454064e-07
-5.61405058e-07
4.083536719e-07
-5.106698763e-07
-3.916399882e-07
-4.577382175e-07
3.396664091e-07
-4.038953332e-07
-3.183224475e-07
-3.504484361e-07
2.656099824e-07
-2.986445584e-07
-2.415143357e-07
-2.495863538e-07
1.929769064e-07
-2.041758321e-07
-1.690022778e-07
-1.630859801e-07
1.282555228e-07
-1.267536583e-07
-1.071597603e-07
-9.538493009e-08
7.60150543e-08
-6.899140033e-08
-5.944079273e-08
-4.744240438e-08
3.806497045e-08
-3.051816626e-08
-2.618151611e-08
-1.794982334e-08
1.378232646e-08
-9.421211303e-09
-5.704767253e-09
-4.568543018e-09
9.51288409e-10
-3.094238951e-09
3.159705489e-09
-3.554473841e-09
-2.996042298e-09
-3.848653876e-09
4.225884053e-09
-4.090818172e-09
-3.971972524e-09
-4.455434765e-09
4.846366554e-09
-5.250608051e-09
-4.043733072e-09
-6.913997646e-09
6.764260357e-09
-9.938375681e-09
-3.743533889e-09
-1.458620153e-08
1.294232969e-08
-2.03817336e-08
-7.163034673e-09
-2.516201707e-08
2.19321625e-08
-8.884147089e-07
-6.80489014e-07
-8.958228114e-07
6.949012934e-07
-8.908424729e-07
-6.717569437e-07
-8.781694509e-07
6.674077687e-07
-8.612675729e-07
-6.362467084e-07
-8.422303165e-07
6.224630511e-07
-8.219167709e-07
-5.974802841e-07
-8.000227277e-07
5.778232269e-07
-7.761398421e-07
-5.609975211e-07
-7.497175636e-07
5.35826522e-07
-7.201618144e-07
-5.231436128e-07
-6.868911434e-07
4.911024586e-07
-6.497506968e-07
-4.784193015e-07
-6.087098981e-07
4.385972746e-07
-5.640796274e-07
-4.236954279e-07
-5.164044325e-07
3.771017335e-07
-4.665502828e-07
-3.590434536e-07
-4.154869019e-07
3.088678064e-07
-3.643394961e-07
-2.880031679e-07
-3.142009e-07
2.385516374e-07
-2.660912432e-07
-2.162896032e-07
-2.209060105e-07
1.716091093e-07
-1.793748867e-07
-1.499438709e-07
-1.420418427e-07
1.129696884e-07
-1.092598309e-07
-9.397855523e-08
-8.11983522e-08
6.617792476e-08
-5.786352827e-08
-5.137129788e-08
-3.911586305e-08
3.283227343e-08
-2.469509263e-08
-2.266049633e-08
-1.423355454e-08
1.237981351e-08
-7.268530963e-09
-6.38105141e-09
-3.247816077e-09
2.491586318e-09
-1.560338436e-09
4.528842004e-10
-1.610335369e-09
-4.677132966e-10
-2.293852201e-09
2.467803719e-09
-3.003619339e-09
-1.76310379e-09
-3.662797197e-09
3.858590289e-09
-4.09402065e-09
-3.425404473e-09
-4.084738752e-09
4.318735341e-09
-3.454373944e-09
-4.943414658e-09
-2.232823084e-09
2.656050354e-09
-8.520112425e-10
-4.029354155e-09
-2.292833648e-12
9.331137651e-12
-1.120502043e-11
-9.172456783e-07
-6.934722473e-07
-8.975922106e-07
-8.723791995e-07
-6.534335917e-07
-8.455390154e-07
6.322450843e-07
-8.17625935e-07
-6.026049808e-07
-7.876652865e-07
5.770552547e-07
-7.559059804e-07
-5.525513969e-07
-7.225536935e-07
5.218085888e-07
-6.873835128e-07
-5.050350504e-07
-6.499299307e-07
4.691803277e-07
-6.096749398e-07
-4.535862579e-07
-5.668156747e-07
4.119245123e-07
-5.21490244e-07
-3.946301022e-07
-4.742092551e-07
3.483369669e-07
-4.256321031e-07
-3.287553016e-07
-3.766491693e-07
2.80583515e-07
-3.282066289e-07
-2.59807396e-07
-2.812481933e-07
2.134870515e-07
-2.366609658e-07
-1.927962272e-07
-1.951935005e-07
1.51809771e-07
-1.574317616e-07
-1.324060278e-07
-1.237976902e-07
9.912721814e-08
-9.45390601e-08
-8.227742378e-08
-6.974449708e-08
5.774918418e-08
-4.93568193e-08
-4.458044758e-08
-3.317730725e-08
2.860901264e-08
-2.08878517e-08
-1.970727947e-08
-1.206219851e-08
1.104594742e-08
-6.183474389e-09
-6.135077515e-09
-2.668044762e-09
2.736816163e-09
-8.979888658e-10
-8.269623456e-10
-2.644285725e-10
2.541434753e-10
-2.569474812e-10
2.113344872e-10
-4.614550528e-10
-3.717338934e-11
-8.594698159e-10
1.008145162e-09
-1.472107227e-09
-3.979873157e-10
-2.337120896e-09
2.535236555e-09
-3.449533304e-09
-1.424360811e-09
-4.689774334e-09
4.871110447e-09
-5.708672e-09
-3.854110428e-09
-5.798342119e-09
5.956052553e-09
-3.964125124e-09
-7.79127702e-09
-8.278232812e-12
9.82158329e-12
-7.962408166e-07
-6.06576825e-07
-7.673321953e-07
-7.379190193e-07
-5.462653931e-07
-6.975202538e-07
-6.554960569e-07
-4.859836812e-07
-6.134671392e-07
4.4595923e-07
-5.704505956e-07
-4.290475177e-07
-5.261063996e-07
3.860270094e-07
-4.807593717e-07
-3.676492695e-07
-4.345847355e-07
3.224046641e-07
-3.880747282e-07
-3.015055071e-07
-3.418084887e-07
2.55940285e-07
-2.966649987e-07
-2.34307732e-07
-2.534539506e-07
1.916232731e-07
-2.128974434e-07
-1.712111352e-07
-1.75702911e-07
1.343807519e-07
-1.423858019e-07
-1.163063101e-07
-1.132401345e-07
8.736460099e-08
-8.830968199e-08
-7.183422452e-08
-6.738638644e-08
5.095633516e-08
-5.003231537e-08
-3.88615095e-08
-3.572354234e-08
2.448074931e-08
-2.409167686e-08
-1.73216514e-08
-1.494860504e-08
8.121243053e-09
-8.305534573e-09
-5.694087815e-09
-4.114330081e-09
1.513803945e-09
-1.837614833e-09
-1.064295219e-09
-7.519628488e-10
-3.022388678e-10
-1.030724753e-10
-9.475217399e-11
-4.40152404e-11
4.556618779e-11
-2.935082909e-11
-1.446881491e-11
-3.099689563e-11
1.628717924e-11
-5.504880519e-11
5.449141703e-11
-1.313446056e-10
1.953862687e-11
-3.490256954e-10
4.598352169e-10
-8.123371758e-10
2.781440457e-12
-1.766763007e-09
1.91926056e-09
-3.686797003e-09
-7.470214275e-09
7.654004208e-09
-5.297182692e-07
-4.033801258e-07
-4.872490892e-07
-4.42609136e-07
-3.418405649e-07
-3.980238977e-07
2.981277144e-07
-3.541385452e-07
-2.78010639e-07
-3.118371849e-07
2.362795889e-07
-2.71017304e-07
-2.134121307e-07
-2.32386827e-07
1.751436101e-07
-1.968625468e-07
-1.540578577e-07
-1.648594289e-07
1.222438461e-07
-1.366328325e-07
-1.041137189e-07
-1.124954461e-07
7.999956512e-08
-9.260884538e-08
-6.569710808e-08
-7.68266179e-08
4.977013168e-08
-6.467404065e-08
-3.759713416e-08
-5.514468859e-08
2.778938676e-08
-4.61399104e-08
-1.752940743e-08
-3.327952769e-08
4.762336877e-09
-1.898121773e-08
4.72100604e-09
-1.091974681e-08
-1.093620474e-08
-7.978208634e-09
1.035123371e-08
-5.342990469e-09
-1.215221115e-08
-2.952963091e-09
4.193249065e-09
-1.038438029e-09
-6.004988908e-09
-3.415589361e-11
-2.959927121e-11
-1.755155551e-11
1.919939059e-11
-1.329619935e-11
-1.284312261e-11
-1.055192059e-11
1.023365219e-11
-8.789676754e-12
-1.374640313e-11
-4.907415133e-12
1.012849373e-11
-1.428311192e-12
-1.885526943e-12
-3.234141993e-07
-2.55931292e-07
-2.828310231e-07
-2.448253188e-07
-1.986484743e-07
-2.120634005e-07
-1.796082004e-07
-1.41381169e-07
-1.49426499e-07
-1.236820436e-07
-9.562495073e-08
-1.010650853e-07
7.327299131e-08
-8.073512736e-08
-5.996650323e-08
-6.282813302e-08
4.243692666e-08
-4.736737886e-08
-3.556318057e-08
-3.38674109e-08
2.273687176e-08
-2.189810506e-08
-1.588358773e-08
-1.176397933e-08
6.878120488e-09
-4.478603848e-09
2.044939448e-09
-4.242754453e-09
-2.253702864e-09
-6.22044953e-09
9.67712768e-09
-8.012855729e-09
-7.806585032e-09
-8.765084945e-09
1.379998398e-08
-7.506914334e-09
-1.495624194e-08
-5.348425014e-09
8.302897738e-09
-2.540953837e-09
-1.104624451e-08
-1.223610086e-11
-1.337613129e-11
-7.605502518e-12
-6.525865363e-12
-7.45301064e-12
-6.17526631e-12
-3.924890557e-12
-7.858165836e-12
-6.604305902e-08
-5.488209164e-08
-5.090906696e-08
-3.59344983e-08
-2.735579383e-08
-2.314345806e-08
-1.372650756e-08
-1.269692421e-08
-6.785005893e-09
-2.294694977e-09
-2.076664023e-09
-4.382046086e-10
-6.27945676e-10
1.129121382e-09
-1.488854446e-09
-3.177506817e-09
5.147928508e-09
-6.12358401e-09
-1.016784359e-08
1.555782455e-08
-1.014334707e-08
-8.93136461e-09
1.400221237e-08
)
;

boundaryField
{
    dominio_ascii
    {
        type            calculated;
        value           nonuniform List<scalar> 
168
(
9.046166455e-13
4.97163974e-13
1.417083531e-18
2.333133699e-18
9.817991067e-18
9.202141582e-12
2.922653143e-12
-9.066889072e-07
7.020735595e-12
1.796375717e-15
6.837011901e-12
2.197428269e-11
5.359077029e-12
5.910324502e-14
1.665429868e-11
2.244544135e-11
-9.195684624e-10
1.048501306e-10
1.047871332e-10
2.328838315e-12
-1.902891714e-13
4.588393254e-10
7.32635842e-10
1.385683104e-09
2.709797313e-09
7.203552366e-09
-5.509571263e-09
-8.496304123e-09
4.365406051e-08
3.615606597e-09
2.974838769e-07
-9.458352406e-08
1.522429788e-06
1.60342611e-06
1.328335403e-06
2.127287137e-18
4.673687256e-07
5.028537112e-12
4.623660749e-08
1.876120492e-08
-1.68574297e-08
-2.600995731e-08
3.791282101e-12
2.037925881e-12
1.825116201e-12
1.450995979e-12
1.561993951e-12
7.596890945e-13
1.664713022e-13
1.882827481e-18
2.825702877e-18
-5.076776406e-17
-2.387985554e-16
2.913860695e-12
2.546733448e-11
1.13051895e-11
6.111647433e-12
4.005451649e-12
-8.574135016e-07
-1.542662461e-06
-1.19701592e-10
-3.073643915e-09
8.258252881e-12
3.754389141e-12
1.962210369e-11
3.159819411e-11
2.693684852e-11
1.768841214e-11
1.920457582e-11
1.805810393e-11
4.70513584e-11
3.891439038e-11
8.311900026e-13
3.581695541e-11
4.394670903e-11
1.296395991e-15
2.519654831e-11
3.848389288e-16
3.383199588e-16
1.106640095e-11
5.126179607e-21
2.9779922e-16
2.962028111e-11
1.013774431e-11
-3.802885245e-12
9.333303394e-11
-3.019326728e-06
-5.134876543e-06
2.442088896e-10
-2.864869971e-06
3.285963324e-11
3.076914832e-10
2.134207196e-10
-4.429603805e-15
6.447458151e-10
3.322228369e-10
-6.404260308e-11
5.840307143e-10
-1.20704642e-10
-9.722276334e-11
9.766759178e-10
1.00363302e-11
-7.086175647e-11
1.968566762e-09
2.149984282e-10
1.471292319e-10
3.416799626e-09
6.57937873e-11
1.50374319e-10
6.974565938e-09
-3.335624097e-09
1.59079544e-11
1.538381769e-08
1.110498829e-08
-3.834287694e-09
3.391254871e-08
3.142245901e-08
1.627395815e-09
1.043955984e-07
7.891488495e-09
3.890905563e-09
2.921411245e-07
1.046575738e-07
3.715074875e-09
7.295478474e-07
1.536632241e-11
1.931768123e-10
1.110698656e-06
7.728797823e-07
-7.550079825e-11
1.635885779e-06
-6.9717446e-18
-2.667723206e-10
1.486763679e-06
-3.089831353e-08
8.125351459e-12
1.146757649e-06
5.857605317e-07
-8.21549246e-14
-8.395114646e-11
9.268064093e-12
8.822778661e-07
6.982404219e-07
3.469580295e-07
2.223481893e-12
-2.054945052e-13
2.167510677e-07
2.749722519e-07
1.305374038e-07
9.910652235e-08
6.419291383e-12
1.087182872e-11
1.015860069e-11
6.105945037e-12
1.026295386e-07
3.209086741e-08
1.10933382e-08
3.892463801e-09
1.696990611e-09
4.34169421e-10
4.009425477e-11
5.586736425e-12
2.125215584e-12
1.796364772e-12
3.914290994e-12
4.779783721e-12
-1.456049176e-08
-1.63435561e-08
)
;
    }
    wallFilmFaces_top
    {
        type            calculated;
        value           uniform 0;
    }
    region0_to_wallFilmRegion_wallFilmFaces
    {
        type            calculated;
        value           uniform 0;
    }
}


// ************************************************************************* //
