/*--------------------------------*- C++ -*----------------------------------*\
| =========                 |                                                 |
| \\      /  F ield         | OpenFOAM: The Open Source CFD Toolbox           |
|  \\    /   O peration     | Version:  2.1.x                                 |
|   \\  /    A nd           | Web:      www.OpenFOAM.org                      |
|    \\/     M anipulation  |                                                 |
\*---------------------------------------------------------------------------*/
FoamFile
{
    version     2.0;
    format      ascii;
    class       volScalarField;
    location    "0.9";
    object      deltaf;
}
// * * * * * * * * * * * * * * * * * * * * * * * * * * * * * * * * * * * * * //

dimensions      [0 1 0 0 0 0 0];

internalField   nonuniform List<scalar> 
2828
(
2.088557003e-09
4.621035424e-11
3.349378833e-10
2.82362825e-08
7.43808815e-09
4.181458672e-06
3.440875939e-06
2.106390205e-06
5.977376397e-07
2.218483406e-09
1.668286649e-08
5.844405277e-08
3.606407865e-07
2.564147664e-06
9.971612018e-06
5.187603264e-05
0.0001401545562
4.92042648e-06
3.878056505e-06
2.750834901e-06
2.659110727e-06
4.348573667e-06
1.048536681e-05
1.087013064e-06
4.408036738e-07
1.916054719e-06
6.39112562e-06
1.834392747e-05
4.668676689e-05
9.955652776e-05
9.714586935e-05
5.567267994e-10
2.649654937e-13
4.922897946e-06
3.140863603e-06
2.358775768e-06
2.539615882e-06
1.31095918e-05
3.738715874e-05
1.633749291e-05
1.130561513e-06
2.753889474e-06
8.840275365e-06
2.089256542e-05
4.339906339e-05
7.53778718e-05
9.509382231e-05
5.511700621e-05
4.205430841e-11
4.330585919e-13
1.573512783e-24
5.983640605e-20
6.706975221e-06
1.350139082e-05
2.815310659e-05
2.971582694e-05
4.146927014e-05
8.482539021e-05
3.411984339e-05
4.171600735e-06
2.222092902e-06
9.813892603e-06
2.186428454e-05
4.083036564e-05
6.535596304e-05
8.389006319e-05
7.400606586e-05
2.965780591e-05
2.261414166e-12
8.061633604e-13
6.220286911e-29
2.270750276e-19
1.593241492e-07
1.615106745e-05
9.407210859e-05
0.0002315481247
0.0003075460263
0.0002813838338
0.0002231460323
0.0001082970713
1.979120902e-05
1.626730505e-06
1.517329983e-05
3.079518059e-05
3.870472808e-05
5.949780087e-05
7.669432593e-05
7.725307126e-05
5.181079671e-05
1.597807848e-05
6.570095305e-13
7.510890506e-12
3.814609442e-12
3.395432937e-11
1.764922206e-05
5.604850749e-05
1.520031533e-05
0.0001947236681
0.0005783775849
0.0009605999584
0.001071442238
0.0008907582272
0.0005826813685
0.0002888551725
0.0001010130354
1.705681603e-06
3.37709619e-06
5.750810955e-05
6.727666184e-05
7.084454408e-05
7.806207258e-05
7.110207067e-05
5.620817599e-05
0.0001294750887
0.0001870252622
0.0001052191046
1.174311992e-05
2.174957023e-05
2.690574447e-05
1.754328242e-05
1.275261515e-05
0.0001804956998
0.0007406288493
0.00155573945
0.002069733413
0.001985595062
0.00153587034
0.001063366958
0.0006890197607
0.0004034191756
0.0001704501889
1.531952885e-05
8.206610477e-05
7.147428504e-05
0.0001872085845
0.0001210743478
0.0001468550802
0.0001542807522
0.000190792157
0.0002022034897
0.0001970778937
3.931706371e-05
2.532829806e-05
2.038553291e-05
2.031488704e-05
6.330714073e-05
7.553315112e-05
0.0005638988244
0.00155021114
0.002488073121
0.002663057276
0.002091848681
0.001444104949
0.001047930619
0.0008204861765
0.0006558449005
0.0004960283929
0.0002595747829
2.237197318e-05
0.0001391552749
0.0004494510655
0.0001493514357
9.150380152e-05
0.0001441845971
0.0001529651993
0.0002007973616
0.0001633744345
0.0001745382316
0.0002328303944
0.000121410884
6.516651011e-05
9.328145787e-05
8.84893571e-05
2.154224025e-05
0.000239213639
0.0009966376147
0.002087343868
0.002641147982
0.002159573641
0.001272459422
0.000798947165
0.0006285310048
0.0005526356077
0.0005105103045
0.0004975021509
0.0005337055973
0.0006678525719
0.0005898057284
0.0002229976036
6.241607005e-06
3.600665833e-06
0.0001017313167
0.0001602662127
0.0002363312733
3.411568322e-05
1.580492542e-05
2.244442999e-05
5.380440329e-05
8.402876771e-05
0.0001943216886
0.0001064031785
3.598769612e-05
0.0003746839016
0.00123126103
0.002060898619
0.002061685454
0.001259551759
0.0006857506778
0.0004988350008
0.0004405200035
0.0003930629178
0.000337736445
0.0002726109473
0.0001992308238
0.0001235012487
5.981880408e-05
2.062701601e-05
4.667497033e-06
1.663132977e-06
6.692790447e-05
0.0001835800167
0.0001979172082
4.141053966e-05
9.92050574e-06
2.765111025e-06
2.824864356e-06
1.805149171e-05
0.0001033389
9.239796671e-05
6.729763846e-05
0.0004572672351
0.001215921367
0.001653818653
0.001363838292
0.0007268502379
0.000534010239
0.0004427043481
0.0004149068047
0.0003849163377
0.0003397828541
0.0002791132885
0.000210406692
0.0001430213092
8.151365828e-05
3.256777716e-05
7.714450675e-06
1.42961847e-06
2.072133185e-05
0.0001718934483
0.0002013425024
0.0002021658856
4.288567776e-05
1.893455717e-06
1.395354653e-06
7.748351754e-06
5.023111896e-05
5.534938809e-05
1.725107219e-05
8.708732397e-05
0.0004937200031
0.001018617346
0.001116362888
0.0008794031391
0.0006343059085
0.0004584194794
0.0004069470396
0.0003931762484
0.0003803783041
0.0003522388525
0.0003055559077
0.0002468888734
0.0001857353438
0.0001239409669
6.138317238e-05
1.503687902e-05
2.045688763e-06
1.75513095e-06
0.0001714351903
0.0002103295687
0.0001136454874
3.690757961e-07
3.290418885e-08
1.315880707e-07
3.282921373e-06
2.632588323e-05
0.0001599295858
0.0002482423502
6.081108538e-05
0.0001813235258
0.000505739609
0.0006897634808
0.0006855148154
0.0006275116513
0.0005131824206
0.0004087770982
0.0003636610182
0.0003579034436
0.0003607730208
0.0003521936936
0.0003244418027
0.0002797624568
0.0002266669845
0.0001716348716
0.0001123514562
4.579016313e-05
1.385364232e-07
2.867704844e-08
1.047463444e-05
0.0001501050475
0.0001475666813
1.431093534e-05
1.554308853e-06
2.341345632e-06
7.047778204e-06
2.039022316e-05
0.000133813003
0.0001883905318
0.0001847364581
0.000252417044
0.0003164593745
0.0003500052084
0.0004363426646
0.0004863177755
0.0004414879573
0.0003622128013
0.0003169168983
0.000312575049
0.0003264624356
0.0003361528699
0.0003285644977
0.000300090162
0.0002555536809
0.0002054596054
0.0001587578261
0.0001104279145
4.379727736e-05
9.741933328e-08
1.514326196e-05
0.0001214505064
6.924714688e-05
1.629575357e-05
7.147279791e-06
8.443497799e-06
1.158731289e-05
1.03644765e-05
1.82882975e-05
4.226625221e-05
0.0001331568466
7.282791206e-05
9.368507093e-05
0.0001822617566
0.0002966824083
0.0003736559454
0.0003747530817
0.0003208176101
0.0002729627045
0.0002628695741
0.0002804187021
0.0003043697026
0.0003172068903
0.0003089435798
0.0002774426316
0.000228453711
0.0001751158007
0.0001352048918
0.0001347917606
0.0001134574889
4.876317322e-05
5.063289153e-05
1.886211728e-05
7.979554915e-06
1.023693947e-05
1.335944191e-05
1.215288159e-05
6.946609192e-06
3.866326386e-06
5.149686332e-06
1.128210066e-05
9.676928566e-06
3.78623004e-05
0.0001032486923
0.0001935054795
0.0002753100241
0.000311610943
0.0002864137814
0.0002376639603
0.000215897416
0.0002279775657
0.0002587298447
0.0002887554321
0.0003030288391
0.0002932111462
0.0002571775708
0.0002005670294
0.0001360020791
7.803263993e-05
3.701107756e-05
1.566088398e-05
1.134230016e-05
1.732797651e-05
8.92037531e-06
8.360650025e-06
9.361905442e-06
6.242045825e-06
3.527558131e-06
3.85155808e-06
1.035295352e-05
3.650713447e-05
2.435638722e-05
2.617774467e-05
6.051674358e-05
0.0001220338043
0.0001947412816
0.0002520751267
0.0002578249955
0.0002150210132
0.0001789608869
0.0001765815002
0.0002045199797
0.000244354529
0.0002775982221
0.0002924393615
0.0002806701337
0.0002403255847
0.0001790215652
0.0001124858998
5.749612968e-05
2.325103914e-05
8.167036188e-06
8.941808783e-06
1.291978519e-05
1.295372e-05
1.207988779e-05
9.378148636e-06
7.584273761e-06
1.247224836e-05
3.795356288e-05
8.514461734e-05
6.283085416e-05
5.832675861e-05
8.253427918e-05
0.0001333692781
0.000196717453
0.0002314897313
0.0002056988546
0.0001582563999
0.000133919699
0.0001494822384
0.0001902225385
0.0002343560858
0.0002696817416
0.0002848268523
0.0002701320597
0.0002240716107
0.0001572100511
8.93328962e-05
3.89975822e-05
1.300138506e-05
8.751684492e-06
3.142457577e-05
4.770821663e-05
5.965592189e-05
7.078610579e-05
8.437567544e-05
0.0001059100342
0.0001231640256
0.0001371793534
0.0001042181814
7.786667713e-05
6.802218851e-05
9.070684857e-05
0.0001491860683
0.00020560448
0.0002065376171
0.0001582373968
0.0001064714593
0.0001009372561
0.0001349013323
0.0001802331073
0.0002268607388
0.00026478482
0.0002800275694
0.0002611300059
0.0002073721635
0.0001338038135
6.564814312e-05
2.225598024e-05
4.6672731e-06
2.737665943e-05
6.427672391e-05
9.891285676e-05
0.0001336326378
0.0001656424971
0.0001941205335
0.0002003472466
0.0001414481164
0.0001134291052
8.126480584e-05
6.33939724e-05
7.198407404e-05
0.0001248642165
0.0001904767982
0.0002158680338
0.0001802825094
9.946889813e-05
6.369757409e-05
8.645640329e-05
0.0001248750492
0.000171496082
0.0002217181986
0.0002629905784
0.00027818301
0.0002532513988
0.0001890198071
0.000107794869
4.203229404e-05
9.165909085e-06
8.379313732e-07
2.853201377e-05
3.856456071e-05
2.984003274e-05
2.197895577e-05
2.247052612e-05
0.0001048611626
8.025332887e-05
8.511244337e-05
0.0001277899077
0.0001758224234
0.0002216224941
0.000244212366
0.0002196317288
0.0001149748947
3.912135526e-05
5.001297534e-05
7.749409699e-05
0.0001147385005
0.0001639421241
0.0002188993199
0.0002647593117
0.000279764612
0.0002457971258
0.000167009506
7.806828361e-05
2.015144272e-05
1.561769732e-06
8.288068659e-07
3.887624544e-06
7.690173775e-06
1.095965594e-05
1.470872299e-05
0.0001185270924
0.000124021926
0.0001783354407
0.0002878957423
0.0002800504854
0.0002754126059
0.0002749920714
0.0002562290123
0.0001400704476
2.528055222e-05
2.655221696e-05
4.37653401e-05
6.733534471e-05
0.0001047952958
0.0001571707286
0.0002184937058
0.0002711792656
0.0002856500634
0.0002372955101
0.0001379143207
4.436481618e-05
4.054282102e-06
1.170257991e-07
1.474023777e-06
4.896635243e-06
1.061280132e-05
0.0001785193567
0.000314427129
0.0002690512404
0.0002750872601
0.0003193638503
0.0003032094005
0.0002636074309
0.0001396249956
1.798241621e-05
1.324926441e-05
2.452830722e-05
3.550771652e-05
5.719994622e-05
9.448774583e-05
0.0001503164345
0.0002209868899
0.0002844583684
0.0002973977941
0.0002241017151
9.580817502e-05
1.108647489e-05
1.245064819e-07
1.81293322e-06
5.364096432e-06
1.069334663e-05
0.0001824246253
0.0002144231087
0.0002940983297
0.0001747170056
0.000177123476
0.000209320332
0.000191940024
8.101189481e-05
1.041244193e-05
3.932504758e-06
1.700406997e-05
1.956204323e-05
2.80410042e-05
4.703331978e-05
8.226849251e-05
0.0001422289227
0.0002274534052
0.0003093330539
0.0003176522425
0.000195290606
3.35274675e-05
1.282488077e-06
4.228840805e-06
9.057836067e-06
0.0001224426654
9.755379066e-05
8.944397196e-05
9.665814093e-05
9.597415523e-05
0.0001101334643
9.413022795e-05
2.582592525e-05
1.349768368e-05
2.023817891e-05
1.698508834e-05
1.765274845e-05
2.251419592e-05
3.555925855e-05
6.621151973e-05
0.0001307726423
0.0002398648823
0.0003575239733
0.0003498783194
0.0001092641512
1.648723142e-07
4.443030846e-06
7.140164223e-05
8.057891542e-05
7.67971959e-05
5.956437925e-05
4.236067926e-05
6.60493841e-05
5.608934542e-05
2.181731388e-05
1.286996101e-05
2.162520844e-05
2.68108726e-05
2.36941055e-05
1.923503144e-05
2.192379336e-05
4.388788381e-05
0.0001103411828
0.0002599972268
0.0004718718241
0.0003689070123
2.854422307e-09
6.444137162e-05
4.510648341e-05
2.775031729e-05
2.1294841e-05
5.921661491e-05
4.727192874e-05
1.818440803e-05
1.286601477e-05
2.678888908e-05
4.404005221e-05
4.721027971e-05
2.055198805e-05
7.21032616e-06
1.427273582e-05
5.891887612e-05
0.0002601302012
0.001228849808
3.752976296e-05
2.200215593e-05
1.025170142e-05
6.387080018e-06
1.377314945e-05
2.825631589e-06
3.692306144e-06
1.089369016e-05
2.898808547e-05
6.179746888e-05
6.757304256e-05
3.10313759e-05
3.402250166e-07
1.826619856e-08
4.340678889e-06
2.413598273e-06
9.016593085e-07
6.19543393e-07
1.342967078e-06
6.060253018e-06
3.056503459e-05
7.870305387e-05
7.083534792e-05
2.575228962e-06
1.809562328e-06
1.044254031e-06
3.950606343e-07
4.985011108e-09
3.211346934e-09
2.560354381e-09
3.271102735e-09
1.910624638e-09
1.747855143e-16
8.348618208e-17
1.186450537e-10
1.125118671e-16
1.764485666e-16
1.30704524e-09
2.802368099e-15
1.518683994e-07
1.314580775e-07
5.998561578e-09
3.215838465e-08
9.837898407e-08
1.636144723e-07
4.160902057e-07
4.637885616e-06
4.166183448e-06
3.748407298e-06
3.190400543e-06
3.789923772e-06
2.981123573e-06
2.820891534e-06
2.918090691e-06
8.549871903e-05
0.0001318054727
0.0001384758192
0.0001218446207
9.168374162e-05
0.0001384630246
9.724765386e-07
5.669614161e-07
4.974622177e-06
4.190099121e-06
3.27259483e-06
4.405016553e-06
3.328182438e-13
1.22633436e-22
2.97076537e-22
1.708771417e-23
6.08797535e-06
5.199629973e-06
5.579683754e-06
4.331290285e-06
4.187045779e-06
4.224571211e-06
1.270848059e-26
7.289704562e-27
8.884910264e-25
1.077188488e-19
3.710482354e-08
9.688923507e-06
1.039172037e-05
7.385750856e-06
2.506091281e-07
9.143276773e-07
8.234469172e-06
1.868340075e-05
1.160178825e-05
2.823057833e-05
5.20272111e-07
1.321476221e-05
5.69366273e-05
0.0001979873758
7.598003798e-05
2.89509287e-05
5.297579915e-05
4.676743255e-07
6.154449351e-05
3.599080442e-05
0.0001434394817
5.223321228e-05
6.892732577e-05
6.238707511e-05
6.246591241e-05
4.181533845e-05
2.194696715e-05
0.0001011637105
3.148405606e-05
0.0001157999526
6.763365432e-05
0.0001017117804
0.0001183591647
0.000132343163
1.862960561e-05
4.440180667e-05
0.0001716341317
0.0001442862497
7.421216708e-05
5.119824876e-05
8.404748869e-05
4.312129413e-05
3.278281759e-05
2.67564926e-05
9.438246791e-05
3.775000014e-05
4.576124536e-05
3.783920134e-05
0.0002766947821
0.000239665109
0.0001352722729
0.000186174347
9.228313169e-05
0.0001092996134
0.0001045422915
0.0001650880856
0.0002196002384
0.0002237863892
0.0002133547158
1.049643348e-05
1.22711458e-05
4.388653884e-05
3.783255438e-05
2.174800033e-05
0.0001005757868
6.398844947e-06
1.041657131e-05
7.412288114e-06
1.647627055e-05
1.210987608e-05
7.416796977e-06
1.816600771e-05
2.680641329e-05
1.708877253e-05
7.161656187e-05
3.511426124e-05
6.952053105e-05
4.119039058e-05
0.0001263744745
0.0001012668887
0.0001839376473
0.0001412701295
0.00014420238
0.0001302941359
0.000120737996
9.430986649e-05
8.537866657e-05
0.0002055632366
0.0001334734961
0.0001247006993
0.0001300216714
1.619466369e-05
1.813030872e-05
2.377140019e-05
0.0001157853102
0.0001178815974
1.556903617e-05
0.000132460201
0.0001396163465
0.0001164497226
1.026842141e-05
1.264852755e-05
1.404781768e-05
0.0001593177959
0.0001858181871
0.0002138310772
0.000227822427
6.729998464e-06
9.672962236e-06
8.566067876e-06
0.0001667006902
0.0001925037402
1.007914385e-05
1.063618619e-05
7.7185488e-05
0.0001110406578
3.13004627e-06
7.194474371e-06
7.645723267e-05
7.605847877e-05
7.641155474e-05
7.418877783e-05
8.068436358e-05
0.0006855235368
1.523224253e-06
2.660732036e-08
3.211484648e-06
6.53751429e-09
7.16067151e-05
6.311942399e-05
5.606998568e-05
5.446959295e-05
7.344626917e-09
3.145161818e-08
0.00055841099
2.948164858e-05
1.49146368e-05
1.113441098e-05
1.493263829e-05
8.324364929e-06
6.406351289e-06
7.016973804e-06
4.848043972e-05
3.875629363e-07
4.379522683e-07
3.463692231e-07
3.325892256e-08
1.623690023e-08
7.435472706e-08
5.590003161e-06
3.375029757e-06
1.232909337e-06
1.598221749e-06
7.1142018e-07
3.603149386e-07
6.366429911e-07
2.117200155e-07
1.761366177e-07
7.970303796e-07
1.779665135e-07
2.064102426e-07
2.814854853e-06
2.788262456e-07
4.548551664e-07
1.33350077e-05
7.882056301e-07
7.860417504e-05
7.441543414e-05
2.609048331e-06
2.391891913e-06
1.325177115e-06
2.177383543e-06
8.376685719e-07
1.55694312e-08
1.55304197e-08
3.369626949e-08
7.450074714e-09
9.308449792e-08
2.1440445e-07
2.633910901e-08
4.839796832e-07
1.12839672e-06
1.391827563e-07
2.385920781e-06
4.635984768e-06
9.695986377e-07
8.657157773e-06
1.541404485e-05
5.030876149e-06
2.734714362e-05
4.909767985e-05
2.188447134e-05
2.782357886e-06
2.478770542e-06
3.088694916e-06
2.371479333e-06
2.472149942e-06
2.609086229e-06
3.25306513e-06
6.806401652e-06
3.005257915e-06
1.46901377e-05
2.111654453e-05
7.592003257e-06
1.860501136e-05
1.290469784e-05
1.018293264e-05
2.325214076e-06
1.873102551e-06
3.609351272e-07
1.253064602e-06
2.644158826e-06
9.422355525e-07
4.62706255e-06
7.757862234e-06
3.587645544e-06
1.262216688e-05
1.9937708e-05
1.09895454e-05
3.049400601e-05
4.49422486e-05
2.96486025e-05
6.345105989e-05
8.427790529e-05
7.094209698e-05
0.0001010485849
0.0001015503903
0.0001184136308
7.405585071e-05
3.571097209e-05
5.679269745e-05
1.195346579e-10
3.210687723e-13
1.966206208e-11
4.462167188e-06
4.750492578e-06
2.627516737e-06
4.612983372e-06
4.484917435e-06
2.296705376e-06
7.454590748e-06
2.305701018e-05
4.421401745e-06
4.914707863e-05
5.975362316e-05
2.882660532e-05
4.600980534e-05
2.308060279e-05
3.008118517e-05
9.234755391e-06
7.081866501e-06
1.005016567e-05
1.24115151e-06
2.642745437e-06
1.384639185e-06
5.614763597e-06
9.67097399e-06
5.487474925e-06
1.46441854e-05
2.148930896e-05
1.378666978e-05
3.05815858e-05
4.202389527e-05
3.067117222e-05
5.541852174e-05
6.954924393e-05
5.877636287e-05
8.200208434e-05
8.886830797e-05
8.964335393e-05
8.528853044e-05
6.809938739e-05
8.41751166e-05
4.052854477e-05
1.492973392e-05
2.285035569e-05
1.033663344e-11
1.611215166e-13
2.558127688e-13
5.820956466e-13
9.055453124e-26
4.169768442e-24
1.930084569e-05
4.340893251e-05
7.936158859e-06
7.483261682e-05
0.000101849551
2.131532763e-05
0.000118109776
0.0001212105828
3.106088744e-05
0.000114407305
0.0001087143598
2.89158591e-05
0.0001167291235
0.0001233816563
7.144984008e-05
9.622652757e-05
5.321303682e-05
6.476495359e-05
2.259743725e-05
7.170787343e-06
1.252238678e-05
2.121669657e-06
4.138380426e-06
5.136975824e-06
4.329123305e-06
9.836127267e-06
5.390296587e-06
1.549683629e-05
2.212371402e-05
1.520572745e-05
3.008099926e-05
3.978589619e-05
3.038190848e-05
5.074725202e-05
6.213740009e-05
5.282675659e-05
7.254215325e-05
7.995672428e-05
7.660441265e-05
8.200009168e-05
7.650134022e-05
8.39398246e-05
6.264968551e-05
4.250417249e-05
5.415560762e-05
2.16382034e-05
6.802776889e-06
9.985307629e-06
7.895131916e-13
1.809698642e-13
1.190094427e-13
1.644715831e-12
5.95526464e-31
7.454236166e-28
2.388855543e-32
1.106882725e-32
3.284670682e-29
1.390253977e-18
1.881336215e-07
7.595713698e-08
6.520936565e-05
0.0001529191168
4.068744556e-05
0.000271993906
0.0004033334829
0.0001637383572
0.0005205946174
0.0005997246452
0.0002825949904
0.0006277319001
0.0006052891196
0.0003047150456
0.0005444751299
0.0004624644675
0.0002517348775
0.0003705942592
0.0002662595598
0.0001770282424
0.0001593165983
8.027040043e-05
5.132637971e-05
3.347108632e-05
8.761544354e-06
5.554521848e-06
6.583538223e-07
7.316542098e-08
4.532224292e-06
3.669238329e-06
1.668680668e-05
2.576690957e-05
6.004907461e-05
0.0001086588019
3.399013251e-05
6.252954627e-05
5.703226665e-05
4.886931407e-05
6.609463757e-05
7.370055747e-05
6.92773033e-05
7.778757494e-05
7.711721567e-05
7.993386723e-05
7.086671758e-05
5.927768296e-05
6.765540627e-05
4.433648736e-05
2.970995254e-05
3.284658527e-05
1.886789329e-05
3.401700497e-05
5.526068748e-06
3.406085003e-06
7.714673199e-07
1.110310943e-16
3.203043482e-06
3.794874146e-06
3.963936255e-12
5.077146109e-06
8.212278622e-06
4.490380972e-12
1.377544459e-05
2.416117836e-05
2.000149163e-05
2.575632436e-05
3.061459875e-05
3.093708245e-05
0.0004145637073
0.0007031435161
0.0003679314653
0.001021267791
0.001309240951
0.0007900364134
0.001512188247
0.001598524357
0.001058265272
0.001567127679
0.001442266682
0.001008560828
0.00126003743
0.00105455181
0.0007421831032
0.000850414264
0.0006622475259
0.0004267236864
0.0004976178744
0.0003596044862
0.0001813657065
0.0002462750602
0.0001471228875
3.909639579e-05
5.495145467e-05
2.220365605e-06
5.885344774e-07
4.987264231e-06
4.281039269e-05
1.989165644e-05
9.686257929e-05
8.415022579e-05
9.150118688e-05
7.534008745e-05
7.885577572e-05
6.385779404e-05
8.041231544e-05
8.233289572e-05
7.600836406e-05
8.731890479e-05
9.143613339e-05
7.623868148e-05
9.726203829e-05
0.0001129453123
6.386031215e-05
0.0001577108494
0.00020875065
5.413628486e-05
0.0001848787194
0.0002107619163
0.0001755908997
0.0002024428168
0.0001872355664
0.0001624735921
0.0002293077687
8.509072173e-05
1.149731271e-05
2.051917542e-05
2.144538793e-05
1.635895195e-05
2.519181298e-05
2.662619527e-05
2.679713571e-05
2.513756049e-05
2.425988406e-05
2.569092367e-05
0.0003506600645
0.0006889695581
0.0004050709781
0.00114246695
0.001640048627
0.001148662227
0.002083326216
0.002384455665
0.001882217281
0.002493275383
0.002411040474
0.002097631392
0.002188097066
0.001899674143
0.001780948431
0.001609745511
0.001353975857
0.00128975654
0.001140939437
0.0009648622574
0.000863366862
0.0008157842714
0.000684441039
0.0005369762886
0.0005636550087
0.0004484555814
0.0002839091276
0.0003380266525
0.000243834474
3.795550974e-05
0.0001090359937
2.622607624e-05
3.217245204e-05
4.06996143e-05
4.133865994e-05
6.723029615e-05
7.000330169e-05
0.000236532549
0.0001544143986
0.00037616011
0.0002006210053
0.0001229358848
0.0001561565941
0.0001459664114
0.000134589118
0.0001194369475
9.701283689e-05
0.000152990627
0.0001395755742
0.000179692746
0.000180008252
0.0001885958084
0.0002212430465
0.0002113498604
0.00020932372
0.0002072518073
0.0001920112579
0.0002481748717
0.0002098488833
0.0001394525132
0.00019442531
0.0001138593231
2.694802436e-05
4.479202669e-05
3.029874018e-05
2.382880807e-05
2.258454859e-05
1.788447421e-05
1.76664548e-05
2.126783846e-05
4.352526289e-05
3.861380712e-05
0.0001597637869
0.0003992883431
0.0002587532055
0.0007921664728
0.00131610367
0.001011387804
0.00188442872
0.002376741424
0.002079427947
0.002682695298
0.002734509309
0.002692950571
0.00253202877
0.002154410838
0.002432786047
0.001732000843
0.001376418092
0.001741902317
0.00111976573
0.0009500728062
0.001216301885
0.0008387188004
0.0007627031581
0.0009211707744
0.000707478255
0.0006645978463
0.00073463155
0.0006288796596
0.0005961992693
0.0005783881207
0.0005615805523
0.0005180412363
0.0003963896204
0.0004586642441
0.0003794309398
0.000131658732
0.0002770846134
0.000244791508
4.89152695e-05
0.0003596734952
0.0005226756089
0.0003930900274
0.0003862212127
0.0002571033936
0.0002125371037
0.0001818506027
0.0001150867594
0.0001182024719
6.86559838e-05
5.329596946e-05
8.438812833e-05
0.0001207627964
0.000128688492
0.0001597769005
0.0001339386332
0.0002208669703
0.0002057827831
0.0002092894223
0.0001249484158
0.0001728365828
7.084943013e-05
5.147411678e-05
0.0001517931421
5.055076573e-05
7.082312932e-05
0.0002392145909
0.0001087455565
0.0001397603772
0.0001729759143
0.0001419068968
0.0001217822186
8.911357937e-05
0.0001078725602
0.0001291470646
7.34932882e-05
0.0001502553021
6.564569258e-05
6.484056423e-05
0.0003143170013
0.0006627691995
0.0005410693277
0.001147371793
0.001681857299
0.001549794438
0.002140306836
0.0024063793
0.00248377419
0.002405644043
0.002134376784
0.002518396137
0.00168952361
0.00123830118
0.001694314106
0.0009003786846
0.0007028801094
0.0009798306728
0.0005935388105
0.0005348129531
0.0006934948554
0.0004966895425
0.0004669198735
0.0005847223098
0.000440420102
0.0004153471471
0.0005282949895
0.0003911802787
0.0003678465636
0.0004996897232
0.0003451802186
0.0003222912872
0.0005070664186
0.0002967158725
0.0002640531211
0.0005858110103
0.0002204723107
0.000168800373
0.0006698915442
0.0001176220554
6.868878315e-05
0.0005009700351
2.988968828e-05
8.688612188e-06
1.600999509e-05
3.81862313e-06
1.791181052e-06
4.469280402e-06
1.946815869e-06
2.942880588e-06
4.234879656e-06
8.720565153e-05
0.0001397630033
0.0001201583417
0.0002410942554
0.0003347353693
0.0002833828017
0.000199806217
4.979349833e-05
0.0001047075906
2.950391505e-06
2.775578033e-06
1.958864261e-05
3.395596654e-06
5.098904507e-06
1.698641407e-05
6.556341943e-06
8.633447849e-06
3.444585812e-05
1.385932482e-05
2.494580205e-05
7.150694694e-05
4.413764129e-05
7.968983489e-05
0.0001195685221
0.0001556913607
0.0001385147474
9.775641852e-05
0.0004220473591
0.0008041111087
0.0007509350216
0.001250847037
0.001646884484
0.001708869636
0.001886532224
0.001906580085
0.002192983537
0.001694849159
0.001314908208
0.001702694701
0.0009324721941
0.0006988516007
0.0009056800001
0.0005850263219
0.0005087721238
0.0005651462624
0.00046160907
0.0004401702326
0.0004653335819
0.0004226914698
0.0004045783421
0.0004173574024
0.0003838311093
0.0003596481954
0.0003666284616
0.0003318344698
0.00030063579
0.000306357021
0.0002667091436
0.0002310663961
0.0002367483115
0.000194903579
0.0001593763019
0.0001609551817
0.0001254663421
9.405783611e-05
8.904034772e-05
6.612659032e-05
4.283155758e-05
3.692161535e-05
2.50980921e-05
1.31215134e-05
1.029890503e-05
6.169375918e-06
2.632172238e-06
1.759618142e-06
1.358794909e-06
3.190943253e-06
3.016830906e-06
4.208721205e-05
0.0001427603342
0.0001385905158
0.0001789811584
0.0002103589312
0.0002492737291
0.0002132231358
0.0001415072947
0.0001227669098
0.0001003742934
6.85885036e-05
1.927880398e-05
3.569457612e-05
1.421389164e-05
5.139711343e-06
3.949953017e-06
1.828508794e-06
1.859472861e-06
2.182803999e-06
4.569155572e-06
6.943001325e-06
1.101068972e-05
2.518225921e-05
4.275427997e-05
6.864305502e-05
0.0001089153754
0.0001322251179
7.742700488e-05
0.0002176183204
0.0001985975634
0.0004788508396
0.0008182472178
0.0008254169045
0.001136000605
0.001339491531
0.001517689834
0.001388456581
0.001293396881
0.001597423383
0.001094451914
0.0008512618931
0.001024372668
0.0006484016252
0.0005422277688
0.0005832760715
0.0004943205548
0.0004532039963
0.0004803577294
0.0004257772065
0.0004143101089
0.0004273985265
0.0004057993485
0.0003965826097
0.0004014071117
0.0003844500486
0.000368178525
0.0003644776824
0.0003472690462
0.0003218600159
0.0003110720336
0.0002926994557
0.000261032441
0.0002451059838
0.0002282932778
0.0001956458317
0.0001761534996
0.0001636184319
0.0001321223616
0.0001113276162
0.0001010078376
7.09625584e-05
5.466971336e-05
4.408574088e-05
2.322736548e-05
1.687237644e-05
1.002767432e-05
3.885981913e-06
3.267206386e-06
2.200763007e-06
2.934580057e-06
3.335333378e-06
7.501533357e-06
0.0001014290455
0.000127550454
0.0001711970925
0.0002115766464
0.0002061503965
0.0002012691144
0.0002011802425
0.0001786805517
0.000220200829
9.013610027e-05
0.0001223286261
1.514955385e-05
1.968884229e-06
8.552402155e-06
6.720689283e-07
5.001179583e-07
1.050121352e-06
7.119615984e-07
1.870949764e-06
3.100752847e-06
5.239145063e-06
1.207899494e-05
1.748024277e-05
2.6984707e-05
5.389794765e-05
8.952307662e-05
6.37321568e-05
8.139968264e-05
2.591076925e-05
0.0001112522937
0.0002732352857
0.0002367605783
0.0005079315805
0.0007302086729
0.0007870369968
0.0008690933985
0.0009104495074
0.001129191359
0.0008817977929
0.0008165064614
0.001016277545
0.0007368182901
0.0006546836249
0.0007470181864
0.0005745712417
0.0004969545952
0.0005356473334
0.0004332586722
0.0004022751397
0.000424631842
0.0003861053441
0.0003792912
0.0003982565217
0.0003770767486
0.000375720731
0.0003880405194
0.000372495575
0.0003656137082
0.000368685805
0.0003540887148
0.0003376276394
0.0003309957228
0.0003165728338
0.0002918226662
0.0002770558361
0.0002646272948
0.0002362258862
0.0002162575446
0.0002074264924
0.0001783308775
0.0001551401773
0.0001484366118
0.0001171924895
9.217635559e-05
8.485124924e-05
5.320252251e-05
3.459840603e-05
2.584722549e-05
7.63954862e-06
4.667902852e-06
8.746175516e-07
4.930739514e-07
1.670166549e-06
1.012715781e-07
1.899829772e-05
6.594517149e-05
0.0001058144121
0.0001917804344
0.0002120434537
0.0002081707218
0.0002068631829
0.0002047274022
9.329017052e-05
3.240358472e-05
1.142610445e-05
3.638705423e-06
2.146613125e-07
3.457336337e-08
1.506085298e-07
2.492161344e-07
4.4953377e-08
6.981387985e-07
2.032347657e-06
7.921266059e-07
5.166926606e-06
1.160139771e-05
9.152942958e-06
3.003808717e-05
7.773437586e-05
7.531835163e-05
0.0002017970785
0.0002819787289
0.0002467683771
0.0002638258436
0.0003595667795
0.0003337587893
0.0004431208297
0.0004870569014
0.0006334511262
0.0005025427593
0.0005177209658
0.0006971972948
0.0005392745243
0.0005548230467
0.0006636985571
0.0005505717256
0.0005220741668
0.0005749332533
0.0004764027401
0.0004269044251
0.0004546067793
0.0003850579203
0.0003561896407
0.0003792796684
0.0003403362153
0.000334864169
0.0003579377169
0.0003361844946
0.0003407016292
0.0003598287367
0.0003453272126
0.0003477027029
0.000358657508
0.0003462109607
0.0003399052064
0.000340781592
0.000328446461
0.000312063573
0.0003037583043
0.0002914985099
0.0002678857938
0.0002536948182
0.0002425368442
0.00021663674
0.0001993216799
0.0001909196696
0.0001653572436
0.0001429553045
0.000138918996
0.0001096387435
7.941218646e-05
7.565231522e-05
3.788718564e-05
1.69184623e-05
3.228563208e-06
7.932306447e-08
4.08367892e-08
3.261419095e-08
4.336900093e-07
5.98927942e-07
5.30967928e-06
4.766980271e-05
7.560167028e-05
0.000122396028
0.0001742116981
0.0002112804781
0.00012203128
5.638210242e-05
6.613018071e-05
1.945508679e-05
7.100869501e-06
3.014202765e-06
4.299230061e-06
4.015156458e-06
1.521273464e-06
5.052051659e-06
7.039000044e-06
4.157808391e-06
9.438710565e-06
1.138440321e-05
1.115878862e-05
1.256292975e-05
1.926050905e-05
4.852043774e-05
6.188119876e-05
9.923267548e-05
0.0001875373366
0.0002206481287
0.0002058619452
0.0002921950459
0.0001959542071
0.0002093854516
0.0003284867601
0.0002483979731
0.0003034035781
0.0003897094903
0.0003599024864
0.0004044588513
0.0004726753355
0.000428202999
0.0004281599801
0.0004739528654
0.0004076766745
0.0003751527371
0.0004004698442
0.0003406917949
0.0003123463302
0.0003336541655
0.0002941994405
0.0002866654286
0.0003108294233
0.0002878476878
0.0002948485526
0.0003188301314
0.000304632016
0.0003144770633
0.0003328840193
0.0003221596821
0.0003260038599
0.0003349547178
0.0003248874117
0.0003182280351
0.0003168183623
0.0003059653396
0.0002885512237
0.0002792477312
0.0002669334047
0.000242496023
0.0002304844718
0.0002169286675
0.0001920139318
0.0001814979104
0.0001692968067
0.0001495421088
0.0001360137406
0.000131703839
0.0001108175342
7.898113493e-05
7.471166485e-05
5.630658746e-06
3.083023448e-07
9.029601427e-06
0.0001682418008
3.076163673e-06
0.000115251408
0.0001183218757
6.850450635e-05
9.995898308e-05
6.755831091e-05
0.0001258688663
3.072740719e-05
1.538835056e-05
3.140931089e-05
1.091434631e-05
9.424756373e-06
9.24515157e-06
9.276644659e-06
1.018300531e-05
7.178543798e-06
1.16416104e-05
1.280170826e-05
1.022741229e-05
1.277991344e-05
1.128389734e-05
1.164259811e-05
8.874816048e-06
6.62071709e-06
9.603793581e-06
6.193106927e-06
8.065620276e-06
3.303093542e-05
1.940299542e-05
3.097449681e-05
7.159037829e-05
5.545688234e-05
9.16360265e-05
0.0001315301163
0.0001375329169
0.0001893073884
0.0002401707707
0.0002414262535
0.0002877151921
0.0003433762328
0.0003224989986
0.0003414864464
0.0003839570654
0.0003427307358
0.000327880452
0.0003509699685
0.0003027405826
0.0002756322014
0.0002928528176
0.0002539192859
0.0002414397334
0.0002632452553
0.0002385712832
0.0002437293442
0.000269519787
0.0002545659563
0.0002685146103
0.0002928445821
0.0002830457415
0.000295883994
0.0003129912618
0.0003051881221
0.0003096094339
0.0003160261446
0.0003082489854
0.0003006211073
0.0002959280851
0.0002866756611
0.000266851885
0.0002544624873
0.0002421101251
0.0002138979903
0.0002012897528
0.0001840287146
0.0001544508302
0.0001522366615
0.0001268811253
0.0001022649327
0.000127455636
8.019739149e-05
5.915770615e-05
0.000165912935
3.90972315e-05
2.238940481e-05
4.834397651e-05
1.784928555e-05
1.683733413e-05
6.890445031e-05
2.591827436e-05
2.656519415e-05
3.476408938e-05
1.866392775e-05
1.173657481e-05
1.07309975e-05
7.950592282e-06
8.016492162e-06
8.716453817e-06
9.798024035e-06
1.164183825e-05
1.198532109e-05
1.246072549e-05
1.164990539e-05
1.354962062e-05
9.486820641e-06
6.957842544e-06
9.625196218e-06
4.924462681e-06
3.71209445e-06
4.901341229e-06
3.403274997e-06
4.158081509e-06
3.961690697e-06
1.0710934e-05
1.524189081e-05
1.925518756e-05
2.793751982e-05
4.873301439e-05
6.610659847e-05
7.754366721e-05
0.0001133624054
0.0001470091478
0.0001536087598
0.0001946981786
0.0002379196352
0.0002326326368
0.0002630522893
0.0003010827779
0.0002813877343
0.0002841848989
0.0003057081595
0.0002715851639
0.0002489024833
0.0002609637081
0.0002246253673
0.0002058430733
0.0002220663887
0.0001957519621
0.0001946720732
0.0002184492608
0.0002016485549
0.0002149631983
0.0002422435157
0.0002322323768
0.000250793646
0.0002749454997
0.0002682486007
0.0002827266615
0.0002985190391
0.0002928026855
0.0002973395198
0.0003014266853
0.0002954602757
0.0002866400168
0.0002783137431
0.0002708335804
0.0002485668413
0.0002307784101
0.0002209543026
0.0001896273896
0.0001683346538
0.0001565781746
0.0001239234888
0.0001053933618
9.36397955e-05
6.729995932e-05
5.50280093e-05
4.587910844e-05
2.967277389e-05
2.41109832e-05
1.837489303e-05
1.126020814e-05
1.110986495e-05
7.469226074e-06
8.443804645e-06
1.779703942e-05
1.339750496e-05
1.260931974e-05
1.286367875e-05
1.020041321e-05
8.562238192e-06
7.641733702e-06
8.113019211e-06
7.95968077e-06
9.353928365e-06
7.270263849e-06
6.002684592e-06
8.10886997e-06
4.662346972e-06
3.688697593e-06
4.582109488e-06
3.299418483e-06
3.748376492e-06
3.214263703e-06
5.609118463e-06
1.004442506e-05
5.934565757e-06
5.2246776e-05
4.316776505e-05
2.202222314e-05
3.987513149e-05
4.226796877e-05
3.924078867e-05
5.334403619e-05
7.292853571e-05
8.865463289e-05
9.854591815e-05
0.0001286474388
0.0001583262965
0.0001616815436
0.0001949587256
0.0002276179329
0.0002237672109
0.0002419672838
0.0002630130733
0.0002446122064
0.0002315545068
0.0002392490939
0.0002088157903
0.0001850098894
0.000193352422
0.0001662535725
0.0001553762308
0.0001733526619
0.0001537200354
0.0001613695978
0.0001876776945
0.0001766085114
0.0001964675199
0.0002242985721
0.0002179925787
0.0002389845876
0.0002626377793
0.0002578640579
0.0002732617677
0.0002879224544
0.0002838265284
0.0002882773758
0.0002902054521
0.0002855867915
0.0002751862408
0.0002638305317
0.0002571318733
0.0002321972888
0.0002114410585
0.0002018738872
0.0001682573419
0.0001452737141
0.000133800148
0.0001009739245
8.271513081e-05
7.190544175e-05
4.806035927e-05
3.765139994e-05
3.006839106e-05
1.774786713e-05
1.373151926e-05
1.032551605e-05
6.769664302e-06
6.031472347e-06
7.060147377e-06
1.565746034e-05
1.22032215e-05
2.091230867e-05
2.461069879e-05
1.293921792e-05
2.749354305e-05
2.978563576e-05
1.278083496e-05
3.148767898e-05
3.257000732e-05
1.084637598e-05
3.305813034e-05
3.319493015e-05
8.103323106e-06
3.372681782e-05
3.617971516e-05
8.619493446e-06
4.255501614e-05
5.43479199e-05
2.129588592e-05
0.0001145971872
0.0001000287296
7.206071584e-05
8.628121316e-05
7.560844442e-05
5.80732081e-05
6.897378344e-05
6.725680973e-05
6.62602764e-05
7.297828958e-05
8.733918777e-05
0.0001052093021
0.0001096992365
0.0001389548981
0.0001652841217
0.0001714814185
0.0002005493919
0.0002210243363
0.0002183117926
0.0002195732663
0.0002251949003
0.0002051281716
0.000181366321
0.0001810263601
0.0001554741033
0.0001326679953
0.0001415593252
0.0001179416297
0.0001151406474
0.0001369363543
0.0001240206233
0.0001409936106
0.0001683576038
0.0001621627116
0.0001849945642
0.0002127300816
0.0002080829402
0.0002303218483
0.0002538037694
0.0002504295976
0.0002668548638
0.0002804958715
0.0002779228375
0.0002820747515
0.0002815650783
0.0002781181651
0.0002654617093
0.0002506547995
0.0002443209788
0.0002158401657
0.0001921254055
0.0001820719571
0.000145765962
0.0001220581779
0.0001099734182
7.754631137e-05
6.120138792e-05
5.063882587e-05
3.036212479e-05
2.308700331e-05
1.672405658e-05
8.949270755e-06
7.92730467e-06
6.515519901e-06
2.192090434e-05
2.018284756e-05
3.770402713e-05
5.148431575e-05
4.040236973e-05
6.332399542e-05
7.418757727e-05
5.395227853e-05
8.508107427e-05
9.663475787e-05
6.517622295e-05
0.0001091500644
0.0001228858719
7.692405716e-05
0.0001382459637
0.0001554813296
9.413314481e-05
0.0001725285551
0.0001846884716
0.000117912563
0.0001131718272
9.643066862e-05
8.947093043e-05
8.204876373e-05
7.121288865e-05
7.027239565e-05
6.484178967e-05
6.53436144e-05
7.432682243e-05
7.683159182e-05
0.0001000899772
0.0001167022838
0.0001320851879
0.0001664321358
0.0001815945722
0.0001950984538
0.0002108076406
0.0002145050981
0.0002098001752
0.0001937229613
0.0001857403769
0.0001666094892
0.0001324705167
0.0001294275123
0.0001001388388
8.167820194e-05
9.657964111e-05
8.073713646e-05
9.198277132e-05
0.0001152899066
0.0001094074283
0.0001298110719
0.0001569678766
0.0001520812462
0.0001757338292
0.0002038752231
0.0002000944657
0.0002239916452
0.0002477497341
0.0002457718353
0.0002634838364
0.0002761120048
0.0002750928169
0.000278714125
0.000275236225
0.0002729189267
0.0002570833279
0.0002380391993
0.0002316938763
0.0001985031715
0.0001715676455
0.0001604369487
0.000121194408
9.749073237e-05
8.458481571e-05
5.375498912e-05
4.032570093e-05
3.052870582e-05
1.512402172e-05
1.08701611e-05
6.399686568e-06
2.709852895e-06
2.128454495e-06
7.400561361e-06
2.467885656e-05
4.692459189e-05
4.225224396e-05
5.899852936e-05
8.135548679e-05
7.288868686e-05
8.13269878e-05
0.0001165888771
8.368490812e-05
8.268509827e-05
0.0001497980099
8.264774498e-05
8.657886207e-05
0.0001818043687
0.0001086411834
9.216602538e-05
9.629627519e-05
7.833569468e-05
6.941252168e-05
6.997004447e-05
6.685391546e-05
7.20336447e-05
6.312355701e-05
8.592125127e-05
0.0001076275558
9.328122926e-05
0.0001368813489
0.0001685800902
0.0001595037866
0.0001978512222
0.0002192065449
0.0002109722776
0.0002269133119
0.0002200127314
0.0002050718245
0.0001984764122
0.0001580932851
0.000142142534
0.00010464413
6.366914889e-05
7.069049076e-05
4.987457846e-05
5.436107486e-05
7.158395647e-05
6.657396572e-05
8.202024745e-05
0.0001045563087
9.972208303e-05
0.0001198363199
0.000147270994
0.0001425552815
0.0001675690979
0.0001967713819
0.0001939010947
0.0002200219528
0.000244500986
0.0002439653639
0.0002633787637
0.0002749252274
0.0002756997545
0.0002785023909
0.0002711689206
0.0002699894879
0.0002495362981
0.0002251325889
0.0002181478772
0.0001786423281
0.0001484626591
0.0001353768005
9.345345956e-05
7.1257193e-05
5.754526011e-05
3.069160373e-05
2.151707882e-05
1.355906513e-05
4.580352302e-06
2.998835477e-06
1.092462177e-06
2.088576942e-06
1.404415384e-05
4.742138412e-06
6.875735155e-06
3.737981897e-05
8.506106729e-06
1.004149282e-05
3.470252344e-05
1.175567418e-05
1.347743939e-05
2.560286935e-05
1.471819882e-05
1.534276707e-05
1.990332832e-05
0.0001088545943
9.800753439e-05
9.044333954e-05
9.498540872e-05
0.0001038470504
7.771863359e-05
0.000126519402
0.0001597680598
0.0001028502456
0.0001971874208
0.000235600706
0.00015371135
0.0002372624868
0.0002483145514
0.0001992439608
0.0002566969923
0.000262340743
0.0002381619094
0.0002635828738
0.0002576337697
0.0002384843462
0.0002405484706
0.000200067714
0.0001786409029
0.0001281873961
5.985065918e-05
6.033705732e-05
3.109854545e-05
2.937864317e-05
4.034802136e-05
3.675744984e-05
4.696105859e-05
6.274343153e-05
5.876036947e-05
7.257405682e-05
9.462627107e-05
8.933672848e-05
0.0001097155387
0.0001380148365
0.0001336457743
0.0001605130568
0.0001914276126
0.0001892975514
0.0002183741593
0.000244227689
0.000245385364
0.0002672866946
0.0002775416643
0.0002806248331
0.0002820925761
0.0002693798081
0.0002693283411
0.000241824731
0.000210456059
0.0002016574364
0.0001536444036
0.0001208717902
0.0001046002395
6.163120232e-05
4.363796525e-05
2.992464952e-05
1.09932242e-05
7.094759803e-06
2.483658385e-06
1.904795999e-11
1.283564897e-08
3.210499175e-07
1.216062587e-06
2.210784578e-06
2.669313003e-06
4.594882447e-06
5.741734132e-06
6.936657652e-06
9.414486893e-06
9.489811633e-06
1.172234055e-05
1.41844868e-05
1.24570502e-05
0.0001548825358
0.000180506633
0.0001446888034
0.0002109769329
0.0002392055862
0.0002233725097
0.0002572950045
0.0002495936714
0.0003534934984
0.0002526616237
0.0002713640431
0.0002807340671
0.0002705494889
0.0002766258809
0.0002742710617
0.0002820781503
0.000280198725
0.0002714057106
0.0002639498983
0.0002228523106
0.0002166213858
0.000145345516
6.069648302e-05
6.064484443e-05
2.104967769e-05
1.513604299e-05
2.11270362e-05
1.893680011e-05
2.534099391e-05
3.460785837e-05
3.24530056e-05
4.000803195e-05
5.428118007e-05
4.932958707e-05
6.214262993e-05
8.407542996e-05
7.89369776e-05
9.978593414e-05
0.0001292991931
0.0001248108279
0.0001538121661
0.0001874749715
0.0001859272752
0.0002193296239
0.0002475776843
0.0002510035389
0.0002767517877
0.0002851918345
0.0002915855498
0.0002906560284
0.0002697973586
0.0002706943731
0.0002316845357
0.0001911719429
0.0001781297346
0.0001189842642
8.621382581e-05
6.547432728e-05
2.696876026e-05
1.716704494e-05
6.63725564e-06
5.391366326e-13
1.973360315e-13
5.614332528e-08
3.331444804e-07
5.61449982e-07
1.01095888e-06
2.190988943e-06
2.901370029e-06
3.97001817e-06
6.531382908e-06
7.571393982e-06
0.000257833127
0.0003188266619
0.0003677090832
0.0003482717497
0.0003054655503
0.0001413120574
0.00029811788
0.0003349528611
0.0004442357357
0.0003162397335
0.0002986254154
0.0003106686547
0.0002829229193
0.0002685191478
0.0002891766389
0.0002433033923
0.0001929106965
0.0002161177419
0.0001192707564
5.101590373e-05
5.815685221e-05
1.617841086e-05
7.582330185e-06
1.084117389e-05
8.571065298e-06
1.340530973e-05
1.855755285e-05
1.953807755e-05
2.330069682e-05
2.973686876e-05
2.5708838e-05
3.135217408e-05
4.451757601e-05
4.019557247e-05
5.222706511e-05
7.368986863e-05
6.81244229e-05
8.872006405e-05
0.0001200231453
0.0001147463104
0.0001465248466
0.0001846168476
0.0001834959656
0.0002236218111
0.0002559564312
0.0002628625074
0.0002949741889
0.000300299388
0.0003120607947
0.0003062443465
0.0002718018233
0.0002726274965
0.0002129634321
0.0001611904406
0.0001382523449
6.733002596e-05
4.257397612e-05
1.903803365e-05
4.489558495e-12
1.525968782e-12
2.492825333e-07
1.120117094e-06
6.786462464e-07
2.627536112e-06
4.541630266e-06
3.393156346e-06
0.0001675083244
0.0001696976281
0.0002432068503
0.0001679115513
0.000170422046
0.0003334184342
0.0001029985981
0.0001031219698
0.0001693698564
0.0001134842447
0.0001292411726
0.000195079153
0.0001475715038
0.0001612458961
0.0002117121911
0.0001541090898
0.0001160285481
0.0001436308803
6.234118024e-05
2.294545524e-05
3.286211263e-05
6.488313861e-06
2.393439889e-06
3.640897551e-06
2.816435041e-06
7.129163144e-06
9.064515104e-06
1.693887837e-05
2.039340156e-05
2.047322189e-05
1.670439546e-05
1.760157513e-05
2.246505789e-05
2.054890615e-05
2.510131371e-05
3.600655216e-05
3.181216535e-05
4.151404699e-05
6.207823754e-05
5.536764722e-05
7.486750215e-05
0.0001087331858
0.0001016717394
0.0001371319609
0.0001824978045
0.0001814914799
0.0002327589386
0.0002723497075
0.000285374801
0.0003292014502
0.0003279815836
0.0003498799593
0.0003321274097
0.000272051895
0.0002673763937
0.0001650817705
0.0001060572657
6.015508259e-05
4.881673864e-08
1.141153189e-08
4.47450732e-07
1.836509792e-06
2.497409349e-06
4.647376398e-06
8.05713807e-06
6.301553913e-06
7.417976338e-05
8.198425027e-05
9.146266625e-05
8.974553236e-05
9.349679606e-05
9.371259575e-05
9.191382418e-05
8.535885557e-05
9.676912919e-05
7.567192249e-05
6.691302118e-05
9.946170735e-05
6.618212838e-05
7.803636466e-05
0.0001149503818
8.555870175e-05
6.870521851e-05
5.648773243e-05
4.133965344e-05
2.166334929e-05
1.309817411e-05
1.324498527e-05
1.081794381e-05
1.943476584e-05
1.247531113e-05
1.732711496e-05
1.912953772e-05
2.013334559e-05
2.035977509e-05
1.683438264e-05
1.994199977e-05
1.930079969e-05
1.938895987e-05
1.929961509e-05
2.045988426e-05
2.760226714e-05
2.337887595e-05
2.905252055e-05
4.77820513e-05
3.912769119e-05
5.599199943e-05
9.315463923e-05
8.261194258e-05
0.0001223360707
0.0001801823667
0.0001778681465
0.0002490314963
0.0003034544089
0.0003292223575
0.0004002634195
0.0003810471214
0.0004282263095
0.0003687924647
0.0002513281889
0.000200105338
9.398365134e-09
3.556153072e-08
2.367210564e-08
5.112574891e-08
4.649132662e-07
6.789713803e-05
6.000560703e-05
6.935107012e-05
5.108326684e-05
4.143270677e-05
4.918938879e-05
3.274102634e-05
2.968605484e-05
4.722936704e-05
4.232199264e-05
6.340087804e-05
7.188203274e-05
6.529382968e-05
5.131140652e-05
3.567652754e-05
3.498269478e-05
2.261503423e-05
1.514753006e-05
1.441886965e-05
1.118259486e-05
1.519902731e-05
1.84537582e-05
2.455780344e-05
2.508585239e-05
3.072949804e-05
3.514247611e-05
2.604280548e-05
3.613504101e-05
3.265482331e-05
2.105580301e-05
2.601980379e-05
1.925467333e-05
1.913786508e-05
1.483398982e-05
1.450915213e-05
2.938746059e-05
1.871560932e-05
2.968346099e-05
6.918690559e-05
5.177879567e-05
9.156635913e-05
0.0001727225292
0.0001597004076
0.0002700846061
0.0003679401326
0.0004318949498
0.00062188089
0.0005083989644
4.591741449e-05
3.41338245e-05
3.63929887e-05
2.472491794e-05
1.775796524e-05
2.084629973e-05
1.278967116e-05
1.374956769e-05
3.938103719e-05
2.814550886e-05
4.29786821e-05
5.953660317e-05
4.260785079e-05
3.122688227e-05
3.201934071e-05
1.609036024e-05
4.197521018e-06
7.148172388e-06
7.518038154e-06
1.213475429e-05
1.898143677e-05
1.88585034e-05
2.809108579e-05
3.559620489e-05
3.978644377e-05
5.254632057e-05
4.92575168e-05
6.250490956e-05
6.310369088e-05
3.583877079e-05
4.744069242e-05
2.573497014e-05
1.129157043e-05
8.480015367e-06
2.71829104e-08
7.736376633e-06
1.368147415e-08
9.012989974e-11
2.862368596e-05
3.456930016e-11
6.11096405e-10
0.0001232633639
4.459787203e-06
3.48602361e-06
1.033219897e-05
2.785525509e-06
1.893531066e-06
1.037763585e-05
1.231483044e-06
1.1768381e-06
2.304003301e-06
1.542585466e-06
2.595223656e-06
6.384152584e-06
4.844985988e-06
9.023961485e-06
1.806990898e-05
1.660250415e-05
2.997833795e-05
4.421142059e-05
5.132889747e-05
7.796001012e-05
7.46473265e-05
7.514022909e-05
6.564309167e-05
5.312120089e-05
)
;

boundaryField
{
    dominio_ascii
    {
        type            zeroGradient;
    }
    wallFilmFaces_top
    {
        type            zeroGradient;
    }
    region0_to_wallFilmRegion_wallFilmFaces
    {
        type            zeroGradient;
    }
}


// ************************************************************************* //
