/*--------------------------------*- C++ -*----------------------------------*\
| =========                 |                                                 |
| \\      /  F ield         | OpenFOAM: The Open Source CFD Toolbox           |
|  \\    /   O peration     | Version:  2.1.x                                 |
|   \\  /    A nd           | Web:      www.OpenFOAM.org                      |
|    \\/     M anipulation  |                                                 |
\*---------------------------------------------------------------------------*/
FoamFile
{
    version     2.0;
    format      ascii;
    class       surfaceScalarField;
    location    "0.9";
    object      phi;
}
// * * * * * * * * * * * * * * * * * * * * * * * * * * * * * * * * * * * * * //

dimensions      [1 1 -1 0 0 0 0];

internalField   nonuniform List<scalar> 
5536
(
7.101869251e-14
-8.994055107e-14
-4.797623481e-14
1.134341966e-15
-6.941778213e-21
-3.039395159e-15
8.668608858e-15
-6.080453327e-21
-2.730576654e-14
1.289598677e-13
-1.166611602e-19
-1.585292274e-12
-5.914325272e-13
-9.22172017e-13
-8.522047735e-11
-1.198263419e-10
1.177155667e-10
-8.279995392e-11
-1.055677586e-10
6.636587041e-11
7.139064157e-11
-7.899734601e-11
-4.809251828e-11
2.500846311e-11
2.288217088e-11
-8.034929168e-11
-8.384421359e-13
9.007930364e-14
1.408102799e-13
1.149512766e-13
-3.434030117e-13
-1.238967863e-21
8.262018439e-13
1.075080314e-12
-1.884875757e-12
-2.688096972e-21
4.2066537e-12
4.413278168e-12
-8.575896966e-12
-3.859911528e-20
1.779872797e-11
2.404258629e-11
-4.178589256e-11
-1.348592319e-13
1.436564389e-10
3.065423184e-10
-4.536213781e-10
-1.378736321e-11
1.292786059e-09
2.090987442e-09
-3.380021581e-09
3.045193383e-11
1.281782544e-08
-2.150364975e-08
8.584547744e-09
2.300676047e-08
3.797040258e-08
-2.359905308e-08
-8.883592111e-11
-1.93276014e-10
7.887529469e-11
2.027199288e-10
-7.375655324e-11
-1.441898569e-10
7.450882858e-11
1.281034212e-10
-7.046808611e-11
-1.208089048e-10
7.909090301e-11
1.231481632e-10
-1.123594084e-10
-1.36629827e-10
1.483621022e-10
2.019356714e-10
-1.402767283e-09
-4.077873177e-10
6.258020368e-10
6.327981397e-10
-2.357964378e-09
-5.954267136e-10
-1.267324968e-12
5.18064315e-11
-2.089085469e-11
-1.355446309e-11
-5.793172945e-12
1.484271805e-11
1.887403964e-11
-2.764094761e-11
-2.413761759e-11
5.736612934e-11
1.131525061e-10
-1.470634271e-10
-2.060212723e-10
3.860575059e-10
7.458344784e-10
-9.314812736e-10
-1.36710931e-09
2.018130879e-09
3.28315929e-09
-3.951236673e-09
-6.020137747e-09
7.081087937e-09
1.048549014e-08
-1.159224341e-08
-2.131796549e-08
1.688271232e-08
2.473333835e-08
-2.040274752e-08
-3.223975079e-08
1.672028536e-08
2.507483399e-08
-9.669034619e-09
1.562196841e-14
3.67187241e-15
-1.005023626e-14
2.510855648e-15
-2.723441786e-17
-5.673479448e-27
1.496866744e-17
2.488079084e-10
-1.222861772e-10
-2.639582642e-10
7.773176926e-11
1.704421101e-10
-1.684162835e-10
-1.447065491e-10
6.73908387e-11
1.344486195e-10
-2.143239591e-10
-1.352310666e-10
8.247652488e-11
1.545661367e-10
-4.765604323e-10
-3.202595507e-10
1.35164775e-09
1.964773161e-09
-1.379073686e-08
-7.838407079e-09
9.376030621e-09
1.252949534e-08
-2.119467396e-08
-9.381652978e-09
3.017549985e-09
3.141124948e-09
-1.896239031e-09
-9.338378225e-10
4.45462548e-11
7.746479666e-11
-4.236586293e-11
-7.224441879e-11
-5.316060037e-11
1.120401347e-10
1.538522354e-10
-2.159288305e-10
-3.760468932e-10
4.8935502e-10
9.108546178e-10
-1.029391126e-09
-1.762633476e-09
1.978762798e-09
3.255388933e-09
-3.487739546e-09
-5.827754764e-09
5.661773331e-09
8.601207371e-09
-8.47100295e-09
-1.436222126e-08
1.162050319e-08
1.705448516e-08
-1.438045282e-08
-2.482134169e-08
1.552010392e-08
2.292563586e-08
-1.372134943e-08
-1.850417875e-08
8.844285678e-09
1.315536567e-08
-3.561268639e-09
3.554269508e-15
-1.237552518e-15
-8.556167467e-16
-1.009756028e-17
3.890413782e-17
1.676227087e-17
-5.568020517e-17
-1.417199238e-28
1.91129386e-28
-1.506329091e-30
1.330721426e-28
-3.094764668e-29
-1.110734665e-28
-1.63129001e-23
1.037335138e-10
3.86797016e-10
-1.594340286e-09
-5.662297209e-10
1.17558994e-09
1.684751612e-09
-1.736177493e-08
-4.121985278e-09
4.298058479e-09
6.798485072e-09
-3.693452491e-08
-8.270373354e-09
4.882896636e-09
8.160381124e-09
-3.63170341e-08
-8.139411255e-09
7.931130556e-09
1.418692216e-08
-3.919004694e-08
-3.50942791e-08
3.99387462e-08
5.673619303e-08
-5.556442447e-08
-5.202118365e-08
2.234405859e-08
2.921877757e-08
-1.663612884e-08
-9.85869611e-09
8.311831154e-10
1.736866778e-09
-3.791192988e-10
-5.109496459e-10
-2.364804714e-12
1.429394246e-10
9.285002786e-11
-2.500437784e-10
-4.121250615e-10
5.085786578e-10
8.964792618e-10
-9.947293256e-10
-1.770607097e-09
1.787468244e-09
2.952185141e-09
-2.979279218e-09
-5.10710282e-09
4.618492423e-09
7.127285938e-09
-6.667278643e-09
-1.119788282e-08
8.949154551e-09
1.330973475e-08
-1.11092851e-08
-1.841408757e-08
1.261478523e-08
1.85684991e-08
-1.283849931e-08
-2.001631727e-08
1.130871129e-08
1.674921788e-08
-8.11461627e-09
-9.071754698e-09
4.248015595e-09
6.082293631e-09
-1.293547241e-09
1.769063681e-16
6.526694185e-17
-6.162392985e-17
-4.461262586e-17
8.105229346e-17
4.114771834e-17
-1.208902863e-16
-3.358962431e-32
8.106215957e-33
-4.908064667e-33
-2.487006928e-36
6.652990844e-33
2.855605326e-23
-5.875208962e-33
-5.368229393e-23
3.047809026e-23
-2.987877052e-11
-1.249236751e-11
4.771735137e-10
1.039823938e-09
-1.045895105e-08
-6.273115798e-09
2.079195078e-08
2.475123628e-08
-9.354855168e-08
-5.446766904e-08
8.269219652e-08
8.564480256e-08
-2.186973189e-07
-1.104973447e-07
1.229288626e-07
1.238577508e-07
-2.831097611e-07
-1.244144417e-07
1.123208839e-07
1.156106459e-07
-2.462162607e-07
-1.056847997e-07
9.045687506e-08
1.037363748e-07
-1.646392931e-07
-1.031298945e-07
6.270749295e-08
8.102597865e-08
-8.131502072e-08
-4.470511911e-08
1.302510265e-08
1.771706303e-08
-1.623851309e-08
-4.593103086e-09
2.612531956e-10
7.714227757e-10
-1.508718801e-10
-5.742083716e-10
-2.824873336e-10
1.008214978e-09
3.818547448e-10
-1.561355051e-09
-1.604659633e-09
2.20201973e-09
1.80257783e-09
-2.909569182e-09
-4.393535668e-09
3.885267442e-09
5.964608621e-09
-5.46981687e-09
-9.105572932e-09
7.233632086e-09
1.085073961e-08
-9.005964488e-09
-1.476143716e-08
1.046776787e-08
1.549956612e-08
-1.124989061e-08
-1.777530709e-08
1.102071078e-08
1.632180517e-08
-9.614853174e-09
-1.354038712e-08
7.190334332e-09
1.063094189e-08
-4.326638966e-09
-3.974660415e-09
1.889899699e-09
2.429209415e-09
-5.091496976e-10
-1.09012385e-17
-8.032390845e-17
2.124381176e-17
-5.312279023e-21
2.125163577e-16
-5.293940149e-21
7.117907466e-17
-2.741077808e-16
-1.210775233e-36
4.243686414e-16
3.115511462e-16
-6.951507528e-16
-2.137620333e-22
7.210687468e-16
4.569491377e-15
-3.771578973e-15
-6.511199214e-13
2.067033667e-09
1.970821763e-09
-4.036455093e-09
7.162594828e-09
7.779648832e-09
1.097153042e-09
-1.091103943e-08
-1.814673283e-08
6.545723752e-08
5.858069036e-08
-1.554533751e-07
-1.411218429e-07
2.358365449e-07
2.394597035e-07
-4.584785293e-07
-3.442404779e-07
4.455328561e-07
4.338294092e-07
-7.568345616e-07
-4.899905415e-07
5.276178007e-07
5.042895794e-07
-8.317418426e-07
-4.790915897e-07
4.421826975e-07
4.24024104e-07
-6.779067381e-07
-3.514238236e-07
2.799529377e-07
2.722215055e-07
-4.436818109e-07
-1.949308612e-07
1.33742327e-07
1.276678757e-07
-2.377539855e-07
-7.669615445e-08
3.678916653e-08
4.067544255e-08
-9.267834582e-08
-1.513200726e-08
1.427576558e-10
4.245385129e-10
-2.042368853e-09
-5.588149925e-11
-6.174979064e-11
-7.068199705e-12
2.685952937e-10
3.231242963e-10
-2.156341995e-09
-1.738907948e-09
4.847919216e-09
1.835013243e-09
-1.000204461e-08
4.257811846e-09
1.108487542e-08
-7.385424708e-09
-1.225106149e-08
8.766582364e-09
1.320534246e-08
-9.746890327e-09
-1.555966282e-08
1.022460116e-08
1.516889691e-08
-1.003832325e-08
-1.448023224e-08
9.209443615e-09
1.254768867e-08
-7.856757437e-09
-8.016608169e-09
6.127034258e-09
5.021577539e-09
-4.495023359e-09
-5.934987152e-10
3.747907735e-09
-1.277355598e-08
3.307572706e-09
-1.08803033e-11
-7.872367154e-09
-1.249633556e-08
1.078482761e-08
5.660047256e-10
-1.015591441e-08
-1.192422781e-08
-6.100535241e-11
-3.317192273e-10
8.648804436e-10
8.656214251e-10
-1.359848001e-09
-1.256917818e-09
2.028946674e-09
1.953851509e-09
-2.740984885e-09
-2.8102264e-09
2.948759478e-09
2.702867791e-09
-2.958547256e-09
-3.473454725e-09
1.24022395e-09
-1.239541111e-11
2.063294801e-09
-5.839983764e-09
-1.157863525e-08
5.51754088e-08
5.914238691e-08
-1.225513395e-07
-1.555502525e-07
3.047762774e-07
3.122262773e-07
-4.985143945e-07
-5.176298358e-07
7.473447638e-07
7.378345139e-07
-1.054609321e-06
-9.295023698e-07
1.104901453e-06
1.056735987e-06
-1.411279865e-06
-1.102057449e-06
1.130447001e-06
1.069347779e-06
-1.338940207e-06
-9.783773939e-07
8.940233344e-07
8.545073654e-07
-1.021620319e-06
-7.196133942e-07
6.035785693e-07
5.877294045e-07
-7.116150158e-07
-4.661955964e-07
3.59265534e-07
3.579482726e-07
-4.684521033e-07
-2.638597437e-07
1.761382058e-07
1.839472721e-07
-2.745015094e-07
-1.17466977e-07
4.657707606e-08
6.216881639e-08
-1.222662076e-07
-1.063334478e-08
-2.591650098e-10
2.057357423e-09
-1.297589978e-08
3.192195143e-10
-1.102966606e-08
-1.449991262e-09
9.943461742e-09
-6.163732506e-10
-1.22373095e-08
1.198144359e-09
1.033827192e-08
1.328520562e-09
-1.338828863e-08
9.951735465e-10
2.624563476e-08
-1.107341898e-08
-1.489602391e-08
1.45784556e-08
1.611303846e-08
-1.539843237e-08
-1.151287016e-08
1.459552196e-08
1.084330031e-08
-1.134630541e-08
2.477468074e-09
1.560403208e-09
-5.711636894e-09
6.187195166e-09
1.104651523e-08
-7.70874067e-09
-9.416464749e-09
8.534442316e-09
9.038781192e-09
-1.028029489e-08
-7.907310765e-09
9.570840024e-09
6.310463947e-09
-9.332338857e-09
-6.34527934e-09
7.607849572e-09
-1.534754124e-09
1.0765103e-09
-1.591025586e-09
-2.271079591e-09
-2.244474624e-09
2.249083026e-09
1.821258261e-09
-2.126823552e-09
-2.228747542e-09
1.802611164e-09
1.570035123e-09
-1.438344235e-09
-2.103933524e-10
1.292710643e-09
-3.321216335e-10
-1.940638238e-09
3.442160998e-09
-2.548334904e-09
-3.627316037e-09
3.200288895e-09
1.733257232e-08
1.901602325e-08
-4.501468053e-08
-8.944248764e-08
2.109354388e-07
2.249290031e-07
-3.071079559e-07
-4.409007995e-07
7.048274936e-07
7.233783566e-07
-8.808733913e-07
-1.026733939e-06
1.314358374e-06
1.291120109e-06
-1.471232638e-06
-1.465489459e-06
1.59762974e-06
1.521738003e-06
-1.619768992e-06
-1.463033413e-06
1.389221949e-06
1.323845576e-06
-1.268647079e-06
-1.153607163e-06
1.015754559e-06
9.887007015e-07
-8.905102844e-07
-8.465892292e-07
7.318184032e-07
7.282201541e-07
-6.697551893e-07
-6.276927665e-07
5.292148483e-07
5.386273191e-07
-5.260540302e-07
-4.563635531e-07
3.602469358e-07
3.782045235e-07
-4.015062014e-07
-3.030236485e-07
2.078197441e-07
2.303427168e-07
-2.770822262e-07
-1.584888301e-07
7.071168636e-08
8.602601843e-08
-1.510416203e-07
-3.280769631e-08
-4.824731087e-09
8.706834113e-10
1.992942024e-10
3.302777585e-09
-8.436710094e-09
-7.853831163e-09
1.410510792e-08
1.725419934e-08
-5.083244437e-08
-1.748508384e-08
5.639773404e-08
-1.0440993e-08
-1.503584971e-08
1.328534853e-08
1.066055468e-08
-8.661133132e-09
-5.35973059e-09
2.626666826e-09
1.890682958e-09
1.637553471e-09
5.91323466e-09
-2.623189e-09
-9.227169415e-09
3.384814617e-09
7.598648314e-09
-4.074954878e-09
-5.475173409e-09
4.658482095e-09
7.633510005e-09
-5.765405026e-09
-8.100452301e-09
5.528264607e-09
9.054034393e-09
-8.981637384e-09
-5.216440859e-09
1.527443635e-08
2.023008808e-08
-1.841142451e-08
-8.208520626e-09
2.247340632e-08
6.645076141e-09
-3.015730815e-08
-1.520597494e-08
2.671509142e-08
8.609781841e-10
-1.643262316e-08
-1.511638304e-08
9.917668887e-09
3.206967203e-09
-7.019597761e-09
-8.855643633e-09
3.887989807e-09
3.404240931e-09
-9.682393972e-11
-6.554680389e-09
-2.389552381e-09
-5.45193205e-09
4.140805097e-09
-4.099473049e-09
-1.512349716e-08
7.852438979e-08
7.210126215e-08
-9.655371534e-08
-2.0955039e-07
3.928924837e-07
4.257292114e-07
-4.529779698e-07
-7.132436773e-07
9.925150887e-07
1.023062006e-06
-1.027349167e-06
-1.291052673e-06
1.50216069e-06
1.460220582e-06
-1.421448401e-06
-1.494150893e-06
1.489972617e-06
1.389712896e-06
-1.271360909e-06
-1.190642417e-06
1.042310868e-06
9.750693151e-07
-8.213038205e-07
-8.080097311e-07
7.239363463e-07
6.918596759e-07
-5.994959854e-07
-6.153408288e-07
5.774993531e-07
5.612271678e-07
-5.119882223e-07
-5.181808025e-07
4.81536064e-07
4.800845015e-07
-4.41812919e-07
-4.43996517e-07
3.92452952e-07
4.087023237e-07
-3.63377896e-07
-3.737929324e-07
3.036732885e-07
3.392351988e-07
-2.757410484e-07
-3.052328499e-07
2.164370295e-07
2.720173941e-07
-1.811145286e-07
-2.393650655e-07
1.041809477e-07
2.025043995e-07
-8.790024232e-08
-1.355293015e-07
-1.903814714e-08
7.025556697e-08
-2.376490938e-08
-3.34343216e-08
-3.177475756e-08
1.390430758e-08
-3.633506131e-09
-1.434994149e-09
7.353180264e-11
3.359174374e-10
-4.468125299e-10
1.04432496e-10
1.413004419e-10
-1.987671404e-10
-2.027675786e-10
1.880277945e-10
1.333678966e-08
-1.112154771e-10
-1.453167922e-08
2.858139108e-10
6.356081046e-09
-6.168422784e-10
-9.602034161e-09
-2.876039136e-09
1.025594269e-08
5.689211987e-09
-6.897162244e-09
-9.566145799e-10
2.214290851e-09
-3.779268368e-09
-2.109627503e-10
3.540508296e-09
2.707139831e-09
-3.419261695e-09
-5.258188354e-10
3.758895217e-09
4.106963217e-09
-4.882527048e-09
-1.117986145e-09
7.05883446e-09
7.938516685e-09
-1.04205986e-08
-2.198767266e-09
1.331327208e-08
8.080971274e-09
-1.26588896e-08
-4.468059536e-09
1.024101156e-08
1.119395413e-08
-9.975361267e-09
-9.081726593e-09
8.017897197e-09
1.000262114e-08
-9.077230337e-09
4.203871735e-09
-2.523998187e-09
5.21055651e-09
-5.713014575e-09
-3.876971731e-08
1.290985742e-07
1.147815663e-07
-1.244610287e-07
-2.942796481e-07
4.808665898e-07
5.271821602e-07
-4.773863065e-07
-7.863604914e-07
9.928415348e-07
1.014195324e-06
-9.079320547e-07
-1.16151528e-06
1.268729355e-06
1.195481954e-06
-1.082944176e-06
-1.102572546e-06
1.034491846e-06
9.154125446e-07
-8.177396211e-07
-7.250113345e-07
6.762951433e-07
5.952737399e-07
-6.000489826e-07
-5.274938581e-07
5.381143702e-07
4.873819919e-07
-5.1339005e-07
-4.642168904e-07
4.871206795e-07
4.445748626e-07
-4.844077977e-07
-4.235227003e-07
4.321887067e-07
3.990320992e-07
-4.426846874e-07
-3.70438898e-07
3.587828982e-07
3.377435048e-07
-3.771351219e-07
-3.012699382e-07
2.693053672e-07
2.616266949e-07
-2.911905725e-07
-2.196998405e-07
1.731770913e-07
1.767967038e-07
-1.965320982e-07
-1.347515241e-07
8.766630113e-08
9.591939456e-08
-1.088242598e-07
-6.278020353e-08
3.114522884e-08
3.721453398e-08
-4.334616564e-08
-1.951859113e-08
6.926939379e-09
8.797695539e-09
-1.021350327e-08
-3.250477588e-09
7.219229318e-10
9.372134704e-10
-1.116094057e-09
-9.322301652e-11
1.81809137e-10
-1.047343357e-10
-1.327581742e-10
1.275340932e-10
1.183375043e-08
-1.084801356e-10
-7.535338762e-09
8.365979354e-11
6.196314461e-09
-4.272884431e-10
-5.116829828e-09
-1.542750393e-09
2.161653952e-10
9.793739289e-10
3.690239774e-09
2.093325075e-09
4.172847992e-10
-4.328212023e-09
3.477442151e-09
2.611129554e-09
-1.671234202e-11
-1.458090549e-09
1.512972614e-09
7.86240804e-10
3.26607625e-10
-4.283522602e-10
-3.095441574e-10
2.538452393e-10
3.379611727e-10
-1.875833258e-10
-1.850937705e-10
3.161365483e-10
1.680926128e-09
-8.87698632e-10
-8.747505129e-10
2.469714172e-09
5.617581856e-09
-5.597125263e-09
-4.166010292e-09
1.174454864e-08
7.74655249e-09
-5.223326516e-09
1.033162304e-08
-1.368235139e-08
8.589768593e-09
1.096003429e-08
-8.879059875e-09
-5.172632023e-08
1.269501704e-07
1.496652243e-07
-1.236786331e-07
-3.066335641e-07
4.488340841e-07
4.949525516e-07
-4.024856214e-07
-6.686571217e-07
7.910915429e-07
7.919245091e-07
-6.55832938e-07
-8.490685002e-07
8.902973184e-07
8.302677926e-07
-7.085382598e-07
-7.260266336e-07
6.459598823e-07
5.80269266e-07
-5.490081439e-07
-4.90008042e-07
5.539074638e-07
4.667584753e-07
-5.1106887e-07
-4.527690484e-07
4.991932222e-07
4.426894846e-07
-4.832604439e-07
-4.393397177e-07
4.85434238e-07
4.345909063e-07
-4.818076396e-07
-4.258560404e-07
4.566438716e-07
4.116396903e-07
-4.66002704e-07
-3.911284898e-07
4.006937326e-07
3.641211645e-07
-4.214085063e-07
-3.310203065e-07
3.194427105e-07
2.929541562e-07
-3.475665115e-07
-2.517015318e-07
2.252013162e-07
2.093448716e-07
-2.563022971e-07
-1.678558911e-07
1.3392104e-07
1.288026808e-07
-1.634951319e-07
-9.331547004e-08
5.951579747e-08
6.243199239e-08
-8.127235109e-08
-3.733260172e-08
1.54242161e-08
1.908865645e-08
-2.425589244e-08
-7.920831117e-09
1.622353812e-09
2.573712156e-09
-2.502808188e-09
-6.583203651e-10
1.209636281e-10
6.817637225e-11
-1.714714785e-10
7.410868633e-11
3.614424612e-09
-9.274700423e-11
-1.232864868e-09
-5.711682478e-10
3.078011642e-09
1.584741525e-10
-1.767234365e-09
-1.218492698e-09
-4.785998997e-09
1.667895097e-09
4.81795945e-09
-8.463899012e-10
-9.219617939e-09
-2.72468005e-09
1.332785462e-08
1.029151684e-08
-4.617412773e-09
-7.639039046e-09
3.407543074e-09
2.751681378e-09
1.512056049e-10
-7.087141362e-10
-5.959734011e-11
2.058513133e-10
1.067290573e-10
-1.242884004e-10
-4.841886133e-11
1.673487005e-10
5.234214138e-10
-3.93562083e-10
-2.785019995e-10
1.071844927e-09
3.164512055e-09
-2.538587186e-09
-1.379990747e-09
6.404206034e-09
3.025212364e-09
-9.642063285e-09
-2.158352263e-09
6.339836212e-09
1.136273315e-09
-1.966128181e-10
-3.712244736e-09
1.319317812e-08
8.109953515e-09
-7.498569462e-09
-5.393205055e-08
1.161722535e-07
1.43712866e-07
-1.058721718e-07
-2.649179838e-07
3.444479958e-07
3.813097089e-07
-2.802294519e-07
-4.643076172e-07
5.173676732e-07
5.055635261e-07
-4.000323152e-07
-5.116292459e-07
5.530795687e-07
4.971911058e-07
-4.510889122e-07
-4.773691851e-07
5.080229066e-07
4.568302768e-07
-4.54870501e-07
-4.293922365e-07
4.685689416e-07
4.027718687e-07
-4.343438518e-07
-4.013905745e-07
4.625135432e-07
4.055864732e-07
-4.370798654e-07
-4.122470962e-07
4.717118463e-07
4.183209485e-07
-4.552650395e-07
-4.212341484e-07
4.691395617e-07
4.189431892e-07
-4.657218356e-07
-4.100363808e-07
4.37902699e-07
3.937548904e-07
-4.493853415e-07
-3.701079381e-07
3.747629584e-07
3.398720403e-07
-3.996644273e-07
-3.045423561e-07
2.894743322e-07
2.660861579e-07
-3.230871827e-07
-2.264300217e-07
1.972366385e-07
1.869019967e-07
-2.33523407e-07
-1.482144542e-07
1.091284924e-07
1.108610856e-07
-1.423287349e-07
-7.591852031e-08
3.886639867e-08
4.553232398e-08
-6.104181005e-08
-2.232791773e-08
4.733391748e-09
7.884161956e-09
-1.051180609e-08
-1.649271498e-09
1.741537088e-10
3.765073309e-10
-8.786387031e-11
-1.073031733e-10
2.739488039e-10
4.832153921e-12
-1.581185863e-11
1.639697777e-12
3.333634896e-10
8.743262269e-10
2.010483846e-09
-1.778813361e-09
-4.118573381e-09
2.121481209e-09
4.617739775e-09
-7.654502013e-10
-9.603065918e-09
6.690004542e-11
2.827575836e-09
-4.564805173e-10
-2.898316055e-10
4.526229949e-11
4.112511416e-12
7.583815369e-12
3.36904339e-12
-7.740206693e-12
-3.845280885e-13
7.490237139e-12
7.638413819e-12
-8.769702688e-12
1.723945257e-14
2.034298555e-11
1.189044333e-10
-1.03396454e-10
-3.621099457e-11
4.219548977e-10
9.894268164e-10
-1.24832599e-09
-6.278287676e-10
3.188021983e-09
2.122085043e-09
-6.588895502e-09
8.5582552e-10
1.301497444e-08
-5.219490254e-09
1.612855792e-08
-1.869887612e-08
-5.179010129e-10
1.431520799e-09
-1.093991856e-08
2.848902868e-08
8.845270364e-09
-9.295776678e-09
-6.936854183e-08
9.164688185e-08
1.305139361e-07
-7.131634995e-08
-1.922128469e-07
2.139684353e-07
2.387465691e-07
-1.52685733e-07
-2.708026667e-07
3.022812307e-07
2.952914256e-07
-2.27159953e-07
-3.148574321e-07
3.685509575e-07
3.285108292e-07
-3.021770286e-07
-3.353000405e-07
3.974386065e-07
3.365860127e-07
-3.472094409e-07
-3.358405834e-07
3.980529892e-07
3.368332219e-07
-3.604673533e-07
-3.423748395e-07
4.076354266e-07
3.524084926e-07
-3.751900849e-07
-3.656718963e-07
4.330088237e-07
3.801042091e-07
-4.057191605e-07
-3.933180052e-07
4.555972651e-07
4.029997975e-07
-4.38833078e-07
-4.072154711e-07
4.547688505e-07
4.045746046e-07
-4.532055572e-07
-3.943315156e-07
4.202427055e-07
3.764490907e-07
-4.348924352e-07
-3.516303027e-07
3.546174663e-07
3.212330642e-07
-3.820226616e-07
-2.869112334e-07
2.698306427e-07
2.502762341e-07
-3.039812225e-07
-2.125513098e-07
1.786283517e-07
1.744240266e-07
-2.149478219e-07
-1.362579535e-07
9.089847934e-08
9.859988932e-08
-1.258100106e-07
-6.284609209e-08
2.319824031e-08
3.18879661e-08
-4.565910727e-08
-9.980260858e-09
1.529622075e-11
5.303778432e-11
1.907652289e-12
-7.516362465e-12
-7.346763332e-12
1.543714665e-12
1.395221238e-11
2.257149055e-12
-1.942119689e-09
-5.822155348e-11
9.239609479e-10
5.776236202e-10
-4.981114981e-09
-3.59408512e-09
6.410607268e-09
6.840965078e-09
-1.920524546e-09
-8.48188609e-09
5.826819824e-09
3.911267393e-09
-1.248655827e-10
-5.282659037e-10
5.494911901e-10
1.542496311e-10
-1.507292179e-11
-1.056472166e-10
1.284460835e-10
9.007970909e-11
-4.166045455e-11
-1.088049775e-10
1.677725045e-10
1.8860595e-10
-1.222365248e-10
-3.736422386e-10
3.035813348e-10
7.12051171e-10
3.162944283e-11
-1.260176259e-09
2.924710837e-10
2.238976244e-09
-4.340001705e-09
-4.011022306e-09
3.548009492e-09
8.392379227e-09
-7.083267258e-09
4.17594916e-09
8.522161827e-09
-1.009957167e-08
-1.47178284e-09
1.454957129e-09
-3.871300284e-08
5.043945139e-08
8.377633855e-09
-6.180287803e-09
-6.621090857e-08
4.967466136e-08
8.234388591e-08
-3.231766234e-08
-9.806366463e-08
1.047389646e-07
1.176365819e-07
-7.13985562e-08
-1.432407684e-07
1.717608551e-07
1.723291117e-07
-1.297223758e-07
-2.005676191e-07
2.460486192e-07
2.243321318e-07
-1.972993674e-07
-2.41825195e-07
2.989820981e-07
2.533849283e-07
-2.53145134e-07
-2.61167413e-07
3.22261842e-07
2.681692076e-07
-2.842813823e-07
-2.770562303e-07
3.408553016e-07
2.894370737e-07
-3.057496921e-07
-3.056175584e-07
3.74358255e-07
3.247350121e-07
-3.401025647e-07
-3.450770969e-07
4.158191684e-07
3.64471814e-07
-3.872642368e-07
-3.806759612e-07
4.444280832e-07
3.916699588e-07
-4.285063465e-07
-3.958667254e-07
4.428354528e-07
3.922539319e-07
-4.437967446e-07
-3.804861306e-07
4.045089127e-07
3.609333932e-07
-4.218109927e-07
-3.346554077e-07
3.350651992e-07
3.03256044e-07
-3.632164402e-07
-2.686793812e-07
2.488995064e-07
2.327654239e-07
-2.802376101e-07
-1.970019329e-07
1.608219033e-07
1.620095002e-07
-1.914658438e-07
-1.274279748e-07
7.78182614e-08
9.234208639e-08
-1.09755399e-07
-5.70942839e-08
4.815407444e-09
2.643357374e-08
-3.239416982e-08
-1.075206369e-10
-2.164751567e-11
6.940236359e-12
4.620579988e-11
7.50908056e-12
-1.146595714e-09
-4.674514956e-10
3.662537172e-09
2.149634234e-09
-8.868393381e-09
-7.156421508e-09
1.010867134e-08
8.926540439e-09
-5.897162836e-09
-6.025453617e-09
2.924772241e-09
1.688747603e-09
-8.071332924e-10
-4.304821685e-10
7.138022398e-10
3.505778816e-10
-3.454632536e-10
-3.434513925e-10
5.915591409e-10
3.746062659e-10
-4.058666731e-10
-4.721958364e-10
7.305638604e-10
6.531838196e-10
-5.429723379e-10
-8.924579865e-10
7.675583139e-10
1.105849594e-09
-3.468449222e-10
-1.191545597e-09
3.681412642e-10
1.122820357e-09
-1.29118188e-09
-1.013910235e-09
2.809014187e-10
1.733583055e-09
-2.705351704e-09
8.271469728e-10
3.722290261e-09
-2.915042377e-09
-2.711356862e-09
3.741754659e-10
-2.373867768e-08
1.734455182e-08
3.268400229e-09
-1.629576891e-09
-1.798199782e-08
1.725110036e-08
2.538692978e-08
-1.030689112e-08
-3.826880094e-08
4.836449309e-08
5.632177528e-08
-3.251607066e-08
-7.836793717e-08
9.652985787e-08
1.02239221e-07
-7.011211923e-08
-1.257599358e-07
1.551108195e-07
1.472603445e-07
-1.193174155e-07
-1.657355437e-07
2.104487046e-07
1.808167331e-07
-1.715591807e-07
-1.927992572e-07
2.472745782e-07
2.028129872e-07
-2.118912776e-07
-2.127805049e-07
2.709257198e-07
2.248119603e-07
-2.373029615e-07
-2.403667839e-07
3.042562518e-07
2.598370157e-07
-2.681786826e-07
-2.826336019e-07
3.541508404e-07
3.07385967e-07
-3.17730888e-07
-3.321477392e-07
4.057212959e-07
3.546602392e-07
-3.76626747e-07
-3.72668542e-07
4.373904801e-07
3.842103051e-07
-4.232105879e-07
-3.878073125e-07
4.333435623e-07
3.825790179e-07
-4.379704861e-07
-3.683146844e-07
3.886093947e-07
3.455482349e-07
-4.104605459e-07
-3.155736835e-07
3.107841921e-07
2.804108803e-07
-3.421372472e-07
-2.425773345e-07
2.186598649e-07
2.048491344e-07
-2.478895477e-07
-1.699209136e-07
1.349485468e-07
1.400744983e-07
-1.506448503e-07
-1.172211553e-07
7.568838068e-08
1.031336498e-07
-6.891968137e-08
-9.917288223e-08
-4.11967411e-10
5.017717016e-08
-1.997352568e-08
-1.678871857e-08
-1.033101111e-08
9.638224011e-09
-3.703976552e-09
-3.439255746e-10
-6.361090934e-09
-3.585237139e-09
2.050977177e-09
2.095163516e-09
-1.121271808e-09
-1.251314406e-09
7.092403212e-10
6.654026742e-10
-5.168354749e-10
-4.133699351e-10
4.06414257e-10
3.434728967e-10
-7.818241135e-10
-4.374771625e-10
8.419024779e-10
6.192173076e-10
-1.033478593e-09
-8.515343874e-10
1.149901007e-09
1.076814211e-09
-8.798778482e-10
-1.20461778e-09
8.046160739e-10
1.169761467e-09
-3.430506205e-10
-9.905393745e-10
2.86882173e-10
7.533962469e-10
-1.224339138e-10
-5.483854325e-10
1.182559416e-10
4.37957866e-10
-1.897978329e-10
1.449985286e-10
6.210031768e-10
-4.562579233e-10
2.233638626e-11
1.469432731e-10
-1.507649994e-09
1.824764259e-09
6.951887779e-10
-2.535789504e-10
-3.784471428e-09
5.79106157e-09
8.299537708e-09
-3.058117723e-09
-1.597705957e-08
2.105530186e-08
2.688275086e-08
-1.306113774e-08
-4.066193629e-08
4.949421824e-08
5.652963065e-08
-3.392667058e-08
-7.347133187e-08
8.973858917e-08
9.052573398e-08
-6.594453632e-08
-1.06899867e-07
1.369955573e-07
1.219016014e-07
-1.070510693e-07
-1.349602786e-07
1.786577458e-07
1.459724531e-07
-1.479883403e-07
-1.55771056e-07
2.055956731e-07
1.66067686e-07
-1.762636635e-07
-1.786680023e-07
2.331776693e-07
1.947996688e-07
-2.003868128e-07
-2.150728532e-07
2.794839852e-07
2.394949625e-07
-2.409889692e-07
-2.672230947e-07
3.422091244e-07
2.964690772e-07
-3.038742824e-07
-3.248292041e-07
4.012536907e-07
3.497875036e-07
-3.721351425e-07
-3.690597061e-07
4.34504936e-07
3.80736495e-07
-4.222511003e-07
-3.833442973e-07
4.268798403e-07
3.759505994e-07
-4.356829746e-07
-3.583086339e-07
3.734737953e-07
3.31031865e-07
-4.015594762e-07
-2.955573896e-07
2.836882737e-07
2.541062847e-07
-3.227422646e-07
-2.095134532e-07
1.804443072e-07
1.647917564e-07
-2.187111116e-07
-1.228462476e-07
9.085676958e-08
8.605350561e-08
-1.187417125e-07
-5.60622962e-08
3.323991189e-08
3.36125413e-08
-4.742742326e-08
-1.84626094e-08
7.435815516e-09
9.228159863e-09
-1.189973179e-08
-4.262846729e-09
1.866986868e-10
1.894513049e-09
-1.137465492e-09
-1.770458304e-10
-7.781963339e-10
-7.573401003e-10
7.9251346e-10
8.203041451e-10
-4.210383985e-10
-6.462380235e-10
5.017488039e-10
4.745300367e-10
-7.519572435e-10
-4.421026066e-10
6.054802594e-10
5.407925973e-10
-9.899673024e-10
-6.760016792e-10
6.971641135e-10
7.439846185e-10
-5.952876226e-10
-6.999445038e-10
4.072055173e-10
5.804063138e-10
-2.327614841e-10
-4.516914365e-10
2.010377689e-10
3.609812757e-10
-1.374307203e-10
-3.395135284e-10
1.97622827e-10
4.28241529e-10
-2.566546024e-10
5.293875037e-10
1.342654458e-09
-7.110402292e-10
-8.088933962e-10
-8.442112038e-09
4.74630897e-09
-2.106620813e-10
1.11655838e-09
-4.139580434e-09
1.510883508e-09
4.902746781e-09
-1.322634538e-10
-7.712421329e-09
7.751906659e-09
1.274269924e-08
-4.354454964e-09
-1.995194252e-08
2.255059768e-08
2.919409224e-08
-1.446416308e-08
-4.011112319e-08
4.727171531e-08
5.225733948e-08
-3.294389474e-08
-6.51133206e-08
8.177682312e-08
7.798344428e-08
-6.099555653e-08
-9.00202312e-08
1.202137821e-07
1.005538359e-07
-9.55981734e-08
-1.09604885e-07
1.495180269e-07
1.181000551e-07
-1.253605556e-07
-1.273544894e-07
1.706810028e-07
1.384830216e-07
-1.446006346e-07
-1.526859906e-07
2.037964116e-07
1.715111366e-07
-1.692680847e-07
-1.959521031e-07
2.63276733e-07
2.254653501e-07
-2.221785623e-07
-2.580790969e-07
3.370250351e-07
2.912030355e-07
-2.975163936e-07
-3.222935735e-07
4.012413799e-07
3.490201768e-07
-3.721893354e-07
-3.691890259e-07
4.35300314e-07
3.807811719e-07
-4.250751372e-07
-3.821442175e-07
4.23178268e-07
3.722470831e-07
-4.363605935e-07
-3.509574753e-07
3.602960459e-07
3.191966474e-07
-3.939227097e-07
-2.789315423e-07
2.602174814e-07
2.330959374e-07
-3.033787446e-07
-1.852020961e-07
1.519667008e-07
1.388973663e-07
-1.905645954e-07
-9.744980027e-08
6.633261022e-08
6.322051947e-08
-9.07781624e-08
-3.736041686e-08
1.873356432e-08
1.973700581e-08
-2.875221329e-08
-9.122860233e-09
2.503980271e-09
3.620890655e-09
-4.683191977e-09
-1.209864564e-09
-6.269613119e-10
1.021410361e-10
4.25611287e-10
5.135776736e-10
-6.026692671e-10
-7.883393718e-10
7.737756105e-10
9.019362118e-10
-5.697075801e-10
-9.586467856e-10
8.735533089e-10
1.007973066e-09
-5.340906846e-10
-1.035636322e-09
8.461770429e-10
1.010323819e-09
-3.352041748e-10
-9.30025712e-10
6.608701608e-10
8.251889213e-10
-2.280598224e-10
-7.422355968e-10
5.482931355e-10
7.416157808e-10
-3.740845325e-10
-9.166209961e-10
9.536746641e-10
1.42440803e-09
-1.131989426e-09
2.427283583e-09
4.705959288e-09
-2.442651444e-09
1.614196468e-08
-3.21927655e-09
5.927205728e-09
-1.331283876e-08
-1.419379496e-09
1.125742406e-08
3.459874504e-09
-1.012378981e-08
1.816818422e-09
1.011942689e-08
7.026447425e-10
-1.188708747e-08
8.783682911e-09
1.572010194e-08
-4.686073503e-09
-2.135118233e-08
2.217182166e-08
2.871201338e-08
-1.422473357e-08
-3.766309338e-08
4.434100969e-08
4.767648938e-08
-3.132949043e-08
-5.781050323e-08
7.432497589e-08
6.707575283e-08
-5.647121198e-08
-7.504857506e-08
1.036676823e-07
8.218265882e-08
-8.431402333e-08
-8.920423658e-08
1.223148008e-07
9.623158589e-08
-1.036216492e-07
-1.035931795e-07
1.384999776e-07
1.136579818e-07
-1.122293227e-07
-1.298363148e-07
1.822850285e-07
1.536199947e-07
-1.451090858e-07
-1.838457395e-07
2.55462082e-07
2.18158023e-07
-2.128440126e-07
-2.54241651e-07
3.363780952e-07
2.900149133e-07
-2.955794741e-07
-3.233347253e-07
4.049984073e-07
3.518202136e-07
-3.757337612e-07
-3.729235518e-07
4.395792028e-07
3.84206596e-07
-4.318304937e-07
-3.837275456e-07
4.212289662e-07
3.704036881e-07
-4.39853775e-07
-3.443025372e-07
3.462357323e-07
3.068514056e-07
-3.863273888e-07
-2.608192425e-07
2.339881927e-07
2.100768302e-07
-2.810643411e-07
-1.590168456e-07
1.214813093e-07
1.119348858e-07
-1.589743906e-07
-7.227988496e-08
4.291561048e-08
4.204825423e-08
-6.250022757e-08
-2.153994726e-08
8.060688178e-09
9.515425035e-09
-1.348907723e-08
-3.706625664e-09
-8.785166873e-11
1.473782313e-09
-7.391950221e-10
2.106263529e-10
-1.344289656e-09
-1.478186327e-09
2.276034545e-09
2.705818732e-09
-1.908716276e-09
-3.854944899e-09
3.659651648e-09
4.940735409e-09
-2.174788452e-09
-6.006448936e-09
4.470134086e-09
7.094744841e-09
-2.178718006e-09
-8.229382289e-09
4.879562253e-09
9.414462566e-09
-2.158164607e-09
-1.065386939e-08
5.222956978e-09
1.196977898e-08
-2.875333999e-09
-1.338121186e-08
6.252336221e-09
1.481005522e-08
-4.589335916e-09
7.229683778e-09
-1.606073946e-08
2.672322939e-08
8.041666689e-09
-2.035717662e-08
-8.518121197e-09
1.726099934e-08
-5.737478713e-09
7.80489228e-09
-1.443741956e-08
-2.76251471e-09
1.224679582e-08
4.484089409e-09
-1.087653395e-08
1.515034118e-09
1.060125216e-08
9.047768662e-10
-1.202978942e-08
8.472709728e-09
1.549674431e-08
-4.385926412e-09
-2.102139898e-08
2.144535179e-08
2.828590385e-08
-1.420842935e-08
-3.642823572e-08
4.198273426e-08
4.432757005e-08
-3.068567232e-08
-5.120520554e-08
6.727815188e-08
5.718841268e-08
-5.269279582e-08
-6.304463235e-08
8.79995507e-08
6.836985187e-08
-7.473477444e-08
-7.123089807e-08
9.079802295e-08
7.252639313e-08
-7.411646978e-08
-7.794805047e-08
1.118582835e-07
9.213586403e-08
-8.334701598e-08
-1.149333832e-07
1.71598839e-07
1.440916611e-07
-1.334378182e-07
-1.777170067e-07
2.518985935e-07
2.144858599e-07
-2.076255907e-07
-2.530568337e-07
3.386491287e-07
2.916137561e-07
-2.957355955e-07
-3.277099243e-07
4.128166843e-07
3.583984585e-07
-3.830857893e-07
-3.805332356e-07
4.47671621e-07
3.911753463e-07
-4.4309381e-07
-3.880439907e-07
4.207543631e-07
3.699953647e-07
-4.464096703e-07
-3.374427204e-07
3.298930269e-07
2.926055138e-07
-3.777883103e-07
-2.394681237e-07
2.033330024e-07
1.832103156e-07
-2.539281337e-07
-1.293928771e-07
8.883968973e-08
8.293707989e-08
-1.231871713e-07
-4.709478832e-08
2.213672485e-08
2.285172459e-08
-3.555854834e-08
-8.9524676e-09
1.561513656e-09
2.56951385e-09
-3.608302405e-09
-4.240365938e-10
-2.821201373e-09
-8.481065225e-11
1.586321247e-09
2.385953556e-09
-5.161705571e-09
-4.557269306e-09
4.70507143e-09
6.797571041e-09
-6.771572567e-09
-9.279684261e-09
6.556518059e-09
1.21041481e-08
-8.018451665e-09
-1.52480555e-08
7.595900295e-09
1.858703653e-08
-9.274546696e-09
-2.197296466e-08
8.720852778e-09
2.533723206e-08
1.004985828e-08
3.181465656e-08
-1.069600555e-08
-2.857049539e-08
-1.205576369e-08
-4.049982278e-08
-1.100965232e-08
1.206952713e-08
-2.052561896e-08
1.754602566e-08
-9.22478004e-09
9.726556353e-09
-1.45663348e-08
-5.721779358e-09
1.197291932e-08
6.403716972e-09
-1.000679157e-08
-2.527620722e-09
8.818395093e-09
3.607660081e-09
-8.634086547e-09
1.503303683e-09
9.910164673e-09
6.525557956e-10
-1.328371391e-08
9.20525238e-09
1.857748559e-08
-6.032801075e-09
-2.476946664e-08
2.234511872e-08
3.111923855e-08
-1.671793447e-08
-3.694584609e-08
4.076996573e-08
4.180227191e-08
-3.161477785e-08
-4.638367844e-08
6.310922181e-08
5.12407185e-08
-5.260803351e-08
-5.326927647e-08
6.165085746e-08
4.910663647e-08
-5.244761408e-08
-4.437396688e-08
5.995510771e-08
4.799904656e-08
-4.164175252e-08
-6.129986938e-08
9.971445822e-08
8.160449892e-08
-7.130280906e-08
-1.072551909e-07
1.649930683e-07
1.37746127e-07
-1.259657362e-07
-1.728577343e-07
2.494577926e-07
2.120025211e-07
-2.025262519e-07
-2.538348975e-07
3.440901391e-07
2.961133503e-07
-2.98132722e-07
-3.357995339e-07
4.253745e-07
3.692751557e-07
-3.94839777e-07
-3.926606052e-07
4.603163672e-07
4.022663131e-07
-4.600041805e-07
-3.95306553e-07
4.212945304e-07
3.705863602e-07
-4.563711782e-07
-3.291537399e-07
3.091984419e-07
2.746098805e-07
-3.664728597e-07
-2.127960239e-07
1.664636264e-07
1.508607539e-07
-2.190656324e-07
-9.579920237e-08
5.522944836e-08
5.281525762e-08
-8.311550057e-08
-2.403178295e-08
7.071298793e-09
8.232744404e-09
-1.338702124e-08
-1.740330063e-09
-1.992838141e-10
1.442108034e-10
-5.689199027e-11
4.929285572e-11
-1.491372178e-09
-9.83459317e-10
-5.89709335e-11
2.169512324e-09
-1.4465768e-09
-2.949155805e-09
-1.780101274e-10
3.019367484e-09
-5.301676751e-10
-2.643831943e-09
-2.963857999e-10
2.254443146e-09
-7.057447767e-10
-2.00718331e-09
-2.318683909e-10
1.90093677e-09
-2.159993722e-09
1.553037759e-10
2.536737288e-09
-2.02281661e-09
1.48756081e-08
-9.747894384e-09
9.790725317e-09
-1.266756607e-08
-6.728058255e-09
1.097498525e-08
7.223825022e-09
-1.031663263e-08
-4.485877416e-09
1.102657819e-08
5.788671148e-09
-1.321292443e-08
-2.088315098e-09
1.647299328e-08
3.4502119e-09
-1.983621435e-08
4.265637572e-09
2.255341274e-08
-3.112941522e-09
-2.549929112e-08
1.343338809e-08
2.885098954e-08
-1.154357748e-08
-3.22614863e-08
2.497776019e-08
3.510048626e-08
-2.010055635e-08
-3.755845123e-08
4.301165336e-08
4.077894557e-08
-3.429233609e-08
-4.3109019e-08
4.523323876e-08
3.799562694e-08
-3.862811112e-08
-2.694622391e-08
2.799416973e-08
2.217531292e-08
-1.830881318e-08
-2.704332737e-08
4.856190894e-08
3.820712745e-08
-3.134097335e-08
-5.397947341e-08
9.205200479e-08
7.42848247e-08
-6.415847835e-08
-9.972648769e-08
1.5760732e-07
1.309621818e-07
-1.170269831e-07
-1.681576196e-07
2.481834237e-07
2.106147004e-07
-1.975675684e-07
-2.566930525e-07
3.530415837e-07
3.037897673e-07
-3.027237246e-07
-3.482733315e-07
4.439667301e-07
3.855747252e-07
-4.121152141e-07
-4.106150117e-07
4.787694229e-07
4.185377902e-07
-4.84596264e-07
-4.057715005e-07
4.218135131e-07
3.711974682e-07
-4.700412604e-07
-3.171084173e-07
2.80455106e-07
2.495636596e-07
-3.486437934e-07
-1.775681817e-07
1.213820133e-07
1.111538371e-07
-1.721608157e-07
-5.869582956e-08
2.398427775e-08
2.431523929e-08
-4.108755254e-08
-6.8126587e-09
3.665635531e-10
8.655698373e-10
-1.188570019e-09
-1.723987555e-12
3.022052791e-11
-4.971125485e-13
-1.155050046e-11
3.399740407e-11
1.107373294e-10
-9.665739227e-11
-5.883044691e-11
1.845847642e-10
1.514450014e-10
-2.982098555e-10
-7.337607941e-11
4.340811028e-10
6.264289216e-11
-5.75002173e-10
5.088141407e-11
7.098041691e-10
2.043575597e-11
3.083290827e-10
-8.609660157e-10
1.106743959e-08
-1.534433385e-08
-9.436673076e-09
1.628218187e-08
-8.546482146e-09
1.102522253e-08
-1.919947363e-08
-8.080740007e-09
2.411505338e-08
1.067284648e-08
-3.070385536e-08
-3.686190158e-09
4.028321056e-08
-7.900411051e-09
-4.987672689e-08
1.11155418e-09
3.701380605e-08
-8.449236553e-10
-3.502884005e-08
9.364395059e-09
3.338062677e-08
-8.115036062e-09
-3.226962967e-08
1.609390262e-08
3.224015281e-08
-1.327284773e-08
-3.271808098e-08
2.648664385e-08
3.356731445e-08
-1.986564471e-08
-3.403353161e-08
3.149219648e-08
2.946620315e-08
-2.342131106e-08
-1.790438545e-08
1.17019355e-08
9.830213236e-09
-7.28136359e-09
-9.780027445e-09
1.906369446e-08
1.420483254e-08
-1.085299243e-08
-2.172400551e-08
4.253626284e-08
3.225855404e-08
-2.682274122e-08
-4.648227591e-08
8.250761904e-08
6.567258959e-08
-5.498423016e-08
-9.117934178e-08
1.495736375e-07
1.237259773e-07
-1.070224786e-07
-1.634631089e-07
2.476117319e-07
2.09888056e-07
-1.919752718e-07
-2.614500382e-07
3.66062684e-07
3.151943951e-07
-3.092138739e-07
-3.665412736e-07
4.710165465e-07
4.094154373e-07
-4.370748042e-07
-4.367344979e-07
5.050539565e-07
4.416853934e-07
-5.20509855e-07
-4.194959706e-07
4.196835955e-07
3.694168198e-07
-4.872358456e-07
-2.964983973e-07
2.370728152e-07
2.116015083e-07
-3.164012662e-07
-1.293085437e-07
6.780072757e-08
6.354867802e-08
-1.082310186e-07
-2.223210894e-08
3.047727214e-09
4.020333243e-09
-6.99921454e-09
-5.931409554e-18
3.086265969e-12
-9.69053779e-18
-1.483362728e-13
5.910144568e-12
2.131523781e-11
-2.78094151e-11
2.579624869e-13
7.264365546e-11
2.051825845e-11
-1.469458305e-10
1.893575281e-11
2.627690553e-10
1.428878809e-10
6.347819254e-10
-1.064065898e-10
-4.325515069e-10
2.462480703e-08
1.520576369e-08
-3.207948074e-08
-1.409315903e-08
5.699254892e-08
-1.412009313e-08
2.473488089e-08
-9.74095021e-08
-7.202345309e-09
9.329540942e-08
4.009344732e-08
-4.505249838e-08
-3.434333037e-09
9.098274714e-09
8.104216555e-09
1.686495695e-08
7.130064509e-09
2.631578567e-08
-2.641135916e-09
-2.975229421e-08
1.089734922e-08
2.922026106e-08
-6.909561331e-09
-2.818755442e-08
1.459767849e-08
2.683356909e-08
-1.010556144e-08
-2.37688338e-08
1.51081023e-08
1.78353826e-08
-8.023512557e-09
-9.657354432e-09
4.315396694e-09
3.948263419e-09
-2.292668232e-09
-2.8392791e-09
5.685781333e-09
3.988339726e-09
-2.558169934e-09
-6.702571892e-09
1.616113414e-08
1.095556315e-08
-9.394648624e-09
-1.674899537e-08
3.455023368e-08
2.507507991e-08
-2.053321435e-08
-3.792757981e-08
7.189963429e-08
5.641134169e-08
-4.511454345e-08
-8.172673909e-08
1.40035552e-07
1.151275642e-07
-9.531755869e-08
-1.574930536e-07
2.464947395e-07
2.088888773e-07
-1.837150956e-07
-2.679938525e-07
3.84333276e-07
3.314356253e-07
-3.172273671e-07
-3.932538249e-07
5.11107627e-07
4.447440416e-07
-4.739594695e-07
-4.752944438e-07
5.425187038e-07
4.744912782e-07
-5.749830825e-07
-4.353963851e-07
4.07897309e-07
3.58967183e-07
-5.052839505e-07
-2.568022286e-07
1.675315562e-07
1.504258122e-07
-2.514676161e-07
-6.455266712e-08
1.487366606e-08
1.528477488e-08
-2.995926207e-08
-4.200265121e-17
-1.091268005e-12
-8.947887419e-17
2.863855285e-12
6.840444432e-12
-1.392607884e-11
-3.48252189e-11
3.089508592e-11
9.103143726e-11
8.345481045e-11
2.915959184e-10
-4.640286351e-11
-1.744621895e-10
-1.053709461e-10
-5.913393805e-10
-1.680078712e-08
-2.450478144e-08
2.546748325e-08
-1.960209427e-08
1.540030791e-08
-2.855683391e-08
-4.605178011e-08
3.712928253e-08
1.813791305e-08
-4.531228691e-08
-1.838869748e-09
1.834535461e-08
-2.527515266e-09
-1.41252079e-08
2.570044625e-09
1.63121464e-08
-3.835279987e-09
-1.839151944e-08
5.114844789e-09
2.004266561e-08
-4.751950956e-09
-2.093219698e-08
6.960881742e-09
2.034048137e-08
-4.803819736e-09
-1.687426142e-08
3.606027742e-09
1.068335553e-08
-1.537257341e-09
-4.729234613e-09
7.534075119e-10
1.491051224e-09
-7.267941503e-11
-4.622672584e-10
7.034759114e-10
4.508153486e-10
-8.316805162e-11
-1.220997824e-09
5.322044253e-09
3.014926705e-09
-2.988533556e-09
-4.909206603e-09
1.171051023e-08
6.910832709e-09
-6.627640393e-09
-1.122788891e-08
2.646066222e-08
1.832412649e-08
-1.478724571e-08
-2.933997944e-08
6.008674673e-08
4.588119097e-08
-3.502925641e-08
-6.985164463e-08
1.266000276e-07
1.033428446e-07
-7.970772337e-08
-1.483218873e-07
2.427949763e-07
2.06014728e-07
-1.695813256e-07
-2.759268633e-07
4.101658866e-07
3.544656064e-07
-3.259448535e-07
-4.335217658e-07
5.739516248e-07
4.996490941e-07
-5.317663132e-07
-5.350564955e-07
5.966476925e-07
5.213182745e-07
-6.636439573e-07
-4.476284281e-07
3.649729314e-07
3.209251908e-07
-5.08971632e-07
-1.729679662e-07
5.828922533e-08
5.33815989e-08
-1.1102029e-07
-9.144759127e-12
-5.663754824e-12
7.492553615e-12
9.495095732e-12
4.359085965e-11
-5.23375007e-11
-9.871178243e-11
9.488508573e-11
1.853337719e-10
-1.338348556e-10
1.808561556e-10
4.980630457e-10
-2.989981124e-10
-1.20429548e-08
-9.202872532e-09
9.078180292e-09
-2.481028056e-09
3.074158183e-10
-8.401462391e-09
2.380787306e-09
8.332717848e-09
-8.742186073e-10
-8.504893005e-09
3.102272113e-09
8.323511672e-09
-1.691311573e-09
-7.874074771e-09
3.099437224e-09
7.504350307e-09
-2.044400169e-09
-7.987223367e-09
2.31688207e-09
1.024130119e-08
-1.312355124e-09
-1.318440721e-08
5.254431723e-11
1.275503588e-08
1.784895699e-09
-8.467705804e-09
-2.320906727e-10
4.044995364e-09
1.414066199e-09
-1.942073618e-09
-8.881585249e-11
1.709619221e-09
4.376804683e-10
-2.091503268e-09
2.007650938e-09
1.952081507e-09
-7.357558648e-10
-1.803013989e-09
3.953559975e-09
1.929597006e-09
-2.781085513e-09
-2.725128562e-09
8.354802634e-09
4.276299513e-09
-5.304231479e-09
-7.03936405e-09
1.927596807e-08
1.184352423e-08
-1.079265253e-08
-1.991887018e-08
4.551228928e-08
3.307532879e-08
-2.39944364e-08
-5.386980543e-08
1.058986899e-07
8.565893964e-08
-5.777236862e-08
-1.323382713e-07
2.324444729e-07
1.975956255e-07
-1.437489465e-07
-2.834072113e-07
4.476531319e-07
3.873195337e-07
-3.313003237e-07
-4.985060906e-07
6.82950537e-07
5.940898205e-07
-6.317876933e-07
-6.378034117e-07
6.743805465e-07
5.880078722e-07
-8.323550099e-07
-4.229969897e-07
2.088352869e-07
1.834937143e-07
-3.901958857e-07
-3.403701319e-11
4.070080596e-12
3.376793679e-11
-1.14914775e-12
-3.103410906e-11
6.245962938e-11
1.802171799e-10
-1.041319228e-10
-1.460591704e-11
-7.473431638e-09
4.908300842e-10
7.132771168e-09
7.48761282e-10
-7.321899008e-09
-2.545243222e-10
6.66535201e-09
8.640925478e-10
-6.37345853e-10
-5.739334174e-09
1.306481299e-09
4.692233864e-09
-8.540228855e-10
-3.663742712e-09
9.605396332e-10
3.0180603e-09
-6.663198007e-10
-3.631254199e-09
-2.59733287e-09
6.472308426e-09
1.934258583e-09
-8.788992652e-09
-3.049837078e-09
7.562744163e-09
4.757572207e-09
-4.801053392e-09
-1.027499217e-09
2.689249863e-09
2.170115208e-09
-1.580082115e-09
2.398207109e-10
1.077536321e-09
2.446486957e-10
-1.028899847e-09
2.218647262e-09
1.414900007e-09
-1.682679312e-09
-1.825650179e-09
4.114735013e-09
2.194982e-09
-3.655726016e-09
-2.515908167e-09
7.068961118e-09
2.965159007e-09
-5.98538123e-09
-3.93975732e-09
1.290893051e-08
6.0147638e-09
-8.693591803e-09
-1.005660679e-08
2.734012087e-08
1.773148227e-08
-1.249811187e-08
-3.220199999e-08
7.307107578e-08
5.809975606e-08
-2.807576273e-08
-1.021842542e-07
2.039167331e-07
1.732729927e-07
-9.376203513e-08
-2.811005524e-07
5.000683841e-07
4.323908981e-07
-3.069480963e-07
-6.201665768e-07
9.223470895e-07
8.015543956e-07
-8.473822736e-07
-8.672420461e-07
-1.351258179e-06
-2.847560848e-11
7.265494561e-07
6.315988216e-07
1.533449175e-12
4.334538542e-14
-1.733388624e-12
2.431139326e-13
5.624316174e-09
-7.498830299e-10
-4.111855866e-09
5.216732665e-10
3.450085329e-09
5.23954461e-10
-1.779749369e-10
-2.652952519e-09
4.282785835e-10
1.886682203e-09
-2.481762556e-10
-1.306355693e-09
-5.919220535e-10
1.349955532e-09
-5.880408118e-11
-3.203649758e-09
-5.597199427e-09
6.219592823e-09
3.968203507e-09
-6.812280337e-09
-3.707950212e-09
5.219143336e-09
4.59773624e-09
-3.137814512e-09
-6.933268453e-10
1.452759318e-09
9.085252987e-10
-4.121125068e-10
1.072680788e-09
6.640565207e-10
-5.508932961e-10
-1.17909254e-09
2.970954467e-09
1.917977237e-09
-1.986699316e-09
-2.855403136e-09
5.91393541e-09
3.823968651e-09
-5.162071938e-09
-4.500001414e-09
8.132702064e-09
4.456393041e-09
-9.115355421e-09
-3.535079323e-09
8.006982941e-09
2.42835563e-09
-8.137367579e-09
-2.349407133e-09
7.82732397e-09
3.464282015e-09
-3.964236849e-09
-7.247909292e-09
2.442488953e-08
1.870554801e-08
-1.139401491e-11
-4.283705932e-08
1.124550479e-07
9.488597729e-08
-5.158011228e-15
-2.061663117e-07
-6.359192644e-12
-9.516116292e-07
5.12544505e-07
4.437245746e-07
2.509450875e-06
2.040068118e-06
-1.825391494e-09
2.386828374e-10
1.734945744e-09
-1.192180826e-10
-8.668054545e-10
2.841115025e-11
5.598324887e-10
-5.164700703e-11
-3.554811349e-10
9.877631709e-11
2.99831246e-10
-5.575987695e-10
-5.543270919e-11
-5.664913419e-10
-2.688339372e-09
9.281597579e-10
1.44603188e-10
-6.96426207e-10
-1.065557987e-10
1.467111424e-10
-3.155064552e-11
-9.292037939e-11
2.212529719e-10
1.47980664e-10
-6.963158137e-11
-2.923729617e-10
1.055572199e-09
6.226201102e-10
-4.028862576e-10
-1.263967244e-09
3.681576574e-09
2.354284924e-09
-2.03182259e-09
-3.970067324e-09
8.902261118e-09
5.93423672e-09
-7.304567594e-09
-7.457083356e-09
1.035779788e-08
6.854990264e-09
-1.173887249e-08
-5.412556939e-09
-7.832005817e-09
-2.510492011e-11
4.795951196e-09
3.087784316e-09
9.673378075e-12
-1.560407605e-11
-5.811257647e-13
1.179256713e-11
2.300421646e-13
2.663733973e-13
-2.323704373e-16
1.356039079e-10
-1.307363628e-10
4.823508661e-11
1.086814689e-10
-9.112439337e-11
3.696075912e-11
3.79223049e-11
-1.124449983e-11
-2.975173828e-11
1.901376086e-11
3.255267331e-11
-3.312831912e-12
-4.41545559e-11
1.85499464e-11
7.127833769e-11
-5.589406705e-12
-1.47681766e-10
8.507922829e-11
3.831122616e-10
-1.49122858e-11
-1.042446167e-09
6.810248864e-10
2.722628721e-09
4.162536377e-11
-6.909070755e-09
4.190832354e-09
7.468428775e-09
-7.210492975e-09
1.263917196e-08
1.273063436e-08
7.096814229e-09
-4.79949795e-11
-7.389427605e-11
-2.855338372e-11
-1.120244221e-11
-4.663552705e-11
-2.11315485e-13
1.775725743e-13
-1.239051762e-13
-6.098305261e-13
-1.205771728e-13
1.157091686e-13
-5.444821869e-21
-2.32288078e-13
-2.810546872e-21
3.798139659e-21
-4.085160497e-21
2.93851005e-21
-5.587806316e-21
1.290654444e-20
-8.758658374e-21
1.21502012e-21
1.4510663e-21
1.971527224e-11
-1.16635945e-13
-1.999915479e-11
-1.115687026e-12
-3.271868222e-12
2.239875114e-12
-8.340645552e-12
-2.991937632e-11
5.321643562e-12
-1.613927919e-10
-1.637855298e-10
-8.032411494e-11
-1.261452858e-10
9.158662729e-11
-1.202782536e-10
-7.674156136e-11
-1.126256882e-10
7.784598493e-11
-1.026783499e-10
-9.072092495e-11
-2.311632489e-08
1.452509247e-08
-3.581736181e-08
-2.154009767e-08
3.409077037e-08
-1.594806058e-08
-4.052851164e-08
1.938796667e-11
2.441104636e-08
2.494745715e-11
-1.587731631e-15
-2.245536451e-10
-6.697113682e-11
-1.647757688e-10
8.834965423e-11
-1.447001297e-10
-7.130845124e-11
-3.347681626e-27
1.150330137e-17
1.478926726e-26
1.04596457e-27
-4.440969173e-28
-2.941226649e-10
1.099322973e-10
-2.382376601e-10
-3.416860699e-10
-2.604888438e-10
1.244850557e-10
-3.243666586e-10
-2.682480158e-09
1.083421952e-30
-6.242348603e-31
1.19162821e-30
9.532314963e-31
-5.833879864e-33
1.422916578e-23
-1.089215432e-11
-6.212308577e-10
1.941045464e-10
-2.194106148e-09
-4.9250052e-09
4.857018662e-12
-3.306686971e-11
-6.714319173e-12
-1.407905894e-09
9.196470963e-10
-1.505002858e-08
-1.303708971e-08
2.702939181e-11
3.653617203e-09
3.615462037e-11
-1.280015023e-08
-9.528512709e-09
-6.60231348e-08
6.315733448e-08
-1.609848447e-07
-1.49094377e-07
-3.31479702e-09
2.405602232e-09
-7.97671645e-12
-4.873489252e-09
-1.629531135e-09
-4.48179641e-08
4.061461695e-08
-1.313712161e-07
-8.397566649e-08
-2.524144716e-09
2.64773621e-09
1.655075451e-09
-2.910071034e-09
7.246468539e-09
-1.382592749e-08
-4.810548113e-08
1.140958071e-09
-3.066039352e-08
2.772559266e-08
-3.618925156e-08
-1.092121884e-07
8.981172219e-09
-1.048599545e-08
1.001668709e-08
-8.0413133e-09
-7.383026175e-09
-1.037968096e-09
-4.525517383e-08
4.116746072e-08
-1.421988296e-07
-4.380733155e-08
8.821049221e-09
-1.220409362e-08
4.082878513e-09
7.897907261e-09
-1.513180327e-09
4.827109664e-10
2.712427134e-10
-1.220335401e-08
-9.814221893e-09
-6.645830071e-09
-1.697350978e-09
5.20718686e-10
-1.664439149e-08
1.63129184e-08
-1.540830077e-08
3.087419712e-09
-2.750867944e-08
-5.522173057e-10
-5.5466207e-10
-4.587918357e-08
7.790637983e-09
-7.212111554e-09
-2.259573839e-09
2.113585317e-09
-4.983135459e-08
1.045022497e-10
-1.264859755e-11
-4.952846795e-08
1.115785033e-09
-8.373636029e-10
-7.208579544e-10
1.927351208e-10
-4.997424262e-09
5.201727269e-10
-1.857103713e-10
-4.206807335e-09
8.09253726e-10
-4.888504384e-10
-1.907227276e-10
3.868044417e-10
-2.420313217e-09
-2.855898939e-11
3.834223007e-10
-1.97970229e-09
2.289075474e-09
-1.204586414e-09
-8.041526236e-10
1.622048874e-09
-5.165774049e-10
3.82432661e-09
-9.970373708e-09
-6.529304259e-09
-6.760310184e-09
9.952231634e-09
-2.101629741e-08
-2.812327354e-08
-2.087588311e-08
-9.442103987e-09
1.097376239e-08
-1.7996206e-08
-7.180068702e-09
1.48423229e-08
-1.319573862e-08
-3.735998398e-09
8.887573927e-10
-1.135265367e-08
-2.065366237e-08
-1.123692137e-08
9.402169909e-09
-1.609988941e-08
1.759083501e-09
-1.204180821e-09
-3.794685716e-10
-1.046033843e-08
-1.600406844e-08
-1.104441593e-09
-1.867492319e-08
-1.118579867e-08
1.295929132e-08
-2.011800201e-08
-9.323491171e-09
6.800620392e-10
-3.737916316e-10
-2.666878887e-10
-8.714839351e-11
-2.719810162e-08
-1.878307893e-08
1.844613061e-08
-3.454968887e-08
-1.419998147e-08
3.474831794e-10
-2.237433853e-10
-5.221817126e-11
1.912003439e-10
-8.38689735e-11
-1.558650668e-08
-1.995562389e-08
-3.997239476e-10
-1.137308125e-09
-7.886199933e-09
-6.730569477e-09
-8.066298334e-13
-1.712088433e-10
9.742217783e-12
-6.221071433e-09
-4.848671619e-10
-8.259706095e-09
3.132256754e-10
-2.0038698e-09
-5.718713703e-09
3.913779713e-10
-1.440611859e-09
1.174864219e-06
2.307484217e-11
-1.021153184e-09
4.518444956e-13
-1.903982195e-12
-3.610127358e-09
1.609012475e-12
-3.966510452e-09
4.897437859e-10
-8.09691844e-12
-1.475893384e-14
-4.179876398e-11
1.099076291e-06
-6.456100003e-11
-5.182225155e-10
-8.807012593e-12
-4.608375874e-10
8.315385348e-11
-4.094306473e-10
8.312085081e-11
-1.553774511e-10
-1.928009399e-10
3.685975592e-11
-1.01691931e-11
4.967989158e-09
2.898529028e-11
-7.513620119e-12
1.976888004e-11
-1.746699038e-12
-3.73856662e-13
7.36318344e-14
4.755146382e-13
3.73963801e-11
4.366794468e-11
-2.158509464e-11
3.238654808e-11
-1.533173995e-11
4.928914693e-12
-1.084051141e-11
1.480026303e-11
-1.033860766e-11
3.73196943e-12
-1.162612915e-11
3.398228098e-11
-1.434638335e-11
8.829636519e-12
-1.962320751e-11
2.471132575e-10
-3.043317172e-11
2.154201061e-11
-5.105709939e-11
1.717619931e-09
1.172627726e-08
1.237833899e-08
-9.833230961e-11
7.774088633e-11
-1.01386067e-10
-3.58833365e-10
-7.889024591e-11
7.810580408e-12
-2.023852614e-12
-3.900183805e-10
-3.180724696e-12
-2.585480246e-13
-5.400106975e-12
2.512041407e-12
-1.003021749e-11
-2.34465237e-12
-1.869090102e-11
1.115752105e-11
-3.829187655e-11
-9.298917528e-12
-9.714717967e-11
6.775528642e-11
-2.815181824e-10
-8.118982504e-11
-7.683970418e-10
5.633550688e-10
-1.837720475e-09
-8.35924956e-10
-3.978225966e-09
2.960909533e-09
-7.935092742e-09
-5.186113742e-09
1.172456944e-08
-1.307367074e-10
6.951824206e-11
-1.272994355e-10
-6.972123235e-11
-1.347026925e-10
7.840411769e-11
-1.848146997e-10
-1.871256233e-10
-5.270837884e-10
3.777842906e-10
-1.768322109e-09
-5.322127315e-09
-2.959642504e-09
2.598610149e-09
-2.086447634e-09
-7.835352599e-09
-1.044492056e-09
1.748924649e-09
-1.324277765e-10
-1.927741529e-09
-7.560842243e-11
-4.947072249e-12
-4.049656016e-11
-2.619961887e-11
-7.561897442e-11
-4.119546013e-11
-1.861847241e-10
1.513731673e-10
-4.517115579e-10
-3.038907584e-10
-1.00746556e-09
8.538078307e-10
-2.034627154e-09
-1.639978243e-09
-3.74480593e-09
3.333194845e-09
-6.316067751e-09
-6.062447283e-09
-9.77187868e-09
9.477589106e-09
-1.370821606e-08
-1.694300106e-08
-1.687915923e-08
2.003123885e-08
-1.707159868e-08
-3.027517877e-08
-1.235186267e-08
2.544237631e-08
-5.868795476e-09
-1.466890469e-08
2.625298222e-15
8.75496917e-09
-7.911652799e-18
2.369890955e-17
-2.057907118e-17
-4.042746588e-10
2.139825871e-10
-4.245141091e-10
-5.174831119e-09
-4.155725107e-10
2.021190989e-10
-8.793077726e-10
-4.442083377e-09
-5.60712346e-09
3.426499761e-09
-2.091591311e-08
-2.345134713e-08
-3.304022657e-08
2.373145857e-08
-2.778837767e-08
-3.800281198e-08
-1.297035028e-08
1.02349093e-08
-2.885866648e-09
-7.746336124e-09
-6.899432162e-10
1.455537698e-09
-8.605507874e-11
-9.757583796e-10
-1.297828678e-10
-1.328390854e-11
-2.448880598e-10
1.248292649e-10
-5.09625325e-10
-4.22871056e-10
-1.021091435e-09
9.305955491e-10
-1.889518109e-09
-1.793199121e-09
-3.226946789e-09
3.115697353e-09
-5.101170148e-09
-5.482668205e-09
-7.471860093e-09
7.821572485e-09
-1.011171087e-08
-1.257673932e-08
-1.25331772e-08
1.494164102e-08
-1.396341816e-08
-2.108564772e-08
-1.351300876e-08
2.055296972e-08
-1.068972154e-08
-2.047186208e-08
-6.189871543e-09
1.589645187e-08
-2.154922196e-09
-5.165007721e-09
1.83254081e-16
2.991437819e-09
-2.290722777e-17
1.405681886e-17
-2.573488281e-17
-1.118020737e-17
-3.58526499e-30
9.694641169e-30
-8.019861583e-32
-9.084155477e-09
6.79426064e-09
-2.150226543e-08
-5.032921e-08
-3.356136279e-08
2.894214331e-08
-4.145693008e-08
-1.087943109e-07
-4.37503897e-08
3.91831548e-08
-4.179084297e-08
-1.231864403e-07
-4.114768876e-08
3.297475327e-08
-5.204315083e-08
-9.799920281e-08
-7.429397178e-08
5.50300995e-08
-7.676832643e-08
-8.498864229e-08
-5.010373464e-08
3.650476118e-08
-2.207608374e-08
-3.324507751e-08
-6.301597396e-09
4.877247611e-09
-9.787872596e-10
-3.345491191e-09
-4.327053661e-10
6.374861504e-10
-2.707256487e-10
-4.161811823e-10
-4.948288627e-10
-3.711801773e-10
-9.685266977e-10
8.321468535e-10
-1.693041654e-09
-1.72422662e-09
-2.750497794e-09
2.754855724e-09
-4.200285898e-09
-4.734805077e-09
-5.999649496e-09
6.512981009e-09
-8.010914065e-09
-1.006555212e-08
-9.964806104e-09
1.197804336e-08
-1.146584607e-08
-1.638785869e-08
-1.204983766e-08
1.691515145e-08
-1.131877874e-08
-1.894788486e-08
-9.165427765e-09
1.673130442e-08
-6.013298926e-09
-1.197086674e-08
-2.851934042e-09
8.769450788e-09
-7.609049361e-10
-1.686015291e-09
-4.901972625e-17
9.199592089e-10
-8.260070788e-17
1.448967282e-17
-9.664343428e-17
-2.135606089e-23
-3.389066633e-35
4.766121917e-35
3.245693389e-36
6.592888029e-36
3.157478518e-36
1.562998584e-36
2.624079033e-36
5.944389922e-37
-2.228186178e-22
2.271289965e-11
-5.351867023e-11
-4.65654775e-08
4.08574394e-08
-9.853844377e-08
-1.342190611e-07
-1.596112772e-07
1.573669839e-07
-2.170332976e-07
-3.473440609e-07
-2.582337828e-07
2.636393941e-07
-2.75524637e-07
-5.093008518e-07
-2.68164454e-07
2.75446302e-07
-2.417775769e-07
-5.016557819e-07
-2.057671622e-07
2.056177416e-07
-1.687392293e-07
-3.637184167e-07
-1.315515746e-07
1.251872372e-07
-8.958805628e-08
-2.015105476e-07
-4.934440976e-08
4.190147921e-08
-2.073532094e-08
-7.847959495e-08
-5.314731887e-09
3.658569892e-09
-3.264495216e-10
-1.02937445e-08
-1.979635722e-11
6.594798356e-12
7.210981794e-13
2.447093834e-12
6.461953117e-10
-1.101969778e-09
3.002539399e-09
3.803270246e-10
7.564896518e-09
-3.259648339e-09
-9.797054035e-10
9.902083189e-09
-6.423160786e-09
-8.273015515e-09
-8.164890464e-09
9.942321933e-09
-9.569145956e-09
-1.340071211e-08
-1.045525884e-08
1.425946654e-08
-1.056435047e-08
-1.663897568e-08
-9.730154365e-09
1.573215106e-08
-8.00721748e-09
-1.426122409e-08
-5.743739676e-09
1.1786337e-08
-3.509695646e-09
-6.263127163e-09
-1.795574851e-09
3.938000212e-09
-9.627913606e-10
-1.827122855e-10
1.759099076e-09
-1.156670815e-08
3.214302057e-10
1.425612598e-19
4.107065981e-11
1.230615348e-11
-9.940302524e-11
-1.817021163e-16
-2.959825313e-10
2.101888631e-10
-6.271157489e-10
-1.391983896e-16
-1.278868781e-09
6.495852512e-10
-2.537987543e-09
-2.006523977e-09
-2.968588511e-09
2.433949207e-09
-3.808695248e-09
-3.739958839e-09
3.582541089e-09
-2.970623421e-07
2.920893142e-07
-4.568457285e-07
-5.14636831e-07
-6.108793019e-07
6.248042738e-07
-7.284143802e-07
-9.582043824e-07
-7.890439989e-07
8.287063698e-07
-7.87933529e-07
-1.162365722e-06
-7.344003833e-07
7.749597361e-07
-6.45553131e-07
-1.0308701e-06
-5.39169986e-07
5.619182508e-07
-4.29698636e-07
-7.461363877e-07
-3.26871267e-07
3.337935112e-07
-2.365636154e-07
-4.738258297e-07
-1.6177663e-07
1.575412366e-07
-1.025256999e-07
-2.601583271e-07
-5.492743208e-08
4.200695458e-08
-1.708958365e-08
-1.063458266e-07
-3.649588311e-10
-1.193241758e-10
2.413384194e-11
8.088622744e-11
3.822955385e-10
-1.281332881e-09
1.241408552e-09
3.66586573e-09
-3.607041634e-09
-1.188832693e-08
-6.767417804e-09
1.20453628e-08
-9.048644489e-09
-1.125235922e-08
-9.841524579e-09
1.200227233e-08
-1.048070898e-08
-1.464868129e-08
-1.106802286e-08
1.49550219e-08
-1.122995175e-08
-1.454446441e-08
-1.120038989e-08
1.379436802e-08
-1.139632514e-08
-9.18827685e-09
-1.201276398e-08
7.811564474e-09
-6.661814057e-09
-4.155877585e-10
4.391197056e-09
-1.052461159e-08
9.038274644e-09
1.456079858e-08
1.045689853e-08
-1.142968036e-08
8.694287178e-09
9.787650045e-09
1.100249816e-08
-7.117736702e-09
1.413258485e-08
-2.840425408e-10
-4.420484835e-10
-1.405753069e-09
-1.874154422e-09
-1.33273219e-09
-2.295445831e-09
1.820278572e-09
-2.56484338e-09
-2.593017404e-09
-2.499644865e-09
2.433964166e-09
-2.356050601e-09
-2.476877253e-09
1.66400098e-09
-2.858383925e-07
2.731945928e-07
-5.106436223e-07
-4.205134819e-07
-7.776692003e-07
7.750584692e-07
-1.037239189e-06
-1.022809716e-06
-1.238408645e-06
1.281549061e-06
-1.346461219e-06
-1.519720274e-06
-1.351838891e-06
1.425394395e-06
-1.271229159e-06
-1.542040894e-06
-1.138322453e-06
1.190928259e-06
-9.860634144e-07
-1.199120435e-06
-8.371108071e-07
8.582713434e-07
-7.012565036e-07
-8.599473724e-07
-5.799859148e-07
5.825920442e-07
-4.715703645e-07
-6.240329283e-07
-3.738595131e-07
3.66321306e-07
-2.854830362e-07
-4.422269094e-07
-2.062152922e-07
1.925935728e-07
-1.374490486e-07
-2.822742493e-07
-8.415448899e-08
5.490700373e-08
-3.003187995e-08
-1.364018816e-07
-2.683889578e-09
-2.14543765e-09
1.075946691e-09
-1.097612562e-08
2.448059223e-09
-9.268394206e-09
4.228174385e-09
5.265154901e-09
9.178524384e-09
-1.852399656e-08
1.538904421e-08
2.699015268e-08
-9.973799946e-09
-1.908755292e-08
-1.629399821e-08
2.288510554e-08
-1.388973702e-08
-1.42229476e-08
-8.305409505e-09
1.116195935e-08
-5.956831317e-10
-2.530187983e-09
3.675500663e-09
-7.777647546e-10
4.053406887e-09
1.053608116e-08
5.384611459e-09
-1.036584636e-08
7.21222842e-09
1.120686263e-08
8.792325562e-09
-9.845558899e-09
8.375360774e-09
7.154217666e-09
9.939454569e-09
-4.390628815e-09
1.362302597e-08
8.084520111e-09
1.250547753e-08
-1.503206576e-08
8.949667609e-09
-6.492711282e-10
-7.132804803e-10
-2.023324968e-08
-2.095208521e-09
-1.967241434e-09
-1.707290991e-09
-1.690460202e-09
-1.044051453e-09
-8.216781279e-10
-5.173078492e-10
-1.952856523e-09
-7.50299774e-10
1.731117119e-09
-3.732342191e-09
-1.48430497e-07
1.370533573e-07
-3.297069447e-07
-1.905270904e-07
-5.933744733e-07
5.634093803e-07
-9.065061768e-07
-6.733447389e-07
-1.209919887e-06
1.205220579e-06
-1.441516383e-06
-1.290117164e-06
-1.555215451e-06
1.620519342e-06
-1.533823144e-06
-1.575361992e-06
-1.398073619e-06
1.481409854e-06
-1.204962679e-06
-1.282739561e-06
-1.018249165e-06
1.060453699e-06
-8.654343167e-07
-8.546167254e-07
-7.50980907e-07
7.644828142e-07
-6.647810086e-07
-6.38618163e-07
-5.956626862e-07
5.932408687e-07
-5.355531719e-07
-5.274224638e-07
-4.795058246e-07
4.6308664e-07
-4.24526151e-07
-4.368979231e-07
-3.685744751e-07
3.397595668e-07
-3.100072571e-07
-3.479748052e-07
-2.475861793e-07
2.136712364e-07
-1.818352103e-07
-2.598307666e-07
-1.154233863e-07
8.673497483e-08
-4.92437335e-08
-1.708992979e-07
-6.039656413e-09
-4.694871521e-09
1.206029192e-08
-1.120648712e-08
1.397102591e-08
-4.851861597e-08
-5.764468912e-09
5.386118976e-08
-1.855438916e-08
-1.777681697e-08
-9.906393066e-09
-5.866241581e-10
-1.269705141e-09
-6.051108341e-09
2.475611835e-09
-1.111233175e-10
2.977498572e-09
3.73645689e-10
1.594101075e-09
-1.836564727e-10
9.166797858e-10
8.737067932e-09
1.755877187e-09
-8.262672713e-09
2.156413074e-09
9.787836474e-09
2.908052769e-09
-1.472248272e-08
5.362261277e-09
1.142779404e-09
7.542625189e-09
3.044213048e-10
8.26522996e-09
6.776446885e-09
9.169195918e-09
-2.507904517e-09
1.136388882e-08
1.10805833e-08
1.657202532e-08
-3.161045088e-09
2.330459265e-08
1.71335353e-08
2.584876127e-08
-5.829050511e-09
2.140412822e-08
1.123328407e-08
1.471076236e-08
-8.576320077e-09
1.050910301e-08
9.038672613e-09
6.454242411e-09
-9.376511928e-09
-3.995955261e-10
1.684043775e-09
-3.044443478e-09
-2.61860956e-07
2.342301494e-07
-4.948606618e-07
-2.624651382e-07
-7.789991123e-07
7.333548813e-07
-1.056587062e-06
-7.406631753e-07
-1.26666042e-06
1.275939429e-06
-1.362599358e-06
-1.185176308e-06
-1.320644101e-06
1.420281363e-06
-1.156030666e-06
-1.210494603e-06
-9.372357234e-07
1.039844158e-06
-7.47590873e-07
-8.334124624e-07
-6.29563828e-07
6.8415419e-07
-5.570753033e-07
-5.904228973e-07
-5.13120115e-07
5.495514682e-07
-4.808254939e-07
-5.106236369e-07
-4.520772187e-07
4.774044689e-07
-4.233249074e-07
-4.617463555e-07
-3.932887316e-07
4.038631903e-07
-3.616428427e-07
-3.978283253e-07
-3.284483369e-07
3.205738646e-07
-2.93745398e-07
-3.156359067e-07
-2.572926975e-07
2.291451128e-07
-2.183903781e-07
-2.211675177e-07
-1.76204576e-07
1.328955861e-07
-1.315422362e-07
-1.27800205e-07
-8.886704682e-08
5.052760332e-08
-5.356135149e-08
-5.510888384e-08
-2.649421372e-08
9.219350285e-09
-9.576579055e-09
-1.565283752e-08
-2.099431053e-09
1.66138346e-09
-4.879186452e-10
-2.494049587e-09
-4.202354954e-12
1.890777725e-10
1.178571197e-10
-2.037686734e-10
1.419120424e-10
2.544060943e-10
1.068333805e-10
-2.59917667e-10
1.248262224e-10
9.29082578e-09
-4.167221579e-09
-9.2041058e-09
-1.666767317e-08
1.429299018e-08
-1.504793623e-08
-3.276104368e-09
-5.535569586e-09
6.009670692e-10
1.400949779e-10
-3.320846314e-09
5.119647572e-10
3.573826318e-10
6.202455947e-10
9.935845831e-14
8.383268776e-10
8.211635025e-10
1.33518284e-09
-2.40409603e-10
1.849984291e-09
1.474743881e-09
2.494827276e-09
-2.348713761e-10
3.540346942e-09
3.277243253e-09
4.821666631e-09
-7.455367405e-10
6.182101018e-09
6.204450233e-09
8.667331742e-09
-3.319050047e-09
1.319726903e-08
6.557227967e-09
-7.513304902e-09
-3.082299223e-07
2.726135937e-07
-5.246532966e-07
-2.673962616e-07
-7.444772849e-07
7.039659315e-07
-9.183456829e-07
-6.353885328e-07
-1.013277429e-06
1.047613538e-06
-1.008754455e-06
-8.862605046e-07
-8.950398046e-07
9.89373462e-07
-7.168182651e-07
-7.882532186e-07
-5.78674843e-07
6.806348487e-07
-5.130301246e-07
-5.717808811e-07
-4.798055133e-07
5.490143792e-07
-4.585604904e-07
-5.240530712e-07
-4.475444765e-07
4.987496733e-07
-4.362265903e-07
-4.926484297e-07
-4.214224096e-07
4.663212262e-07
-4.016480969e-07
-4.74077845e-07
-3.763167917e-07
4.129027702e-07
-3.454151617e-07
-4.32230075e-07
-3.094753625e-07
3.36134324e-07
-2.695873046e-07
-3.626532508e-07
-2.273589262e-07
2.439936083e-07
-1.847100614e-07
-2.729285926e-07
-1.436380131e-07
1.508343461e-07
-1.059194298e-07
-1.782898869e-07
-7.302595878e-08
7.239490423e-08
-4.612899192e-08
-9.373092695e-08
-2.601100987e-08
2.277747014e-08
-1.266373242e-08
-3.310299597e-08
-5.082219018e-09
3.708929753e-09
-1.618348144e-09
-5.646167387e-09
-3.448462e-10
2.993682557e-10
1.561034013e-11
-4.131612981e-10
9.725912113e-11
2.427468087e-10
1.049828032e-10
-2.193433702e-10
-5.621963008e-10
9.256285799e-09
-5.032059791e-10
-7.250318661e-09
-1.820882748e-09
1.560771641e-09
-6.058731922e-10
-4.825259545e-10
1.180122315e-09
-4.559213228e-10
3.77033467e-09
2.982251966e-09
6.203204281e-09
-2.755039847e-09
5.013281532e-09
9.067339546e-09
2.685128112e-09
-2.826771379e-10
1.164299158e-09
5.158900276e-10
3.813731297e-10
1.757269682e-10
1.96553543e-10
-9.518889245e-11
2.504550703e-10
3.629237979e-10
5.840877428e-10
-2.108515325e-10
1.559195762e-09
1.925204624e-09
3.671734961e-09
-1.215669363e-09
8.87292841e-09
6.397658895e-09
-4.992779712e-09
-5.357142099e-08
4.379915553e-08
-1.490285629e-07
-4.198283492e-08
-2.908876635e-07
2.506196656e-07
-4.449040975e-07
-2.252650495e-07
-5.714185815e-07
5.462798403e-07
-6.493760999e-07
-4.471078234e-07
-6.777195483e-07
7.14437559e-07
-6.602809053e-07
-5.510272835e-07
-5.962162922e-07
6.372525906e-07
-5.089393508e-07
-5.343934284e-07
-4.512431825e-07
5.11219205e-07
-4.332193554e-07
-4.845913508e-07
-4.279895408e-07
4.95162239e-07
-4.262031104e-07
-4.61793951e-07
-4.283874189e-07
4.827816999e-07
-4.29319812e-07
-4.670355937e-07
-4.264890264e-07
4.769523299e-07
-4.181070117e-07
-4.73256829e-07
-4.030665953e-07
4.47643872e-07
-3.809184773e-07
-4.576329262e-07
-3.519007897e-07
3.876470021e-07
-3.170082105e-07
-4.099826183e-07
-2.779758339e-07
3.030693611e-07
-2.369455428e-07
-3.339014836e-07
-1.958656096e-07
2.092537923e-07
-1.561356384e-07
-2.43412804e-07
-1.185895544e-07
1.203176544e-07
-8.398086112e-08
-1.520588458e-07
-5.360426406e-08
4.85231297e-08
-2.939490343e-08
-7.047241073e-08
-1.29795546e-08
9.323227004e-09
-4.230975589e-09
-1.673358581e-08
-1.023778373e-09
5.436128143e-10
-2.617719524e-10
-7.108662894e-10
-3.50851646e-11
1.684058864e-10
4.935443263e-11
-9.754069785e-11
-2.340130398e-10
4.914331124e-09
-2.374619118e-10
-2.772786507e-09
-1.009458027e-09
-1.669680505e-09
-1.405033979e-09
2.496045507e-09
-1.711680631e-09
-2.387003573e-09
1.184227252e-09
2.933145458e-09
6.387348902e-09
-1.025881368e-08
2.78110481e-09
2.074344296e-09
6.536054451e-10
3.275339075e-11
1.64359758e-10
-3.439838329e-12
8.471716006e-11
4.269050346e-11
6.868698169e-11
-3.71041793e-12
9.285702207e-11
1.052977617e-10
2.381306849e-10
-3.352567882e-11
7.118467125e-10
6.71581078e-10
1.791310551e-09
-3.369511729e-10
3.990236849e-09
2.431158152e-09
7.811663845e-09
-3.011950046e-09
9.321863626e-09
1.101155002e-09
1.773980161e-09
-5.818756864e-08
4.026652805e-08
-1.3814477e-07
-3.915804139e-08
-2.323084873e-07
1.93244908e-07
-3.113296118e-07
-1.552344061e-07
-3.626645046e-07
3.504387277e-07
-3.899530238e-07
-2.617761832e-07
-4.01358597e-07
4.323508638e-07
-4.039545563e-07
-3.384702303e-07
-4.025052435e-07
4.580963783e-07
-3.971929182e-07
-3.886624771e-07
-3.843325275e-07
4.445769813e-07
-3.703303031e-07
-3.984993543e-07
-3.731012265e-07
4.326459945e-07
-3.806985605e-07
-4.003839528e-07
-3.910885179e-07
4.456064195e-07
-4.017251922e-07
-4.192248556e-07
-4.100730316e-07
4.628963616e-07
-4.139068186e-07
-4.461057054e-07
-4.115420127e-07
4.616480349e-07
-4.019220144e-07
-4.590562101e-07
-3.846820708e-07
4.285651936e-07
-3.602493135e-07
-4.418470223e-07
-3.297911004e-07
3.639133497e-07
-2.949779381e-07
-3.907058256e-07
-2.576077063e-07
2.790971956e-07
-2.191493337e-07
-3.137318553e-07
-1.804253443e-07
1.87574544e-07
-1.418771426e-07
-2.243991019e-07
-1.041534987e-07
9.93346159e-08
-6.880135966e-08
-1.336224128e-07
-3.841848327e-08
3.05361044e-08
-1.600568249e-08
-5.290581309e-08
-3.661012187e-09
1.559614069e-09
-2.465387176e-10
-5.322793546e-09
-5.633725974e-11
3.193381331e-11
-2.131353124e-12
-1.615683993e-13
2.164319291e-12
7.585028807e-10
2.270363e-10
1.230221485e-10
-8.139337233e-10
-6.129634941e-09
1.123956671e-10
7.891296247e-09
1.20085933e-09
-5.49677886e-09
-3.711861615e-10
6.608075643e-09
-6.082403169e-10
1.003992883e-10
-1.01207581e-10
4.845407456e-10
2.297537491e-11
5.01643851e-12
1.34332269e-11
1.90986984e-11
1.301331723e-11
-8.163458865e-14
2.26266778e-11
2.108118586e-11
6.304451041e-11
6.764599493e-12
1.891386008e-10
7.813477947e-11
5.214756221e-10
1.428784029e-10
1.283318306e-09
1.311496787e-10
2.868308324e-09
2.511716127e-09
4.340900066e-09
-5.263378192e-10
9.71460523e-09
-7.167397771e-09
8.324741538e-09
-7.535888413e-08
3.340451379e-08
-1.119099951e-07
-2.486229157e-08
-1.447123542e-07
1.139466802e-07
-1.710700462e-07
-7.705320412e-08
-1.967740343e-07
1.890514641e-07
-2.242101043e-07
-1.359303756e-07
-2.505634848e-07
2.663249685e-07
-2.719520051e-07
-2.097779197e-07
-2.861536958e-07
3.299164018e-07
-2.937843917e-07
-2.766433194e-07
-2.979515673e-07
3.558154035e-07
-3.024622918e-07
-3.132039942e-07
-3.100336743e-07
3.659441591e-07
-3.216397454e-07
-3.303228452e-07
-3.368385587e-07
3.888557536e-07
-3.541406444e-07
-3.556051213e-07
-3.714313503e-07
4.233443388e-07
-3.864000536e-07
-3.9531999e-07
-3.968982537e-07
4.495003139e-07
-4.012047111e-07
-4.33024416e-07
-3.981524789e-07
4.485455298e-07
-3.872386108e-07
-4.481036178e-07
-3.686694143e-07
4.123976278e-07
-3.433225419e-07
-4.281840796e-07
-3.126623632e-07
3.452702197e-07
-2.78433135e-07
-3.728912482e-07
-2.422555298e-07
2.600076618e-07
-2.053892712e-07
-2.930270064e-07
-1.684617604e-07
1.699418341e-07
-1.314981351e-07
-2.044507879e-07
-9.435088642e-08
8.36064766e-08
-5.782487502e-08
-1.184495088e-07
-2.507911999e-08
1.629303971e-08
-1.447293914e-09
-4.115367297e-08
-1.969247628e-11
-1.052265544e-11
-3.183200204e-12
3.465391394e-11
3.260802774e-12
-1.267967324e-10
7.146035596e-11
1.521853264e-10
6.776532341e-10
-4.983333307e-09
4.643793848e-09
5.806591907e-09
8.812110221e-09
-9.523940338e-09
8.819732391e-09
1.04193859e-08
3.262359626e-09
-2.32799579e-09
5.921301085e-10
2.192198396e-09
3.057133332e-10
-1.895983179e-10
2.358681219e-10
4.471262689e-10
2.194034277e-10
-1.265542297e-10
2.622089947e-10
3.422077524e-10
3.889850374e-10
-2.376423773e-10
6.155217837e-10
4.944727145e-10
9.142399889e-10
-3.226616232e-10
1.200991022e-09
4.908172127e-10
1.401326496e-09
-3.177319173e-10
1.894130447e-09
2.54741318e-10
4.86984265e-09
-5.198477008e-09
2.421888213e-09
-4.811937066e-08
1.734573654e-08
-5.075148875e-08
-8.294512619e-09
-6.168047075e-08
4.986115535e-08
-8.087545801e-08
-3.065650209e-08
-1.058467027e-07
9.827582236e-08
-1.333110493e-07
-7.052483941e-08
-1.599069097e-07
1.635971339e-07
-1.831275731e-07
-1.252219225e-07
-2.016952719e-07
2.280031749e-07
-2.155811057e-07
-1.842879519e-07
-2.259081388e-07
2.715331299e-07
-2.347029439e-07
-2.315919521e-07
-2.443487002e-07
2.944854229e-07
-2.568229426e-07
-2.592926442e-07
-2.730839072e-07
3.206846241e-07
-2.929164143e-07
-2.85325267e-07
-3.151266793e-07
3.630372562e-07
-3.378592999e-07
-3.277078292e-07
-3.589202279e-07
4.100092179e-07
-3.76095157e-07
-3.811048308e-07
-3.874159723e-07
4.403662622e-07
-3.913671136e-07
-4.252546929e-07
-3.87027158e-07
4.377142874e-07
-3.741532046e-07
-4.404230533e-07
-3.532287884e-07
3.965635692e-07
-3.254524091e-07
-4.158891527e-07
-2.926331964e-07
3.23674161e-07
-2.569678162e-07
-3.528872932e-07
-2.207342833e-07
2.354474974e-07
-1.858556912e-07
-2.650356913e-07
-1.53261125e-07
1.49580408e-07
-1.222769408e-07
-1.744896271e-07
-8.996849681e-08
7.073013349e-08
-5.123278811e-08
-1.017878309e-07
-2.084326399e-09
-1.190315846e-10
-6.452135195e-10
-8.033157868e-10
-4.827736945e-09
-6.963120967e-10
6.620986877e-09
-5.674931426e-09
1.220178157e-08
-1.040885912e-08
1.045203235e-08
1.430582525e-08
6.00563057e-09
-7.074662366e-09
2.61220507e-09
2.862568557e-09
8.254613241e-10
-1.189792251e-09
3.851536955e-10
6.135200838e-10
3.44975444e-10
-6.11449269e-10
4.089255845e-10
6.469667603e-10
5.222293083e-10
-6.380582637e-10
6.958753527e-10
9.213828681e-10
9.194535615e-10
-8.009392101e-10
1.127158922e-09
1.037094223e-09
1.223257092e-09
-6.008751894e-10
1.155929767e-09
6.079660562e-10
9.615556392e-10
-1.894192476e-10
7.327768272e-10
1.766870089e-10
6.644783866e-10
-5.90739873e-10
1.457831024e-10
-6.891094912e-09
4.552113145e-09
-1.353936065e-08
-2.298977137e-09
-2.44049145e-08
1.946869699e-08
-3.919601541e-08
-1.186429888e-08
-5.711611998e-08
4.951704526e-08
-7.688574926e-08
-3.36259567e-08
-9.707011434e-08
9.36576585e-08
-1.164413683e-07
-6.833852407e-08
-1.341173104e-07
1.458947331e-07
-1.495087177e-07
-1.130447539e-07
-1.623627707e-07
1.94071494e-07
-1.730927921e-07
-1.595649665e-07
-1.830752204e-07
2.254611505e-07
-1.94317635e-07
-1.935199529e-07
-2.085694742e-07
2.507022184e-07
-2.267300278e-07
-2.178292182e-07
-2.488359509e-07
2.907281874e-07
-2.741537605e-07
-2.535768781e-07
-3.011869307e-07
3.472683157e-07
-3.278172498e-07
-3.098085394e-07
-3.516428573e-07
4.028502551e-07
-3.703564215e-07
-3.73693632e-07
-3.820100347e-07
4.354652748e-07
-3.851504062e-07
-4.222370996e-07
-3.788777588e-07
4.297182616e-07
-3.629622554e-07
-4.364025146e-07
-3.379686258e-07
3.807811102e-07
-3.052673518e-07
-4.056838802e-07
-2.66972504e-07
2.968643839e-07
-2.257712183e-07
-3.319325002e-07
-1.845490605e-07
1.982703273e-07
-1.458822684e-07
-2.319999159e-07
-1.113228053e-07
1.069315615e-07
-8.091596589e-08
-1.324420523e-07
-5.380887799e-08
3.960467646e-08
-3.080970261e-08
-5.758117836e-08
-1.411580201e-08
1.096898073e-08
-7.801509763e-09
-1.69754022e-08
-3.949745027e-09
5.325334438e-10
-1.293946115e-09
-2.608706381e-09
9.776600902e-10
-1.232872891e-09
1.094303954e-09
1.005628699e-09
8.060873585e-10
-4.691779718e-10
5.415591139e-10
5.494377555e-10
3.966692732e-10
-5.943248541e-10
4.443718623e-10
5.226752116e-10
6.246399816e-10
-1.054102223e-09
8.481004308e-10
9.492048493e-10
1.012778999e-09
-1.059693654e-09
1.034897362e-09
8.421659328e-10
9.091936008e-10
-5.072920013e-10
7.100916806e-10
3.74431592e-10
5.2455094e-10
-1.680857531e-10
4.054302059e-10
1.596200869e-10
3.814705282e-10
-1.133025216e-10
1.642535367e-10
-2.772215527e-09
1.058108271e-09
-5.486024929e-09
-3.19184519e-10
-1.056629985e-08
6.872037989e-09
-1.821813842e-08
-3.764713738e-09
-2.84264848e-08
2.204159264e-08
-4.079239398e-08
-1.393563886e-08
-5.464584878e-08
4.86118512e-08
-6.927336107e-08
-3.365139207e-08
-8.399682553e-08
8.566724248e-08
-9.809701856e-08
-6.341896622e-08
-1.10830382e-07
1.28538401e-07
-1.217513633e-07
-1.013139323e-07
-1.312295964e-07
1.638161377e-07
-1.405788563e-07
-1.365530444e-07
-1.514349911e-07
1.874704081e-07
-1.651073638e-07
-1.600954746e-07
-1.826380991e-07
2.176870244e-07
-2.048215829e-07
-1.843254026e-07
-2.316428498e-07
2.702916175e-07
-2.61848647e-07
-2.303958626e-07
-2.931885786e-07
3.388721581e-07
-3.23045277e-07
-2.998851667e-07
-3.489477181e-07
4.00756566e-07
-3.686819374e-07
-3.716975437e-07
-3.803358518e-07
4.344676621e-07
-3.823722823e-07
-4.231957183e-07
-3.738166123e-07
4.247764872e-07
-3.544624439e-07
-4.356724587e-07
-3.250395993e-07
3.668929423e-07
-2.87240392e-07
-3.976925074e-07
-2.436029281e-07
2.721355751e-07
-1.972960247e-07
-3.133351027e-07
-1.51662157e-07
1.663870559e-07
-1.098360277e-07
-2.050128457e-07
-7.423660386e-08
7.856567998e-08
-4.627965188e-08
-1.048380488e-07
-2.622711234e-08
2.555046031e-08
-1.329708223e-08
-3.772036729e-08
-5.959199751e-09
4.531808878e-09
-2.344246706e-09
-7.792363393e-09
-6.94523974e-10
-7.070223932e-10
3.671026594e-10
-1.746801914e-10
6.744331347e-10
-6.512482041e-10
6.813331973e-10
6.704121857e-10
5.772579e-10
-4.924881835e-10
5.101449967e-10
5.570064801e-10
5.176041223e-10
-7.100093467e-10
5.46733134e-10
5.814925776e-10
5.349660133e-10
-5.68293833e-10
4.730935976e-10
4.36485575e-10
3.95396028e-10
-2.796401693e-10
3.353119823e-10
2.612451747e-10
3.184346443e-10
-1.714965661e-10
3.859576058e-10
2.528835924e-10
6.262818822e-10
-3.033117299e-10
6.604818263e-10
-8.118373987e-09
-6.407766487e-10
-7.330555424e-09
2.276446984e-09
-7.738165914e-09
1.809099156e-09
-1.010142177e-08
2.817610769e-10
-1.464228312e-08
8.450277829e-09
-2.108005147e-08
-4.682608975e-09
-2.923995013e-08
2.257096733e-08
-3.893283932e-08
-1.451255045e-08
-4.982807165e-08
4.576423998e-08
-6.129526143e-08
-3.20677542e-08
-7.242324817e-08
7.804707088e-08
-8.236774314e-08
-5.871192703e-08
-9.090716438e-08
1.118562825e-07
-9.867612057e-08
-8.982738376e-08
-1.06635713e-07
1.358437941e-07
-1.154573291e-07
-1.145714845e-07
-1.261321199e-07
1.544915346e-07
-1.407945018e-07
-1.288367619e-07
-1.615882083e-07
1.917408531e-07
-1.888849243e-07
-1.557625757e-07
-2.210783461e-07
2.584810871e-07
-2.556835845e-07
-2.165234185e-07
-2.902245851e-07
3.362954708e-07
-3.224126226e-07
-2.962228291e-07
-3.499761232e-07
4.026462494e-07
-3.705964998e-07
-3.735251849e-07
-3.820713032e-07
4.36988951e-07
-3.826001835e-07
-4.279330124e-07
-3.711250533e-07
4.220024247e-07
-3.47607545e-07
-4.377375431e-07
-3.131853315e-07
3.534572214e-07
-2.701828052e-07
-3.901716514e-07
-2.219772412e-07
2.475597072e-07
-1.724870778e-07
-2.926896435e-07
-1.256725139e-07
1.3700947e-07
-8.492056521e-08
-1.75256466e-07
-5.246473108e-08
5.441322921e-08
-2.90957737e-08
-7.661811059e-08
-1.418533523e-08
1.29148275e-08
-6.002061965e-09
-2.06049823e-08
-2.230779685e-09
1.121619253e-09
-4.935029617e-10
-2.393516552e-09
4.569927503e-10
-6.652552109e-10
1.169144333e-09
8.989111526e-10
1.73531124e-09
-8.311973671e-10
2.217879944e-09
1.66677523e-09
2.659755721e-09
-8.857620094e-10
3.071002832e-09
2.078522668e-09
3.439173994e-09
-7.620574733e-10
3.744234358e-09
2.202705892e-09
3.969318788e-09
-5.756555463e-10
4.122900715e-09
2.139501256e-09
4.27980404e-09
-6.405959696e-10
4.615095475e-09
2.354525633e-09
5.342118934e-09
-1.637503617e-09
3.835389801e-09
-1.783054717e-08
-4.651203412e-09
-1.492134711e-08
-1.267264284e-08
-2.241681524e-09
-1.130327887e-08
4.279994796e-09
-1.104165697e-08
1.653183276e-09
-1.244098294e-08
9.358362952e-10
-1.579736414e-08
8.707368271e-09
-2.105373623e-08
-4.515655185e-09
-2.817806686e-08
2.167540953e-08
-3.676556465e-08
-1.398726368e-08
-4.589522373e-08
4.309946572e-08
-5.446947706e-08
-3.087846093e-08
-6.187259262e-08
7.059821583e-08
-6.841913453e-08
-5.431178022e-08
-7.479252979e-08
9.592168854e-08
-8.067238604e-08
-7.947767545e-08
-8.533242956e-08
1.076256319e-07
-9.079244072e-08
-9.070017021e-08
-1.017217961e-07
1.236123029e-07
-1.21016422e-07
-9.606317112e-08
-1.479909369e-07
1.758218805e-07
-1.803904905e-07
-1.379900764e-07
-2.161088469e-07
2.534595304e-07
-2.534093011e-07
-2.101229698e-07
-2.904749698e-07
3.371567712e-07
-3.250852191e-07
-2.954128029e-07
-3.546130147e-07
4.083633717e-07
-3.762171923e-07
-3.788982464e-07
-3.872232508e-07
4.431014578e-07
-3.855359632e-07
-4.368315234e-07
-3.700340319e-07
4.208317463e-07
-3.409564081e-07
-4.427268825e-07
-3.00058568e-07
3.38450628e-07
-2.506581275e-07
-3.822590783e-07
-1.972190464e-07
2.193168095e-07
-1.446819436e-07
-2.682502552e-07
-9.767189243e-08
1.05395484e-07
-5.961165812e-08
-1.416331137e-07
-3.2109053e-08
3.205873811e-08
-1.480987139e-08
-4.866791841e-08
-5.769057603e-09
4.270990665e-09
-2.197802686e-09
-7.592670057e-09
-1.10361179e-09
-1.328614113e-09
1.661024497e-09
-1.954154057e-11
3.298781882e-09
-3.050775938e-09
4.994362724e-09
4.094895921e-09
6.684449402e-09
-4.125276357e-09
8.429753017e-09
6.037924556e-09
1.033034537e-08
-4.713200059e-09
1.246298213e-08
7.416520436e-09
1.486335225e-08
-5.019649781e-09
1.753016618e-08
8.620603404e-09
2.041997325e-08
-5.608996246e-09
2.34134325e-08
1.001331854e-08
2.623437189e-08
-7.051409001e-09
-1.503164539e-08
-6.126161193e-09
-1.247364128e-08
7.437616872e-09
-1.056308691e-08
-2.814868158e-09
-9.473049689e-09
4.109750067e-09
-9.607117166e-09
1.446902033e-09
-1.170153753e-08
7.743318606e-10
-1.600693714e-08
8.477744688e-09
-2.214797916e-08
-4.69422576e-09
-2.931960447e-08
2.166728222e-08
-3.651575635e-08
-1.510917567e-08
-4.290575785e-08
4.106806984e-08
-4.834232841e-08
-3.087141694e-08
-5.364289643e-08
6.493495955e-08
-5.875109747e-08
-5.223213624e-08
-6.080400715e-08
7.749196109e-08
-5.879326357e-08
-6.708794006e-08
-5.885313473e-08
7.347413581e-08
-6.768950548e-08
-5.57803365e-08
-8.579271347e-08
1.043114354e-07
-1.107718935e-07
-7.564608473e-08
-1.408930864e-07
1.682843831e-07
-1.7527033e-07
-1.297704483e-07
-2.131158973e-07
2.505638851e-07
-2.531860211e-07
-2.050901908e-07
-2.93481364e-07
3.409443565e-07
-3.312611382e-07
-2.966358466e-07
-3.632493913e-07
4.184313548e-07
-3.85965191e-07
-3.883553478e-07
-3.961521579e-07
4.533522101e-07
-3.912896887e-07
-4.507347507e-07
-3.702060475e-07
4.209427553e-07
-3.335835178e-07
-4.509442826e-07
-2.842376522e-07
3.20271684e-07
-2.269668601e-07
-3.726509065e-07
-1.678363699e-07
1.858035427e-07
-1.130972485e-07
-2.377011914e-07
-6.789374556e-08
7.202042383e-08
-3.508644255e-08
-1.036422371e-07
-1.476746172e-08
1.374691491e-08
-4.620580201e-09
-2.358868962e-08
-1.044173374e-09
4.578787774e-10
-4.349053822e-10
-1.058218225e-09
6.389708111e-10
-3.334530218e-09
2.353617356e-09
9.313965721e-10
4.347782848e-09
-5.768588975e-09
6.46396461e-09
1.684468472e-09
8.455833675e-09
-7.132677279e-09
9.971500156e-09
9.425546952e-10
1.085033553e-08
-8.082230741e-09
1.135562371e-08
4.44429055e-10
1.198025375e-08
-9.557703745e-09
1.3151186e-09
-1.344136283e-08
-8.042821337e-09
-1.113871875e-08
8.195949528e-09
-9.550827545e-09
-4.935138584e-09
-8.887309503e-09
5.504196064e-09
-9.341243819e-09
-2.288870538e-09
-1.107712559e-08
3.470066866e-09
-1.40735538e-08
2.124944103e-09
-1.838794329e-08
-1.508869076e-10
-2.335462307e-08
1.088667409e-08
-2.849684168e-08
-8.633329169e-09
-3.342366407e-08
2.358343292e-08
-3.749394402e-08
-1.878905352e-08
-4.112371683e-08
4.151604597e-08
-4.537642242e-08
-3.287730662e-08
-4.768493744e-08
5.83716484e-08
-4.257738862e-08
-5.023745402e-08
-3.4029961e-08
4.250394343e-08
-3.298440532e-08
-3.28017649e-08
-4.175891483e-08
5.238764585e-08
-5.733067734e-08
-3.447693506e-08
-7.80338071e-08
9.60016791e-08
-1.036457884e-07
-6.786482283e-08
-1.344319514e-07
1.614284255e-07
-1.704715164e-07
-1.217103463e-07
-2.111730294e-07
2.486655112e-07
-2.550146942e-07
-2.000199673e-07
-2.995334666e-07
3.48102088e-07
-3.414188586e-07
-3.001757764e-07
-3.766442411e-07
4.337994664e-07
-4.007892857e-07
-4.026900779e-07
-4.096724616e-07
4.687167058e-07
-4.00132878e-07
-4.711661173e-07
-3.70994771e-07
4.216645084e-07
-3.238197985e-07
-4.62735675e-07
-2.632558225e-07
2.961566218e-07
-1.96506608e-07
-3.587248831e-07
-1.320272948e-07
1.450493446e-07
-7.756393522e-08
-1.974397596e-07
-3.806287616e-08
3.89477417e-08
-1.437989503e-08
-6.199780579e-08
-3.515410363e-09
2.60603187e-09
-3.469350218e-10
-5.688554711e-09
-1.940013024e-11
2.416230559e-11
6.791870376e-11
-5.905196221e-13
1.785737641e-10
1.113393751e-10
2.911930422e-10
-7.02129248e-11
4.020538719e-10
2.47212691e-10
5.279481889e-10
-1.420518211e-10
6.83831237e-10
2.979316683e-10
8.637163079e-10
-1.258024216e-10
1.040146838e-09
9.465019337e-11
3.567118261e-11
-1.314777825e-08
-8.417336152e-09
-1.257991733e-08
-1.359486435e-08
-6.382484396e-09
-1.659010005e-08
8.241203239e-09
-2.114718821e-08
-5.015051699e-09
-2.61591004e-08
7.204376895e-09
-3.09568362e-08
-5.994292048e-10
-3.038038276e-08
-8.170890419e-09
-3.079915197e-08
7.539876214e-09
-3.139506688e-08
-5.621005601e-09
-3.245121772e-08
1.554512134e-08
-3.368792775e-08
-1.26310491e-08
-3.499241078e-08
2.603089261e-08
-3.699611542e-08
-2.044043695e-08
-3.87366562e-08
4.184781367e-08
-3.401038964e-08
-3.29257676e-08
-2.197107776e-08
2.558923569e-08
-1.47783952e-08
-1.977118931e-08
-1.665074574e-08
2.146445899e-08
-2.40308762e-08
-1.260482595e-08
-3.530779808e-08
4.566132789e-08
-5.043045515e-08
-2.913357147e-08
-7.014748657e-08
8.75466127e-08
-9.552851264e-08
-5.987020736e-08
-1.274061127e-07
1.536459033e-07
-1.658768745e-07
-1.120946668e-07
-2.102229657e-07
2.47883572e-07
-2.588403039e-07
-1.949690761e-07
-3.089707477e-07
3.589934057e-07
-3.565582326e-07
-3.057524462e-07
-3.963605155e-07
4.562304573e-07
-4.224521712e-07
-4.234425778e-07
-4.291215969e-07
4.907550325e-07
-4.122549539e-07
-5.007999475e-07
-3.708530686e-07
4.213581009e-07
-3.083337853e-07
-4.782576174e-07
-2.327115535e-07
2.611715451e-07
-1.55374696e-07
-3.351034809e-07
-8.821122667e-08
9.54744611e-08
-3.983630052e-08
-1.425688024e-07
-1.252826221e-08
1.149945141e-08
-1.907795897e-09
-2.191236621e-08
-4.580241768e-15
9.62446308e-16
8.071025978e-16
-7.507799948e-18
1.421570806e-11
3.382665762e-11
5.501424259e-11
-1.097322567e-11
1.261513169e-10
7.65452183e-11
2.323153667e-10
-2.804609386e-11
3.789948555e-10
3.232546848e-11
5.534403919e-10
2.091184975e-11
7.326749225e-10
-1.658192242e-10
-2.383049022e-08
-1.113171512e-08
-2.816920591e-08
-3.237478756e-08
-7.010593644e-09
-3.65768321e-08
1.318791892e-08
-3.845687091e-08
2.932580855e-08
-3.536330588e-08
-7.528624283e-10
-3.196486349e-08
5.580603336e-09
-3.106229995e-08
-6.577045549e-09
-3.048822007e-08
1.084955592e-08
-3.032153219e-08
-9.276641374e-09
-3.042711069e-08
1.609729765e-08
-3.021524721e-08
-1.263371178e-08
-2.890258293e-08
2.399806634e-08
-2.387230956e-08
-1.613350864e-08
-1.385572083e-08
1.451844339e-08
-6.428960749e-09
-9.485258974e-09
-5.480098607e-09
6.970474827e-09
-7.8572992e-09
-3.595346585e-09
-1.251536101e-08
1.755965286e-08
-1.938030922e-08
-9.917740677e-09
-2.885043533e-08
3.88806673e-08
-4.218105982e-08
-2.410066399e-08
-6.109089062e-08
7.721319128e-08
-8.665948895e-08
-4.993764091e-08
-1.197036506e-07
1.451383139e-07
-1.607332128e-07
-1.015311162e-07
-2.0949506e-07
2.472187728e-07
-2.645112086e-07
-1.883349127e-07
-3.226107508e-07
3.744260026e-07
-3.786039814e-07
-3.130518014e-07
-4.252731095e-07
4.890016902e-07
-4.540731906e-07
-4.536113191e-07
-4.566533743e-07
5.221022167e-07
-4.273326278e-07
-5.447533452e-07
-3.659677708e-07
4.157788281e-07
-2.800952992e-07
-4.965627647e-07
-1.847827245e-07
2.065339902e-07
-9.89392637e-08
-2.898991448e-07
-3.832206963e-08
3.980093132e-08
-7.988497903e-09
-6.961942868e-08
-4.058265637e-18
3.146832726e-18
3.149909105e-17
1.382081556e-17
3.291799108e-12
3.205534966e-13
1.849585893e-11
5.382128315e-12
5.366001369e-11
-4.2824475e-12
1.152086392e-10
2.657539523e-11
2.153916811e-10
-6.050506758e-11
-5.094173802e-08
-3.581385778e-08
-7.038646392e-08
2.65849475e-08
-6.371905401e-08
-2.974069832e-08
-3.976100256e-08
6.405810212e-08
-2.910808208e-08
-3.603224399e-09
-3.176857294e-08
-9.611797597e-10
-3.002253754e-08
4.787536386e-09
-2.807721609e-08
-3.643823516e-09
-2.638595539e-08
8.841803562e-09
-2.418476134e-08
-6.504621343e-09
-1.990029862e-08
9.937135336e-09
-1.313743494e-08
-5.774117358e-09
-6.20952064e-09
4.908346372e-09
-2.20516972e-09
-1.764595093e-09
-1.198544116e-09
1.626892168e-09
-1.669275339e-09
-4.185146763e-10
-3.234867122e-09
5.103527358e-09
-5.876073257e-09
-2.196859875e-09
-9.189586476e-09
1.452059768e-08
-1.369522027e-08
-8.782990062e-09
-2.159488977e-08
3.024617516e-08
-3.372748193e-08
-1.72811816e-08
-5.138354598e-08
6.627265713e-08
-7.618699155e-08
-4.019540968e-08
-1.09771582e-07
1.339792135e-07
-1.534783984e-07
-8.813960371e-08
-2.078461143e-07
2.451404568e-07
-2.7183821e-07
-1.776592307e-07
-3.419381045e-07
3.960836859e-07
-4.111953566e-07
-3.216103276e-07
-4.689522876e-07
5.387220553e-07
-5.016578463e-07
-4.993648282e-07
-4.957911215e-07
5.670628571e-07
-4.428118042e-07
-6.134118671e-07
-3.456685859e-07
3.929217994e-07
-2.229769501e-07
-5.111943206e-07
-1.066687512e-07
1.180602167e-07
-2.86854909e-08
-1.947184902e-07
-3.166098484e-16
-5.573202824e-17
2.314292164e-16
5.91475816e-17
1.188956971e-11
-1.298359732e-11
5.199924276e-11
2.334180178e-11
1.241629702e-10
-5.466019196e-11
9.00749651e-11
-1.76248174e-08
-1.373558603e-08
-1.605654602e-08
-1.632947643e-08
-3.533469729e-08
-9.794611291e-09
2.119411201e-09
-9.403872744e-09
3.388751205e-09
-1.003343199e-08
-2.804487018e-09
-1.123797088e-08
4.255859124e-09
-1.342789338e-08
-3.191054406e-09
-1.651148362e-08
5.140370863e-09
-1.84850611e-08
-2.847443767e-09
-1.63237374e-08
3.366681548e-09
-1.015874494e-08
-1.31520626e-09
-4.168572629e-09
4.05554071e-10
-1.192762722e-09
3.618333763e-10
-4.110171915e-10
2.568508745e-11
-4.392353877e-10
1.09083789e-10
-9.055466356e-10
7.079817358e-10
-1.837988272e-09
-6.209939784e-10
-2.701088729e-09
5.368907792e-09
-3.392016758e-09
-3.000920908e-09
-5.444341255e-09
9.620389883e-09
-9.053332278e-09
-5.628729531e-09
-1.50554458e-08
2.281972085e-08
-2.473350849e-08
-1.261239991e-08
-3.980683178e-08
5.321014913e-08
-6.249550829e-08
-2.961725581e-08
-9.546138757e-08
1.174340239e-07
-1.415117525e-07
-6.969672512e-08
-2.028891173e-07
2.388717014e-07
-2.799851541e-07
-1.586734822e-07
-3.69418134e-07
4.271564635e-07
-4.617725431e-07
-3.296594086e-07
-5.396867202e-07
6.201026986e-07
-5.785786904e-07
-5.741871458e-07
-5.519415806e-07
6.322737583e-07
-4.451935223e-07
-7.321870465e-07
-2.743801118e-07
3.122038747e-07
-9.901921274e-08
-4.842930787e-07
-4.30314758e-11
1.269183512e-12
-4.075129639e-11
-1.556536047e-12
-1.123892575e-11
-5.742628327e-11
6.963594381e-11
3.974423283e-11
1.9268758e-10
-1.450591415e-10
-7.446342561e-09
5.338861044e-10
-8.089624592e-09
-8.337889914e-09
1.275030878e-09
-7.867607002e-09
-6.966585199e-09
1.972842816e-09
-5.886064729e-09
-1.162329276e-09
-5.002634189e-09
1.852982463e-09
-5.078471448e-09
-1.266699005e-09
-7.104890301e-09
8.840392881e-11
-9.852785238e-09
-6.69064374e-11
-9.329358872e-09
-2.083929089e-09
-6.017854892e-09
3.767263159e-09
-3.088449005e-09
-7.71691981e-10
-1.671964437e-09
1.85109107e-09
-1.124026958e-09
8.750532118e-11
-1.062450394e-09
4.899376569e-10
-1.289292156e-09
1.850870459e-09
-1.537324153e-09
-1.33039042e-09
-1.85568447e-09
3.810312655e-09
-2.399226441e-09
-3.073997428e-09
-3.393581947e-09
7.47596989e-09
-5.288368447e-09
-5.37597507e-09
-8.777705124e-09
1.593008048e-08
-1.496381449e-08
-9.453788682e-09
-2.566285744e-08
3.689134677e-08
-4.376763473e-08
-1.824203704e-08
-7.340318825e-08
9.135847143e-08
-1.197430528e-07
-4.382925595e-08
-1.886391699e-07
2.218113533e-07
-2.848617651e-07
-1.229527333e-07
-4.084493277e-07
4.721723032e-07
-5.482512942e-07
-3.271280463e-07
-6.731512395e-07
7.74180884e-07
-7.244308573e-07
-7.147580492e-07
-6.258946815e-07
7.188390688e-07
-3.401511248e-07
-9.973790335e-07
-9.608450754e-12
3.912092138e-13
-9.091272001e-12
-9.254788933e-12
-9.983026592e-12
-4.838542578e-09
7.835027926e-10
-3.953486018e-09
-3.02825729e-09
8.241883465e-10
-2.240505104e-09
-4.982383371e-10
-1.980169804e-09
2.07873784e-10
-3.369480384e-09
-2.527410913e-10
-6.657376287e-09
-4.510956168e-09
-8.010180729e-09
3.598202109e-09
-6.444438231e-09
-3.528398287e-09
-4.120683095e-09
5.220950972e-09
-2.318069058e-09
-1.16388945e-09
-1.193169246e-09
2.092134397e-09
-7.074438411e-10
8.768016374e-10
-1.093384177e-09
-4.968752181e-10
-1.663200969e-09
2.569314823e-09
-2.311806942e-09
-1.854141065e-09
-2.898296562e-09
4.809007205e-09
-3.23455779e-09
-4.376025541e-09
-3.256345592e-09
7.251278731e-09
-3.241051274e-09
-7.267820328e-09
-3.798691061e-09
1.031770343e-08
-5.596707577e-09
-8.463060457e-09
-9.961103629e-09
1.735825062e-08
-1.952729937e-08
-7.579671133e-09
-3.942399872e-08
5.040154682e-08
-7.75958989e-08
-1.16230559e-08
-1.458624156e-07
1.722315866e-07
-2.635832812e-07
-5.262349997e-08
-4.548303471e-07
5.259575406e-07
-7.354897607e-07
-2.399446313e-07
-1.062100446e-06
1.223268269e-06
-2.298983289e-09
2.459972232e-10
-1.605664288e-09
-1.082959115e-09
1.98229539e-10
-7.192629303e-10
-7.747270051e-10
-1.026148965e-09
-2.057686167e-09
-4.022609425e-09
-5.369657622e-09
-4.181460471e-09
2.083263406e-09
-2.790556195e-09
-2.815668471e-09
-1.153908806e-09
1.701790414e-09
-2.11362927e-10
2.454677348e-10
-3.321623787e-10
-1.055155951e-10
-6.571538982e-10
1.090337213e-09
-1.236794199e-09
-4.987275538e-10
-2.147110549e-09
3.336958545e-09
-3.392661246e-09
-2.054854584e-09
-4.816935957e-09
7.276819145e-09
-5.981102891e-09
-6.041892043e-09
-6.13425216e-09
9.692277849e-09
-4.600123411e-09
-1.122980238e-08
-2.492472464e-09
6.437050369e-09
-7.978821231e-10
-8.269610073e-09
-1.934010633e-12
1.886025467e-11
-6.393047865e-13
-1.346260149e-15
7.463546029e-14
1.693995896e-15
9.877423613e-16
5.097551713e-13
-1.49281589e-10
-1.560719391e-11
-1.240243576e-10
-8.463344031e-11
-4.184089823e-11
-5.378738125e-11
-5.235688942e-11
3.977532193e-11
-6.844928166e-11
-1.132105539e-10
1.610025093e-10
-2.3505202e-10
-5.472256029e-10
9.449014568e-10
-1.235232784e-09
-2.567064371e-09
4.023257917e-09
-4.836677821e-09
-7.886994402e-09
1.175383354e-08
-7.830836653e-09
-6.859251407e-09
1.054885894e-08
)
;

boundaryField
{
    dominio_ascii
    {
        type            calculated;
        value           nonuniform List<scalar> 
168
(
6.90809974e-14
1.911433526e-15
1.85838439e-14
1.444343012e-12
1.524845258e-12
2.300699119e-10
1.033717336e-10
-3.750594887e-08
3.230161947e-10
1.205373902e-17
1.943812987e-10
1.671717222e-23
4.309845948e-11
-1.494615866e-08
2.548806699e-09
3.775189619e-09
-5.514963707e-11
6.480766219e-09
7.607147303e-09
2.590064636e-09
9.91218811e-09
5.473228875e-09
3.230835919e-08
3.16536073e-08
2.387821918e-09
1.088265234e-08
1.626813587e-08
5.280055468e-08
2.147997035e-08
8.519544798e-10
1.517341327e-08
8.654578384e-10
3.975156608e-08
1.925848159e-08
6.678096614e-09
-4.53620206e-06
2.252290738e-09
2.210923915e-13
-5.531764463e-12
-7.021259835e-12
-1.282509381e-08
-1.979499587e-08
1.349224434e-10
6.011691454e-11
3.824632083e-11
1.600270219e-11
2.510558281e-13
7.115733762e-14
5.629239849e-15
1.012051728e-13
1.729003185e-11
2.206601885e-13
-7.851370588e-12
1.783117977e-11
7.01057899e-12
2.778506422e-10
1.313786598e-10
1.20711286e-10
-3.448708356e-08
-6.423590494e-08
8.551678707e-12
2.634205127e-11
3.488020121e-10
1.574382397e-10
3.000494692e-26
2.856854845e-27
4.375054132e-10
4.043058808e-10
1.382000913e-28
1.105056748e-11
6.279744491e-10
5.103412149e-10
2.109007632e-11
4.916267806e-10
6.723256984e-10
-6.277285069e-12
4.040657774e-09
1.378436086e-11
-1.422912486e-09
9.713037922e-09
-8.987095321e-10
-1.65526818e-09
1.05621858e-08
7.947703505e-09
2.790509544e-09
6.725843972e-09
1.211835992e-08
1.648920936e-08
3.356509107e-09
1.005294244e-08
1.024622067e-08
3.368193784e-09
2.830391057e-09
7.956481241e-09
4.775100008e-09
3.378786975e-09
7.404592755e-09
1.821331371e-08
7.259100117e-09
6.103018688e-09
4.880617465e-08
1.337297625e-09
3.901998358e-09
9.01356919e-09
1.369245308e-09
9.205967341e-10
3.100139872e-09
3.293440867e-09
2.28864255e-09
1.206299623e-08
7.719092341e-09
7.808686376e-09
2.230161385e-08
1.879149398e-08
2.65929228e-08
3.898377157e-08
2.137917461e-08
1.148969386e-08
3.368848207e-08
2.317533425e-09
2.296470469e-09
2.75655707e-08
1.561381514e-08
1.561670857e-09
3.020389075e-08
1.087208897e-09
7.002554237e-10
3.653230498e-08
2.274241503e-08
4.20288652e-10
3.333258497e-08
7.354081889e-10
8.196705547e-10
8.313871354e-09
1.087373051e-10
4.590180529e-10
6.215871121e-09
3.090869464e-09
-2.132330174e-10
-8.397897138e-10
3.100153909e-13
4.318870512e-09
3.608175549e-09
1.64498502e-09
8.49246466e-13
2.115140008e-11
8.137463156e-10
5.911846278e-10
1.701659164e-10
7.513207469e-11
-2.624538824e-11
-1.734800975e-11
-7.748966954e-13
1.428700032e-12
2.174836152e-11
-8.932809156e-12
-7.204799388e-12
-3.984868994e-12
-2.783743457e-12
-1.994718961e-12
-1.914314789e-12
-2.299485653e-12
-2.589013485e-12
-2.59035432e-12
1.22502775e-12
-4.810335641e-12
-1.108254974e-08
-1.243571327e-08
)
;
    }
    wallFilmFaces_top
    {
        type            calculated;
        value           uniform 0;
    }
    region0_to_wallFilmRegion_wallFilmFaces
    {
        type            calculated;
        value           uniform 0;
    }
}


// ************************************************************************* //
