/*--------------------------------*- C++ -*----------------------------------*\
| =========                 |                                                 |
| \\      /  F ield         | OpenFOAM: The Open Source CFD Toolbox           |
|  \\    /   O peration     | Version:  2.1.x                                 |
|   \\  /    A nd           | Web:      www.OpenFOAM.org                      |
|    \\/     M anipulation  |                                                 |
\*---------------------------------------------------------------------------*/
FoamFile
{
    version     2.0;
    format      ascii;
    class       volVectorField;
    location    "0.9";
    object      Uf;
}
// * * * * * * * * * * * * * * * * * * * * * * * * * * * * * * * * * * * * * //

dimensions      [0 1 -1 0 0 0 0];

internalField   nonuniform List<vector> 
2828
(
(-0.1592116651 0 -0.1504604146)
(-0.1927852473 0 -0.1342967357)
(-0.2707124627 0 -0.1353279381)
(-0.247229835 0 0.03499823786)
(-0.6941201644 0 -0.02211109774)
(-0.1202172142 0 -0.1801709153)
(-0.1267369773 0 -0.1673943059)
(-0.1424773619 0 -0.1707594702)
(-0.2071006888 0 -0.1781545281)
(-0.220421088 0 -0.2983531457)
(0.252583954 0 -0.3296972798)
(0.4789053803 0 -0.3276512329)
(0.3084523448 0 -0.2122049766)
(0.4762428725 0 -0.3367899304)
(0.9581297702 0 -0.6828216571)
(1.182999151 0 -0.8435894508)
(1.266190225 0 -0.8558664949)
(-0.1183555148 0 -0.236551727)
(-0.1191427267 0 -0.2266228652)
(-0.1328974114 0 -0.225738097)
(-0.1456709662 0 -0.2190628943)
(-0.1833281588 0 -0.2298554823)
(-0.4220704796 0 -0.2917299143)
(0.07004321813 0 -0.1930977693)
(0.2286630238 0 -0.1568042368)
(0.2330566545 0 -0.1621619514)
(0.4997263584 0 -0.3519673864)
(0.8339793853 0 -0.5894530816)
(1.072217254 0 -0.756062815)
(1.192778483 0 -0.822804204)
(1.242527605 0 -0.821200348)
(-0.4048989169 0 0.1801345784)
(-0.3961879246 0 -0.1370333441)
(-0.1147054968 0 -0.258670501)
(-0.1239933485 0 -0.2636580931)
(-0.1395989043 0 -0.2796337474)
(-0.1594081194 0 -0.2978652628)
(-0.7979072323 0 -1.03821717)
(-1.671382583 0 -1.639823073)
(-0.9769687258 0 -0.4997934039)
(-0.2186415706 0 -0.2677282109)
(0.2255120013 0 -0.157922279)
(0.4455375508 0 -0.3136415873)
(0.7180472145 0 -0.5069425003)
(0.9432655383 0 -0.6639880485)
(1.088949571 0 -0.7562203353)
(1.166977377 0 -0.7836410484)
(1.171487636 0 -0.7616245001)
(-0.412253538 0 -0.1844139086)
(-0.4480007584 0 -0.1789306783)
(-0.5386236891 0 0.2676184639)
(-0.7024593247 0 0.656827365)
(-0.1028946728 0 -0.2638216982)
(-0.6899339864 0 -0.7800242769)
(-1.221639433 0 -1.242096856)
(-1.268661938 0 -1.32307396)
(-1.373723941 0 -1.904048095)
(-2.614908722 0 -3.600692935)
(-3.532133253 0 -4.105979062)
(-0.9168635313 0 -0.5603651566)
(0.1281433392 0 -0.2236539139)
(0.3933843494 0 -0.2769500155)
(0.6163472683 0 -0.4351379741)
(0.8232366248 0 -0.5795367354)
(0.9768474849 0 -0.680381601)
(1.071437605 0 -0.7296747878)
(1.106540419 0 -0.7281241727)
(1.03129626 0 -0.6659586839)
(-0.3924350313 0 -3.343976504)
(-0.4979966144 0 -0.2340680603)
(-0.6623301444 0 0.2623273381)
(-0.4633354235 0 0.9671009081)
(-0.601215443 0 0.7069987489)
(-0.2802080527 0 -0.407198781)
(-1.461023331 0 -1.485467567)
(-1.8960502 0 -1.83937231)
(-2.054610892 0 -1.949877061)
(-2.05236982 0 -1.975162711)
(-2.043021854 0 -2.405079752)
(-2.632833587 0 -3.988812766)
(-2.781218201 0 -4.218678094)
(-0.7427042419 0 -0.8443551333)
(0.3539269215 0 -0.2666658196)
(0.5105127202 0 -0.3725646957)
(0.7216830693 0 -0.5142337522)
(0.8687671178 0 -0.606719133)
(0.9735379673 0 -0.6679308374)
(1.026727787 0 -0.6853362305)
(1.009143365 0 -0.6530775981)
(0.8275786012 0 -0.5244701284)
(0.5106752049 0 -1.179853597)
(-0.06222423988 0 -0.2615982019)
(0.855638078 0 -0.6644994263)
(1.387127028 0 0.633360893)
(0.5408198117 0 -0.6016304412)
(0.6268793642 0 -0.6622335605)
(-0.6876199664 0 -0.7886529922)
(-1.689681089 0 -1.742751893)
(-2.071773551 0 -2.041549323)
(-2.316713033 0 -2.1951683)
(-2.451918756 0 -2.268346587)
(-2.476352823 0 -2.278325765)
(-2.394067018 0 -2.217574032)
(-2.187160623 0 -2.075121116)
(-1.624086709 0 -1.881731095)
(0.652898841 0 -0.5585506186)
(0.275107281 0 0.4659694058)
(0.2926071977 0 0.3869602038)
(0.7775542894 0 -0.5289710482)
(0.8971199798 0 -0.6066807204)
(0.9527957551 0 -0.6324689891)
(0.9594597096 0 -0.6113875428)
(0.7739906256 0 -0.4767808441)
(-0.3240522635 0 0.04577549549)
(-0.3379853294 0 0.2319714178)
(-0.2436226795 0 0.277898006)
(0.3350030463 0 -0.3746742354)
(0.4366245116 0 -0.471747231)
(0.5141498521 0 -0.5405687751)
(0.567562622 0 -0.5562745704)
(-0.6081112562 0 -0.8132448725)
(-1.61859388 0 -1.749148242)
(-2.04377441 0 -2.097818664)
(-2.370476411 0 -2.31990827)
(-2.635156771 0 -2.480085704)
(-2.821070089 0 -2.606650889)
(-2.897994845 0 -2.674016395)
(-2.834070481 0 -2.624350864)
(-2.60565324 0 -2.428245012)
(-2.20265899 0 -2.089637917)
(-1.60729492 0 -1.619735564)
(0.01009431057 0 -0.2174977437)
(0.573203025 0 0.01657668556)
(0.7543843336 0 -0.0559008415)
(0.707100515 0 -0.2869066625)
(0.7252549791 0 -0.575085261)
(0.4042293008 0 -0.4306208082)
(-0.2400580412 0 0.1810495333)
(-0.2139424562 0 0.2066932515)
(-0.17098495 0 0.2437549017)
(-0.06191498078 0 0.2565106577)
(0.3423895548 0 -0.3806478545)
(0.4300424857 0 -0.4254111979)
(0.4011220349 0 -0.4176134181)
(-0.02385735135 0 -0.2496407173)
(-0.2003355334 0 -0.2422920656)
(-1.278781949 0 -1.475554835)
(-1.845087209 0 -2.005754855)
(-2.220753636 0 -2.300582095)
(-2.582580957 0 -2.54149216)
(-2.959493434 0 -2.801724535)
(-3.320436234 0 -3.102993711)
(-3.556039187 0 -3.31747329)
(-3.548192889 0 -3.306864316)
(-3.283245002 0 -3.068838918)
(-2.798487498 0 -2.642688924)
(-2.153238107 0 -2.073330519)
(-1.45868446 0 -1.419375832)
(0.5436142374 0 0.5920557801)
(0.5224230823 0 0.7100377261)
(0.6550412259 0 -0.05396975484)
(0.3701562385 0 -0.4246333057)
(0.1283568329 0 0.002405996373)
(-0.240142807 0 0.1306301794)
(-0.2127268613 0 0.1490602208)
(-0.1742753789 0 0.1235515801)
(-0.3557017334 0 0.3578340835)
(-0.6970522405 0 0.6228591028)
(-0.520970162 0 0.5950947118)
(-0.4036336031 0 0.4068490826)
(-0.3477960563 0 0.3780702315)
(-0.1722921375 0 -0.1822720954)
(-0.2390238632 0 -0.1255596346)
(-0.6052013561 0 -0.817764005)
(-1.486426345 0 -1.737592841)
(-1.90418296 0 -2.120579329)
(-2.296172774 0 -2.41085773)
(-2.775439054 0 -2.72850877)
(-3.440190705 0 -3.210110251)
(-4.150459348 0 -3.818717694)
(-4.616447358 0 -4.214119144)
(-4.699008023 0 -4.268346748)
(-4.505833865 0 -4.101530996)
(-4.045382655 0 -3.720829928)
(-3.272347346 0 -3.0882073)
(-2.186472822 0 -2.205648998)
(-1.01834504 0 -1.193884616)
(0.06968841521 0 -0.3996084958)
(0.2445393288 0 -0.3639847049)
(-0.4353076697 0 -0.01637346615)
(-0.4468168713 0 0.249869385)
(-0.7634084775 0 0.004296053003)
(-0.2023514678 0 0.0267898348)
(-0.2183914852 0 -0.1113165426)
(-0.271111124 0 0.3242652867)
(-0.7791398813 0 1.001817029)
(-0.9271796065 0 1.477951798)
(-0.7997156907 0 1.363510842)
(-0.4836693827 0 0.6866604023)
(-0.3040305739 0 0.3224279031)
(-0.4430242445 0 0.185395547)
(-0.752874104 0 -1.040352944)
(-1.443119146 0 -1.770860152)
(-1.852862059 0 -2.121117013)
(-2.308196031 0 -2.430853849)
(-3.007744496 0 -2.912389666)
(-4.097698422 0 -3.671015399)
(-4.858025049 0 -4.317090052)
(-5.274368088 0 -4.735938603)
(-5.416606025 0 -4.846813726)
(-5.427539783 0 -4.850550857)
(-5.320918392 0 -4.752040759)
(-5.079052856 0 -4.525830419)
(-4.656876242 0 -4.138258809)
(-3.971964291 0 -3.559726089)
(-2.957662696 0 -2.766184262)
(-1.802884144 0 -1.788593963)
(-0.7987095126 0 -0.6893074119)
(-0.4964647413 0 0.38802793)
(-0.8602059566 0 -0.001697609483)
(-0.1510195135 0 0.01459026357)
(0.1050563478 0 0.02351552902)
(0.3183865695 0 0.2579090797)
(0.7517247652 0 0.3798108402)
(-0.4259969948 0 0.4149233889)
(-0.4253293407 0 0.501913149)
(-0.4046772549 0 0.6547084326)
(-0.2619204502 0 0.5995092091)
(-0.362477978 0 0.4979320857)
(-0.6006434407 0 -1.032951381)
(-1.283376202 0 -1.685344718)
(-1.730343915 0 -2.030194495)
(-2.278430616 0 -2.396715527)
(-3.139322462 0 -3.135503467)
(-4.210707576 0 -3.991556683)
(-4.969355704 0 -4.314412715)
(-5.421947286 0 -4.86263447)
(-5.646451417 0 -5.048871058)
(-5.74392128 0 -5.130027981)
(-5.729333334 0 -5.115247524)
(-5.583306473 0 -4.976940023)
(-5.249158956 0 -4.671622072)
(-4.631380176 0 -4.171928358)
(-3.670466967 0 -3.480839349)
(-2.440057594 0 -2.555254401)
(-1.080129237 0 -1.255045455)
(-0.3711995409 0 0.2175294875)
(-0.8155338982 0 -0.01436581581)
(-0.05083161528 0 0.01697489585)
(0.1390770821 0 -0.006318252421)
(0.3959687694 0 0.1895921547)
(0.5291946878 0 0.3018610034)
(-0.4403895861 0 0.4793846104)
(-0.3458288715 0 0.5722737895)
(-0.2910245528 0 0.6396855043)
(-0.2833796472 0 0.705682611)
(-0.2158842358 0 0.5109518217)
(-0.2274013172 0 0.7580188861)
(-0.3770053492 0 -0.9282987577)
(-1.059292257 0 -1.533611643)
(-1.578577477 0 -1.890677626)
(-2.196820557 0 -2.285723135)
(-2.966434674 0 -2.875093749)
(-3.773720532 0 -3.649220111)
(-4.858987787 0 -4.384009558)
(-5.437886471 0 -4.874265265)
(-5.766161018 0 -5.148870205)
(-5.947163398 0 -5.299674121)
(-6.01405959 0 -5.35424077)
(-5.956020225 0 -5.297663484)
(-5.724859932 0 -5.093067708)
(-5.229855482 0 -4.70417081)
(-4.395500642 0 -4.122588147)
(-3.23360611 0 -3.340051097)
(-1.704144825 0 -2.18200822)
(-0.4407025478 0 -0.5615696638)
(-0.7362286397 0 0.02666145666)
(0.03084669692 0 -0.02868361591)
(0.105998214 0 -0.04424941351)
(0.1776856406 0 -0.01697187212)
(-0.04712549069 0 -0.8079094836)
(-0.5726025373 0 1.141367484)
(-0.251264748 0 0.8295955684)
(-0.1295229757 0 0.5990324974)
(-0.1541801855 0 0.6748605409)
(-0.01969234252 0 0.3525907453)
(0.2211645503 0 0.2836657553)
(0.1820829017 0 -0.4998861319)
(-0.2073331873 0 -0.8744292053)
(-0.8177309365 0 -1.366770858)
(-1.473939554 0 -1.773874349)
(-2.083513258 0 -2.173751626)
(-2.734107078 0 -2.639744613)
(-3.611869609 0 -3.332630753)
(-4.58634635 0 -4.146366806)
(-5.333121532 0 -4.779641185)
(-5.791360067 0 -5.165151952)
(-6.068241644 0 -5.393595262)
(-6.22593711 0 -5.520148208)
(-6.270281796 0 -5.54982274)
(-6.170437677 0 -5.459844451)
(-5.846753913 0 -5.204411698)
(-5.177831763 0 -4.726096722)
(-4.090703932 0 -4.004205036)
(-2.660158897 0 -3.095649484)
(-0.5359780269 0 -1.114194296)
(1.453198027 0 0.1329820038)
(0.09383982717 0 0.308727834)
(0.1230942906 0 0.2353976625)
(0.1389378222 0 0.180768636)
(0.1747101209 0 0.003496664276)
(0.4119358341 0 0.2350306153)
(0.3207134407 0 0.364167679)
(0.1653671296 0 0.4527782394)
(0.03139643524 0 0.5665809041)
(0.1390117082 0 0.3042428063)
(0.1085268885 0 0.2175620179)
(0.004826062999 0 -0.844959278)
(-0.187775013 0 -1.011765164)
(-0.7838177588 0 -1.338667908)
(-1.437720173 0 -1.699220477)
(-1.823788787 0 -1.958664241)
(-2.325901326 0 -2.31068786)
(-3.119717051 0 -2.919446999)
(-4.14288785 0 -3.763089691)
(-5.076966859 0 -4.556129661)
(-5.704601161 0 -5.088176844)
(-6.097406596 0 -5.413659407)
(-6.351814363 0 -5.619119363)
(-6.497980534 0 -5.732592623)
(-6.528518716 0 -5.74856015)
(-6.398582448 0 -5.635835545)
(-5.99495447 0 -5.323454618)
(-5.116918653 0 -4.703310726)
(-3.627404922 0 -3.741270555)
(-1.719429468 0 -2.599633735)
(3.149885257 0 0.05792458358)
(1.313604149 0 0.7745399412)
(0.4085270991 0 0.4155776403)
(0.2245299519 0 0.1692144191)
(0.2043470187 0 0.06669289642)
(0.390644103 0 0.2160855115)
(0.4054273749 0 0.3432874249)
(0.3065081467 0 0.43723283)
(0.1617114939 0 0.503249154)
(0.08367866011 0 0.4781873076)
(0.12335396 0 0.4205917121)
(0.04650466356 0 -1.145353031)
(-0.3622205556 0 -1.162413885)
(-0.9740174714 0 -1.344196062)
(-1.224774086 0 -1.515866284)
(-1.485776116 0 -1.692235006)
(-1.886889051 0 -1.960252976)
(-2.54964669 0 -2.44803991)
(-3.532566234 0 -3.24188205)
(-4.629624668 0 -4.17108153)
(-5.474499566 0 -4.892439229)
(-6.018726426 0 -5.34649793)
(-6.380573546 0 -5.642224894)
(-6.622487158 0 -5.837655276)
(-6.75971137 0 -5.943542421)
(-6.781979563 0 -5.950482533)
(-6.649020134 0 -5.827483334)
(-6.241666857 0 -5.490983959)
(-5.202941753 0 -4.72557713)
(-2.941183633 0 -3.248463359)
(-0.9461041435 0 -1.764687441)
(-0.1497855119 0 -0.3283496453)
(0.2205522602 0 0.2158592345)
(0.1696251356 0 0.1640290206)
(0.2384825207 0 0.1950337979)
(0.4053784136 0 0.2634315326)
(0.4275366682 0 0.364528598)
(0.332197045 0 0.4439329885)
(0.1920442162 0 0.507563704)
(0.12454653 0 0.5410214049)
(0.1048278782 0 0.5607959221)
(-0.009603822449 0 -1.035458532)
(-0.258345771 0 -0.8846493385)
(-0.6533032395 0 -1.093083949)
(-0.9052883373 0 -1.275459495)
(-1.147703715 0 -1.428827034)
(-1.460742208 0 -1.623662448)
(-1.962944806 0 -1.971957518)
(-2.801466812 0 -2.626456248)
(-3.963400623 0 -3.602670866)
(-5.052838179 0 -4.538446774)
(-5.807114155 0 -5.169466438)
(-6.305621023 0 -5.577401302)
(-6.651421087 0 -5.862472779)
(-6.885816512 0 -6.053770354)
(-7.013552478 0 -6.152088019)
(-7.023614432 0 -6.14803016)
(-6.885618898 0 -6.015989951)
(-6.536096099 0 -5.70150467)
(-5.856398359 0 -5.101725262)
(-4.646572172 0 -4.044290783)
(-2.70944602 0 -2.356432839)
(-0.3258786097 0 -0.2834007683)
(0.2087894931 0 0.2189281077)
(0.2578395178 0 0.2467850989)
(0.3523413309 0 0.2916715962)
(0.363169827 0 0.3648595831)
(0.2979978525 0 0.4310333807)
(0.2496071269 0 0.485386538)
(0.2215670481 0 0.5174354173)
(0.2267004565 0 0.5964027237)
(0.2127001944 0 -0.9712433375)
(0.1829819117 0 -0.9182919919)
(-0.1381849199 0 -0.9020823509)
(-0.508208513 0 -1.036300685)
(-0.7958704892 0 -1.174769201)
(-1.066696269 0 -1.32087403)
(-1.423822106 0 -1.5458293)
(-2.046794226 0 -2.004461171)
(-3.107362423 0 -2.878444724)
(-4.383618212 0 -3.981592045)
(-5.416013235 0 -4.84751566)
(-6.104269686 0 -5.404585647)
(-6.576176052 0 -5.796539414)
(-6.918779158 0 -6.083548036)
(-7.148368243 0 -6.271844178)
(-7.264827213 0 -6.360870658)
(-7.254537534 0 -6.339652928)
(-7.078332717 0 -6.175131177)
(-6.649251915 0 -5.792541536)
(-5.793407945 0 -5.04117914)
(-4.22227761 0 -3.670007025)
(-1.803331942 0 -1.555909907)
(0.2188246668 0 0.254584413)
(0.2848057642 0 0.3233070948)
(0.3307941097 0 0.3646212952)
(0.3525139227 0 0.3961306556)
(0.3601514932 0 0.4177196729)
(0.3633453062 0 0.4552615676)
(0.3666865687 0 0.5450358061)
(0.3526395208 0 0.574501469)
(0.3102091098 0 -0.8972878035)
(0.229305965 0 -0.8456474429)
(-0.02434515081 0 -0.8365407772)
(-0.4077523516 0 -0.9424436385)
(-0.705990134 0 -1.061564914)
(-0.9711389564 0 -1.201249958)
(-1.378559732 0 -1.472182529)
(-2.184787072 0 -2.107925829)
(-3.456973234 0 -3.212945019)
(-4.776638097 0 -4.331998)
(-5.73673964 0 -5.09187244)
(-6.369027944 0 -5.61516031)
(-6.843699352 0 -6.018917451)
(-7.189341951 0 -6.31036444)
(-7.413528594 0 -6.49436036)
(-7.517518151 0 -6.572690607)
(-7.484528762 0 -6.531830148)
(-7.262196286 0 -6.327442635)
(-6.725501376 0 -5.851788891)
(-5.602211934 0 -4.868619762)
(-3.396137687 0 -2.945108846)
(-0.1177070193 0 -0.08285904911)
(0.3266699161 0 0.3879405588)
(0.3495748533 0 0.4774282021)
(0.3426338207 0 0.552283263)
(0.3155849062 0 0.6230453784)
(0.2821430877 0 0.6760990121)
(0.2750433621 0 0.6782813132)
(0.3123912094 0 0.6318272121)
(0.3783988353 0 -0.812157253)
(0.3418632021 0 -0.7835772831)
(0.2426010026 0 -0.7454066087)
(-0.007446736682 0 -0.7567645052)
(-0.3593381119 0 -0.8440024794)
(-0.5986135658 0 -0.9351867644)
(-0.8573688973 0 -1.079069785)
(-1.368744009 0 -1.445321424)
(-2.401270991 0 -2.333595681)
(-3.832728841 0 -3.586533522)
(-5.146943258 0 -4.597341235)
(-5.983252467 0 -5.277211497)
(-6.626747586 0 -5.829478195)
(-7.118336069 0 -6.251005442)
(-7.465645438 0 -6.544390229)
(-7.682750659 0 -6.722242869)
(-7.772681251 0 -6.788082828)
(-7.714158505 0 -6.724749819)
(-7.43373882 0 -6.469854476)
(-6.74117877 0 -5.859122693)
(-5.196020213 0 -4.509633236)
(-2.234236504 0 -1.897293528)
(0.3494980404 0 0.3906738608)
(0.395520403 0 0.4863790968)
(0.387452057 0 0.5661393328)
(0.3598193113 0 0.6469044809)
(0.3342913693 0 0.7196037276)
(0.3125866395 0 0.7590535053)
(0.2976954952 0 0.8089585574)
(0.4140836139 0 -0.7452706683)
(0.4028721646 0 -0.7292419845)
(0.3589927439 0 -0.695047594)
(0.2379526639 0 -0.6590420984)
(-0.01355766865 0 -0.6692589176)
(-0.2752439819 0 -0.731342528)
(-0.4753344332 0 -0.808871519)
(-0.7728151481 0 -0.9863662065)
(-1.458581579 0 -1.542824178)
(-2.681678096 0 -2.682179991)
(-4.276777142 0 -3.886152614)
(-5.350206384 0 -4.722816388)
(-6.207318278 0 -5.461194128)
(-6.895831157 0 -6.05818179)
(-7.402076683 0 -6.493219361)
(-7.748834795 0 -6.786205181)
(-7.956268053 0 -6.955168374)
(-8.030569624 0 -7.006635734)
(-7.942819701 0 -6.917183666)
(-7.582364765 0 -6.592440591)
(-6.624223016 0 -5.751389189)
(-4.222601058 0 -3.659639328)
(0.05283883664 0 0.2460152518)
(0.03360079925 0 0.3539402878)
(-0.05648525621 0 0.3820498074)
(-0.1229621913 0 0.3628613698)
(-0.08718014758 0 0.3917044647)
(0.02778039956 0 0.5407912945)
(0.4431263052 0 -0.6768749825)
(0.4282068238 0 -0.6451901187)
(0.3361078611 0 -0.6157629754)
(0.1324123688 0 -0.6217627818)
(-0.08600319211 0 -0.6152151187)
(-0.2472263349 0 -0.6361110448)
(-0.4184312944 0 -0.7148969478)
(-0.7955879669 0 -0.9846501506)
(-1.649541952 0 -1.838960501)
(-3.134504778 0 -2.989717638)
(-4.392957234 0 -3.885851131)
(-5.486897875 0 -4.826263303)
(-6.445822098 0 -5.664174997)
(-7.1761198 0 -6.298784705)
(-7.696594324 0 -6.74663021)
(-8.03841577 0 -7.034901547)
(-8.232927377 0 -7.191523697)
(-8.290406109 0 -7.226923094)
(-8.168062739 0 -7.106141047)
(-7.682688892 0 -6.672283459)
(-6.165557485 0 -5.346657667)
(-1.696337407 0 -1.463530879)
(-0.1964374069 0 0.1937258961)
(-0.1288262559 0 0.2194758174)
(-0.07092501557 0 0.26188306)
(0.008529581654 0 0.3016075617)
(0.09244836656 0 0.3444705664)
(0.4688115266 0 -0.6299046166)
(0.4282188919 0 -0.6304223379)
(0.2975548738 0 -0.656527986)
(0.05505540323 0 -0.6830584944)
(0.0005180278827 0 -0.603891362)
(-0.1430460983 0 -0.5714171153)
(-0.2491333638 0 -0.5663530846)
(-0.4199326972 0 -0.6658004159)
(-0.9158173314 0 -1.176060542)
(-1.92827371 0 -2.071371269)
(-3.102404057 0 -2.761138557)
(-4.337580417 0 -3.809176417)
(-5.634998453 0 -4.950359429)
(-6.688321326 0 -5.872462511)
(-7.470853088 0 -6.553810138)
(-8.001788269 0 -7.010788643)
(-8.33161361 0 -7.287574429)
(-8.509864227 0 -7.428146866)
(-8.550050743 0 -7.446163904)
(-8.383397717 0 -7.284883521)
(-7.653926849 0 -6.638154967)
(-4.313818891 0 -3.733783008)
(-0.1047230531 0 0.247036043)
(-0.05589972666 0 0.2374079617)
(-0.009217275288 0 0.2492505986)
(0.05064426459 0 0.2832677766)
(0.4511934609 0 -0.6317325634)
(0.3735432622 0 -1.031149804)
(0.6143426356 0 -1.823391867)
(0.1700675158 0 0.9491168953)
(-0.07021177097 0 -0.4523965549)
(-0.1421185331 0 -0.4611764023)
(-0.2290982984 0 -0.501760776)
(-0.4071490536 0 -0.6713806051)
(-0.911372587 0 -1.182595844)
(-1.721390799 0 -1.557410692)
(-2.730525281 0 -2.377302337)
(-4.277753622 0 -3.750002301)
(-5.742400088 0 -5.039250762)
(-6.936232844 0 -6.087106662)
(-7.782813642 0 -6.82551848)
(-8.314201051 0 -7.282386023)
(-8.623001819 0 -7.539076267)
(-8.782414238 0 -7.660194993)
(-8.805874441 0 -7.659880981)
(-8.571559936 0 -7.436670527)
(-7.068301841 0 -6.117405528)
(0.1068595767 0 0.2764356864)
(0.07444394801 0 0.2425361145)
(0.06857349294 0 0.2547373114)
(0.07731080186 0 0.2798099085)
(0.4551276609 0 -0.5932426518)
(0.3452470545 0 -0.5633118965)
(0.453732689 0 -0.6470957964)
(-0.07214537669 0 -0.3648588261)
(-0.1373561949 0 -0.4496644197)
(-0.143655424 0 -0.4630441971)
(-0.1801628504 0 -0.530445728)
(-0.1894861547 0 -0.667670948)
(-0.2451273939 0 -0.6603938393)
(-0.5743109741 0 -0.5425812937)
(-1.121992511 0 -0.9517209689)
(-2.361286704 0 -2.0431279)
(-4.031385556 0 -3.521479858)
(-5.775046246 0 -5.06252005)
(-7.193618034 0 -6.31178948)
(-8.111079404 0 -7.1130892)
(-8.626172485 0 -7.554693109)
(-8.904700963 0 -7.782264485)
(-9.043781262 0 -7.880515742)
(-9.052256061 0 -7.860479527)
(-8.653529239 0 -7.488734717)
(0.1045179759 0 0.147899794)
(0.1008265817 0 0.2018118729)
(0.1019653911 0 0.2414228797)
(0.264002001 0 -0.4904687779)
(0.004069804946 0 -0.4421887888)
(-0.1008183621 0 -0.4482045479)
(-0.1224317548 0 -0.399974246)
(-0.1447656176 0 -0.3703229512)
(-0.08371408978 0 -0.4915820486)
(0.04309314376 0 -0.6902083839)
(0.2060076009 0 -0.753942314)
(0.01212704216 0 -0.5479383216)
(-0.3818682819 0 -0.4423936363)
(-0.7920313408 0 -0.6299533146)
(-1.673859694 0 -1.405294309)
(-3.432522806 0 -2.972443083)
(-5.672210006 0 -4.965949454)
(-7.461296107 0 -6.547889394)
(-8.447895058 0 -7.410111389)
(-8.926031927 0 -7.818116315)
(-9.165967259 0 -8.007592405)
(-9.284198872 0 -8.077294244)
(-9.280359018 0 -8.031635945)
(-0.1928540088 0 -0.7830089279)
(0.1012716605 0 0.1697710791)
(0.04469745315 0 -0.4356340006)
(0.001949110315 0 -0.4254690131)
(-0.04957487626 0 -0.4057153414)
(-0.09577157571 0 -0.3691961142)
(-0.110388408 0 -0.3375501306)
(0.1527969214 0 -0.5376706203)
(0.3889680379 0 -0.6572545851)
(0.4467406829 0 -0.5503774968)
(0.005973095361 0 -0.3550706049)
(-0.4517021561 0 -0.3347724292)
(-0.5964989566 0 -0.4232521754)
(-0.9311646303 0 -0.6980423613)
(-2.268963123 0 -1.901235529)
(-5.267028125 0 -4.602527053)
(-7.724049097 0 -6.783505048)
(-8.771107395 0 -7.698810596)
(-9.200145072 0 -8.063161474)
(-9.389687109 0 -8.199527473)
(-9.494082997 0 -8.224091659)
(-0.4319344747 0 -2.753186922)
(-0.02733682501 0 -0.3816813974)
(-0.04842297075 0 -0.3644869358)
(-0.06457248779 0 -0.3155770424)
(0.005268131728 0 -0.3173491733)
(0.3975332737 0 -0.5433457567)
(0.5120276369 0 -0.5052060982)
(0.2869716683 0 -0.3369321215)
(-0.3762149819 0 -0.2801162525)
(-0.519754028 0 -0.3723623294)
(-0.631375411 0 -0.435564706)
(-0.7107890832 0 -0.4600125864)
(-0.9173797872 0 -0.6423259524)
(-3.750790159 0 -3.246402787)
(-7.782461873 0 -6.847490128)
(-9.056726701 0 -7.966802082)
(-9.41809944 0 -8.279512166)
(-9.53762711 0 -8.323492007)
(0.05200260099 0 -0.3356869511)
(0.02465144689 0 -0.308345825)
(-0.04610628927 0 -0.2496308014)
(-0.05515488344 0 -0.2260744687)
(0.1860720252 0 -0.3365334348)
(-0.1233863328 0 -0.2047876733)
(-0.2496854707 0 -0.2026937026)
(-0.4392439271 0 -0.3119810564)
(-0.6074223569 0 -0.4249329544)
(-0.7043421256 0 -0.4758489922)
(-0.7405162445 0 -0.4793731756)
(-0.7640586969 0 -0.4687957199)
(-0.1980637509 0 -0.1832653909)
(0.06044114686 0 0.04472334617)
(-0.0602082231 0 -0.2114038911)
(-0.05871450619 0 -0.2037761632)
(-0.07224509911 0 -0.2323562342)
(-0.1109787027 0 -0.2724383374)
(-0.2477651228 0 -0.2443024706)
(-0.5041693542 0 -0.3603436239)
(-0.6917099623 0 -0.4827339315)
(-0.7569507949 0 -0.486217321)
(-0.7969258894 0 -0.5161441727)
(-0.1326892526 0 -0.1520070575)
(-0.1430841777 0 -0.1480490529)
(-0.1634694695 0 -0.1390717684)
(-0.2118152844 0 -0.1467850896)
(-0.2265524274 0 -0.280898627)
(-0.2241955058 0 -0.2546671842)
(-0.197132543 0 -0.2271312152)
(-0.1606260993 0 -0.1518545987)
(-0.1714740329 0 -0.1314287323)
(-0.179674058 0 -0.1583101393)
(-0.2073566912 0 -0.1702150769)
(-0.2258288724 0 -0.1382391006)
(-0.2541061158 0 -0.1820309413)
(-0.3314930471 0 -0.1296738269)
(-0.3783967371 0 -0.08828202694)
(-0.1444861991 0 0.09439362124)
(-0.4703727972 0 -0.09641222767)
(-0.7217359772 0 -0.1902026735)
(-0.2498660167 0 -0.1240184524)
(-0.05852560931 0 -0.08672574102)
(0.3703514324 0 -0.2398208908)
(-0.6691792839 0 -0.3071519887)
(-0.2947667984 0 -0.7867733032)
(-0.1171427873 0 -0.2080005854)
(-0.1195129452 0 -0.199982451)
(-0.1210132649 0 -0.1951102131)
(-0.1284886952 0 -0.1936643807)
(-0.1239208083 0 -0.1731731514)
(-0.1331367413 0 -0.1904846004)
(-0.137392216 0 -0.1887614187)
(-0.1312891162 0 -0.1647248114)
(1.19452725 0 -0.8358438078)
(1.239796412 0 -0.8415343941)
(1.237970796 0 -0.8528852897)
(1.259107807 0 -0.8415200218)
(1.285030507 0 -0.8483885293)
(1.28659605 0 -0.8728644819)
(0.1464768987 0 0.451391494)
(-0.2530935154 0 -0.1544061401)
(-0.1182054688 0 -0.2508914416)
(-0.1193392121 0 -0.2484449488)
(-0.1248999053 0 -0.2503960774)
(-0.1194387668 0 -0.2303684423)
(-0.4224294298 0 -0.1571663997)
(-0.4995288453 0 -0.1409603349)
(-0.4810683717 0 -0.1269860946)
(-0.502541125 0 0.2715532327)
(-0.1008699369 0 -0.2580505657)
(-0.1036309926 0 -0.2588056308)
(-0.1114339708 0 -0.2600377176)
(-0.1215931219 0 -0.2726746962)
(-0.1677806776 0 -0.3134605207)
(-0.1161476237 0 -0.2588941492)
(-0.5989994003 0 0.2503140991)
(-0.8154498961 0 0.5667068043)
(-0.7548768832 0 0.6064657212)
(-0.7224283525 0 0.6947075611)
(-0.7245289534 0 0.7164669742)
(-0.0780894651 0 -0.2310105628)
(-0.1556761131 0 -0.3076152838)
(-0.08792410093 0 -0.2493242936)
(-0.5746483396 0 0.6444023397)
(-0.3415922988 0 -0.2169725914)
(-0.08425126587 0 -0.1940168829)
(-0.4955630999 0 -0.6018908741)
(-0.06774683504 0 -0.2029155148)
(0.6189656581 0 -0.6204402972)
(0.4905125856 0 0.334316538)
(-0.6644188509 0 -0.8061567916)
(-1.307279257 0 -1.42601595)
(-1.680152719 0 -1.767318086)
(-1.367898929 0 -1.451729164)
(0.09870308176 0 -0.3502444526)
(-0.2162765794 0 -0.2424763787)
(0.2231014827 0 0.391537314)
(-0.2280517787 0 -0.2486217196)
(-1.0790915 0 -1.276708946)
(-1.507041915 0 -1.67771097)
(-1.238110957 0 -1.401881565)
(-0.184600454 0 -0.2291608744)
(-0.1461082345 0 -0.1836390816)
(-0.1674701092 0 -0.2078467431)
(-1.015413047 0 -1.224141545)
(-0.7625011788 0 -0.9628612827)
(-0.3567223247 0 0.02082395991)
(-0.7432091504 0 -0.9882598805)
(-1.207135357 0 -1.491165515)
(-1.121218485 0 -1.362356042)
(-0.4347836186 0 0.3703756177)
(-0.5003161678 0 0.4188674847)
(-0.4467135427 0 0.2552011119)
(-0.2039179939 0 -0.5526119333)
(-0.655851902 0 -1.022517961)
(-1.110836904 0 -1.486665961)
(-1.180091529 0 -1.509183411)
(-0.3108516564 0 0.5285541457)
(-0.3842840032 0 0.6190231376)
(-0.4676350046 0 0.5740216243)
(-0.3804705088 0 0.6944226216)
(-0.02873154606 0 -0.5392717587)
(-0.1098143543 0 -0.5466349213)
(0.2395400287 0 0.5015215194)
(0.1939073456 0 -0.4560916522)
(0.09609379755 0 -0.532866765)
(0.03508658762 0 -0.5394359563)
(0.1737407144 0 0.2014187536)
(0.1791610223 0 0.132672475)
(0.1175156901 0 -0.6683832393)
(0.03421097989 0 -0.7599803484)
(0.04762942538 0 -0.6281595141)
(0.129666525 0 0.3424833749)
(0.1098575941 0 0.3485398414)
(0.06450947167 0 0.2045838844)
(0.08302676296 0 -1.074354921)
(0.05412308255 0 -1.073776198)
(-0.05109640505 0 -0.9043758906)
(0.07057587148 0 0.4981531826)
(0.06338915089 0 0.5272524465)
(0.112744956 0 0.4352200508)
(-0.0199765939 0 -1.151117652)
(-0.1818324518 0 -1.06588604)
(-0.05774365394 0 -1.12953204)
(0.1674357999 0 0.5794806082)
(0.1698037783 0 0.625788414)
(0.1026333072 0 0.5968740815)
(0.1057300674 0 -0.989835714)
(0.09892649578 0 -0.9112331868)
(-0.08234977144 0 -0.9144342675)
(0.2898381749 0 0.6017759254)
(0.2828829568 0 0.6221541461)
(0.2287698286 0 0.6361340915)
(0.2840165834 0 -0.9467540992)
(0.2128599764 0 -0.9563834166)
(0.3755102452 0 0.5858716157)
(0.3430544375 0 0.5855593012)
(0.356834579 0 -0.8681841426)
(0.3287890716 0 -0.9122169004)
(0.295672535 0 0.7105729388)
(0.3811235352 0 -0.825173586)
(0.3986169286 0 -0.7749721364)
(0.3899690071 0 -0.7693431242)
(0.3627282829 0 -0.8029425562)
(0.1903813837 0 0.7555037116)
(0.1580522725 0 0.7752587352)
(0.3227662678 0 0.8133437487)
(0.4259902516 0 -0.7201067626)
(0.4271045333 0 -0.7115077978)
(0.4111686628 0 -0.7398907669)
(0.02848096439 0 0.4006651048)
(0.03374079882 0 0.4411708355)
(0.02076174058 0 0.5651752371)
(0.4538504568 0 -0.656969977)
(0.4392395833 0 -0.6841386429)
(0.1000380828 0 0.3236779436)
(0.4799284569 0 -0.6191413858)
(0.471415613 0 -0.6186514846)
(0.4600095901 0 -0.6265796144)
(0.0703079364 0 0.2805735444)
(0.0865488406 0 0.2908820948)
(0.08596818246 0 0.300090982)
(0.4776584779 0 -0.6182237518)
(0.458189611 0 -0.6080169146)
(0.405365055 0 -0.6199703569)
(0.3912232204 0 -0.7198178918)
(0.08721009797 0 0.248735438)
(0.09048870025 0 0.2687848732)
(0.07188804361 0 0.2699524844)
(0.4014569784 0 -0.5560077943)
(0.4223702468 0 -0.5838947635)
(0.1169833085 0 0.2282879965)
(0.1035443511 0 0.2549701829)
(0.07549097862 0 -0.4537289295)
(0.1517768232 0 -0.4630952861)
(0.06007675519 0 0.1087454173)
(0.1132834595 0 0.1928075966)
(0.02109128384 0 -0.4235113566)
(0.02787674076 0 -0.4345321013)
(0.005166655803 0 -0.4180448345)
(-0.01428063037 0 -0.4101577541)
(-0.02286933389 0 -0.4175219434)
(-9.539357205 0 -8.272515389)
(0.09856629181 0 -1.604918604)
(0.1758222725 0 -2.474811578)
(0.1817588918 0 -1.679997095)
(0.1861480398 0 0.03252664385)
(-0.01440092054 0 -0.3876366913)
(0.009997345233 0 -0.3586990416)
(0.008741518813 0 -0.346371179)
(-0.04037282928 0 -0.3783914591)
(0.7084858116 0 0.1785056905)
(4.596442576 0 -3.129267443)
(-9.484621982 0 -8.329844633)
(0.03331455389 0 -0.3319224798)
(0.01846777758 0 -0.2918321057)
(-0.01359463358 0 -0.2778394015)
(-0.02746837199 0 -0.2704682904)
(-0.03100438357 0 -0.2478225703)
(-0.04854716602 0 -0.2275068602)
(-0.06423580594 0 -0.2269994996)
(-0.7903580105 0 -0.4945576583)
(-0.4176214655 0 -0.0001553905033)
(-0.3165871485 0 -0.08655646487)
(-0.2097089682 0 -0.2327792949)
(0.08090673748 0 -0.3892747033)
(-0.05403814962 0 -0.1667109552)
(0.01678091814 0 0.1071652332)
(-0.05250585547 0 -0.2182594346)
(-0.05967489149 0 -0.203702911)
(-0.05317808666 0 -0.2171305049)
(-0.05957523576 0 -0.211653657)
(-0.05627224709 0 -0.2346734559)
(-0.0590181644 0 -0.2620289142)
(-0.08746014883 0 -0.2558308947)
(-0.06084268419 0 -0.2958526784)
(-0.0598545759 0 -0.3299572515)
(-0.1575113825 0 -0.2705007903)
(-0.05424760665 0 -0.360461435)
(-0.04086047167 0 -0.3801281864)
(-0.3631621561 0 -0.2674731611)
(-0.01420083903 0 -0.3853386018)
(0.05835691627 0 -0.3904500932)
(-0.6212261356 0 -0.4384897674)
(0.06391786747 0 -0.5466792868)
(-0.7421623547 0 -0.4871039948)
(-0.7753113241 0 -0.5244003748)
(-0.1411370281 0 -0.1907067762)
(-0.1465405686 0 -0.2010910716)
(-0.1604105813 0 -0.17675284)
(-0.1592805446 0 -0.2371604017)
(0.06474555773 0 -0.6559489573)
(-0.2136943364 0 -0.3315764748)
(0.6783424231 0 -0.6119093022)
(0.4663064524 0 -0.3252351474)
(-0.1398717489 0 -0.1651181986)
(0.3626664399 0 -0.250634373)
(0.3072502515 0 -0.2105770198)
(0.5465781169 0 -0.376699577)
(0.245013703 0 -0.1682660373)
(0.2372686865 0 -0.1646046822)
(0.4035194592 0 -0.2764938711)
(0.3366990337 0 -0.2360688624)
(0.51327729 0 -0.3619106255)
(0.3117380028 0 -0.2186341661)
(0.7107419651 0 -0.5024297413)
(0.896097881 0 -0.6345366018)
(0.7312581875 0 -0.5195860971)
(1.039636038 0 -0.7364665283)
(1.134898387 0 -0.8016893756)
(1.106278156 0 -0.7896105889)
(-0.1308766267 0 -0.2530490058)
(-0.1382537908 0 -0.2572352142)
(-0.1263769467 0 -0.2265510177)
(-0.1464352531 0 -0.2614372888)
(-0.1552799183 0 -0.2640399111)
(-0.1398163181 0 -0.2236862764)
(-0.1792820586 0 -0.2800253513)
(-0.3776409973 0 -0.4598709579)
(-0.1512494091 0 -0.2141220747)
(-0.7303081557 0 -0.6899722421)
(-0.8754918653 0 -0.6470046872)
(-0.3066802234 0 -0.2816678029)
(-0.8007365217 0 -0.423803813)
(-0.8461986978 0 -0.3531399468)
(-0.4625116435 0 -0.2678352141)
(-0.1649085268 0 -0.1967578181)
(-0.1103524963 0 -0.1947268089)
(0.2342404801 0 -0.1738006252)
(0.1780891644 0 -0.1200933516)
(0.2274641295 0 -0.1589138892)
(0.1900260359 0 -0.1309607461)
(0.3329922722 0 -0.2335749159)
(0.4743062985 0 -0.3339826623)
(0.3406028403 0 -0.2388960993)
(0.6277370648 0 -0.4429345763)
(0.7746779371 0 -0.5471119019)
(0.6725255808 0 -0.4747968382)
(0.9031170846 0 -0.6375571077)
(1.007261479 0 -0.7094401572)
(0.9699407269 0 -0.6855208567)
(1.08594852 0 -0.7606288712)
(1.142964374 0 -0.7918761278)
(1.143423478 0 -0.8007101204)
(1.183826321 0 -0.8052319559)
(1.211196272 0 -0.8029935553)
(1.229733696 0 -0.8245990805)
(1.214432348 0 -0.7949337593)
(1.209121132 0 -0.7866834217)
(1.257626063 0 -0.8227564414)
(-0.4050138578 0 -0.05906471572)
(-0.3741524501 0 -0.1829724084)
(-0.3396022278 0 -0.1678356941)
(-0.2413538033 0 -0.3809152075)
(-0.2996518678 0 -0.4374105362)
(-0.1313939614 0 -0.2710938305)
(-0.3028047645 0 -0.4481871333)
(-0.2792379617 0 -0.4431753966)
(-0.1485511568 0 -0.2884471783)
(-0.4465028227 0 -0.6908403595)
(-1.167339137 0 -1.64382679)
(-0.242977196 0 -0.3985445148)
(-1.870376662 0 -2.433746212)
(-2.408501527 0 -2.855683873)
(-1.383427746 0 -1.561963304)
(-2.742375853 0 -2.918737997)
(-2.633002538 0 -2.455023571)
(-1.627360017 0 -1.339634807)
(-0.996703908 0 -0.5366611131)
(-0.9752778054 0 -0.399239605)
(-0.9990986286 0 -0.3927947452)
(-0.1131392666 0 -0.2682837707)
(0.1637896612 0 -0.2049754501)
(-0.07556989606 0 -0.2365322273)
(0.3066377372 0 -0.2163144828)
(0.4167887262 0 -0.2935729624)
(0.3191724794 0 -0.2242035903)
(0.5409837052 0 -0.3815963795)
(0.6651335721 0 -0.4695737257)
(0.5832083154 0 -0.4114619862)
(0.7805512892 0 -0.5506530919)
(0.881716919 0 -0.6205804947)
(0.8399895003 0 -0.592676398)
(0.9659741976 0 -0.6768577362)
(1.032980722 0 -0.7184901093)
(1.025951582 0 -0.7186785755)
(1.083843144 0 -0.745459383)
(1.12005584 0 -0.758378068)
(1.135151203 0 -0.7774161493)
(1.141490893 0 -0.7580516004)
(1.14340598 0 -0.7451655127)
(1.182930219 0 -0.7767559857)
(1.111072513 0 -0.7192196802)
(1.028148089 0 -0.6663912234)
(1.134130541 0 -0.7358701473)
(-0.396660801 0 -1.147117694)
(-0.4381886269 0 -0.2210436499)
(-0.4049697826 0 -0.198517963)
(-0.4740517999 0 -0.2040536184)
(-0.5174219897 0 -0.173770437)
(-0.5068093266 0 -0.157749879)
(-0.6651066143 0 -0.7668969661)
(-1.213924726 0 -1.250870585)
(-0.2854658136 0 -0.4246041608)
(-1.521881048 0 -1.513151837)
(-1.687803435 0 -1.648461579)
(-1.02744753 0 -1.073180123)
(-1.773459606 0 -1.717421254)
(-1.79919304 0 -1.746011514)
(-1.296513012 0 -1.314899689)
(-1.767818301 0 -1.759828584)
(-1.709854359 0 -1.871960566)
(-1.186904842 0 -1.380382763)
(-1.826088795 0 -2.40424102)
(-2.293650797 0 -3.367331995)
(-1.953936507 0 -2.80627992)
(-2.891573612 0 -4.273728816)
(-3.357551361 0 -4.739122768)
(-3.197750304 0 -4.086105824)
(-3.519253943 0 -4.609420556)
(-3.220063606 0 -3.802049967)
(-3.307012339 0 -3.426979094)
(-0.7984119775 0 -0.6166955186)
(-0.6301183377 0 -0.3866181653)
(-0.8481360088 0 -0.3947788712)
(0.2697144748 0 -0.2138394589)
(0.3710947231 0 -0.2691044345)
(0.2855041019 0 -0.2223147729)
(0.478644728 0 -0.3319711629)
(0.5814935611 0 -0.4049033026)
(0.5025571311 0 -0.354285373)
(0.6760113641 0 -0.4761127395)
(0.7682732802 0 -0.5411418562)
(0.7251576141 0 -0.5116567961)
(0.851415449 0 -0.5973785598)
(0.9217867005 0 -0.6429250466)
(0.9075288197 0 -0.6362378476)
(0.978709211 0 -0.6769445534)
(1.022162694 0 -0.699168308)
(1.031286177 0 -0.7115021165)
(1.051960882 0 -0.7095643547)
(1.066675786 0 -0.7079729491)
(1.097318543 0 -0.735198195)
(1.061773546 0 -0.6933904851)
(1.025954321 0 -0.6620384722)
(1.091190096 0 -0.7072134372)
(0.9327338648 0 -0.6012105092)
(0.7273896715 0 -0.4715124408)
(0.8901863066 0 -0.5770362704)
(-0.417196772 0 -4.110840717)
(-0.3056795999 0 -0.267297071)
(-0.4703245363 0 -0.2540617188)
(-0.2163337398 0 -0.2954676639)
(-0.2565603236 0 -0.2490780074)
(-0.5242007172 0 -0.1940239455)
(-0.3429690175 0 0.3006704668)
(-0.44643053 0 0.9653419002)
(-0.8888008361 0 0.7593740957)
(0.1420435198 0 1.334207331)
(-0.4949109645 0 1.035392856)
(-0.673575355 0 0.8663541903)
(-1.205758782 0 -1.279096876)
(-1.604159198 0 -1.636536397)
(-0.9677141463 0 -1.046235053)
(-1.84617193 0 -1.836394284)
(-2.011390913 0 -1.959447414)
(-1.732996479 0 -1.7134625)
(-2.130334222 0 -2.038769702)
(-2.213723407 0 -2.088994086)
(-1.997577635 0 -1.911489564)
(-2.265070783 0 -2.117383705)
(-2.285748291 0 -2.12834418)
(-2.072468302 0 -1.965408649)
(-2.276893414 0 -2.127743028)
(-2.242682651 0 -2.136729851)
(-2.011008819 0 -2.050849022)
(-2.203258455 0 -2.226254307)
(-2.206042551 0 -2.506813575)
(-2.284659815 0 -3.177179031)
(-2.241317436 0 -2.879107408)
(-2.157813919 0 -3.006562848)
(-2.831383206 0 -4.349598108)
(-1.861178132 0 -2.924077837)
(-1.445133588 0 -2.883708146)
(-2.555837607 0 -3.69766938)
(-1.455036409 0 -1.865757833)
(-0.6137433263 0 -0.7277352775)
(-0.2512381437 0 -0.3704076468)
(-0.1124491552 0 0.8219015925)
(-0.028295031 0 0.8674359686)
(0.4376002044 0 -0.314458681)
(0.05059116736 0 0.860271992)
(0.3128711379 0 0.3519965511)
(0.6075662774 0 -0.4509022341)
(0.7533220431 0 -0.5050678984)
(0.8212171064 0 -0.5761804807)
(0.7998713341 0 -0.5625574821)
(0.8788019549 0 -0.6104525452)
(0.927073053 0 -0.6363396264)
(0.9272650477 0 -0.6426356432)
(0.9641284811 0 -0.6535058257)
(0.9885925703 0 -0.6602626)
(1.007044013 0 -0.6822590984)
(0.9985493314 0 -0.6558112773)
(0.9904886968 0 -0.6384243592)
(1.02969268 0 -0.6763768697)
(0.9572050219 0 -0.6025054936)
(0.8770197531 0 -0.5286408169)
(0.9506834218 0 -0.6088714539)
(0.6276322941 0 -0.3840751505)
(-0.252999118 0 0.1140520832)
(0.5685704952 0 -0.3588402376)
(0.3773885978 0 0.3804628735)
(0.4539375745 0 0.525558645)
(0.3073908042 0 0.7197399702)
(0.1930817368 0 -0.01350665414)
(0.2234540583 0 -0.23675381)
(0.3565110951 0 -0.4014667724)
(0.2902851702 0 -0.3222973363)
(0.3706435082 0 -0.4103851891)
(1.069911418 0 -0.8187162608)
(0.437980327 0 -0.4810022233)
(0.4886833203 0 -0.5276062775)
(0.4748022626 0 -0.5260050094)
(0.5346948651 0 -0.5781923282)
(0.5792422185 0 -0.612375279)
(0.5884441109 0 -0.6555710537)
(-1.902570533 0 -1.953278133)
(-2.081434613 0 -2.087598547)
(-1.904483446 0 -1.918793521)
(-2.235915249 0 -2.191675895)
(-2.369528376 0 -2.273276531)
(-2.207937582 0 -2.130792835)
(-2.481468908 0 -2.337491609)
(-2.569780431 0 -2.387899315)
(-2.398215001 0 -2.239961347)
(-2.632378935 0 -2.42576258)
(-2.667736958 0 -2.449564053)
(-2.477768378 0 -2.281374754)
(-2.674817159 0 -2.455699797)
(-2.652609673 0 -2.439963585)
(-2.448430241 0 -2.257566033)
(-2.599346573 0 -2.39846871)
(-2.511910888 0 -2.327596263)
(-2.311175487 0 -2.157269446)
(-2.385232461 0 -2.223773326)
(-2.211261876 0 -2.083492549)
(-1.98165696 0 -1.973974901)
(-1.977817614 0 -1.902446957)
(-1.656767392 0 -1.672516475)
(-1.076027423 0 -1.824743978)
(-1.008722497 0 -1.30700411)
(1.009074976 0 -0.2671253232)
(0.9336153047 0 -0.3501735892)
(0.4870717515 0 0.3716620782)
(0.3699534628 0 0.3633413381)
(0.2479309504 0 0.4516981254)
(0.5162924411 0 -0.08389450692)
(0.6865562206 0 -0.3285555657)
(0.5572538188 0 -0.0795361863)
(0.8001260736 0 -0.5323501845)
(0.8381098522 0 -0.5687236987)
(0.8481549146 0 -0.5809767867)
(0.886755615 0 -0.6055680529)
(0.9191718089 0 -0.6145687933)
(0.9269436757 0 -0.6238348452)
(0.9086502636 0 -0.6007263936)
(0.8610275267 0 -0.5763771205)
(0.9664170224 0 -0.6298213175)
(0.7307589711 0 -0.5268850494)
(0.4636412832 0 -0.4398119186)
(0.9144457203 0 -0.5670994988)
(0.08391662281 0 -0.289270909)
(-0.3107832185 0 -0.01446674336)
(0.3894970255 0 -0.320397929)
(-0.3403530445 0 0.2122627549)
(-0.2868218523 0 0.257645777)
(-0.3766360338 0 0.1976148034)
(-0.2561471944 0 0.21698162)
(-0.2148137864 0 0.1921808408)
(-0.2879638988 0 0.3205252305)
(-0.2485681199 0 0.3763585777)
(-0.06697377415 0 0.2097865864)
(0.3052243153 0 -0.3295845587)
(0.3705221798 0 -0.4138253315)
(0.3938896097 0 -0.4231955746)
(0.3866790189 0 -0.4229732606)
(0.4245487779 0 -0.4502412488)
(0.4494745178 0 -0.4725500715)
(0.4786338979 0 -0.5089134974)
(0.449256165 0 -0.4797472259)
(0.3746184921 0 -0.4510106858)
(0.5469785374 0 -0.5591483098)
(-1.761995734 0 -1.904259798)
(-1.964054111 0 -2.07172064)
(-1.852617264 0 -1.948371133)
(-2.147124392 0 -2.210808692)
(-2.319591014 0 -2.330159047)
(-2.214772323 0 -2.219280485)
(-2.483777234 0 -2.435584455)
(-2.640539566 0 -2.534230982)
(-2.511103497 0 -2.405142238)
(-2.788714186 0 -2.632341456)
(-2.924057001 0 -2.731728663)
(-2.739742165 0 -2.547643618)
(-3.039753368 0 -2.82729178)
(-3.127771213 0 -2.906863473)
(-2.875237111 0 -2.651516385)
(-3.177840603 0 -2.955295486)
(-3.182174802 0 -2.96159321)
(-2.885462643 0 -2.666637241)
(-3.136010331 0 -2.920721612)
(-3.038115221 0 -2.832671671)
(-2.741206536 0 -2.544912782)
(-2.890198907 0 -2.700324417)
(-2.695765217 0 -2.527982751)
(-2.426796783 0 -2.275742595)
(-2.458675611 0 -2.320467224)
(-2.180895185 0 -2.081919526)
(-1.930183452 0 -1.872137553)
(-1.856423544 0 -1.81226334)
(-1.489510057 0 -1.491270672)
(-0.6624521692 0 -1.066995551)
(-1.149576815 0 -1.149014733)
(0.1870286728 0 0.167803441)
(0.4500740997 0 0.4167412063)
(0.5876407881 0 0.2276446649)
(0.6362710356 0 0.3481625412)
(0.6838130136 0 -0.1055157351)
(0.6298388326 0 0.630307861)
(0.5256277329 0 0.6262626597)
(0.6203484127 0 0.2355598659)
(0.638457822 0 0.002797968604)
(0.667991783 0 -0.4859151607)
(0.819891675 0 -0.5777485916)
(0.5495596791 0 -0.5110212203)
(0.4276471088 0 -0.3999937068)
(0.5844624119 0 -0.5210990708)
(0.3014009048 0 -0.266135834)
(-0.04443882389 0 0.2062441793)
(0.2002302585 0 -0.279115238)
(-0.1516596102 0 0.1575292551)
(-0.3052872982 0 0.1207003951)
(-0.2546623093 0 0.2032467972)
(-0.2637109395 0 0.1648832902)
(-0.2529353269 0 0.2019439583)
(-0.2311795609 0 0.2218187277)
(-0.1900058502 0 0.177467166)
(-0.1908182829 0 0.2049215647)
(-0.1388493628 0 0.2097089886)
(-0.1769466506 0 0.2568106181)
(-0.3400588862 0 0.2662107511)
(-0.02811266905 0 0.1158954975)
(-0.4163843904 0 0.3060948103)
(-0.189557498 0 0.1308137173)
(0.418449578 0 -0.4246446433)
(0.2546333471 0 -0.284533527)
(0.3616954067 0 -0.3765736478)
(0.4274533487 0 -0.4291051569)
(0.3364085436 0 -0.347419285)
(0.1622625707 0 -0.212152804)
(0.2837643967 0 -0.3632605398)
(-0.12562731 0 -0.0224093016)
(-0.197534948 0 -0.1442125894)
(-0.1916621346 0 -0.2310859306)
(-1.433174467 0 -1.652830944)
(-1.687776098 0 -1.896956654)
(-1.625011983 0 -1.807851373)
(-1.890578802 0 -2.077332879)
(-2.080193306 0 -2.23044623)
(-2.037491174 0 -2.163824042)
(-2.268847025 0 -2.367686021)
(-2.464620256 0 -2.499155285)
(-2.400971979 0 -2.423468477)
(-2.676370812 0 -2.638722941)
(-2.911364433 0 -2.800662392)
(-2.768932954 0 -2.665065784)
(-3.170031117 0 -2.993768162)
(-3.439161336 0 -3.214257283)
(-3.147478175 0 -2.951469863)
(-3.694187306 0 -3.441416889)
(-3.913338434 0 -3.635487521)
(-3.463768088 0 -3.233406798)
(-4.057500225 0 -3.758248762)
(-4.116982394 0 -3.804107434)
(-3.585496637 0 -3.342665549)
(-4.094955286 0 -3.779468992)
(-3.998648856 0 -3.693135985)
(-3.44595693 0 -3.213876001)
(-3.833580809 0 -3.550462181)
(-3.603453787 0 -3.354143083)
(-3.065456893 0 -2.876772833)
(-3.311810512 0 -3.106340256)
(-2.963982879 0 -2.810675724)
(-2.4899926 0 -2.372359231)
(-2.568970912 0 -2.473489748)
(-2.140375689 0 -2.101995362)
(-1.806777215 0 -1.754978605)
(-1.692493687 0 -1.693691673)
(-1.202839531 0 -1.218757233)
(-0.9852789529 0 -0.9669377912)
(-0.4599251144 0 -0.4849409101)
(0.3305550352 0 0.2473361087)
(0.582041432 0 0.8247650658)
(0.4473486939 0 0.2257702433)
(0.6130582272 0 0.1510059619)
(0.5687614527 0 0.482192666)
(0.5439063658 0 -0.2999440853)
(0.3870589832 0 -0.3880750599)
(0.4207412512 0 -0.4235236644)
(0.3171884923 0 -0.1339480116)
(0.1891728701 0 0.02790843319)
(0.3030056352 0 -0.2772635837)
(0.07050771368 0 0.1783707863)
(-0.02499624188 0 0.2361690924)
(-0.04170999724 0 0.1682577513)
(-0.4927480666 0 0.05165419405)
(-0.3343700507 0 0.01946102437)
(-0.3168095165 0 0.09338070595)
(-0.1787883894 0 0.1091215485)
(-0.2189367143 0 0.04653044227)
(-0.2059578766 0 0.1437018139)
(-0.1966025073 0 0.07851663809)
(-0.03552435481 0 0.1658354303)
(-0.05192928917 0 0.1400029697)
(-0.3490424871 0 0.4126878137)
(-0.6516872875 0 0.7044119735)
(-0.609507873 0 0.53627171)
(-0.8592385413 0 1.001069199)
(-0.8902347677 0 1.151921115)
(-0.6152533242 0 0.6113595315)
(-0.8250575637 0 1.09074423)
(-0.7241389406 0 0.9633350201)
(-0.4526397794 0 0.5026298303)
(-0.6179355217 0 0.8082685685)
(-0.5138714227 0 0.6355302532)
(-0.3719039799 0 0.3751521029)
(-0.4412532708 0 0.5200292758)
(-0.3790147361 0 0.4115602842)
(-0.2943920485 0 0.1921510625)
(-0.2509116748 0 0.06571730787)
(-0.118684874 0 -0.1320659375)
(-0.1357147072 0 -0.177833915)
(-1.485545532 0 -1.774452348)
(-1.695057829 0 -1.970559399)
(-1.708902043 0 -1.950638136)
(-1.889987022 0 -2.134572089)
(-2.089252638 0 -2.283117712)
(-2.096019447 0 -2.270408228)
(-2.307914889 0 -2.430581297)
(-2.565757607 0 -2.599096676)
(-2.517543708 0 -2.556977233)
(-2.886941354 0 -2.815791579)
(-3.291659951 0 -3.100943034)
(-3.083219431 0 -2.944024604)
(-3.767611745 0 -3.442699679)
(-4.229470762 0 -3.795755946)
(-3.812969367 0 -3.511702712)
(-4.584142429 0 -4.146081913)
(-4.881094773 0 -4.421658275)
(-4.437581034 0 -4.06964167)
(-5.051869625 0 -4.557071742)
(-5.137450891 0 -4.621130821)
(-4.697351055 0 -4.273770981)
(-5.166131878 0 -4.639319404)
(-5.150828464 0 -4.622678312)
(-4.634055435 0 -4.210022928)
(-5.094181765 0 -4.572657761)
(-4.993776438 0 -4.486519233)
(-4.311589227 0 -3.94020223)
(-4.844403363 0 -4.359209647)
(-4.639420398 0 -4.184802535)
(-3.700502342 0 -3.437923814)
(-4.372775613 0 -3.958722874)
(-4.043070464 0 -3.681530035)
(-2.76275658 0 -2.673775501)
(-3.659024404 0 -3.363275627)
(-3.241167788 0 -3.024456395)
(-1.583569356 0 -1.707073578)
(-2.814290623 0 -2.688040847)
(-2.412684103 0 -2.352689061)
(-0.4721302294 0 -0.7434892179)
(-2.018668791 0 -2.00728442)
(-1.674413543 0 -1.687142314)
(0.3778874632 0 -0.2365061682)
(-1.410820621 0 -1.380184817)
(-1.077786272 0 -0.9337301155)
(-0.748128623 0 -0.496278866)
(-0.6832394006 0 -0.2909427898)
(-0.5801883309 0 0.267774108)
(-0.4294807084 0 0.1756540085)
(-0.5498174267 0 0.3616721784)
(-0.4366037356 0 0.3351879124)
(-0.3904867904 0 0.2486117105)
(-0.8336784051 0 0.01269369188)
(-0.3120429681 0 -0.002085352933)
(-0.3249658679 0 0.01993223968)
(-0.1761711065 0 -0.1634833977)
(-0.1284121073 0 -0.3114223428)
(-0.2793159884 0 -0.1216404545)
(-0.1155521584 0 -0.4148047195)
(-0.180955279 0 -0.6530942795)
(0.06078510691 0 0.02187157837)
(-0.4134534487 0 0.6797599698)
(-0.659692639 0 0.9826540063)
(-0.5728384897 0 0.669880222)
(-0.7033380016 0 1.158643694)
(-0.6528229399 0 1.207928694)
(-0.889092463 0 1.276907761)
(-0.7054878329 0 1.302733959)
(-0.7360938184 0 1.402819093)
(-0.8999333808 0 1.537007164)
(-0.7211590737 0 1.367691401)
(-0.6220807393 0 1.080418076)
(-0.6385722667 0 1.008118877)
(-0.4880961214 0 0.7705748151)
(-0.3712941402 0 0.5683888989)
(-0.376761683 0 0.477353468)
(-0.2590022728 0 0.4726602304)
(-0.2722246803 0 0.3340159546)
(-0.1850579333 0 0.06414400993)
(-1.373651315 0 -1.738923962)
(-1.588240716 0 -1.92496951)
(-1.652589596 0 -1.960256552)
(-1.797972186 0 -2.084499052)
(-2.026212135 0 -2.238865268)
(-2.064512877 0 -2.27090434)
(-2.299008502 0 -2.418429074)
(-2.649600965 0 -2.667091354)
(-2.61163864 0 -2.632708023)
(-3.110839276 0 -3.028746324)
(-3.687336145 0 -3.486035082)
(-3.517490825 0 -3.281181766)
(-4.299346013 0 -3.870748393)
(-4.743664946 0 -4.050776195)
(-4.581374446 0 -3.985531838)
(-4.961565269 0 -4.338208403)
(-5.209858117 0 -4.684658416)
(-5.120387589 0 -4.611369359)
(-5.372105092 0 -4.819399065)
(-5.480098833 0 -4.907952558)
(-5.365557468 0 -4.807906587)
(-5.551686396 0 -4.965567982)
(-5.593799577 0 -4.999525655)
(-5.436472453 0 -4.860655745)
(-5.608573252 0 -5.010854878)
(-5.595794782 0 -4.998443805)
(-5.389551564 0 -4.815273213)
(-5.553759493 0 -4.959306882)
(-5.479217148 0 -4.888958305)
(-5.218875763 0 -4.657016976)
(-5.366715869 0 -4.781900224)
(-5.207796714 0 -4.63244769)
(-4.894815456 0 -4.354173392)
(-4.990724952 0 -4.435797164)
(-4.701694307 0 -4.18896438)
(-4.353526048 0 -3.874664843)
(-4.328079991 0 -3.890800847)
(-3.86392583 0 -3.540760743)
(-3.502376688 0 -3.190046051)
(-3.316977745 0 -3.13717722)
(-2.714642704 0 -2.6769511)
(-2.377309203 0 -2.295603567)
(-2.09415352 0 -2.154255926)
(-1.464164622 0 -1.55473091)
(-1.243020378 0 -1.234059305)
(-0.934269892 0 -0.9575851302)
(-0.5606004952 0 -0.2975517344)
(-0.5284478839 0 0.1812687592)
(-0.438473456 0 0.3536443489)
(-0.3398959105 0 0.3311449674)
(-0.3879707874 0 0.3453444889)
(-0.8549635423 0 -0.0179309659)
(-0.2965351832 0 -0.01942549351)
(-0.3242026432 0 0.01268821634)
(-0.1211755014 0 -0.009338078646)
(-0.06947393566 0 -0.07415275009)
(-0.001297556364 0 -0.07219792812)
(0.07483203762 0 0.04859298596)
(0.108447735 0 0.003041846383)
(-0.0750797028 0 0.07937149751)
(0.4856738644 0 0.2542491084)
(0.7078456081 0 0.3419410587)
(0.6614503839 0 0.3510173031)
(0.7093525659 0 0.3630808667)
(0.321467991 0 0.361807118)
(0.2052849245 0 0.3848153972)
(-0.3244036577 0 0.4245431435)
(-0.4460809883 0 0.5001279951)
(-0.4742314852 0 0.4632019613)
(-0.3868255124 0 0.5293060951)
(-0.3537219746 0 0.5699414988)
(-0.4070182119 0 0.5691927301)
(-0.3561402173 0 0.6551169465)
(-0.3591613502 0 0.7016090922)
(-0.3729780301 0 0.6542652769)
(-0.3197954234 0 0.6955495132)
(-0.2914246275 0 0.5435340118)
(-0.271585167 0 0.4894826282)
(-0.4885531777 0 -0.9802768792)
(-0.8999631451 0 -1.370078819)
(-1.015248542 0 -1.437645618)
(-1.177075384 0 -1.615569787)
(-1.414984911 0 -1.800813193)
(-1.507412552 0 -1.870126625)
(-1.654924628 0 -1.963533506)
(-1.9227317 0 -2.135139405)
(-1.977897064 0 -2.192607669)
(-2.242309992 0 -2.35569188)
(-2.627395331 0 -2.672227928)
(-2.661385369 0 -2.696346882)
(-3.060429972 0 -3.112984681)
(-3.488404312 0 -3.600089373)
(-3.68095907 0 -3.653150435)
(-3.898028177 0 -3.920090436)
(-4.385760945 0 -4.049175416)
(-4.642672289 0 -4.049331812)
(-4.930685381 0 -4.340078298)
(-5.226202012 0 -4.698702041)
(-5.234677595 0 -4.705606729)
(-5.443715728 0 -4.88058516)
(-5.601257452 0 -5.01276742)
(-5.553136261 0 -4.972174874)
(-5.717521456 0 -5.109316217)
(-5.801000335 0 -5.179015261)
(-5.709087313 0 -5.100877908)
(-5.855793975 0 -5.225101817)
(-5.882844868 0 -5.247840246)
(-5.751175198 0 -5.135726063)
(-5.881052547 0 -5.24516427)
(-5.847548116 0 -5.21322617)
(-5.675198266 0 -5.0641783)
(-5.777231994 0 -5.146882283)
(-5.662030735 0 -5.04044434)
(-5.445177392 0 -4.847691154)
(-5.490690024 0 -4.888880749)
(-5.250060652 0 -4.689223535)
(-4.981815649 0 -4.446261996)
(-4.928493177 0 -4.441474163)
(-4.520340886 0 -4.147827765)
(-4.192502572 0 -3.850269464)
(-4.028755473 0 -3.809467484)
(-3.463002906 0 -3.420938619)
(-3.081306346 0 -3.056246877)
(-2.826806538 0 -2.961969027)
(-2.10287536 0 -2.387973135)
(-1.740462672 0 -1.939749169)
(-1.310377266 0 -1.651910717)
(-0.689343109 0 -0.8709072703)
(-0.6507285834 0 -0.6748016712)
(-0.3747373376 0 -0.2684085253)
(-0.2598452828 0 0.1536456284)
(-0.2892546396 0 0.2784735794)
(-0.7580998741 0 0.005676811288)
(-0.2159367268 0 -0.02746857582)
(-0.2481213033 0 -0.02763788962)
(-0.04822034924 0 0.01324869684)
(0.0300332535 0 -0.05837121932)
(0.04747148656 0 -0.07295330841)
(0.09012841691 0 -0.009251627957)
(0.03382426364 0 -0.07279944941)
(0.09388565999 0 -0.03991770455)
(0.2367142411 0 0.1331793907)
(0.2431750414 0 0.1420534097)
(0.5593725836 0 0.2988954571)
(0.2309149544 0 0.1549811201)
(-0.1848000199 0 0.2592713521)
(0.02539483178 0 0.3150139803)
(-0.4090272236 0 0.5405635217)
(-0.3959034665 0 0.6678077908)
(-0.4219953882 0 0.5621838653)
(-0.306064087 0 0.6492121956)
(-0.241904468 0 0.6017880409)
(-0.2977292833 0 0.5776998278)
(-0.2186959019 0 0.6193092766)
(-0.225785879 0 0.6845250083)
(-0.3068602664 0 0.6869271761)
(-0.2064595688 0 0.7385447718)
(-0.1893204683 0 0.6808713245)
(-0.2422724296 0 0.5171512127)
(-0.1059650605 0 0.7100151323)
(0.08036815285 0 0.7001204571)
(-0.2012616349 0 0.577431253)
(-0.2723323969 0 -0.8748911947)
(-0.6360562998 0 -1.203503249)
(-0.771903898 0 -1.290348632)
(-0.9351310772 0 -1.445881774)
(-1.219586069 0 -1.641302204)
(-1.316235596 0 -1.721901163)
(-1.513448372 0 -1.8241192)
(-1.824558743 0 -2.019798615)
(-1.867633248 0 -2.070586204)
(-2.154748797 0 -2.238911608)
(-2.510146576 0 -2.487084539)
(-2.568011634 0 -2.550874091)
(-2.903477846 0 -2.777271672)
(-3.342374751 0 -3.120603138)
(-3.365677965 0 -3.252528291)
(-3.814637267 0 -3.506006517)
(-4.293254878 0 -3.903470835)
(-4.279245467 0 -4.030104196)
(-4.744325377 0 -4.282619846)
(-5.112941896 0 -4.596836284)
(-5.187629016 0 -4.664662265)
(-5.402105212 0 -4.841183132)
(-5.622879965 0 -5.026921016)
(-5.625136816 0 -5.031185333)
(-5.791354132 0 -5.167702951)
(-5.920589295 0 -5.274971635)
(-5.871603307 0 -5.236702001)
(-6.018280735 0 -5.355552549)
(-6.087752151 0 -5.412319171)
(-5.994799764 0 -5.339215668)
(-6.129472144 0 -5.445391517)
(-6.141889265 0 -5.452978429)
(-6.002618843 0 -5.341828072)
(-6.121418965 0 -5.431816194)
(-6.061832589 0 -5.377410472)
(-5.866960734 0 -5.216523816)
(-5.953584626 0 -5.284335621)
(-5.783896867 0 -5.146818179)
(-5.516707337 0 -4.922996366)
(-5.538500674 0 -4.959723382)
(-5.205126775 0 -4.719655768)
(-4.856261393 0 -4.436927308)
(-4.777480458 0 -4.425671783)
(-4.25704666 0 -4.078937291)
(-3.853232422 0 -3.759935732)
(-3.651170173 0 -3.681260634)
(-2.966638267 0 -3.230436927)
(-2.527530618 0 -2.837604189)
(-2.189886698 0 -2.697068321)
(-1.185950309 0 -1.890369761)
(-0.7694445042 0 -1.200768169)
(-0.5215846652 0 -0.8082439509)
(-0.3209501839 0 -0.2858587877)
(-0.2992173186 0 -0.0539223778)
(-0.7585032095 0 0.08386303651)
(-0.1958593454 0 0.1195899771)
(-0.186808383 0 -0.01867379365)
(0.08078996031 0 -0.004532066538)
(0.1964269093 0 -0.03482797776)
(0.08239958636 0 -0.05263956508)
(0.105009924 0 0.03907550236)
(0.1503563895 0 0.01813235617)
(0.1063333321 0 0.01024574825)
(0.06074081024 0 -0.05874936384)
(-0.003566259871 0 -0.1193221343)
(-0.02440576274 0 -0.3663674945)
(0.1540910933 0 -0.1474319086)
(0.5443614806 0 0.2078507416)
(-0.7686735352 0 1.004209987)
(0.5471485799 0 0.3908990863)
(0.4119772578 0 0.4354106998)
(-0.3959295546 0 1.040731682)
(0.2510373551 0 0.4325056614)
(0.1313347034 0 0.4306876461)
(-0.16475205 0 0.6527409565)
(0.06069621201 0 0.459064215)
(0.00825458245 0 0.506122413)
(-0.1281691202 0 0.6338470774)
(-0.04801467169 0 0.5525641382)
(-0.1193809837 0 0.3624835282)
(-0.1912266804 0 0.4892701398)
(0.06868579105 0 0.1736440629)
(0.143659352 0 0.2702694896)
(0.1212720477 0 0.4283720948)
(-0.1350222716 0 -0.9047655868)
(-0.4052392401 0 -1.107525602)
(-0.5060078138 0 -1.136235989)
(-0.7514439632 0 -1.326634295)
(-1.125822675 0 -1.541685553)
(-1.144077563 0 -1.57359727)
(-1.464043389 0 -1.742648813)
(-1.735210861 0 -1.918373473)
(-1.787439023 0 -1.974035427)
(-1.97301052 0 -2.079835832)
(-2.228631029 0 -2.257542939)
(-2.387982766 0 -2.386739536)
(-2.53898106 0 -2.481895314)
(-2.92322807 0 -2.773519105)
(-3.143098489 0 -2.954711705)
(-3.379807765 0 -3.136165726)
(-3.882506248 0 -3.54961758)
(-4.109179147 0 -3.74535823)
(-4.386169604 0 -3.972759311)
(-4.844166536 0 -4.361046146)
(-4.999495628 0 -4.496695196)
(-5.226393353 0 -4.6859774)
(-5.528556892 0 -4.942035365)
(-5.591859729 0 -4.998083195)
(-5.763588402 0 -5.139552896)
(-5.948279189 0 -5.292938126)
(-5.946803817 0 -5.294011212)
(-6.095271513 0 -5.413439165)
(-6.211711856 0 -5.507623582)
(-6.160730562 0 -5.468485826)
(-6.300743797 0 -5.578434111)
(-6.36297207 0 -5.626442249)
(-6.263293441 0 -5.547976702)
(-6.397086547 0 -5.650579149)
(-6.399734238 0 -5.648346688)
(-6.242009705 0 -5.522123129)
(-6.36485247 0 -5.615639709)
(-6.282722225 0 -5.546370471)
(-6.043763354 0 -5.356473436)
(-6.139143996 0 -5.43218637)
(-5.91541796 0 -5.262741823)
(-5.562783508 0 -4.996107491)
(-5.590404593 0 -5.027361398)
(-5.145779997 0 -4.718640049)
(-4.685450176 0 -4.393539651)
(-4.574373815 0 -4.33746777)
(-3.887865416 0 -3.896506145)
(-3.409817915 0 -3.569321752)
(-3.116811167 0 -3.417566199)
(-2.290433274 0 -2.917108223)
(-1.826793631 0 -2.550550406)
(0.6667178303 0 -1.373023829)
(2.183323393 0 -1.001485049)
(0.2827118317 0 -0.6474132712)
(3.204516115 0 0.0691846657)
(1.768626345 0 0.8895698427)
(0.2587474363 0 0.6214962629)
(0.7525487415 0 0.6886341512)
(0.4376575734 0 0.5331923646)
(0.194808144 0 0.2197207485)
(0.2862282504 0 0.4000120779)
(0.2750182843 0 0.2905426716)
(0.156289574 0 0.202739082)
(0.238178412 0 0.1933614351)
(0.1900289517 0 0.06253705037)
(0.1468968489 0 0.07291879391)
(0.1934719082 0 0.03814553769)
(0.2949268419 0 0.1120980311)
(0.3082196622 0 0.09983556413)
(0.3807531632 0 0.2051826914)
(0.3996926314 0 0.2819174486)
(0.3986724852 0 0.3184109816)
(0.3673865307 0 0.3409132961)
(0.3125188372 0 0.3928627244)
(0.2367540833 0 0.4042585624)
(0.2490326894 0 0.4399815581)
(0.1796811503 0 0.482209639)
(0.09902326853 0 0.5107290275)
(0.107498696 0 0.5222857577)
(0.0511374557 0 0.5398176179)
(0.01349243473 0 0.4801773549)
(0.1252303291 0 0.3964454408)
(0.1344283082 0 0.3500858795)
(0.1504903509 0 0.277724114)
(-0.08022900497 0 -1.083812149)
(-0.3938394758 0 -1.157786973)
(-0.4298573883 0 -1.160472265)
(-0.829448142 0 -1.324622583)
(-1.163459352 0 -1.498295955)
(-1.157771562 0 -1.532429951)
(-1.353653223 0 -1.620689679)
(-1.498690521 0 -1.720113093)
(-1.636810966 0 -1.831539987)
(-1.656211154 0 -1.826181155)
(-1.85263865 0 -1.958536562)
(-2.044622956 0 -2.110478365)
(-2.106552416 0 -2.13524701)
(-2.433171448 0 -2.374062448)
(-2.683343512 0 -2.577636379)
(-2.840893566 0 -2.687938007)
(-3.324260967 0 -3.076511343)
(-3.618716421 0 -3.32552844)
(-3.857033014 0 -3.518159664)
(-4.392594355 0 -3.970547664)
(-4.642824345 0 -4.186395672)
(-4.879618238 0 -4.385778812)
(-5.286249844 0 -4.732839853)
(-5.428489504 0 -4.85513103)
(-5.610057937 0 -5.007329359)
(-5.866435625 0 -5.221915532)
(-5.922499353 0 -5.269822412)
(-6.072704582 0 -5.392181601)
(-6.241048566 0 -5.529602782)
(-6.238874005 0 -5.528549868)
(-6.378485553 0 -5.640823017)
(-6.48856381 0 -5.728980123)
(-6.438192155 0 -5.687150812)
(-6.572570615 0 -5.794999521)
(-6.630107342 0 -5.838391951)
(-6.529385884 0 -5.754011222)
(-6.65918979 0 -5.857526997)
(-6.65588228 0 -5.849441244)
(-6.488579203 0 -5.711563842)
(-6.61336951 0 -5.809241111)
(-6.520303544 0 -5.729126464)
(-6.241853223 0 -5.51101234)
(-6.35824893 0 -5.597080803)
(-6.098674401 0 -5.395749134)
(-5.629127055 0 -5.058073503)
(-5.7019331 0 -5.103207416)
(-5.124899662 0 -4.699328742)
(-4.445269627 0 -4.258997196)
(-4.347068532 0 -4.181677199)
(-3.411517304 0 -3.585071646)
(-2.696936794 0 -3.175545322)
(-2.431573195 0 -2.975440061)
(1.694842293 0 -0.5681552595)
(1.998162056 0 -0.7384390199)
(1.387992078 0 -0.1177555951)
(0.5859442017 0 -0.149156416)
(1.589126925 0 0.680451283)
(1.005484966 0 0.5195887684)
(0.7278466549 0 0.4959902721)
(0.7287357852 0 0.5851196828)
(0.3884296607 0 0.349197267)
(0.2397201666 0 0.225911852)
(0.298174005 0 0.2882147591)
(0.1803054511 0 0.1441872885)
(0.1806842667 0 0.1132349546)
(0.182566471 0 0.06463884143)
(0.2157321051 0 0.1263141045)
(0.325561044 0 0.1760770631)
(0.3091729573 0 0.1389173328)
(0.404361199 0 0.2389048397)
(0.4355093312 0 0.2993352156)
(0.4192152284 0 0.2844324028)
(0.4278580751 0 0.353776499)
(0.3914117908 0 0.4007493787)
(0.3643215068 0 0.3944400294)
(0.3344629088 0 0.4401128096)
(0.2631159993 0 0.47383869)
(0.2380978327 0 0.4720629801)
(0.1849629727 0 0.5044810289)
(0.1139254004 0 0.5309576883)
(0.08013220662 0 0.5301058761)
(0.06928419702 0 0.5281866202)
(0.06564286278 0 0.500700371)
(0.1129311212 0 0.4289748889)
(-0.4686673225 0 -1.021121751)
(-0.7034706563 0 -1.104825934)
(-0.7448618464 0 -1.246237897)
(-0.8486813413 0 -1.217121403)
(-0.9626581096 0 -1.313067202)
(-1.110168038 0 -1.433239209)
(-1.071466092 0 -1.396327486)
(-1.186408911 0 -1.475506976)
(-1.344868129 0 -1.599082186)
(-1.316792218 0 -1.559651055)
(-1.473545268 0 -1.659479026)
(-1.661381207 0 -1.807535495)
(-1.670695124 0 -1.788827471)
(-1.925071093 0 -1.964950842)
(-2.178422591 0 -2.168137465)
(-2.254142314 0 -2.20692215)
(-2.671334539 0 -2.530995752)
(-3.005405051 0 -2.808893708)
(-3.177014621 0 -2.941282873)
(-3.745971444 0 -3.417218222)
(-4.09274023 0 -3.713228985)
(-4.324034864 0 -3.909782754)
(-4.850486565 0 -4.361587191)
(-5.095685851 0 -4.570043746)
(-5.291263006 0 -4.738129236)
(-5.646322408 0 -5.037087107)
(-5.776144513 0 -5.145758503)
(-5.931879648 0 -5.273548949)
(-6.16466837 0 -5.464377701)
(-6.217032254 0 -5.508939819)
(-6.357057792 0 -5.621791371)
(-6.517011992 0 -5.752763213)
(-6.514828001 0 -5.751150233)
(-6.648910825 0 -5.860422899)
(-6.754597922 0 -5.945714878)
(-6.704322385 0 -5.902024584)
(-6.834348196 0 -6.008516204)
(-6.887406614 0 -6.048064792)
(-6.786761098 0 -5.960614957)
(-6.912060008 0 -6.062907805)
(-6.905423106 0 -6.050631609)
(-6.739423597 0 -5.908587297)
(-6.863019508 0 -6.007459759)
(-6.778199597 0 -5.927738649)
(-6.493345828 0 -5.694965209)
(-6.64140896 0 -5.803310049)
(-6.439532209 0 -5.622966873)
(-5.840237475 0 -5.183373664)
(-6.156223898 0 -5.372800708)
(-5.774865611 0 -5.038889458)
(-4.230567446 0 -4.071896136)
(-5.28415345 0 -4.612357681)
(-4.677814683 0 -4.089690677)
(-1.73531136 0 -2.468069049)
(-3.947880049 0 -3.449615424)
(-2.968513867 0 -2.582927503)
(-1.717881199 0 -1.561397583)
(-1.836133809 0 -1.599637212)
(-0.7324825773 0 -0.6458513013)
(0.4290445166 0 0.2811775823)
(0.1679963309 0 0.1684535121)
(0.173588202 0 0.1925098384)
(0.1664695944 0 0.180522574)
(0.1907312841 0 0.2017063356)
(0.2176015124 0 0.2117715208)
(0.2015659347 0 0.1736888932)
(0.2500755706 0 0.2299973189)
(0.3211248728 0 0.2477744737)
(0.3333534944 0 0.2170278479)
(0.3847524751 0 0.2832182076)
(0.411079948 0 0.3277094355)
(0.4349125712 0 0.3156433269)
(0.4017350222 0 0.370669918)
(0.3641840032 0 0.4087484957)
(0.3908676735 0 0.4070960188)
(0.3086836961 0 0.4432636363)
(0.2514194111 0 0.475906208)
(0.2603684851 0 0.4773454509)
(0.2103127352 0 0.5028032763)
(0.1876850464 0 0.5186988242)
(0.1472788742 0 0.5305401193)
(0.1743207157 0 0.5286673501)
(0.1673170099 0 0.5456888718)
(0.1111922064 0 0.5450577647)
(0.008049377974 0 -0.8434458621)
(-0.2081907074 0 -0.8747913618)
(-0.482780782 0 -0.977102434)
(-0.4168448214 0 -0.9760018967)
(-0.5810184971 0 -1.07185494)
(-0.7860717576 0 -1.191781188)
(-0.7204100675 0 -1.153961923)
(-0.8488900259 0 -1.228121306)
(-1.022960096 0 -1.35185522)
(-0.975214405 0 -1.300114814)
(-1.108054343 0 -1.376592497)
(-1.289295856 0 -1.51543772)
(-1.259098502 0 -1.467120884)
(-1.444328382 0 -1.585407845)
(-1.678764238 0 -1.769333729)
(-1.684064845 0 -1.74987391)
(-2.001809126 0 -1.983441194)
(-2.332972412 0 -2.252514089)
(-2.419764873 0 -2.309799621)
(-2.945905355 0 -2.740699092)
(-3.359576463 0 -3.089307113)
(-3.553652259 0 -3.255166927)
(-4.178356757 0 -3.793392196)
(-4.545417282 0 -4.103253855)
(-4.751938763 0 -4.28760431)
(-5.239375743 0 -4.700291689)
(-5.470130562 0 -4.890661599)
(-5.637859386 0 -5.029400104)
(-5.959889738 0 -5.291521764)
(-6.080512303 0 -5.393103625)
(-6.22283447 0 -5.506201103)
(-6.442294139 0 -5.687415493)
(-6.493707236 0 -5.73229334)
(-6.628159617 0 -5.842054666)
(-6.784995673 0 -5.972475066)
(-6.78180111 0 -5.969541625)
(-6.914442617 0 -6.079230061)
(-7.016908361 0 -6.162358822)
(-6.963362583 0 -6.114873992)
(-7.092132851 0 -6.221603594)
(-7.139139735 0 -6.256192499)
(-7.034613946 0 -6.163955172)
(-7.155972059 0 -6.264532496)
(-7.139355738 0 -6.24389219)
(-6.976102023 0 -6.100547139)
(-7.084259644 0 -6.190011706)
(-6.983282021 0 -6.096563824)
(-6.743106897 0 -5.886569034)
(-6.825836036 0 -5.954441681)
(-6.597048434 0 -5.750799827)
(-6.247852223 0 -5.446268867)
(-6.276565787 0 -5.468018994)
(-5.837523778 0 -5.082802574)
(-5.333799577 0 -4.643670876)
(-5.246967683 0 -4.566502167)
(-4.470761533 0 -3.889314477)
(-3.771240346 0 -3.281708488)
(-3.49009101 0 -3.034349655)
(-2.338286487 0 -2.029555495)
(-1.515179483 0 -1.315344305)
(-1.132321894 0 -0.973927853)
(0.1914222444 0 0.1865815803)
(0.1889598975 0 0.1883626405)
(0.2294189384 0 0.229748326)
(0.2540636793 0 0.2521629004)
(0.231173418 0 0.2342958065)
(0.2814986248 0 0.2653279008)
(0.3136768505 0 0.2768666946)
(0.3045880485 0 0.2627942497)
(0.342837559 0 0.2943017789)
(0.3563938158 0 0.3177793624)
(0.3728259396 0 0.3286265289)
(0.3530132155 0 0.3418063717)
(0.3418702198 0 0.3655401939)
(0.3330804323 0 0.3981578378)
(0.3314086822 0 0.3930636423)
(0.3197916368 0 0.424483016)
(0.2704165279 0 0.4626268964)
(0.3033451348 0 0.4534495773)
(0.2879205042 0 0.4807724225)
(0.2322974358 0 0.4994247641)
(0.2826593775 0 0.518718515)
(0.2874945772 0 0.5684474369)
(0.2210149574 0 0.551941163)
(0.2643422555 0 -0.9240620628)
(0.2154854977 0 -0.8959102327)
(0.06848389611 0 -0.8818880667)
(0.111697931 0 -0.8721073782)
(-0.06495873021 0 -0.8817408729)
(-0.3399859393 0 -0.9653940495)
(-0.2692213356 0 -0.9284120935)
(-0.4479513223 0 -0.9898320102)
(-0.6580863879 0 -1.10625502)
(-0.6068559915 0 -1.054776435)
(-0.7493222734 0 -1.119263177)
(-0.928668785 0 -1.244171507)
(-0.8830043789 0 -1.185712398)
(-1.021894601 0 -1.262384608)
(-1.224996739 0 -1.416007061)
(-1.185964733 0 -1.362781968)
(-1.400519038 0 -1.506753202)
(-1.688333291 0 -1.73267811)
(-1.696290661 0 -1.722364121)
(-2.10549467 0 -2.043005687)
(-2.521599958 0 -2.386329102)
(-2.643467812 0 -2.489268325)
(-3.28097943 0 -3.03836766)
(-3.752952976 0 -3.435120662)
(-3.948564669 0 -3.620760195)
(-4.579939109 0 -4.161925627)
(-4.945214327 0 -4.459321176)
(-5.132141878 0 -4.617207036)
(-5.584182076 0 -4.978961367)
(-5.796880279 0 -5.15521891)
(-5.944435961 0 -5.268176415)
(-6.239706793 0 -5.511094721)
(-6.359166244 0 -5.615005987)
(-6.491508042 0 -5.722417066)
(-6.709399894 0 -5.906660252)
(-6.761942721 0 -5.952484247)
(-6.896364995 0 -6.064496717)
(-7.053444347 0 -6.196113326)
(-7.04749351 0 -6.189948607)
(-7.181345378 0 -6.301962046)
(-7.280503587 0 -6.382459466)
(-7.221162029 0 -6.329086544)
(-7.350737778 0 -6.437543566)
(-7.390908699 0 -6.46633981)
(-7.277184334 0 -6.365421716)
(-7.398588167 0 -6.466867086)
(-7.369585678 0 -6.435619883)
(-7.191120994 0 -6.278676812)
(-7.297240949 0 -6.366944625)
(-7.171455813 0 -6.252186708)
(-6.903660363 0 -6.018235308)
(-6.977262151 0 -6.078434781)
(-6.692858923 0 -5.826809399)
(-6.290260767 0 -5.476494614)
(-6.287193812 0 -5.470359614)
(-5.717608628 0 -4.972009931)
(-5.117644661 0 -4.450874967)
(-4.930104553 0 -4.284749718)
(-3.871222739 0 -3.361766513)
(-3.094519999 0 -2.686512057)
(-2.538966912 0 -2.199863344)
(-1.117796947 0 -0.9533197207)
(-0.4686571009 0 -0.3638408589)
(0.2369932648 0 0.2843164941)
(0.2669154441 0 0.3356244853)
(0.2553605044 0 0.2953708313)
(0.2891069369 0 0.3794910059)
(0.3056498018 0 0.4155058185)
(0.3101053604 0 0.3454985123)
(0.3158386203 0 0.4481452019)
(0.3199965473 0 0.4793182668)
(0.3447855793 0 0.3816704889)
(0.3196410522 0 0.5095912846)
(0.3173568688 0 0.5386016689)
(0.3569785918 0 0.4076114216)
(0.3162173513 0 0.5654411152)
(0.3194138101 0 0.5888028731)
(0.3622003864 0 0.4311371343)
(0.3296627738 0 0.6068590237)
(0.3464762114 0 0.6176110105)
(0.3647102957 0 0.495070242)
(0.363066101 0 0.6184486769)
(0.3694297218 0 0.6077412187)
(0.3629809407 0 0.5840900101)
(0.3467265818 0 -0.855527167)
(0.3286452338 0 -0.838552903)
(0.2838810818 0 -0.8740196651)
(0.296167816 0 -0.8146237428)
(0.2383070742 0 -0.7916698826)
(0.1321637241 0 -0.8270414044)
(0.1424448835 0 -0.7803691481)
(-0.007574619371 0 -0.7951378367)
(-0.223900739 0 -0.882667953)
(-0.2029268193 0 -0.841280262)
(-0.3829523936 0 -0.8953929023)
(-0.5678451954 0 -1.002743365)
(-0.532534784 0 -0.9478321933)
(-0.6575377352 0 -1.000086858)
(-0.8338400066 0 -1.124231659)
(-0.7769282157 0 -1.059634874)
(-0.9147768458 0 -1.138945735)
(-1.142637192 0 -1.308916354)
(-1.098907707 0 -1.257991914)
(-1.364988651 0 -1.448798855)
(-1.715406314 0 -1.726533324)
(-1.753877176 0 -1.754600904)
(-2.285727528 0 -2.204880532)
(-2.782989925 0 -2.620599477)
(-2.930772885 0 -2.775456469)
(-3.634537589 0 -3.395933579)
(-4.14060593 0 -3.805748612)
(-4.342769703 0 -3.987707732)
(-4.974411644 0 -4.483233456)
(-5.31315385 0 -4.756897193)
(-5.473603607 0 -4.870087055)
(-5.867778631 0 -5.188352018)
(-6.078200704 0 -5.370806758)
(-6.202256292 0 -5.46907439)
(-6.49691555 0 -5.720601192)
(-6.62298305 0 -5.831081307)
(-6.755979751 0 -5.942500209)
(-6.979936342 0 -6.133704274)
(-7.032170907 0 -6.178492628)
(-7.169665268 0 -6.294580435)
(-7.326679622 0 -6.426417927)
(-7.31624746 0 -6.415441014)
(-7.452395839 0 -6.530511547)
(-7.547589271 0 -6.607623628)
(-7.481030277 0 -6.547092675)
(-7.612147912 0 -6.657770122)
(-7.644755442 0 -6.679946114)
(-7.520283571 0 -6.568942404)
(-7.642355646 0 -6.671656077)
(-7.599396871 0 -6.628244016)
(-7.402494815 0 -6.454758725)
(-7.50673352 0 -6.541924582)
(-7.349957753 0 -6.400317244)
(-7.045513316 0 -6.134235967)
(-7.106841679 0 -6.184211447)
(-6.74363439 0 -5.864341624)
(-6.262864406 0 -5.445976668)
(-6.210110795 0 -5.397064671)
(-5.434586378 0 -4.719921902)
(-4.671429871 0 -4.05681783)
(-4.324529123 0 -3.751664746)
(-2.795659686 0 -2.415566921)
(-1.772933037 0 -1.528585541)
(-0.968486182 0 -0.8119305244)
(0.3477969617 0 0.3306777271)
(0.2828341845 0 0.3133923461)
(0.3670081432 0 0.3945390439)
(0.3799690519 0 0.4432912768)
(0.3432990269 0 0.4368459395)
(0.385265614 0 0.4859178812)
(0.3834997788 0 0.5255220784)
(0.3490182962 0 0.515275459)
(0.3752253467 0 0.5635478978)
(0.3615665702 0 0.6004997555)
(0.3311319671 0 0.5885598872)
(0.3445312556 0 0.6362252359)
(0.3265039452 0 0.6697364647)
(0.2979912932 0 0.6535355087)
(0.3095154666 0 0.698159865)
(0.2948794575 0 0.7170202575)
(0.2732092256 0 0.685893522)
(0.2855204427 0 0.7223462569)
(0.2782751617 0 0.7233184396)
(0.2870959474 0 0.6606360761)
(0.3763244377 0 -0.7549664465)
(0.3516316525 0 -0.7377194991)
(0.3046911202 0 -0.7628709833)
(0.3097566627 0 -0.7186986827)
(0.2416844068 0 -0.7035533838)
(0.1431465027 0 -0.7399016266)
(0.1364589088 0 -0.6986953292)
(-0.01442226133 0 -0.7139765053)
(-0.195827357 0 -0.7985377363)
(-0.1856595565 0 -0.7507023111)
(-0.3217126465 0 -0.7881762542)
(-0.4882783572 0 -0.8882387561)
(-0.4311970989 0 -0.825635478)
(-0.5338254037 0 -0.869751448)
(-0.7134672378 0 -0.9938968725)
(-0.6503967235 0 -0.9311249227)
(-0.806604116 0 -1.026609653)
(-1.061642088 0 -1.215672506)
(-1.040324588 0 -1.188982169)
(-1.398694706 0 -1.472422861)
(-1.816735248 0 -1.81542872)
(-1.901675774 0 -1.915033522)
(-2.526853391 0 -2.491894058)
(-3.084298837 0 -2.948870737)
(-3.265723854 0 -3.142250244)
(-4.065959289 0 -3.769185778)
(-4.559654692 0 -4.153805363)
(-4.749384473 0 -4.269522394)
(-5.268045832 0 -4.670495641)
(-5.600542655 0 -4.957185296)
(-5.702663517 0 -5.03142601)
(-6.094122371 0 -5.366799384)
(-6.323748531 0 -5.568605956)
(-6.447507612 0 -5.672287717)
(-6.759765542 0 -5.942174245)
(-6.891515205 0 -6.057057053)
(-7.029685957 0 -6.174551299)
(-7.258970784 0 -6.370789518)
(-7.309002043 0 -6.412816101)
(-7.45038153 0 -6.533327783)
(-7.606363248 0 -6.664338262)
(-7.589914662 0 -6.64722867)
(-7.728827818 0 -6.765551362)
(-7.819007871 0 -6.838142942)
(-7.744148133 0 -6.769554452)
(-7.877024805 0 -6.882363541)
(-7.901304095 0 -6.897024997)
(-7.764854701 0 -6.774970974)
(-7.887778329 0 -6.878796312)
(-7.828700243 0 -6.82115584)
(-7.609655619 0 -6.6280939)
(-7.71075701 0 -6.712732529)
(-7.511938372 0 -6.534566864)
(-7.15861884 0 -6.225997039)
(-7.196392273 0 -6.255634886)
(-6.706540483 0 -5.826003326)
(-6.116638337 0 -5.312918034)
(-5.952935691 0 -5.167988125)
(-4.810484754 0 -4.172468192)
(-3.890512344 0 -3.369074656)
(-3.163238034 0 -2.733971814)
(-1.181417858 0 -0.9512932782)
(-0.4360946951 0 -0.007675044948)
(0.2049860722 0 0.3902846768)
(0.2983539549 0 0.4372308257)
(0.3817857982 0 0.4436329777)
(0.3051478722 0 0.4764818373)
(0.2827070556 0 0.5096614021)
(0.3962295439 0 0.5265282458)
(0.2474918943 0 0.5407205252)
(0.2120318599 0 0.5718918187)
(0.3740751908 0 0.6063008347)
(0.1845919082 0 0.6043673053)
(0.1702502832 0 0.6399493496)
(0.3463206026 0 0.6859609552)
(0.1699296024 0 0.678878075)
(0.1806999346 0 0.71467683)
(0.3242026012 0 0.7461130888)
(0.4242517842 0 -0.7040616945)
(0.4161157628 0 -0.6898220673)
(0.3872914386 0 -0.7143632045)
(0.3979898577 0 -0.6701469547)
(0.3650287462 0 -0.6470755884)
(0.3120693483 0 -0.6749567675)
(0.3082761078 0 -0.6270059284)
(0.2191287883 0 -0.6173904736)
(0.1289721812 0 -0.6542038347)
(0.1008097171 0 -0.6213244957)
(-0.02938709808 0 -0.6366506576)
(-0.1599201148 0 -0.7010290516)
(-0.1478917916 0 -0.6566908947)
(-0.2457723373 0 -0.677576601)
(-0.3746451812 0 -0.7638758783)
(-0.3368069219 0 -0.7094405696)
(-0.4361784357 0 -0.7582903652)
(-0.5980325332 0 -0.8763547563)
(-0.5664043184 0 -0.8314858991)
(-0.7669621863 0 -0.9659081729)
(-1.046432413 0 -1.18824906)
(-1.087946133 0 -1.231168158)
(-1.5432353 0 -1.665590611)
(-2.003071626 0 -2.056034777)
(-2.130597329 0 -2.239669514)
(-2.903534749 0 -2.887447525)
(-3.503446616 0 -3.339389133)
(-3.732668756 0 -3.453826174)
(-4.378447055 0 -3.90927551)
(-4.862406552 0 -4.322273779)
(-4.915918608 0 -4.34285058)
(-5.418569028 0 -4.772139777)
(-5.796697814 0 -5.105131153)
(-5.892509794 0 -5.184016185)
(-6.32493596 0 -5.560905164)
(-6.575106854 0 -5.780527278)
(-6.70601084 0 -5.892323249)
(-7.034515157 0 -6.176972943)
(-7.170404591 0 -6.294789514)
(-7.313956083 0 -6.417983289)
(-7.547922338 0 -6.618489637)
(-7.593968355 0 -6.656212513)
(-7.739778352 0 -6.781431144)
(-7.892938637 0 -6.909822386)
(-7.869065095 0 -6.885350619)
(-8.010445511 0 -7.006398941)
(-8.09434099 0 -7.073075864)
(-8.010699477 0 -6.996047029)
(-8.145008487 0 -7.110375246)
(-8.160344492 0 -7.116701942)
(-8.0110642 0 -6.982981288)
(-8.134556807 0 -7.087284763)
(-8.056143842 0 -7.012396996)
(-7.809325349 0 -6.795114824)
(-7.904188614 0 -6.874108317)
(-7.641378625 0 -6.640203735)
(-7.214089536 0 -6.267735421)
(-7.200982766 0 -6.252882748)
(-6.464059841 0 -5.608985447)
(-5.684013496 0 -4.931654554)
(-5.230146748 0 -4.534189593)
(-3.25089146 0 -2.805967891)
(-2.19703767 0 -1.890873318)
(-0.5517482614 0 -0.2295505438)
(-0.1744458684 0 0.1439253637)
(0.06334652231 0 0.3188479964)
(-0.1530301384 0 0.1707925435)
(-0.1469356938 0 0.1934709078)
(-0.00832635168 0 0.377108585)
(-0.1437999716 0 0.216131251)
(-0.1353383046 0 0.2409302416)
(-0.1001452345 0 0.3721540879)
(-0.1185049407 0 0.2673752426)
(-0.09482928956 0 0.2950114979)
(-0.1177335018 0 0.3672739452)
(-0.06594692399 0 0.3246194402)
(-0.02916796315 0 0.3582496042)
(-0.03469646934 0 0.4470656376)
(0.4583649769 0 -0.646247337)
(0.4564316164 0 -0.639650685)
(0.44053765 0 -0.6637054128)
(0.4384190842 0 -0.628799)
(0.3927356987 0 -0.6256485857)
(0.397069841 0 -0.6260661636)
(0.3175783445 0 -0.6323808266)
(0.2252013155 0 -0.6393837298)
(0.2432702381 0 -0.6171991516)
(0.1260387879 0 -0.6375391639)
(0.01569695559 0 -0.628352828)
(0.01949481322 0 -0.620320393)
(-0.041356067 0 -0.6060556371)
(-0.121976763 0 -0.5895437222)
(-0.1718212547 0 -0.6179436874)
(-0.1874344432 0 -0.5890729425)
(-0.2485778364 0 -0.6021930826)
(-0.3237920952 0 -0.6681455711)
(-0.317546473 0 -0.6276787915)
(-0.4143753955 0 -0.6783265608)
(-0.5597308894 0 -0.7995769345)
(-0.5774425656 0 -0.7993587183)
(-0.8526916412 0 -1.059519284)
(-1.160174176 0 -1.33274618)
(-1.248264049 0 -1.486467803)
(-1.791354045 0 -2.03410836)
(-2.316961025 0 -2.444725184)
(-2.517818671 0 -2.520851469)
(-3.192165925 0 -2.91013567)
(-3.817374102 0 -3.434233127)
(-3.78266006 0 -3.353424687)
(-4.372020368 0 -3.848976974)
(-4.94677882 0 -4.356251028)
(-4.973235523 0 -4.372324239)
(-5.559821618 0 -4.88686125)
(-5.99310374 0 -5.268920495)
(-6.096529445 0 -5.357069971)
(-6.567084032 0 -5.768137806)
(-6.839024221 0 -6.006415337)
(-6.974315071 0 -6.122940454)
(-7.321411189 0 -6.42427)
(-7.460802092 0 -6.54450571)
(-7.611176411 0 -6.674524744)
(-7.847982133 0 -6.877497064)
(-7.887669591 0 -6.908803892)
(-8.037334715 0 -7.038009491)
(-8.184840474 0 -7.16101162)
(-8.152657292 0 -7.128354644)
(-8.29525187 0 -7.250755976)
(-8.371610701 0 -7.310063833)
(-8.279693774 0 -7.22502976)
(-8.414398264 0 -7.339597305)
(-8.420442091 0 -7.33690706)
(-8.257989048 0 -7.191356517)
(-8.380974689 0 -7.294725508)
(-8.277641551 0 -7.1974577)
(-7.993416546 0 -6.947911291)
(-8.07380978 0 -7.013591514)
(-7.694846751 0 -6.678577447)
(-7.137153014 0 -6.193752122)
(-6.982165712 0 -6.055069857)
(-5.590594508 0 -4.844317396)
(-4.427281634 0 -3.836112589)
(-2.887559459 0 -2.500588891)
(-0.2184791105 0 0.1978996489)
(-0.2668988135 0 0.1821450058)
(-0.1489602775 0 0.2131456283)
(-0.109641977 0 0.2158689046)
(-0.157107435 0 0.2038546356)
(-0.08228064249 0 0.2219990114)
(-0.05786616357 0 0.2347375813)
(-0.1017308016 0 0.2396477118)
(-0.03098102031 0 0.2529530925)
(-0.0004053608307 0 0.2732946579)
(-0.03390510743 0 0.282671835)
(0.0340901811 0 0.2930675616)
(0.07929582766 0 0.3103981031)
(0.04828243572 0 0.3226439381)
(0.4299436891 0 -0.6293029291)
(0.3700002539 0 -0.639507769)
(0.3714010308 0 -0.6427219879)
(0.277627209 0 -0.6460996028)
(0.09025836399 0 -0.6613413444)
(0.2093412443 0 -0.6668068408)
(-0.3514416279 0 -0.7182162296)
(-0.8991006597 0 -0.7866101032)
(-0.2342600643 0 -0.6779720118)
(-0.03734115261 0 -0.5748316358)
(-0.1348835517 0 -0.5637344338)
(-0.07294468025 0 -0.5971808883)
(-0.1512884696 0 -0.5426314277)
(-0.1847485613 0 -0.5193104462)
(-0.1981646454 0 -0.5616864889)
(-0.2085520573 0 -0.5148273702)
(-0.2435678293 0 -0.5287004089)
(-0.3135169282 0 -0.5925083411)
(-0.3079414486 0 -0.5704013564)
(-0.4274066456 0 -0.6737425728)
(-0.6118430787 0 -0.8420225132)
(-0.6369352182 0 -0.9011838202)
(-0.9583013787 0 -1.286886104)
(-1.343602676 0 -1.654635185)
(-1.395852489 0 -1.638623764)
(-1.88698485 0 -1.828756096)
(-2.533141255 0 -2.363414591)
(-2.393818643 0 -2.14485644)
(-2.944620272 0 -2.585207129)
(-3.696223112 0 -3.251501295)
(-3.579496804 0 -3.135272369)
(-4.302807205 0 -3.7740748)
(-5.002933384 0 -4.394681979)
(-5.035637922 0 -4.421025192)
(-5.697728297 0 -5.002739206)
(-6.196188015 0 -5.442102624)
(-6.290074877 0 -5.522334348)
(-6.811152679 0 -5.978592741)
(-7.113065977 0 -6.242935023)
(-7.255982541 0 -6.367007239)
(-7.624638397 0 -6.687549529)
(-7.765078991 0 -6.808003053)
(-7.922317131 0 -6.944744008)
(-8.157471171 0 -7.145999527)
(-8.188261145 0 -7.168553668)
(-8.339711586 0 -7.299754953)
(-8.477972778 0 -7.413875362)
(-8.43764271 0 -7.373021749)
(-8.579112452 0 -7.494456723)
(-8.647050816 0 -7.545117328)
(-8.548669966 0 -7.453568633)
(-8.681960099 0 -7.566327762)
(-8.678734432 0 -7.554083617)
(-8.502979645 0 -7.396766165)
(-8.623280279 0 -7.496638451)
(-8.482895122 0 -7.366064589)
(-8.139561212 0 -7.065924888)
(-8.179277574 0 -7.094766206)
(-7.503245377 0 -6.501627079)
(-6.635837647 0 -5.749886356)
(-5.791164056 0 -5.012313025)
(0.08986074939 0 0.2729047315)
(-0.1478378654 0 0.2289127406)
(0.0780421901 0 0.2900368876)
(0.06823969365 0 0.2757411999)
(-0.0778515235 0 0.242383638)
(0.05821560478 0 0.2605908181)
(0.04980452325 0 0.2523594502)
(-0.0341675454 0 0.239244852)
(0.04759708532 0 0.2549016208)
(0.05470451882 0 0.2653664136)
(0.02004774931 0 0.2668808169)
(0.3817880658 0 -0.6783908374)
(0.4820104129 0 -0.8660236352)
(0.4460544455 0 -1.53260272)
(0.8113601342 0 -1.078473451)
(1.191304947 0 -0.9210586295)
(0.8324557314 0 -1.254966759)
(0.1209648031 0 -0.3564071572)
(0.06922292833 0 -0.4809982205)
(-0.003623001051 0 -0.3505769472)
(-0.0146936587 0 -0.485795601)
(-0.05281797119 0 -0.4811984345)
(-0.1078225578 0 -0.4656873099)
(-0.09903680618 0 -0.4721380705)
(-0.1408179154 0 -0.4709443764)
(-0.1813895945 0 -0.4750863922)
(-0.175046315 0 -0.4823080128)
(-0.2048484396 0 -0.5063243221)
(-0.2945752412 0 -0.5527616937)
(-0.2432250606 0 -0.5488858049)
(-0.3150313502 0 -0.6166172146)
(-0.6126039462 0 -0.9196598077)
(-0.4516183709 0 -0.6878822387)
(-0.7631677993 0 -0.8247593177)
(-1.296491817 0 -1.324590837)
(-1.140110873 0 -1.039214692)
(-1.47054694 0 -1.271125088)
(-2.176331526 0 -1.90121062)
(-1.872802888 0 -1.609853754)
(-2.5078241 0 -2.170630972)
(-3.456144843 0 -3.020317939)
(-3.364695975 0 -2.938884105)
(-4.193331848 0 -3.67083434)
(-5.039115159 0 -4.420660241)
(-5.001336835 0 -4.383401203)
(-5.769976948 0 -5.060796511)
(-6.379973639 0 -5.599380573)
(-6.465250904 0 -5.67268347)
(-7.063664522 0 -6.198104357)
(-7.403439774 0 -6.495477937)
(-7.55578903 0 -6.628670985)
(-7.945168938 0 -6.967539337)
(-8.08243055 0 -7.084329433)
(-8.244594362 0 -7.226038943)
(-8.470877797 0 -7.418990342)
(-8.490751226 0 -7.430773263)
(-8.640260558 0 -7.560630367)
(-8.765644799 0 -7.662227922)
(-8.718819245 0 -7.614255185)
(-8.855785876 0 -7.731482809)
(-8.915041264 0 -7.772417258)
(-8.813602151 0 -7.67711169)
(-8.942766612 0 -7.784926104)
(-8.93070379 0 -7.762507829)
(-8.740837535 0 -7.593133942)
(-8.853907652 0 -7.684252723)
(-8.63896519 0 -7.487059081)
(-8.16641845 0 -7.076685528)
(-8.01975408 0 -6.940527236)
(0.1943804338 0 0.260422593)
(0.1541583876 0 0.288161026)
(0.111939563 0 0.2354732994)
(0.09620052389 0 0.2248214875)
(0.08608054688 0 0.2538362401)
(0.08857960309 0 0.2242672269)
(0.08719237097 0 0.2349170124)
(0.06872058213 0 0.2443821715)
(0.3382388295 0 -0.5274404138)
(0.2228716753 0 -0.4745169653)
(0.3146874182 0 -0.5703054542)
(0.1331621261 0 -0.4497014894)
(0.1848213594 0 -0.4770058607)
(0.8262905124 0 -0.6518976606)
(-0.1756262008 0 -0.445445674)
(-0.1952475433 0 -0.4337560499)
(-0.1336666484 0 -0.4376661374)
(-0.1981424432 0 -0.4160235273)
(-0.1890354343 0 -0.4183360933)
(-0.13646131 0 -0.4562051118)
(-0.1736828885 0 -0.4543917934)
(-0.1520547829 0 -0.527313793)
(-0.1614854622 0 -0.4854938821)
(-0.1265702719 0 -0.6220994664)
(-0.09868057579 0 -0.7257053468)
(-0.1875426378 0 -0.5951498276)
(-0.05466231475 0 -0.8344865325)
(0.02907391781 0 -0.903708921)
(-0.2044499201 0 -0.7095384014)
(0.1347202138 0 -0.8547192749)
(0.2367098514 0 -0.788571384)
(-0.340233869 0 -0.5542878837)
(0.2920700459 0 -0.7047677696)
(-0.0999170455 0 -0.5123846376)
(-0.8498746339 0 -0.7468479145)
(-0.5648365111 0 -0.5275814355)
(-0.9207436168 0 -0.7431461555)
(-1.595728967 0 -1.347616318)
(-1.43182415 0 -1.207654203)
(-2.061370668 0 -1.766287071)
(-3.166881368 0 -2.756959326)
(-2.857006685 0 -2.471890265)
(-3.787720409 0 -3.297942726)
(-4.920583329 0 -4.307711742)
(-4.779869631 0 -4.178146754)
(-5.747480423 0 -5.035362481)
(-6.54378619 0 -5.740383155)
(-6.612842399 0 -5.80015183)
(-7.326283158 0 -6.428437456)
(-7.713235912 0 -6.766808584)
(-7.87556274 0 -6.909764818)
(-8.279239577 0 -7.261079904)
(-8.407583259 0 -7.368830443)
(-8.569837677 0 -7.511426808)
(-8.778478824 0 -7.688187928)
(-8.786940425 0 -7.688222144)
(-8.929358068 0 -7.812369609)
(-9.038781418 0 -7.897957336)
(-8.988844918 0 -7.845005828)
(-9.116481229 0 -7.953303897)
(-9.167307648 0 -7.982865324)
(-9.068490355 0 -7.888483796)
(-9.189741599 0 -7.986068955)
(-9.16929154 0 -7.951503263)
(-8.958960378 0 -7.766083492)
(-9.046121536 0 -7.82843374)
(-0.173512713 0 -0.6441962199)
(-0.0672949458 0 -0.2050138483)
(-0.03145684823 0 -0.2365424376)
(0.1174481269 0 0.1765375382)
(0.1022988177 0 0.1795984799)
(0.1131129364 0 0.1890937547)
(0.1172166865 0 0.2107834522)
(0.1005149129 0 0.2219103032)
(0.02611891681 0 -0.4583388273)
(-0.007635242224 0 -0.4468038396)
(-0.07621884159 0 -0.4575153517)
(-0.02186316668 0 -0.4321522592)
(-0.04001223585 0 -0.415881133)
(-0.1094961989 0 -0.4238928908)
(-0.06464611967 0 -0.3990871429)
(-0.09247633382 0 -0.3817002213)
(-0.1368865066 0 -0.3791041059)
(-0.1210673493 0 -0.3641030609)
(-0.1407453483 0 -0.3533226795)
(-0.1314396607 0 -0.3996596955)
(-0.1138692369 0 -0.3830272638)
(-0.0008286747092 0 -0.4895284598)
(-0.01846470324 0 -0.6069253106)
(0.1311655269 0 -0.6126961782)
(0.2309866037 0 -0.6860897966)
(0.1175239341 0 -0.7439789611)
(0.3171098062 0 -0.7056493245)
(0.3654376374 0 -0.6575613681)
(0.2004207053 0 -0.664219219)
(0.3013493966 0 -0.5504873923)
(0.1288253713 0 -0.4453949418)
(-0.2030815097 0 -0.4826266183)
(-0.179239357 0 -0.3721067097)
(-0.4412029799 0 -0.3432561913)
(-0.5774459947 0 -0.4626913907)
(-0.5265028063 0 -0.392413442)
(-0.6529183382 0 -0.4871067994)
(-1.136088747 0 -0.9288475482)
(-0.8727990706 0 -0.6746284609)
(-1.268213503 0 -1.022977147)
(-2.446010508 0 -2.092825121)
(-1.936709785 0 -1.620210068)
(-2.930797892 0 -2.511774592)
(-4.550607084 0 -3.968687011)
(-4.190385324 0 -3.640729545)
(-5.525858863 0 -4.833709177)
(-6.668729355 0 -5.848942576)
(-6.704934013 0 -5.881389038)
(-7.595047212 0 -6.667116575)
(-8.041296615 0 -7.056334328)
(-8.208489981 0 -7.205028594)
(-8.613862254 0 -7.557644254)
(-8.729264256 0 -7.652164805)
(-8.883274945 0 -7.789087031)
(-9.067505259 0 -7.943678917)
(-9.066005807 0 -7.931895044)
(-9.194527545 0 -8.044981529)
(-9.28389361 0 -8.109025856)
(-9.236910727 0 -8.05444408)
(-9.348121135 0 -8.145838417)
(-9.393091708 0 -8.16040785)
(-9.305639398 0 -8.075197843)
(-9.416554311 0 -8.151415082)
(-0.09311589551 0 -2.021278654)
(-0.2176614279 0 -1.201817584)
(-0.2249321647 0 -1.717089556)
(0.1178485121 0 0.03388160879)
(0.08995665823 0 0.1359645549)
(-0.03645476056 0 -0.4010694382)
(-0.05473737567 0 -0.384852667)
(-0.07427403441 0 -0.3887091458)
(-0.07051950431 0 -0.3645456363)
(-0.08477525628 0 -0.3416919635)
(-0.1128836793 0 -0.3474854225)
(-0.09232026507 0 -0.3182251286)
(-0.05484971158 0 -0.3235119178)
(-0.02020709476 0 -0.4004039554)
(0.120017346 0 -0.4390968269)
(0.3066943399 0 -0.5638095743)
(0.2900334396 0 -0.6311698188)
(0.4232850181 0 -0.6076485796)
(0.4953481495 0 -0.5914986292)
(0.4559156151 0 -0.6287932506)
(0.5131633428 0 -0.5342046567)
(0.4331569703 0 -0.4482930567)
(0.3105892846 0 -0.4496177251)
(0.1827301865 0 -0.3481631862)
(-0.3526603988 0 -0.2630451689)
(-0.3920908688 0 -0.2970821724)
(-0.4165252094 0 -0.3111131206)
(-0.4812753534 0 -0.3466734604)
(-0.5177502876 0 -0.369465081)
(-0.5424343474 0 -0.3842549066)
(-0.6009711758 0 -0.4166259755)
(-0.7123489124 0 -0.5119377469)
(-0.6622884799 0 -0.4513311246)
(-0.7500907536 0 -0.5130128013)
(-1.390260502 0 -1.107222318)
(-0.9529065012 0 -0.686922662)
(-1.520552647 0 -1.205403131)
(-3.639385722 0 -3.139894998)
(-2.825932195 0 -2.402281341)
(-4.766536258 0 -4.156401086)
(-6.699346047 0 -5.878145826)
(-6.623411085 0 -5.814968194)
(-7.837369406 0 -6.888646913)
(-8.37128193 0 -7.35111157)
(-8.504639021 0 -7.472984379)
(-8.920949666 0 -7.836072487)
(-9.031421899 0 -7.922495252)
(-9.170599632 0 -8.051156779)
(-9.319736294 0 -8.174781569)
(-9.311796071 0 -8.149462124)
(-9.413399647 0 -8.243136583)
(-9.478918805 0 -8.274030127)
(-9.447932436 0 -8.2232822)
(0.007995528014 0 -0.3351813416)
(-0.02335545732 0 -0.3223241335)
(-0.05460529721 0 -0.3427065614)
(-0.04175014902 0 -0.3103347094)
(-0.05029516313 0 -0.2840787838)
(-0.07119169647 0 -0.2898264288)
(-0.05919988323 0 -0.253494232)
(0.01320545024 0 -0.281871326)
(0.2319499934 0 -0.4587207106)
(0.2420616898 0 -0.4164969981)
(0.3838391192 0 -0.4743462374)
(0.4840649376 0 -0.5476445813)
(0.4327211982 0 -0.4573887199)
(0.3943796074 0 -0.3964883453)
(0.4643394933 0 -0.4332838711)
(0.204196482 0 -0.296883219)
(-0.246162571 0 -0.1950798425)
(-0.3057409716 0 -0.2225130718)
(-0.3198996582 0 -0.2384541419)
(-0.4066990665 0 -0.2927367681)
(-0.4511669407 0 -0.3259863475)
(-0.4897445076 0 -0.349353559)
(-0.5623751643 0 -0.3984566139)
(-0.5800755837 0 -0.4095070814)
(-0.6215982768 0 -0.4355196062)
(-0.6678681267 0 -0.458423399)
(-0.6741653244 0 -0.4506385621)
(-0.7030273453 0 -0.4671462115)
(-0.7271238761 0 -0.4630820775)
(-0.7563972435 0 -0.4857454918)
(-0.7301752447 0 -0.4589666433)
(-0.7306827927 0 -0.4640225501)
(-1.663783019 0 -1.342695827)
(-0.7156125029 0 -0.4370972745)
(-0.1137435354 0 -0.2434008233)
(-6.480518911 0 -5.703377091)
(-0.1221249345 0 -0.2034761831)
(0.007647404517 0 0.05899986482)
(-8.601759887 0 -7.567425776)
(0.002794271605 0 0.1238858426)
(-0.03535357735 0 0.1573047426)
(-9.294691874 0 -8.174863743)
(-0.07081223698 0 -0.2090822175)
(-0.07380888775 0 -0.2050981519)
(0.07999373507 0 -0.2972168391)
(-0.07140752945 0 -0.2061107277)
(-0.07954048401 0 -0.2116129697)
(0.1497246852 0 -0.3007799198)
(-0.09963523988 0 -0.2231860274)
(-0.1311602253 0 -0.2276583417)
(-0.1835806474 0 -0.194684774)
(-0.1812012267 0 -0.2167605138)
(-0.2549111023 0 -0.2136879277)
(-0.3401345975 0 -0.248694661)
(-0.3579021844 0 -0.2610696249)
(-0.4737010509 0 -0.3335161118)
(-0.5315668344 0 -0.3742090832)
(-0.5768388753 0 -0.4033062448)
(-0.6541249183 0 -0.4529182417)
(-0.66418189 0 -0.4588453335)
(-0.7056212905 0 -0.4797332936)
(-0.7422855216 0 -0.4826227347)
(-0.7328832797 0 -0.477255039)
(-0.7495842451 0 -0.4852733409)
(-0.7664104453 0 -0.5099849177)
(-0.7546416157 0 -0.4899800985)
)
;

boundaryField
{
    dominio_ascii
    {
        type            zeroGradient;
    }
    wallFilmFaces_top
    {
        type            fixedValue;
        value           uniform (0 0 0);
    }
    region0_to_wallFilmRegion_wallFilmFaces
    {
        type            slip;
    }
}


// ************************************************************************* //
