/*--------------------------------*- C++ -*----------------------------------*\
| =========                 |                                                 |
| \\      /  F ield         | OpenFOAM: The Open Source CFD Toolbox           |
|  \\    /   O peration     | Version:  2.1.x                                 |
|   \\  /    A nd           | Web:      www.OpenFOAM.org                      |
|    \\/     M anipulation  |                                                 |
\*---------------------------------------------------------------------------*/
FoamFile
{
    version     2.0;
    format      ascii;
    class       surfaceScalarField;
    location    "1.1";
    object      phi;
}
// * * * * * * * * * * * * * * * * * * * * * * * * * * * * * * * * * * * * * //

dimensions      [1 1 -1 0 0 0 0];

internalField   nonuniform List<scalar> 
5536
(
2.564668947e-10
-7.552481869e-10
-3.172785048e-10
8.258559083e-10
-5.138033139e-09
-1.752202266e-09
2.476013988e-09
-1.747304816e-08
-1.978250687e-09
4.951860585e-11
-8.860221319e-11
-1.841386678e-11
-3.783565534e-11
-2.41652017e-10
-4.564895605e-09
-1.641465093e-09
1.171578117e-09
-2.65768836e-09
-7.98345792e-10
3.903854014e-09
1.406871491e-09
-2.708209676e-09
-1.275589474e-09
1.698805852e-09
8.627259055e-10
-1.535226867e-09
-5.690195235e-10
9.693501173e-10
4.31526946e-10
-1.210627768e-09
-7.921511879e-10
7.162080029e-09
1.999402595e-09
-7.841202745e-09
-3.242014526e-09
1.750452168e-08
3.504044527e-09
-1.471774878e-08
-2.315125978e-09
8.477508457e-11
3.696194283e-11
-1.863114966e-10
-1.109597916e-11
1.585156419e-10
-8.362180059e-13
-1.445746575e-10
1.510605589e-11
2.600833435e-10
-3.127446942e-11
-2.613780579e-10
3.832231203e-11
6.553252272e-10
-5.956339981e-10
-2.458319845e-11
-5.894101404e-11
-6.96646145e-11
-3.805556028e-10
1.008434708e-10
-4.579129283e-09
-2.564310896e-09
4.881170731e-09
2.015362229e-09
-3.978108362e-09
-2.326510088e-09
4.154737583e-09
2.232103353e-09
-4.348440079e-09
-1.88415588e-09
2.484803556e-09
1.349411088e-09
-2.389338119e-09
-1.014310744e-09
1.923421723e-09
8.636582858e-10
-1.539416542e-09
-7.454832304e-10
1.340818951e-09
6.097073784e-10
-1.20616619e-09
-5.218902006e-10
1.409166888e-09
5.692002242e-10
-1.513810274e-09
-1.03854993e-09
7.353837821e-09
1.935858971e-09
-6.172416588e-09
-2.423385374e-09
1.10272134e-08
2.187025498e-09
-7.430837927e-09
-1.336509138e-09
5.999859862e-10
1.865731248e-10
-1.508867399e-09
-2.863822781e-12
1.412178978e-10
-4.090475824e-12
-1.591307373e-10
2.093987725e-11
2.687295989e-10
-3.591154991e-11
-2.769035728e-10
3.805043431e-11
6.810837835e-10
-6.069023286e-11
-7.73147613e-10
1.029281294e-10
6.205979887e-10
-1.541588206e-10
-1.149448826e-09
1.747757104e-10
2.464187811e-10
-1.419210212e-10
-4.258776257e-10
1.033143657e-10
-2.00428272e-10
1.039545583e-10
-7.084126486e-11
5.579136673e-09
-8.481051104e-09
-4.147790742e-09
4.755388914e-09
3.508401777e-09
-6.675137208e-09
-3.06301376e-09
4.509150484e-09
2.870512018e-09
-6.141762741e-09
-2.838222533e-09
4.800288142e-09
2.771322003e-09
-5.725251334e-09
-2.334585355e-09
2.497248703e-09
1.538883196e-09
-2.950422532e-09
-1.015486314e-09
1.444948307e-09
7.668429594e-10
-1.584291304e-09
-6.130012285e-10
1.163105909e-09
5.185933098e-10
-1.225130113e-09
-4.811606482e-10
1.534304901e-09
5.565805156e-10
-1.530461089e-09
-8.672684605e-10
4.746946644e-09
1.251310552e-09
-3.42301797e-09
-1.254475933e-09
4.470209143e-09
9.512424756e-10
-2.396893051e-09
-5.406451617e-10
2.095311601e-09
1.355849911e-10
-1.603244913e-09
2.332426367e-10
2.141411612e-10
-6.795155878e-11
-3.07246285e-10
4.069879006e-11
2.804181862e-10
-4.471530247e-11
-2.746962596e-10
3.904010378e-11
8.093384621e-10
-6.128269839e-11
-7.370353867e-10
1.369388849e-10
1.728127922e-09
-2.8740414e-10
-1.822184135e-09
4.712505385e-10
9.040194761e-10
-5.418566708e-10
-1.685596525e-09
3.862913709e-10
2.36033904e-10
-2.095285558e-10
-3.306147609e-10
1.438707264e-10
2.366907561e-10
-2.125835778e-10
1.385174559e-10
-1.381143609e-10
-1.62655828e-10
-2.438407352e-10
1.326829975e-08
1.11082893e-08
-1.585026595e-08
-1.069722854e-08
1.171780072e-08
1.014578456e-08
-1.671120991e-08
-9.548354261e-09
1.044168886e-08
8.834249274e-09
-1.577620404e-08
-8.005816782e-09
9.071816629e-09
7.122527599e-09
-1.304545927e-08
-6.249190874e-09
7.306669351e-09
5.328173035e-09
-9.583035289e-09
-4.194137273e-09
3.901374877e-09
2.896253048e-09
-5.448806402e-09
-1.903816487e-09
2.003337751e-09
1.315332165e-09
-2.810471692e-09
-9.401814481e-10
1.411936744e-09
7.172984173e-10
-1.756582575e-09
-6.060081343e-10
1.564092389e-09
5.912409562e-10
-1.664374555e-09
-6.544807359e-10
2.414878608e-09
6.60418222e-10
-1.811299588e-09
-4.864190396e-10
1.18798681e-09
2.823065623e-10
-6.472860773e-10
-1.40727525e-10
7.950454825e-10
1.3900777e-11
-2.985058601e-10
1.328769921e-10
3.76513185e-10
-1.324324926e-10
-3.630406586e-10
7.823085271e-11
2.56841301e-10
-5.170800334e-11
-2.275364095e-10
3.512560592e-11
5.773660719e-10
-4.840464937e-11
-4.05348612e-10
1.043163344e-10
1.449141205e-09
-1.996624954e-10
-9.959025217e-10
3.519810352e-10
2.213885648e-09
-5.85701074e-10
-2.135602784e-09
7.532177695e-10
5.393215495e-10
-5.911032058e-10
-9.107159857e-10
3.199150489e-10
2.249951215e-10
-1.954523469e-10
-2.653392365e-10
1.661367384e-10
2.237755091e-10
-1.667728265e-10
-2.236176124e-10
1.748053131e-10
-2.78133797e-10
-1.844096099e-10
1.670724441e-08
1.436909983e-08
-1.842222741e-08
-1.599921361e-08
1.979510788e-08
1.758735563e-08
-2.420697809e-08
-1.910547438e-08
2.263060971e-08
1.998982503e-08
-2.809865505e-08
-1.985946522e-08
2.147082982e-08
1.868681117e-08
-2.600975619e-08
-1.676234543e-08
1.718457165e-08
1.450420158e-08
-2.043436821e-08
-1.223705279e-08
1.229218783e-08
1.008654231e-08
-1.487016703e-08
-8.037860539e-09
7.532983998e-09
6.116721275e-09
-9.853312297e-09
-4.458028388e-09
4.067673743e-09
3.155681436e-09
-5.678661138e-09
-2.178018032e-09
2.292096375e-09
1.50679579e-09
-3.026783042e-09
-1.099802322e-09
1.82716197e-09
8.862683249e-10
-2.021285787e-09
-7.49332616e-10
1.597760673e-09
5.513049904e-10
-1.635918934e-09
-2.827520735e-10
5.185992689e-10
1.083363915e-10
-5.332894439e-10
-6.586628302e-11
1.698415332e-10
3.316406617e-11
-2.005397467e-10
1.744956054e-13
3.177229583e-10
-2.602602354e-11
-2.973403857e-10
4.740362094e-11
1.921664926e-10
-4.430880296e-11
-1.559558068e-10
2.58951814e-11
2.703077819e-10
-2.595193561e-11
-1.801956975e-10
5.038729796e-11
6.633279888e-10
-9.243563069e-11
-4.568711727e-10
1.617850027e-10
1.709915975e-09
-2.975801563e-10
-1.244738798e-09
5.363173153e-10
1.373154977e-09
-7.433861547e-10
-1.699696674e-09
6.606164021e-10
3.688657265e-10
-4.195743558e-10
-6.168046227e-10
2.712005487e-10
2.422128778e-10
-2.14026195e-10
-3.114411856e-10
1.934472917e-10
3.047703008e-10
-1.971589744e-10
-3.964508657e-10
2.498128557e-10
-8.445644437e-10
-3.483355399e-10
1.498331339e-08
-1.642466911e-08
-1.65652238e-08
1.897231073e-08
2.066172967e-08
-2.282973079e-08
-2.220955805e-08
2.82507043e-08
2.555563287e-08
-3.138480193e-08
-2.797738657e-08
3.200841921e-08
2.871068679e-08
-3.407627029e-08
-2.761980086e-08
2.852384049e-08
2.517711648e-08
-2.912689386e-08
-2.212026108e-08
2.219423827e-08
1.906578062e-08
-2.252719955e-08
-1.633005205e-08
1.673500288e-08
1.393783085e-08
-1.756454297e-08
-1.176513149e-08
1.191852804e-08
9.695469388e-09
-1.323837427e-08
-7.709566188e-09
7.369516812e-09
5.867002691e-09
-8.791876446e-09
-4.259903936e-09
3.938943198e-09
2.973856118e-09
-4.997657528e-09
-2.040239274e-09
2.228950321e-09
1.425610575e-09
-2.590352947e-09
-1.043340615e-09
1.521235987e-09
7.790352404e-10
-1.425615353e-09
-5.304410115e-10
5.727835883e-10
2.80185795e-10
-6.134581126e-10
-1.16390712e-10
2.766593591e-10
6.094743974e-11
-7.155026048e-10
3.476662554e-12
2.637137395e-10
-5.072414136e-11
-2.30621407e-10
3.990646496e-11
1.198571275e-10
-4.148471797e-11
-8.309286116e-11
1.647942997e-11
1.263761968e-10
-1.10339159e-11
-9.826381365e-11
2.440374039e-11
3.321010939e-10
-4.849395399e-11
-2.556521175e-10
8.492586065e-11
8.73420225e-10
-1.508824345e-10
-6.143246683e-10
2.884394126e-10
1.718327472e-09
-5.318577199e-10
-1.462069707e-09
7.89802103e-10
1.090364796e-09
-8.688119818e-10
-1.611367482e-09
7.538281987e-10
5.256665452e-10
-5.769550548e-10
-1.048837017e-09
4.285875486e-10
5.777065217e-10
-3.870335916e-10
-9.26582039e-10
4.424376184e-10
8.173531676e-10
-8.848324949e-10
5.720689389e-10
-5.113639248e-10
-1.188444738e-08
-1.320604514e-08
1.661943443e-08
1.514432669e-08
-1.721189633e-08
-1.820272493e-08
2.465662792e-08
2.243307017e-08
-2.628733275e-08
-2.703819705e-08
3.349817561e-08
3.076414999e-08
-3.471798469e-08
-3.24739644e-08
3.46540054e-08
3.178587035e-08
-3.416314953e-08
-2.919661986e-08
2.846073173e-08
2.568516884e-08
-2.705647387e-08
-2.215368752e-08
2.184478539e-08
1.910424683e-08
-2.0541236e-08
-1.662327482e-08
1.733801038e-08
1.455513485e-08
-1.627875508e-08
-1.270373199e-08
1.35575486e-08
1.094043367e-08
-1.30085084e-08
-9.229277398e-09
9.717834726e-09
7.598887601e-09
-1.023835267e-08
-6.096775938e-09
6.198153004e-09
4.745878614e-09
-7.66964639e-09
-3.53181558e-09
3.273889035e-09
2.459157962e-09
-4.447381038e-09
-1.596275239e-09
1.46620069e-09
1.002217527e-09
-1.798491845e-09
-6.444906816e-10
8.07981089e-10
5.084293019e-10
-3.287479951e-09
-9.872920127e-10
4.269637509e-09
2.930510583e-09
-1.766286446e-08
-3.522984626e-09
1.695487624e-10
1.420219652e-10
-1.23460627e-10
3.652673754e-11
4.37721321e-11
-3.130796494e-12
-3.543931099e-11
2.427266799e-13
8.665669669e-11
-5.680069138e-12
-8.442175525e-11
1.74570808e-11
2.096487375e-10
-3.411706473e-11
-1.839284843e-10
5.681331797e-11
4.458901782e-10
-9.272435949e-11
-3.413577789e-10
1.616405432e-10
1.094674229e-09
-3.003069998e-10
-7.659261723e-10
5.45311474e-10
1.778506175e-09
-8.823362681e-10
-1.519824143e-09
1.232282478e-09
1.766698003e-09
-1.48057403e-09
-2.095421481e-09
1.544567196e-09
1.488164315e-09
-1.422825401e-09
-2.027554054e-09
1.177662652e-09
1.048750829e-09
-8.950130372e-10
-1.33429837e-09
6.449423563e-10
6.669840074e-10
-6.349168297e-10
3.640399254e-10
-4.757951375e-10
1.252157789e-08
1.15298426e-08
-1.253122921e-08
-1.380870707e-08
1.805838139e-08
1.686303434e-08
-1.905045943e-08
-2.106287136e-08
2.774129815e-08
2.601041382e-08
-2.885012247e-08
-3.055526535e-08
3.509093964e-08
3.327657053e-08
-3.441472137e-08
-3.3354611e-08
3.273142318e-08
3.102940077e-08
-3.02339078e-08
-2.732752591e-08
2.51109049e-08
2.337160173e-08
-2.26090854e-08
-1.986170501e-08
1.888642387e-08
1.699156257e-08
-1.706967669e-08
-1.465307253e-08
1.478575413e-08
1.269848243e-08
-1.333292249e-08
-1.107431122e-08
1.208252655e-08
9.805607378e-09
-1.14495795e-08
-8.905259094e-09
1.082060836e-08
8.307025738e-09
-1.214310611e-08
-7.835982267e-09
9.764874018e-09
7.211448746e-09
-1.281067791e-08
-6.154196195e-09
6.249739605e-09
4.640709018e-09
-8.682151629e-09
-3.079093392e-09
2.826714618e-09
2.293459113e-09
-5.902630113e-09
-4.747938484e-09
1.608799382e-08
1.678555321e-08
-3.27388044e-08
-3.007394036e-08
2.851883305e-08
2.626176215e-08
-2.685131028e-08
-1.188870709e-08
1.279329115e-10
3.406346417e-10
-3.309783144e-10
-2.441462754e-11
3.416856878e-11
5.46585211e-12
-3.713058354e-11
6.340344094e-14
8.591611592e-11
-6.860264787e-12
-8.913255265e-11
1.821319532e-11
1.712545877e-10
-3.23804764e-11
-1.660526766e-10
4.974374608e-11
2.792076417e-10
-7.32444593e-11
-2.440842991e-10
1.111972383e-10
5.373344922e-10
-1.788316769e-10
-3.990593984e-10
2.983176192e-10
1.096846658e-09
-4.992540143e-10
-7.394471818e-10
8.131668612e-10
1.854778245e-09
-1.23902114e-09
-1.36960056e-09
1.688736713e-09
2.183876162e-09
-1.991173028e-09
-1.918684709e-09
2.002405403e-09
1.575371809e-09
-1.684831011e-09
-1.590644867e-09
1.170111426e-09
6.873657529e-10
-7.169281312e-10
-6.965970881e-10
4.449791535e-10
-3.020560259e-10
-2.781723795e-10
-6.915189725e-09
-9.562548614e-09
1.21937888e-08
1.276594765e-08
-1.327076255e-08
-1.53765791e-08
2.012828813e-08
1.941024745e-08
-2.095880121e-08
-2.410391387e-08
2.922822682e-08
2.865287196e-08
-2.837868858e-08
-3.173589849e-08
3.234363733e-08
3.225692877e-08
-2.872416263e-08
-3.014947876e-08
2.656787694e-08
2.640454367e-08
-2.197180696e-08
-2.234896526e-08
1.955856706e-08
1.887748825e-08
-1.617964738e-08
-1.62227769e-08
1.525873426e-08
1.417861257e-08
-1.362273446e-08
-1.246607775e-08
1.235902993e-08
1.102191227e-08
-1.218701897e-08
-1.005413632e-08
1.175018499e-08
9.826264457e-09
-1.338623212e-08
-1.035975238e-08
1.465181479e-08
1.127524517e-08
-1.792578697e-08
-1.187454223e-08
1.632933226e-08
1.148673586e-08
-1.866504884e-08
-9.890131753e-09
1.125356741e-08
7.537010914e-09
-1.277912149e-08
-6.02673459e-09
1.110590075e-08
1.098165057e-08
-1.191890177e-08
-2.888168103e-08
3.241914591e-08
4.01483025e-08
-1.797042497e-08
-3.338968922e-08
1.849566814e-08
2.018927093e-08
-9.011769277e-09
-8.559519658e-09
1.140240789e-09
1.901233881e-09
-1.569624855e-09
-4.870750581e-11
4.121622746e-11
7.432599167e-12
-4.651331175e-11
4.834354377e-14
9.324618104e-11
-8.856928954e-12
-9.799588499e-11
2.094797805e-11
1.643674387e-10
-3.499050855e-11
-1.638417028e-10
5.16026685e-11
2.251024902e-10
-7.174381776e-11
-2.144949862e-10
9.793107686e-11
3.18368889e-10
-1.360091663e-10
-2.687835927e-10
1.936612262e-10
5.103917242e-10
-2.799931133e-10
-3.762035774e-10
4.115239682e-10
9.314581878e-10
-6.143256725e-10
-6.341219608e-10
8.983534957e-10
1.465276257e-09
-1.216556274e-09
-1.035176298e-09
1.448742947e-09
1.361984575e-09
-1.442079994e-09
-1.011554093e-09
1.145289889e-09
6.284728444e-10
-7.425836657e-10
-4.910979836e-10
4.480249262e-10
2.863298709e-10
-2.117279501e-10
1.974890577e-10
-2.834717914e-10
6.785575403e-09
-6.799925863e-09
-9.969577542e-09
1.366781653e-08
1.401573026e-08
-1.448553668e-08
-1.751282021e-08
2.1055726e-08
2.126362461e-08
-1.995182364e-08
-2.465296455e-08
2.596714119e-08
2.701368709e-08
-2.214700739e-08
-2.744064964e-08
2.392896601e-08
2.555839437e-08
-1.875956155e-08
-2.202332176e-08
1.710522706e-08
1.812964465e-08
-1.277738011e-08
-1.497310517e-08
1.289776881e-08
1.298979768e-08
-1.017564221e-08
-1.204946344e-08
1.232211647e-08
1.175817446e-08
-1.145987214e-08
-1.175512751e-08
1.296062181e-08
1.197720336e-08
-1.456262254e-08
-1.273129409e-08
1.625583273e-08
1.421298326e-08
-1.963286773e-08
-1.584094336e-08
2.062739792e-08
1.641306535e-08
-2.169305603e-08
-1.522503433e-08
1.843283323e-08
1.270383409e-08
-1.623324632e-08
-9.854563524e-09
1.257178367e-08
7.425302265e-09
-1.21456659e-08
-5.54081294e-09
6.977408021e-09
3.833127023e-09
-9.53137096e-09
-2.523025368e-09
4.600741389e-09
1.558106442e-09
-5.091376618e-09
-1.115531063e-09
3.056610239e-09
1.52396828e-09
-1.277711153e-09
-1.970240604e-09
3.391776501e-10
2.51187904e-10
-4.296234943e-10
-4.982181895e-11
5.315674545e-11
1.140021531e-11
-6.1524456e-11
-4.67133399e-13
1.033980419e-10
-1.204959945e-11
-1.097497211e-10
2.493389635e-11
1.633117421e-10
-3.913529928e-11
-1.622557419e-10
5.609038749e-11
2.069026504e-10
-7.575657342e-11
-1.989012587e-10
9.783335289e-11
2.348551767e-10
-1.232721417e-10
-2.081170216e-10
1.554294239e-10
2.933643818e-10
-1.989074301e-10
-2.361504764e-10
2.590547081e-10
4.512995749e-10
-3.443903885e-10
-3.345712343e-10
4.63146811e-10
7.070580317e-10
-6.044938783e-10
-4.707636855e-10
7.140250966e-10
6.660030628e-10
-7.086264116e-10
-3.927802181e-10
5.708326997e-10
3.349927875e-10
-3.957209116e-10
-1.998452433e-10
2.603235869e-10
1.535614327e-10
-9.558861624e-11
1.23881841e-10
-1.726279324e-10
7.029565829e-09
7.359861706e-09
-7.343052025e-09
-1.126901537e-08
1.443529224e-08
1.496402104e-08
-1.374459682e-08
-1.744036407e-08
1.757566278e-08
1.880769387e-08
-1.432796424e-08
-1.948178871e-08
1.754585918e-08
1.945807026e-08
-1.296797084e-08
-1.839557576e-08
1.405999609e-08
1.622357739e-08
-1.030960915e-08
-1.347981098e-08
9.544005317e-09
1.100098435e-08
-7.574244337e-09
-9.408620515e-09
8.360157985e-09
8.910772227e-09
-7.803083877e-09
-9.407163726e-09
1.10309553e-08
1.072996757e-08
-1.089045747e-08
-1.288324945e-08
1.656116189e-08
1.552364913e-08
-1.833666957e-08
-1.835916796e-08
2.257192069e-08
2.059389425e-08
-2.456095805e-08
-2.085000605e-08
2.140566592e-08
1.840718455e-08
-2.099021558e-08
-1.430125547e-08
1.400930776e-08
1.043536505e-08
-1.342301014e-08
-8.083655848e-09
1.274003582e-08
7.604881312e-09
-1.540613271e-08
-8.863603296e-09
1.660608127e-08
1.057913422e-08
-2.518772487e-08
-9.412622633e-09
1.001615372e-08
7.053443505e-09
-1.604125397e-08
-4.380540525e-09
2.427993851e-09
1.837102191e-09
-5.341579694e-09
-1.073140173e-09
7.083024234e-10
4.116210201e-10
-1.43939551e-09
-7.78274028e-11
7.260424413e-11
1.895806517e-11
-8.942981665e-11
-7.782926352e-13
1.179609511e-10
-1.932407191e-11
-1.303898554e-10
3.127147236e-11
1.604130646e-10
-4.484367719e-11
-1.576002531e-10
6.15586357e-11
1.884329336e-10
-7.979250922e-11
-1.742634391e-10
9.83011299e-11
1.837352168e-10
-1.164521765e-10
-1.590938756e-10
1.353794059e-10
1.928760057e-10
-1.587891658e-10
-1.58469603e-10
1.904058936e-10
2.515760492e-10
-2.307797689e-10
-1.864061026e-10
2.741087935e-10
2.972308473e-10
-3.039151817e-10
-1.726182326e-10
2.964811035e-10
2.097976518e-10
-2.494017136e-10
-1.054750023e-10
1.872822262e-10
1.044925249e-10
-1.315274253e-10
-4.891009141e-11
8.975810075e-11
5.081898817e-11
-6.20622205e-11
-2.483285849e-11
4.822009904e-11
4.510456221e-11
-3.150167971e-11
-5.099937769e-11
7.341915062e-09
7.631381799e-09
-7.547848682e-09
-1.156575351e-08
1.228732182e-08
1.36389608e-08
-1.021326881e-08
-1.355738904e-08
1.085979254e-08
1.249495225e-08
-7.779644878e-09
-1.13950087e-08
9.032934199e-09
1.055910272e-08
-6.047378341e-09
-9.867766511e-09
7.562235442e-09
9.177073997e-09
-5.734288549e-09
-8.607510774e-09
6.94610953e-09
8.559734978e-09
-8.416544097e-09
-9.38921131e-09
9.442377048e-09
1.070007968e-08
-1.473963223e-08
-1.11698299e-08
1.07308876e-08
1.10432143e-08
-1.012523405e-08
-1.403300543e-08
1.939705889e-08
1.807301356e-08
-1.962830117e-08
-2.193853023e-08
2.568265739e-08
2.413643011e-08
-2.624354448e-08
-2.349526991e-08
2.157948015e-08
2.028407042e-08
-2.351425102e-08
-1.627766937e-08
1.530057687e-08
1.343908769e-08
-1.96116228e-08
-1.291102797e-08
2.012329873e-08
1.507302147e-08
-2.53547947e-08
-1.920738507e-08
3.05779595e-08
2.166678478e-08
-3.020089453e-08
-1.777755926e-08
1.942570453e-08
1.236743718e-08
-1.903553218e-08
-8.606313143e-09
1.004186114e-08
6.045025105e-09
-1.38300208e-08
-3.947028451e-09
2.748172044e-09
1.647959257e-09
-4.011190654e-09
-1.966675146e-10
1.243537427e-10
4.113800072e-11
-2.349547843e-10
9.462498144e-12
1.523267844e-10
-4.83437675e-11
-1.924101517e-10
4.647052649e-11
1.535611931e-10
-5.415713109e-11
-1.476762644e-10
6.814825762e-11
1.556178e-10
-8.100617488e-11
-1.319982196e-10
9.208335809e-11
1.333205156e-10
-1.031821767e-10
-1.072944682e-10
1.15270219e-10
1.306297926e-10
-1.299952472e-10
-1.077794012e-10
1.477479833e-10
1.323234888e-10
-1.564649054e-10
-8.786905131e-11
1.480028613e-10
9.830547082e-11
-1.293322407e-10
-6.063415179e-11
1.022882975e-10
5.328005851e-11
-7.394252441e-11
-2.768118614e-11
5.030924827e-11
2.211185741e-11
-3.33122181e-11
-1.043544783e-11
2.179113795e-11
1.191796161e-11
-1.479311661e-11
-6.286701757e-12
1.294702745e-11
2.298077386e-11
-1.546110355e-11
-1.783011789e-11
1.716640414e-09
-1.817385579e-09
-5.097954137e-09
8.594709797e-09
7.014873123e-09
-6.182232604e-09
-1.052136739e-08
7.949196052e-09
1.019168188e-08
-5.9029522e-09
-8.645653514e-09
5.427383713e-09
6.994615577e-09
-3.81534533e-09
-5.755808284e-09
4.074178578e-09
5.059204618e-09
-3.06050117e-09
-5.082807442e-09
5.186854561e-09
6.598092508e-09
-7.324102872e-09
-1.130479298e-08
1.360395951e-08
1.964460582e-08
-1.968192401e-08
-2.656285547e-08
2.056812928e-08
2.577127236e-08
-1.87476697e-08
-1.827474541e-08
8.948404292e-09
1.14790772e-08
-7.815148436e-09
-1.333220171e-08
1.924686791e-08
1.748891674e-08
-1.850958534e-08
-2.159754277e-08
2.633446201e-08
2.441559593e-08
-2.571197984e-08
-2.530760843e-08
2.591565922e-08
2.471335335e-08
-2.69011837e-08
-2.379961874e-08
2.47975097e-08
2.368496317e-08
-2.775934228e-08
-2.474123909e-08
2.882289984e-08
2.617232113e-08
-2.970472218e-08
-2.605119783e-08
2.687257913e-08
2.268438364e-08
-2.589618951e-08
-1.687587731e-08
1.735314848e-08
1.159848116e-08
-1.810037855e-08
-8.032559935e-09
1.441346283e-08
7.026154249e-09
-1.237313183e-08
-4.595102614e-09
4.981005627e-09
2.374539752e-09
-6.403829099e-09
-1.067430254e-09
6.793646469e-10
2.911793182e-10
-2.703968772e-09
-3.955025001e-12
2.510257931e-10
-2.304121597e-10
-2.687731348e-10
9.40526915e-11
1.382403905e-10
-6.946798981e-11
-1.214912541e-10
7.177847153e-11
1.033345273e-10
-7.026857586e-11
-7.064625343e-11
6.863101001e-11
8.360793253e-11
-7.593059581e-11
-6.535693759e-11
9.058662543e-11
8.612459766e-11
-9.98419957e-11
-4.572702395e-11
8.692311094e-11
6.026507053e-11
-6.924519415e-11
-5.353137432e-11
6.655842605e-11
3.697096613e-11
-5.986682495e-11
-1.574607838e-11
3.910833393e-11
1.359541537e-11
-2.488337414e-11
-5.060971823e-12
1.601108744e-11
4.962170691e-12
-1.000035789e-11
-1.605057258e-12
5.58190266e-12
3.698557392e-12
-3.132210068e-12
-4.221538578e-13
3.843888908e-12
6.300759946e-12
-9.69137024e-13
1.341247349e-11
-7.216786569e-12
1.896502006e-09
-1.870060608e-09
-5.92896674e-09
7.76677103e-09
5.132507838e-09
-3.988617863e-09
-7.690101601e-09
4.26037183e-09
6.516457173e-09
-3.029154062e-09
-5.192814158e-09
2.7650404e-09
4.17543616e-09
-2.082355099e-09
-3.682419696e-09
3.000591155e-09
4.646611218e-09
-3.308935468e-09
-1.097683634e-08
1.187034758e-08
2.693455129e-08
-1.137128552e-08
-4.168443727e-08
1.839394523e-08
4.195079507e-08
-1.07546247e-08
-3.120127517e-08
1.140318111e-08
1.887366427e-08
-4.903060749e-09
-1.077326799e-08
7.398767413e-09
8.300948795e-09
-7.071679027e-09
-1.017185156e-08
1.744654329e-08
1.563513411e-08
-1.590750487e-08
-1.952513417e-08
2.413972614e-08
2.209153893e-08
-2.180190269e-08
-2.320428197e-08
2.535664174e-08
2.355894988e-08
-2.24764066e-08
-2.404930871e-08
2.675583733e-08
2.519595723e-08
-2.392148528e-08
-2.68833846e-08
2.946065312e-08
2.847748516e-08
-3.017592836e-08
-2.92011162e-08
3.047938948e-08
2.822024775e-08
-3.816266444e-08
-2.429158867e-08
2.318093562e-08
1.656254214e-08
-2.907023678e-08
-7.27832185e-09
1.030814255e-08
5.706987509e-09
-1.121310171e-08
-4.59269123e-09
9.487253868e-09
4.449751493e-09
-1.500682084e-08
-5.567767443e-09
9.839009217e-09
4.527360796e-09
-1.965230687e-08
-1.926102663e-09
1.234100313e-10
1.514072436e-11
-1.387555952e-10
3.216660465e-11
9.36419011e-11
-3.595660765e-11
-5.73347275e-11
3.155426148e-11
3.833987094e-11
-2.653831397e-11
-2.13410615e-11
2.698923042e-11
4.136008289e-11
-3.854150119e-11
-2.869025149e-11
5.301238942e-11
3.106435536e-11
-6.636839018e-11
-2.073889643e-11
7.578454168e-11
4.024895098e-11
-8.656696134e-11
-2.36076294e-11
8.210054389e-11
-9.537476151e-13
-8.801122151e-11
2.696349501e-12
8.778279201e-11
-5.169947663e-13
-7.42396841e-11
1.309825763e-11
6.17269712e-11
-7.322755291e-13
-5.133404826e-11
8.774735673e-12
4.280560427e-11
-8.077518082e-13
-3.571366182e-11
5.702111881e-12
3.003034682e-11
-1.88898697e-12
4.156085448e-12
2.321069958e-11
-2.591622572e-11
1.726025198e-09
-1.442743853e-09
-4.779578307e-09
5.177996561e-09
2.900785745e-09
-1.981639595e-09
-4.666023893e-09
2.14621369e-09
3.911105673e-09
-1.526126306e-09
-3.275377283e-09
1.577774069e-09
2.824317648e-09
-1.255647601e-09
-2.518140168e-09
1.481511849e-09
2.302676668e-09
-1.203865123e-09
-2.137575697e-09
1.860225616e-09
2.058161444e-09
-1.294211761e-09
-2.307940066e-09
2.361140156e-09
3.803293072e-09
-8.399317292e-10
-7.775247757e-09
3.008185221e-10
1.114690552e-08
5.354741473e-09
-9.587793705e-09
5.317430448e-09
6.920569867e-09
-4.584390655e-09
-8.951864429e-09
1.384525119e-08
1.258983551e-08
-1.149542393e-08
-1.582633309e-08
1.917803437e-08
1.782979682e-08
-1.654837161e-08
-1.855009171e-08
2.001209418e-08
1.863675874e-08
-1.812901e-08
-1.895525041e-08
2.215401376e-08
2.044839159e-08
-2.113362548e-08
-2.434774054e-08
3.190654771e-08
3.14360149e-08
-3.148455018e-08
-3.876340552e-08
4.016420559e-08
3.909721831e-08
-3.302076391e-08
-3.032618463e-08
2.88382928e-08
1.93924823e-08
-2.287731122e-08
-1.271251829e-08
1.681301208e-08
1.102014698e-08
-2.451198105e-08
-1.178139731e-08
2.018823887e-08
1.244346726e-08
-2.018046613e-08
-1.316755885e-08
2.088140426e-08
9.726116056e-09
-1.415638317e-08
-3.755054809e-09
2.323544072e-10
5.298828962e-10
-1.533130203e-09
-1.146569857e-10
3.845074841e-11
5.205569718e-11
-1.312651816e-11
-2.310576343e-11
2.192726916e-11
1.342214841e-11
-8.971576715e-12
-5.934017895e-12
1.945443426e-11
-1.890508038e-11
-3.019794389e-11
4.415598413e-11
1.849364871e-11
-6.185249929e-11
-1.686122239e-11
8.319676632e-11
2.572939195e-11
-1.08883658e-10
-1.77723601e-11
1.273322925e-10
2.22677054e-11
-1.408769394e-10
-1.519239117e-11
1.482785965e-10
-3.259117436e-11
-1.599330922e-10
3.684960352e-11
1.590645416e-10
-2.282425963e-11
-1.506623663e-10
3.246467747e-11
1.380483498e-10
-1.507933139e-11
-1.230361752e-10
2.293592583e-11
1.067984829e-10
-1.003245984e-11
1.466749631e-11
7.456463456e-11
-9.030469932e-11
1.07259751e-09
-6.645029778e-10
-3.084069362e-09
3.051752846e-09
1.297544517e-09
-8.539798702e-10
-2.768589852e-09
1.095492499e-09
2.483900933e-09
-8.099994243e-10
-2.293408147e-09
1.021704124e-09
2.203437632e-09
-8.581897864e-10
-2.193405703e-09
1.100138756e-09
2.232437141e-09
-1.033201989e-09
-2.280413976e-09
1.247429747e-09
2.298201212e-09
-1.178122754e-09
-2.269711689e-09
1.313475695e-09
2.233683508e-09
-1.203961034e-09
-2.33470745e-09
4.145762514e-10
2.793158681e-09
-1.363714713e-09
-3.482344952e-09
3.824550732e-09
3.699332497e-09
-2.626637765e-09
-5.596031476e-09
9.002882753e-09
8.216968932e-09
-6.57704281e-09
-1.090825784e-08
1.391245894e-08
1.301597599e-08
-1.130518034e-08
-1.438457299e-08
1.635597846e-08
1.529791595e-08
-1.453444466e-08
-1.621975259e-08
1.93180949e-08
1.786112895e-08
-1.680793738e-08
-2.144360997e-08
2.621363674e-08
2.75452409e-08
-1.851787039e-08
-3.260036082e-08
2.446703958e-08
3.085525103e-08
-2.036231458e-08
-2.352288379e-08
1.872766692e-08
1.762003724e-08
-2.099915075e-08
-1.820093228e-08
2.64828896e-08
1.83810623e-08
-2.171250851e-08
-1.631673065e-08
1.599916494e-08
1.176490117e-08
-1.254068093e-08
-7.4160805e-09
8.109780887e-09
4.108154058e-09
-5.39818846e-09
-2.123074514e-09
5.864315935e-09
1.460917272e-09
-8.813557126e-09
-4.904691346e-10
2.356405203e-12
1.68382412e-11
3.658568969e-13
-4.458504909e-12
3.873071658e-12
1.213798453e-12
-3.768830331e-12
1.739514151e-11
2.786647937e-11
-6.447050343e-11
2.288134064e-11
7.268329344e-11
3.81325012e-12
-7.894518971e-11
2.887536574e-11
8.314556638e-11
-1.536826734e-12
-8.466575246e-11
2.16834047e-11
9.06967285e-11
-2.112485604e-12
-9.094054753e-11
2.214477254e-11
8.158543582e-11
-2.558258937e-11
-8.415280737e-11
1.600153892e-11
8.990006183e-11
-2.836215965e-11
-9.331809284e-11
1.66979788e-11
9.304356931e-11
-2.184259916e-11
-9.141365108e-11
1.681039836e-11
9.301368135e-11
-1.540090117e-11
2.184581794e-11
1.219436048e-10
-1.023703897e-10
1.359358162e-10
-2.602400337e-09
2.157535313e-09
6.186913117e-10
-5.546898388e-10
-2.114605029e-09
6.602435959e-10
2.074118262e-09
-6.736116938e-10
-2.109358182e-09
7.860600899e-10
2.227108749e-09
-8.261077058e-10
-2.36718669e-09
9.780765925e-10
2.44143683e-09
-8.796849577e-10
-2.390368757e-09
1.024603044e-09
2.216406102e-09
-7.652504618e-10
-1.97114322e-09
9.368033262e-10
1.72023151e-09
-6.308059585e-10
-1.519939395e-09
9.548571456e-10
1.417820924e-09
-6.178401063e-10
-1.474787306e-09
1.656158636e-09
1.803737461e-09
-9.74798932e-10
-2.590983373e-09
4.413931577e-09
3.99021746e-09
-2.681515898e-09
-5.888170114e-09
8.765125771e-09
7.928967085e-09
-6.392580026e-09
-9.815275487e-09
1.259996195e-08
1.142178565e-08
-1.044975243e-08
-1.269949463e-08
1.528284605e-08
1.365182502e-08
-1.341946334e-08
-1.442505972e-08
1.719136012e-08
1.534811708e-08
-1.571379122e-08
-1.692981347e-08
1.97099452e-08
1.966038947e-08
-1.906054328e-08
-2.299579536e-08
2.193306982e-08
2.400897803e-08
-2.254830419e-08
-2.083797802e-08
2.086257053e-08
1.915516339e-08
-2.160306214e-08
-1.533671434e-08
1.19745956e-08
1.067216668e-08
-1.44918785e-08
-6.621583739e-09
5.261498998e-09
3.789236673e-09
-7.45896983e-09
-2.084166007e-09
8.02591616e-09
1.2275609e-09
-7.059571727e-09
2.809534297e-10
7.76651487e-10
9.276430959e-10
-1.610859844e-09
-4.63837227e-10
5.038005176e-11
9.013415962e-11
-1.235564395e-10
-1.502287384e-11
-8.730953415e-12
-1.467855188e-12
-4.096337287e-12
2.244378584e-11
-3.443562546e-11
-4.221442495e-11
2.855097373e-11
7.0233024e-11
-4.134755617e-11
-8.944801136e-11
3.20262193e-11
8.076966242e-11
-2.447356264e-11
-7.596035892e-11
-3.1501195e-12
8.078451253e-11
-1.451252052e-11
-1.082032692e-10
-4.067849131e-12
1.318783258e-10
-1.834189143e-11
-1.252719637e-10
1.496941265e-11
1.044492515e-10
-2.770486567e-11
-9.606638839e-11
2.638809389e-11
1.096355302e-10
-4.288739292e-11
8.66703109e-12
2.023695413e-10
-1.428846288e-10
3.396841324e-09
6.054405972e-10
-9.041747409e-10
-4.244853545e-09
8.770887343e-10
4.533353956e-09
-1.086819383e-09
-4.303947194e-09
8.748679287e-10
3.724869307e-09
-7.440769326e-10
-3.002267758e-09
6.803666316e-10
2.310718825e-09
-4.379887654e-10
-1.745593883e-09
4.841501149e-10
1.329192448e-09
-2.810738648e-10
-1.044976198e-09
3.807866175e-10
8.659068543e-10
-2.293989423e-10
-7.680798709e-10
3.87942304e-10
7.347256625e-10
-2.547241421e-10
-7.582438883e-10
5.70859126e-10
8.467244307e-10
-3.629757557e-10
-1.043954924e-09
1.475045939e-09
1.467518342e-09
-7.743586423e-10
-2.305820941e-09
4.339051579e-09
3.642261985e-09
-2.726573314e-09
-5.283607687e-09
8.214805735e-09
6.950965345e-09
-6.102336908e-09
-8.456654602e-09
1.129849269e-08
9.714259111e-09
-9.106297885e-09
-1.085402231e-08
1.40500215e-08
1.212515367e-08
-1.220652441e-08
-1.372701698e-08
1.81922043e-08
1.567948037e-08
-1.707036804e-08
-1.778768417e-08
2.261427801e-08
1.9693529e-08
-2.26064727e-08
-2.097122594e-08
2.363351789e-08
2.125074198e-08
-2.557195178e-08
-2.034507404e-08
1.93461704e-08
1.828838754e-08
-2.389530648e-08
-1.524477426e-08
1.206112887e-08
1.153991297e-08
-1.717310755e-08
-7.885680186e-09
7.210400812e-09
5.227401744e-09
-8.740181615e-09
-3.627482256e-09
2.134090503e-09
1.968551559e-09
-2.955393728e-09
-8.347719993e-10
2.292231089e-10
2.737439721e-10
-4.437556627e-10
-6.924547058e-11
1.444901663e-11
1.28663094e-11
-2.949446645e-11
2.087530336e-12
5.453657351e-13
-7.359804424e-12
5.851188927e-13
6.018568125e-12
-1.411695708e-12
-4.246843834e-12
1.0892837e-12
3.796584429e-12
5.592198808e-13
-2.379122951e-12
1.00773227e-13
1.397303616e-12
6.358959503e-13
-8.5991916e-13
9.534904579e-13
2.333273136e-12
-3.559266001e-11
-9.950868873e-12
3.188628339e-11
2.914239193e-11
-2.829186988e-11
-3.022818421e-11
2.428361598e-11
2.30582234e-11
-1.75650227e-11
1.877240154e-11
-2.062463062e-11
1.697379273e-08
-5.307021444e-09
-9.885722752e-09
1.244726207e-09
6.876128735e-09
1.040681042e-09
-8.458699597e-10
-4.458522368e-09
5.138250051e-10
2.796276303e-09
-3.327860465e-10
-1.770427354e-09
2.605561209e-10
1.171070771e-09
-1.61377355e-10
-8.261301817e-10
1.677486236e-10
6.292153011e-10
-1.120619088e-10
-5.212056453e-10
1.494187573e-10
4.689336718e-10
-1.079307908e-10
-4.529332212e-10
1.771417465e-10
4.62297657e-10
-1.260915214e-10
-4.92292731e-10
2.516616744e-10
5.423494512e-10
-1.740210088e-10
-6.15271418e-10
4.366037335e-10
7.238720756e-10
-2.758491617e-10
-9.238693315e-10
1.581930885e-09
1.382312856e-09
-8.424943292e-10
-2.257701698e-09
4.290036595e-09
3.360488613e-09
-2.8620059e-09
-4.568464511e-09
7.03593079e-09
5.779782567e-09
-5.211021417e-09
-7.058393111e-09
1.025064276e-08
8.605147204e-09
-8.264191058e-09
-1.061034153e-08
1.55549907e-08
1.311236094e-08
-1.359250504e-08
-1.593825716e-08
2.205585572e-08
1.875520242e-08
-2.066726583e-08
-2.118580008e-08
2.644669323e-08
2.290491763e-08
-2.635454807e-08
-2.367033196e-08
2.616709376e-08
2.330228497e-08
-2.773361183e-08
-2.167709812e-08
2.052768512e-08
1.882022335e-08
-2.365111112e-08
-1.509115152e-08
1.192495244e-08
1.118952957e-08
-1.549960441e-08
-7.697680677e-09
4.645540677e-09
4.703443402e-09
-6.938306597e-09
-2.457763238e-09
8.632681501e-10
1.027321217e-09
-1.608134938e-09
-3.085361106e-10
5.701053752e-11
6.515802097e-11
-1.136159809e-10
-1.068192923e-11
-1.451132782e-12
-4.210762767e-12
2.0032267e-12
3.553339612e-12
-7.978454295e-13
-2.897634924e-12
8.409810241e-13
2.730477056e-12
-3.749248693e-13
-2.248941612e-12
7.030217981e-13
1.842563453e-12
-5.328749393e-13
-1.522475713e-12
5.527349793e-13
1.573526459e-12
-1.093190041e-11
-4.190587276e-12
4.306470728e-12
1.293095309e-11
1.1141543e-11
3.530483402e-11
-1.840542154e-11
-2.444635738e-11
-2.242430817e-11
-5.430482808e-11
1.543674493e-09
3.501019271e-10
-6.07195099e-09
3.693835145e-09
4.448329423e-10
-1.528626457e-10
-2.201132965e-09
1.841805701e-10
1.366491144e-09
-7.825942228e-11
-9.117096872e-10
1.028569718e-10
6.686725762e-10
-6.089519529e-11
-5.429756948e-10
8.593274609e-11
4.790902855e-10
-6.862766031e-11
-4.443562663e-10
8.969674209e-11
4.206474579e-10
-8.712707091e-11
-3.985117493e-10
9.615854827e-11
3.744461612e-10
-9.907999693e-11
-3.551192419e-10
1.123920863e-10
3.578377993e-10
-7.203685558e-11
-3.919640038e-10
1.735358662e-10
4.523606313e-10
-9.043591218e-11
-5.372464966e-10
4.187264882e-10
6.5537888e-10
-2.214499347e-10
-8.87720417e-10
1.812996353e-09
1.364051085e-09
-1.088120848e-09
-2.046372031e-09
3.680569998e-09
2.878922318e-09
-2.453104211e-09
-3.866799684e-09
6.354643365e-09
5.14640255e-09
-4.625450544e-09
-6.911085307e-09
1.13406049e-08
9.280154372e-09
-8.981325764e-09
-1.22027517e-08
1.860245411e-08
1.545460768e-08
-1.598622188e-08
-1.870823088e-08
2.549098034e-08
2.160706656e-08
-2.366845663e-08
-2.381170615e-08
2.892845389e-08
2.502616392e-08
-2.907610778e-08
-2.503374736e-08
2.684936108e-08
2.373745495e-08
-2.942260919e-08
-2.120334949e-08
1.943662387e-08
1.768387009e-08
-2.352327123e-08
-1.35982344e-08
9.899457975e-09
9.467260856e-09
-1.355746282e-08
-5.80783258e-09
2.809003987e-09
3.005654983e-09
-4.608628274e-09
-1.212286947e-09
2.417796969e-10
3.224116034e-10
-5.269643087e-10
-4.545516157e-11
-2.21090823e-12
4.543879114e-13
-2.941445539e-12
4.540558483e-12
-1.056547455e-12
-4.236085519e-12
1.251011385e-12
4.013535289e-12
-1.072391605e-12
-3.932040584e-12
1.30863918e-12
3.691304131e-12
-7.874117728e-13
-3.381087147e-12
1.111897801e-12
3.114038933e-12
-2.158705678e-12
-3.264924704e-12
1.634463207e-12
4.668344126e-12
-6.942503614e-12
5.130950011e-12
1.518548023e-11
-8.270162425e-12
4.641758979e-11
1.470200963e-11
1.307049153e-12
-1.613732114e-11
5.298563225e-12
9.997856684e-12
-4.46988747e-13
-1.273540852e-11
9.641028205e-12
1.970969025e-11
-5.86418422e-13
-3.082467188e-11
2.46383758e-11
4.684732655e-11
-3.701095294e-12
-6.989236697e-11
6.3651577e-11
1.088519555e-10
-2.294257375e-12
-2.009363414e-10
1.716534545e-10
3.939072751e-10
-1.526684881e-11
-5.092652195e-10
6.2197732e-11
3.564230888e-10
-1.058504821e-11
-2.125343599e-10
2.071252997e-11
1.962368808e-10
1.369988183e-11
-2.245243287e-10
1.372508247e-10
2.67768481e-10
-9.825028252e-11
-3.09778691e-10
6.230075222e-10
4.711190448e-10
-3.435975883e-10
-7.331662408e-10
1.530199586e-09
1.124951156e-09
-8.937340813e-10
-1.668376909e-09
3.165512513e-09
2.435965575e-09
-2.027382028e-09
-3.579943879e-09
6.713253759e-09
5.269066333e-09
-4.712996454e-09
-7.592116631e-09
1.305227018e-08
1.051103726e-08
-1.005838625e-08
-1.387046721e-08
2.101748184e-08
1.742379062e-08
-1.775604773e-08
-2.087020079e-08
2.808241628e-08
2.385952321e-08
-2.595920778e-08
-2.60133765e-08
3.107819583e-08
2.697119662e-08
-3.155034796e-08
-2.646244605e-08
2.747440687e-08
2.438906329e-08
-3.091869375e-08
-2.089592833e-08
1.787039061e-08
1.640123887e-08
-2.268746182e-08
-1.154515689e-08
7.170247956e-09
7.055983593e-09
-1.06548228e-08
-3.551135368e-09
1.099248423e-09
1.333290926e-09
-2.133087456e-09
-2.966709606e-10
1.717097279e-11
2.912524386e-11
-4.625600099e-11
-8.926983685e-14
3.006251318e-15
-4.618349025e-14
1.502439185e-14
2.823213683e-14
-1.860978643e-12
-1.848995153e-14
8.713219091e-13
1.376245997e-12
-1.84368941e-12
-2.91084479e-12
2.238964353e-12
5.207033426e-12
-2.814650501e-12
-9.2901814e-12
6.655913587e-12
1.685569131e-11
-5.54131532e-12
2.085664482e-11
-3.007963303e-11
1.193431131e-12
-2.901204838e-12
-7.108930193e-13
3.451511783e-12
-9.234313362e-13
1.503328243e-12
-4.003569407e-12
-1.443654201e-12
4.670162213e-12
2.173644382e-12
-5.362409324e-12
-6.429382305e-13
7.531770484e-12
4.071632663e-12
-1.085790531e-11
-5.814136252e-12
1.472191482e-11
7.413775444e-12
-1.593802823e-11
1.193140463e-11
1.646620849e-11
-5.771753408e-12
-2.029464597e-11
1.981415876e-11
2.685285463e-11
-1.182945394e-11
-3.64371073e-11
2.741193545e-11
4.938559691e-11
-2.16343025e-11
-6.248243147e-11
6.23658255e-11
7.292257699e-11
-3.927410131e-11
-1.012107559e-10
1.789406065e-10
1.488685997e-10
-8.661017101e-11
-2.324487194e-10
4.971789404e-10
3.622370975e-10
-2.699377627e-10
-5.587918707e-10
1.218892455e-09
8.802527245e-10
-7.083147036e-10
-1.422545621e-09
3.112140197e-09
2.298255085e-09
-1.981343321e-09
-3.628283577e-09
7.253181167e-09
5.557434995e-09
-4.840249822e-09
-8.171307766e-09
1.417064289e-08
1.137628108e-08
-1.05805466e-08
-1.504946777e-08
2.284118949e-08
1.897053814e-08
-1.898751785e-08
-2.280646916e-08
3.065198547e-08
2.611421666e-08
-2.833012306e-08
-2.837560182e-08
3.342370352e-08
2.908796255e-08
-3.454684528e-08
-2.788989371e-08
2.77125732e-08
2.470201481e-08
-3.248077291e-08
-1.985606101e-08
1.517433037e-08
1.410611506e-08
-2.073013222e-08
-8.491360093e-09
3.853251139e-09
4.024940338e-09
-6.565244074e-09
-1.289542365e-09
1.178984753e-10
1.70954658e-10
-2.88890883e-10
-1.480157857e-15
-5.978731427e-15
1.137186899e-17
3.7031467e-15
2.284450991e-15
-6.35022362e-13
-3.883126648e-15
4.309598601e-13
2.839078328e-13
-2.699274191e-12
-8.037566942e-13
1.795694933e-12
2.393435025e-12
1.573579273e-11
2.083431365e-11
-1.066561926e-11
-6.590347905e-12
9.733459053e-12
2.843769556e-12
-9.58170815e-12
-2.623833836e-12
1.080456289e-11
-3.982556166e-12
5.501561087e-12
-1.202479549e-11
-6.242930269e-12
1.339314734e-11
8.532097888e-12
-1.517310075e-11
-4.855791396e-12
1.683346944e-11
3.417381081e-13
-1.058385696e-11
2.789906026e-12
8.221664957e-12
-1.704466645e-12
-6.799900782e-12
4.514239842e-12
7.015520791e-12
-1.531725006e-12
-9.26725135e-12
1.295698764e-11
1.488830672e-11
-3.976101418e-12
-2.573271916e-11
2.704242288e-11
4.131171729e-11
-1.500007635e-11
-5.8485229e-11
4.862665404e-11
7.534576135e-11
-3.52816749e-11
-9.396838617e-11
1.397233569e-10
1.237983084e-10
-8.527637703e-11
-1.863685464e-10
4.347576721e-10
3.195965949e-10
-3.115411687e-10
-5.684948449e-10
1.317529479e-09
9.28049492e-10
-1.017731828e-09
-1.344298427e-09
2.948765203e-09
2.060464511e-09
-1.621409053e-09
-3.492432847e-09
7.292773004e-09
5.550311653e-09
-4.553345788e-09
-8.333412831e-09
1.476097758e-08
1.184576836e-08
-1.058112453e-08
-1.600414109e-08
2.470904139e-08
2.056883797e-08
-2.011344339e-08
-2.510648826e-08
3.392612655e-08
2.898606993e-08
-3.13754425e-08
-3.144344554e-08
3.636416982e-08
3.172898156e-08
-3.862849296e-08
-2.933276195e-08
2.713158184e-08
2.429085013e-08
-3.390473436e-08
-1.738636342e-08
1.062986191e-08
1.011868868e-08
-1.643341194e-08
-4.246621224e-09
7.195114806e-10
9.397385103e-10
-1.64984575e-09
-5.21816219e-16
-2.201347777e-15
-4.242714582e-16
2.003214782e-15
1.127204542e-15
-3.050542966e-13
-2.584223033e-15
2.637620222e-13
8.195326751e-14
2.00134963e-08
1.913844276e-08
-3.454498576e-12
-4.525116353e-11
-5.011415492e-11
-1.90369884e-08
-5.381582595e-12
-1.456511425e-11
1.378966401e-11
-6.476460526e-12
7.542713234e-12
-1.409432103e-11
-9.587034312e-12
1.455898394e-11
9.936716019e-12
-1.388858636e-11
4.535572042e-13
1.18257322e-11
3.943865722e-14
-1.061422085e-11
9.061611621e-13
7.656724089e-12
-3.812900786e-14
-5.41995544e-12
7.125466676e-13
4.185380421e-12
-1.00005959e-13
-3.708023493e-12
1.290707512e-12
3.892226244e-12
-2.013140183e-13
-5.272971978e-12
7.675565075e-12
9.729264354e-12
-1.90673984e-12
-2.127482501e-11
3.475001207e-11
4.779084062e-11
-4.322183457e-11
-9.389301281e-11
9.450342125e-11
1.346011091e-10
-1.627435039e-10
-1.48289974e-10
2.337634969e-10
2.12355188e-10
-1.111283551e-10
-4.278590155e-10
8.191020667e-10
6.657551333e-10
-3.730905679e-10
-6.139150221e-10
8.292579531e-10
5.421130344e-10
-4.801164692e-10
-9.380922328e-10
2.506451081e-09
1.73695101e-09
-1.175970243e-09
-3.098637613e-09
6.85353805e-09
5.174142792e-09
-3.890241984e-09
-8.128663134e-09
1.504780394e-08
1.206700203e-08
-1.011786174e-08
-1.695491961e-08
2.699050091e-08
2.252683866e-08
-2.122241453e-08
-2.819940271e-08
3.855126923e-08
3.302575246e-08
-3.563526057e-08
-3.576393049e-08
4.020098524e-08
3.512836174e-08
-4.476041458e-08
-3.034572889e-08
2.428203529e-08
2.184983139e-08
-3.419489073e-08
-1.179218075e-08
3.517799029e-09
3.614205364e-09
-7.108836103e-09
-4.279793519e-15
-1.613643344e-15
3.61063317e-16
1.58775601e-15
8.410175174e-16
-2.284613496e-13
-1.707523888e-14
3.822368466e-13
2.3434386e-13
-2.118634721e-08
1.096103691e-08
9.568450349e-09
-1.170938619e-11
-2.234790914e-11
-8.484330579e-12
1.968708118e-11
-1.036133439e-11
1.140858805e-11
-1.76862525e-11
-6.959884662e-13
1.417111733e-11
1.975127961e-12
-1.152805065e-11
-8.056020041e-13
7.959070906e-12
1.689583137e-12
-5.322342658e-12
-3.658450765e-13
3.588637944e-12
6.778366294e-13
-2.739882203e-12
-2.610435863e-13
2.542093427e-12
5.360994136e-13
-3.230996305e-12
-4.179897418e-13
7.189137147e-12
1.671727707e-12
-2.796983455e-11
2.475205396e-11
1.22937387e-10
2.726127928e-11
-4.324241936e-10
2.03480965e-10
8.679387477e-10
2.911601967e-10
-1.171793114e-09
-3.918494914e-11
1.18540459e-09
1.038030071e-09
-1.104950488e-09
-7.753418302e-11
8.685751303e-10
1.154578802e-09
-5.320836363e-10
4.205133724e-10
2.538705701e-10
-1.834895496e-12
-3.372864543e-11
4.744314899e-10
3.244557894e-10
-1.859538808e-10
-6.33907373e-10
1.842963444e-09
1.250141695e-09
-6.784705627e-10
-2.418196904e-09
5.905115201e-09
4.392620353e-09
-2.817725643e-09
-7.460510974e-09
1.486104714e-08
1.188143323e-08
-8.893366416e-09
-1.778126398e-08
2.986465104e-08
2.498856643e-08
-2.193864894e-08
-3.275271667e-08
4.60202794e-08
3.951135833e-08
-4.248685888e-08
-4.279440467e-08
4.551033084e-08
3.974699052e-08
-5.624737494e-08
-2.880146607e-08
1.385585122e-08
1.258753461e-08
-2.638871508e-08
-6.215862257e-13
-2.342852237e-15
1.325440217e-14
8.817080905e-15
4.972503112e-15
4.654221062e-12
2.17018048e-12
-1.125279575e-12
-1.980895121e-13
-1.470294402e-12
-9.481633611e-12
1.107543853e-12
3.681783379e-12
-2.074462265e-12
-2.328956674e-12
2.059833855e-12
-3.371264094e-12
2.166812794e-12
-6.246984125e-13
-5.058287536e-13
1.772966035e-13
5.440477468e-13
-1.585824525e-13
-5.404783542e-13
2.87000195e-13
7.695311154e-13
-6.005514919e-13
-1.677833443e-12
1.151715699e-12
1.585382138e-12
-3.124407388e-12
-3.05449053e-11
1.169027499e-11
1.390567752e-11
-4.179211112e-11
-5.218161287e-10
1.668748934e-10
3.147739403e-10
-8.093442238e-10
-2.475526705e-09
2.41012392e-09
3.486200219e-09
-3.22912554e-09
-3.004014486e-09
2.913008747e-09
4.904157126e-09
-1.530524721e-09
1.146980586e-11
1.584072501e-11
4.637549195e-12
-3.12632303e-11
8.369746759e-11
6.912250517e-11
-2.160184354e-11
-1.323273633e-10
2.089186957e-10
2.172939737e-10
-7.361800224e-11
-3.544279443e-10
9.755120738e-10
6.688062444e-10
-2.026063955e-10
-1.441121476e-09
4.233072227e-09
3.027589556e-09
-1.383946265e-09
-5.852290936e-09
1.33328661e-08
1.055989927e-08
-5.983968271e-09
-1.783454622e-08
3.353727009e-08
2.814689623e-08
-2.050844433e-08
-4.103751805e-08
6.231081629e-08
5.364293415e-08
-5.71735305e-08
-5.858565762e-08
-9.2373705e-08
-8.917393472e-11
4.956306698e-08
4.310435391e-08
4.9791985e-11
-4.590267361e-11
-1.857916071e-13
6.627952812e-12
7.432362978e-13
1.140653919e-12
-3.662515739e-13
-1.411993941e-12
3.68985857e-13
-6.192704431e-13
6.329559895e-13
-3.626870742e-13
-7.358804919e-13
3.857425751e-13
6.847488952e-13
-3.777158311e-13
-1.123579742e-12
3.65290087e-13
7.530322881e-13
-3.949041326e-13
-6.276290286e-12
1.355118874e-12
1.87775804e-12
-5.071375166e-12
-2.269771062e-10
1.078159551e-11
7.042889477e-11
-3.864200379e-11
-3.516113955e-09
7.744239612e-10
2.478675988e-09
-2.045371649e-09
-6.047097492e-09
2.677404543e-09
5.745050853e-09
-1.691441178e-09
-7.997618034e-12
4.094566549e-12
1.194607677e-11
-5.227486059e-14
1.412281671e-13
1.766010951e-13
1.357672207e-13
-4.940795915e-13
4.108571072e-12
1.585591516e-12
4.358803169e-13
-6.477100827e-12
3.232109838e-11
2.209134165e-11
-5.466783529e-19
-5.471627397e-11
2.092567862e-10
1.307461559e-10
-3.451891434e-18
-3.380358356e-10
1.475413172e-09
9.096000529e-10
-7.861574254e-17
-2.376920226e-09
7.463326286e-09
5.760096277e-09
-2.64142932e-13
-1.320463386e-08
-2.071429207e-11
-6.361276565e-08
3.448502777e-08
2.924886097e-08
1.70492089e-07
1.375359719e-07
-3.172644996e-13
-7.123905687e-13
2.442195576e-13
6.924060101e-13
-3.106267707e-13
-6.454223055e-13
3.162110584e-13
3.082344221e-13
-1.964900063e-13
-4.804458471e-13
1.728316446e-13
-5.912283613e-13
2.711113966e-13
-3.287496009e-13
-1.421766855e-11
8.311594609e-13
2.230836116e-12
-1.43350265e-12
-1.323635358e-09
5.77903603e-11
5.537232323e-10
-2.968773635e-10
-4.334060499e-09
5.990510697e-10
2.75269035e-09
-6.277542998e-10
-1.874213722e-11
4.278026595e-12
2.319052246e-11
-3.437370808e-13
-2.444267326e-13
-6.885718785e-13
8.431538135e-13
1.104132293e-13
-1.888946493e-13
1.675464616e-15
1.867864467e-13
-2.200421138e-15
-3.088738446e-19
2.391076873e-15
2.044854963e-15
-2.800181936e-15
3.454093816e-15
-4.980776047e-15
-2.274082267e-18
3.620107967e-15
6.591011875e-15
6.877282467e-15
-6.161451328e-15
-2.19718332e-17
3.356128016e-15
3.690718379e-15
-1.832522562e-14
9.588143392e-14
-1.078897864e-13
-1.975978817e-13
1.215848959e-13
-2.115677636e-14
-4.843452704e-13
5.362461501e-12
5.813421392e-11
-3.28494781e-11
-1.876687884e-10
3.442998114e-11
6.388218083e-10
-2.379544968e-11
-1.467616043e-09
2.024937839e-12
2.127882147e-11
-1.789951752e-13
-2.402891032e-11
-4.019229907e-13
1.669309089e-12
9.831628398e-14
-1.244387497e-12
-2.088569766e-16
1.91561323e-13
-5.264058928e-15
-1.865910748e-13
-9.592314094e-17
-2.636486817e-14
-1.889597996e-14
-4.645695846e-14
1.494656972e-14
-1.869456456e-09
-3.863711355e-09
-1.393066181e-09
-7.922355505e-10
-2.992693496e-09
-3.70636381e-10
1.125944306e-09
-3.241186842e-10
-1.13434454e-09
-5.473579694e-10
1.552631174e-09
-1.550414335e-09
-2.308774322e-09
-2.967771585e-09
1.184041877e-08
-3.658402559e-09
-1.359147183e-08
-2.632379198e-09
1.598839225e-08
-4.005685454e-11
-1.469466068e-08
-1.673897236e-11
1.814657938e-10
5.394564329e-12
-1.256959572e-10
-2.921232013e-11
1.611060222e-11
-2.25789245e-10
3.705522203e-11
8.830010763e-11
-4.043764582e-10
-2.456285339e-09
-1.757866183e-09
-4.263112757e-09
-1.765247593e-09
3.298605278e-09
-1.354452353e-09
-3.441487138e-09
-1.133487885e-09
2.60001856e-09
-1.091144901e-09
-2.05718252e-09
8.440295931e-11
-5.845528443e-11
5.376112127e-10
1.094153174e-10
-7.496324869e-10
1.050133414e-10
2.906911465e-10
4.607967294e-11
-4.042659075e-10
7.729484259e-11
-2.172603759e-10
-2.800145251e-09
-6.052174763e-09
-2.447999887e-09
3.891226944e-09
-2.300256593e-09
-4.457130325e-09
1.174468593e-10
-1.260109714e-10
2.186510915e-10
1.211119919e-10
-2.087114485e-10
-8.194780505e-09
1.015321933e-08
-7.105342982e-09
-1.235262559e-08
-6.104699289e-09
7.333467917e-09
-5.368852327e-09
-1.104588428e-08
1.554605168e-10
-1.558973547e-10
2.198828203e-10
1.659279778e-10
-2.177473592e-10
1.73606197e-10
-2.491964573e-10
-1.324454433e-08
1.562743452e-08
-1.393979604e-08
-1.795457715e-08
2.126961617e-10
-1.859446882e-10
-4.786700221e-10
-1.511846531e-08
1.660704871e-08
-1.775070679e-08
-1.688716609e-08
5.578073656e-10
-4.515520675e-10
-8.514296801e-10
-1.400310011e-08
-1.428042549e-08
-1.696116046e-08
1.906723933e-08
-2.063718637e-08
-2.010307866e-08
5.279571217e-10
-6.145289849e-10
9.242669061e-10
3.915919183e-10
-8.055423094e-10
-1.37548592e-08
1.438664185e-08
-1.601843651e-08
-1.479983903e-08
4.214355176e-10
-5.866941616e-10
4.576504114e-10
-5.000775092e-10
9.7578715e-09
-1.000383442e-08
-1.179423454e-08
-3.068149485e-10
-1.021008955e-08
1.012376091e-08
-1.052028303e-08
-1.306441809e-08
1.792537403e-10
-2.416612744e-10
1.571280581e-10
-1.264302284e-10
-6.304623165e-09
-3.716463888e-09
-1.025364884e-08
1.080920574e-08
-1.436352949e-08
-1.104065049e-08
7.923831809e-11
-1.095093647e-10
8.898835016e-11
8.058230939e-11
-4.61396087e-11
3.457527363e-09
-3.324333721e-09
-7.531951339e-09
-3.038147331e-11
-3.512237535e-09
3.366415279e-09
-4.07243859e-09
-7.742356159e-09
2.226841074e-11
-1.112960087e-11
-6.836720905e-12
-5.888045789e-09
4.21755313e-09
-3.999716349e-09
-8.613533072e-09
4.880787328e-12
-3.088660168e-12
1.081902184e-12
2.092297826e-12
-5.503251609e-09
3.473869157e-09
-2.76722729e-09
-6.50994027e-09
4.962056773e-11
-5.915705877e-11
-3.404838469e-12
7.342617198e-12
-3.924406729e-09
2.004022135e-09
-1.323027773e-09
-3.984455122e-09
8.412494559e-11
-9.632220632e-11
-1.037561943e-11
1.251573856e-11
-2.433486596e-09
8.116333792e-10
-4.918892012e-10
-2.445323113e-09
2.526967735e-10
-2.03649572e-10
-2.493646128e-11
6.986041739e-11
9.598936069e-10
-5.556523039e-10
-2.193039774e-09
-6.196051819e-11
5.056142227e-10
3.458059099e-10
-7.675511573e-09
-6.483324419e-11
-9.322088134e-09
1.331909223e-09
-7.006880795e-10
-5.914301193e-09
1.288892152e-09
2.015720443e-11
-1.21161483e-11
-5.820919764e-12
7.893699882e-12
-1.870405758e-11
-2.595290806e-09
1.765359142e-10
-6.065848241e-11
-1.523301829e-09
3.174723517e-11
-1.297245519e-11
-8.657670769e-12
-1.21213546e-11
-1.204055995e-12
-6.049982918e-11
-5.331310803e-12
-1.262247454e-12
1.854344084e-12
-5.793097899e-12
-6.77625485e-13
1.905850737e-11
-5.895932252e-12
-2.885620958e-11
-1.695383871e-11
-1.191173034e-11
-4.721230752e-12
6.090137548e-12
-1.280894744e-11
-3.201062838e-12
1.931024167e-08
-3.627414942e-11
-1.845905482e-08
1.735164032e-08
-1.422396554e-11
-6.096605901e-12
-1.68672013e-11
-7.857536195e-12
-1.134219141e-11
-2.16219401e-11
-1.059872387e-11
-2.039682159e-13
-8.101109294e-12
-5.945137695e-12
-2.727928159e-12
-5.819373278e-12
-2.307254721e-12
-3.597881518e-12
2.757568269e-12
-1.235610262e-12
-3.187240895e-12
-1.308338477e-09
7.998055167e-08
3.01523566e-11
-9.145524009e-10
2.832289491e-12
-5.8378354e-13
-3.618574631e-13
-6.185196956e-13
-2.936155956e-13
-5.758020281e-13
-5.679482607e-11
7.58505117e-12
-1.058547779e-10
7.411901045e-08
-6.219725415e-13
-2.938327647e-13
-6.449624567e-13
-2.298618584e-13
-6.734702884e-13
-1.299888384e-13
-3.050968711e-13
2.562027225e-13
-1.146952826e-13
-4.718893942e-13
-4.255748044e-14
2.338260517e-14
-5.250846376e-15
-3.592542417e-14
-6.657130154e-18
-2.196426609e-14
-5.371068348e-15
5.581831575e-15
-1.068375785e-12
-2.834361619e-13
-2.378657614e-12
-3.483270671e-12
-5.058525985e-12
-1.193841693e-11
-4.642467916e-10
-9.755395484e-12
-1.107306171e-09
-5.844627551e-12
-3.990396409e-10
-1.428148386e-12
-1.160123474e-09
-1.474388605e-13
-4.579446761e-12
2.922418889e-13
-5.027557806e-12
5.993925823e-14
-9.477140947e-13
2.491892149e-13
-7.24592861e-13
-1.939428763e-14
-2.060251775e-14
-9.713904577e-10
2.215408326e-09
-7.292562134e-10
-1.652991415e-09
-5.569601936e-10
1.192459925e-09
-5.223748494e-10
-1.186936578e-09
-9.735759103e-10
2.988650721e-09
-2.100833188e-09
-3.339064529e-09
-2.955429119e-09
1.266153841e-08
-2.892715488e-09
-1.035174916e-08
-1.817581927e-09
1.170995738e-08
-7.414496353e-11
-8.540057754e-09
-6.832156209e-12
8.077767667e-11
1.988734093e-12
-7.679756521e-11
1.830791268e-11
2.328064382e-10
3.312300911e-11
-2.462160478e-10
3.756677967e-11
4.191055331e-10
-4.367491472e-10
-2.353406206e-09
4.273243623e-09
-2.365775265e-09
-4.769592055e-09
-2.025673397e-09
3.619719222e-09
-1.374753414e-09
-3.962845899e-09
-9.564801317e-10
1.764852429e-09
-7.573087453e-10
-1.723350885e-09
-6.30548895e-10
1.352268892e-09
-5.365075143e-10
-1.262172153e-09
-4.906291365e-10
1.168534572e-09
-5.736655953e-10
-1.174349392e-09
-9.885435362e-10
3.285673168e-09
-1.619414519e-09
-2.941475173e-09
-1.820782368e-09
7.623569419e-09
-1.515432024e-09
-5.092092681e-09
-9.032389542e-10
5.658987211e-09
-2.41846565e-10
-3.28470016e-09
8.386455019e-11
1.860701577e-10
1.598352973e-11
-5.406067479e-10
2.683499376e-11
2.662818865e-10
3.982469529e-11
-2.902389746e-10
3.885786312e-11
4.455475799e-10
6.212123615e-11
-4.336527042e-10
1.241326506e-10
1.072995569e-09
2.341412359e-10
-1.308504049e-09
3.282794987e-10
8.381469322e-10
2.978240255e-10
-1.623847417e-09
1.881398532e-10
2.4140627e-10
-3.905570448e-10
-4.817199136e-09
6.320683197e-09
-4.399477989e-09
-9.788524843e-09
-4.080231426e-09
6.053556757e-09
-3.7068152e-09
-8.302507667e-09
-3.00436901e-09
4.625182077e-09
-1.994207426e-09
-5.778828389e-09
-1.284581853e-09
1.975928335e-09
-9.219738293e-10
-2.639442322e-09
-6.98513955e-10
1.343172662e-09
-5.680124253e-10
-1.613831492e-09
-5.11248642e-10
1.234629109e-09
-5.51054583e-10
-1.373596149e-09
-7.37778304e-10
2.495945574e-09
-9.126000627e-10
-2.105059694e-09
-7.976677458e-10
3.122900847e-09
-5.387995023e-10
-1.848129426e-09
-2.860548966e-10
1.655198852e-09
-4.375857621e-11
-7.610494634e-10
2.345989061e-10
9.492671065e-10
1.446275282e-10
-8.512582544e-10
6.41151135e-11
3.106276586e-10
4.960386818e-11
-3.117094102e-10
3.791044945e-11
3.949862972e-10
5.69364371e-11
-3.319927821e-10
1.298070998e-10
1.233328478e-09
2.654468177e-10
-9.358167116e-10
4.630334903e-10
2.198656361e-09
6.665517792e-10
-2.079870933e-09
6.403408572e-10
7.467628002e-10
3.78387231e-10
-1.331727136e-09
2.047567012e-10
2.284431513e-10
-2.838671003e-10
-1.440955952e-08
1.640127593e-08
-1.466871853e-08
-2.156398836e-08
-1.443826314e-08
1.651518857e-08
-1.362172842e-08
-2.25983282e-08
-1.231743996e-08
1.456362653e-08
-1.076297162e-08
-1.953258443e-08
-9.16318748e-09
1.138383721e-08
-7.572113479e-09
-1.473415016e-08
-5.934020685e-09
7.552196467e-09
-4.30674736e-09
-9.861921477e-09
-2.974394633e-09
3.835766823e-09
-2.051580234e-09
-5.562349469e-09
-1.418142697e-09
2.142113536e-09
-1.017583772e-09
-2.989406536e-09
-7.956413729e-10
1.604408431e-09
-7.00683132e-10
-1.929032306e-09
-6.522328222e-10
1.864052055e-09
-5.275424787e-10
-1.808527705e-09
-3.197787507e-10
1.213015031e-09
-1.557935067e-10
-1.055422064e-09
-7.823629174e-11
3.918998427e-10
-6.68975067e-12
-3.154568219e-10
5.182945842e-11
4.146723597e-10
6.191245047e-11
-1.778051233e-10
6.587850555e-11
2.855991774e-10
4.88937126e-11
-2.518953565e-10
3.084521415e-11
2.558936496e-10
3.710580052e-11
-1.818859588e-10
7.43925359e-11
6.360014294e-10
1.364091392e-10
-4.250028134e-10
2.396403934e-10
1.578430094e-09
4.299589403e-10
-1.088745719e-09
6.824530215e-10
1.844003818e-09
7.311426051e-10
-1.977278011e-09
4.85921274e-10
4.090158538e-10
2.754978221e-10
-6.649265023e-10
1.967077735e-10
2.29828687e-10
1.777641192e-10
-2.743489087e-10
1.766356247e-10
2.318260729e-10
-2.438272728e-10
-1.911953552e-08
2.114891634e-08
-2.172859291e-08
-2.443014883e-08
-2.393625267e-08
2.679358845e-08
-2.498837097e-08
-3.104961811e-08
-2.454182801e-08
2.776757348e-08
-2.277966238e-08
-3.099442686e-08
-2.022250851e-08
2.337140666e-08
-1.743000644e-08
-2.537129781e-08
-1.476873358e-08
1.756579631e-08
-1.234839295e-08
-1.931411142e-08
-1.012194874e-08
1.230323079e-08
-8.042174559e-09
-1.43083154e-08
-6.148009257e-09
7.607194048e-09
-4.509452149e-09
-9.570838734e-09
-3.171816813e-09
4.136323309e-09
-2.175680889e-09
-5.452680929e-09
-1.516289557e-09
2.346078267e-09
-1.133499425e-09
-2.877647838e-09
-9.158959956e-10
1.868928981e-09
-7.353887668e-10
-1.84623536e-09
-4.930701809e-10
1.132502953e-09
-2.197288263e-10
-1.076533082e-09
-9.7327843e-11
3.062014159e-10
-4.099177383e-11
-3.416090485e-10
2.062327269e-12
1.8697108e-10
3.470344116e-11
-2.46450352e-10
4.130867947e-11
2.281166954e-10
4.182840757e-11
-2.089519471e-10
2.107015285e-11
1.216247784e-10
1.706223058e-11
-7.918827844e-11
3.418173679e-11
2.936972137e-10
6.50524202e-11
-2.145359256e-10
1.13943082e-10
7.416754972e-10
2.0785593e-10
-5.208745759e-10
3.963141082e-10
1.763343435e-09
6.589351739e-10
-1.387807575e-09
7.797156113e-10
1.089818823e-09
6.379603649e-10
-1.531930099e-09
4.392458661e-10
4.038331651e-10
3.156955154e-10
-7.391544393e-10
2.504070336e-10
2.987081274e-10
2.432292826e-10
-4.706874741e-10
3.200027247e-10
5.874522402e-10
-7.206349844e-10
-2.482442423e-08
2.730277242e-08
-2.856499318e-08
-2.955994728e-08
-3.078677456e-08
3.385795436e-08
-3.087754718e-08
-3.532063091e-08
-2.901875596e-08
3.223044164e-08
-2.596898163e-08
-3.202853025e-08
-2.259792704e-08
2.568544745e-08
-1.950264855e-08
-2.489265102e-08
-1.688513235e-08
1.985809438e-08
-1.46663953e-08
-1.938924298e-08
-1.265948822e-08
1.541581392e-08
-1.07176468e-08
-1.544713937e-08
-8.796821093e-09
1.100230891e-08
-6.949449437e-09
-1.163131031e-08
-5.268953813e-09
6.748169592e-09
-3.839959349e-09
-7.891462254e-09
-2.697409172e-09
3.607412642e-09
-1.837535633e-09
-4.645368725e-09
-1.239578698e-09
1.902050146e-09
-8.463322487e-10
-2.1943217e-09
-5.669150946e-10
1.007254114e-09
-3.418287821e-10
-1.006329213e-09
-1.853973375e-10
4.400041735e-10
-1.925821652e-10
-1.50178137e-09
-8.935865339e-11
7.72699916e-10
8.663972959e-11
-4.438686821e-09
4.440883552e-11
1.922768503e-10
4.25732872e-11
-1.715687815e-10
1.129802232e-11
5.266270305e-11
7.448012592e-12
-3.850264904e-11
1.935123381e-11
1.685225294e-10
3.894850961e-11
-1.440772206e-10
6.719405769e-11
3.832893619e-10
1.150080833e-10
-2.976986926e-10
2.123880132e-10
1.008770155e-09
4.046741264e-10
-7.084314632e-10
6.935354821e-10
1.695250781e-09
9.690811119e-10
-1.49717032e-09
1.105449425e-09
1.344476452e-09
1.058938665e-09
-1.865521002e-09
8.946539478e-10
9.10060607e-10
7.696376987e-10
-1.62009076e-09
6.923359386e-10
9.324417936e-10
-1.299658931e-09
-1.960408184e-08
2.126763511e-08
-2.425383905e-08
-2.254362639e-08
-2.895673317e-08
3.124289368e-08
-3.232030671e-08
-3.238983734e-08
-3.330367242e-08
3.570796029e-08
-3.180370753e-08
-3.510134512e-08
-2.859480434e-08
3.090373846e-08
-2.477284301e-08
-2.902925748e-08
-2.11872503e-08
2.347969852e-08
-1.819992756e-08
-2.166934421e-08
-1.579275014e-08
1.820875697e-08
-1.379303685e-08
-1.664504208e-08
-1.205085747e-08
1.457372776e-08
-1.050050922e-08
-1.325354215e-08
-9.12764753e-09
1.156500618e-08
-7.920920766e-09
-1.129559097e-08
-6.839231709e-09
8.98092086e-09
-5.784248668e-09
-1.043941357e-08
-4.634468369e-09
6.153150771e-09
-3.376495753e-09
-8.383038669e-09
-2.198040923e-09
2.867773199e-09
-1.362057591e-09
-4.008041e-09
-1.106564329e-09
1.476296779e-09
-2.850468597e-09
-5.005897309e-09
-1.031855317e-08
1.06653022e-08
-1.625137221e-08
-2.969638843e-08
-9.977148587e-09
1.182471379e-08
-2.514423139e-10
-1.462066418e-08
-4.473704983e-12
1.088275842e-10
-2.665817219e-12
-8.870956759e-11
7.377873752e-14
3.895800916e-11
6.139080543e-12
-4.138965551e-11
1.743315889e-11
1.330463257e-10
3.234742453e-11
-1.294103954e-10
5.154502994e-11
2.45874449e-10
7.971638682e-11
-2.165531039e-10
1.29718708e-10
5.044603784e-10
2.260045653e-10
-3.791772449e-10
4.032181258e-10
1.120940199e-09
6.901464152e-10
-7.730285615e-10
1.083545842e-09
1.875513015e-09
1.517724996e-09
-1.483506363e-09
1.860392627e-09
2.142222456e-09
1.948179248e-09
-2.115031083e-09
1.74223809e-09
1.746066294e-09
1.336111167e-09
-2.001198422e-09
8.991057885e-10
9.244657176e-10
-1.071170887e-09
-1.442558593e-08
1.528933363e-08
-1.802677408e-08
-1.604251441e-08
-2.262469416e-08
2.381670835e-08
-2.759191747e-08
-2.48180491e-08
-3.162739681e-08
3.27997675e-08
-3.339736383e-08
-3.205308219e-08
-3.240741667e-08
3.333045284e-08
-2.929245928e-08
-3.017321523e-08
-2.527639813e-08
2.632588863e-08
-2.141610413e-08
-2.276345538e-08
-1.819722665e-08
1.953065346e-08
-1.561046171e-08
-1.713167536e-08
-1.346347204e-08
1.503274195e-08
-1.16532303e-08
-1.367336416e-08
-1.025304192e-08
1.207649962e-08
-9.401724275e-09
-1.15996772e-08
-9.137797946e-09
1.152813657e-08
-9.300102557e-09
-1.290167438e-08
-9.506254904e-09
1.281665353e-08
-9.235408776e-09
-1.612925362e-08
-8.091502717e-09
1.144212856e-08
-6.167104205e-09
-1.462211502e-08
-4.333995692e-09
5.747164288e-09
-5.357652801e-09
-8.123869205e-09
-1.717957515e-08
1.611374347e-08
-3.66930846e-08
-2.507933382e-08
-3.930638787e-08
3.620315687e-08
-2.635397466e-08
-2.767695081e-08
-1.095193768e-08
1.286570753e-08
-8.619597688e-10
-9.148467322e-09
-2.852707869e-11
9.203904893e-11
-6.181136898e-12
-9.555598777e-11
9.987168403e-14
4.503545019e-11
7.762148151e-12
-4.976923544e-11
1.942975491e-11
1.293559216e-10
3.341312966e-11
-1.307436093e-10
5.008667908e-11
2.015587012e-10
7.118381643e-11
-1.945857601e-10
1.017235703e-10
3.061300651e-10
1.512841872e-10
-2.638829466e-10
2.324632536e-10
5.362927359e-10
3.628509987e-10
-3.957118073e-10
5.714541353e-10
1.024953988e-09
8.863282217e-10
-6.854207175e-10
1.283666063e-09
1.702463337e-09
1.654939774e-09
-1.219180706e-09
1.84150517e-09
1.901803044e-09
1.709030746e-09
-1.545447803e-09
1.27587724e-09
1.109945991e-09
7.933613007e-10
-9.860930273e-10
4.730215166e-10
4.435775364e-10
-3.936900949e-10
-1.659312855e-08
1.690319625e-08
-2.0681931e-08
-1.759565395e-08
-2.497824767e-08
2.507857303e-08
-2.86220519e-08
-2.407396461e-08
-3.040711018e-08
2.977364522e-08
-2.958694413e-08
-2.597311184e-08
-2.653266803e-08
2.572312025e-08
-2.249272006e-08
-2.057765838e-08
-1.873885912e-08
1.860677567e-08
-1.593422725e-08
-1.44353104e-08
-1.408619849e-08
1.464127348e-08
-1.284209413e-08
-1.232957694e-08
-1.185657042e-08
1.279620593e-08
-1.108520412e-08
-1.252695015e-08
-1.083850563e-08
1.22277946e-08
-1.144546522e-08
-1.408567917e-08
-1.275256482e-08
1.558082086e-08
-1.396438765e-08
-1.8904292e-08
-1.413876029e-08
1.920780048e-08
-1.289139286e-08
-2.04132493e-08
-1.058263401e-08
1.630949561e-08
-8.025121421e-09
-1.558604161e-08
-6.804716911e-09
9.724135744e-09
-1.132338111e-08
-9.428428551e-09
-2.164186705e-08
1.845770484e-08
-2.376598111e-08
-6.058122273e-09
-1.813042734e-08
1.366134873e-08
-1.1080175e-08
-3.557463883e-09
-5.212511369e-09
4.880702561e-09
-1.645841361e-09
-2.250893683e-09
-6.645651303e-11
1.099412713e-10
-9.128774164e-12
-1.480819554e-10
-1.436660003e-13
5.588447447e-11
1.022480907e-11
-6.413841103e-11
2.275973919e-11
1.32580476e-10
3.691064488e-11
-1.344754508e-10
5.370044191e-11
1.910881776e-10
7.355503119e-11
-1.881735555e-10
9.724207954e-11
2.383263851e-10
1.278004519e-10
-2.206568418e-10
1.703769466e-10
3.118380517e-10
2.306174902e-10
-2.567057475e-10
3.170042208e-10
4.781243199e-10
4.453828865e-10
-3.545584157e-10
6.301516314e-10
8.378610629e-10
8.547624072e-10
-5.812885682e-10
1.040349977e-09
1.122969813e-09
1.062003542e-09
-7.535345905e-10
8.659373078e-10
7.491063066e-10
5.841230507e-10
-4.949845542e-10
3.690053112e-10
3.121437269e-10
-2.202772075e-10
-1.790192985e-08
1.756881239e-08
-2.068949333e-08
-1.653448374e-08
-2.276406298e-08
2.159314079e-08
-2.37929395e-08
-1.7919476e-08
-2.319282638e-08
2.118152198e-08
-2.08323724e-08
-1.623225651e-08
-1.742339652e-08
1.56283975e-08
-1.409717491e-08
-1.159090418e-08
-1.170229153e-08
1.089236936e-08
-1.051837532e-08
-8.412963156e-09
-1.040502792e-08
1.047426623e-08
-1.104523868e-08
-9.293646798e-09
-1.215543807e-08
1.285045816e-08
-1.359221682e-08
-1.357458907e-08
-1.54602135e-08
1.685759354e-08
-1.75365579e-08
-1.980878756e-08
-1.873087224e-08
2.17223315e-08
-1.784177033e-08
-2.338705049e-08
-1.496900548e-08
1.94317472e-08
-1.14518723e-08
-1.761176559e-08
-8.612421915e-09
1.356996282e-08
-7.006292573e-09
-1.215647331e-08
-6.484196676e-09
1.141390649e-08
-6.238098699e-09
-1.528816034e-08
-5.124871274e-09
7.110648908e-09
-3.787301884e-09
-1.347216679e-08
-2.335622261e-09
3.215594328e-09
-9.743936883e-10
-6.484041753e-09
-5.237533992e-10
8.173106569e-10
-2.082060811e-10
-1.666860153e-09
-6.023801643e-11
1.786958359e-10
-1.454985104e-11
-2.123352101e-10
-9.081235599e-13
7.62858921e-11
1.474584651e-11
-9.673319159e-11
2.763810643e-11
1.363182642e-10
4.172754697e-11
-1.381890746e-10
5.869554607e-11
1.842197375e-10
7.792101434e-11
-1.783491032e-10
9.848059071e-11
2.053326906e-10
1.200744068e-10
-1.88889991e-10
1.44644589e-10
2.159230373e-10
1.763890098e-10
-1.82586357e-10
2.197225365e-10
2.744403814e-10
2.787576001e-10
-2.16799173e-10
3.543993347e-10
4.100634322e-10
4.326599171e-10
-2.861476263e-10
4.73233518e-10
4.69265734e-10
4.357699257e-10
-2.664764862e-10
3.396343129e-10
2.895432747e-10
2.395106892e-10
-1.522493451e-10
1.621816311e-10
1.342258624e-10
-7.020697285e-11
-1.173535254e-08
1.123423638e-08
-1.473742173e-08
-1.096778353e-08
-1.589438933e-08
1.454363264e-08
-1.586269591e-08
-1.191294443e-08
-1.542122326e-08
1.375157209e-08
-1.479916845e-08
-9.842444741e-09
-1.379558309e-08
1.182607724e-08
-1.228461087e-08
-8.301045369e-09
-1.053787333e-08
8.732720313e-09
-9.091743221e-09
-6.979838928e-09
-8.402274854e-09
7.222687e-09
-8.589406711e-09
-7.847580702e-09
-9.385888764e-09
9.059251759e-09
-1.074755135e-08
-1.040242395e-08
-1.362085994e-08
1.436374415e-08
-1.717894955e-08
-1.488264704e-08
-2.06741879e-08
2.215649384e-08
-2.283328921e-08
-2.349675501e-08
-2.229777946e-08
2.419600121e-08
-1.895426117e-08
-2.489402297e-08
-1.444827337e-08
1.666494533e-08
-1.083745389e-08
-1.767538754e-08
-9.282908754e-09
1.273712796e-08
-1.015947011e-08
-1.588191705e-08
-1.336944956e-08
2.105809827e-08
-1.660433119e-08
-2.685488914e-08
-1.460662537e-08
2.135692855e-08
-1.056947819e-08
-2.570288669e-08
-6.865698882e-09
1.110840026e-08
-3.724409453e-09
-1.48670065e-08
-2.363700759e-09
3.753627881e-09
-9.308039551e-10
-6.958435885e-09
-1.150916926e-10
2.52422899e-10
-2.512659521e-11
-3.312216663e-10
2.943363873e-12
1.361887493e-10
2.827318442e-11
-2.19955143e-10
3.679750328e-11
1.404277461e-10
4.880208035e-11
-1.437327236e-10
6.473210709e-11
1.699239056e-10
8.103494299e-11
-1.581901546e-10
9.650139774e-11
1.693675101e-10
1.111334176e-10
-1.461048332e-10
1.258750043e-10
1.533287228e-10
1.437549081e-10
-1.267379583e-10
1.67198436e-10
1.723084952e-10
1.919261366e-10
-1.361765036e-10
2.07079376e-10
1.897900308e-10
2.019889208e-10
-1.181671456e-10
1.749646521e-10
1.404786687e-10
1.357500871e-10
-7.55132273e-11
9.706700051e-11
7.371170227e-11
6.627993254e-11
-3.512449779e-11
4.455797837e-11
3.244859943e-11
3.082824398e-11
-1.421793169e-11
2.531782211e-11
2.677001983e-11
-1.605970948e-11
-1.118920527e-08
9.953025217e-09
-1.203784e-08
-8.375539005e-09
-1.099783499e-08
9.138845269e-09
-9.405436395e-09
-6.68328646e-09
-8.075271247e-09
6.711581118e-09
-7.237288441e-09
-4.53750038e-09
-6.859664882e-09
5.715768929e-09
-6.9846391e-09
-4.133471116e-09
-8.016243881e-09
6.425052485e-09
-1.067574273e-08
-8.200103666e-09
-1.477933954e-08
1.186142317e-08
-1.740172636e-08
-1.91903732e-08
-1.538523364e-08
1.36909547e-08
-1.151637609e-08
-1.585161801e-08
-1.393156512e-08
1.497151077e-08
-1.80876141e-08
-1.474033954e-08
-2.213602743e-08
2.389107372e-08
-2.462255937e-08
-2.362122058e-08
-2.462039649e-08
2.591336525e-08
-2.251883932e-08
-2.689014819e-08
-1.985123557e-08
2.079728524e-08
-1.827759586e-08
-2.478271535e-08
-1.87632725e-08
2.114427524e-08
-2.123285271e-08
-2.645962879e-08
-2.394212457e-08
2.98762723e-08
-2.335028339e-08
-2.955603495e-08
-1.77997518e-08
2.464255796e-08
-1.217912928e-08
-2.186530462e-08
-8.887746596e-09
1.587025846e-08
-7.318236709e-09
-1.415549454e-08
-4.76336896e-09
9.323848659e-09
-2.116195559e-09
-9.674231033e-09
-4.256481181e-10
6.113225854e-10
-9.720489886e-11
-1.853863338e-09
7.054631709e-12
4.156315361e-10
9.981139937e-11
-8.842787945e-10
6.466192644e-11
1.486813391e-10
6.150702017e-11
-1.52985437e-10
7.126652453e-11
1.420368838e-10
7.831508339e-11
-1.197647383e-10
8.352625385e-11
1.197243438e-10
9.189298906e-11
-9.22603142e-11
1.036614463e-10
1.026581903e-10
1.165207223e-10
-8.11495847e-11
1.278608419e-10
1.035774171e-10
1.165340705e-10
-6.695218069e-11
1.015468888e-10
7.671732003e-11
8.437807577e-11
-5.487177303e-11
6.227827651e-11
4.255128044e-11
4.234301424e-11
-2.234216947e-11
2.78858895e-11
1.744566691e-11
1.805507798e-11
-8.43910428e-12
1.151861112e-11
6.451388324e-12
7.747541626e-12
-2.964251937e-12
7.539604243e-12
1.010049412e-11
-5.881796005e-12
-9.295519695e-09
6.648551999e-09
-8.284613258e-09
-5.040942915e-09
-6.700480435e-09
4.774722631e-09
-5.3051362e-09
-3.40297974e-09
-4.363533302e-09
3.202613905e-09
-4.08978589e-09
-2.473528829e-09
-5.533057824e-09
3.973131315e-09
-1.181351673e-08
-5.86194083e-09
-2.460033744e-08
1.356343727e-08
-3.532007872e-08
-1.730742524e-08
-3.497243039e-08
2.169522981e-08
-2.588956365e-08
-1.558904953e-08
-1.570428241e-08
1.315528621e-08
-1.033046609e-08
-8.201743672e-09
-1.221810634e-08
1.456006421e-08
-1.663981735e-08
-1.469563564e-08
-2.069884407e-08
2.286589951e-08
-2.356679045e-08
-2.156751882e-08
-2.490447638e-08
2.682773744e-08
-2.527523954e-08
-2.513902219e-08
-2.560449168e-08
2.698119079e-08
-2.650177355e-08
-2.573578308e-08
-2.775804201e-08
2.904522513e-08
-2.829899601e-08
-2.820645695e-08
-2.691323882e-08
2.858635299e-08
-2.339550437e-08
-3.018038497e-08
-1.85320669e-08
2.262581055e-08
-1.282612965e-08
-2.933958276e-08
-7.140241147e-09
1.149675238e-08
-6.053397506e-09
-1.014368065e-08
-4.17781722e-09
8.868076079e-09
-2.883582167e-09
-8.723975843e-09
-2.473559888e-09
6.127886868e-09
-1.252307034e-09
-1.450933768e-08
-3.003592404e-10
1.963957286e-09
3.705343949e-10
-4.571497769e-09
1.066457395e-10
1.453844274e-10
6.775292115e-11
-1.137604734e-10
6.281016011e-11
8.958894235e-11
5.313388615e-11
-5.321006238e-11
4.640998423e-11
6.635259111e-11
5.008315948e-11
-3.939322848e-11
5.987786142e-11
6.031251651e-11
6.746854829e-11
-3.994471987e-11
7.152259721e-11
3.845358864e-11
6.901850728e-11
-2.748942339e-11
6.028292104e-11
4.648160517e-11
4.121131831e-11
-2.52251497e-11
2.481075636e-11
8.158063278e-12
1.620855922e-11
4.032717257e-13
1.044231672e-11
3.096561647e-12
6.377969057e-12
6.006818472e-13
3.423265526e-12
5.980266194e-13
1.74064275e-12
6.950462149e-13
1.767242938e-12
6.609580802e-13
1.313544103e-12
-6.070544602e-09
3.665237617e-09
-5.04363362e-09
-2.572003469e-09
-4.07905012e-09
2.45522934e-09
-3.427270132e-09
-1.805206371e-09
-3.457401589e-09
2.088105478e-09
-6.324185557e-09
-1.453941165e-09
-1.753199349e-08
7.078915771e-09
-3.393952047e-08
-1.658322605e-09
-3.993992599e-08
1.257258061e-08
-3.326603982e-08
-2.142998423e-09
-2.133078658e-08
7.609429651e-09
-1.128305225e-08
-1.42245239e-09
-6.585206131e-09
3.964732929e-09
-6.271836239e-09
-8.933978378e-10
-7.928549005e-09
1.382962892e-08
-1.42966189e-08
-9.832010509e-09
-1.790422629e-08
1.963478202e-08
-2.009283294e-08
-1.721345095e-08
-2.082797667e-08
2.247499831e-08
-2.083800151e-08
-1.985887376e-08
-2.103762335e-08
2.274304679e-08
-2.216872014e-08
-2.050644795e-08
-2.478637724e-08
2.636649231e-08
-2.910812619e-08
-2.584106871e-08
-3.390476999e-08
3.476607283e-08
-3.54427344e-08
-3.818116201e-08
-3.028071945e-08
3.7171946e-08
-1.988235232e-08
-3.599514945e-08
-9.283991018e-09
1.20280527e-08
-7.224743954e-09
-1.832123163e-08
-7.115621734e-09
1.10695104e-08
-8.094873889e-09
-1.606766886e-08
-1.048604145e-08
2.309158159e-08
-8.856080594e-09
-2.491998518e-08
-3.649262293e-09
8.613942569e-09
-1.249484192e-10
-9.674370969e-09
-5.372131773e-11
8.931550575e-11
-3.26577212e-11
-6.855303325e-11
-1.23584758e-11
2.551121036e-11
3.989623387e-12
-2.316135701e-11
1.719897282e-11
2.765293202e-11
3.224250916e-11
-2.420332392e-11
4.34888091e-11
2.861622994e-11
5.754409653e-11
-2.443617893e-11
7.133769721e-11
2.109519784e-11
8.593853246e-11
-1.803252101e-11
1.076119078e-10
2.512976072e-11
1.259378987e-10
-2.700825194e-11
1.585581607e-10
-1.438301767e-11
1.455122823e-10
3.014061509e-11
1.270918243e-10
-1.078439436e-11
1.100411513e-10
2.784036743e-11
9.508000875e-11
-7.065831614e-12
8.182717399e-11
1.855250918e-11
6.990642703e-11
-4.751060977e-12
1.22993699e-11
-3.562075774e-09
1.758865201e-09
-3.076837595e-09
-1.194128156e-09
-2.705383673e-09
1.357436379e-09
-2.46122427e-09
-1.036709273e-09
-2.315556949e-09
1.207776862e-09
-2.240842904e-09
-1.045648834e-09
-2.214298229e-09
1.236284124e-09
-2.225775681e-09
-1.172359218e-09
-2.341843852e-09
1.313066305e-09
-2.994893374e-09
-1.311363849e-09
-5.68885656e-09
-1.782768835e-09
-1.135322159e-08
-1.038099131e-09
-1.239030499e-08
-3.861546947e-09
-5.867404067e-09
-4.436170724e-10
-7.311054883e-09
8.016156601e-09
-1.049118888e-08
-6.09113021e-09
-1.346458212e-08
1.456059841e-08
-1.549126708e-08
-1.180302356e-08
-1.649477857e-08
1.75370968e-08
-1.698180122e-08
-1.530641255e-08
-1.768948531e-08
1.905037487e-08
-1.963691443e-08
-1.751521111e-08
-2.440874103e-08
2.537755114e-08
-3.263055982e-08
-2.239348186e-08
-3.930443553e-08
3.544793017e-08
-3.632703989e-08
-2.763629865e-08
-2.55561153e-08
2.649907687e-08
-1.67332643e-08
-1.955976983e-08
-1.537063925e-08
2.635671514e-08
-1.533620949e-08
-2.834644686e-08
-1.565406767e-08
2.016348487e-08
-1.366593524e-08
-1.997986739e-08
-1.092680055e-08
1.879786836e-08
-6.817109425e-09
-1.174796053e-08
-2.960936218e-09
7.888316174e-09
-1.335173907e-09
-5.712082566e-09
-2.172609587e-10
1.216640543e-10
-2.716163137e-11
-1.655360439e-09
-8.404259968e-12
5.741946725e-12
-2.244179177e-12
-6.341371691e-13
1.07773771e-11
3.211369584e-11
3.317372763e-11
-2.267409307e-11
5.886363159e-11
2.480018998e-11
7.527048971e-11
-1.80226996e-11
8.721519919e-11
1.670326692e-11
9.688643882e-11
1.110009024e-13
1.007887177e-10
1.690487745e-11
1.019674987e-10
2.141030035e-12
9.907209222e-11
-2.58763913e-11
1.182913139e-10
1.68984437e-11
1.350585838e-10
-3.633483507e-11
1.41889642e-10
2.885494271e-11
1.386587051e-10
-2.771047513e-11
1.276411479e-10
2.559631086e-11
1.122046501e-10
-1.853558227e-11
1.817596511e-11
-2.278404736e-09
8.345722574e-10
-2.118261079e-09
-6.459284759e-10
-2.045327751e-09
8.142294277e-10
-2.073028367e-09
-7.040211914e-10
-2.175175274e-09
9.370323283e-10
-2.296023688e-09
-8.883272267e-10
-2.368235239e-09
1.12093627e-09
-2.344998655e-09
-1.026492514e-09
-2.225347548e-09
1.19968479e-09
-2.05272979e-09
-9.857174981e-10
-1.897059319e-09
1.233753867e-09
-1.847635424e-09
-9.114565382e-10
-2.033995402e-09
1.735342427e-09
-2.656443804e-09
-1.14868242e-09
-3.959581838e-09
4.261492689e-09
-5.976630304e-09
-2.710254746e-09
-8.320221926e-09
9.087643711e-09
-1.046429819e-08
-6.554907307e-09
-1.215980558e-08
1.308279551e-08
-1.344592773e-08
-1.080560266e-08
-1.442257369e-08
1.577006078e-08
-1.515462537e-08
-1.410275003e-08
-1.577219804e-08
1.767907853e-08
-1.662881634e-08
-1.623611702e-08
-1.842788835e-08
1.949337702e-08
-2.191920582e-08
-1.836471866e-08
-2.615150715e-08
2.039433566e-08
-2.648427409e-08
-2.088137795e-08
-2.132868211e-08
2.321707139e-08
-1.970494701e-08
-2.294540701e-08
-1.536305943e-08
1.76515124e-08
-1.013287027e-08
-1.676799064e-08
-5.847019784e-09
8.20511963e-09
-3.125112833e-09
-7.937184983e-09
-1.651297151e-09
4.036314441e-09
-8.726834048e-10
-3.973519391e-09
2.827975627e-10
8.090030105e-09
-3.698741797e-10
-1.199699579e-08
-7.036309328e-11
-1.382388692e-12
-5.782721542e-11
2.214307023e-12
-1.145112185e-11
9.474074396e-12
3.960325397e-12
-2.468058905e-11
2.941821334e-11
-2.200683522e-11
5.545736358e-11
2.0661582e-11
8.8859926e-11
-2.698025928e-11
1.139334303e-10
4.385150887e-11
1.204521551e-10
-2.685491601e-11
1.076529747e-10
3.535469873e-11
8.155461321e-11
-1.597379019e-11
6.704001327e-11
1.651592691e-11
7.078631287e-11
-1.661858506e-11
8.515383247e-11
1.519952307e-11
1.043845808e-10
-1.650316026e-11
1.290126366e-10
2.262469661e-11
1.616415346e-10
-1.838237125e-11
3.409319956e-11
-2.496727144e-09
6.156602921e-10
-2.696275948e-09
-7.743268879e-10
-2.839928152e-09
7.481655428e-10
-2.896917696e-09
-9.097137496e-10
-2.805283622e-09
8.77006321e-10
-2.556547466e-09
-7.892565831e-10
-2.208652333e-09
8.3604015e-10
-1.8418795e-09
-5.734156545e-10
-1.517624863e-09
6.904876477e-10
-1.267215428e-09
-4.19268e-10
-1.100680231e-09
6.009829772e-10
-1.021244785e-09
-3.695338247e-10
-1.04091913e-09
7.149989973e-10
-1.20293087e-09
-4.449882018e-10
-1.615776732e-09
1.564638604e-09
-2.455000258e-09
-8.531174353e-10
-3.824848381e-09
4.359804891e-09
-5.584661188e-09
-2.639281042e-09
-7.449635094e-09
8.495229599e-09
-9.187585915e-09
-6.299684951e-09
-1.064745753e-08
1.210883888e-08
-1.177715171e-08
-9.900592111e-09
-1.271035403e-08
1.452832374e-08
-1.369561175e-08
-1.258291947e-08
-1.495463497e-08
1.721248445e-08
-1.656578869e-08
-1.592207194e-08
-1.839113503e-08
2.101148397e-08
-1.999363305e-08
-2.058168659e-08
-2.065816949e-08
2.298843715e-08
-1.981481858e-08
-2.376694432e-08
-1.729393229e-08
1.850670835e-08
-1.370529204e-08
-2.209555913e-08
-9.907474546e-09
1.056635121e-08
-6.54099192e-09
-1.58038107e-08
-4.046547753e-09
5.718725231e-09
-2.774710998e-09
-8.944110128e-09
-1.927776214e-09
9.107828567e-09
-1.170457502e-09
-5.538619889e-09
-5.274906803e-10
3.27959569e-10
-1.405705253e-10
-7.073649688e-10
-3.636104621e-11
4.080372048e-11
-9.398129839e-12
-6.753136131e-11
1.069116418e-12
-1.739844785e-11
1.381406144e-11
8.31598029e-12
3.996186711e-11
-3.499249494e-11
5.160306649e-11
-2.89984137e-13
5.468080003e-11
2.735555982e-12
3.731355598e-11
-9.214637182e-13
3.121432385e-11
3.895370122e-12
5.054034436e-11
-3.237300208e-13
1.163245495e-10
-2.942662258e-12
2.100712415e-10
-4.77627601e-15
2.114715173e-10
-2.290511449e-11
1.356476194e-10
3.99458411e-11
7.876877403e-11
-3.152119075e-11
2.329770695e-11
-7.741826574e-09
1.102923706e-09
-6.622701836e-09
-5.069453982e-09
9.351018489e-10
-3.608492632e-09
-7.454134553e-10
-2.479764863e-09
5.715239209e-10
-1.703922934e-09
-3.581756385e-10
-1.204418655e-09
3.434297864e-10
-8.944741556e-10
-2.014646018e-10
-7.097484362e-10
2.445140881e-10
-6.089972431e-10
-1.518435807e-10
-5.662771526e-10
2.331550853e-10
-5.651320936e-10
-1.581055513e-10
-5.96298096e-10
2.954237381e-10
-6.580656299e-10
-2.074581021e-10
-7.622355855e-10
4.880762314e-10
-9.578370977e-10
-3.166685048e-10
-1.38259751e-09
1.454822797e-09
-2.243284474e-09
-7.579027327e-10
-3.524951557e-09
4.396107528e-09
-4.955100174e-09
-2.893881003e-09
-6.366472736e-09
7.69185347e-09
-7.654221217e-09
-5.689426514e-09
-8.921499602e-09
1.051523394e-08
-1.039760466e-08
-8.467525708e-09
-1.227136233e-08
1.439567201e-08
-1.455548189e-08
-1.260786394e-08
-1.705111595e-08
1.995472035e-08
-1.942176288e-08
-1.884740106e-08
-2.132133812e-08
2.458365149e-08
-2.248478617e-08
-2.471576721e-08
-2.273622932e-08
2.537799705e-08
-2.190839194e-08
-2.698168392e-08
-1.979613044e-08
2.109549413e-08
-1.634248035e-08
-2.396355174e-08
-1.20620317e-08
1.275408194e-08
-8.114509983e-09
-1.629925575e-08
-5.292410424e-09
5.520566377e-09
-3.099154245e-09
-7.947644209e-09
-1.472485511e-09
1.299375059e-09
-5.413874982e-10
-2.271078159e-09
-1.440351285e-10
1.251847565e-10
-2.875264619e-11
-2.45756281e-10
-1.905787746e-12
-3.479814094e-12
3.672269147e-12
-2.326806366e-12
2.652517943e-12
-6.726725466e-13
1.977032961e-12
1.112258278e-12
2.048853676e-12
-6.407419957e-14
1.467966192e-12
5.363638357e-13
1.105534652e-12
-1.408692256e-13
8.86543757e-13
2.942856964e-13
1.611732838e-12
-8.701208068e-12
9.83888316e-12
3.178333414e-12
3.524166182e-11
-3.295482091e-11
5.469216631e-11
1.646893109e-11
6.200757331e-11
-2.028122551e-11
-3.517536495e-09
5.252352168e-10
-2.085537721e-09
-2.792742245e-10
-1.291846518e-09
2.227716484e-10
-8.622501416e-10
-1.309918247e-10
-6.302617427e-10
1.28205039e-10
-5.058017833e-10
-8.992080329e-11
-4.40402216e-10
1.065444511e-10
-4.076069239e-10
-8.675187447e-11
-3.938946354e-10
1.144403913e-10
-3.94315769e-10
-9.310727716e-11
-4.099513561e-10
1.448319831e-10
-4.448378681e-10
-1.005822289e-10
-5.015489893e-10
2.162955241e-10
-5.814153852e-10
-1.368635389e-10
-6.956356355e-10
4.027642978e-10
-9.124049892e-10
-2.277591117e-10
-1.417425268e-09
1.798562271e-09
-2.187590003e-09
-1.053821791e-09
-3.135436625e-09
4.014071457e-09
-4.182309597e-09
-2.692758283e-09
-5.355095864e-09
6.548361183e-09
-6.823053967e-09
-4.833063195e-09
-8.779486288e-09
1.059163878e-08
-1.130070077e-08
-8.485048415e-09
-1.426465507e-08
1.707976815e-08
-1.737543147e-08
-1.481526246e-08
-2.025750023e-08
2.389770278e-08
-2.254626166e-08
-2.229759453e-08
-2.393905765e-08
2.77054245e-08
-2.421800211e-08
-2.780554137e-08
-2.327511206e-08
2.635428325e-08
-2.114575864e-08
-2.863680107e-08
-1.803720395e-08
1.989199733e-08
-1.431335486e-08
-2.367582244e-08
-1.041992111e-08
1.100226322e-08
-6.812315547e-09
-1.46389033e-08
-3.873740965e-09
3.737224715e-09
-1.815634337e-09
-5.815697774e-09
-6.334872262e-10
5.016946277e-10
-1.408551975e-10
-1.010051747e-09
-1.736852479e-11
1.755731516e-11
4.642696046e-12
-4.019251961e-11
4.31050528e-12
-1.620870945e-12
3.825445736e-12
2.002116065e-12
3.550457366e-12
-9.325482211e-13
3.142975471e-12
1.293421975e-12
2.728834713e-12
-5.51970191e-13
2.357537113e-12
8.896058292e-13
2.152239232e-12
-1.433846671e-12
2.913038538e-12
1.039913667e-12
6.171015204e-12
-7.920945472e-12
4.178955363e-12
-9.788293226e-10
1.0508052e-10
-6.944861425e-10
-7.081173397e-12
-5.514472398e-10
6.497475418e-11
-4.906583561e-10
-6.615727983e-12
-4.765692218e-10
6.288549287e-11
-4.850223812e-10
-1.614118228e-11
-5.028672023e-10
7.693848851e-11
-5.212794946e-10
-3.749355433e-11
-5.254629427e-10
9.721371335e-11
-4.809475951e-10
-1.209357049e-10
-3.789506683e-10
8.610591572e-11
-2.944806528e-10
-1.393166243e-10
-2.887320456e-10
7.407993031e-11
-3.312594281e-10
-2.638998696e-11
-3.991996324e-10
1.218385217e-10
-4.923267538e-10
-3.010316776e-11
-5.854683598e-10
6.021925358e-10
-8.164160745e-10
-3.801951977e-10
-1.258652983e-09
1.699675481e-09
-1.861898001e-09
-1.005390669e-09
-2.628893544e-09
3.374516412e-09
-3.660380001e-09
-2.211676224e-09
-5.1366779e-09
6.439635412e-09
-7.211887923e-09
-4.601566178e-09
-9.90979665e-09
1.223254279e-08
-1.309504404e-08
-9.562722667e-09
-1.651552916e-08
1.992065746e-08
-1.985637021e-08
-1.696788511e-08
-2.277748836e-08
2.684604092e-08
-2.493414684e-08
-2.485327034e-08
-2.601021493e-08
3.001769594e-08
-2.576641514e-08
-3.028865182e-08
-2.410487248e-08
2.720856956e-08
-2.11232774e-08
-3.016732042e-08
-1.71435804e-08
1.876699036e-08
-1.267947021e-08
-2.320407281e-08
-8.344891908e-09
8.620137371e-09
-4.710541858e-09
-1.224003863e-08
-2.141997519e-09
1.909053228e-09
-6.927199181e-10
-3.35813072e-09
-1.259752794e-10
8.636946474e-11
-1.433666051e-11
-2.001979517e-10
-4.954133741e-13
-2.220607469e-12
1.572600455e-12
1.462638094e-13
2.973229211e-12
-1.360807795e-12
4.776244215e-12
-1.115331073e-15
4.722876321e-12
-1.210565142e-12
4.758293302e-12
1.806865173e-12
4.948473671e-12
-1.155672117e-12
5.659133228e-12
2.073252302e-12
7.799691237e-12
-2.861315055e-12
4.637498644e-12
-6.86215958e-13
1.343624497e-13
-1.449620437e-12
-2.831448038e-12
6.057692416e-13
-4.576141932e-12
1.094291897e-12
-6.665047731e-12
2.221113752e-12
-9.476404798e-12
4.990901902e-13
-1.398389872e-11
4.671856761e-12
-2.004141051e-11
1.092987461e-12
-2.906807715e-11
1.060036058e-11
-4.03039667e-11
-6.319526228e-12
-7.482573682e-11
1.720402066e-11
-1.656059569e-10
-1.564240617e-11
-2.955749823e-10
-6.929937743e-12
-3.057455419e-10
-2.381464161e-11
-1.989446299e-10
-1.180703697e-11
-1.298620481e-10
-3.310360599e-11
-1.682718118e-10
2.046182619e-10
-2.652656702e-10
-1.018390972e-10
-4.155873818e-10
5.64748801e-10
-6.447084635e-10
-3.055280589e-10
-9.883212497e-10
1.354360799e-09
-1.510277024e-09
-7.791798264e-10
-2.328730195e-09
3.082860896e-09
-3.597705301e-09
-1.945176064e-09
-5.444633104e-09
7.034606031e-09
-7.927994899e-09
-4.845032821e-09
-1.100498416e-08
1.369771409e-08
-1.451077878e-08
-1.039618435e-08
-1.822001086e-08
2.196095052e-08
-2.182603063e-08
-1.840697948e-08
-2.494276541e-08
2.931821849e-08
-2.713497663e-08
-2.709092534e-08
-2.798009239e-08
3.219371653e-08
-2.716555005e-08
-3.294704419e-08
-2.459722904e-08
2.765318863e-08
-2.049497667e-08
-3.169375467e-08
-1.541314753e-08
1.669899287e-08
-1.016217601e-08
-2.190178174e-08
-5.606181326e-09
5.565359802e-09
-2.380988777e-09
-8.76725048e-09
-6.497188052e-10
4.706189651e-10
-7.159017138e-11
-1.047422225e-09
-7.905960016e-15
-1.046190643e-14
8.978029048e-16
1.589978391e-15
9.960048883e-15
-8.88044146e-15
1.144437227e-14
7.456564758e-15
3.871394225e-13
-1.398769014e-12
9.547626899e-13
1.424998521e-12
2.645958696e-12
-3.791219423e-12
8.30855348e-12
5.225898977e-12
2.175867836e-11
-1.169385405e-11
-6.789826209e-12
-1.790793711e-12
-8.064774496e-12
-9.72316651e-12
-2.739619896e-12
-1.152101253e-11
4.729448495e-12
-1.342664904e-11
-5.098055614e-12
-1.53848856e-11
7.475533239e-12
-1.183303643e-11
3.710830479e-12
-1.049550079e-11
-2.67434439e-12
-1.117624991e-11
8.159677227e-12
-1.465192781e-11
-3.104269143e-12
-2.122761679e-11
1.622811392e-11
-3.051931197e-11
-7.684027665e-12
-4.200708105e-11
2.909439556e-11
-5.62606368e-11
-1.964154197e-11
-7.39501942e-11
5.531040931e-11
-9.747517222e-11
-3.5595634e-11
-1.346117118e-10
1.549336413e-10
-2.019936179e-10
-7.748971977e-11
-3.168848262e-10
4.356382052e-10
-5.07310815e-10
-2.506448273e-10
-8.522932181e-10
1.194826983e-09
-1.413936645e-09
-7.871798684e-10
-2.248978127e-09
3.132790046e-09
-3.566806399e-09
-1.954585861e-09
-5.605338655e-09
7.339124647e-09
-8.301558055e-09
-4.752597467e-09
-1.164729946e-08
1.451110311e-08
-1.553427234e-08
-1.063585114e-08
-1.973765978e-08
2.373817673e-08
-2.38819569e-08
-1.95476257e-08
-2.744165577e-08
3.216540062e-08
-2.979428611e-08
-2.973939325e-08
-3.032990591e-08
3.480342853e-08
-2.862375798e-08
-3.641343024e-08
-2.463703933e-08
2.758012735e-08
-1.887320906e-08
-3.324158047e-08
-1.238131363e-08
1.319216513e-08
-6.509168721e-09
-1.899591189e-08
-2.402803254e-09
2.156693368e-09
-4.338432665e-10
-4.107145805e-09
-6.579904179e-16
-8.367518924e-17
-2.263030681e-16
4.220812301e-17
1.29528426e-15
-5.920446167e-15
2.827844526e-15
4.493270545e-15
1.972116054e-13
-1.283889362e-12
7.27763271e-13
1.143563291e-12
2.505138821e-12
-7.151151456e-12
-1.331010738e-11
-6.462387088e-12
-1.392986848e-11
7.638684723e-12
-1.425649952e-11
-9.896308073e-12
-1.331873836e-11
9.862849498e-12
-1.087438836e-11
1.79502097e-12
-7.869076636e-12
-8.900102596e-13
-5.663853851e-12
1.469794862e-12
-4.647499915e-12
-7.715560641e-13
-4.581249717e-12
2.187634376e-12
-5.673846967e-12
-8.044724327e-13
-9.029533165e-12
8.036528387e-12
-1.650833938e-11
-3.009013084e-12
-2.881549109e-11
2.409539664e-11
-4.490827962e-11
-1.72876063e-11
-6.432716459e-11
5.286779232e-11
-8.762912011e-11
-6.431482388e-11
-1.268742709e-10
1.556045249e-10
-2.342218153e-10
-1.246361423e-10
-4.776503972e-10
6.273330303e-10
-7.559865225e-10
-5.259633955e-10
-8.641929712e-10
1.252831688e-09
-1.072473103e-09
-8.136724914e-10
-1.936393458e-09
2.780189058e-09
-3.325590704e-09
-1.462702756e-09
-5.408403049e-09
7.130608119e-09
-8.276072327e-09
-4.270462271e-09
-1.198776317e-08
1.494097756e-08
-1.6478565e-08
-1.041581162e-08
-2.149294418e-08
2.578561466e-08
-2.65257324e-08
-2.068144324e-08
-3.081308438e-08
3.601375046e-08
-3.339470798e-08
-3.330340137e-08
-3.331289899e-08
3.814384377e-08
-2.994956974e-08
-4.132816874e-08
-2.347492072e-08
2.615801901e-08
-1.515130592e-08
-3.432991318e-08
-7.19860186e-09
7.381380962e-09
-1.883785141e-09
-1.264388446e-08
-1.91803549e-15
1.270917936e-16
-2.386373108e-16
-1.001335727e-15
8.73709773e-16
-4.238868317e-15
4.665240914e-15
7.863145365e-15
1.38734668e-13
-6.125286895e-11
3.253236636e-11
-1.626118868e-11
-8.984668059e-12
-1.633125033e-11
-1.509964465e-11
-8.927370329e-12
-1.266120592e-11
8.300371714e-12
-1.077432607e-11
-7.338594787e-14
-7.437160551e-12
1.115118041e-12
-4.952151131e-12
7.707747888e-14
-3.503993727e-12
5.247133317e-13
-2.845778475e-12
1.309464345e-13
-2.75335813e-12
2.868412345e-13
-3.343747016e-12
4.662888942e-13
-5.586174259e-12
2.91481987e-13
-1.469621774e-11
9.078859541e-12
-5.753770322e-11
9.912298467e-14
-1.850622279e-10
1.233682859e-10
-2.958324492e-10
-1.516400141e-10
-2.038917532e-10
1.10529173e-10
-1.701233276e-10
2.141485995e-12
-2.376134724e-10
2.292992197e-10
-3.144044189e-10
7.601761464e-11
-2.877763417e-10
3.562820758e-10
-2.926822822e-10
5.693779856e-11
-3.734449765e-10
7.28699344e-10
-7.850946186e-10
-3.756171709e-10
-1.513761238e-09
2.204869395e-09
-2.795987173e-09
-9.345379134e-10
-4.841416084e-09
6.452323411e-09
-7.87114525e-09
-3.406976413e-09
-1.20528442e-08
1.50452084e-08
-1.740709082e-08
-9.638024463e-09
-2.368298223e-08
2.83417946e-08
-3.021804096e-08
-2.167721084e-08
-3.580808029e-08
4.17517395e-08
-3.876155239e-08
-3.857097231e-08
-3.724935827e-08
4.26255248e-08
-3.023195495e-08
-4.940388209e-08
-1.873308934e-08
2.074555639e-08
-6.781320181e-09
-3.259347335e-08
-3.374614137e-14
3.7519045e-15
-8.38431162e-16
-2.975931832e-14
1.398552625e-15
-2.95107612e-14
6.816755397e-14
1.2140629e-13
6.659959649e-13
-1.050730119e-11
-1.40000235e-11
-8.06126021e-12
-7.567313269e-12
-4.85473798e-12
-2.369152272e-12
-3.396070797e-12
-3.483202949e-12
-9.837013942e-13
-1.883308289e-12
9.489484447e-13
-1.03031401e-12
-5.403003251e-13
-6.921663181e-13
4.005678776e-13
-7.894227023e-13
-8.290632359e-13
-1.717888375e-12
9.277773355e-13
-7.1041438e-12
-6.88925909e-12
-3.690543951e-11
6.351516941e-12
-1.70838093e-10
1.550719934e-11
-6.615619457e-10
9.115738423e-11
-1.493492745e-09
-7.057809458e-10
-2.182874578e-09
1.418916841e-09
-2.410233911e-09
-1.210660968e-09
-1.98039479e-09
3.120173682e-09
-1.049798142e-09
-8.63173788e-10
-7.998484012e-11
1.947269984e-09
-9.101169283e-11
1.210018481e-10
-1.709302145e-10
-4.521050526e-11
-2.771356699e-10
3.298308009e-10
-4.843078604e-10
-1.292556378e-10
-9.600494523e-10
1.425644281e-09
-1.965264935e-09
-4.203277109e-10
-3.798634758e-09
5.178756648e-09
-6.826381769e-09
-2.128188256e-09
-1.144092643e-08
1.436000024e-08
-1.798910908e-08
-7.732393353e-09
-2.647198523e-08
3.159804368e-08
-3.613495982e-08
-2.17648601e-08
-4.487545655e-08
5.219987897e-08
-4.872271031e-08
-4.812715643e-08
-4.244790733e-08
4.867395029e-08
-2.328521105e-08
-6.766735195e-08
-1.314958949e-11
5.312922956e-13
-9.066057672e-12
-1.923259594e-13
-3.991917245e-13
-3.753924584e-13
-5.92054142e-13
-3.176334411e-13
-3.691124063e-13
-5.424058133e-13
-4.405949055e-13
6.091397734e-13
-4.607587658e-13
-1.051847156e-12
-4.269064108e-13
8.375103129e-13
-8.095101778e-13
-3.441345862e-12
-4.895585443e-12
1.757033922e-12
-2.288461084e-11
-5.561173611e-11
-1.1391151e-10
3.355369236e-11
-6.072255e-10
-1.786699329e-09
-1.829878539e-09
1.054374959e-09
-3.126852131e-09
-4.867106673e-09
-3.240456498e-09
5.652334923e-09
-1.794304046e-09
-3.123536189e-09
-3.380620476e-12
3.953558549e-09
-2.362293858e-12
8.012314394e-12
-1.24703744e-11
2.897298664e-12
-3.443212648e-11
4.533627089e-11
-7.920633253e-11
-6.875694465e-13
-1.484105983e-10
1.09377036e-10
-2.423758218e-10
-1.512289617e-11
-4.138548482e-10
5.326712675e-10
-8.707867394e-10
-7.719068063e-11
-2.036445559e-09
2.978754175e-09
-4.420296305e-09
-5.75601889e-10
-8.896715108e-09
1.134589316e-08
-1.680063156e-08
-3.394837654e-09
-2.97799166e-08
3.535539801e-08
-4.894667279e-08
-1.60909706e-08
-7.14708667e-08
8.292401684e-08
-3.464129433e-13
-6.241236893e-13
-3.506960229e-13
-3.43738355e-13
-7.174378399e-13
-3.65643922e-13
-2.606129272e-13
-8.420357358e-13
-3.987997859e-13
-1.170978719e-12
-7.977116046e-12
-3.220425055e-12
1.929213901e-12
-4.334342444e-12
-3.463420376e-10
-2.201305896e-10
7.971718296e-11
-8.907144285e-10
-4.975937278e-09
-1.547808964e-09
3.542417759e-09
-1.237917364e-09
-4.050835051e-09
-2.742344527e-12
3.452707082e-09
1.346056885e-12
-4.003257215e-12
-2.917015703e-14
6.338058395e-12
-1.397227049e-13
-2.760342871e-13
-2.059845627e-13
3.172061111e-13
-1.514484887e-19
2.31107612e-19
-5.214278636e-19
1.116076412e-19
-1.477280456e-18
1.211282189e-18
-3.707380991e-18
8.229622448e-19
-9.69570125e-18
1.195293658e-17
-2.813049761e-17
-1.265315506e-16
1.272097862e-14
-6.944923621e-15
-2.745153245e-13
6.728384848e-12
-1.616140985e-13
-5.585587175e-13
-2.8539326e-13
-6.432949877e-13
-1.824565891e-11
-1.687852858e-11
-9.335597777e-11
-2.164140508e-09
-1.505776017e-10
-1.652273809e-10
-2.374623033e-09
-3.130826788e-12
-2.331671595e-13
-5.615921218e-12
5.031245222e-13
1.406984484e-13
-4.768301348e-13
-8.915869668e-16
-1.5407474e-15
-2.30720554e-15
-1.724166318e-14
-1.881977434e-14
-2.326808741e-15
)
;

boundaryField
{
    dominio_ascii
    {
        type            calculated;
        value           nonuniform List<scalar> 
168
(
5.796601099e-10
2.968984473e-09
1.353124337e-08
1.193471869e-10
3.020694972e-10
6.363720379e-09
2.488266748e-09
2.818851734e-10
7.584637693e-09
1.717220419e-10
7.057782724e-09
4.231355816e-10
4.778307606e-10
1.255281071e-09
1.622774238e-08
2.454863125e-08
5.759355872e-10
1.56284146e-08
7.295646408e-09
6.265512334e-11
2.993355259e-11
2.699115697e-09
3.4899775e-09
3.523683006e-09
2.725735422e-09
2.452815489e-09
2.06025806e-11
7.915172592e-11
7.468210846e-09
4.67757257e-11
2.43488468e-12
1.872278361e-08
2.028277416e-11
3.239399187e-11
1.244748958e-11
-3.075417714e-07
1.040626482e-12
7.918091749e-15
1.775991893e-13
1.694375632e-13
1.933892194e-13
4.316327889e-14
6.061533913e-09
4.628542403e-09
3.58354249e-09
1.624134795e-09
1.367259841e-09
9.680789189e-10
8.008752085e-09
1.351016326e-08
1.918131624e-10
2.011195638e-10
2.56875782e-10
3.66135008e-10
7.432778589e-10
7.808212281e-09
4.069948978e-09
2.952051251e-09
3.859159632e-10
3.587090252e-10
1.636339181e-10
2.886076157e-10
9.293095234e-09
3.953921528e-09
3.336913323e-10
3.76993549e-10
2.132229828e-08
1.591963596e-08
2.214065934e-10
4.444571776e-10
2.891136161e-08
2.609097808e-08
6.793817582e-10
2.928470198e-08
2.984486304e-08
1.511115953e-09
2.738914091e-08
7.688500282e-10
1.100130401e-09
1.316243138e-08
4.143305083e-10
8.244424455e-10
1.052754586e-08
2.061255916e-08
2.763051966e-10
8.342206964e-09
1.743071998e-10
3.688156986e-10
8.773305672e-09
1.255054615e-10
1.468592131e-10
4.340635467e-09
4.803503538e-09
4.512950904e-11
3.737167427e-09
3.648570278e-09
3.789705795e-11
3.219743917e-09
6.182444246e-12
1.624694085e-11
3.60337833e-09
4.230174007e-11
2.176198885e-11
3.247794985e-09
7.920529898e-11
6.198944082e-11
2.003512823e-09
2.729902315e-10
1.487499879e-10
1.412014704e-09
4.59226928e-11
2.885648378e-10
5.657407759e-09
2.244676104e-09
6.2728599e-11
1.805298134e-08
1.003682106e-08
2.541086203e-11
3.608341457e-09
4.939850027e-11
2.196871562e-11
2.277091712e-11
3.368825876e-11
1.058884837e-10
6.573401406e-12
6.968271335e-11
4.43638444e-11
1.176623239e-11
9.815780582e-12
1.929145339e-08
2.367763954e-11
7.836161013e-09
2.145854267e-08
3.603713116e-11
8.644825734e-12
1.675852429e-11
8.800886211e-12
3.439131251e-12
-2.281671262e-10
-7.965643816e-10
5.938486205e-13
3.607040775e-12
1.544450707e-12
5.88975225e-13
2.149206178e-11
3.652489365e-11
5.501669143e-13
9.835424961e-13
5.778813961e-13
2.337010956e-13
2.697039323e-14
3.260985017e-14
1.973564807e-14
1.139571929e-12
3.478737922e-13
2.184650754e-13
3.083421777e-12
2.047286136e-11
1.799081383e-10
2.561782632e-10
1.358623884e-10
1.819500073e-11
4.337408855e-12
2.276531805e-12
8.697995119e-13
4.442938307e-13
1.46758065e-14
3.264128721e-14
)
;
    }
    wallFilmFaces_top
    {
        type            calculated;
        value           uniform 0;
    }
    region0_to_wallFilmRegion_wallFilmFaces
    {
        type            calculated;
        value           uniform 0;
    }
}


// ************************************************************************* //
