/*--------------------------------*- C++ -*----------------------------------*\
| =========                 |                                                 |
| \\      /  F ield         | OpenFOAM: The Open Source CFD Toolbox           |
|  \\    /   O peration     | Version:  2.1.x                                 |
|   \\  /    A nd           | Web:      www.OpenFOAM.org                      |
|    \\/     M anipulation  |                                                 |
\*---------------------------------------------------------------------------*/
FoamFile
{
    version     2.0;
    format      ascii;
    class       volVectorField;
    location    "1.1";
    object      Uf;
}
// * * * * * * * * * * * * * * * * * * * * * * * * * * * * * * * * * * * * * //

dimensions      [0 1 -1 0 0 0 0];

internalField   nonuniform List<vector> 
2828
(
(-0.6718863586 0 -0.3192362814)
(-1.191275038 0 -0.3803767913)
(-1.850243244 0 -0.3540072479)
(-0.3372606425 0 -0.04647582992)
(-0.424888241 0 0.02138986409)
(-0.8939773236 0 -0.4711888876)
(-0.8182898547 0 -0.3598386406)
(-0.7898196494 0 -0.2951852636)
(-0.636183012 0 -0.282063004)
(-0.6372371714 0 -0.2996264489)
(-1.57629929 0 -0.4619121991)
(-2.223230956 0 -0.4148565939)
(-0.4078211139 0 -0.04665261585)
(-0.3879296545 0 0.0106348279)
(-0.6473298449 0 0.09190355411)
(-0.4853801638 0 0.07399536006)
(-0.3190059052 0 0.0782477927)
(-1.139411935 0 -0.7215940632)
(-1.06362675 0 -0.5738680013)
(-0.8781041796 0 -0.4622541453)
(-0.7520414427 0 -0.3972892301)
(-0.7138416593 0 -0.3166504088)
(-0.6439470859 0 -0.2746575158)
(-0.6808043214 0 -0.2836785399)
(-1.605355214 0 -0.4759309577)
(-2.178890192 0 -0.4185420227)
(-0.5858288619 0 -0.03265930304)
(-0.3978348171 0 0.0272123547)
(-0.7037581819 0 0.1061740779)
(-0.4758900751 0 0.07317474959)
(-0.3536978726 0 0.08833028928)
(-0.2933437515 0 0.1171511195)
(-0.2599541909 0 0.140663979)
(-1.099640728 0 -0.8933278953)
(-1.027905963 0 -0.7475614719)
(-0.968652159 0 -0.5893797589)
(-0.8733467543 0 -0.4856308359)
(-0.7179801929 0 -0.4332848128)
(-0.6549289789 0 -0.3326589544)
(-0.625620551 0 -0.2646669651)
(-0.6635588088 0 -0.2492976111)
(-1.373073812 0 -0.43690877)
(-1.918456434 0 -0.3998505154)
(-1.056310246 0 0.1534747906)
(-0.4106821751 0 0.05252034891)
(-0.7673884724 0 0.1214767817)
(-0.4949697137 0 0.07451062351)
(-0.5046562507 0 0.116680732)
(-0.3617005482 0 0.1404848658)
(-0.2570796855 0 0.1537072784)
(-0.2419607044 0 0.1693805068)
(-0.2352331667 0 0.178156687)
(-1.051249076 0 -0.930444084)
(-1.061080837 0 -0.9153747192)
(-1.058165159 0 -0.8620974027)
(-1.022909422 0 -0.7590303503)
(-0.9295496412 0 -0.6355469124)
(-0.7725824149 0 -0.5327666406)
(-0.6534490097 0 -0.3922341537)
(-0.603860914 0 -0.2842464163)
(-0.5999231354 0 -0.2229716122)
(-0.9466222757 0 -0.3372820276)
(-1.636033508 0 -0.4039674912)
(-1.237137825 0 0.250286874)
(-0.451950805 0 0.06827099053)
(-0.859778386 0 0.1419708316)
(-0.5511081028 0 0.08555201547)
(-0.5977744284 0 0.1311598796)
(-0.5197622344 0 0.1657575684)
(-0.2876490711 0 0.1592165325)
(-0.243314732 0 0.1761592231)
(-0.2330724713 0 0.1837126852)
(-0.2132627415 0 0.1776225197)
(-1.010443061 0 -0.9065905606)
(-1.075647 0 -0.9570293142)
(-1.142684942 0 -0.9976107566)
(-1.174708846 0 -0.99049119)
(-1.150021276 0 -0.9233095481)
(-1.06130824 0 -0.8130205996)
(-0.923097137 0 -0.6827504007)
(-0.7681517386 0 -0.5292964048)
(-0.6411472874 0 -0.3730853904)
(-0.5754505098 0 -0.2559374672)
(-0.5291245513 0 -0.2014363808)
(-0.546356844 0 -0.2290970706)
(-1.164613361 0 -0.1957856031)
(-0.5384032695 0 0.02150264488)
(-1.043859555 0 0.1812940078)
(-0.6465266709 0 0.1043636037)
(-0.6275293209 0 0.1435557416)
(-0.5760900262 0 0.1733490478)
(-0.3937533224 0 0.1791815612)
(-0.2459412895 0 0.1757012601)
(-0.2251315267 0 0.1840120879)
(-0.2078403738 0 0.170233837)
(-0.2837718445 0 0.1850120712)
(-0.9561759815 0 -0.876806339)
(-1.036769737 0 -0.9442086587)
(-1.142996639 0 -1.033622148)
(-1.233677529 0 -1.097607814)
(-1.278139684 0 -1.103018309)
(-1.264313278 0 -1.0445552)
(-1.195920608 0 -0.9422780511)
(-1.082036833 0 -0.8164775538)
(-0.930603958 0 -0.6704372562)
(-0.7562168392 0 -0.5038262064)
(-0.604813038 0 -0.3432475826)
(-0.5159834392 0 -0.2489244259)
(-0.4346469419 0 -0.2209983855)
(-1.039239651 0 -0.2409978201)
(-0.6553787834 0 0.01990014528)
(-1.35923521 0 0.2565427023)
(-0.8051624554 0 0.1374436113)
(-0.683331819 0 0.1662060883)
(-0.5771643709 0 0.1836318506)
(-0.4630558228 0 0.2042712108)
(-0.3154641411 0 0.2031224597)
(-0.2286362399 0 0.1885557602)
(-0.2580285678 0 0.1735289117)
(-0.3434271187 0 0.2012095172)
(-0.8668047844 0 -0.8158976526)
(-0.9443922852 0 -0.8824272034)
(-1.066074926 0 -0.9946122523)
(-1.197620945 0 -1.114139941)
(-1.296385528 0 -1.189033555)
(-1.340485551 0 -1.193246491)
(-1.328192971 0 -1.131086022)
(-1.277042468 0 -1.031272485)
(-1.189876473 0 -0.9098433943)
(-1.062563246 0 -0.7720011331)
(-0.9007553786 0 -0.624239016)
(-0.7090505075 0 -0.4691079898)
(-0.5267815431 0 -0.3211940645)
(-0.4492121895 0 -0.2744122092)
(-1.460543127 0 -1.037914222)
(-0.5690429978 0 0.1121864058)
(-1.042636168 0 -0.1219645589)
(-0.995059504 0 0.1843967666)
(-0.7659179706 0 0.1996935687)
(-0.5884220886 0 0.2050612438)
(-0.4832821701 0 0.230523963)
(-0.3943362127 0 0.2568873709)
(-0.3266291795 0 0.2642860827)
(-0.3293505761 0 0.2516264849)
(-0.3732347702 0 0.2290907066)
(-0.402771327 0 0.2376085508)
(-0.8212393554 0 -0.7852603013)
(-0.9395268913 0 -0.9004387854)
(-1.090673624 0 -1.051395504)
(-1.231462219 0 -1.189532708)
(-1.325241782 0 -1.262467179)
(-1.353835571 0 -1.249841568)
(-1.328891188 0 -1.177322667)
(-1.283834107 0 -1.078107478)
(-1.222179113 0 -0.9571085333)
(-1.150804836 0 -0.8380713347)
(-1.075427292 0 -0.7317152396)
(-0.9125501522 0 -0.5992742385)
(-0.6774867745 0 -0.4971011621)
(-1.886104125 0 -1.992997735)
(-3.405455633 0 -2.930244994)
(-0.5449642397 0 -0.1963435258)
(-1.374586772 0 -0.2150901673)
(-1.184380478 0 0.2385272262)
(-0.8589904882 0 0.241529917)
(-0.6262973078 0 0.2410662252)
(-0.484579874 0 0.2585716432)
(-0.4137626621 0 0.2955194503)
(-0.3727045158 0 0.327799882)
(-0.3658248636 0 0.3357973266)
(-0.3800762092 0 0.2937973784)
(-0.4085231486 0 0.2557623623)
(-0.3929722353 0 0.2698901482)
(-0.6805405918 0 -0.6670930264)
(-0.792322638 0 -0.7791202905)
(-0.9441746611 0 -0.9409474995)
(-1.109812431 0 -1.12332237)
(-1.244603897 0 -1.268643717)
(-1.319913846 0 -1.319699123)
(-1.321846935 0 -1.267493901)
(-1.275690164 0 -1.177030033)
(-1.229246711 0 -1.087054033)
(-1.221156643 0 -0.9990712141)
(-1.290053728 0 -0.9500723058)
(-1.351790449 0 -0.8745211248)
(-1.210844649 0 -0.7139480835)
(-1.232713713 0 -1.425129141)
(-2.63281025 0 -3.613689834)
(-3.218050655 0 -3.518527668)
(-1.312653382 0 -0.518573788)
(-1.51721022 0 -0.2904604285)
(-1.353117012 0 0.2927236927)
(-0.9571372302 0 0.293385114)
(-0.6710595228 0 0.2854503176)
(-0.494334765 0 0.2925169465)
(-0.3999816906 0 0.3172543313)
(-0.3621571107 0 0.3483229748)
(-0.3564375945 0 0.3607595364)
(-0.3700817247 0 0.3259015042)
(-0.4130128975 0 0.2830027635)
(-0.3874554609 0 0.2895438024)
(-0.6145385047 0 -0.6137294265)
(-0.7779261894 0 -0.803089048)
(-0.9479224285 0 -1.001065124)
(-1.102951249 0 -1.1961585)
(-1.209871374 0 -1.332661908)
(-1.249945155 0 -1.341373312)
(-1.226494438 0 -1.232535938)
(-1.184348688 0 -1.13166757)
(-1.177360911 0 -1.090471204)
(-1.275801776 0 -1.108556428)
(-1.458114997 0 -1.131354263)
(-1.583406818 0 -1.019156966)
(-1.446239289 0 -0.755046505)
(-0.892413308 0 -0.5625900198)
(-0.7469098048 0 -0.490205086)
(-0.4997603834 0 -0.9816720108)
(-0.5982513971 0 -0.252879495)
(-1.519304055 0 -0.3763862627)
(-1.493243753 0 0.3469094147)
(-1.044057459 0 0.354887725)
(-0.7071233208 0 0.3328152314)
(-0.5009013847 0 0.3273062569)
(-0.3827743282 0 0.339376213)
(-0.3303504279 0 0.3466755647)
(-0.3270575892 0 0.342893171)
(-0.3688750429 0 0.3143071965)
(-0.4530892913 0 0.3294457868)
(-0.3998854872 0 0.3310851362)
(-0.578016187 0 -0.6199576327)
(-0.767165014 0 -0.8517803616)
(-0.9219492807 0 -1.045586968)
(-1.037493139 0 -1.21612093)
(-1.09138285 0 -1.320177795)
(-1.081364917 0 -1.282723962)
(-1.062660075 0 -1.143173571)
(-1.084323609 0 -1.066392944)
(-1.164002241 0 -1.110003889)
(-1.312518037 0 -1.22294254)
(-1.472316868 0 -1.278455505)
(-1.544038789 0 -1.112900108)
(-1.424207895 0 -0.7814944762)
(-1.198640044 0 -0.7184154819)
(-1.226779582 0 -0.7299110823)
(-0.7352026166 0 -0.4211466205)
(-0.5735139515 0 -0.2841555128)
(-1.184250967 0 -0.4070407114)
(-1.599438693 0 0.4054364805)
(-1.102387542 0 0.4270011245)
(-0.7246863568 0 0.3833047015)
(-0.4949439287 0 0.3652516262)
(-0.3602865889 0 0.3657967637)
(-0.3072108308 0 0.3456863514)
(-0.3390532163 0 0.3261105756)
(-0.5088539486 0 0.3765824713)
(-0.5600558142 0 0.4657058989)
(-0.4219200012 0 0.4075957682)
(-0.2980924668 0 0.3355475262)
(-0.5573638342 0 -0.6631427969)
(-0.7371130366 0 -0.9013235212)
(-0.8484061993 0 -1.03969645)
(-0.9049468211 0 -1.123879066)
(-0.9110142736 0 -1.171013228)
(-0.9148882735 0 -1.165203962)
(-1.068231824 0 -1.17178166)
(-1.005282687 0 -1.004333782)
(-1.147363555 0 -1.104211158)
(-1.277829408 0 -1.245975908)
(-1.353484889 0 -1.308262067)
(-1.348617295 0 -1.178097497)
(-1.387749238 0 -1.006149858)
(-1.47329748 0 -1.011138711)
(-1.597259554 0 -0.9018121099)
(-1.162467019 0 -0.5637187791)
(-0.9261803116 0 -0.4160722692)
(-0.718061097 0 -0.2410269283)
(-1.645809796 0 0.4764605409)
(-1.111539329 0 0.513072509)
(-0.7138663345 0 0.4357137212)
(-0.4678984722 0 0.4118316904)
(-0.3310842407 0 0.3981425481)
(-0.3438723127 0 0.352802948)
(-0.6836846396 0 0.4935129626)
(-0.8713864209 0 0.7524700253)
(-0.6204103855 0 0.6519953144)
(-0.4300632836 0 0.5225065789)
(-0.2685068705 0 0.3746754917)
(-0.3387754273 0 -0.4557052932)
(-0.5447919474 0 -0.7469654729)
(-0.6770439866 0 -0.9378734289)
(-0.7328109739 0 -0.9927085675)
(-0.7419493214 0 -0.9640133557)
(-0.8050188408 0 -1.103295288)
(-1.254831888 0 -1.799786955)
(-1.80775349 0 -1.970671838)
(-0.9596134347 0 -0.9058256475)
(-1.124227832 0 -1.059422838)
(-1.248363069 0 -1.19169958)
(-1.302732768 0 -1.257176124)
(-1.317008979 0 -1.253443286)
(-1.406887302 0 -1.288043994)
(-1.560616418 0 -1.308799719)
(-1.665507161 0 -1.000251427)
(-1.398312302 0 -0.5977421445)
(-1.121622498 0 -0.416942362)
(-0.6774259058 0 -0.3785875341)
(-1.545463573 0 0.5629796913)
(-1.015259547 0 0.5814823959)
(-0.6568673214 0 0.4693822987)
(-0.38732226 0 0.435489529)
(-0.2946655673 0 0.4137367929)
(-1.007267071 0 0.7169123772)
(-1.227821492 0 1.143212189)
(-0.903604081 0 1.227142502)
(-0.3345614003 0 0.6318769416)
(-0.07425272522 0 0.2638562999)
(-0.05595247165 0 0.2136554623)
(-0.3406543497 0 -0.5430236583)
(-0.4954553573 0 -0.8030040094)
(-0.5800658619 0 -0.936891025)
(-0.5972351529 0 -0.9380347308)
(-0.6359214209 0 -1.082318116)
(-1.054027644 0 -2.691752326)
(-1.528988689 0 -3.633153407)
(-1.804538405 0 -2.859773677)
(-0.9657588959 0 -0.4530592257)
(-1.103193486 0 -1.035828668)
(-1.24990114 0 -1.173926823)
(-1.329672487 0 -1.241090155)
(-1.359138992 0 -1.280897711)
(-1.405805959 0 -1.389112647)
(-1.636340653 0 -1.495179238)
(-1.913529815 0 -1.179776676)
(-1.339539563 0 -0.7220496659)
(-1.21988867 0 -0.4493842177)
(-1.109103217 0 -0.5623714965)
(-0.7960345656 0 0.2129654263)
(-0.6074250425 0 0.2680488328)
(-0.501638695 0 0.4007779502)
(-0.3090471529 0 0.3735664675)
(-0.2350987734 0 0.5253989062)
(-0.1455091273 0 0.5533987693)
(0.2324739398 0 0.949935111)
(0.5462180303 0 2.670329588)
(0.4309427513 0 2.374188583)
(0.3709544743 0 2.066713651)
(0.3220643936 0 1.851654738)
(-0.3162090444 0 -0.6116687285)
(-0.4095161797 0 -0.8026509805)
(-0.4575862675 0 -0.8823876184)
(-0.4661689498 0 -0.8696259782)
(-0.4674525664 0 -0.8241476361)
(-0.468143755 0 -0.7750740091)
(-0.006313369883 0 -0.9956123242)
(1.09844913 0 -1.592452884)
(-0.8288309137 0 -0.8212189891)
(-1.04301024 0 -1.011114179)
(-1.198411335 0 -1.163343386)
(-1.297290784 0 -1.232819024)
(-1.367323858 0 -1.278811181)
(-1.501901269 0 -1.539118419)
(-1.867151437 0 -1.821052241)
(-2.069336771 0 -1.152620797)
(-1.365149237 0 -1.090291746)
(-1.590764214 0 -0.8501829656)
(-1.729547772 0 -0.7415772899)
(-0.196361291 0 -0.3242920393)
(-0.1952738558 0 -0.2857639629)
(-0.2146952383 0 -0.1098744202)
(-0.3625232871 0 0.688539785)
(-0.09234508879 0 0.8184898874)
(-0.1325051407 0 0.7302851178)
(-0.1363782992 0 0.7012054835)
(0.3832990693 0 1.206454915)
(0.370630075 0 1.211287759)
(0.3010113379 0 1.115325262)
(0.2426151702 0 1.015315913)
(-0.2609554768 0 -0.6470508437)
(-0.3025829225 0 -0.7559463437)
(-0.332222175 0 -0.8009485223)
(-0.353698681 0 -0.8049043246)
(-0.3750335425 0 -0.7923607255)
(-0.4071885459 0 -0.7700166856)
(-0.4552743072 0 -0.7308347675)
(-0.5368264655 0 -0.6912253785)
(-0.7132292772 0 -0.744657343)
(-0.9303106295 0 -0.9260515203)
(-1.096118736 0 -1.088191228)
(-1.217674368 0 -1.177361714)
(-1.317340463 0 -1.260047287)
(-1.380486444 0 -1.625908943)
(-1.291126522 0 -1.913834976)
(-1.204058664 0 -1.122987123)
(-1.54114179 0 -1.339829855)
(-1.801023154 0 -1.273375811)
(-1.922020983 0 -0.8491124321)
(-0.9605100065 0 0.06870370605)
(0.04488057476 0 -0.4018878103)
(-0.02078255456 0 0.31994758)
(-0.04871516186 0 0.3033126894)
(0.1622221292 0 0.4787609835)
(0.1546141483 0 0.6275870915)
(0.1488416872 0 0.3307335507)
(0.1499914536 0 0.5965168774)
(0.1429670314 0 0.6086779594)
(0.1270024198 0 0.5737459704)
(0.1124052354 0 0.5383034116)
(-0.175374746 0 -0.6584526892)
(-0.1941044979 0 -0.7138513215)
(-0.2170779242 0 -0.7639758234)
(-0.2589401467 0 -0.7985305455)
(-0.3167653722 0 -0.824260022)
(-0.3731973487 0 -0.8175378521)
(-0.4213868135 0 -0.7733697532)
(-0.4720735497 0 -0.7032491735)
(-0.5753603965 0 -0.6590496603)
(-0.7692855844 0 -0.7726430941)
(-0.9546136427 0 -0.9379911982)
(-1.112881304 0 -1.062385259)
(-1.243061864 0 -1.145256961)
(-1.344310243 0 -1.203974073)
(-1.425067192 0 -1.266729282)
(-1.487071119 0 -1.352750532)
(-1.545394476 0 -1.453385141)
(-1.51790502 0 -1.392493237)
(-1.416840592 0 -0.99251359)
(-1.330387723 0 0.1979549015)
(-0.4021662267 0 -0.4166830325)
(-0.2766241143 0 -0.2194143419)
(0.09742615733 0 0.3235854267)
(0.1284995488 0 0.3067684179)
(0.09163582715 0 0.224580171)
(0.04420933748 0 0.1567676192)
(0.02671506922 0 0.1337622569)
(0.03019428197 0 0.1227326671)
(0.04139599635 0 0.1402612401)
(0.04577712703 0 0.1787468062)
(-0.129000642 0 -0.8838218374)
(-0.1897113669 0 -1.01873717)
(-0.2460723833 0 -1.049850016)
(-0.2944215445 0 -1.009528309)
(-0.3431397503 0 -0.9561011774)
(-0.4019697052 0 -0.9156554514)
(-0.4640611027 0 -0.8574719399)
(-0.5060242326 0 -0.7237785751)
(-0.5825168455 0 -0.6097820396)
(-0.767331258 0 -0.7243906275)
(-0.9681223106 0 -0.8948255818)
(-1.135728283 0 -1.034591639)
(-1.274880256 0 -1.142550719)
(-1.407582296 0 -1.242503549)
(-1.517627713 0 -1.33745914)
(-1.56109676 0 -1.40214362)
(-1.503051285 0 -1.386020041)
(-1.376626679 0 -1.235571521)
(-1.285497436 0 -0.8143152769)
(-0.817588644 0 -0.6999274285)
(-0.3976962316 0 -0.3522670134)
(-0.3252145601 0 -0.2781853483)
(-0.184137799 0 0.5130664165)
(-0.05818559542 0 0.2758571618)
(-0.257264696 0 0.505116918)
(-0.05921932889 0 0.2258886974)
(0.0332625074 0 0.09524401923)
(0.03065157545 0 0.08574905492)
(0.03637204067 0 0.0813421252)
(-0.1826626779 0 -1.441689304)
(-0.2147228913 0 -1.413833334)
(-0.2269767245 0 -1.278704786)
(-0.251161833 0 -1.18982329)
(-0.307750586 0 -1.209736617)
(-0.3972839894 0 -1.275439599)
(-0.5114036985 0 -1.310150136)
(-0.6080498035 0 -1.197080843)
(-0.5513448393 0 -0.7652133669)
(-0.5573211175 0 -0.5185523963)
(-0.773430684 0 -0.6958078826)
(-0.978437297 0 -0.88359168)
(-1.166527426 0 -1.043997441)
(-1.363559097 0 -1.200562306)
(-1.546038713 0 -1.346360079)
(-1.677493667 0 -1.453947213)
(-1.732331636 0 -1.498895166)
(-1.694296697 0 -1.463263449)
(-1.536728816 0 -1.322947922)
(-1.209826972 0 -1.042088114)
(-0.699004436 0 -0.6075691982)
(-0.3655756241 0 -0.3398740038)
(0.3131000789 0 0.5844552964)
(0.2238258707 0 0.4256779214)
(0.3556075315 0 0.9935861623)
(0.261166859 0 0.8011745795)
(0.1988545923 0 0.6383753878)
(0.158525034 0 0.5270315458)
(0.131963745 0 0.4546624611)
(-0.1576029626 0 -1.596181909)
(-0.1606057182 0 -1.455987426)
(-0.1641012355 0 -1.328364702)
(-0.1889680896 0 -1.35715145)
(-0.2381748239 0 -1.481594557)
(-0.314528802 0 -1.655288086)
(-0.4241515896 0 -1.846496649)
(-0.5766909381 0 -1.960057198)
(-0.6852320461 0 -1.572131752)
(-0.4134634155 0 -0.4326628106)
(-0.5556838262 0 -0.4980155654)
(-0.7767444352 0 -0.6997731054)
(-1.005083887 0 -0.8997037121)
(-1.26122132 0 -1.110216287)
(-1.512617426 0 -1.318510296)
(-1.717499577 0 -1.491463811)
(-1.851957435 0 -1.604372201)
(-1.897923474 0 -1.64033991)
(-1.831659479 0 -1.57964777)
(-1.609764585 0 -1.386276226)
(-1.159577012 0 -1.001058994)
(-0.5044446235 0 -0.4701700695)
(0.2307963577 0 0.4127411251)
(0.2050509827 0 0.3943752418)
(0.3187096051 0 0.7460185407)
(0.2483509349 0 0.6383200225)
(0.1964345608 0 0.5376423685)
(0.1579684538 0 0.4541755031)
(0.0301266026 0 -0.1494723397)
(-0.03854868212 0 -0.1873988926)
(-0.1053585904 0 -0.3159325926)
(-0.1664366387 0 -0.353626827)
(-0.03181670335 0 -0.176728798)
(-0.001722440187 0 -0.3397741039)
(0.1000428732 0 -0.6480663748)
(0.2082527875 0 -1.024268798)
(-0.2662265928 0 -0.2652059084)
(-0.3682264989 0 -0.3313597168)
(-0.549277028 0 -0.4918712726)
(-0.7875534222 0 -0.7055549295)
(-1.083634696 0 -0.9545032204)
(-1.403401556 0 -1.224486357)
(-1.68612923 0 -1.467051761)
(-1.902681939 0 -1.652279593)
(-2.035948343 0 -1.763641018)
(-2.068661683 0 -1.786852618)
(-1.967005104 0 -1.694530252)
(-1.653209448 0 -1.422612428)
(-0.9842819146 0 -0.8614665348)
(-0.8076686462 0 -1.598328044)
(-0.2706325447 0 0.4484640247)
(0.1525802023 0 0.3062134036)
(0.1489616011 0 0.3344866893)
(0.1361023777 0 0.3297213272)
(0.119500259 0 0.3042296622)
(0.3485600341 0 -0.835352065)
(0.3908650814 0 -0.9464435757)
(0.5384916597 0 -1.241461636)
(0.5306190613 0 -1.213226127)
(0.3394981269 0 -0.241608848)
(-0.07772479533 0 -0.1274621603)
(-0.128882808 0 -0.1860527164)
(-0.1652389913 0 -0.2305579933)
(-0.1973192628 0 -0.2339363354)
(-0.2424896287 0 -0.2326447196)
(-0.3537244574 0 -0.3134783511)
(-0.5368364033 0 -0.4806700042)
(-0.8202440161 0 -0.7248198249)
(-1.199671823 0 -1.048222757)
(-1.565264656 0 -1.364055231)
(-1.873573128 0 -1.630333948)
(-2.101496612 0 -1.824702504)
(-2.2342341 0 -1.934217475)
(-2.251711435 0 -1.942699791)
(-2.099795838 0 -1.805993825)
(-1.616271019 0 -1.389473217)
(-0.5218893919 0 -0.6932472907)
(0.9087716148 0 0.5412359491)
(0.7587545665 0 0.5080275019)
(0.3937771013 0 0.3260865786)
(0.1320050225 0 0.2097174135)
(0.3734565331 0 -0.7837441506)
(0.5150863714 0 -1.024732767)
(0.496359867 0 -0.7258441525)
(0.02932071838 0 -0.1424476769)
(-0.02891472162 0 -0.1062100415)
(-0.05135270373 0 -0.12628758)
(-0.1381454276 0 -0.2054963275)
(-0.2446200209 0 -0.3844443033)
(-0.2343423063 0 -0.3135421926)
(-0.2353226914 0 -0.2159723577)
(-0.3449828613 0 -0.3088168067)
(-0.5098141658 0 -0.4546943597)
(-0.8861147079 0 -0.7772923319)
(-1.328750417 0 -1.15982294)
(-1.740021625 0 -1.516780213)
(-2.078397756 0 -1.808830109)
(-2.319246042 0 -2.013345801)
(-2.449846142 0 -2.119121887)
(-2.44720197 0 -2.107957063)
(-2.210643997 0 -1.896925881)
(-1.246363999 0 -1.068116365)
(0.7907923154 0 0.4421565109)
(0.6391447828 0 0.4004733719)
(0.8661866238 0 0.8506872134)
(0.787750261 0 0.87508138)
(0.3418367275 0 -0.6616324599)
(0.3697434629 0 -0.5935561373)
(0.4217566381 0 -0.5178438396)
(-0.007471623541 0 -0.1314052385)
(-0.00920478284 0 -0.1069776518)
(-0.01430334068 0 -0.1219710871)
(-0.02399182862 0 -0.1405090096)
(-0.104013642 0 -0.2099807935)
(-0.2323752623 0 -0.3315997611)
(-0.2349541256 0 -0.3027658606)
(-0.2491602689 0 -0.2413487367)
(-0.3700539377 0 -0.3388828923)
(-0.4792080858 0 -0.4187503043)
(-0.9521299809 0 -0.8353408666)
(-1.459900498 0 -1.274961861)
(-1.932178788 0 -1.684951261)
(-2.306581652 0 -2.008056772)
(-2.556469559 0 -2.218935216)
(-2.67894326 0 -2.31451269)
(-2.649690393 0 -2.27654196)
(-2.206340148 0 -1.886084209)
(0.742893446 0 0.3972576315)
(0.5501019807 0 0.3299663351)
(0.9085230165 0 0.7374960583)
(0.2131207281 0 -0.2805549566)
(0.1775626153 0 -0.2299393031)
(0.01292681084 0 -0.1056212617)
(0.01389689796 0 -0.102005464)
(0.01633329679 0 -0.1215091893)
(0.02142257357 0 -0.1556365414)
(0.03327833952 0 -0.215779326)
(0.05977089294 0 -0.3080480679)
(0.04729537778 0 -0.6044539577)
(0.4553029209 0 -0.5530499434)
(0.5304584022 0 -0.4073814481)
(0.2006730522 0 0.2655194862)
(-0.5389479298 0 -0.5053752999)
(-0.985862957 0 -0.8690525622)
(-1.588495623 0 -1.388124196)
(-2.145794962 0 -1.872736029)
(-2.558229459 0 -2.228760273)
(-2.803433728 0 -2.432924545)
(-2.909151139 0 -2.507815643)
(-2.845637138 0 -2.43279244)
(0.4792848266 0 0.01216200282)
(0.4734716145 0 0.2722681719)
(0.0760610154 0 -0.1409384058)
(0.03713670993 0 -0.1438195559)
(0.1856229318 0 -0.567528533)
(0.03765004555 0 -0.1254481196)
(0.2037347977 0 -0.2563536439)
(0.3554964474 0 -0.3227057263)
(0.4036782609 0 -0.331877661)
(0.3700766881 0 -0.02288782521)
(0.6449239993 0 -0.4848441652)
(0.7359179173 0 -0.4284569337)
(-0.1903486267 0 -0.236450066)
(-0.5455124792 0 -0.5643135664)
(-0.7070669625 0 -0.7408606288)
(-0.9527500508 0 -0.8506773547)
(-1.683976962 0 -1.473419531)
(-2.380494443 0 -2.080884283)
(-2.824259421 0 -2.464174214)
(-3.035759768 0 -2.633805541)
(-3.112249549 0 -2.665078127)
(-0.335072957 0 -1.313002486)
(0.5710553297 0 -0.3390476515)
(0.684666704 0 -0.413946671)
(0.8200764352 0 -0.4385829729)
(0.5539017348 0 -0.04017313514)
(0.3546870063 0 -0.2510483917)
(0.659712446 0 0.08868030004)
(0.6710606853 0 -0.2793817097)
(0.7886888271 0 -0.3706042284)
(0.3049491713 0 0.0498109669)
(0.08646216256 0 -0.1944663868)
(-0.007634774593 0 -0.2122331729)
(-0.5595978898 0 -0.4866902836)
(-0.7084580378 0 -0.6895147565)
(-1.598522928 0 -1.401445989)
(-2.623295344 0 -2.302539801)
(-3.074369509 0 -2.697524242)
(-3.202153247 0 -2.774568)
(0.5809545968 0 -0.3290578668)
(0.6492840143 0 -0.3290897516)
(0.2338964015 0 -0.1409857525)
(0.3120788407 0 -0.2035942007)
(0.3263598605 0 0.02111490364)
(0.6958345099 0 -0.07637316687)
(0.8000761008 0 -0.1901712424)
(0.8556925982 0 -0.1288753295)
(0.8824157276 0 0.1482659705)
(0.118525301 0 -0.09672854783)
(0.1418934593 0 -0.1833318829)
(0.1757428613 0 -0.1624320775)
(0.09983556088 0 -0.0644198475)
(0.09202488594 0 0.0008313418612)
(0.280676331 0 -0.1709138304)
(0.1581629877 0 -0.03777141525)
(0.5154233534 0 -0.04245400885)
(0.7294510342 0 -0.01736280494)
(0.6490914224 0 -0.08453337288)
(0.6715022933 0 0.09328149788)
(4.953072791 0 -0.06524724827)
(0.12266173 0 -0.07005745392)
(0.1518476943 0 -0.1040903151)
(-0.8323865202 0 -0.2868609752)
(-0.8069478376 0 -0.2846043136)
(-0.7191627623 0 -0.3099939145)
(-0.6080876934 0 -0.2774458788)
(-0.5596527651 0 -0.2777721665)
(-0.5607694095 0 -0.2811678889)
(-0.638618731 0 -0.3092938982)
(-0.9429705261 0 -0.3826493563)
(-0.9062566216 0 -0.3706847324)
(-1.422484545 0 -0.4281372647)
(-1.835786097 0 -0.433426978)
(-1.581368784 0 -0.3846333823)
(-2.088336195 0 -0.3925568085)
(-2.181126167 0 -0.3037393851)
(-1.942098775 0 -0.273536495)
(-0.3635622538 0 -0.04444477957)
(-0.2643989564 0 -0.01558187117)
(-0.2547938649 0 -0.02131287775)
(-0.4442161132 0 0.02432577031)
(-0.6199285181 0 0.07333622885)
(-0.6241002572 0 0.08613490777)
(-0.5667706784 0 0.08290573908)
(-0.4946860584 0 0.07518961312)
(-1.073956365 0 -0.57703896)
(-0.9952066121 0 -0.5238372044)
(-0.8979069033 0 -0.4773508288)
(-0.812606188 0 -0.4267408588)
(-0.8292139119 0 -0.4176082034)
(-0.7823304089 0 -0.3762227016)
(-0.773243896 0 -0.3230734195)
(-0.8222026788 0 -0.2951399874)
(-0.481969139 0 0.07376172141)
(-0.3938494599 0 0.07058477697)
(-0.3680618499 0 0.06875027318)
(-0.330831482 0 0.08064951612)
(-0.308244906 0 0.09581290822)
(-0.3070271622 0 0.09084958557)
(-0.293329401 0 0.1112202114)
(-0.2775406328 0 0.1228392698)
(-1.125679705 0 -0.8238820663)
(-1.097745004 0 -0.7338394652)
(-1.042455274 0 -0.6350175823)
(-1.11802569 0 -0.6483798488)
(-0.2589850299 0 0.1483214981)
(-0.2486855715 0 0.1560378415)
(-0.2505475744 0 0.1503805217)
(-0.242439806 0 0.1643561648)
(-1.06934971 0 -0.9364549965)
(-1.070511468 0 -0.9249413701)
(-1.098801179 0 -0.9253982461)
(-1.05361699 0 -0.8923751133)
(-1.037436278 0 -0.850241246)
(-1.079210129 0 -0.835642954)
(-0.243515514 0 0.1741184112)
(-0.2392330532 0 0.1792014498)
(-0.2389792999 0 0.1746637307)
(-0.2339163222 0 0.1806489508)
(-0.2274117673 0 0.180676954)
(-1.014002158 0 -0.906956161)
(-1.030597323 0 -0.9193945828)
(-1.040031827 0 -0.9246547087)
(-0.2073016734 0 0.1744594789)
(-0.2102455573 0 0.1698746756)
(-0.9655994922 0 -0.8795111268)
(-0.9876344275 0 -0.8947311443)
(-0.9908706452 0 -0.8925613819)
(-0.3142268487 0 0.1934735287)
(-0.3524942027 0 0.2120473289)
(-0.9146643055 0 -0.850012181)
(-0.9464696633 0 -0.8753450409)
(-0.9951201746 0 -0.9180437448)
(-0.9914635995 0 -0.9059441706)
(-0.3622275986 0 0.2103613091)
(-0.3853528457 0 0.2227062652)
(-0.3736410284 0 0.218906362)
(-0.3988433065 0 0.2348742977)
(-0.8440977066 0 -0.7994450579)
(-0.8871440019 0 -0.8397142414)
(-0.899257629 0 -0.8425681761)
(-0.4063227728 0 0.2448301336)
(-0.404815479 0 0.2545513431)
(-0.4037992562 0 0.2478558696)
(-0.7538274339 0 -0.7273461727)
(-0.7815322307 0 -0.7494999223)
(-0.3890573024 0 0.2789461103)
(-0.6475834898 0 -0.6400888203)
(-0.7095888231 0 -0.7075513562)
(-0.7271659041 0 -0.710916393)
(-0.3945103598 0 0.3086234866)
(-0.3512238024 0 0.2949256411)
(-0.3621664311 0 0.2873756137)
(-0.5214073269 0 -0.5364516018)
(-0.5868263023 0 -0.6033248185)
(-0.683614123 0 -0.7170088345)
(-0.6937382096 0 -0.7072342476)
(-0.4097984572 0 0.3627556527)
(-0.3322643736 0 0.3190662345)
(-0.3380524936 0 0.3025795963)
(-0.3039557076 0 0.3109267101)
(-0.4585581013 0 -0.5016381627)
(-0.4918714072 0 -0.5173586207)
(-0.2885845536 0 0.3612151177)
(-0.3291947762 0 -0.4171470254)
(-0.4251860903 0 -0.5298665287)
(-0.4348307712 0 -0.5000839586)
(-0.1574869258 0 0.292237689)
(-0.09719408528 0 0.2264924567)
(-0.3413350745 0 -0.4991329537)
(-0.4424650898 0 -0.6532388108)
(-0.4455267565 0 -0.6040055444)
(-0.06565269921 0 0.2994763319)
(-0.06085897603 0 0.2942250772)
(-0.05133255896 0 0.2012296358)
(-0.3323883753 0 -0.5811898954)
(-0.4005076545 0 -0.7088291536)
(-0.4265331432 0 -0.6873002984)
(0.3355387092 0 1.475504061)
(0.302386602 0 1.380698733)
(0.2972415111 0 1.741195754)
(-0.2924327236 0 -0.634229223)
(-0.3270208305 0 -0.7191318781)
(-0.3668455987 0 -0.7191760725)
(0.1506263771 0 0.7213322613)
(0.1392107581 0 0.694105332)
(0.2197934752 0 0.9712636278)
(-0.2241418629 0 -0.6512229175)
(-0.2329616538 0 -0.6908065055)
(-0.2819663724 0 -0.7087809082)
(0.08296671725 0 0.3742279314)
(0.08424149855 0 0.3867253735)
(0.1061415769 0 0.525044702)
(-0.1353297867 0 -0.6996120535)
(-0.1760588822 0 -0.675362043)
(0.02688075327 0 0.08345663951)
(0.06350556347 0 0.260938696)
(-0.101994556 0 -1.038112128)
(-0.1033323295 0 -0.805716121)
(0.1169031588 0 0.4397857439)
(-0.175266645 0 -1.411873905)
(-0.1819909997 0 -1.550013376)
(-0.1893173318 0 -1.534304473)
(-0.2039814433 0 -1.441364195)
(0.1632211323 0 0.4990281249)
(0.1448303322 0 0.4501245444)
(0.1379554385 0 0.4691823256)
(-0.1153065592 0 -1.383864628)
(-0.1172822476 0 -1.342715125)
(-0.1606270729 0 -1.538739525)
(0.1354669319 0 0.3748063857)
(0.1337777366 0 0.3728586016)
(0.1442721442 0 0.4239832865)
(0.03425264661 0 -0.130102722)
(0.03719291418 0 -0.1279478152)
(0.1116008354 0 0.2594443039)
(0.347598577 0 -0.7846153132)
(0.3620306479 0 -0.8081758074)
(0.3693871884 0 -0.8853314009)
(0.1852425527 0 0.1904153559)
(0.1349964881 0 0.1817807544)
(0.1098783739 0 0.202018925)
(0.3503848931 0 -0.7458067657)
(0.3564539705 0 -0.7212009773)
(0.4077093408 0 -0.8068330045)
(0.4413212012 0 -0.9077809909)
(0.9362981293 0 0.8011285457)
(0.8818688894 0 0.8148122171)
(0.8477993502 0 0.9060753967)
(0.2909820067 0 -0.4660035028)
(0.3467975829 0 -0.6391159124)
(0.8110624615 0 0.6317541879)
(0.8489243454 0 0.743975447)
(0.1185107231 0 -0.1704691875)
(0.1961378493 0 -0.2531976126)
(0.4712238036 0 0.2704369632)
(0.4365334091 0 0.2625092863)
(0.8646267581 0 -0.7272882224)
(0.04153925174 0 -0.1261631632)
(0.8608705662 0 -0.7098357209)
(0.8176755892 0 -0.6664904233)
(0.106264827 0 -0.3473872988)
(-3.168710368 0 -2.718116771)
(0.03058243858 0 -0.6431471622)
(0.06035200221 0 -0.9638509926)
(0.06941573615 0 -0.7366475088)
(0.7586892554 0 0.4392383493)
(0.6751491541 0 -0.4798616653)
(0.5404470615 0 -0.3175312299)
(0.5467284484 0 -0.316180068)
(0.6023164689 0 -0.3409674371)
(1.447218809 0 -0.1729616663)
(1.453193933 0 -1.695579663)
(-3.154998733 0 -2.763978168)
(0.6212039348 0 -0.333603216)
(0.6310170992 0 -0.3157487498)
(0.6472299098 0 -0.3047387981)
(0.6690117824 0 -0.3166324497)
(0.2164623025 0 -0.1452689233)
(0.2429747293 0 -0.1644891139)
(0.2692834866 0 -0.1888234876)
(0.1571111226 0 -0.1028714044)
(0.1413295958 0 -0.07003783092)
(0.1626812787 0 -0.1075919902)
(0.09520729787 0 -0.05203464517)
(0.03461045327 0 -0.03792733127)
(0.0109347639 0 -0.03022841056)
(0.1882265818 0 0.05232579146)
(0.2432123829 0 -0.1608806116)
(0.3195613557 0 -0.1768454025)
(0.2538824864 0 -0.04004660549)
(0.2237407706 0 -0.04398312663)
(0.4663582769 0 -0.03668852367)
(0.6640293608 0 -0.04057775359)
(0.7538984605 0 -0.04959192991)
(0.6434478544 0 -0.009389704025)
(0.411719873 0 -0.02858762547)
(0.4765853604 0 -0.03318120219)
(0.5837537762 0 -0.07158487027)
(0.6782437723 0 0.01875333854)
(0.7208502305 0 0.02494912056)
(0.6024443335 0 0.07885913159)
(1.13941441 0 -0.07829819029)
(0.9498168776 0 -0.03311873527)
(4.165040211 0 -0.09180581233)
(2.704177898 0 0.2823466575)
(0.1371697118 0 -0.1074058201)
(-0.7543974501 0 -0.3073097275)
(-0.7030073092 0 -0.310866618)
(-0.7177846462 0 -0.3142324628)
(-0.6457196115 0 -0.2803732842)
(-0.6082775629 0 -0.2683833134)
(-0.5903182122 0 -0.2748485663)
(-0.6609994077 0 -0.2930417073)
(-1.069546814 0 -0.400869293)
(-1.019415283 0 -0.3970855023)
(-1.630353594 0 -0.4765191657)
(-2.022135059 0 -0.476517455)
(-1.983931911 0 -0.4632965594)
(-2.241618175 0 -0.421640658)
(-2.293722071 0 -0.3193956414)
(-2.30225672 0 -0.3201101739)
(-0.4649172307 0 -0.04973673959)
(-0.3002046699 0 -0.003167203646)
(-0.2787375132 0 -0.008938075479)
(-0.3902634371 0 0.01801421265)
(-0.6651316545 0 0.08503295737)
(-0.6401128284 0 0.07764988811)
(-0.6746439228 0 0.09897189557)
(-0.5749346883 0 0.08693467992)
(-0.5709421098 0 0.08487160805)
(-0.996609107 0 -0.5549144582)
(-0.9394714952 0 -0.496226311)
(-0.9622064677 0 -0.500417595)
(-0.8718463238 0 -0.4613903223)
(-0.7970940047 0 -0.4400509812)
(-0.801528526 0 -0.4337357661)
(-0.7286638935 0 -0.4132323182)
(-0.6968716371 0 -0.3603918452)
(-0.7314145668 0 -0.3447946386)
(-0.6794366873 0 -0.324496987)
(-0.6586993287 0 -0.2970456212)
(-0.6804852777 0 -0.3032127115)
(-0.6364996064 0 -0.2683663887)
(-0.6200344171 0 -0.2494230161)
(-0.6179885105 0 -0.259301746)
(-0.6827106922 0 -0.2687990775)
(-1.026039456 0 -0.3686928599)
(-1.071630397 0 -0.3910026673)
(-1.516439081 0 -0.4626193599)
(-1.87244221 0 -0.473433126)
(-1.977565802 0 -0.4788318466)
(-2.0635878 0 -0.4096741984)
(-2.076268526 0 -0.2895431629)
(-2.201360734 0 -0.3071201591)
(-0.8408565253 0 0.05578833233)
(-0.3841780989 0 0.0246287166)
(-0.3341665629 0 0.007841565223)
(-0.4055538144 0 0.03865304133)
(-0.7182389001 0 0.09902834627)
(-0.6938088467 0 0.09240294874)
(-0.7341905199 0 0.1135954457)
(-0.5744594875 0 0.08915347597)
(-0.5759769175 0 0.08847796351)
(-0.478639634 0 0.07273370534)
(-0.4456221537 0 0.08178733824)
(-0.405205355 0 0.07427072341)
(-0.4229029216 0 0.1032555139)
(-0.3681971787 0 0.1177399951)
(-0.3166379673 0 0.1030231972)
(-0.3013117916 0 0.1255710817)
(-0.2727232222 0 0.1373512173)
(-0.2746745636 0 0.1286534741)
(-1.020207123 0 -0.7969943815)
(-1.002313352 0 -0.7347695337)
(-0.9989720509 0 -0.6668015259)
(-0.9783668697 0 -0.6660048094)
(-0.9424430533 0 -0.5996670522)
(-0.9281668958 0 -0.5266568196)
(-0.890478288 0 -0.5468424216)
(-0.8190804492 0 -0.509074928)
(-0.801376485 0 -0.4604318497)
(-0.7300373691 0 -0.4718020591)
(-0.6714598137 0 -0.4027083797)
(-0.6742699729 0 -0.374270261)
(-0.6423786194 0 -0.3509936357)
(-0.6248210451 0 -0.3054351074)
(-0.6399540911 0 -0.2961345401)
(-0.6126636278 0 -0.2677672402)
(-0.6039686212 0 -0.2373181479)
(-0.6148283935 0 -0.2409278831)
(-0.6315056165 0 -0.2308951493)
(-0.8171511743 0 -0.2912946935)
(-0.9365544575 0 -0.3342915816)
(-1.181188781 0 -0.3967025477)
(-1.531247964 0 -0.4443403598)
(-1.720827431 0 -0.4618890124)
(-1.769681376 0 -0.3958279998)
(-1.882146223 0 -0.2773207113)
(-1.963768851 0 -0.2769583931)
(-1.17068627 0 0.2172431796)
(-0.6581915194 0 0.1123060372)
(-0.5002531838 0 0.06039766401)
(-0.4212805172 0 0.06592576607)
(-0.7538188727 0 0.1095153017)
(-0.7368851634 0 0.1045828525)
(-0.8070333456 0 0.1304995686)
(-0.5801855851 0 0.08839442743)
(-0.5738480893 0 0.08904385785)
(-0.5205074728 0 0.07912850808)
(-0.546080416 0 0.1004232211)
(-0.5004554622 0 0.09107619818)
(-0.5645888105 0 0.1250208686)
(-0.5387630999 0 0.146764763)
(-0.4608369891 0 0.1360027388)
(-0.4512466333 0 0.1565155505)
(-0.3274190422 0 0.152537027)
(-0.2792243499 0 0.1431964549)
(-0.2607151279 0 0.1559142596)
(-0.2484910017 0 0.1662017911)
(-0.2489795275 0 0.1628167837)
(-1.052636205 0 -0.9343759293)
(-1.075667118 0 -0.9467919633)
(-1.056631255 0 -0.9261119601)
(-1.09618703 0 -0.9522741112)
(-1.110447589 0 -0.9470188628)
(-1.062032362 0 -0.8944663616)
(-1.115139843 0 -0.9282218452)
(-1.107374504 0 -0.8945839422)
(-1.046475118 0 -0.8166241577)
(-1.084585127 0 -0.8470685262)
(-1.045241149 0 -0.7898442169)
(-0.9844391745 0 -0.6954540142)
(-0.9896237872 0 -0.7293711222)
(-0.9200125319 0 -0.6698168268)
(-0.8578322072 0 -0.5843934516)
(-0.8412071788 0 -0.606787344)
(-0.7646600102 0 -0.5301444353)
(-0.7016980406 0 -0.4574294099)
(-0.6980511683 0 -0.4554455389)
(-0.6464863118 0 -0.3836669878)
(-0.6224026542 0 -0.3333151979)
(-0.6109576008 0 -0.3197940371)
(-0.5890885713 0 -0.2668634146)
(-0.5925883109 0 -0.2443026033)
(-0.5795462338 0 -0.2312463743)
(-0.5974381633 0 -0.222607148)
(-0.6931899604 0 -0.2495173478)
(-0.6963735502 0 -0.2591458856)
(-0.9451104195 0 -0.3357484914)
(-1.294177932 0 -0.4137110737)
(-1.430505808 0 -0.4081316171)
(-1.77477052 0 -0.319008796)
(-1.843216251 0 -0.2912297784)
(-1.348187714 0 0.2622151437)
(-0.8314033183 0 0.1899766021)
(-0.7706419662 0 0.1558033121)
(-0.4927191696 0 0.05091603058)
(-0.8425264858 0 0.1220462529)
(-0.7826430425 0 0.1148360435)
(-0.9353626111 0 0.1579910446)
(-0.6372984892 0 0.08677842407)
(-0.5997329365 0 0.08754328721)
(-0.590781216 0 0.09350871652)
(-0.6034409155 0 0.1165929649)
(-0.5768806711 0 0.1087143703)
(-0.6133333865 0 0.1367486621)
(-0.606134733 0 0.1546587749)
(-0.5856695444 0 0.1513101929)
(-0.5591888797 0 0.170012074)
(-0.4625659783 0 0.1748284319)
(-0.401390873 0 0.1648167014)
(-0.3394273218 0 0.1674730383)
(-0.2608645077 0 0.1669098189)
(-0.2498260062 0 0.1667727006)
(-0.2427175041 0 0.1763771239)
(-0.236965515 0 0.1829528755)
(-0.238807907 0 0.1818991242)
(-0.2302058007 0 0.184656253)
(-0.2201072165 0 0.1816798003)
(-0.2239783862 0 0.1811205563)
(-1.021960438 0 -0.9223372798)
(-1.063110984 0 -0.956061286)
(-1.040849843 0 -0.930645064)
(-1.108705875 0 -0.9924253741)
(-1.152967103 0 -1.024783157)
(-1.111407302 0 -0.9813225115)
(-1.190326285 0 -1.047197961)
(-1.216891074 0 -1.055828384)
(-1.164787129 0 -1.00145951)
(-1.230188422 0 -1.048764692)
(-1.228673859 0 -1.025787937)
(-1.170299354 0 -0.964034121)
(-1.211623505 0 -0.9884388299)
(-1.179293433 0 -0.9397762154)
(-1.113336651 0 -0.8715450272)
(-1.13295273 0 -0.883256465)
(-1.074545381 0 -0.8211242386)
(-0.9966314004 0 -0.7504725213)
(-1.006210987 0 -0.7537147788)
(-0.9301952374 0 -0.6807412251)
(-0.8452583748 0 -0.6073559853)
(-0.8494661429 0 -0.6031052097)
(-0.7683460039 0 -0.5210566066)
(-0.6984965296 0 -0.4498335)
(-0.6917992935 0 -0.4369361587)
(-0.6281707725 0 -0.3575447258)
(-0.6003862546 0 -0.3056286735)
(-0.5849588882 0 -0.2943075944)
(-0.5553596639 0 -0.2516552897)
(-0.5554810308 0 -0.2236053155)
(-0.5260007138 0 -0.2244647175)
(-0.4880714646 0 -0.2048999187)
(-0.493787754 0 -0.1864227178)
(-0.4749731913 0 -0.2178927532)
(-0.7525073603 0 -0.2542942836)
(-0.7272941942 0 -0.2962589728)
(-1.159065653 0 -0.2216974986)
(-0.6989616127 0 0.2465956332)
(-0.6700010574 0 0.1995329289)
(-0.6027851363 0 0.008554303418)
(-1.046529055 0 0.1511657449)
(-0.9390754748 0 0.1337300662)
(-1.188390108 0 0.2142615808)
(-0.7783753349 0 0.08823602614)
(-0.6962987923 0 0.08661646818)
(-0.7196346874 0 0.1190531991)
(-0.687185608 0 0.1400291709)
(-0.6389207606 0 0.1265872734)
(-0.6505905902 0 0.1532546999)
(-0.6144147451 0 0.1646369958)
(-0.6110806741 0 0.1587098738)
(-0.578851642 0 0.1775821145)
(-0.5217008126 0 0.1886506166)
(-0.5012667675 0 0.1821380436)
(-0.435755486 0 0.1917700829)
(-0.3402443929 0 0.18643934)
(-0.2924833769 0 0.1722038227)
(-0.2686033189 0 0.1818842843)
(-0.235049205 0 0.1829111203)
(-0.2337516258 0 0.1824670052)
(-0.2189404624 0 0.182186342)
(-0.2072283109 0 0.1732523484)
(-0.2130403541 0 0.1790606644)
(-0.2249071714 0 0.1658320051)
(-0.2720103293 0 0.1758663354)
(-0.2299411306 0 0.168219945)
(-1.051816278 0 -0.9687653198)
(-1.113274663 0 -1.023456337)
(-1.089064177 0 -0.988942567)
(-1.173203947 0 -1.074974123)
(-1.226491722 0 -1.117131682)
(-1.192705675 0 -1.071540321)
(-1.269530972 0 -1.14559045)
(-1.299778052 0 -1.157577071)
(-1.262825211 0 -1.108620713)
(-1.315602147 0 -1.151848981)
(-1.316647004 0 -1.12914848)
(-1.278604868 0 -1.080973062)
(-1.30405473 0 -1.092359122)
(-1.27973815 0 -1.045447651)
(-1.236303557 0 -0.9971977895)
(-1.245033658 0 -0.9916903571)
(-1.200115325 0 -0.9327385215)
(-1.144229126 0 -0.8818419632)
(-1.144689551 0 -0.8690437355)
(-1.078882275 0 -0.8006077627)
(-1.010346997 0 -0.7460866538)
(-1.003335873 0 -0.7273313448)
(-0.9189479715 0 -0.6492925567)
(-0.8447978425 0 -0.5892899577)
(-0.8275061935 0 -0.5674349284)
(-0.7331247658 0 -0.4838488766)
(-0.6723694177 0 -0.4186252552)
(-0.6441070656 0 -0.4028587734)
(-0.5695565569 0 -0.3317801348)
(-0.5560605058 0 -0.2861108304)
(-0.5121858534 0 -0.279831501)
(-0.4628261196 0 -0.2473896955)
(-0.4717488485 0 -0.2254267062)
(-0.4217046911 0 -0.2309292529)
(-0.4731776998 0 -0.2258540758)
(-0.6084779672 0 -0.2440588324)
(-0.7836315585 0 -0.2654271023)
(-0.7708184817 0 0.09535998119)
(-0.7022401416 0 0.2693241024)
(-0.6549268079 0 0.07030712444)
(-0.9909771532 0 0.1824597299)
(-1.104317327 0 0.1713517856)
(-1.512255483 0 0.2817786228)
(-1.014012825 0 0.1086049612)
(-0.8840646094 0 0.0942210761)
(-0.8980325921 0 0.1593439559)
(-0.8063534369 0 0.1750747927)
(-0.7446224245 0 0.1564977256)
(-0.7227914037 0 0.1818939391)
(-0.6437519051 0 0.1858415384)
(-0.6247262249 0 0.1735357913)
(-0.5790789499 0 0.192516252)
(-0.5297117077 0 0.2044917034)
(-0.529312324 0 0.1958863193)
(-0.4779357269 0 0.2172249995)
(-0.4190047267 0 0.2258604373)
(-0.386035734 0 0.2059366945)
(-0.3624832497 0 0.2310568168)
(-0.3136420542 0 0.2311496084)
(-0.2631373636 0 0.1982830036)
(-0.2748645143 0 0.2206369919)
(-0.2670410316 0 0.2061357112)
(-0.2209442695 0 0.1740207155)
(-0.2949458183 0 0.20251455)
(-0.3309933269 0 0.2047796072)
(-0.3049170126 0 0.1862869292)
(-0.9412473912 0 -0.8896553702)
(-1.006607197 0 -0.951936779)
(-1.000724548 0 -0.9338945163)
(-1.078887744 0 -1.021674415)
(-1.150916033 0 -1.090822458)
(-1.133860463 0 -1.057270484)
(-1.216704157 0 -1.151705414)
(-1.272227967 0 -1.198640432)
(-1.252830398 0 -1.159389745)
(-1.314606644 0 -1.227718765)
(-1.341702909 0 -1.236763945)
(-1.326011905 0 -1.200560005)
(-1.352795126 0 -1.226030366)
(-1.349632963 0 -1.198703351)
(-1.340392008 0 -1.168799764)
(-1.336123074 0 -1.159685672)
(-1.315915817 0 -1.112970722)
(-1.306689702 0 -1.084337454)
(-1.290016683 0 -1.060180723)
(-1.256973018 0 -1.001671207)
(-1.238494389 0 -0.9729447889)
(-1.215250652 0 -0.9384431165)
(-1.165171867 0 -0.8725760092)
(-1.130987743 0 -0.8426107196)
(-1.108574462 0 -0.8062560352)
(-1.046860539 0 -0.7409037409)
(-0.9855494326 0 -0.6988928265)
(-0.9787799726 0 -0.6762968579)
(-0.8984599735 0 -0.609308104)
(-0.8082399891 0 -0.5479106811)
(-0.7984872206 0 -0.5356819533)
(-0.6813769941 0 -0.4549827239)
(-0.6102014419 0 -0.3899940531)
(-0.5743253792 0 -0.379744893)
(-0.5424306606 0 -0.3769336558)
(-0.465924884 0 -0.2745857217)
(-0.939910964 0 -0.8287750904)
(-1.881551588 0 -1.678937029)
(-0.7084541775 0 -0.5035197502)
(-2.725332744 0 -2.175181685)
(-3.22781213 0 -2.21176821)
(-1.969762209 0 -1.13784901)
(-0.5450014735 0 -0.05765827643)
(-0.673203901 0 0.003923642502)
(-0.6370481494 0 0.1517379568)
(-1.21250689 0 -0.1736902913)
(-1.313106386 0 0.1774844451)
(-1.163938741 0 0.13582995)
(-1.091377863 0 0.2112130458)
(-0.9368243492 0 0.21757298)
(-0.8704395758 0 0.195421196)
(-0.8113331837 0 0.219462486)
(-0.7004104004 0 0.2198715649)
(-0.6698640049 0 0.2014373937)
(-0.6049926949 0 0.2214485253)
(-0.5333935272 0 0.2289838324)
(-0.5293105571 0 0.2151682223)
(-0.4836127241 0 0.2439455298)
(-0.4450978428 0 0.2618840156)
(-0.4380890946 0 0.2449217003)
(-0.4105538095 0 0.2788402018)
(-0.3803881859 0 0.292236809)
(-0.3559169017 0 0.2644894276)
(-0.3589254278 0 0.3013234281)
(-0.3508744188 0 0.305321623)
(-0.3176836889 0 0.2592389496)
(-0.354266107 0 0.3006799351)
(-0.3644352347 0 0.284646631)
(-0.3505935334 0 0.2399888826)
(-0.3786717728 0 0.2603253049)
(-0.3952155378 0 0.2432497618)
(-0.3918789044 0 0.2282859318)
(-0.805473938 0 -0.7806003161)
(-0.8680029172 0 -0.8429135651)
(-0.8757354978 0 -0.8378657308)
(-0.9406003749 0 -0.9171692985)
(-1.02064386 0 -1.000183749)
(-1.013092324 0 -0.9734204189)
(-1.101546477 0 -1.085349876)
(-1.176759639 0 -1.164139177)
(-1.165247218 0 -1.125964871)
(-1.24161568 0 -1.22879813)
(-1.29290647 0 -1.273258014)
(-1.285716641 0 -1.236340566)
(-1.327951361 0 -1.293558151)
(-1.344842079 0 -1.289115793)
(-1.348000323 0 -1.266347421)
(-1.344054979 0 -1.264124528)
(-1.329711996 0 -1.2264642)
(-1.345710952 0 -1.218176275)
(-1.308173713 0 -1.183258193)
(-1.284655416 0 -1.136951219)
(-1.307854817 0 -1.13060032)
(-1.261282457 0 -1.086036633)
(-1.238542943 0 -1.029890622)
(-1.255509928 0 -1.019525483)
(-1.218858228 0 -0.9730784508)
(-1.207621911 0 -0.9230593999)
(-1.186093059 0 -0.895422774)
(-1.207565117 0 -0.8820861558)
(-1.211709023 0 -0.8438434178)
(-1.116346156 0 -0.7849255221)
(-1.203181927 0 -0.7983054596)
(-1.158771078 0 -0.7372990808)
(-1.013073947 0 -0.6715402776)
(-1.053683856 0 -0.6594379136)
(-0.8899554905 0 -0.5956803572)
(-0.7739540654 0 -0.5192616707)
(-0.9285367056 0 -0.8631712071)
(-1.620295147 0 -1.921882875)
(-0.9902323392 0 -0.9577815184)
(-2.470308042 0 -2.963406424)
(-3.129415683 0 -3.440546067)
(-2.766539547 0 -2.717552913)
(-3.52227121 0 -3.359925692)
(-3.590842439 0 -2.848846123)
(-3.703132035 0 -2.705943036)
(-0.6444980393 0 -0.2488080608)
(-0.7523597872 0 -0.2212109177)
(-0.7638079587 0 -0.1990935342)
(-1.458837471 0 -0.2511319073)
(-1.589799511 0 0.2567132286)
(-1.456954278 0 0.2183776382)
(-1.272062422 0 0.2657475688)
(-1.071139493 0 0.2669261525)
(-1.004393546 0 0.2414627715)
(-0.9082655068 0 0.2661805559)
(-0.7664346126 0 0.2637444152)
(-0.7329985292 0 0.2406731493)
(-0.6491372179 0 0.2627399446)
(-0.5568378552 0 0.2658717814)
(-0.5433218363 0 0.2462536884)
(-0.4886824552 0 0.2750610583)
(-0.4408896561 0 0.2894213643)
(-0.444049296 0 0.2760972728)
(-0.4082621116 0 0.3072344481)
(-0.3863187909 0 0.3262759323)
(-0.3895503341 0 0.3133824015)
(-0.3727248617 0 0.343069863)
(-0.3663331386 0 0.353880862)
(-0.3654876387 0 0.3365046895)
(-0.3655519018 0 0.3552885931)
(-0.36896375 0 0.3437226357)
(-0.3709102281 0 0.3217685619)
(-0.3768665647 0 0.3170654299)
(-0.3918752045 0 0.2841082863)
(-0.3945594045 0 0.2644862579)
(-0.4095752164 0 0.2692339038)
(-0.4111618883 0 0.2748713255)
(-0.4065470538 0 0.2626002809)
(-0.7836621786 0 -0.7871447997)
(-0.8635187571 0 -0.8758751978)
(-0.864216522 0 -0.8556262155)
(-0.94789656 0 -0.9702641347)
(-1.032573401 0 -1.067906614)
(-1.028175787 0 -1.03249708)
(-1.111816218 0 -1.162231233)
(-1.180657926 0 -1.244377951)
(-1.183271561 0 -1.204764549)
(-1.235847932 0 -1.305457611)
(-1.275006503 0 -1.337916717)
(-1.290993437 0 -1.308308156)
(-1.296001049 0 -1.337487168)
(-1.298042571 0 -1.306874956)
(-1.329755867 0 -1.303631733)
(-1.283831991 0 -1.257697129)
(-1.259812093 0 -1.20520595)
(-1.301454047 0 -1.222495535)
(-1.233406932 0 -1.159084927)
(-1.21076509 0 -1.120385334)
(-1.25033454 0 -1.132732464)
(-1.198194797 0 -1.086633007)
(-1.205355364 0 -1.059477247)
(-1.217020866 0 -1.040096222)
(-1.242016895 0 -1.045483416)
(-1.306543193 0 -1.043536236)
(-1.247277135 0 -0.9708892364)
(-1.383570856 0 -1.038099635)
(-1.452344728 0 -1.01080703)
(-1.332467896 0 -0.9220225246)
(-1.4900626 0 -0.9511145508)
(-1.468794758 0 -0.8586908962)
(-1.321434234 0 -0.8025681442)
(-1.353357684 0 -0.7512632107)
(-1.149520865 0 -0.7768901475)
(-1.033624706 0 -0.713599509)
(-1.275600126 0 -1.607272338)
(-1.886650731 0 -2.913346332)
(-1.967771736 0 -2.708540403)
(-2.353729779 0 -3.68350599)
(-2.536930398 0 -3.727464965)
(-3.046791851 0 -3.839128436)
(-2.486891319 0 -3.286039341)
(-2.255608896 0 -2.437107422)
(-3.104432106 0 -2.745016024)
(-1.637120005 0 -0.6562571434)
(-0.7791237323 0 -0.2682005849)
(-0.7488501929 0 -0.247132667)
(-1.54330384 0 -0.3335745139)
(-1.813488563 0 0.3218006558)
(-1.709697281 0 0.2914914285)
(-1.426821754 0 0.3196026104)
(-1.195722551 0 0.3228316253)
(-1.135416525 0 0.2939699084)
(-1.003131507 0 0.322964531)
(-0.8317162749 0 0.3165234445)
(-0.7999611838 0 0.2891276117)
(-0.6907633885 0 0.3088053382)
(-0.5821194904 0 0.3061823324)
(-0.5705738897 0 0.2861630399)
(-0.498922026 0 0.3099298034)
(-0.4364687708 0 0.3180375104)
(-0.4386747024 0 0.3034315734)
(-0.3916694596 0 0.3278601882)
(-0.3622597647 0 0.3381325618)
(-0.3753631516 0 0.3330127687)
(-0.346387658 0 0.348062635)
(-0.340685873 0 0.3550540928)
(-0.3567510013 0 0.3589502714)
(-0.3417464413 0 0.3550003407)
(-0.3485883435 0 0.3443334394)
(-0.3603545389 0 0.3503533096)
(-0.3641214516 0 0.3223875778)
(-0.3930526374 0 0.3000976276)
(-0.3893800064 0 0.2955449747)
(-0.4248452974 0 0.2996400473)
(-0.4273584714 0 0.3114496491)
(-0.4166975544 0 0.2900653131)
(-0.7735058121 0 -0.8255648937)
(-0.8590490072 0 -0.9281051186)
(-0.8629650812 0 -0.9012911126)
(-0.940283862 0 -1.027974071)
(-1.014989996 0 -1.125891998)
(-1.029535207 0 -1.101287648)
(-1.079042605 0 -1.217107097)
(-1.128786923 0 -1.292397674)
(-1.163953249 0 -1.276562099)
(-1.162032093 0 -1.341002458)
(-1.177846505 0 -1.353203366)
(-1.238896656 0 -1.355759473)
(-1.177312017 0 -1.324709174)
(-1.165231417 0 -1.26368681)
(-1.244171788 0 -1.294689039)
(-1.149610955 0 -1.192213136)
(-1.13753235 0 -1.133703469)
(-1.204286189 0 -1.174628056)
(-1.133037064 0 -1.099154757)
(-1.141000582 0 -1.088791829)
(-1.172674314 0 -1.104244858)
(-1.168106715 0 -1.099898239)
(-1.222748348 0 -1.130695046)
(-1.2099528 0 -1.091911353)
(-1.303806664 0 -1.172876236)
(-1.398017153 0 -1.208365157)
(-1.36453799 0 -1.128599581)
(-1.490169347 0 -1.215488609)
(-1.565397105 0 -1.17435148)
(-1.53823363 0 -1.098115786)
(-1.603938704 0 -1.073293826)
(-1.578637656 0 -0.9206763105)
(-1.564535837 0 -0.8978769258)
(-1.462689831 0 -0.7566750159)
(-1.257972457 0 -0.6421950649)
(-1.204966036 0 -0.6281579462)
(-1.033986557 0 -0.6189077283)
(-0.980296483 0 -0.672023955)
(-0.8086714922 0 -0.5597800671)
(-0.9573925467 0 -0.5967852394)
(-0.8549137936 0 -0.4922832818)
(-0.6435994071 0 -0.5070677029)
(-0.61179158 0 -0.3557511386)
(-0.5630814118 0 -0.3056518906)
(-0.4697103252 0 -1.40277241)
(-0.5652262624 0 -0.258564319)
(-0.7954958914 0 -0.2826137694)
(-0.8082706861 0 -0.2816471533)
(-1.417130451 0 -0.4129768755)
(-1.948823798 0 0.3644417534)
(-1.895603652 0 0.3465607201)
(-1.551709896 0 0.3753195662)
(-1.299346426 0 0.3883851605)
(-1.250672405 0 0.3540097643)
(-1.077833249 0 0.3893855514)
(-0.8796860162 0 0.3757646223)
(-0.859041627 0 0.3454543401)
(-0.7188300974 0 0.3576168083)
(-0.5953911861 0 0.3467004474)
(-0.5905218959 0 0.3261393659)
(-0.4997501764 0 0.3454517126)
(-0.4261856331 0 0.3491284315)
(-0.4325965353 0 0.3330833332)
(-0.3724212742 0 0.3518972707)
(-0.3363916815 0 0.3504870659)
(-0.3492325403 0 0.3439049986)
(-0.3164801856 0 0.3457887203)
(-0.3112594764 0 0.3392570656)
(-0.3237675588 0 0.3472024175)
(-0.3208608548 0 0.3304795102)
(-0.3496763674 0 0.3202876226)
(-0.3404244447 0 0.3310846613)
(-0.4052118858 0 0.3195656562)
(-0.4734822124 0 0.348121949)
(-0.4150968128 0 0.3094726017)
(-0.5014045693 0 0.3846651256)
(-0.4718096283 0 0.3883715103)
(-0.4457637872 0 0.3431297501)
(-0.5654887557 0 -0.6360443475)
(-0.6688025961 0 -0.7665939312)
(-0.6769794698 0 -0.7392887272)
(-0.7554946217 0 -0.8776295305)
(-0.829060537 0 -0.9701141044)
(-0.8484963717 0 -0.9521899002)
(-0.8913094087 0 -1.049802744)
(-0.9417042505 0 -1.121416821)
(-0.9860648749 0 -1.134540338)
(-0.9783571923 0 -1.185643478)
(-0.9992620647 0 -1.236251943)
(-1.073158055 0 -1.281732626)
(-1.003613363 0 -1.262830605)
(-0.9939943517 0 -1.256814712)
(-1.092611697 0 -1.321517181)
(-0.9799966438 0 -1.218643484)
(-0.9789595514 0 -1.16292621)
(-1.067688823 0 -1.2149944)
(-1.001219574 0 -1.109070619)
(-1.026709094 0 -1.061998982)
(-1.069033118 0 -1.090113892)
(-1.041339582 0 -1.035530016)
(-1.095776588 0 -1.061617327)
(-1.116334533 0 -1.075471436)
(-1.157906597 0 -1.113211434)
(-1.227924684 0 -1.180546205)
(-1.230902636 0 -1.163638078)
(-1.300846401 0 -1.248459971)
(-1.367188598 0 -1.29850345)
(-1.397017111 0 -1.268373469)
(-1.416937684 0 -1.310228638)
(-1.441270491 0 -1.2620529)
(-1.526203047 0 -1.231176633)
(-1.437365578 0 -1.144373067)
(-1.415380384 0 -0.988219155)
(-1.511509648 0 -0.9412301603)
(-1.389313063 0 -0.8668557826)
(-1.363128852 0 -0.8255501223)
(-1.302981159 0 -0.702951919)
(-1.351668376 0 -0.8546782951)
(-1.408050265 0 -0.932925451)
(-1.203602312 0 -0.8081529327)
(-1.452945262 0 -0.8332576956)
(-1.325469228 0 -0.6733979125)
(-1.112043537 0 -0.5988247561)
(-0.9527622779 0 -0.5044774411)
(-0.8924667151 0 -0.4847530988)
(-0.6785726014 0 -0.3781229572)
(-0.7147695193 0 -0.3490692347)
(-0.6214056427 0 -0.2647215147)
(-0.7237372987 0 -0.2731947395)
(-0.8343083993 0 -0.3031239295)
(-1.930383045 0 0.3674666822)
(-1.963807784 0 0.3730199815)
(-1.632087644 0 0.4382254261)
(-1.369766 0 0.4712574736)
(-1.340352533 0 0.4271322881)
(-1.115230281 0 0.4683761017)
(-0.8941209246 0 0.4406535196)
(-0.8919472289 0 0.4075478618)
(-0.723553411 0 0.409691384)
(-0.591489923 0 0.3912297626)
(-0.5961368303 0 0.3683778982)
(-0.4852177484 0 0.3873811585)
(-0.4036590167 0 0.3877880929)
(-0.416761631 0 0.3670712208)
(-0.3463814313 0 0.3813535486)
(-0.3143091819 0 0.364396091)
(-0.3241251829 0 0.3575505471)
(-0.3089838259 0 0.3470004668)
(-0.3379516927 0 0.3379842945)
(-0.3100518683 0 0.3341029421)
(-0.4243456668 0 0.3525550681)
(-0.5755978728 0 0.4232085952)
(-0.4071081841 0 0.3326247437)
(-0.6895184531 0 0.5305333329)
(-0.6838941444 0 0.5790646141)
(-0.5735384762 0 0.4411151076)
(-0.6088075479 0 0.5604262363)
(-0.5183233736 0 0.5139043706)
(-0.4996685256 0 0.4473801555)
(-0.4285398076 0 0.4601488284)
(-0.3467649241 0 0.4044473322)
(-0.3467118571 0 0.3633513889)
(-0.5526858391 0 -0.7020050442)
(-0.6427187215 0 -0.82879331)
(-0.6578564791 0 -0.7968212086)
(-0.7113405421 0 -0.9221236871)
(-0.7616527215 0 -0.9847083163)
(-0.8000730743 0 -0.9807570283)
(-0.794710445 0 -1.018618341)
(-0.8138287637 0 -1.033057518)
(-0.8830975353 0 -1.085233409)
(-0.8234427669 0 -1.040928496)
(-0.8268069317 0 -1.050863432)
(-0.9139330916 0 -1.154709455)
(-0.8310463717 0 -1.072055588)
(-0.8640865873 0 -1.133624146)
(-0.9037699673 0 -1.170399303)
(-0.97926225 0 -1.268339084)
(-1.185804383 0 -1.423539225)
(-0.9752879293 0 -1.173075819)
(-1.379500104 0 -1.465566177)
(-1.360416277 0 -1.288623124)
(-1.091067202 0 -1.101803423)
(-0.97732306 0 -0.9664757428)
(-1.058759665 0 -1.019164257)
(-1.076644728 0 -1.043234209)
(-1.134844211 0 -1.08358759)
(-1.202137345 0 -1.156059806)
(-1.215855493 0 -1.176878281)
(-1.256996791 0 -1.221609285)
(-1.294829375 0 -1.268186668)
(-1.32618093 0 -1.295574407)
(-1.311879128 0 -1.283929153)
(-1.311707334 0 -1.263053723)
(-1.357026227 0 -1.268527152)
(-1.312893833 0 -1.217183102)
(-1.341454538 0 -1.175687047)
(-1.355277344 0 -1.073817194)
(-1.401496387 0 -1.159916652)
(-1.472742036 0 -1.164426303)
(-1.427974157 0 -0.9898073659)
(-1.546680532 0 -1.17022084)
(-1.633406568 0 -1.134730322)
(-1.556741061 0 -1.040603664)
(-1.658221905 0 -0.9485444508)
(-1.522443642 0 -0.7214990544)
(-1.458817722 0 -0.7101876454)
(-1.316228616 0 -0.5900539007)
(-1.2542863 0 -0.6153955152)
(-1.103060577 0 -0.5687647385)
(-1.072221984 0 -0.4395694602)
(-0.5009897912 0 -0.2844886989)
(-0.5382553245 0 -0.2730044298)
(-0.7693755068 0 -0.3311747298)
(-1.871052465 0 0.3742884061)
(-1.87457476 0 0.3574260356)
(-1.631754665 0 0.5230486604)
(-1.36285914 0 0.5765686477)
(-1.380399739 0 0.521281177)
(-1.082976128 0 0.5567686127)
(-0.8574294769 0 0.5011358784)
(-0.8838537732 0 0.4736523758)
(-0.6930403947 0 0.4581347049)
(-0.5512296309 0 0.4315463931)
(-0.5786088113 0 0.4140458826)
(-0.438163585 0 0.4352726176)
(-0.3655246742 0 0.4398725148)
(-0.3862428592 0 0.4120705956)
(-0.3151702261 0 0.4132142505)
(-0.3443548919 0 0.3532695982)
(-0.3130321956 0 0.3681879588)
(-0.5071830666 0 0.3864650613)
(-0.8420123235 0 0.5981785905)
(-0.4566481005 0 0.377981131)
(-1.066434245 0 0.8334694597)
(-1.097269157 0 0.9704794055)
(-0.8622823342 0 0.6639618303)
(-0.9696682536 0 0.9891292672)
(-0.7519994154 0 0.8780036163)
(-0.760357092 0 0.7337877071)
(-0.5489429074 0 0.7020628412)
(-0.4522136013 0 0.6075195509)
(-0.5145341257 0 0.5799968112)
(-0.4149865433 0 0.5813223126)
(-0.3165001025 0 0.4734305968)
(-0.344834924 0 0.4499417262)
(-0.5258123262 0 -0.7823715054)
(-0.5887056405 0 -0.8798122743)
(-0.6205715974 0 -0.858728346)
(-0.6331476219 0 -0.9441458845)
(-0.6577993674 0 -0.9715626452)
(-0.7140143238 0 -0.9821981514)
(-0.6659133806 0 -0.9659711922)
(-0.6659985986 0 -0.9426574855)
(-0.7394898232 0 -0.9805691402)
(-0.6716766983 0 -0.9407160658)
(-0.7281346916 0 -1.113875344)
(-0.7515239669 0 -0.9761962028)
(-0.9178315187 0 -1.656933636)
(-1.217082665 0 -2.301738966)
(-0.9707308404 0 -1.423399402)
(-1.547507902 0 -2.718333065)
(-1.850432761 0 -2.797698507)
(-1.576160545 0 -2.02107596)
(-2.031034965 0 -2.497826511)
(-1.854756336 0 -1.765720636)
(-1.719621067 0 -1.578497837)
(-0.9553150876 0 -0.7644938461)
(-1.027583463 0 -0.9708293515)
(-1.042974716 0 -0.9931051307)
(-1.115576259 0 -1.042767205)
(-1.19120261 0 -1.115284159)
(-1.193930536 0 -1.130499417)
(-1.250484474 0 -1.174406072)
(-1.291896761 0 -1.217050871)
(-1.28491279 0 -1.235753581)
(-1.315644079 0 -1.242519125)
(-1.327011478 0 -1.257572653)
(-1.307939915 0 -1.258197472)
(-1.337473558 0 -1.276363193)
(-1.359846627 0 -1.311774053)
(-1.34872117 0 -1.261927477)
(-1.400897275 0 -1.362832509)
(-1.463507792 0 -1.408306661)
(-1.479951516 0 -1.314267916)
(-1.557173483 0 -1.408480602)
(-1.679614708 0 -1.314201255)
(-1.644569616 0 -1.221456202)
(-1.724417593 0 -1.087857113)
(-1.435570748 0 -0.746683042)
(-1.5165091 0 -0.7249388527)
(-1.401871424 0 -0.6222894498)
(-1.324903444 0 -0.6278951726)
(-1.326555703 0 -0.6294526273)
(-1.141487719 0 -0.3920116215)
(-0.8735850281 0 -0.2190465743)
(-0.6432069801 0 -0.2419714466)
(-0.7696223316 0 -0.4527609388)
(-1.170294674 0 0.01647414364)
(-1.683757614 0 0.3616470147)
(-1.298774682 0 0.5209213003)
(-1.135730838 0 0.6066587057)
(-1.298847414 0 0.6260458022)
(-0.8752225847 0 0.5271286934)
(-0.7191358066 0 0.4496267417)
(-0.8080800895 0 0.5071236308)
(-0.5982927826 0 0.4556018731)
(-0.4044729717 0 0.368513584)
(-0.4968186615 0 0.4266686586)
(-0.2936958876 0 0.311403718)
(-0.2625902601 0 0.3120856537)
(-0.343815572 0 0.4585153899)
(-0.2200654308 0 0.3656121517)
(-0.1793479731 0 0.4383167478)
(-0.5433747423 0 0.2014888792)
(-0.3899422996 0 0.8565516086)
(-0.2970763991 0 0.7132590903)
(-1.081065407 0 0.9562696177)
(-0.1497285548 0 0.5048121849)
(-0.4565275125 0 1.655469972)
(-1.156897164 0 1.286218002)
(-0.4135387327 0 1.530860652)
(-0.3121507985 0 1.166471507)
(-0.6078553782 0 0.9813571161)
(-0.1901630152 0 0.7113219344)
(-0.1032649511 0 0.3954603884)
(-0.1428030515 0 0.362445075)
(-0.07514469994 0 0.3102059687)
(-0.06909767622 0 0.3034827191)
(-0.06312325715 0 0.2380454568)
(-0.4559840523 0 -0.809430783)
(-0.496390737 0 -0.8796760571)
(-0.5467683343 0 -0.8873086887)
(-0.520317215 0 -0.9153380996)
(-0.529219519 0 -0.919975359)
(-0.5949631322 0 -0.9505833226)
(-0.5302190324 0 -0.9092270176)
(-0.5397941342 0 -0.9540887333)
(-0.5984322486 0 -0.9294995888)
(-0.6209826862 0 -1.427787484)
(-0.8002199137 0 -2.508644301)
(-0.799382134 0 -1.762278847)
(-0.9645006807 0 -3.484707306)
(-1.066789641 0 -4.021901367)
(-1.306077947 0 -3.362926651)
(-1.109229669 0 -4.112630697)
(-1.126190252 0 -3.819921152)
(-1.710780789 0 -3.479675835)
(-1.177466045 0 -3.028589803)
(-1.110829613 0 -1.501506453)
(-1.620461208 0 -1.700859619)
(-0.9553823052 0 -0.2007774967)
(-0.9764027772 0 -0.9348682417)
(-1.00699174 0 -0.9530313262)
(-1.080328884 0 -1.028308012)
(-1.164436426 0 -1.112148204)
(-1.184735164 0 -1.113699722)
(-1.232882638 0 -1.175429096)
(-1.285635876 0 -1.218264467)
(-1.298052437 0 -1.216037821)
(-1.324257394 0 -1.241548587)
(-1.351228061 0 -1.25445593)
(-1.347864546 0 -1.257858881)
(-1.370752677 0 -1.274713926)
(-1.393839706 0 -1.326029033)
(-1.373370066 0 -1.323507575)
(-1.447772426 0 -1.426144168)
(-1.573131955 0 -1.554363777)
(-1.483220968 0 -1.461765873)
(-1.78842059 0 -1.62649288)
(-2.034501302 0 -1.530548008)
(-1.840609304 0 -1.419284467)
(-2.089621144 0 -1.20695375)
(-1.266092974 0 -0.7852941369)
(-1.313807577 0 -0.7943191557)
(-1.299063979 0 -0.913170092)
(-1.346140477 0 -0.7865443647)
(-1.298254235 0 -0.6593135354)
(-1.383997326 0 -0.6187382811)
(-1.349615053 0 -0.4897058501)
(-1.096750585 0 -0.3041795208)
(-1.423331367 0 -0.6523168384)
(-1.615350911 0 -0.5754660599)
(-1.280083931 0 -0.4702210486)
(-0.2029666274 0 -0.323553631)
(-0.221157563 0 -0.2698327384)
(-0.7659511512 0 0.332637571)
(-0.2482767654 0 -0.2174140516)
(-0.2940181604 0 -0.1907278531)
(-0.5488328914 0 0.2312161086)
(-0.3606960298 0 0.3223893318)
(-0.3700151689 0 0.3721405583)
(-0.3592104962 0 0.3730588008)
(-0.3225526711 0 0.4773937009)
(-0.3590795434 0 0.4788870019)
(-0.294092022 0 0.3982170568)
(-0.2466403033 0 0.8323660451)
(-0.1951141109 0 0.8207375481)
(-0.1825473968 0 0.5826717083)
(-0.1535221771 0 0.7125621722)
(-0.1355807455 0 0.6441651211)
(-0.131006074 0 0.5343540567)
(-0.131624023 0 0.6835038138)
(0.4415418724 0 1.504023979)
(0.5342066457 0 2.318574503)
(0.5868135692 0 1.832569608)
(0.5734662364 0 1.900633565)
(0.4899016118 0 2.601572001)
(0.5241559654 0 1.865136669)
(0.4714345752 0 1.787738997)
(0.3938937971 0 2.179893106)
(0.4222785865 0 1.692098759)
(0.377082443 0 1.586472211)
(0.3482041331 0 1.96606979)
(-0.3577661948 0 -0.7838238405)
(-0.3801480888 0 -0.8247067387)
(-0.4400709121 0 -0.8578852801)
(-0.3944892629 0 -0.8423588337)
(-0.4029201266 0 -0.8440621936)
(-0.464621166 0 -0.8830375092)
(-0.4080837021 0 -0.8363469896)
(-0.412224895 0 -0.8230722259)
(-0.4663081984 0 -0.84890575)
(-0.4175550984 0 -0.8064338741)
(-0.4264105257 0 -0.7877876314)
(-0.4700005484 0 -0.7975718179)
(-0.4402624551 0 -0.7679664038)
(-0.4546297749 0 -0.7504903771)
(-0.3988850959 0 -0.7942172967)
(-0.4195587997 0 -0.7669819799)
(-0.1507122283 0 -0.924454613)
(0.6936979135 0 -1.366917396)
(0.3268044895 0 -1.196449882)
(0.4251782305 0 -1.274719316)
(0.8228922099 0 -1.498580179)
(-0.778849042 0 -0.7837374378)
(-0.8885032731 0 -0.8806310534)
(-0.9384796579 0 -0.9192807096)
(-0.9926393292 0 -0.9770062212)
(-1.080486464 0 -1.065399949)
(-1.128579204 0 -1.096493955)
(-1.152497016 0 -1.135096258)
(-1.211487981 0 -1.183338504)
(-1.253657254 0 -1.208131036)
(-1.261263302 0 -1.213127606)
(-1.306122357 0 -1.237464792)
(-1.333178385 0 -1.248132252)
(-1.351758991 0 -1.288979178)
(-1.408674581 0 -1.426196742)
(-1.414264532 0 -1.36675359)
(-1.489061059 0 -1.673380274)
(-1.592743871 0 -1.926605396)
(-1.654497034 0 -1.73742614)
(-1.703853417 0 -2.001938289)
(-1.787639449 0 -1.726686397)
(-2.078035085 0 -1.644269905)
(-1.746830484 0 -1.066097579)
(-1.436480336 0 -0.5508784401)
(-1.340918915 0 -0.6555619836)
(-1.465531084 0 -1.221479458)
(-1.613991126 0 -1.181696233)
(-1.481705973 0 -0.9828467341)
(-1.762739508 0 -1.087347116)
(-1.874616896 0 -0.9525274159)
(-1.636886657 0 -0.7261229692)
(-1.945895397 0 -0.8159934388)
(-1.801493873 0 -0.5360323908)
(-1.802752268 0 -0.5852439079)
(-0.6075059051 0 -0.1627746163)
(-0.1289820302 0 -0.355109335)
(-0.1610421755 0 -0.3144889886)
(-0.1384932449 0 -0.3350780921)
(-0.1793833329 0 -0.2717699419)
(-0.2354046206 0 -0.2420905261)
(-0.1155124204 0 0.1892321039)
(-0.1701232963 0 0.2072652338)
(-0.4087303724 0 -0.08086492157)
(-0.2100324076 0 0.3902534857)
(-0.2155649296 0 0.7246045678)
(-0.3069222361 0 0.8645260298)
(-0.207755285 0 0.8589664854)
(-0.2074930364 0 0.6907242573)
(-0.0430184553 0 0.7030344889)
(-0.1313264965 0 0.7588963653)
(-0.1139506326 0 0.7324934727)
(-0.1306065425 0 0.6791607015)
(-0.113577945 0 0.7359808748)
(0.1152465589 0 0.8841979255)
(0.2567342349 0 1.069646514)
(0.1885338457 0 0.8975121725)
(0.2027026329 0 0.8699343171)
(0.3953053157 0 1.232408122)
(0.1983861076 0 0.8373131494)
(0.1880813354 0 0.8071515605)
(0.3357479804 0 1.167190616)
(0.175780428 0 0.7786851223)
(0.1630564258 0 0.7505357628)
(0.2699756823 0 1.064575794)
(-0.2468002567 0 -0.7273122126)
(-0.2587464887 0 -0.7524172696)
(-0.3188529372 0 -0.785970251)
(-0.2715639654 0 -0.7678288959)
(-0.2859746783 0 -0.7771323523)
(-0.3436023229 0 -0.8060324143)
(-0.3021441828 0 -0.7835039126)
(-0.3204047407 0 -0.7885753614)
(-0.3636267678 0 -0.7998625653)
(-0.3410482453 0 -0.7919722281)
(-0.36362259 0 -0.7915030099)
(-0.3893473239 0 -0.7827193705)
(-0.3871180958 0 -0.7845655651)
(-0.4108390399 0 -0.7696108954)
(-0.4287888527 0 -0.7528981999)
(-0.4352714974 0 -0.7467121729)
(-0.4630387692 0 -0.7177722605)
(-0.4897955391 0 -0.7065788725)
(-0.5002291481 0 -0.6884408515)
(-0.5569295106 0 -0.6739305603)
(-0.6047141577 0 -0.6987287268)
(-0.643283326 0 -0.6976246212)
(-0.7503814844 0 -0.7661847978)
(-0.8247253062 0 -0.8289559622)
(-0.8557197185 0 -0.8571264515)
(-0.9490158157 0 -0.9463464923)
(-1.020397347 0 -1.015573589)
(-1.030486574 0 -1.022397176)
(-1.102985931 0 -1.081887926)
(-1.160724594 0 -1.141153383)
(-1.168640453 0 -1.125947778)
(-1.227873151 0 -1.158268251)
(-1.269589531 0 -1.207788255)
(-1.278836579 0 -1.182649903)
(-1.31541724 0 -1.202274132)
(-1.358028539 0 -1.389345293)
(-1.320288022 0 -1.222468447)
(-1.253955472 0 -1.252992675)
(-1.365117815 0 -1.863397862)
(-1.079622161 0 -1.29990877)
(-0.8817560721 0 -1.346900355)
(-1.179582609 0 -1.654401095)
(-0.944113171 0 -1.367071227)
(-1.510785741 0 -1.384383339)
(-1.483315613 0 -0.7486219439)
(-1.571948874 0 -1.438497888)
(-1.634442024 0 -1.441220532)
(-1.674144198 0 -1.345383302)
(-1.678881827 0 -1.370001759)
(-1.695843138 0 -1.191973114)
(-1.90060377 0 -1.108720749)
(-1.688385685 0 -0.8965533832)
(-1.607100824 0 -0.4608975205)
(-1.712725621 0 -0.4564502094)
(-1.207178229 0 0.2483065728)
(-0.8518010998 0 -0.1756734522)
(-0.540451525 0 -0.2679898374)
(-0.03037857513 0 -0.308928529)
(0.1666140509 0 -0.2852898025)
(0.07065243113 0 -0.362704895)
(-0.01036252456 0 -0.192406553)
(-0.4956845011 0 -0.4537968783)
(-0.03929662937 0 0.2917986567)
(0.2611730491 0 0.6773746979)
(0.2157920753 0 0.5304574701)
(0.02143977224 0 0.3710974403)
(0.1844088987 0 0.4366218913)
(0.1563700161 0 0.3698817389)
(0.2094568428 0 0.5175621368)
(0.1084373615 0 0.3204939957)
(0.09159474538 0 0.2609174231)
(0.1454281433 0 0.4684548235)
(0.07893588083 0 0.2097470816)
(0.06862036856 0 0.1990249011)
(0.1418343344 0 0.5041949305)
(0.06756126499 0 0.2141493826)
(0.07122675309 0 0.242739606)
(0.1489736273 0 0.6149277186)
(0.07527781253 0 0.2807326961)
(0.0784577564 0 0.3153786339)
(0.1351368997 0 0.5927137045)
(0.08050591133 0 0.3415832522)
(0.08111969758 0 0.3602703652)
(0.1193376992 0 0.5551722532)
(-0.1494879022 0 -0.7443709145)
(-0.1645826504 0 -0.7929670385)
(-0.2042275107 0 -0.742672618)
(-0.1844162491 0 -0.8345097171)
(-0.210130847 0 -0.8676285879)
(-0.2351445618 0 -0.7815320532)
(-0.2402526594 0 -0.8911794689)
(-0.2720802905 0 -0.9033528883)
(-0.2869808965 0 -0.8140014418)
(-0.3032549853 0 -0.9034433009)
(-0.3324526157 0 -0.8927172293)
(-0.3459772087 0 -0.8259240172)
(-0.3594691497 0 -0.8738796362)
(-0.3849062836 0 -0.8497524184)
(-0.3980987229 0 -0.7995341945)
(-0.4095804815 0 -0.8218659991)
(-0.4339613636 0 -0.7895040718)
(-0.4448243247 0 -0.7405990742)
(-0.4582516027 0 -0.7498425363)
(-0.4844838288 0 -0.7011635493)
(-0.511297464 0 -0.6687779827)
(-0.5218486323 0 -0.6540107667)
(-0.5853830675 0 -0.6408227348)
(-0.6674180433 0 -0.697077183)
(-0.6741013149 0 -0.6816454775)
(-0.7710276743 0 -0.7553374167)
(-0.8658967159 0 -0.8583356501)
(-0.866930449 0 -0.8367740194)
(-0.9596934075 0 -0.91473988)
(-1.036842612 0 -1.006229366)
(-1.046812263 0 -0.9846656398)
(-1.125466176 0 -1.044700805)
(-1.181854267 0 -1.107978771)
(-1.194968423 0 -1.095435839)
(-1.256438928 0 -1.138674288)
(-1.296702877 0 -1.176307381)
(-1.31246218 0 -1.177334969)
(-1.365585384 0 -1.215025556)
(-1.387362606 0 -1.232617881)
(-1.416271937 0 -1.255130174)
(-1.462084421 0 -1.299999604)
(-1.45622712 0 -1.307155107)
(-1.499426866 0 -1.348791983)
(-1.524506976 0 -1.394253187)
(-1.527253297 0 -1.409301408)
(-1.527895853 0 -1.425429652)
(-1.505204593 0 -1.426866906)
(-1.546705381 0 -1.456439643)
(-1.451890515 0 -1.38191092)
(-1.37656858 0 -1.280917134)
(-1.463626686 0 -1.242569162)
(-1.306909293 0 -1.106754071)
(-1.28498927 0 -0.7939166232)
(-1.40259439 0 -0.5851161785)
(-1.315634136 0 -0.2449015451)
(-1.137358409 0 -0.2164951246)
(-1.06104406 0 -0.103786751)
(-0.653797753 0 -0.5512393554)
(-0.4383940901 0 -0.3899789731)
(-0.1475929369 0 -0.2940726479)
(-0.3233726625 0 -0.292267634)
(-0.3011581058 0 -0.258576113)
(-0.3174112315 0 -0.2751142911)
(-0.3152981669 0 -0.2409600993)
(0.1273570555 0 0.2980125889)
(0.144776369 0 0.353335862)
(0.1034200648 0 0.2451501644)
(0.08128598763 0 0.1927873948)
(0.1097924703 0 0.2633792583)
(0.07066055072 0 0.1664540535)
(-0.1032532727 0 0.3030084096)
(0.06346588207 0 0.184176109)
(-0.08770761827 0 0.2459437261)
(-0.05974948219 0 0.1894179526)
(0.03369708189 0 0.1415738476)
(-0.03657621449 0 0.1538648472)
(-0.01632329152 0 0.1403093181)
(0.02282534635 0 0.1273014893)
(0.006036424866 0 0.1282273201)
(0.02576191055 0 0.1055299732)
(0.03780054604 0 0.126157153)
(0.03174427806 0 0.09074517978)
(0.03160347424 0 0.08755489496)
(0.04422064264 0 0.164858502)
(-0.1430510769 0 -1.151677999)
(-0.1818201951 0 -1.222215666)
(-0.158877746 0 -0.9630927847)
(-0.2101436219 0 -1.247980587)
(-0.230659635 0 -1.234355788)
(-0.2190588552 0 -1.046559975)
(-0.2467260936 0 -1.194931711)
(-0.2614100706 0 -1.146421182)
(-0.2709274215 0 -1.034912271)
(-0.2779183829 0 -1.104448831)
(-0.2990880498 0 -1.077982871)
(-0.3179436536 0 -0.981440517)
(-0.3266597749 0 -1.067732193)
(-0.3609670713 0 -1.068404557)
(-0.3711642216 0 -0.9350231664)
(-0.4009936474 0 -1.071674331)
(-0.4444582011 0 -1.068127094)
(-0.4339633106 0 -0.8923464381)
(-0.4874110978 0 -1.047484173)
(-0.5231301758 0 -0.9975493243)
(-0.4883917407 0 -0.8025813855)
(-0.5413933063 0 -0.9037661933)
(-0.5353248677 0 -0.7604767423)
(-0.5292638028 0 -0.6416214163)
(-0.5277656075 0 -0.6141695318)
(-0.5695675873 0 -0.5628666094)
(-0.6678590893 0 -0.6483401213)
(-0.6604014655 0 -0.6126728351)
(-0.7682002469 0 -0.7014445739)
(-0.8697625008 0 -0.8107805462)
(-0.8761784178 0 -0.7967597202)
(-0.9748537714 0 -0.8854103098)
(-1.056924419 0 -0.9698402016)
(-1.063482628 0 -0.9635652265)
(-1.145787167 0 -1.033205093)
(-1.207081557 0 -1.091008357)
(-1.226677312 0 -1.098266596)
(-1.308842868 0 -1.162020046)
(-1.341868923 0 -1.192561318)
(-1.390958289 0 -1.225072019)
(-1.468753164 0 -1.285438274)
(-1.468169247 0 -1.291597857)
(-1.536994164 0 -1.339865477)
(-1.590474477 0 -1.384823287)
(-1.549975589 0 -1.376234385)
(-1.624259212 0 -1.416858208)
(-1.634176426 0 -1.43273336)
(-1.545708781 0 -1.407733351)
(-1.61863176 0 -1.429751627)
(-1.581081263 0 -1.406035514)
(-1.440679275 0 -1.331816589)
(-1.529788226 0 -1.359840789)
(-1.468498632 0 -1.28727382)
(-1.331022921 0 -1.070032788)
(-1.375056425 0 -1.181730026)
(-1.211257638 0 -1.043901761)
(-1.111145367 0 -0.656440878)
(-1.007982832 0 -0.8693639338)
(-0.7666795912 0 -0.6627523059)
(-0.5859234038 0 -0.5083229549)
(-0.5186700242 0 -0.454587119)
(-0.3560486528 0 -0.3312633861)
(-0.3273322545 0 -0.2917769523)
(-0.2845473608 0 -0.2628192901)
(0.2179902982 0 -0.00233051928)
(0.1995123285 0 0.3709934247)
(0.2710218995 0 0.5126788088)
(0.2300792879 0 0.5560987247)
(-0.1257927309 0 0.3817964034)
(0.3224581589 0 0.3278227013)
(0.3733152091 0 1.07635023)
(-0.3408137084 0 0.6460829292)
(0.3214753492 0 1.063929323)
(0.2576181396 0 0.9315316122)
(-0.1598174853 0 0.3608336179)
(0.2054887569 0 0.7590333863)
(0.1799676694 0 0.6509422184)
(0.01657655903 0 0.12913592)
(0.1676623878 0 0.6053477527)
(0.1577541593 0 0.5738305399)
(0.03140586939 0 0.08868618074)
(0.1452094151 0 0.5325321453)
(0.1295908544 0 0.4809923851)
(0.02947570334 0 0.08313675825)
(-0.1927540864 0 -1.47671126)
(-0.1933988895 0 -1.391654022)
(-0.2213264921 0 -1.351854933)
(-0.1952718441 0 -1.314399103)
(-0.2027144603 0 -1.27236845)
(-0.235740846 0 -1.219734384)
(-0.2184265503 0 -1.271991973)
(-0.2430167129 0 -1.303797166)
(-0.2750797229 0 -1.189261181)
(-0.2762165083 0 -1.355431489)
(-0.318169517 0 -1.419266234)
(-0.3486897947 0 -1.241404298)
(-0.3693770889 0 -1.489440425)
(-0.4300847704 0 -1.557230109)
(-0.4524441149 0 -1.302410794)
(-0.4995267114 0 -1.609409376)
(-0.5748206179 0 -1.62711152)
(-0.5677820794 0 -1.282461125)
(-0.6462853224 0 -1.579845611)
(-0.6864675524 0 -1.420447652)
(-0.6075675759 0 -1.024988465)
(-0.6411727448 0 -1.092665972)
(-0.508509227 0 -0.6588808035)
(-0.5055662308 0 -0.5462334208)
(-0.4709208317 0 -0.4550693125)
(-0.5553956122 0 -0.5036660224)
(-0.6607881576 0 -0.5968556681)
(-0.6647726053 0 -0.5958942943)
(-0.7759773995 0 -0.6978834625)
(-0.8802137345 0 -0.7940919601)
(-0.8821354824 0 -0.7955037861)
(-0.9859294632 0 -0.8876878612)
(-1.072056342 0 -0.9655339101)
(-1.092867631 0 -0.9780597528)
(-1.205418933 0 -1.069777949)
(-1.264399354 0 -1.122259492)
(-1.320766955 0 -1.162724912)
(-1.433281592 0 -1.253983458)
(-1.459135493 0 -1.276457383)
(-1.537520948 0 -1.339615449)
(-1.629275091 0 -1.41582061)
(-1.619986738 0 -1.406623177)
(-1.705397871 0 -1.479368938)
(-1.763332886 0 -1.527608949)
(-1.715687532 0 -1.485487932)
(-1.80078322 0 -1.558336875)
(-1.815397484 0 -1.56945317)
(-1.725800872 0 -1.492202989)
(-1.804417135 0 -1.558502192)
(-1.764232879 0 -1.522282148)
(-1.63377545 0 -1.408588091)
(-1.689932801 0 -1.456730745)
(-1.575162439 0 -1.356910728)
(-1.3969058 0 -1.202327131)
(-1.412606587 0 -1.216681599)
(-1.194652254 0 -1.029946246)
(-0.9740448354 0 -0.8407125944)
(-0.9190992447 0 -0.7957949053)
(-0.6074364601 0 -0.5374475698)
(-0.449111977 0 -0.4027059036)
(-0.3943633373 0 -0.4042580263)
(-0.412220685 0 -0.3612949416)
(-0.3621466024 0 -0.3224315885)
(0.3196010753 0 0.5670006732)
(0.2721615697 0 0.5076565055)
(0.2670350897 0 0.53918279)
(0.2311506706 0 0.4492578299)
(0.4396615597 0 1.018042501)
(0.4086494522 0 1.053067626)
(0.3664867212 0 0.9175091276)
(0.3124376286 0 0.8260808266)
(0.3040968256 0 0.8989389472)
(0.2705032087 0 0.7453219381)
(0.2359800843 0 0.6718561925)
(0.2263129792 0 0.7118129477)
(0.2071903217 0 0.6062888082)
(0.1833010453 0 0.549359011)
(0.1770070776 0 0.578886702)
(-0.1258436416 0 -1.332383389)
(-0.1316641664 0 -1.333584874)
(-0.1603899884 0 -1.374717827)
(-0.1408756493 0 -1.367681093)
(-0.1527694155 0 -1.419425382)
(-0.1734334766 0 -1.32514332)
(-0.167024763 0 -1.478555413)
(-0.1834365027 0 -1.537856004)
(-0.2104542424 0 -1.411543801)
(-0.2009953816 0 -1.591910609)
(-0.2174410455 0 -1.627927157)
(-0.2727223172 0 -1.564169282)
(-0.2302983783 0 -1.636995458)
(-0.2424089455 0 -1.638045878)
(-0.3643065689 0 -1.750355891)
(-0.2567869806 0 -1.655307093)
(-0.2733747868 0 -1.709576213)
(-0.4951817106 0 -1.927173283)
(-0.3041846618 0 -1.869561775)
(-0.3520123359 0 -2.037770285)
(-0.6567486951 0 -1.879666174)
(-0.4120848013 0 -1.96006076)
(-0.4504326336 0 -1.346341758)
(-0.5623752297 0 -0.9511103496)
(-0.3992004562 0 -0.45801784)
(-0.3743611948 0 -0.3499214293)
(-0.4571048037 0 -0.4202070512)
(-0.454080963 0 -0.4074171418)
(-0.554619294 0 -0.4961345534)
(-0.6659940837 0 -0.5977041684)
(-0.6644196004 0 -0.5973689242)
(-0.7793181132 0 -0.7013841728)
(-0.8880493087 0 -0.7995431283)
(-0.9029156611 0 -0.8085520045)
(-1.038418816 0 -0.921910607)
(-1.130553409 0 -1.003375385)
(-1.182736445 0 -1.041271821)
(-1.328575626 0 -1.162709465)
(-1.390621067 0 -1.216771022)
(-1.468609912 0 -1.280750905)
(-1.597425138 0 -1.390365521)
(-1.622641959 0 -1.411206565)
(-1.711629211 0 -1.487917447)
(-1.808574765 0 -1.570545258)
(-1.794663331 0 -1.556566415)
(-1.886138472 0 -1.636120115)
(-1.942392681 0 -1.682908834)
(-1.887213824 0 -1.632984219)
(-1.975225504 0 -1.709156962)
(-1.981890224 0 -1.71264463)
(-1.880866751 0 -1.623785118)
(-1.958476875 0 -1.690207961)
(-1.899268272 0 -1.637176492)
(-1.744127005 0 -1.502792656)
(-1.795972839 0 -1.546712509)
(-1.637000436 0 -1.409246814)
(-1.418223759 0 -1.221593935)
(-1.407644264 0 -1.212930416)
(-1.094186021 0 -0.9486381947)
(-0.8339518073 0 -0.7275928574)
(-0.7033014525 0 -0.6376031319)
(-0.4097671448 0 -0.6040100822)
(-0.4412576269 0 -0.4947221312)
(-0.464694018 0 -0.5373336158)
(0.1947358944 0 0.3433461919)
(0.2280679352 0 0.4133779319)
(0.1575243858 0 0.2751588971)
(0.1680644436 0 0.3328669995)
(0.3564771671 0 0.7702386757)
(0.1916335076 0 0.4177609507)
(0.1962985439 0 0.4554538224)
(0.2808180309 0 0.6929488236)
(0.1893268359 0 0.4591484911)
(0.1778548775 0 0.4468772238)
(0.2204158496 0 0.5859913947)
(0.1652820532 0 0.4278271424)
(0.1524868159 0 0.4057644096)
(0.1759328765 0 0.4939971154)
(-0.02884384129 0 -0.1480450148)
(-0.06070567062 0 -0.1715474886)
(-0.003583485109 0 -0.147686489)
(-0.1034283163 0 -0.2866180669)
(-0.1117892019 0 -0.5733038977)
(-0.0717504238 0 -0.2462716065)
(-0.07922975151 0 -0.8810093537)
(-0.3671092594 0 -0.722808797)
(-0.1624553428 0 -0.3518745663)
(-0.4281310363 0 -0.815603832)
(-0.4116398568 0 -0.7768241005)
(-0.1158421253 0 -0.2713603314)
(-0.07384480014 0 -0.1499211604)
(-0.08735702553 0 -0.1280200903)
(-0.01407675963 0 -0.246540853)
(-0.1005534432 0 -0.1401239392)
(-0.1132721162 0 -0.1607819708)
(0.04249146044 0 -0.4880754803)
(-0.1246061633 0 -0.1871123966)
(-0.1148062856 0 -0.2479093425)
(0.1603157924 0 -0.8391332773)
(-0.08180603723 0 -0.3382159605)
(-0.06518511999 0 -0.4140025752)
(0.1695995937 0 -1.029731133)
(-0.2106036506 0 -0.2146582023)
(-0.2479487795 0 -0.2415017303)
(-0.3076717114 0 -0.2899862825)
(-0.3006506697 0 -0.274174216)
(-0.3611280467 0 -0.3212266748)
(-0.4488996812 0 -0.3999096774)
(-0.4410595698 0 -0.3925750613)
(-0.5428840853 0 -0.4864230281)
(-0.6622493545 0 -0.5952303685)
(-0.6628448645 0 -0.5939408576)
(-0.802492275 0 -0.7140279264)
(-0.9286198019 0 -0.8250788415)
(-0.9626978963 0 -0.8489196071)
(-1.137512359 0 -0.9965126358)
(-1.244995616 0 -1.089958263)
(-1.314549319 0 -1.147645471)
(-1.482679744 0 -1.292286262)
(-1.551651689 0 -1.351473391)
(-1.638342466 0 -1.426648909)
(-1.77809238 0 -1.547118398)
(-1.803890373 0 -1.568072508)
(-1.899332229 0 -1.651109845)
(-2.000057844 0 -1.736775902)
(-1.980643434 0 -1.717980262)
(-2.078560925 0 -1.802642637)
(-2.133009395 0 -1.847210637)
(-2.066352952 0 -1.787452595)
(-2.160927123 0 -1.868500552)
(-2.158511484 0 -1.863463737)
(-2.038028632 0 -1.757915745)
(-2.119635226 0 -1.827118601)
(-2.03432075 0 -1.75123952)
(-1.844260636 0 -1.58731984)
(-1.886469304 0 -1.622473278)
(-1.651092555 0 -1.420396158)
(-1.372245342 0 -1.183357509)
(-1.294399486 0 -1.120414298)
(-0.7983032426 0 -0.7432733317)
(-0.5528837441 0 -0.5645029371)
(-0.6385722011 0 -1.503076236)
(0.2957946438 0 -0.6987129916)
(-0.137591406 0 0.2532242544)
(0.8345655726 0 0.9412883899)
(0.6666290983 0 1.968786858)
(-0.2233448347 0 0.6223451791)
(0.2452798058 0 0.342070604)
(0.164491938 0 0.2699648795)
(0.151514568 0 0.3220956059)
(0.1397567411 0 0.2589722794)
(0.128681033 0 0.2622178979)
(0.1432563266 0 0.335431865)
(0.1202840696 0 0.261644558)
(0.1115176432 0 0.2526113261)
(0.1285652796 0 0.3193953142)
(0.4067530097 0 -0.897386732)
(0.4627215978 0 -1.000884697)
(0.4436093876 0 -1.069834319)
(0.54019019 0 -1.131490872)
(0.5307289793 0 -1.009252867)
(0.4871963627 0 -0.752987965)
(0.5291182981 0 -0.8918131537)
(0.4410337632 0 -0.6031863906)
(0.5322580073 0 -0.8682084476)
(0.2194747888 0 -0.1863958894)
(-0.03789227282 0 -0.1111006342)
(-0.05652245998 0 -0.1186327541)
(-0.04394410444 0 -0.1089305049)
(-0.06584237938 0 -0.1249290609)
(-0.1058276317 0 -0.1564698958)
(-0.1053882701 0 -0.1636875459)
(-0.1463402839 0 -0.2169655323)
(-0.1462909383 0 -0.211293269)
(-0.1740322577 0 -0.2588967843)
(-0.191808747 0 -0.2848453473)
(-0.1868695578 0 -0.2415636911)
(-0.2076658959 0 -0.2924767851)
(-0.2203360573 0 -0.2782880769)
(-0.2082544644 0 -0.2182643894)
(-0.2179975366 0 -0.2384011331)
(-0.2382182661 0 -0.2229689603)
(-0.2939432761 0 -0.2649453124)
(-0.2902837696 0 -0.2582680386)
(-0.34796746 0 -0.3091280722)
(-0.4325777491 0 -0.3856516862)
(-0.4244788848 0 -0.3794040093)
(-0.52775139 0 -0.4718561196)
(-0.6648948788 0 -0.5928634941)
(-0.6619517436 0 -0.5870424105)
(-0.8430599223 0 -0.7406764899)
(-1.003825738 0 -0.8803946621)
(-1.056909229 0 -0.9247543673)
(-1.263509685 0 -1.10303546)
(-1.387639711 0 -1.210316078)
(-1.463344238 0 -1.276189333)
(-1.650863465 0 -1.438828373)
(-1.728310589 0 -1.505118549)
(-1.821996969 0 -1.58690445)
(-1.973366337 0 -1.717290697)
(-1.998589934 0 -1.737416665)
(-2.102541103 0 -1.827768817)
(-2.207763124 0 -1.916765601)
(-2.180669902 0 -1.890809909)
(-2.287504337 0 -1.982979105)
(-2.339917785 0 -2.024926671)
(-2.259440432 0 -1.95273865)
(-2.361984799 0 -2.040224884)
(-2.348119645 0 -2.024389036)
(-2.203116239 0 -1.897620126)
(-2.287710349 0 -1.968701111)
(-2.160485024 0 -1.85619474)
(-1.917646805 0 -1.647674999)
(-1.927369817 0 -1.653814111)
(-1.514617674 0 -1.299200016)
(-1.139352863 0 -0.9931903439)
(-0.8156441166 0 -0.7076791915)
(-0.07424705158 0 -0.6610467802)
(0.1490179505 0 -0.5551403842)
(0.8435571532 0 0.4849906476)
(0.7602364305 0 0.4666722554)
(0.8352453739 0 0.531350184)
(0.6952980265 0 0.4474646664)
(0.6099251536 0 0.4097611947)
(0.6257525881 0 0.4447894262)
(0.02729294778 0 0.339010134)
(0.2859474581 0 0.2506692699)
(0.2018473206 0 0.2356036047)
(0.4657037501 0 -0.8782778969)
(0.4767360828 0 -0.6836725744)
(0.5070610248 0 -0.8178807506)
(0.4826489768 0 -0.6344837236)
(0.4266831205 0 -0.531810901)
(0.3882917464 0 -0.5287070464)
(-0.01762672202 0 -0.1341737462)
(-0.01501118075 0 -0.1034251898)
(-0.02578152935 0 -0.1050558973)
(-0.01790660484 0 -0.1051669832)
(-0.02201422887 0 -0.1131273319)
(-0.03636746083 0 -0.1146585446)
(-0.02784524681 0 -0.1217679012)
(-0.03865330548 0 -0.1334191591)
(-0.08513843368 0 -0.1503894784)
(-0.0678970979 0 -0.1572309193)
(-0.1311015002 0 -0.2094030103)
(-0.1983112304 0 -0.3018158916)
(-0.1887542619 0 -0.2637296248)
(-0.2173801288 0 -0.2918258036)
(-0.2502633271 0 -0.3844758432)
(-0.2229905312 0 -0.2874348368)
(-0.2160904483 0 -0.2498558583)
(-0.2269117803 0 -0.2489625048)
(-0.2148250081 0 -0.2118980501)
(-0.2353830097 0 -0.2150307604)
(-0.2884895427 0 -0.2569663717)
(-0.291629196 0 -0.263912332)
(-0.3461239299 0 -0.3158064391)
(-0.4139969175 0 -0.3719960321)
(-0.4077064019 0 -0.3673307772)
(-0.5005772886 0 -0.4375835042)
(-0.6630925924 0 -0.5832187941)
(-0.6908799439 0 -0.6084501385)
(-0.9203733324 0 -0.8076279295)
(-1.107763402 0 -0.9685478085)
(-1.158289228 0 -1.012504096)
(-1.394135972 0 -1.217179368)
(-1.541196931 0 -1.344301589)
(-1.621694438 0 -1.414799601)
(-1.833559506 0 -1.598598847)
(-1.920288495 0 -1.67272401)
(-2.024089444 0 -1.763416804)
(-2.189372463 0 -1.905639604)
(-2.211919798 0 -1.922860694)
(-2.327017932 0 -2.023006974)
(-2.435765622 0 -2.114313928)
(-2.399106696 0 -2.079198798)
(-2.514915342 0 -2.178959656)
(-2.563277075 0 -2.216071047)
(-2.468208327 0 -2.130577007)
(-2.577357519 0 -2.222981891)
(-2.548112951 0 -2.192451005)
(-2.371981772 0 -2.039017965)
(-2.453531289 0 -2.106245114)
(-2.23796189 0 -1.917334725)
(-1.891537068 0 -1.620826043)
(-1.741730062 0 -1.489828363)
(-0.2866625504 0 -0.6467095363)
(0.1633976391 0 0.2013323384)
(0.7649526783 0 0.4173471415)
(0.6618803896 0 0.3859858569)
(0.7059608888 0 0.4212554659)
(0.5906953945 0 0.3611118828)
(0.5245149726 0 0.308677603)
(0.5598477399 0 -0.03958828307)
(0.2880515915 0 -0.3933333318)
(0.3108653119 0 -0.3932390986)
(0.4134680308 0 -0.5457699633)
(0.3025755341 0 -0.3655623383)
(0.2413595189 0 -0.3000581786)
(0.3773908308 0 -0.4489919412)
(0.005996225134 0 -0.1179490698)
(0.005886564994 0 -0.1001989776)
(-0.006913081774 0 -0.1044377664)
(0.005853275353 0 -0.1030577298)
(0.006132398345 0 -0.1106061381)
(-0.01150465342 0 -0.1143684932)
(0.00585274165 0 -0.1190222825)
(0.004730739316 0 -0.1292021933)
(-0.01800887892 0 -0.1305087799)
(0.002335157781 0 -0.1415209174)
(-0.002002113898 0 -0.1561357411)
(-0.04135604605 0 -0.1575225019)
(-0.01045808372 0 -0.1730790009)
(-0.04390842104 0 -0.2063215078)
(-0.1928766234 0 -0.2911355528)
(-0.1753580014 0 -0.3330199989)
(-0.2894840348 0 -0.4634114245)
(-0.2434093398 0 -0.336829082)
(-0.2878167117 0 -0.4859360331)
(-0.2766611504 0 -0.4495143784)
(-0.2297317948 0 -0.2506647571)
(-0.2696373925 0 -0.3470481804)
(-0.3061859872 0 -0.2960926899)
(-0.3120345912 0 -0.2955415237)
(-0.3748168406 0 -0.3345619438)
(-0.3756133651 0 -0.301445449)
(-0.40779813 0 -0.3492099188)
(-0.2672217929 0 -0.1547189021)
(-0.5217569386 0 -0.4793045167)
(-0.7110461094 0 -0.6308869902)
(-0.7234160402 0 -0.6429884643)
(-0.9738947399 0 -0.8559230362)
(-1.205054569 0 -1.053902968)
(-1.24791915 0 -1.092118508)
(-1.525395033 0 -1.332580041)
(-1.705261504 0 -1.488037165)
(-1.791853031 0 -1.564008417)
(-2.036227099 0 -1.776247326)
(-2.134053906 0 -1.859643761)
(-2.250509615 0 -1.961805465)
(-2.429822254 0 -2.115981605)
(-2.447546299 0 -2.128007378)
(-2.572528542 0 -2.237059612)
(-2.679814953 0 -2.325842825)
(-2.633742717 0 -2.281161609)
(-2.753727162 0 -2.384055455)
(-2.79505658 0 -2.41262899)
(-2.688340328 0 -2.316237069)
(-2.79975149 0 -2.408712656)
(-2.750203038 0 -2.358203917)
(-2.527568362 0 -2.165922127)
(-2.581161986 0 -2.206300509)
(-0.08434438596 0 -0.793464883)
(-0.1972224219 0 -0.732875772)
(0.7029425109 0 0.3649972085)
(0.5857965575 0 0.329337129)
(0.6233760207 0 0.3569419091)
(0.5139057788 0 0.302633683)
(0.4524282388 0 0.2772828505)
(0.4932473401 0 0.3036054125)
(0.09636039812 0 -0.1501366652)
(0.06215455272 0 -0.1263815342)
(0.1210847819 0 -0.1826941616)
(0.02161999861 0 -0.1017991855)
(0.0248073386 0 -0.1046187993)
(0.01367770587 0 -0.09793918755)
(0.02666306531 0 -0.1109488271)
(0.02304166699 0 -0.1146458972)
(0.01462985911 0 -0.1104306349)
(0.02576111197 0 -0.1273794788)
(0.0304347593 0 -0.1452791171)
(0.01841655356 0 -0.1361446408)
(0.03795184045 0 -0.1680222838)
(0.05823282728 0 -0.1955408914)
(0.02602266536 0 -0.1816233722)
(0.05699876157 0 -0.2288962202)
(0.07049921367 0 -0.2670508819)
(0.04489194575 0 -0.2589886374)
(0.06545122123 0 -0.2983436129)
(-0.09125068346 0 -0.3681993215)
(0.03097718834 0 -0.4276195509)
(0.3022350559 0 -0.4801792292)
(0.446390798 0 -0.5324341752)
(0.2891986775 0 -0.6102651025)
(0.5651548532 0 -0.5332804332)
(0.6282625047 0 -0.4963563808)
(0.5130577855 0 -0.4904217781)
(0.6576193062 0 -0.4283480656)
(0.6404822082 0 -0.3256027129)
(0.4998253193 0 -0.3028397603)
(-0.2191658992 0 -0.2313198103)
(-0.4621348291 0 -0.454237487)
(-0.4432214737 0 -0.3591014192)
(-0.529307402 0 -0.531919407)
(-0.5749118613 0 -0.5596397148)
(-0.7217071514 0 -0.6472917131)
(-0.7143998675 0 -0.6541484347)
(-0.9828730557 0 -0.870798243)
(-1.284016824 0 -1.124629082)
(-1.306521511 0 -1.145168665)
(-1.644338746 0 -1.437330838)
(-1.880589882 0 -1.642052623)
(-1.96974839 0 -1.720997168)
(-2.260989804 0 -1.974583425)
(-2.373535065 0 -2.070062878)
(-2.502533251 0 -2.184057622)
(-2.690476628 0 -2.345380905)
(-2.700309512 0 -2.34876722)
(-2.828282356 0 -2.460953447)
(-2.923841894 0 -2.537118761)
(-2.872221099 0 -2.485130873)
(-2.98540744 0 -2.580680904)
(-3.017373093 0 -2.59562119)
(-2.909553879 0 -2.497827486)
(-3.01364705 0 -2.577726337)
(-0.05387331291 0 -1.284733024)
(-0.04021631053 0 -0.8522124391)
(0.100824217 0 -0.7753417543)
(0.5927433254 0 0.3237157805)
(0.5497051495 0 0.2905608279)
(0.7844422284 0 -0.5422945524)
(0.6195457577 0 -0.2590038796)
(0.03722030165 0 -0.1302703896)
(0.7414107703 0 -0.4750708408)
(0.8562772145 0 -0.517901644)
(0.0735344189 0 -0.1481957375)
(0.8741953289 0 -0.5015890096)
(0.9385914898 0 -0.4831247221)
(0.3647636419 0 -0.4916009973)
(0.7672817147 0 -0.01682445859)
(0.3400337062 0 -0.2857840713)
(0.3724091389 0 -0.3244352505)
(0.3787001032 0 -0.2848468004)
(0.4318840926 0 -0.2922771648)
(0.4495501751 0 -0.3280207582)
(0.2919736109 0 -0.1843007183)
(0.5017875511 0 -0.3080283539)
(0.5205011156 0 -0.4384901392)
(0.691299751 0 -0.401505641)
(0.7484963691 0 -0.4406714537)
(0.700990159 0 -0.4802903959)
(0.7811812541 0 -0.4097100335)
(0.8014255498 0 -0.3348333937)
(0.7452933806 0 -0.3384293774)
(0.3550569165 0 0.04991607221)
(0.01769089301 0 -0.1475110249)
(-0.3471432852 0 -0.3276152966)
(-0.2888356985 0 -0.3363914246)
(-0.6269870925 0 -0.6662585331)
(-0.6930080152 0 -0.7352894533)
(-1.039562593 0 -1.204310871)
(-1.107786599 0 -1.263840071)
(-0.7232448916 0 -0.6937268196)
(-0.8720410998 0 -0.9072401579)
(-0.8394194404 0 -0.7489014595)
(-1.299097955 0 -1.13838252)
(-1.234510615 0 -1.086001586)
(-1.691169203 0 -1.481347244)
(-2.057099482 0 -1.798810407)
(-2.132374053 0 -1.866832317)
(-2.503068763 0 -2.191193782)
(-2.636972961 0 -2.303630205)
(-2.775496341 0 -2.428382467)
(-2.95508338 0 -2.582416468)
(-2.952278138 0 -2.570349822)
(-3.065432153 0 -2.672037459)
(-3.13054962 0 -2.714639308)
(-3.087226261 0 -2.664211795)
(0.600208507 0 -0.3489236647)
(0.6926889886 0 -0.3819348576)
(0.7746483549 0 -0.4425878723)
(0.7349414392 0 -0.3806456285)
(0.7254144709 0 -0.3382890005)
(0.8450469756 0 -0.3925379205)
(0.3433444458 0 -0.09833813917)
(0.2900481113 0 -0.2114529251)
(0.3127074576 0 -0.2442220517)
(0.3326740647 0 -0.2247911587)
(0.3983229533 0 -0.2413764979)
(0.4185662343 0 -0.2649746097)
(0.4822737209 0 0.05809912673)
(0.2749358146 0 -0.08842184976)
(0.3568273364 0 -0.1607947136)
(0.7310513143 0 -0.1518808533)
(0.8113652136 0 -0.278158317)
(0.7652608766 0 -0.3745877503)
(0.7878432511 0 -0.299314856)
(0.797578829 0 -0.2623730602)
(0.8149314993 0 -0.3148068774)
(0.44909572 0 0.06555356902)
(0.2591642288 0 0.02993078129)
(0.0986292048 0 -0.05456044204)
(0.09552019687 0 -0.150955952)
(0.1118224162 0 -0.133391266)
(0.09070165199 0 -0.1867263217)
(0.1090924642 0 -0.1263434161)
(0.09364768737 0 -0.1558518449)
(-0.5350937458 0 -0.4840994573)
(0.1110474977 0 -0.2641301388)
(0.1364623966 0 -0.2759635332)
(-0.592773783 0 -0.5241672348)
(0.1497597994 0 -0.2506187366)
(0.1589338222 0 -0.1967244266)
(-1.029090811 0 -0.9121183024)
(0.1264473463 0 -0.08064007216)
(-0.08916310613 0 0.05865992387)
(-2.171486783 0 -1.90554622)
(0.08562160788 0 -0.1254973938)
(0.2077455365 0 0.0123037808)
(-2.913307792 0 -2.557365485)
(0.2929490442 0 -0.1845315397)
(0.34866832 0 -0.1994640306)
(0.3750727538 0 -0.2207615411)
(0.2177736953 0 -0.01277530264)
(0.2324705465 0 -0.04841087106)
(0.2486484777 0 -0.06110063176)
(0.5952462949 0 -0.05292502847)
(0.8562683019 0 -0.07999074106)
(0.8750392947 0 -0.1639121605)
(0.799066081 0 -0.07456567818)
(0.615616634 0 -0.08107190287)
(0.7388199283 0 -0.1740217939)
(0.7433502359 0 -0.1039783311)
(0.7573267673 0 0.02961820204)
(0.7173396601 0 0.03351589326)
(0.7693998443 0 0.1160797416)
(0.4744981663 0 0.04669255741)
(0.5139359499 0 0.07053263762)
(2.674855004 0 -0.09665519812)
(0.108551072 0 -0.08563710199)
(0.1107662376 0 -0.1136477226)
(0.1245716458 0 -0.117493719)
(0.1548596506 0 -0.1384854078)
(0.1695560595 0 -0.1996763065)
)
;

boundaryField
{
    dominio_ascii
    {
        type            zeroGradient;
    }
    wallFilmFaces_top
    {
        type            fixedValue;
        value           uniform (0 0 0);
    }
    region0_to_wallFilmRegion_wallFilmFaces
    {
        type            slip;
    }
}


// ************************************************************************* //
