/*--------------------------------*- C++ -*----------------------------------*\
| =========                 |                                                 |
| \\      /  F ield         | OpenFOAM: The Open Source CFD Toolbox           |
|  \\    /   O peration     | Version:  2.1.x                                 |
|   \\  /    A nd           | Web:      www.OpenFOAM.org                      |
|    \\/     M anipulation  |                                                 |
\*---------------------------------------------------------------------------*/
FoamFile
{
    version     2.0;
    format      ascii;
    class       volScalarField;
    location    "1.3";
    object      deltaf;
}
// * * * * * * * * * * * * * * * * * * * * * * * * * * * * * * * * * * * * * //

dimensions      [0 1 0 0 0 0 0];

internalField   nonuniform List<scalar> 
2828
(
1.647658395e-05
2.272605015e-05
2.863486379e-05
4.79237381e-05
4.906326773e-05
8.235392218e-05
2.421536827e-05
1.435753357e-05
2.19609701e-05
1.516234964e-05
2.26037115e-05
3.837516632e-05
4.715742462e-05
3.381158889e-05
2.131393416e-05
1.505161434e-06
3.524858194e-08
1.47991772e-06
5.299762911e-05
7.250636717e-05
1.091021307e-05
1.354904552e-05
6.485744479e-05
3.618509432e-05
2.511723101e-05
5.181030607e-05
6.896822741e-05
2.323826285e-05
1.009152857e-05
1.564924593e-06
2.46586631e-06
1.119764333e-05
2.013191216e-06
4.146307601e-06
2.196413302e-06
3.500138849e-05
4.120713954e-05
7.780781671e-06
2.818933889e-05
3.642509506e-05
4.31520929e-05
3.022749239e-05
3.868342135e-05
7.804283319e-05
8.803890779e-05
1.356943568e-05
4.950445299e-06
1.039502421e-05
2.124607505e-05
3.14030964e-05
4.490553817e-05
6.665608998e-07
4.257464512e-06
4.142181319e-06
4.502585578e-06
2.656867267e-05
1.780704769e-05
6.092632595e-06
6.292012779e-06
6.955367475e-06
1.259106413e-05
3.512196585e-05
3.757820455e-05
0.0001022536065
0.0002377658926
2.405385127e-05
1.495054302e-05
2.453856558e-05
3.493464847e-05
4.083450345e-05
3.902524553e-05
4.893690853e-05
5.13737751e-07
6.642291036e-06
6.238362006e-06
7.230151782e-06
1.51500588e-05
1.520937896e-05
7.015688392e-06
4.81217975e-06
4.351365037e-06
7.314308335e-06
3.907753748e-05
9.307144456e-05
0.0001110630116
0.0001568881116
2.853203057e-05
0.0001169935079
2.980723803e-05
3.90802656e-05
4.62431937e-05
4.928317943e-05
4.979842261e-05
4.912794175e-05
3.352653015e-05
6.520772633e-07
2.331663557e-05
2.866352708e-05
2.87130502e-05
2.527940613e-05
2.026862001e-05
1.00694425e-05
5.528420474e-06
3.610081254e-06
3.335984795e-06
1.052475615e-05
5.930471346e-05
0.0001144226606
0.000137685631
5.964620976e-05
3.448510885e-05
6.950788552e-05
5.164155229e-05
5.239497553e-05
5.620973531e-05
5.596385492e-05
5.044256954e-05
3.660363443e-05
1.663152145e-05
3.973760649e-09
6.588359383e-05
6.839066184e-05
8.166331821e-05
8.681793146e-05
6.560457308e-05
3.364987149e-05
1.364017974e-05
5.971678359e-06
2.566451569e-06
4.607566597e-06
2.59607504e-05
5.086909445e-05
0.0001031547253
0.000130755792
7.100475127e-05
0.000148046913
8.790060258e-05
6.247093936e-05
6.287422678e-05
6.1370161e-05
5.428110117e-05
4.043870771e-05
2.208690957e-05
7.174464953e-06
9.144775658e-10
6.205233254e-10
8.526336562e-05
8.845304489e-05
0.0001059165267
0.000119515011
0.0001115217237
8.299562895e-05
4.346185297e-05
1.202306161e-05
3.648438492e-06
3.553300216e-05
3.673949124e-05
5.144345982e-05
8.671367467e-05
0.0001111319773
7.934926442e-05
0.0001164814949
0.0001013481966
7.351228269e-05
6.722206288e-05
5.854773014e-05
4.441655037e-05
2.665489389e-05
1.076851878e-05
1.788667064e-06
8.078844411e-08
1.173574392e-07
1.273571267e-05
6.541868638e-05
6.161901142e-05
5.982990578e-05
9.318027803e-05
0.0001454927442
0.0001208605281
8.953205091e-05
8.371212627e-05
5.687070876e-05
4.747674468e-05
2.59239874e-05
1.3633118e-05
6.392342472e-05
7.982104402e-05
9.201552088e-05
9.681266551e-05
0.0001332535435
0.0001142755286
7.719783174e-05
6.241466421e-05
4.601681803e-05
2.585480744e-05
1.032752634e-05
6.93492838e-06
1.230702109e-05
2.976314384e-05
7.839850014e-05
0.0002134739209
1.114679277e-05
2.370735967e-05
7.139784341e-05
7.102219288e-05
3.286072627e-05
1.632398399e-05
1.833551764e-05
3.50651854e-05
3.267304238e-05
1.665751972e-05
2.152246877e-05
1.286973067e-05
7.198127687e-05
7.540767155e-05
8.794010377e-05
0.0001218197371
0.000149638383
0.0001166923628
6.803800587e-05
4.478506245e-05
2.779187963e-05
2.15509242e-05
2.774234489e-05
4.718583302e-05
8.4484593e-05
0.0001457641454
0.0002292986992
0.0003056912096
2.142890374e-05
2.672140548e-05
3.990557717e-05
3.620779503e-05
1.522834031e-05
5.050918866e-06
3.407496237e-06
7.220688951e-06
2.39848272e-05
0.0001242651323
5.453639702e-05
5.703549706e-05
6.771099484e-05
8.596602998e-05
0.0001125469467
0.0001447590381
0.0001463269261
9.71135978e-05
4.937241539e-05
3.731819878e-05
3.933872393e-05
5.30469943e-05
7.893457572e-05
0.0001164182807
0.0001601129288
0.0001940331468
0.0001873885412
0.0001082123419
1.029503384e-07
3.980556736e-05
2.277017614e-05
3.715033381e-05
3.336267135e-05
2.484023709e-05
1.449166181e-05
4.822122424e-06
4.125880286e-06
1.444976837e-05
6.479703326e-05
9.496877218e-05
8.121602248e-05
9.107086965e-05
0.0001115464076
0.0001414598724
0.0001483998654
0.0001188866916
7.077533209e-05
5.19821642e-05
5.842833114e-05
7.562860461e-05
0.000101013731
0.0001306873066
0.000156558671
0.0001660375004
0.0001457674526
9.291156052e-05
3.050883182e-05
2.344324971e-10
3.208159269e-05
6.891539184e-05
5.033999436e-05
9.80358858e-06
7.383316983e-06
1.409276673e-05
3.388985102e-05
4.445998197e-05
3.167020638e-05
1.177877959e-05
9.839547575e-06
3.791520719e-05
0.0001107571951
0.0001361172395
0.0001410853937
0.0001515815297
0.0001285103942
9.206876626e-05
7.211222788e-05
7.640171991e-05
9.337399834e-05
0.0001149265994
0.0001357510086
0.0001487320308
0.0001459828978
0.0001225425784
8.164873157e-05
3.752961294e-05
8.462154543e-06
5.527348171e-09
3.472880387e-05
1.540572868e-05
8.053931016e-06
1.063229774e-06
8.065755021e-07
9.682498049e-07
1.889981154e-06
3.04315381e-06
2.320819812e-06
1.109826146e-06
9.662731877e-07
3.982698331e-06
8.012979078e-05
0.0001850396813
0.00018605123
0.0001379867929
0.0001091784485
9.205275063e-05
9.338688611e-05
0.0001067220717
0.000123135138
0.0001360958187
0.000140145702
0.0001308118334
0.0001069484017
7.292510428e-05
3.834679261e-05
1.34583182e-05
2.148451422e-06
8.68301107e-17
7.312559085e-05
2.151316557e-05
4.66443211e-06
1.983733702e-06
1.564316371e-06
1.622262374e-06
1.800658875e-06
2.188570047e-06
3.43745657e-06
6.756660021e-06
1.639656612e-05
4.191568917e-05
0.0001156287111
0.0002392394367
0.0002293274066
0.0001540981511
0.0001126487829
0.0001086109648
0.0001170270878
0.0001277522071
0.0001341422967
0.0001319322619
0.0001188672924
9.554655454e-05
6.615364119e-05
3.750359592e-05
1.606077607e-05
4.437879355e-06
4.631010544e-07
3.333498552e-10
3.078045516e-05
2.722496976e-05
1.42355498e-05
8.292181496e-06
7.316948525e-06
6.619453651e-06
6.691147264e-06
9.899871786e-06
1.778736852e-05
3.154377087e-05
5.280145301e-05
8.53148648e-05
0.0001347144155
0.0001684258325
0.0001864045662
0.0001186867467
0.0001177253456
0.0001271615253
0.0001364891831
0.0001414096792
0.0001240213033
0.0001089520274
8.672971367e-05
6.086261068e-05
3.62870533e-05
1.746586042e-05
6.273156214e-06
1.507983413e-06
5.766291716e-07
6.829405355e-06
6.964064176e-06
1.432198339e-05
2.265911525e-05
2.533578544e-05
2.279986639e-05
1.83704188e-05
1.89146899e-05
2.713067285e-05
4.110702481e-05
5.879568175e-05
8.060788996e-05
0.0001096278127
0.0001433670977
0.000157959986
0.0001427908618
0.0001224110144
0.0001330886993
0.0001558328537
0.0001642295892
0.0001478874498
0.0001800977821
0.0001454439425
0.000121591668
9.260300496e-05
5.339366209e-05
1.901141525e-05
4.957458625e-06
1.412294094e-06
5.611237865e-07
1.393452211e-06
7.165660568e-06
2.492779936e-05
5.045407063e-05
5.410791013e-05
4.410438679e-05
4.125913476e-05
4.891729471e-05
6.244695724e-05
8.015882314e-05
0.0001036216356
0.0001332786548
0.0001648050519
0.0001912651926
0.0002128606465
0.000251730624
0.000338527328
0.00047672008
0.0006468217662
0.0007329962974
0.0003163440206
0.0001299994086
7.925185196e-05
5.208253277e-05
3.160188576e-05
1.462231286e-05
3.835827961e-06
3.106902196e-07
5.538673935e-08
7.901022442e-08
9.410016778e-06
3.018730771e-05
6.857875805e-05
8.854802068e-05
8.311616018e-05
7.894109793e-05
8.664674351e-05
0.000104646046
0.0001330419811
0.0001735065863
0.0002241553917
0.0002785079926
0.0003312213753
0.0003765509295
0.0003997350648
0.0003740236558
0.0002680059949
5.450016366e-05
4.327652247e-05
4.902696689e-05
5.648542323e-05
6.140178408e-05
5.901030059e-05
4.662805486e-05
2.717584967e-05
9.42395603e-06
8.881248044e-07
4.176216724e-09
2.402020737e-09
2.554551635e-05
5.108654115e-05
9.285871282e-05
0.000129407867
0.0001452708501
0.0001564691391
0.0001771355695
0.0002090005517
0.0002501384972
0.0002974137302
0.0003436380311
0.0003765254685
0.0003827510467
0.0003509567965
0.000274128408
0.00015894227
4.134442583e-05
3.252819385e-05
3.01247082e-05
3.416945729e-05
4.182194394e-05
5.155734305e-05
5.983975465e-05
5.968195621e-05
4.564390565e-05
2.153927726e-05
3.160691472e-06
4.263997474e-09
9.415870227e-05
0.0001484914935
0.0002046817678
0.0002466958742
0.0002778829488
0.0003072227705
0.000335094985
0.0003557947217
0.0003629800035
0.0003512680406
0.0003161583338
0.0002560551606
0.0001761384851
9.040985069e-05
4.729898371e-05
3.832137917e-05
2.972047278e-05
2.35487183e-05
2.271655268e-05
2.545484287e-05
3.241541132e-05
4.52068771e-05
5.923499766e-05
6.364703022e-05
4.558176884e-05
1.074768178e-05
6.504322325e-08
0.0001662592984
0.0002341337404
0.0003004753453
0.0003479665206
0.0003737665987
0.000382700687
0.0003758080266
0.0003502624011
0.0003048082352
0.000242650271
0.0001712045004
0.0001014902608
4.136161399e-05
3.318032104e-05
3.351135781e-05
2.801801611e-05
2.385633435e-05
2.151210183e-05
1.902073565e-05
1.739886944e-05
1.528494985e-05
2.087181543e-05
3.670945189e-05
6.045804714e-05
7.782404985e-05
4.223186297e-05
0.0003082507215
0.0003601378921
0.0003824312026
0.0003749410478
0.0003436697071
0.00029448142
0.0002319531494
0.0001622399505
9.437081803e-05
3.901802676e-05
3.897043995e-06
1.045010459e-05
1.947565687e-05
1.902025416e-05
1.773439347e-05
1.936529105e-05
2.014504844e-05
1.781681549e-05
1.868282249e-05
1.323534029e-05
4.201101188e-06
7.141522863e-06
1.927490685e-05
5.993644975e-05
0.0001929557303
0.0003371547528
0.0003484502171
0.0003319892147
0.0002888953529
0.0002291069146
0.0001634236812
0.0001013093768
5.074782141e-05
1.736300612e-05
2.231928355e-06
2.906095558e-07
1.09739476e-06
5.283951119e-06
5.944248516e-06
7.356737307e-06
1.537188699e-05
2.477479662e-05
1.409720516e-05
1.67978684e-05
1.804829346e-05
5.391800476e-06
3.766509886e-07
1.121110664e-12
9.106641153e-09
0.0002778878453
0.0002369056204
0.0001799314628
0.0001210974655
7.063993861e-05
3.400857305e-05
1.23398907e-05
2.694846548e-06
1.389408193e-07
9.29218725e-09
1.00287144e-08
4.192441187e-08
1.142917232e-07
6.408897035e-07
1.000295866e-05
4.177824832e-05
1.15011668e-05
1.231351064e-05
1.801615069e-05
1.88514187e-05
1.582805022e-06
5.341520875e-13
0.0001453058113
9.966729129e-05
5.853527539e-05
2.996597905e-05
1.300501941e-05
4.497288131e-06
8.713709821e-07
5.863839415e-08
2.198384696e-08
3.797026935e-08
3.556600454e-07
3.01935602e-07
5.82966388e-07
3.197006606e-06
8.97558584e-06
4.908258159e-06
6.980882563e-06
1.656089091e-05
2.269585475e-05
1.487501841e-05
3.142943225e-05
1.65582702e-05
8.763806391e-06
4.28904799e-06
1.487785782e-06
3.19431857e-07
6.737929104e-08
6.652923323e-08
6.175070539e-08
1.177295561e-07
1.988273539e-07
3.240795636e-06
1.394849375e-05
1.128440464e-06
2.147257796e-06
1.448510016e-05
2.015440149e-05
9.429711656e-06
7.855007037e-06
9.011453039e-06
8.347746872e-06
6.356238143e-06
4.05372554e-06
2.133948612e-06
5.638237926e-06
5.884815129e-07
3.666633967e-06
2.036357146e-05
7.951209751e-06
3.389525437e-07
7.569645368e-09
2.34946853e-05
2.835185245e-05
2.303595153e-05
1.276851204e-05
5.399743055e-06
2.901694201e-06
1.673700998e-05
3.146868976e-05
1.468613376e-05
2.133025123e-05
1.688931513e-05
1.525249763e-05
1.516438384e-05
3.458423271e-05
1.925323144e-05
1.504334961e-05
1.764969582e-05
1.992400078e-05
2.13922061e-05
2.442802541e-05
2.40888064e-05
3.080589252e-05
3.962076761e-05
3.943208877e-05
4.46217568e-05
4.342802074e-05
4.898793278e-05
4.44888678e-05
3.660173767e-05
2.783302022e-05
1.513795758e-05
2.501282324e-06
7.979297623e-05
0.0002117957752
0.0001012370304
2.909753874e-05
3.619300256e-05
1.546204384e-05
1.319325504e-05
1.968071575e-05
1.176355767e-06
7.152304634e-07
4.084736723e-07
1.017297868e-06
2.195064641e-06
3.723605928e-07
1.289159425e-05
1.508743466e-05
1.257830813e-06
1.514724318e-06
5.264001922e-06
4.789118946e-06
1.964589851e-05
3.577799976e-05
7.314334605e-07
7.700505018e-05
4.654767227e-06
4.788071408e-06
5.032548321e-06
3.857553054e-06
2.380362544e-06
2.054038834e-06
3.644163074e-05
2.282087946e-05
8.563108007e-07
4.332609586e-05
8.880087094e-05
4.823997436e-06
4.480933962e-06
4.157051735e-06
3.658060822e-05
6.55094781e-05
1.3612108e-05
1.269476583e-05
7.395100177e-06
2.210685078e-08
4.832548344e-18
4.318948873e-05
4.321624675e-05
5.011512759e-05
2.741920787e-05
1.885078858e-09
1.364783126e-09
1.747578942e-09
1.076281924e-09
7.915049116e-05
8.075886539e-05
6.37844575e-05
4.875181216e-09
1.475421945e-09
3.730620535e-10
8.849381904e-05
8.776150124e-05
8.635213627e-06
5.037869197e-05
4.653499984e-05
6.546680545e-05
0.0002812100025
0.0003246470573
0.0003229889905
6.935419497e-06
9.640709657e-06
2.000064146e-05
1.331046862e-05
0.0001951329879
0.0001173592332
0.0003225110489
2.131759521e-07
1.703862554e-05
1.450312394e-05
1.383914449e-09
5.213739694e-05
5.633944926e-05
4.451900236e-05
2.292886964e-09
2.175932887e-08
4.105028335e-05
4.323253545e-05
5.069213091e-05
2.57280471e-15
1.86434613e-08
7.594181945e-08
5.49810836e-05
3.195227846e-05
2.305378629e-05
1.364714865e-17
2.437205009e-08
1.109877854e-08
6.216554292e-05
4.692401185e-05
4.552051987e-05
1.358804899e-06
2.620871649e-06
6.94766446e-08
1.202126314e-05
1.627903399e-05
3.176421908e-05
5.428321599e-06
7.202820671e-06
9.399802481e-06
5.307680718e-06
8.403439059e-06
3.402889817e-07
1.921707928e-06
4.681157745e-06
4.330521381e-06
1.921757417e-08
7.048254994e-06
1.600675492e-05
2.478435793e-05
1.700142658e-05
3.047366584e-09
3.457688084e-10
9.064819764e-10
4.010028312e-05
5.127862386e-05
3.627027982e-05
8.491002342e-09
1.222821904e-09
7.23698257e-10
0.000103606908
7.289974532e-05
7.546640034e-08
0.0002103106637
0.0002405590718
0.0001987699136
8.849282716e-05
3.02560266e-07
1.426701659e-07
0.0002815338941
0.0003307268108
0.0003498840701
0.0003377174281
1.830427681e-09
1.379359153e-06
0.0001092347805
0.0003248464591
0.0003447356855
1.717443356e-09
3.270214343e-06
0.0002118046592
0.0002608359221
3.5630146e-13
5.041711714e-11
9.106914056e-05
0.0001245114147
7.188790684e-05
5.653747211e-05
7.739887918e-05
2.174358957e-05
2.330120956e-05
2.441201715e-05
1.68546636e-05
2.068333356e-08
3.925937027e-05
2.180723226e-05
1.646960342e-05
2.282021487e-05
1.331829848e-05
1.743070556e-05
1.790781193e-05
8.128914106e-06
7.817483391e-06
9.168748011e-06
8.713003222e-06
1.131937864e-05
1.452023749e-05
8.973118262e-06
1.259594401e-05
1.542312921e-05
1.75309191e-05
2.366335858e-06
1.038196672e-08
8.772528547e-10
3.326521128e-09
1.887352035e-05
2.687663021e-05
3.449521807e-05
2.771975582e-05
3.50262723e-05
2.893771162e-05
1.714721875e-05
2.157541207e-05
1.34659766e-05
8.998268029e-06
2.250157379e-06
2.037949916e-06
1.665168311e-06
3.263067939e-06
6.615662272e-06
6.972525848e-06
1.423403355e-05
2.558723602e-05
2.225087341e-05
1.233125216e-05
1.712417861e-05
1.396266713e-05
4.440730562e-05
0.0001125877699
8.472627206e-05
1.915634259e-05
1.827362993e-05
1.719009808e-05
2.462759258e-05
3.295744639e-05
2.852536149e-05
4.736520997e-05
5.66969458e-05
4.625393307e-05
5.844164875e-05
3.737935685e-05
3.644273373e-05
2.674089678e-05
2.172044004e-05
2.798013228e-05
1.577243613e-05
5.458060855e-06
9.232480099e-06
4.471356577e-05
0.0001631943908
0.0001921414751
5.593241583e-05
1.499381123e-05
2.039188485e-05
8.708526602e-06
1.031165737e-05
1.056581552e-05
2.273847419e-05
5.055690951e-05
3.248923683e-05
5.999707483e-05
4.755736445e-05
9.171161206e-05
5.524248635e-05
4.181377357e-05
2.364378847e-05
2.580434412e-05
2.960401485e-05
3.371987776e-05
4.884239096e-05
6.352376707e-05
6.268389796e-05
7.163627076e-05
7.281951844e-05
5.307894418e-05
3.18924243e-05
1.516167467e-05
1.630344236e-05
8.836627224e-06
3.161917018e-06
2.829527929e-06
2.609078344e-06
3.194399848e-06
1.536301679e-06
5.246107365e-06
9.097599781e-06
4.720555488e-06
1.465705636e-05
1.684041121e-05
1.126863589e-05
2.955557098e-06
1.074853896e-05
7.04416378e-06
3.042806752e-05
9.512216026e-05
0.0001300622244
2.814917295e-05
9.052456642e-06
1.144475205e-05
6.733647058e-06
7.019924047e-06
1.231437729e-05
6.567998647e-06
5.687935993e-06
4.229445403e-05
5.997815132e-06
1.277655894e-05
1.674028252e-05
6.824969068e-06
1.061185942e-05
4.662793313e-05
1.907720231e-05
1.907598293e-05
2.337128192e-05
2.560728456e-05
7.321641472e-05
6.72659919e-05
9.277530778e-05
7.701242228e-05
7.70795562e-05
0.0002101413833
3.20157673e-05
2.120939591e-05
1.749347086e-05
9.800071583e-06
5.605846624e-06
9.091536014e-06
1.211805699e-05
6.652115847e-06
1.714316452e-05
2.290887813e-05
1.555015932e-05
2.844522031e-05
3.29013709e-05
2.562727048e-05
3.71527941e-05
4.028557357e-05
4.103911468e-05
4.548165937e-06
4.658778418e-06
4.299275146e-06
4.999588878e-06
5.505006273e-06
3.391249494e-06
8.681815106e-06
1.996735837e-05
1.690343174e-05
2.147644725e-05
3.190340003e-05
6.052280963e-05
1.08727335e-05
6.17249101e-06
7.369309942e-06
5.455747016e-06
5.303517018e-06
6.219590978e-06
5.224460905e-06
5.498089361e-06
6.452707542e-06
6.654863465e-06
1.032365591e-05
8.032210574e-06
2.165821947e-05
4.331392513e-05
2.13124289e-05
6.599850883e-05
8.137790634e-05
3.937049358e-05
7.903227838e-05
8.912546479e-05
8.6845748e-05
0.0001130462332
0.0001449932734
0.000110021914
0.0001214982321
0.0001551787736
7.953801675e-05
3.926446997e-05
2.194934925e-05
1.493457546e-05
2.195300168e-05
2.650430757e-05
1.897752812e-05
3.193404184e-05
3.6896202e-05
3.015168903e-05
4.073593937e-05
4.329602186e-05
3.842441282e-05
4.478671286e-05
4.516894346e-05
4.144697403e-05
4.485004932e-05
4.62653303e-05
3.74229145e-05
5.078430596e-05
4.720151261e-05
5.092073791e-05
1.31668019e-05
1.268792533e-05
6.554793901e-06
1.204262071e-05
1.178499314e-05
6.260606728e-06
1.334579823e-05
1.74086634e-05
1.002001217e-05
1.984373405e-05
1.624773602e-05
1.811855745e-05
1.070412003e-05
7.443193176e-06
1.387416853e-05
5.516968805e-06
4.831934025e-06
5.352981499e-06
4.185294934e-06
3.70704204e-06
4.446544394e-06
3.730053883e-06
4.812884005e-06
4.939697801e-06
9.027732988e-06
2.34249407e-05
1.568283134e-05
5.32331526e-05
8.200347438e-05
7.048124048e-05
0.0001024196176
0.0001266656872
0.0001068366844
0.000168081274
0.000174685681
0.0001238456118
0.0001073481647
3.458098567e-05
0.0001036252485
3.512950684e-06
4.283411394e-05
0.0001410364905
0.0001347393307
0.0001611070348
3.792844344e-05
5.600560863e-05
4.22913941e-05
3.414678975e-05
4.590004957e-05
4.92444669e-05
4.322770985e-05
5.152985351e-05
5.286937176e-05
4.817994839e-05
5.33885302e-05
5.307342909e-05
4.970943206e-05
5.181251508e-05
4.918943409e-05
5.006428548e-05
4.387048805e-05
3.464281053e-05
4.242954619e-05
2.451218565e-05
1.543040388e-05
3.064476407e-05
5.472228033e-05
5.795577751e-05
2.924738211e-05
5.760552908e-05
5.242708646e-05
2.70625197e-05
4.35999018e-05
3.343355753e-05
2.35876034e-05
2.372485344e-05
1.517673576e-05
1.506349218e-05
9.33470502e-06
7.001092499e-06
7.098643008e-06
5.580709588e-06
4.160737149e-06
4.507626904e-06
3.086264954e-06
2.708437823e-06
3.121023821e-06
3.150193109e-06
5.054552792e-06
4.858668423e-06
1.108924954e-05
2.497016762e-05
2.841172379e-05
5.580630948e-05
8.737877358e-05
8.846250445e-05
0.0001144153837
0.0001288848097
0.0001307290724
0.0001334582651
0.0001012670606
9.24887354e-05
7.63285352e-05
7.52041607e-05
4.344561395e-05
0.0001115461585
9.975720989e-05
6.562848455e-05
8.207727099e-05
6.257521018e-05
6.532126123e-05
5.59000961e-05
5.617929934e-05
4.929999496e-05
5.819775352e-05
5.944848821e-05
5.479529696e-05
5.966876629e-05
5.868992916e-05
5.662427571e-05
5.629930997e-05
5.224288445e-05
5.401301263e-05
4.630590861e-05
3.843701253e-05
4.479503321e-05
2.901170073e-05
1.92763732e-05
2.639809233e-05
1.102100914e-05
4.647537813e-06
8.201001965e-06
8.531081591e-05
9.280954227e-05
7.443993847e-05
0.0001021841579
0.0001087730584
8.722108521e-05
0.0001080103026
9.907920037e-05
7.902048296e-05
8.402391329e-05
6.569229222e-05
4.952310545e-05
4.663805956e-05
2.904073321e-05
2.098642107e-05
1.493974594e-05
5.89434043e-06
9.499391855e-06
2.002061831e-06
1.361467694e-06
3.674121623e-06
1.66175153e-06
3.832049799e-06
2.609639953e-06
1.440547103e-05
3.391644798e-05
1.292778256e-05
3.854341377e-05
1.843757133e-05
2.721787182e-05
4.666200793e-05
7.382486453e-05
8.077504531e-05
8.622621937e-05
0.0001031678009
0.0001162861553
0.0001182217611
9.346407763e-05
9.956744796e-05
7.413296601e-05
8.499436899e-05
8.153761879e-05
0.0001282448804
0.0001086741509
0.000104893782
9.432114187e-05
7.602594259e-05
6.874476424e-05
6.866377095e-05
6.698028433e-05
6.22365185e-05
6.599837471e-05
6.413761997e-05
6.269602809e-05
6.102975054e-05
5.64234273e-05
5.863802196e-05
5.021043879e-05
4.251111287e-05
4.818559676e-05
3.3733387e-05
2.460130187e-05
3.145096761e-05
1.609054689e-05
9.174903613e-06
1.363477875e-05
4.334198977e-06
1.338514091e-06
2.682625838e-06
8.926761038e-08
2.08918587e-08
7.875016366e-10
8.415908264e-05
8.305626676e-05
8.545141368e-05
8.399788588e-05
8.932855759e-05
9.536644807e-05
0.0001011562584
0.0001201331971
0.0001154118133
0.0001413571604
0.0001548182665
0.0001179201122
0.000153577642
0.000138519314
9.99274062e-05
0.0001152142631
8.946291485e-05
6.286256826e-05
6.65164824e-05
5.275075163e-05
2.684594961e-05
3.4090226e-05
1.930449009e-05
3.642843255e-06
1.901679558e-05
3.559454211e-05
1.353418754e-05
4.10785635e-05
3.323810339e-05
4.582081435e-05
2.452779106e-05
2.397960498e-05
2.095486525e-05
5.462682215e-05
7.261289571e-05
7.362334774e-05
8.325083576e-05
9.16087467e-05
9.831307432e-05
0.0001026469878
8.621210042e-05
8.903587357e-05
8.71509146e-05
0.0001039214476
9.234617888e-05
0.0001224322746
0.0001245887458
0.0001156671122
0.0001083509352
8.789157135e-05
8.259064317e-05
7.654006705e-05
7.094775554e-05
7.001317909e-05
6.620342841e-05
6.057988172e-05
6.351754933e-05
5.37725354e-05
4.575060363e-05
5.215591921e-05
3.670488016e-05
2.703607415e-05
3.570207071e-05
1.736730283e-05
9.02661572e-06
1.808332215e-05
3.723580419e-06
1.259354983e-06
5.273953655e-06
4.748857728e-07
1.762041394e-07
5.22391242e-07
4.812610374e-08
5.927664906e-08
4.711526943e-08
1.675337886e-07
7.473688266e-07
4.477507115e-07
4.688099496e-05
5.124630374e-05
5.956739946e-05
6.726663983e-05
9.732673075e-05
6.803485427e-05
0.0001172309022
0.0001068323297
0.0001276638273
8.048330151e-05
5.733383199e-05
0.0001390671145
4.342024993e-05
3.804442838e-05
0.0001025963103
4.050110346e-05
5.202258718e-05
8.348356847e-05
7.166279016e-05
8.317610813e-05
7.919205309e-05
8.835453199e-05
8.42126417e-05
4.515221822e-05
5.337275456e-05
2.608921991e-05
4.020946701e-05
1.119035199e-05
4.433826075e-06
1.600886625e-05
1.579486301e-06
2.748937581e-05
3.08947097e-05
0.0001075503712
0.0001214938574
7.333696833e-05
8.151170684e-05
7.883176258e-05
8.459040777e-05
8.560713528e-05
9.19339474e-05
8.642317264e-05
0.000108618514
0.0001293095342
0.0001167827539
0.0001430955758
0.0001395117129
0.0001331714696
0.0001176529654
9.178916282e-05
9.130460284e-05
7.465617018e-05
6.414327913e-05
6.924838499e-05
5.506753687e-05
4.537378315e-05
5.477766034e-05
3.518223736e-05
2.572795436e-05
3.618729152e-05
1.862417018e-05
1.473803433e-05
1.661127377e-05
1.400648799e-05
1.609356487e-05
7.353274235e-06
2.093879331e-05
2.899381249e-05
8.560285628e-06
4.119382629e-05
5.894702713e-05
1.883225219e-05
8.414995516e-05
0.0001189148179
4.8002416e-05
0.0001648104108
0.0002211560459
0.0001290710088
3.074149815e-05
4.368802746e-05
4.516810566e-05
5.439878909e-05
5.479239349e-05
8.221251827e-05
4.402942549e-05
2.996516764e-05
5.064075066e-05
1.847246746e-05
1.138158147e-05
2.168418366e-05
7.883598857e-06
6.791126066e-06
1.532062433e-05
7.573013878e-06
1.03176529e-05
2.577283106e-05
1.451464278e-05
1.763478774e-05
3.708167149e-05
2.159697583e-05
2.968657712e-05
2.586535877e-05
3.239934115e-05
2.957826415e-05
2.035138422e-05
3.610066848e-05
3.920713067e-05
1.634912029e-05
3.426068485e-05
3.641413833e-05
2.664578665e-05
6.542389271e-05
7.367345341e-05
7.880979046e-05
7.793107899e-05
8.449825254e-05
7.819785306e-05
9.802234223e-05
0.0001165977596
0.0001026509294
0.0001346393155
0.0001479878465
0.000140234524
0.0001511674749
0.0001380810188
0.0001417348486
0.0001098401773
7.919947466e-05
8.800671825e-05
5.803241723e-05
4.548428365e-05
5.523505753e-05
3.722782251e-05
3.181807281e-05
3.534461225e-05
2.938017892e-05
3.000215983e-05
2.307922816e-05
3.366318197e-05
4.043516295e-05
2.312565354e-05
5.052065187e-05
6.420648642e-05
3.560497168e-05
8.177321652e-05
0.0001033595924
6.319487471e-05
0.0001287354857
0.000156967864
0.0001118641758
0.000185956784
0.0002118641091
0.0001856639912
0.000228523412
0.0002269682469
0.000271845688
2.290343007e-05
2.13006612e-05
2.494177468e-05
1.831512728e-05
1.953166668e-05
3.172904149e-05
3.027111234e-05
4.321572841e-05
4.326667508e-05
4.223782728e-05
3.59804987e-05
2.520569436e-05
2.678573902e-05
1.771065095e-05
8.574819018e-06
1.05282569e-05
5.951442719e-06
3.595804386e-06
3.670269741e-06
3.159556513e-06
4.429200499e-06
4.289718378e-06
8.048531813e-06
1.199721881e-05
1.992215868e-05
5.739863164e-05
6.000602706e-05
0.0001273051248
0.0001606353421
0.0001301198204
0.0001478363501
9.602797318e-05
5.782157598e-05
6.804249558e-05
5.901431821e-05
4.481452908e-05
7.558003357e-05
8.704747692e-05
7.802413506e-05
9.764392825e-05
0.0001111553414
9.634075072e-05
0.0001281042803
0.000143169219
0.0001310559797
0.0001498507057
0.0001471637573
0.0001507607055
0.0001349196106
0.0001116850295
0.0001276672452
8.192311387e-05
5.830649678e-05
6.739556088e-05
4.709591815e-05
4.397530599e-05
4.092419153e-05
4.50161711e-05
4.895608052e-05
3.687605133e-05
5.558818707e-05
6.489467549e-05
4.470657578e-05
7.681336407e-05
9.114764309e-05
6.444582255e-05
0.0001074872629
0.0001251183661
9.639241997e-05
0.0001429251832
0.0001593044767
0.0001381626863
0.0001721232455
0.0001787871765
0.0001798775747
0.0001765046079
0.0001628502022
0.000198172183
0.0001367185848
9.96675474e-05
0.0001575842462
5.737249877e-05
2.018393921e-05
4.73925841e-05
5.842863251e-05
4.844868197e-05
2.967669624e-05
3.411690581e-05
2.261885763e-05
2.338749596e-05
1.764873548e-05
1.529000061e-05
4.214063274e-05
1.167064451e-05
1.192239975e-05
2.907830677e-05
1.424491004e-05
1.676736589e-05
2.02067706e-05
1.717666874e-05
1.505107076e-05
8.600221575e-06
1.130076501e-05
8.547736331e-06
3.503076645e-06
8.334104727e-06
1.101520482e-05
7.068571307e-06
1.427196143e-05
1.709458339e-05
3.172428819e-05
2.433716235e-05
3.831197711e-05
9.501380507e-05
5.613364884e-05
7.999523825e-05
0.0001013928474
0.0001043708974
0.0001099100969
8.404019921e-05
0.0001139807423
0.0001194067112
0.0001008684984
0.00012686792
0.0001395613453
0.0001263102193
0.0001498360704
0.0001507299205
0.0001502940568
0.0001405417136
0.0001232496281
0.0001372647546
0.0001027844357
8.253381597e-05
9.451005573e-05
6.776120323e-05
6.156663584e-05
5.63963437e-05
6.241388376e-05
6.756197933e-05
5.351001764e-05
7.536134988e-05
8.511769033e-05
6.588160654e-05
9.643282234e-05
0.0001088331716
8.745965757e-05
0.0001216554739
0.0001340207644
0.0001157075628
0.000144841998
0.0001528642875
0.0001447941838
0.0001567536172
0.0001552506065
0.0001642532155
0.0001473992107
0.0001328397925
0.0001602355981
0.0001121219949
8.694386164e-05
0.0001227153926
6.016551907e-05
3.542044356e-05
6.028233755e-05
1.621233248e-05
4.607047304e-06
9.443022356e-06
4.9028717e-05
5.22353241e-05
6.911442216e-05
4.215954886e-05
2.153659867e-05
2.570077504e-05
5.586088694e-06
3.796786784e-06
8.287309496e-06
3.326393528e-06
3.766561659e-06
9.228607917e-06
4.913297431e-06
6.873957713e-06
2.273093141e-05
9.77313796e-06
1.361327997e-05
4.254391012e-05
1.739899953e-05
1.828515941e-05
3.99731556e-05
1.497046315e-05
9.622590687e-06
2.120532678e-05
5.255019974e-06
3.464467235e-06
7.907593481e-06
4.764920785e-06
1.228141714e-05
1.876416172e-05
3.663121329e-05
8.276982866e-05
7.113697868e-05
0.000123914478
0.0001641149609
0.000134662282
0.0001541918422
0.0001485479446
0.0001376619398
0.000149738043
0.0001509932282
0.0001485798078
0.0001469176339
0.0001342018781
0.000144499197
0.0001167785031
0.0001006437526
0.0001095094447
8.890514272e-05
8.246651988e-05
7.891699292e-05
8.143413836e-05
8.504163654e-05
7.182428251e-05
9.186407494e-05
0.0001005127724
8.398551992e-05
0.0001099977595
0.000119600332
0.0001038801855
0.0001286319002
0.000136331003
0.0001258290512
0.0001418741806
0.0001444391372
0.0001437286934
0.0001432951806
0.0001379142973
0.0001497613356
0.0001280939419
0.0001140733106
0.0001369002585
9.661313354e-05
7.69996753e-05
0.00010362942
5.693388014e-05
3.828515007e-05
5.877049338e-05
2.272892775e-05
1.134765482e-05
2.026987507e-05
4.330113276e-06
9.103844669e-07
2.152106946e-06
1.471385132e-05
6.686455608e-06
1.137756172e-05
3.333951802e-06
1.85854683e-06
3.946903581e-06
1.194360549e-06
9.589769578e-07
8.665914421e-07
8.373174625e-07
7.7478606e-07
8.338888957e-07
7.49936476e-07
7.513363136e-07
1.291268091e-06
7.645020564e-07
7.704018407e-07
2.60003877e-06
9.330077181e-07
1.594759212e-06
2.78284012e-06
1.726719168e-06
1.805117202e-06
1.710620155e-06
2.004118873e-06
2.545164616e-06
7.972587802e-07
4.013897682e-06
7.769897345e-06
1.763996592e-06
1.643693763e-05
3.792927202e-05
1.506354169e-05
9.305377164e-05
0.0001752333593
0.0001972915797
0.0001843511416
0.0001749315285
0.0001684320731
0.0001977610511
0.0001411425465
0.0001467803781
0.000133624081
0.0001204544289
0.0001238350481
0.0001088150992
0.0001016333704
9.814849164e-05
9.940237837e-05
0.0001012132611
9.068608163e-05
0.0001058584824
0.0001121860915
9.914150885e-05
0.0001191350728
0.0001257810494
0.0001150081719
0.0001313801405
0.0001353028681
0.0001303923665
0.0001369894791
0.0001359543327
0.0001395603994
0.0001318444205
0.0001245053367
0.0001373328294
0.0001140401562
0.0001008478415
0.0001205675245
8.562773914e-05
6.933699504e-05
9.069787065e-05
5.309371986e-05
3.802953451e-05
5.499675949e-05
2.511253304e-05
1.497835838e-05
2.422789436e-05
7.817571867e-06
3.362893314e-06
6.243786556e-06
1.019945885e-06
1.686790826e-07
3.650319654e-07
2.796374786e-05
1.533446081e-05
9.551009957e-06
8.558966518e-06
5.388375769e-06
2.752771614e-06
4.087558076e-06
3.677031925e-06
1.67623478e-06
3.634441386e-06
3.670649597e-06
1.559270953e-06
3.651214797e-06
3.602937746e-06
1.712207388e-06
3.667396418e-06
4.01417184e-06
1.924147769e-06
4.817295857e-06
6.279065866e-06
2.73614625e-06
8.593066998e-06
1.209499948e-05
4.635236338e-06
1.720837034e-05
2.443484123e-05
1.037308126e-05
3.436986642e-05
4.778208857e-05
2.618263962e-05
6.612682573e-05
9.198424593e-05
6.85628279e-05
0.0001267524639
0.0001641767702
0.0001861240425
0.0001898571278
0.0002079813981
0.0002489189789
0.0002220511423
0.0001467102221
0.0001797973475
0.0001325231733
0.0001183138549
0.0001212362494
0.000115357144
0.0001155059225
0.0001084121476
0.0001178621234
0.0001214330805
0.0001119814093
0.0001254279415
0.0001291219167
0.0001225798448
0.0001317453749
0.0001326531448
0.0001318015815
0.0001314715755
0.0001280226352
0.0001343064195
0.0001220913547
0.0001137353794
0.0001268000456
0.0001031836516
9.084751714e-05
0.0001083109295
7.731248824e-05
6.329350041e-05
8.121843973e-05
4.956446727e-05
3.686886721e-05
5.127837236e-05
2.582505683e-05
1.684179849e-05
2.559605729e-05
1.006663998e-05
5.382545065e-06
9.066245274e-06
2.458855844e-06
8.836314625e-07
1.735372645e-06
2.204925253e-07
4.624702187e-08
1.046434103e-07
2.03969613e-05
2.079200845e-05
2.042757475e-05
1.873955734e-05
1.657131653e-05
1.022788387e-05
1.513723764e-05
1.419401266e-05
7.591164623e-06
1.323902485e-05
1.211704851e-05
7.007454574e-06
1.113359171e-05
1.080607522e-05
6.40208623e-06
1.16081832e-05
1.384801103e-05
7.781839485e-06
1.762352618e-05
2.285109568e-05
1.319867537e-05
2.939510744e-05
3.719006004e-05
2.383176067e-05
4.623726818e-05
5.658674915e-05
4.112115318e-05
6.84657827e-05
8.249534829e-05
6.714103903e-05
9.955614044e-05
0.0001197184187
0.0001084215758
0.0001403624833
0.0001555480712
0.0001568990509
0.0001605611955
0.0001587190136
0.0001781494398
0.0001520022046
0.0001234134078
0.0001285084018
0.0001155688378
0.0001154381421
0.000114983773
0.0001209595162
0.0001276240679
0.0001224937682
0.0001323644184
0.0001354824394
0.0001315723938
0.0001387991615
0.0001416200369
0.000140984545
0.0001396608239
0.0001294830469
0.000134557706
0.0001159778869
0.0001078280734
0.0001175016092
9.763731667e-05
8.628735003e-05
9.857046937e-05
7.427293514e-05
6.224905203e-05
7.395604854e-05
5.077821806e-05
4.014371993e-05
4.809822984e-05
2.984705942e-05
2.045242224e-05
2.595980966e-05
1.30222651e-05
7.801803547e-06
1.093197118e-05
4.535124735e-06
2.683861189e-06
3.240109349e-06
1.35935674e-06
1.175428404e-06
7.289798182e-07
1.407200371e-06
3.047958259e-06
1.192103279e-06
9.839583299e-06
1.660570681e-05
1.930965325e-05
2.491173045e-05
3.280007829e-05
2.460933015e-05
3.802645781e-05
3.922016791e-05
2.469309348e-05
3.684240822e-05
3.282686415e-05
2.035619635e-05
2.932616651e-05
2.778402121e-05
1.771580115e-05
2.876666737e-05
3.217655793e-05
2.211514112e-05
3.751521114e-05
4.417633137e-05
3.357981009e-05
5.172016902e-05
5.998970644e-05
4.952134614e-05
6.906178462e-05
7.915741251e-05
6.90494377e-05
9.057750842e-05
0.0001035767331
9.400470091e-05
0.0001180663494
0.0001332306587
0.0001268950285
0.0001473197042
0.0001579128982
0.0001548757108
0.0001629527939
0.0001622186727
0.0001530553611
0.0001577774758
0.0001533694187
0.0001281614996
0.0001551406445
0.0001654074417
0.000124505771
0.0001842339937
0.0002097706213
0.0001446501737
0.0002396631984
0.0002699738952
0.0001636832589
0.0002931480301
0.0003050443191
0.0001560546508
0.0003208141603
0.0003743530065
0.0001566161026
0.0004692511164
0.0004602665895
0.0001664518294
0.0003994967153
0.0003338153798
0.0001344071598
0.0002612100782
0.0001915615214
0.0001077380202
0.0001299318678
8.03327535e-05
7.504883793e-05
4.847079358e-05
2.918745182e-05
3.352017261e-05
1.659514584e-05
8.340636352e-06
9.959032223e-06
3.3665782e-06
8.666921148e-07
2.484439877e-06
2.653706848e-07
6.583253469e-08
5.567045938e-07
2.04512989e-07
2.016603291e-07
7.90144794e-07
6.915441113e-06
1.306621071e-05
1.354641499e-05
2.578536901e-05
4.363342402e-05
3.900967535e-05
6.038997e-05
7.029837059e-05
5.549347118e-05
7.182348527e-05
6.766255146e-05
4.916563658e-05
6.202760122e-05
5.808241172e-05
4.120261019e-05
5.715092727e-05
5.920634023e-05
4.405555784e-05
6.365297251e-05
6.992712879e-05
5.517351308e-05
7.779400991e-05
8.735670777e-05
7.070886764e-05
9.890091365e-05
0.000112708266
9.106402293e-05
0.000128887832
0.0001472466407
0.0001178165569
0.0001672624138
0.0001882640063
0.0001492603835
0.0002097615209
0.0002316619947
0.0001789974175
0.0002542076646
0.0002778559738
0.0002019233809
0.000303366581
0.0003318007188
0.0002278210475
0.0003638063887
0.0003982558068
0.0002882030874
0.0004316013884
0.0004584814094
0.0004018781922
0.0004727290499
0.0004667330696
0.0005606543999
0.0004253651435
0.0002654542393
0.0007191314195
0.0001214672111
0.0001004171316
0.0005654660266
7.375475626e-05
6.626661441e-05
0.0001936609173
6.413647289e-05
6.35732211e-05
9.823736869e-05
6.239103006e-05
5.948214131e-05
6.470767168e-05
5.445200074e-05
4.73813142e-05
4.121248482e-05
3.873467854e-05
2.930386018e-05
2.258887088e-05
2.009607396e-05
1.21178126e-05
8.277324179e-06
6.100867543e-06
2.28833927e-06
1.196262097e-06
4.954737941e-07
5.110087217e-09
1.561918556e-08
1.176084438e-08
5.141303329e-09
3.264959455e-08
3.851046041e-05
5.733895509e-05
4.896879912e-05
7.816518748e-05
9.571760375e-05
8.280831949e-05
0.0001062391631
0.0001098437972
8.73032516e-05
0.0001096294197
0.0001091820867
7.967435607e-05
0.0001108811025
0.0001156763706
8.13608212e-05
0.0001236586362
0.0001346675333
9.444378118e-05
0.0001486177417
0.0001655600358
0.0001174164689
0.0001855895773
0.0002086793816
0.0001517470347
0.0002344981476
0.0002622698535
0.0001979075352
0.0002907690043
0.0003185019447
0.0002512901801
0.000343967602
0.000365784068
0.0003052996886
0.0003825392538
0.0003925091318
0.0003554595372
0.0003935016999
0.000382984883
0.0003923029589
0.0003584911186
0.0003182630498
0.0003950585813
0.0002621920518
0.0001929489839
0.0003326341322
0.0001160167707
3.768629297e-05
0.0001788928438
3.359493677e-05
3.266866767e-05
5.395804534e-05
3.417285942e-05
3.730842137e-05
4.594434546e-05
4.124218896e-05
4.556847522e-05
5.277002671e-05
5.002644309e-05
5.435148352e-05
5.957124846e-05
5.81048505e-05
6.063727008e-05
6.137867442e-05
6.11995679e-05
5.912771476e-05
5.404995965e-05
5.404388024e-05
4.603984865e-05
3.733008823e-05
3.581071844e-05
2.467002935e-05
1.745661923e-05
1.43352205e-05
6.41402818e-06
3.882993018e-06
1.727381209e-06
1.809418552e-09
2.333158459e-09
6.910343438e-05
9.09720521e-05
7.066847813e-05
0.0001158210965
0.0001405565186
0.0001136324225
0.0001620505641
0.0001789017083
0.0001393224243
0.0001919183751
0.0002031549267
0.0001501956873
0.0002146149094
0.0002275254644
0.0001653326965
0.0002422792517
0.0002586842261
0.0001917728124
0.0002762354423
0.0002942990834
0.0002285547424
0.0003121937868
0.0003291805002
0.0002733235043
0.0003444032641
0.0003568254468
0.0003213361576
0.0003652204184
0.0003682555669
0.000362615979
0.000364642326
0.0003532997947
0.0003837332296
0.000333503414
0.000305033063
0.0003722164789
0.0002683647611
0.0002248992171
0.0003182315565
0.0001770955824
0.0001275055867
0.0002200488495
7.495506507e-05
4.616078118e-05
9.399801951e-05
3.992970006e-05
3.651118224e-05
3.593896759e-05
3.222482185e-05
2.809332964e-05
3.062142947e-05
2.611867419e-05
2.614305718e-05
3.150771998e-05
2.758131528e-05
2.995791084e-05
3.766385753e-05
3.317213533e-05
3.736501751e-05
4.654538854e-05
4.258088264e-05
4.851485487e-05
5.627384321e-05
5.445234902e-05
5.934388719e-05
6.127587304e-05
6.195063055e-05
6.103096439e-05
5.447121034e-05
5.562026146e-05
4.550115302e-05
3.405968777e-05
3.179249806e-05
1.726640404e-05
1.052830472e-05
5.74304724e-06
4.350378854e-09
2.288474468e-09
0.0001259487181
0.0001566745421
0.0001197670958
0.0001894164269
0.0002224673621
0.0001777195642
0.0002532664842
0.0002799428019
0.0002276779532
0.0003019546444
0.0003198712195
0.0002629413867
0.0003346986666
0.0003472352373
0.0002925390802
0.0003577421207
0.0003659382145
0.0003216353051
0.0003711791944
0.0003726992471
0.0003467611995
0.0003698076126
0.0003620083178
0.0003614306819
0.0003490378103
0.0003308544969
0.0003597970733
0.000307617197
0.00027968894
0.0003368483831
0.000247675335
0.0002124754862
0.0002891120208
0.0001752914592
0.00013750259
0.0002178829933
0.0001003787519
6.2734601e-05
0.0001330542954
3.992733016e-05
4.061171771e-05
5.284448613e-05
3.840443016e-05
3.713405852e-05
4.035931432e-05
3.372982448e-05
3.00101539e-05
3.433461023e-05
2.676201442e-05
2.425230506e-05
2.59685887e-05
2.2235331e-05
2.067550619e-05
2.250597566e-05
1.998804091e-05
1.985316882e-05
2.374346678e-05
1.989445924e-05
2.056849379e-05
2.82029583e-05
2.27217299e-05
2.692742226e-05
3.820108083e-05
3.328805858e-05
4.143346349e-05
5.261924097e-05
5.059499512e-05
5.958629592e-05
6.35140522e-05
6.649751078e-05
6.847913132e-05
5.791410357e-05
6.218675185e-05
4.547388915e-05
2.822955303e-05
2.093618999e-05
2.442792766e-08
1.674355685e-08
0.0002762377909
0.0003094637406
0.0002688568738
0.0003382175885
0.0003607510846
0.0003271074849
0.0003763392185
0.0003851171442
0.0003632765142
0.0003877377553
0.000384934623
0.0003801316253
0.0003772358262
0.0003648871384
0.0003813831584
0.0003479448857
0.0003264452683
0.0003655372552
0.0003005661386
0.0002707413848
0.0003299331951
0.0002376885611
0.0002023881275
0.0002754424781
0.0001660375243
0.0001299773472
0.0002074829764
9.563405852e-05
6.447234725e-05
0.0001352995085
3.797364823e-05
1.43948107e-05
7.168780192e-05
2.035561804e-05
2.365548357e-05
3.546278027e-05
2.715188191e-05
2.767590529e-05
3.425085929e-05
2.635302319e-05
2.438029376e-05
3.098186558e-05
2.264454562e-05
2.168939105e-05
2.556427324e-05
2.132035081e-05
2.112648457e-05
2.265135348e-05
2.072295748e-05
1.961577987e-05
2.006964064e-05
1.879434302e-05
1.849847902e-05
1.845092711e-05
1.764365994e-05
1.519845511e-05
1.589936665e-05
1.17795686e-05
9.714192229e-06
1.676194933e-05
1.05397078e-05
1.43082493e-05
2.760633789e-05
2.060121167e-05
3.001470926e-05
4.793065339e-05
4.350352723e-05
6.157717656e-05
7.199602122e-05
8.275605502e-05
9.95369999e-05
7.039624722e-05
0.0003634049992
0.0003688469904
0.0003751978714
0.0003662594931
0.0003561082562
0.0003820986761
0.0003393320984
0.0003170649407
0.0003618586998
0.0002904487715
0.0002605399529
0.0003210296276
0.0002283114073
0.0001947318884
0.0002645667767
0.0001608152762
0.0001276428819
0.0001974930792
9.634805738e-05
6.807596762e-05
0.0001274173394
4.386327654e-05
2.453244892e-05
6.44710767e-05
1.054789002e-05
2.002088309e-06
1.900472902e-05
1.173393503e-06
2.140860554e-06
5.997639537e-06
4.597231132e-06
8.641661229e-06
1.603271906e-05
1.189383144e-05
1.246984345e-05
1.989368924e-05
1.210315066e-05
1.199045017e-05
1.806221945e-05
1.277041457e-05
1.474023165e-05
1.828594844e-05
1.776472307e-05
2.034993526e-05
2.0162964e-05
2.097859273e-05
1.802610294e-05
1.867682224e-05
1.601049586e-05
1.684847085e-05
1.835312092e-05
1.834657198e-05
1.867612252e-05
1.718283907e-05
1.670859842e-05
1.123822053e-05
7.558196307e-06
2.486890624e-06
9.811215004e-07
4.90186781e-06
3.239999398e-07
1.356775119e-08
1.14183429e-05
1.564107379e-10
2.985375209e-10
3.358782727e-05
0.0003186641785
0.0003058061703
0.0003440716137
0.0002864847049
0.0002616741179
0.0003132245845
0.0002330383754
0.0002020811334
0.0002603856072
0.0001703248289
0.0001391294774
0.0001963764964
0.0001096620661
8.287936318e-05
0.0001313845192
5.952569281e-05
4.01108137e-05
7.415457948e-05
2.489118285e-05
1.380750283e-05
3.171008004e-05
6.493766015e-06
2.295791736e-06
7.678387115e-06
4.570735572e-07
4.440106829e-08
3.280551323e-07
3.325803909e-08
4.259980847e-08
4.922902918e-07
7.337001858e-08
1.774763513e-07
2.763500387e-06
7.85935778e-07
1.447405607e-06
6.054930133e-06
1.421126861e-06
1.407229159e-06
6.115348554e-06
2.601853419e-06
5.239738398e-06
1.021554891e-05
1.058546185e-05
1.971181478e-05
2.133976404e-05
3.036953325e-05
2.472644234e-05
1.919454253e-05
1.259466095e-05
1.214486585e-05
1.462950821e-05
1.471956167e-05
1.71241298e-05
1.829792166e-05
1.82655309e-05
1.732578013e-05
1.571382085e-05
1.16754019e-05
4.330674528e-06
1.782789271e-06
7.230115675e-07
3.228069777e-09
2.698568813e-09
7.841888981e-13
9.474310529e-11
6.316655059e-10
0.0001900735319
0.0001625480977
0.0002095456055
0.0001348209298
0.0001082349195
0.0001499770851
8.405872334e-05
6.292823523e-05
9.437690332e-05
4.517493522e-05
3.09101977e-05
5.042648168e-05
2.001224829e-05
1.214631122e-05
2.140025058e-05
6.794073884e-06
3.363469333e-06
6.324167045e-06
1.343994867e-06
3.726575485e-07
8.247449597e-07
6.628518727e-08
1.56154084e-08
1.706583814e-08
1.059686334e-08
9.538599045e-09
8.378781673e-09
9.718605588e-09
1.069554129e-08
1.683254852e-08
1.902593866e-08
1.470209783e-07
8.902601334e-08
9.799868023e-07
4.28983971e-06
2.001623923e-07
1.355545802e-05
3.158851282e-05
2.695410798e-06
4.580928382e-05
2.828587309e-05
2.484092306e-05
1.51202348e-05
1.608967254e-05
3.740102699e-05
7.095855456e-06
6.996611617e-06
9.599571894e-06
9.70131717e-06
1.341806821e-05
1.547193279e-05
1.7409911e-05
1.844285312e-05
1.808802483e-05
2.245319925e-05
2.06252438e-05
1.060562311e-05
4.847187658e-06
6.026899652e-09
4.005825454e-09
4.194737004e-05
3.041457551e-05
4.268939962e-05
2.14618028e-05
1.476016465e-05
2.018733541e-05
9.879376681e-06
6.364553572e-06
7.947099195e-06
3.829735149e-06
2.033792462e-06
2.224312217e-06
8.880817563e-07
3.078864948e-07
2.483279517e-07
9.80088406e-08
4.840242124e-08
2.458005947e-08
4.42897388e-08
5.30673162e-08
2.571656939e-08
7.28313739e-08
1.100252992e-07
7.966484939e-08
8.396754305e-08
9.697817039e-08
6.013070437e-07
8.800453089e-08
1.111579221e-07
3.46417244e-07
1.700293812e-07
2.924217198e-07
1.30664289e-06
7.111002498e-07
7.210613294e-06
6.274141877e-06
9.413170555e-06
1.948043971e-05
1.696029517e-05
2.743486473e-06
2.601939187e-06
4.624519356e-06
4.371596368e-06
8.127686781e-06
1.09669421e-05
1.558286666e-05
1.82034781e-05
1.8483232e-05
1.305746251e-05
1.042044257e-05
1.207098773e-05
8.567645173e-06
7.24741676e-06
6.267810501e-06
6.012161437e-06
4.710788635e-06
2.69068049e-06
3.455750843e-06
2.454009754e-06
7.207444587e-07
1.812353076e-06
1.473513708e-06
1.410414968e-07
1.027393154e-06
5.488586305e-07
5.111631952e-08
4.098493009e-07
3.846254065e-07
8.516782576e-08
1.314579981e-06
2.56034758e-07
1.176355515e-07
2.136346962e-07
3.10973896e-07
1.387812873e-07
6.671473857e-07
2.37254215e-06
4.366440643e-07
1.285285859e-05
1.307503567e-05
8.59308502e-06
1.055883188e-05
2.352368125e-05
2.373541941e-05
3.483508759e-07
2.584499113e-07
1.125561177e-06
6.175726632e-07
1.603750358e-06
4.964765164e-06
1.687532634e-05
1.731167406e-05
7.381710271e-06
1.646125039e-05
1.445291543e-05
5.383116316e-06
1.093908214e-05
7.799869292e-06
2.738776196e-06
6.062122697e-06
5.137193911e-06
1.986085326e-06
9.033916179e-06
1.134772066e-06
5.227910933e-07
1.897833023e-06
5.17502424e-06
1.2076034e-06
1.412214774e-05
2.293722992e-05
1.150639752e-05
2.819283017e-05
1.987113957e-05
1.570812408e-05
)
;

boundaryField
{
    dominio_ascii
    {
        type            zeroGradient;
    }
    wallFilmFaces_top
    {
        type            zeroGradient;
    }
    region0_to_wallFilmRegion_wallFilmFaces
    {
        type            zeroGradient;
    }
}


// ************************************************************************* //
