/*--------------------------------*- C++ -*----------------------------------*\
| =========                 |                                                 |
| \\      /  F ield         | OpenFOAM: The Open Source CFD Toolbox           |
|  \\    /   O peration     | Version:  2.1.x                                 |
|   \\  /    A nd           | Web:      www.OpenFOAM.org                      |
|    \\/     M anipulation  |                                                 |
\*---------------------------------------------------------------------------*/
FoamFile
{
    version     2.0;
    format      ascii;
    class       surfaceScalarField;
    location    "1.3";
    object      phi;
}
// * * * * * * * * * * * * * * * * * * * * * * * * * * * * * * * * * * * * * //

dimensions      [1 1 -1 0 0 0 0];

internalField   nonuniform List<scalar> 
5536
(
4.539659461e-10
-7.095309045e-10
-4.374085413e-10
4.868728207e-10
-5.694877726e-10
-4.54109608e-10
4.99316849e-10
-6.472396976e-10
-7.802836845e-10
1.066956726e-09
-1.010185518e-09
-9.689710713e-10
5.352116005e-10
-1.632167419e-09
-7.613782821e-09
-1.679092477e-09
1.479018095e-09
-1.223877369e-09
-9.426964007e-10
1.172624773e-09
6.482104993e-10
-1.007094341e-09
-5.620940708e-10
3.152431655e-09
1.010149965e-09
-1.738157673e-08
-5.247505857e-09
7.409570215e-10
7.423978123e-10
-1.315615031e-09
-3.675238088e-10
5.986277062e-10
4.766005101e-10
-6.8489637e-10
-5.371749767e-10
9.017626265e-10
6.699129741e-10
-1.26565022e-09
-8.766286264e-10
1.12852557e-09
9.309899606e-10
-1.604373362e-09
-7.314901104e-10
7.740608649e-10
6.975757412e-10
-4.423001265e-10
-5.217787379e-10
4.370035747e-10
2.999510309e-10
-2.354684087e-10
-1.189784189e-10
6.599284041e-11
-2.405826903e-11
-1.538665529e-11
2.912888379e-11
5.216143611e-13
1.419531971e-13
1.955089813e-13
-3.526528441e-10
6.65925926e-11
8.743981193e-09
-3.098682599e-10
-5.847315685e-09
-3.304672796e-09
5.222562795e-09
7.871904658e-10
-4.461936245e-09
-9.164257782e-10
8.557995733e-10
7.472907325e-10
-6.619331204e-10
-5.615518557e-10
1.286764286e-09
7.245809941e-10
-4.153796482e-09
-4.183950879e-09
4.647867068e-08
1.605734123e-08
-5.351948402e-08
-1.90507668e-08
7.72707702e-09
-2.054389488e-09
-2.66104309e-08
3.028017857e-09
7.156913218e-10
1.62467528e-10
-9.062372828e-10
-5.276523191e-10
1.458263149e-09
6.634333748e-10
-1.290823146e-09
-9.195540412e-10
1.952470738e-09
8.04339872e-10
-1.611802511e-09
-4.670132183e-10
1.626208684e-10
4.462914699e-10
9.295858823e-12
-3.958951355e-10
7.263106468e-11
2.042623568e-10
2.682381191e-11
-6.85361347e-11
-2.180657287e-12
5.038685963e-11
3.797856701e-11
-4.951219621e-11
-4.943349151e-11
6.604128825e-11
1.3408471e-10
-1.098427412e-10
-8.338294708e-10
2.203586055e-10
8.917135018e-10
-1.356216848e-10
2.224718838e-10
-3.565399194e-11
-1.122877214e-10
1.623368983e-10
-3.144690533e-10
-5.826139652e-11
4.215433036e-10
-3.099470243e-11
-5.302901223e-10
1.08739091e-10
4.01632062e-09
-9.66196447e-11
-3.084989669e-09
-1.956248956e-09
3.322692907e-09
6.36176462e-10
-2.182506654e-09
-5.38976533e-10
5.70216897e-10
5.045221215e-10
-4.683785314e-10
-1.083658375e-09
9.190929372e-09
7.343025873e-09
-1.533203746e-09
-2.12296242e-08
3.090768907e-08
2.196745096e-08
-2.560995676e-09
-6.328512513e-09
2.637013645e-08
-2.754880579e-09
-2.241797988e-09
1.896367032e-08
2.821377777e-09
-1.191212442e-08
-1.683479774e-09
1.615149676e-09
8.153392622e-10
2.001821106e-10
-3.414412713e-10
-5.535558374e-10
1.138320993e-09
9.715527602e-10
-1.25376648e-09
-4.627596231e-10
1.811318431e-09
3.435404479e-10
-1.898366865e-08
-4.58708898e-10
-8.031090054e-11
4.27077684e-10
2.416798286e-10
-1.613168626e-10
-1.020086543e-10
1.596437341e-10
2.605147823e-10
-2.406888842e-10
-3.57438783e-10
4.602886872e-10
9.073180985e-10
-9.314472001e-10
-1.598204069e-09
1.722596239e-09
2.787116961e-09
-2.791706079e-09
-3.482968569e-09
4.343352526e-09
5.599504214e-09
-6.406433559e-09
-1.626796392e-08
8.961386379e-09
7.649420381e-11
7.281297336e-09
1.46940677e-11
-2.675189329e-11
3.291670159e-10
2.231018933e-10
-3.371513125e-10
-2.231693586e-10
4.024883531e-10
2.15720968e-10
-5.035344913e-10
-1.830208509e-10
6.796497343e-10
5.657174387e-11
-8.830018537e-10
3.752960761e-11
2.26539285e-09
5.017892008e-10
-1.470223625e-09
-1.317009069e-09
1.277923425e-09
5.985357591e-10
-6.900728649e-10
-4.293797405e-10
3.950151516e-10
3.754144707e-10
-3.29593402e-10
-3.257556805e-10
4.484586615e-10
2.848979656e-10
-3.537536235e-10
-2.500215822e-10
5.315992038e-10
2.218537326e-10
-4.580775579e-10
-1.995179056e-10
7.156082332e-10
2.494198267e-10
-1.058076837e-09
-4.508030809e-10
1.324180033e-09
7.586878138e-10
-2.983847484e-09
-4.54561851e-10
4.269330817e-10
3.097711893e-10
-1.453289483e-09
-1.913958789e-09
1.307906669e-09
1.574489827e-09
-1.30973302e-09
-1.192018668e-09
4.451846873e-08
1.902458179e-09
-3.444269312e-08
2.919031422e-09
-6.13784536e-10
3.494957805e-10
1.214216662e-09
-6.323585466e-10
-6.133204165e-10
7.50846771e-10
1.222985265e-09
-1.199235922e-09
-1.777522264e-09
1.922865229e-09
2.851241117e-09
-2.875666213e-09
-4.075594011e-09
3.956550999e-09
5.255294734e-09
-5.024405117e-09
-6.61779035e-09
5.953622217e-09
7.27665741e-09
-6.544277357e-09
-7.285613195e-09
6.678379325e-09
7.777407034e-09
-7.110007496e-09
-9.990571022e-09
1.000482427e-08
1.069655691e-08
-1.063779543e-08
-1.098331508e-10
9.532440214e-12
3.655029023e-10
4.471433626e-10
-5.724519033e-10
-4.109626414e-10
4.116861582e-10
3.731931235e-10
-5.762600199e-10
-3.545871381e-10
5.894411053e-10
3.874986597e-10
-6.503384856e-10
-5.147859635e-10
8.958934761e-10
7.677961609e-10
-7.178430145e-10
-9.389038547e-10
7.950948328e-10
7.892445597e-10
-4.015889101e-10
-7.408456757e-10
3.765368177e-10
4.352985594e-10
-2.406000931e-10
-3.587473722e-10
2.658262175e-10
3.028414966e-10
-2.049714054e-10
-2.550489722e-10
2.769678951e-10
2.240136906e-10
-2.193146072e-10
-2.17677018e-10
4.484189347e-10
2.511405894e-10
-4.679386329e-10
-4.155596045e-10
1.625505576e-09
1.076134895e-09
-1.923547481e-09
-2.342784213e-09
3.982471841e-09
3.13794615e-09
-3.338420114e-09
-3.056789398e-09
2.455733672e-09
2.700754169e-09
-3.405720447e-09
-4.68922994e-09
5.114083783e-09
1.145985504e-08
-6.961719193e-09
-1.053283895e-08
9.917172518e-09
1.553801854e-09
-1.096169545e-09
1.353851658e-09
-1.115057885e-09
-8.829490657e-09
-4.101441956e-09
-7.685740442e-10
-2.085256842e-09
2.289476073e-09
2.961030682e-09
-3.030762104e-09
-4.015624562e-09
3.953263676e-09
5.198904891e-09
-4.977235032e-09
-6.314237251e-09
5.961211674e-09
7.287362698e-09
-6.827614063e-09
-7.954694755e-09
7.556309987e-09
8.633146957e-09
-8.152673751e-09
-8.684446918e-09
8.654103024e-09
9.168731423e-09
-9.059482107e-09
-1.000420181e-08
8.983364754e-09
8.646542913e-09
-7.563816613e-09
-5.032712896e-09
5.661666556e-09
4.443862421e-09
-5.053783875e-09
3.597923042e-12
-5.280805856e-11
7.63689889e-10
-1.001345971e-09
-1.81669873e-09
1.931033308e-09
1.014638062e-09
-1.82700814e-09
-2.000945805e-09
9.777502287e-10
1.997293651e-09
-1.785447026e-09
-1.883558743e-09
6.74772312e-10
1.722866e-09
-8.656084218e-10
-1.56234276e-09
4.395823744e-10
1.327791472e-09
-1.544941555e-10
-9.994454752e-10
2.725759353e-10
6.852757161e-10
-1.524728333e-10
-4.95981104e-10
1.877502803e-10
3.900986946e-10
-1.35883695e-10
-3.148809437e-10
1.489872195e-10
2.478594816e-10
-9.862177548e-11
-2.089442959e-10
1.753102491e-10
2.103998253e-10
-1.388006744e-10
-2.626369784e-10
4.303619469e-10
4.278287826e-10
-3.870456498e-10
-9.421479861e-10
1.549906549e-09
1.994868268e-09
-9.337590089e-10
-2.90011563e-09
2.466604118e-09
3.349670615e-09
-1.381320013e-09
-3.436436426e-09
1.563634041e-09
3.040522819e-09
4.443448672e-11
-1.753661538e-09
1.649646442e-09
1.243000454e-09
1.138472445e-09
-9.183246179e-10
-4.034534703e-11
5.103872486e-10
8.735403193e-09
-3.845984063e-10
-7.785421279e-10
1.367107737e-10
5.490752884e-09
-1.020957897e-09
-5.931512606e-09
3.270049373e-09
6.132013078e-09
-5.157614264e-09
-6.347446646e-09
6.125155253e-09
7.417455864e-09
-7.003313847e-09
-8.15203334e-09
7.756971773e-09
8.814626333e-09
-8.318430626e-09
-9.104065959e-09
8.629675571e-09
9.172691851e-09
-8.616754879e-09
-8.94385848e-09
8.188969701e-09
8.073564785e-09
-7.251949854e-09
-6.900611632e-09
5.766556879e-09
5.112040491e-09
-3.942771107e-09
-2.987449794e-09
2.319971382e-09
1.761281572e-09
-1.086159432e-09
-9.981383995e-13
4.604464589e-13
3.397453707e-13
6.438334425e-14
-2.639895645e-09
-5.69185275e-09
2.200996915e-09
5.480171561e-09
-2.416033604e-09
-5.972290514e-09
2.619434887e-09
6.918820792e-09
-2.724842705e-09
-7.959751844e-09
2.613492595e-09
8.4601974e-09
-2.707945297e-09
-8.031409385e-09
1.336570507e-09
6.756475799e-09
-1.779747455e-09
-4.996551681e-09
1.14572929e-10
3.185723321e-09
-6.537364017e-10
-1.760304992e-09
4.514718445e-11
9.721728247e-10
-5.322448978e-11
-6.200753794e-10
7.648413516e-11
4.024061068e-10
7.069142848e-12
-2.639403518e-10
5.321783427e-11
1.973225867e-10
-7.00738676e-12
-2.121750977e-10
1.550453456e-10
3.790793258e-10
-9.895988163e-10
-1.126779434e-09
1.866568549e-09
2.36017148e-09
-7.56025869e-09
-1.650077578e-09
-6.181656706e-11
1.555261634e-09
8.034899006e-10
-2.298289608e-09
1.905385399e-10
2.6366808e-09
1.254975695e-09
-2.366909755e-09
-1.44893369e-09
1.574479039e-09
2.828227374e-09
-1.054788512e-09
-1.728943499e-09
1.770463057e-09
2.502211486e-09
-3.158792833e-09
-2.14282487e-08
5.641758671e-09
1.937055616e-08
-4.086450682e-09
-7.594501677e-09
5.320607687e-09
9.125956364e-09
-5.885761982e-09
-6.99726913e-09
6.559339027e-09
8.059961922e-09
-7.27385656e-09
-8.316187995e-09
7.889501598e-09
8.952528887e-09
-8.33963019e-09
-9.163094825e-09
8.537671148e-09
9.122854993e-09
-8.410468021e-09
-8.765411205e-09
7.907371739e-09
7.935288347e-09
-7.014644178e-09
-6.791061344e-09
5.772116048e-09
5.356429484e-09
-4.299404004e-09
-3.536638457e-09
2.805088486e-09
2.288993288e-09
-1.545376788e-09
-9.432910658e-10
6.919989218e-10
4.602162499e-10
-2.069098835e-10
-1.885670146e-13
2.257762674e-15
7.081386824e-14
6.404771645e-14
-9.307219552e-14
4.263668475e-14
5.50530394e-14
-5.974512705e-14
1.367402436e-09
8.846759502e-09
-1.948942963e-09
-7.253375134e-09
2.076244135e-09
7.315802501e-09
-1.450900723e-09
-8.103584372e-09
1.98491866e-09
9.693164333e-09
-9.576779326e-10
-1.158459347e-08
2.033560446e-09
1.301749958e-08
-1.838405108e-09
-1.366773455e-08
2.299777445e-09
1.349447887e-08
-4.837879618e-09
-1.232441656e-08
1.922038327e-09
1.011039828e-08
-4.06311618e-09
-7.344317505e-09
6.687236099e-10
4.799894249e-09
-1.311139706e-09
-2.800153745e-09
-1.165317273e-12
1.192013659e-09
-3.413098582e-10
-3.588238828e-10
-1.759538037e-11
3.764338204e-10
-4.067955099e-10
-1.849107733e-09
5.949658421e-09
7.104668891e-09
-1.036631393e-08
-1.081422497e-08
1.166250578e-08
7.900010836e-09
-8.39049286e-09
-2.431316505e-09
-7.379602056e-10
2.196003198e-09
1.226310195e-09
-2.996976271e-09
-1.93379249e-09
2.960391025e-09
2.650970106e-09
-2.643607067e-09
-3.822981372e-09
2.143011037e-09
4.638238228e-09
-2.215846314e-09
-3.455647269e-09
3.663350503e-09
4.664324778e-09
-5.527078397e-09
-1.211445538e-08
7.412896173e-09
1.027736524e-08
-8.019336374e-09
-1.048471644e-08
8.326362068e-09
1.176491256e-08
-8.226042361e-09
-8.993973387e-09
8.371942022e-09
9.651882351e-09
-8.536141045e-09
-9.252714592e-09
8.537855688e-09
9.177438615e-09
-8.294309456e-09
-8.683421184e-09
7.754572068e-09
7.893043275e-09
-6.901925908e-09
-6.809613242e-09
5.775733705e-09
5.541811628e-09
-4.472793314e-09
-3.97523994e-09
3.136533615e-09
2.778580819e-09
-1.929401248e-09
-1.381515426e-09
9.894676889e-10
7.71801116e-10
-3.851050865e-10
-2.027459065e-10
8.542505677e-11
1.204837099e-10
-4.621100398e-12
-7.921101112e-12
-3.651511678e-12
1.449254217e-11
-2.11893077e-12
-1.190336956e-12
1.107592445e-11
4.653772814e-11
-4.861120531e-11
1.860557377e-09
1.16513145e-10
-9.608885099e-10
-8.199383944e-09
6.091332528e-09
9.845276725e-10
-3.03880769e-10
-5.502726979e-09
6.305451764e-10
5.152217039e-09
-1.254072437e-09
-5.980314482e-09
1.904043382e-09
1.062944597e-08
-1.004014007e-08
-2.116576202e-08
8.839271394e-09
3.151898256e-08
-1.276772308e-08
-3.414460386e-08
1.082918761e-08
3.018572965e-08
-7.814869033e-09
-2.393181568e-08
6.593973246e-09
1.798483212e-08
-5.430796431e-09
-1.325503085e-08
1.813965406e-09
9.937099773e-09
-3.859562912e-09
-7.884791901e-09
7.664876347e-10
5.563572406e-09
-2.740566414e-09
-6.134461417e-09
3.773249344e-09
1.259935956e-08
-4.85343872e-09
-1.638466486e-08
6.880191569e-09
1.181573277e-08
-2.09607962e-09
-6.51214663e-09
3.874569087e-09
3.786657042e-09
-3.296988493e-10
-3.724860206e-09
-1.813721e-09
3.027033344e-09
1.296674341e-09
-3.346798143e-09
-3.351142052e-09
3.052533753e-09
3.737418814e-09
-2.525348641e-09
-5.009489087e-09
2.577304176e-09
4.988241041e-09
-3.713576985e-09
-6.02868627e-09
6.101814646e-09
7.531576091e-09
-8.401175452e-09
-1.147111407e-08
1.011485404e-08
1.329018583e-08
-1.08596684e-08
-1.291100309e-08
1.049067554e-08
1.380816981e-08
-9.630936086e-09
-9.96337907e-09
8.958587917e-09
9.883331978e-09
-8.357831395e-09
-8.723944692e-09
7.620153605e-09
7.910549443e-09
-6.674878414e-09
-6.830829199e-09
5.523555429e-09
5.561870924e-09
-4.217828663e-09
-4.218974317e-09
2.893218731e-09
3.149596742e-09
-1.806915745e-09
-1.798326753e-09
1.230847271e-09
1.813426436e-09
-1.254003721e-09
-5.606779439e-10
1.913264383e-09
2.101250809e-09
-3.469543437e-09
-1.145736976e-10
6.406936345e-09
5.166263304e-09
-1.148516968e-08
-1.735004934e-11
2.009213271e-08
1.442423773e-08
-3.454928447e-08
-7.441209151e-11
5.871935125e-08
4.027941306e-08
-9.905456837e-08
-2.589717001e-09
1.116371982e-07
-2.75906116e-07
1.661837387e-07
5.605570777e-11
-1.205733778e-10
-1.733325135e-09
3.982273168e-09
7.246289184e-10
-2.721618831e-09
-1.061499276e-08
5.533090744e-09
2.258277233e-08
-7.160957973e-09
-3.203281654e-08
1.105337102e-08
3.154679311e-08
-7.314136724e-09
-2.408933116e-08
6.891072812e-09
1.576472614e-08
-3.411217096e-09
-9.847359428e-09
3.536084517e-09
6.591561792e-09
-1.471180197e-09
-5.206809641e-09
3.113149847e-09
5.037902781e-09
-1.275365765e-09
-5.681284533e-09
3.721762932e-09
6.445133692e-09
-1.922798612e-09
-5.96828972e-09
2.090230308e-09
4.496040009e-09
-1.761694436e-09
-2.871360345e-09
2.139242934e-10
1.665383774e-09
5.895913629e-10
-3.036483351e-09
-4.462861137e-10
5.202185581e-09
4.349184902e-09
-4.532245785e-09
-7.183083754e-11
2.731122999e-09
3.690733178e-09
-1.791224345e-09
-3.046749277e-09
-2.362510016e-10
3.785807571e-09
-1.557215233e-09
-4.193679243e-09
2.761781868e-09
4.282561601e-09
-2.835098154e-09
-5.149918916e-09
3.605572554e-09
5.934721547e-09
-5.732761893e-09
-9.222402785e-09
8.486822595e-09
1.107193479e-08
-1.08285164e-08
-1.498285754e-08
1.226011011e-08
1.629542405e-08
-1.234994668e-08
-1.431358794e-08
1.111272774e-08
1.429243447e-08
-9.305229162e-09
-9.380822538e-09
7.739822228e-09
8.526160238e-09
-6.467483507e-09
-6.816161685e-09
5.363155515e-09
6.023450767e-09
-4.536201973e-09
-4.597558564e-09
4.243515176e-09
5.0493933e-09
-4.715199417e-09
-3.415939439e-09
6.144655434e-09
6.022729876e-09
-8.80750153e-09
-4.144285514e-09
1.310147913e-08
1.049075795e-08
-1.954178335e-08
-8.385901056e-09
2.876301028e-08
2.098573952e-08
-4.150834725e-08
-1.917179871e-08
5.85631702e-08
4.101510102e-08
-8.063038255e-08
-4.221103093e-08
1.080815504e-07
7.430959699e-08
-1.405066628e-07
-8.592250974e-08
1.760780929e-07
1.202514006e-07
-2.108588686e-07
-1.505760739e-07
1.628035203e-07
-2.513550143e-07
2.384501383e-07
1.736678394e-09
6.559256304e-09
-2.054830094e-09
-8.636550763e-09
2.993853872e-09
9.728694678e-09
-1.760666606e-09
-1.183925367e-08
4.786435911e-09
1.562847819e-08
-2.453711739e-09
-1.810658444e-08
4.635763564e-09
1.601938629e-08
-3.271833852e-09
-1.148391888e-08
1.879362312e-09
6.906291521e-09
-1.323770456e-09
-3.743131402e-09
6.318326845e-10
2.077980833e-09
-2.651808077e-10
-1.375215724e-09
4.719388168e-10
1.152041449e-09
-1.44647255e-10
-1.183333478e-09
9.409563628e-10
1.40176965e-09
-4.95857652e-10
-1.756890278e-09
1.921887617e-09
2.6257916e-09
-1.710664735e-09
-4.923989326e-09
2.83288815e-09
8.937726076e-09
-9.184533235e-09
-8.421879468e-09
-5.031098144e-09
3.924441871e-09
3.974050016e-10
-6.579699209e-09
-9.518720773e-09
7.757021496e-09
1.15490842e-08
-4.050071581e-09
-3.88228573e-09
3.538094386e-09
4.47285882e-09
-3.953349551e-09
-4.946562412e-09
4.037886639e-09
6.092245074e-09
-4.43476701e-09
-7.373020179e-09
5.756131519e-09
9.311999794e-09
-8.04897047e-09
-1.296236009e-08
1.042560379e-08
1.476188164e-08
-1.209376027e-08
-1.709083367e-08
1.263694958e-08
1.73588118e-08
-1.183440163e-08
-1.373224029e-08
1.000239238e-08
1.303025784e-08
-8.157175435e-09
-7.868783834e-09
7.35435424e-09
8.361616476e-09
-7.782478833e-09
-6.567831087e-09
9.266958958e-09
9.021807196e-09
-1.182342339e-08
-7.649364164e-09
1.565320403e-08
1.289582868e-08
-2.104185818e-08
-1.189430749e-08
2.830267045e-08
2.110731756e-08
-3.772346436e-08
-2.132285232e-08
4.950302594e-08
3.520307261e-08
-6.367402599e-08
-3.815713105e-08
7.999480654e-08
5.559699291e-08
-9.78174508e-08
-6.369670995e-08
1.159374668e-07
7.972626719e-08
-1.324327814e-07
-9.530681451e-08
1.445656915e-07
9.908662363e-08
-1.488485733e-07
-1.195516404e-07
1.41465386e-07
9.695326472e-08
-1.193079415e-07
-1.019984337e-07
8.206522777e-08
5.566536557e-08
-3.597582923e-08
-3.178366793e-11
4.231373128e-13
2.549471266e-11
2.003048795e-08
4.595053691e-10
3.827560165e-09
-1.436073275e-08
5.432242687e-10
9.486610413e-09
1.717434917e-09
-7.225684862e-09
1.961179689e-09
8.009749463e-09
-9.052469505e-10
-9.327265825e-09
2.000939815e-09
9.111672742e-09
-7.656536299e-10
-8.606544452e-09
7.649271135e-10
7.621377611e-09
-6.668523106e-10
-6.258957098e-09
-7.205761418e-11
4.503074833e-09
-2.613355674e-10
-2.686193437e-09
-5.972318294e-11
1.508527992e-09
6.923673027e-11
-1.092401916e-09
3.556047948e-10
1.197301512e-09
-1.97422966e-10
-1.590971989e-09
1.348318517e-09
2.146556064e-09
-1.217770437e-09
-3.276343998e-09
6.065791626e-09
5.693477424e-09
-2.664659001e-09
-8.080242148e-09
5.82800513e-09
7.572732874e-09
-3.122291882e-09
-6.660402936e-09
-7.51996864e-09
4.553238665e-09
4.786172234e-09
-5.034311618e-09
-5.406576659e-09
5.485492468e-09
6.76640701e-09
-5.798711517e-09
-7.679701902e-09
6.349031876e-09
9.653331725e-09
-7.299707206e-09
-1.159573488e-08
8.8910746e-09
1.415487527e-08
-1.081221962e-08
-1.641369357e-08
1.239618287e-08
1.800834822e-08
-1.328030096e-08
-1.737309747e-08
1.347566492e-08
1.770466889e-08
-1.322720036e-08
-1.301024321e-08
1.31427307e-08
1.428735584e-08
-1.417208066e-08
-1.053721328e-08
1.684604666e-08
1.453832919e-08
-2.099837181e-08
-1.364986328e-08
2.65102073e-08
2.035601003e-08
-3.344883832e-08
-2.073527585e-08
4.189536646e-08
3.036306121e-08
-5.183504096e-08
-3.257671107e-08
6.309375296e-08
4.43683108e-08
-7.52906984e-08
-4.932699429e-08
8.779838159e-08
6.075634181e-08
-9.971550037e-08
-6.887663387e-08
1.098726091e-07
7.535222148e-08
-1.168829425e-07
-8.542387309e-08
1.192744318e-07
8.13549006e-08
-1.157238025e-07
-8.892177073e-08
1.054063238e-07
7.154116604e-08
-8.844517521e-08
-6.890596098e-08
6.635168177e-08
4.456464686e-08
-4.225910899e-08
-2.810679574e-08
2.06089736e-08
1.32735613e-08
-5.851958921e-09
9.148305062e-15
-7.541793151e-14
7.044012532e-14
-6.805102971e-10
9.658110929e-10
-9.621126961e-09
1.846472719e-08
-6.062887969e-09
4.52347443e-09
-2.145881421e-08
-4.006783916e-09
1.615975935e-08
4.570062732e-09
-7.703663026e-09
5.15753014e-10
2.22716062e-09
-2.279834914e-10
-1.450927795e-09
4.506403943e-10
1.282899586e-09
-1.809269167e-10
-1.570017048e-09
5.412501089e-10
2.402342253e-09
-1.871455879e-10
-4.083801484e-09
-5.803403542e-11
6.611508274e-09
-9.948875094e-11
-8.898063372e-09
-4.424131174e-10
9.659901524e-09
1.100269504e-10
-8.716908348e-09
-2.0245031e-10
6.689081351e-09
-1.912804102e-10
-4.180625705e-09
7.201732298e-10
2.063233554e-09
-3.249632655e-10
-1.150411401e-09
1.07473481e-09
1.126983575e-09
-4.55236229e-10
-1.714721119e-09
1.435078179e-09
2.943084508e-09
-2.17133717e-10
-4.940333766e-09
-4.846443022e-09
6.911696773e-09
5.873761727e-09
-7.528137684e-09
-8.990509064e-09
7.577492591e-09
1.174138099e-08
-8.646595813e-09
-1.214333859e-08
1.01478867e-08
1.535538478e-08
-1.213697213e-08
-1.700839657e-08
1.436625976e-08
2.01601936e-08
-1.641216751e-08
-1.975726324e-08
1.809042229e-08
2.180070745e-08
-1.95731634e-08
-1.879963902e-08
2.114976931e-08
2.088273177e-08
-2.315615808e-08
-1.712884825e-08
2.61665912e-08
2.151051424e-08
-3.065818889e-08
-2.024813066e-08
3.663827856e-08
2.72269141e-08
-4.387344571e-08
-2.854271093e-08
5.212226205e-08
3.719151694e-08
-6.112754919e-08
-4.039346528e-08
7.054026158e-08
4.926774749e-08
-7.987279798e-08
-5.438988508e-08
8.849366574e-08
6.101637009e-08
-9.565334311e-08
-6.745132391e-08
1.005390704e-07
6.871249409e-08
-1.02356502e-07
-7.464348806e-08
1.004447892e-07
6.81044985e-08
-9.441989898e-08
-7.055144242e-08
8.43242258e-08
5.65756108e-08
-7.075382969e-08
-5.277566507e-08
5.491112867e-08
3.613215317e-08
-3.852136191e-08
-2.665443393e-08
2.35635427e-08
1.479206903e-08
-1.181064108e-08
-5.788735378e-09
4.278136086e-09
2.279606787e-09
-7.927586933e-10
6.329470777e-14
-3.517585259e-20
-8.131111418e-13
8.051173e-13
-9.61842654e-10
7.835199223e-10
-5.218296424e-09
3.25429079e-09
-1.628856879e-09
4.195943331e-10
-2.310464214e-09
-1.879530407e-09
1.684905236e-09
2.37560505e-10
-9.033176485e-10
6.86416074e-12
2.924506609e-10
3.559577042e-11
-2.836931693e-10
1.083328203e-11
2.859773722e-10
3.73243269e-11
-2.981220103e-10
1.370044132e-11
3.18752049e-10
5.286430792e-11
-3.48791245e-10
4.763513929e-11
3.939542537e-10
8.350978266e-11
-4.599328461e-10
1.079269988e-10
5.257286387e-10
1.128909502e-11
-4.946946731e-10
1.154740741e-10
4.231369014e-10
1.145343952e-11
-3.191522037e-10
7.547642162e-11
2.166091069e-10
3.122711608e-13
-1.657034236e-10
7.932750209e-11
2.113615079e-10
8.149217181e-12
-3.803971456e-10
1.126776815e-10
7.034955873e-10
6.122362458e-12
-1.470261851e-09
-7.178151936e-09
3.76068243e-09
5.380164468e-09
-9.156752444e-09
-1.484687442e-08
1.160395472e-08
2.055370409e-08
-1.598787212e-08
-1.82104407e-08
2.342105876e-08
-2.447774227e-09
-2.206903696e-08
-2.342730268e-08
2.483625643e-08
2.6617178e-08
-2.737024611e-08
-2.418276635e-08
2.974563031e-08
2.702405595e-08
-3.243389822e-08
-2.409718106e-08
3.582177842e-08
2.836117578e-08
-4.017319749e-08
-2.711492557e-08
4.561612976e-08
3.33679979e-08
-5.205300567e-08
-3.472051001e-08
5.917115911e-08
4.180498251e-08
-6.654933359e-08
-4.51102004e-08
7.373724631e-08
5.122686657e-08
-8.026167012e-08
-5.56731484e-08
8.561348036e-08
5.88274664e-08
-8.926616256e-08
-6.345978038e-08
9.072246562e-08
6.178823744e-08
-8.957975653e-08
-6.505001498e-08
8.560189678e-08
5.774970566e-08
-7.878909272e-08
-5.789620583e-08
6.943192389e-08
4.62108216e-08
-5.813234525e-08
-4.235357915e-08
4.577473264e-08
2.975832599e-08
-3.34317776e-08
-2.30837567e-08
2.220500512e-08
1.377236292e-08
-1.3020357e-08
-7.58697748e-09
6.423337985e-09
3.56364505e-09
-2.44327246e-09
-8.007749433e-10
5.970254237e-10
2.627155477e-10
-6.670487932e-11
2.131842284e-22
6.322909379e-22
1.385759862e-21
-2.449503297e-21
-1.646522715e-09
2.613763105e-09
-1.113039102e-08
5.392480512e-09
-5.158622989e-10
9.60881284e-10
-2.345155672e-09
-1.298925547e-10
1.092913495e-09
2.475316366e-10
-6.326549425e-10
-6.584171905e-11
4.641058566e-10
1.395793715e-10
-4.027149405e-10
-6.587282962e-11
3.801820482e-10
1.408214548e-10
-3.727959447e-10
-7.282050299e-11
3.722881399e-10
1.561036194e-10
-3.766768854e-10
-7.469077086e-11
3.880701322e-10
1.644720851e-10
-4.128510422e-10
-5.679189042e-11
4.598241248e-10
1.947476851e-10
-5.387462561e-10
-1.18265327e-10
6.112172709e-10
3.278872136e-10
-7.304330339e-10
-1.597071547e-10
9.602710682e-10
7.580727906e-10
-1.400343907e-09
-4.048838452e-10
2.165287223e-09
1.931779898e-09
-3.387476417e-09
-1.492323338e-09
5.273991997e-09
4.947204656e-09
-8.374836165e-09
-9.250470518e-09
1.419985797e-08
1.557200535e-08
-2.734856861e-08
-2.695117171e-08
5.887599234e-08
4.712113139e-08
-9.757257978e-08
-8.150854714e-09
8.68338406e-08
7.40658575e-08
-2.733960162e-08
-3.03334126e-08
2.697496774e-08
3.964976274e-08
-4.432735657e-08
-3.078288982e-08
4.637410195e-08
3.488493795e-08
-4.920560822e-08
-3.335744589e-08
5.329751418e-08
3.849103943e-08
-5.838074247e-08
-3.953455808e-08
6.389664083e-08
4.484913701e-08
-6.935445053e-08
-4.759533341e-08
7.432757489e-08
5.140458329e-08
-7.838531845e-08
-5.480452127e-08
8.113424478e-08
5.555283877e-08
-8.223356227e-08
-5.856133102e-08
8.14143136e-08
5.524678633e-08
-7.851715191e-08
-5.673050185e-08
7.352382929e-08
4.93818763e-08
-6.658964385e-08
-4.838308368e-08
5.80557627e-08
3.84198544e-08
-4.843854133e-08
-3.479837367e-08
3.83878638e-08
2.478642823e-08
-2.861594787e-08
-1.966721991e-08
1.980203305e-08
1.221913573e-08
-1.24874218e-08
-7.649435061e-09
6.983552929e-09
3.929429167e-09
-3.319241189e-09
-1.515847424e-09
1.250126139e-09
5.882721978e-10
-3.376881544e-10
-9.108072151e-11
6.282409844e-11
3.58896645e-11
-8.225621041e-12
-4.541972931e-23
1.166745666e-15
3.476087912e-15
5.028351242e-15
-1.969572191e-09
7.293421477e-10
-5.916323511e-09
5.560531687e-09
-1.333339229e-09
1.276242218e-09
-4.351521256e-09
-5.531328451e-10
3.034847157e-09
1.077176933e-09
-2.126227372e-09
-3.427985231e-10
1.672699407e-09
8.266546847e-10
-1.503477804e-09
-3.497873953e-10
1.444367094e-09
7.995943485e-10
-1.390320882e-09
-3.544216872e-10
1.320251455e-09
7.243892191e-10
-1.276321424e-09
-3.548514071e-10
1.320699281e-09
7.456488011e-10
-1.506124188e-09
-4.935596684e-10
1.875939683e-09
1.207149625e-09
-2.473287403e-09
-1.013217878e-09
3.339021482e-09
2.451063403e-09
-4.515121776e-09
-2.276226271e-09
6.04693077e-09
4.708198532e-09
-7.983188311e-09
-4.697201806e-09
1.039158608e-08
8.269985957e-09
-1.342974793e-08
-9.553810122e-09
1.745891234e-08
1.465119709e-08
-2.30295637e-08
-2.126897471e-08
3.049702821e-08
2.707626531e-08
-3.942492097e-08
-4.335566965e-08
4.923594792e-08
4.245612043e-08
-6.114645456e-08
-8.677900825e-08
6.94470284e-08
6.531182517e-08
-5.070896118e-08
-3.803742417e-08
5.199298787e-08
3.784412162e-08
-5.437279141e-08
-3.823573034e-08
5.817746522e-08
4.124504146e-08
-6.302735282e-08
-4.324596708e-08
6.788358062e-08
4.731498397e-08
-7.245326679e-08
-4.872347704e-08
7.698315861e-08
5.117522192e-08
-8.091133172e-08
-5.287898743e-08
8.212460803e-08
5.204504391e-08
-7.87023869e-08
-5.362853068e-08
7.275221804e-08
4.953241131e-08
-6.885194298e-08
-4.963394295e-08
6.345830328e-08
4.267426894e-08
-5.676001117e-08
-4.09244746e-08
4.907182291e-08
3.23939213e-08
-4.080867965e-08
-2.900299258e-08
3.244717905e-08
2.082199594e-08
-2.447587685e-08
-1.671473287e-08
1.734192116e-08
1.0642653e-08
-1.139310404e-08
-7.117095431e-09
6.818362055e-09
3.867160669e-09
-3.624474883e-09
-1.854631834e-09
1.652250363e-09
8.08768823e-10
-6.232201679e-10
-2.20976898e-10
2.013263214e-10
8.96465663e-11
-7.111699635e-11
-1.339508723e-11
4.063789325e-11
9.785359751e-12
-3.671701057e-11
1.603895992e-11
-3.686966985e-11
3.264527974e-11
1.335360534e-11
-4.001898858e-10
-1.373463582e-09
2.314129217e-09
-1.027406103e-09
8.0816869e-10
-3.551790592e-09
-1.658557091e-09
4.509020653e-09
2.222281436e-09
-5.150185528e-09
-1.764042233e-09
5.529404361e-09
3.295943995e-09
-5.604359952e-09
-1.685885443e-09
5.342468584e-09
3.31550733e-09
-4.860387122e-09
-1.431793958e-09
4.403767258e-09
2.756369391e-09
-4.219650341e-09
-1.529209205e-09
4.47061311e-09
2.90309484e-09
-5.224038076e-09
-2.505544261e-09
6.463410745e-09
4.383745748e-09
-8.110161265e-09
-4.563158649e-09
1.007696126e-08
7.096301352e-09
-1.232601477e-08
-7.688543701e-09
1.489285852e-08
1.089118174e-08
-1.788851819e-08
-1.221566146e-08
2.150882428e-08
1.6304306e-08
-2.604439627e-08
-1.987592542e-08
3.183364468e-08
2.496296219e-08
-3.909960276e-08
-3.271788672e-08
4.763575493e-08
3.77167329e-08
-5.640718386e-08
-4.499940494e-08
6.359401207e-08
4.870789084e-08
-6.763068562e-08
-5.101492259e-08
6.780687207e-08
5.016023285e-08
-6.397194768e-08
-4.039086894e-08
6.291376274e-08
4.544915559e-08
-6.491132226e-08
-4.446042285e-08
7.037177602e-08
4.969163533e-08
-7.8342283e-08
-4.992656631e-08
8.753720549e-08
5.77136291e-08
-9.607179997e-08
-5.125539223e-08
9.993266896e-08
6.115647528e-08
-9.529373785e-08
-4.906528471e-08
8.5454061e-08
5.270165545e-08
-8.082331292e-08
-4.382171208e-08
8.541069464e-08
4.420548594e-08
-8.226757559e-08
-3.490909562e-08
7.458108707e-08
2.37110383e-08
-6.627046512e-08
-2.426690979e-08
5.684463952e-08
1.14704649e-08
-4.699986398e-08
-1.380599588e-08
3.69630311e-08
5.463243984e-10
-2.668645781e-08
-5.552395433e-09
1.650815043e-08
-2.832025354e-09
-8.835942704e-09
-1.70645512e-09
4.113295081e-09
-7.936200248e-10
-1.653944559e-09
-3.087742465e-10
5.790606826e-10
-8.824752101e-11
-1.811736837e-10
-3.904191414e-11
6.199897577e-11
-3.84174651e-12
-1.117542892e-11
9.730599555e-12
-9.645681793e-13
-4.854976814e-12
6.282269199e-12
1.111472666e-11
-8.033080262e-12
3.250729171e-11
-1.270348558e-11
1.098041186e-09
-6.141455306e-10
4.582775912e-10
-2.089713407e-09
-2.542264486e-09
4.179170076e-09
2.593904254e-09
-7.449077409e-09
-5.301956361e-09
1.088059785e-08
7.417444027e-09
-1.319315718e-08
-5.924283383e-09
1.385645989e-08
9.412723532e-09
-1.327219618e-08
-4.994670773e-09
1.230428281e-08
8.316104675e-09
-1.170004219e-08
-5.026097612e-09
1.18337586e-08
8.064634727e-09
-1.275508724e-08
-6.801462799e-09
1.43388193e-08
9.915091077e-09
-1.643044414e-08
-9.935227411e-09
1.895727907e-08
1.341555224e-08
-2.197136404e-08
-1.431800821e-08
2.562521616e-08
1.861805851e-08
-3.012062049e-08
-2.066887844e-08
3.565555845e-08
2.632064356e-08
-4.237796234e-08
-3.015385288e-08
5.034258914e-08
3.70960298e-08
-5.948621512e-08
-4.258406049e-08
6.960526657e-08
4.997396612e-08
-8.02873556e-08
-5.332627719e-08
9.086736732e-08
6.199855685e-08
-1.0069775e-07
-5.606517122e-08
1.098642716e-07
6.962148779e-08
-1.197603617e-07
-5.469496498e-08
1.328663502e-07
7.458966766e-08
-1.512597333e-07
-5.865016288e-08
1.758015582e-07
8.040638864e-08
-2.059639068e-07
-6.69605904e-08
2.404053773e-07
8.427888385e-08
-2.76926858e-07
-7.759110134e-08
3.105817558e-07
8.34895079e-08
-3.3071808e-07
-7.849111958e-08
3.136526322e-07
-8.76758606e-10
-2.163412607e-07
-5.009106489e-09
1.049178415e-07
-1.357343432e-08
-5.958600128e-08
1.599016566e-08
4.089675582e-08
-1.725633059e-08
-3.199707993e-08
1.507656206e-08
2.630249114e-08
-1.824073684e-08
-2.153749905e-08
1.276479547e-08
1.716383512e-08
-1.60322146e-08
-1.325437267e-08
7.61993317e-09
9.732024001e-09
-1.074885226e-08
-6.488314787e-09
2.748269387e-09
3.767761988e-09
-4.677534969e-09
-1.798714879e-09
3.987286146e-10
6.359252732e-10
-8.925387442e-10
-1.320436121e-10
1.410676825e-11
1.905047334e-11
-3.194917451e-11
-3.33032446e-13
1.466802029e-12
1.932661258e-13
-3.348345419e-13
2.611412498e-13
1.706336193e-12
-3.444920221e-13
-4.765264385e-13
1.263215284e-09
6.82483581e-10
-2.291910782e-09
-4.648215017e-10
4.867452386e-09
-2.87595895e-09
3.849725595e-09
-9.460804202e-09
-9.434174859e-09
1.537228231e-08
1.160227769e-08
-2.084427464e-08
-1.341923209e-08
2.440074078e-08
1.780418935e-08
-2.581994907e-08
-1.275907736e-08
2.596823681e-08
1.850887228e-08
-2.59875933e-08
-1.235402451e-08
2.668260694e-08
1.863971702e-08
-2.839914259e-08
-1.436394995e-08
3.120146067e-08
2.140851127e-08
-3.509183417e-08
-1.8594084e-08
4.0142555e-08
2.711474474e-08
-4.652605728e-08
-2.528862042e-08
5.448358129e-08
3.606693959e-08
-6.424294637e-08
-3.521537021e-08
7.592556994e-08
4.86975272e-08
-8.945169915e-08
-4.831009704e-08
1.044895381e-07
6.404685662e-08
-1.205077089e-07
-6.283238759e-08
1.368894561e-07
7.918036725e-08
-1.529983214e-07
-7.651961301e-08
1.680963069e-07
9.081834619e-08
-1.812361331e-07
-8.668957812e-08
1.912123888e-07
9.53177332e-08
-1.966432739e-07
-9.05096401e-08
1.960715804e-07
8.78164549e-08
-1.880404233e-07
-8.500763138e-08
1.712928986e-07
6.526718269e-08
-1.450975474e-07
-6.581842902e-08
1.096339688e-07
2.838103923e-08
-6.622991352e-08
1.865946252e-09
1.410732863e-08
-5.104433204e-09
-1.028484876e-08
8.632921435e-09
9.382278881e-09
-6.753001718e-09
-1.10356878e-08
1.237272444e-08
1.307341759e-08
-9.834440911e-09
-1.535877142e-08
1.607114267e-08
1.765755447e-08
-1.386719552e-08
-1.971111045e-08
1.868909514e-08
2.122176419e-08
-1.785842057e-08
-2.189230047e-08
1.84426691e-08
2.147640925e-08
-1.991269702e-08
-1.984312752e-08
1.423835729e-08
1.704861845e-08
-1.777387219e-08
-1.33814484e-08
7.441413774e-09
9.346762781e-09
-1.114082989e-08
-5.572244021e-09
1.86226754e-09
2.636500783e-09
-3.61963413e-09
-8.542079075e-10
7.735541334e-11
1.266162287e-10
-2.008979832e-10
-1.487827094e-13
-8.699860365e-14
-1.971850926e-15
1.199663037e-13
1.018686964e-13
2.856420098e-14
-2.683675796e-14
-1.647072833e-09
3.386321462e-09
-7.388089103e-09
1.15104863e-08
-5.724445069e-09
8.709098639e-09
-1.765743486e-08
-1.4541377e-08
2.554677551e-08
1.90397265e-08
-3.407331694e-08
-2.305225956e-08
4.18806732e-08
3.016630533e-08
-4.824074112e-08
-2.620492392e-08
5.340783254e-08
3.672036887e-08
-5.82324374e-08
-2.804079096e-08
6.356510663e-08
4.134114919e-08
-6.993357905e-08
-3.247036441e-08
7.754209696e-08
4.791445299e-08
-8.640734731e-08
-4.021789401e-08
9.646055589e-08
5.723455863e-08
-1.076061531e-07
-5.127065005e-08
1.197123266e-07
6.855587158e-08
-1.325586301e-07
-6.522079959e-08
1.457667072e-07
8.044773905e-08
-1.587287367e-07
-8.004819632e-08
1.705811714e-07
9.027847952e-08
-1.802894495e-07
-9.180073557e-08
1.867676008e-07
9.422698217e-08
-1.890178031e-07
-9.63253965e-08
1.862313335e-07
8.879087617e-08
-1.778340476e-07
-9.004259604e-08
1.635390204e-07
7.215657319e-08
-1.434867177e-07
-7.010414136e-08
1.18387757e-07
4.524851383e-08
-8.96832269e-08
-3.820698437e-08
5.952056228e-08
1.319048735e-08
-3.021173768e-08
6.281811835e-11
7.412414454e-09
-3.352569308e-09
-2.603292592e-09
3.911288184e-09
2.606022445e-09
-2.923782351e-09
-3.11243633e-09
4.812699991e-09
4.048659088e-09
-3.343036504e-09
-5.407193626e-09
7.335754718e-09
7.166184625e-09
-5.133434553e-09
-9.302659939e-09
1.11348716e-08
1.179837883e-08
-8.229319093e-09
-1.460230076e-08
1.583419293e-08
1.757670902e-08
-1.281918795e-08
-2.045398911e-08
2.002096391e-08
2.283405799e-08
-1.845205226e-08
-2.423380829e-08
2.076079118e-08
2.417983127e-08
-2.241960841e-08
-2.235065223e-08
1.565728024e-08
1.873101997e-08
-2.050662195e-08
-1.375507493e-08
6.563563133e-09
8.34753786e-09
-1.112463191e-08
-3.730567896e-09
5.533362613e-10
9.086717755e-10
-1.454177261e-09
-3.489809906e-13
1.149194959e-13
-2.27141602e-13
-7.338240347e-15
2.464351128e-13
2.882008364e-08
-1.337924892e-08
2.016756349e-08
-3.938822582e-08
-2.589221825e-08
5.216922172e-08
3.546603231e-08
-6.625215969e-08
-4.000975481e-08
8.050037836e-08
5.254302146e-08
-9.398243026e-08
-5.033542329e-08
1.063191083e-07
6.592835525e-08
-1.176435247e-07
-5.790488448e-08
1.283051527e-07
7.530229029e-08
-1.385388127e-07
-6.597585373e-08
1.483428436e-07
8.30023231e-08
-1.574818987e-07
-7.505049582e-08
1.655620044e-07
8.924414291e-08
-1.721433835e-07
-8.365862296e-08
1.768008722e-07
9.233995286e-08
-1.791594656e-07
-8.976558414e-08
1.788872649e-07
9.039199901e-08
-1.757122049e-07
-9.104131954e-08
1.694035597e-07
8.220784683e-08
-1.597873688e-07
-8.501337415e-08
1.468302374e-07
6.736786867e-08
-1.306945774e-07
-7.019337077e-08
1.118106192e-07
4.681768174e-08
-9.091425842e-08
-4.740859852e-08
6.905660491e-08
2.354273406e-08
-4.755678871e-08
-2.038951274e-08
2.753066598e-08
1.303282424e-09
-1.071107354e-08
7.961141481e-10
4.430478675e-09
-2.513399342e-09
-2.009183401e-09
2.7919607e-09
1.745680911e-09
-2.176530552e-09
-1.521434185e-09
2.275829204e-09
1.331481682e-09
-1.843040356e-09
-1.259245831e-09
2.325902997e-09
1.373222738e-09
-1.741539372e-09
-1.769267605e-09
3.408053997e-09
2.515789567e-09
-2.230743067e-09
-3.622308491e-09
5.583494885e-09
5.111374955e-09
-3.541701502e-09
-7.082668865e-09
9.301113596e-09
9.674826005e-09
-5.931179953e-09
-1.296227981e-08
1.525228259e-08
1.685978143e-08
-1.093118629e-08
-2.105925142e-08
2.195880548e-08
2.500014227e-08
-1.891629358e-08
-2.787598121e-08
2.469759036e-08
2.870249928e-08
-2.668591036e-08
-2.653476303e-08
1.757399749e-08
2.097050256e-08
-2.55851706e-08
-1.283480509e-08
3.555920135e-09
4.672014652e-09
-8.199039306e-09
-4.088486975e-12
5.388998203e-13
-6.91575386e-14
3.908603201e-12
3.926658019e-08
-7.966857313e-08
-2.473311281e-08
9.752232889e-08
-4.731885256e-08
5.998966671e-08
-1.159894879e-07
-6.641511787e-08
1.337542138e-07
7.937783938e-08
-1.496450825e-07
-8.109758921e-08
1.629633646e-07
9.296825648e-08
-1.734406806e-07
-9.005771046e-08
1.81105911e-07
9.897341122e-08
-1.860615142e-07
-9.491095849e-08
1.883566714e-07
9.882961724e-08
-1.879377561e-07
-9.597975208e-08
1.846528335e-07
9.337767055e-08
-1.783798373e-07
-9.199377576e-08
1.690923951e-07
8.238306035e-08
-1.569204239e-07
-8.196620479e-08
1.421906406e-07
6.621642626e-08
-1.253768008e-07
-6.624218104e-08
1.070742641e-07
4.665947389e-08
-8.801240358e-08
-4.643304229e-08
6.898621344e-08
2.66761248e-08
-5.08467753e-08
-2.522954698e-08
3.446450663e-08
9.33526277e-09
-2.062395926e-08
-5.177120236e-09
8.221528533e-09
-7.092601054e-10
-3.476133231e-09
1.835682113e-09
1.702142358e-09
-1.416988783e-09
-1.594982124e-09
1.919697553e-09
1.466953802e-09
-1.390921811e-09
-1.281034186e-09
1.690401382e-09
1.103319697e-09
-1.2751785e-09
-9.577821084e-10
1.528130472e-09
8.513497264e-10
-1.274243055e-09
-7.758420438e-10
1.47071525e-09
7.184952328e-10
-1.324260632e-09
-6.744540877e-10
1.571868107e-09
6.851419701e-10
-1.311606053e-09
-8.186677941e-10
2.235469939e-09
1.153058079e-09
-1.56713317e-09
-1.736343373e-09
3.323112448e-09
2.647427051e-09
-1.808500204e-09
-4.127094707e-09
6.431231913e-09
6.515606023e-09
-2.832238025e-09
-1.007089857e-08
1.358617857e-08
1.492998983e-08
-7.323644481e-09
-2.109497825e-08
2.471274099e-08
2.81454784e-08
-1.784804189e-08
-3.483872426e-08
3.333903868e-08
3.863076325e-08
-3.626342666e-08
-3.548574089e-08
-3.955596992e-08
-2.790300885e-11
1.819841813e-08
2.146771132e-08
1.552999545e-07
6.284179081e-08
-1.554987989e-07
-7.146960259e-08
1.682022074e-07
-8.91008774e-08
9.402998444e-08
-1.775654329e-07
-9.922990874e-08
1.827676722e-07
9.883472477e-08
-1.836870663e-07
-1.00250414e-07
1.806129169e-07
9.395923535e-08
-1.739826247e-07
-9.396221001e-08
1.64236566e-07
8.177675536e-08
-1.518308596e-07
-8.208514743e-08
1.372239139e-07
6.508666727e-08
-1.20883185e-07
-6.573836556e-08
1.033832364e-07
4.63133e-08
-8.536139152e-08
-4.663922383e-08
6.751673266e-08
2.798947919e-08
-5.057995514e-08
-2.750115189e-08
3.52945055e-08
1.290685544e-08
-2.230968994e-08
-1.15396452e-08
1.212684863e-08
3.23578464e-09
-4.992996104e-09
1.057336008e-11
5.839739578e-10
-8.840031429e-11
-3.410534764e-10
6.632028634e-10
4.826248232e-10
-3.09281602e-10
-6.967847627e-10
8.96221643e-10
8.132754796e-10
-4.905947856e-10
-7.825062078e-10
9.218172668e-10
7.026772504e-10
-5.313426448e-10
-6.23221618e-10
9.136377526e-10
5.556423254e-10
-5.862559732e-10
-5.092610537e-10
1.0643482e-09
4.847385383e-10
-8.701716235e-10
-4.822331329e-10
1.215505388e-09
4.965577813e-10
-1.174033299e-09
-4.974267598e-10
1.179235044e-09
5.020140605e-10
-1.024836023e-09
-5.083086073e-10
1.361305388e-09
4.807416738e-10
-1.296992492e-09
-3.965503635e-10
1.258012369e-09
2.932879461e-10
-1.216789381e-09
-2.867432888e-10
8.25229268e-10
4.311086737e-10
-2.975051281e-10
-9.762910834e-10
2.269535445e-09
2.085050103e-09
-6.685408271e-11
-4.27743247e-09
7.770433569e-09
8.437948832e-09
-3.5381666e-14
-1.615710185e-08
-3.393115269e-13
-5.683982526e-08
2.655924835e-08
3.04294638e-08
8.54437009e-08
1.055386823e-07
-8.242377081e-08
-1.701638639e-07
1.628798256e-07
-9.409631644e-08
8.913741525e-08
-1.616079182e-07
-9.21943703e-08
1.556067504e-07
8.07770465e-08
-1.459148083e-07
-8.182287981e-08
1.333421949e-07
6.660067002e-08
-1.186260461e-07
-6.539336197e-08
1.025055561e-07
4.832087924e-08
-8.575972908e-08
-4.663548831e-08
6.921443937e-08
3.043668392e-08
-5.358928356e-08
-2.874929732e-08
3.946693819e-08
1.588586046e-08
-2.730016285e-08
-1.416424695e-08
1.740357797e-08
6.123543063e-09
-9.924724856e-09
-4.646363127e-09
4.801160733e-09
1.320682607e-09
-1.77103564e-09
-4.591677307e-10
3.948177867e-10
6.027409964e-11
-4.150728572e-11
2.420461584e-11
2.517769309e-11
-2.60099198e-12
-3.247558088e-11
1.027358156e-10
6.426061171e-11
-1.1218046e-11
-1.286696204e-10
1.958604991e-10
1.896792115e-10
-2.888595124e-11
-1.921355294e-10
2.339510383e-10
1.689873482e-10
-5.340656577e-11
-1.417498202e-10
2.902779563e-10
1.071867411e-10
-8.314190877e-11
-4.203258538e-11
6.257743985e-10
-4.840068608e-11
-3.043049031e-10
1.313895909e-10
1.233744033e-09
-9.856998559e-11
-1.230781142e-09
-1.58210732e-10
8.66447803e-10
3.078947051e-10
-7.364269325e-10
-3.805674358e-10
1.175794649e-09
4.12511285e-10
-1.014439131e-09
-4.032073688e-10
1.317705967e-09
3.324348317e-10
-1.360411497e-09
-1.899809701e-10
3.857343444e-10
7.197330081e-11
-5.893239724e-10
-4.542855168e-11
3.998945244e-11
1.237804802e-11
-5.955390765e-11
-9.235380952e-14
1.361438992e-16
8.90173807e-18
-9.505962212e-17
1.765252055e-17
2.885274465e-13
-1.355857578e-13
8.208287614e-14
2.542669591e-14
-1.279250239e-07
-6.740372118e-08
1.054609674e-07
-6.671067898e-08
5.25229361e-08
-9.12995897e-08
-5.115179782e-08
7.695733593e-08
3.759222716e-08
-6.269874966e-08
-3.331345316e-08
4.890082838e-08
2.16863246e-08
-3.639778526e-08
-1.836789804e-08
2.575074117e-08
1.047808898e-08
-1.715160317e-08
-8.008515011e-09
1.060416948e-08
3.841734766e-09
-5.972670795e-09
-2.380224621e-09
2.987219941e-09
9.29783226e-10
-1.283960354e-09
-3.708897049e-10
4.589755656e-10
1.375968349e-10
-1.287646466e-10
-1.773369114e-11
2.353355615e-11
8.060119938e-12
-3.70310686e-12
-3.375090037e-13
2.614387707e-12
1.034183398e-12
-2.859772091e-12
-1.254601341e-13
3.774481398e-12
2.244476821e-12
-5.457916469e-12
-1.034849619e-11
5.703675343e-13
2.319308897e-12
9.316047549e-12
7.571695941e-14
-1.725454635e-11
3.258959961e-12
1.924320775e-11
5.461511807e-12
-2.82471765e-11
6.526230011e-12
7.478978734e-11
1.059620617e-10
-2.691887136e-10
-1.458530739e-10
8.856232344e-10
8.216405992e-10
-1.89303356e-09
-1.823319902e-10
2.200433322e-09
6.355962546e-10
-3.140695411e-10
-3.755021027e-10
-2.111643711e-10
8.29615826e-10
2.867792508e-10
-6.357877861e-10
-3.232230636e-10
1.366159827e-09
3.06303376e-10
-1.335112633e-09
-1.833421445e-10
9.039724313e-10
5.02730205e-11
-1.14875748e-09
-4.596605449e-11
9.61975917e-11
3.064265353e-11
-1.693538694e-10
-1.437824562e-13
-5.919537423e-17
2.190108418e-17
6.868686925e-17
6.902587168e-18
-5.217607857e-08
-3.287281643e-08
3.810764429e-08
1.945543763e-08
-2.891732593e-08
-2.705498403e-08
2.020132522e-08
-1.352705844e-08
8.222972056e-09
-1.351520855e-08
-5.818898469e-09
8.600591876e-09
3.275894519e-09
-5.139770187e-09
-1.861128113e-09
2.863638007e-09
9.839617524e-10
-1.48285623e-09
-4.158124204e-10
7.126819127e-10
2.370156934e-10
-3.141858941e-10
-6.77555446e-11
1.201782627e-10
4.72777023e-11
-3.660583191e-11
-4.987164258e-12
9.674265709e-12
5.107619684e-12
-4.541213866e-12
-1.47125911e-12
4.41826868e-12
3.237167435e-12
-5.340845428e-12
-2.4628666e-12
7.52291928e-12
9.085171699e-12
-1.296445723e-11
-2.766499672e-13
3.062978631e-11
1.231695908e-12
-2.267398525e-11
2.601684945e-12
1.282777927e-11
1.560420784e-12
-1.434963406e-11
5.870651656e-12
2.018461072e-11
1.493715656e-11
-3.576849518e-11
3.262809533e-11
6.432333744e-11
2.388025245e-11
-9.337892182e-11
1.843855148e-10
3.609723297e-11
-1.464747825e-10
3.965602852e-11
2.49474812e-10
3.972057059e-11
-1.354250419e-10
-1.00456065e-10
4.450206753e-10
1.545911529e-10
-2.736844022e-10
-2.20549697e-10
1.276617388e-09
2.743040277e-10
-1.201735799e-09
-1.525613244e-10
-1.364414451e-09
4.965914341e-11
1.282178422e-09
1.608490309e-11
-1.139055067e-10
-4.988470001e-10
-5.786622372e-13
3.241578836e-10
8.665349428e-09
2.721478336e-09
-5.239833155e-09
-5.065880206e-09
3.384470513e-09
-1.956158941e-09
1.262363794e-09
-2.096778314e-09
-6.199394016e-10
1.288042525e-09
4.870160367e-10
-7.919520089e-10
-1.9500101e-10
4.877389482e-10
2.351463664e-10
-2.895813797e-10
-5.494130927e-11
1.583479789e-10
1.007139918e-10
-7.777769544e-11
-9.099539939e-12
3.484601262e-11
2.834058212e-11
-1.517786627e-11
-6.083247455e-12
6.955398328e-12
9.96997871e-12
-4.979742194e-12
-1.458695329e-11
6.026217379e-12
1.731141506e-11
-7.772693683e-12
-2.421393218e-12
5.289287075e-12
7.04006921e-12
-9.128187668e-12
-4.908658851e-12
9.644518014e-12
7.730349596e-12
-1.152333411e-11
-1.592835071e-11
1.414707438e-11
1.955471726e-11
-1.682652714e-11
-1.660911459e-11
2.163950274e-11
4.08589109e-11
-2.129857574e-11
1.145103051e-10
5.481973066e-11
-5.881056481e-11
9.733956491e-11
5.749197707e-11
-1.344096037e-11
-1.914786931e-11
-2.281129592e-11
1.358419361e-10
5.449671865e-11
-4.179205952e-11
-1.101804167e-10
-9.976196691e-10
-1.674869947e-10
1.110283116e-09
2.561595886e-10
1.763462069e-09
-1.783598579e-10
-8.532872145e-10
-5.933136802e-10
8.457840899e-10
3.692391595e-10
-7.492544168e-10
-4.515197424e-10
7.535412203e-10
5.531050331e-10
-7.131748532e-10
-3.596613693e-10
6.200636104e-10
-2.421531105e-10
5.859734819e-10
-5.211753517e-10
-1.516378075e-10
4.225182468e-10
5.332142861e-10
-3.364222522e-10
-1.871261272e-10
2.621708928e-10
8.347952003e-10
-1.995013651e-10
-1.349648581e-10
1.607443651e-10
6.755279389e-10
-1.275500752e-10
-2.334511227e-10
1.450417676e-10
7.906863658e-10
-1.382835974e-11
-1.432549495e-11
3.203151622e-11
3.649351509e-11
-5.536379319e-11
-4.565803472e-11
1.077127853e-10
1.251924864e-10
-2.114893582e-10
-9.342641953e-11
2.854915887e-10
1.941503884e-10
-1.352046963e-10
1.614870532e-10
7.851398842e-11
-3.257164881e-11
-2.005613156e-11
2.962949303e-12
-3.243469438e-11
-2.458886721e-14
1.746841133e-11
2.921542121e-14
7.607550266e-14
4.445816258e-13
1.203585365e-09
-1.416906352e-09
-1.150749173e-09
1.491778298e-09
-1.215965458e-09
-1.313475774e-09
1.408991772e-09
5.141722558e-09
-1.269455218e-09
-2.402357337e-09
1.006272844e-09
4.52743471e-09
-6.230478958e-10
-2.007817765e-09
2.459425502e-10
2.768541484e-10
-5.746426853e-11
-8.112130324e-10
9.920044624e-11
1.458291708e-10
-1.709297486e-10
-1.036947745e-10
3.17115522e-10
5.204990829e-10
-7.003184924e-10
-2.934992833e-10
5.236553916e-10
-1.57827526e-10
-2.543445113e-10
-4.578311021e-10
-1.255416833e-10
-7.356334489e-10
-1.694237232e-09
-5.618185384e-10
-4.662554506e-10
-1.11014021e-09
1.089808589e-10
7.767160658e-09
-4.994053392e-10
-5.725407375e-08
-4.004008982e-10
6.404602499e-10
-4.795561708e-10
-5.93823008e-10
-4.980586315e-10
4.791262707e-10
-5.933424513e-10
-6.07355413e-10
-8.317831101e-10
8.95767208e-10
-1.004834735e-09
-1.115814692e-09
-9.236560248e-10
9.926863422e-10
-8.193622814e-10
-7.123396923e-10
-9.672506331e-10
-4.325185995e-10
-6.462957111e-10
-1.307871032e-10
-1.626119756e-11
-1.735048506e-10
-6.621132807e-09
2.393686193e-09
-2.025954348e-08
-1.202613373e-09
2.323859516e-09
-1.059129791e-09
-1.584529896e-09
-7.186053392e-10
1.049053055e-09
-5.635879727e-10
-8.425347091e-10
-2.203313682e-11
2.900490095e-11
7.094687952e-12
-2.942785536e-11
1.547323759e-11
-6.255493078e-11
2.050048303e-11
-1.725244608e-10
1.283159755e-10
-2.003933443e-10
1.24949778e-09
2.871024773e-11
-1.111058577e-10
8.04260131e-11
7.244690803e-10
1.023103824e-10
-9.138184119e-10
-5.659491637e-09
2.434217209e-09
4.258340802e-11
-1.255715653e-08
6.891190452e-09
-2.067782667e-10
3.793556689e-10
-1.789752116e-10
-3.590705131e-10
-1.13161952e-10
1.973104792e-10
6.448825963e-12
-3.781373176e-10
-4.272873822e-09
5.995923183e-09
-1.186055785e-10
-9.062136387e-09
4.944939162e-09
-1.903108621e-08
2.148256993e-08
-2.815213405e-10
3.094857264e-10
-2.676107267e-10
-3.874004606e-10
-1.17882279e-08
6.659660948e-09
9.34304083e-09
-8.627758827e-10
4.9935204e-10
-9.657595081e-10
-8.317674899e-10
-1.856152203e-22
1.977433746e-12
1.313518655e-22
-3.819108666e-09
-1.834009705e-09
-3.751544848e-09
1.647604113e-09
-4.128566668e-09
-2.364966626e-09
1.714506904e-13
1.568160493e-14
-2.267960244e-13
1.915119273e-13
1.10215503e-13
-6.601021914e-09
2.533217529e-09
-6.998648571e-09
-2.2001344e-09
3.659887528e-13
-1.520366056e-12
-2.632523987e-14
3.513588744e-13
2.437631775e-09
2.266670209e-12
-7.631745408e-09
1.364668819e-10
-5.259090897e-09
3.683982958e-10
-2.668490915e-10
-5.097282325e-09
-2.612809721e-07
2.217831489e-07
-1.636316369e-07
1.600399774e-07
-2.307012339e-09
-1.106041139e-09
-5.042912973e-09
1.349633181e-09
-9.487804958e-09
-2.530101166e-09
-8.979487718e-08
1.501713079e-07
-1.499959217e-07
4.855075305e-11
5.982257092e-08
1.180672304e-09
3.428327496e-10
-8.235467672e-09
4.759646953e-13
-2.996454044e-08
-9.358470707e-09
3.957651292e-09
-2.520217823e-08
-5.30125098e-13
5.52185007e-13
-3.624980429e-13
-4.828883611e-09
-2.409990416e-09
1.242313761e-09
-7.042347252e-09
2.754474836e-20
-8.643255229e-20
-8.710985188e-14
7.319146454e-14
-8.27711968e-09
-6.069342925e-10
1.078815729e-09
-3.762801667e-09
1.859986517e-22
4.586126487e-22
-5.471911022e-14
1.042999163e-13
-1.08132299e-08
-1.888593143e-09
1.913529982e-09
-6.702710397e-09
8.10801619e-12
-1.111037403e-13
-2.579463034e-13
-2.787697639e-11
-2.309494444e-09
-1.084899355e-09
5.371866614e-10
-3.487104053e-09
4.031281729e-11
-2.527488e-11
3.355923113e-11
-2.450053809e-13
-1.173967135e-10
2.345357965e-10
-1.591859802e-09
-3.014343084e-12
-2.332159502e-10
2.906708682e-10
-9.272986127e-10
-8.118512559e-14
-4.005304376e-09
-1.78934571e-09
3.211611822e-09
-7.236220787e-09
-1.129826872e-09
-2.209709034e-15
1.231120233e-13
8.60198359e-15
-7.287545551e-15
2.006769067e-14
-1.325605396e-08
-5.46129472e-09
7.919020629e-09
-1.822753019e-08
2.178940094e-14
6.040125682e-13
1.461027461e-14
-1.423214351e-08
-4.74015683e-08
5.789126188e-12
-1.083318875e-07
-4.991038271e-08
5.527952837e-08
-1.211183554e-07
-3.786001196e-08
3.647000621e-11
4.598255222e-08
3.361410187e-11
4.575704458e-13
-1.608506076e-07
-8.75619928e-08
9.123035843e-08
-1.699564563e-07
-8.085705593e-08
2.028193363e-14
-7.347768139e-15
3.189846054e-10
-2.445104681e-10
4.927032088e-08
-7.873062218e-08
-1.607293877e-07
-2.959951108e-15
-5.014797459e-08
-8.793770009e-08
-7.327169172e-08
1.124939671e-19
5.607097156e-15
-2.200673442e-08
-2.40877035e-08
-3.424842371e-08
-2.182865496e-08
-1.214481801e-08
5.037054314e-09
-1.276678053e-08
-1.92769277e-08
4.357242542e-10
-4.989865916e-12
9.595036322e-10
1.657977661e-10
9.464530406e-10
8.412078912e-13
-2.979677824e-09
-2.195661296e-09
-2.509173872e-09
-3.302986845e-09
-1.736381743e-10
1.242098218e-10
1.61032055e-09
1.449401869e-09
-5.798020551e-10
-6.003276741e-10
-5.327012021e-10
-7.706698787e-10
-4.127258531e-10
-9.897759888e-10
-5.684973813e-10
8.489190077e-10
-1.069462806e-09
-3.014008699e-10
1.293658611e-10
-6.664413274e-11
-3.439594544e-10
1.036084155e-10
-2.100741981e-10
-1.222221872e-13
-2.688768566e-15
5.092674453e-14
1.264401546e-13
-1.265852398e-09
-3.940304758e-09
-2.328353427e-09
-1.710762601e-09
-1.998446122e-09
-5.494769768e-09
-1.599808471e-09
-2.373287216e-09
-9.044613675e-10
-3.024833339e-09
-1.033604488e-10
-1.596883824e-09
-6.422235818e-11
-7.957212244e-11
-9.149980516e-11
-5.679192583e-11
-1.304004612e-10
-2.68232932e-10
-1.450460752e-10
-2.042041002e-10
-2.53461461e-10
-2.82654565e-10
-8.599587532e-10
1.876839503e-09
-4.650235875e-09
-8.420774124e-09
-1.403273805e-08
1.254013201e-07
-9.213965002e-10
-1.266695988e-07
-1.674449872e-10
6.191862409e-10
-4.96474427e-10
-1.179620877e-09
-5.694668606e-10
8.1300427e-10
-7.16084742e-10
-9.004174501e-10
-9.340227601e-10
1.484114714e-09
-8.719394815e-10
-1.613530563e-09
-5.902530987e-10
5.749455791e-10
-6.052427295e-10
-8.671931084e-10
-4.761276919e-10
3.799814059e-10
-2.530562286e-10
-1.595962525e-10
-8.714333324e-11
9.23011687e-11
-2.475667704e-11
-2.797803889e-09
1.540197878e-08
-6.419948765e-10
-1.10242679e-08
-6.640110265e-10
1.12332786e-09
-5.770722307e-10
-8.109621746e-10
-5.805895558e-10
8.531043445e-10
-2.844082791e-09
-1.371748917e-09
-1.550595849e-08
2.460683892e-08
-2.617590913e-08
-2.556051663e-08
-1.409373904e-08
6.980859885e-08
4.821237082e-09
-2.105979865e-08
1.462741264e-08
7.266982147e-09
3.862431608e-09
-1.665466409e-08
-2.184801291e-10
7.807653135e-10
-4.95936456e-10
-5.793933497e-10
-7.53055256e-10
1.390120267e-09
-8.945457242e-10
-9.858459209e-10
-5.255027239e-10
1.537154994e-09
-4.706788231e-10
-9.996517244e-10
-4.612687158e-10
-1.089542875e-11
-2.848437384e-10
1.744035725e-10
-1.003965572e-10
-2.918549286e-11
-8.61075977e-11
8.873700574e-11
-9.697166207e-11
-6.268200025e-11
-1.51815784e-10
1.685566796e-10
-3.146039263e-10
-3.105399113e-10
-7.025408265e-10
7.864589757e-10
-1.279871113e-09
-1.135350802e-09
2.379783693e-09
1.0342333e-10
1.180038328e-09
-4.402423888e-11
-1.483633733e-09
-1.543880788e-09
6.90682501e-09
-6.395552125e-10
-3.695196132e-09
-4.726485715e-10
6.023486763e-10
-4.204571207e-10
-4.573923343e-10
-3.603008001e-10
7.240970654e-10
-2.860645278e-10
-4.23680542e-10
-2.093803733e-10
1.963511454e-09
-1.983455783e-10
-4.748818959e-10
-5.930652063e-10
7.579811016e-09
-2.607692474e-10
-8.020575894e-10
-2.00146021e-10
2.504163019e-09
-3.298449698e-10
-9.059868048e-10
-1.592384787e-10
4.173477042e-10
7.269239678e-12
-1.003827788e-09
-3.816728282e-10
8.496347028e-10
-8.675643471e-10
-1.433590859e-09
-2.227226189e-10
-5.974849394e-10
3.067319006e-11
5.991391182e-10
-1.052563164e-10
-4.991270209e-10
-4.246759755e-10
2.507950642e-10
-3.184281149e-10
-2.178485471e-10
-3.520182899e-10
4.995017557e-10
-5.944551347e-10
-4.559631363e-10
-1.07714636e-09
1.029028029e-09
-1.847225368e-09
-1.681322936e-09
-2.873857683e-09
2.823483951e-09
-4.047090753e-09
-4.018092524e-09
-5.293066304e-09
5.35083304e-09
-6.249661047e-09
-7.818017982e-09
7.619317819e-09
-2.5939146e-10
4.062449414e-10
-2.704876648e-10
-4.746153134e-10
-2.801842396e-10
5.978442368e-10
-2.878388073e-10
-7.493809693e-10
-5.349110278e-10
1.370003718e-09
-7.392652695e-10
-9.322257059e-10
-1.073156423e-09
1.627734139e-09
-5.124752447e-10
-5.989687919e-10
-3.914875618e-10
3.534511923e-10
-3.367340411e-10
-2.770048445e-10
-2.881748126e-10
3.402764562e-10
-2.497730604e-10
-2.647707255e-10
-2.251863524e-10
3.849163993e-10
-2.196311495e-10
-3.243729829e-10
-2.56581787e-10
6.197023918e-10
-4.751800896e-10
-7.649700054e-10
-1.159017803e-09
1.949155757e-09
-1.941884292e-09
-3.074541757e-09
-1.90119128e-09
2.940729415e-09
-1.705996846e-09
-3.874007164e-09
-2.529618273e-09
1.269573154e-09
-2.727064829e-09
-1.659629336e-09
-4.378007199e-09
4.452015985e-09
-2.293228915e-09
-8.999312797e-09
2.237089899e-09
5.697353822e-09
1.089793643e-10
-9.944390521e-09
-1.038738538e-09
-9.838314566e-10
-1.403854838e-09
1.689479601e-09
-2.016610175e-09
-1.874581986e-09
-2.899392933e-09
2.919265993e-09
-3.924227751e-09
-4.027342782e-09
-4.968328492e-09
5.19832637e-09
-5.918301939e-09
-6.367109971e-09
-6.70894962e-09
7.246079486e-09
-7.311268462e-09
-7.815696273e-09
-7.834131077e-09
8.411308571e-09
-8.668416769e-09
-7.902289331e-09
-9.87548221e-09
9.182942457e-09
-9.111737332e-09
-1.092905029e-08
8.528999297e-09
-7.889994998e-10
5.740054424e-10
-7.327698105e-10
-1.028111535e-09
-6.956257481e-10
5.953002763e-10
-7.7220218e-10
-8.481162743e-10
-1.036857071e-09
7.140026355e-10
-1.251763265e-09
-5.345858568e-10
-1.06655319e-09
5.777095932e-10
-7.283811476e-10
-3.499469182e-10
-5.298271667e-10
2.708911544e-10
-3.969877917e-10
-2.142051202e-10
-3.339869008e-10
2.176036834e-10
-2.735176673e-10
-1.662290467e-10
-2.281675252e-10
2.000023206e-10
-2.107020409e-10
-1.464376618e-10
-2.322407965e-10
2.901510751e-10
-3.316866733e-10
-2.586004282e-10
-7.05475745e-10
9.048123717e-10
-1.715319814e-09
-8.116155876e-10
-2.757885573e-09
2.99247863e-09
-3.049646304e-09
-2.15706445e-09
-3.395237625e-09
3.262543378e-09
-8.277609389e-09
-1.914042274e-09
-2.025643894e-08
5.516271559e-09
-2.052189904e-08
-1.252936447e-09
-7.736297044e-09
4.007185705e-09
-3.840710141e-10
-1.285572877e-09
4.149091738e-10
3.7967884e-09
9.7653515e-09
-1.411144251e-09
2.501273503e-08
-1.261998976e-09
6.80306922e-09
5.927506202e-09
-3.530120419e-09
-4.07451214e-09
-5.066472538e-09
5.339264477e-09
-6.026216377e-09
-6.311026448e-09
-6.922685759e-09
7.339509938e-09
-7.682812373e-09
-8.0648098e-09
-8.274562151e-09
8.746993514e-09
-8.661033865e-09
-8.993244332e-09
-8.773993504e-09
9.187903157e-09
-8.472675134e-09
-9.180616019e-09
-7.486984331e-09
8.260735819e-09
-5.692025245e-09
-6.667343488e-09
-3.817389981e-09
4.821129627e-09
-2.34871342e-09
-4.247676035e-09
1.907358976e-09
-4.579541739e-09
1.908805814e-09
-4.754238324e-09
-2.769577422e-09
-4.407187454e-09
1.400444145e-09
-3.592636388e-09
-2.091695302e-09
-2.586119079e-09
3.983556613e-10
-1.675886379e-09
-5.915264747e-10
-1.007152505e-09
1.255834601e-10
-6.226545265e-10
3.139631165e-12
-4.812148588e-10
1.524584343e-10
-3.910715252e-10
-8.038174492e-11
-2.961908313e-10
1.144045854e-10
-2.2383413e-10
-6.064525534e-11
-1.989575682e-10
1.026826693e-10
-2.25299349e-10
-6.882278129e-11
-3.172135948e-10
2.263792546e-10
-5.371991647e-10
-7.47912702e-10
-9.442406089e-10
5.251347494e-10
-2.09900642e-09
-6.014493828e-11
-3.463068974e-09
1.215114478e-09
-3.897302192e-09
-8.52592834e-11
-3.231854058e-09
3.761333449e-10
-2.307042545e-09
9.654068148e-10
-1.519010006e-09
-1.164430943e-09
-1.479193976e-09
1.704309122e-09
-1.902965475e-09
-2.578058762e-09
-2.628424131e-09
4.685882315e-09
-2.177556639e-09
-3.878447879e-09
-3.240555051e-09
7.147282397e-09
-4.232809375e-09
-6.054769935e-09
-5.291084456e-09
6.917739944e-09
-6.287173875e-09
-6.481283364e-09
-7.10218296e-09
7.58093485e-09
-7.811092853e-09
-8.223186069e-09
-8.330271958e-09
8.867779857e-09
-8.583215873e-09
-9.146237752e-09
-8.501224306e-09
9.146317583e-09
-8.020079617e-09
-8.836032896e-09
-7.101959509e-09
7.982958534e-09
-5.76650571e-09
-6.828033598e-09
-4.149858341e-09
5.249304868e-09
-2.5519551e-09
-3.216643716e-09
-1.315280757e-09
1.990415106e-09
-4.927388049e-10
-8.250073338e-10
3.348492265e-10
-7.926826745e-09
2.526279458e-09
-9.452756037e-09
-2.005605713e-09
-1.101467604e-08
2.837836644e-09
-1.182983262e-08
-1.987870289e-09
-1.150737601e-08
2.321793559e-09
-1.014636322e-08
-2.153303894e-09
-8.087584903e-09
1.194055215e-09
-5.72864907e-09
-2.282534121e-09
-3.474790009e-09
2.501054833e-10
-1.704560593e-09
-1.289961186e-09
-6.414022156e-10
3.92149054e-12
-2.215702916e-10
-2.297042969e-10
-1.610593902e-10
5.872922065e-13
-2.079401644e-10
1.255415953e-11
-5.028115157e-10
4.769375272e-11
-2.141457673e-09
-5.822272056e-10
-5.897190739e-09
5.249385744e-09
-6.670795954e-09
-1.29062538e-08
-1.901249306e-09
-3.660795228e-10
-1.987829096e-09
2.327573804e-10
-2.743838347e-09
-1.006168081e-09
-2.682538018e-09
1.484659473e-09
-2.687748924e-09
-1.946479857e-09
-2.164600545e-09
2.652887391e-09
-1.691016854e-09
-2.759144942e-09
-2.639545937e-09
3.50508216e-09
-4.275037716e-09
-4.98941607e-09
-6.696060903e-09
5.367294826e-09
-6.186191026e-09
-8.763680218e-09
-6.955400437e-09
1.015390712e-08
-7.148216317e-09
-8.166569388e-09
-7.581687948e-09
9.374082887e-09
-8.051883346e-09
-8.498550934e-09
-8.390061697e-09
9.13729922e-09
-8.511040546e-09
-9.184133749e-09
-8.34015946e-09
9.121466421e-09
-7.825273803e-09
-8.715879608e-09
-6.957798751e-09
7.908753979e-09
-5.78304033e-09
-6.791860176e-09
-4.409092132e-09
5.454806167e-09
-3.003995554e-09
-3.779052187e-09
-1.764969458e-09
2.5519947e-09
-8.543757982e-10
-1.141616955e-09
-3.156805416e-10
6.017289698e-10
-5.915292967e-11
-1.292638292e-10
1.267707321e-11
5.775862231e-11
5.136293732e-12
-6.10211799e-14
3.721557379e-12
-7.280799108e-09
1.669634066e-09
-7.203974196e-09
-7.857128611e-10
-7.737576716e-09
1.211776997e-09
-9.277437289e-09
-7.152313975e-10
-1.222429313e-08
9.947070552e-10
-1.648989753e-08
-5.045774583e-09
-2.054625074e-08
3.426675294e-09
-2.205201812e-08
-1.09806389e-08
-2.006306597e-08
5.107823131e-09
-1.563748992e-08
-9.099224533e-09
-1.068465405e-08
2.438358915e-09
-6.95664438e-09
-3.880279587e-09
-5.149464238e-09
9.249556261e-10
-3.185917096e-09
-1.69169398e-09
-1.770796567e-09
-4.737572064e-12
-2.578118903e-09
-7.890200412e-10
-8.413962828e-09
4.523973512e-09
-1.284880488e-08
-7.108060203e-09
-1.047368499e-08
1.136536754e-08
-6.15378815e-09
-5.217790172e-09
-2.967340494e-09
-4.53082932e-10
-2.496205527e-09
7.588542983e-10
-3.154794311e-09
-2.137764721e-09
-3.009091894e-09
2.736365681e-09
-2.596889326e-09
-3.313073797e-09
-2.360954675e-09
3.765788666e-09
-2.893320023e-09
-4.203897913e-09
-4.845151312e-09
4.833412185e-09
-6.957072748e-09
-6.63205329e-09
-8.680714062e-09
8.410917449e-09
-9.548415516e-09
-1.173249218e-08
-9.525795487e-09
1.335399533e-08
-9.086993677e-09
-1.038827712e-08
-8.85900072e-09
1.113129717e-08
-8.659360985e-09
-9.431606769e-09
-8.293268191e-09
9.345007069e-09
-7.686422016e-09
-8.677612464e-09
-6.81721063e-09
7.890800983e-09
-5.705639685e-09
-6.829348209e-09
-4.421927066e-09
5.579544753e-09
-3.07696354e-09
-4.141343217e-09
-1.813604972e-09
2.889252139e-09
-8.29024419e-10
-1.612468949e-09
-2.79679205e-10
1.064663092e-09
-6.767462629e-11
-2.983902755e-10
-6.138704643e-12
2.366675096e-10
-6.586382987e-13
-4.975635786e-11
-2.072216456e-12
5.120487479e-11
-4.083084431e-12
-1.503093322e-11
-1.12667767e-11
2.533857171e-11
-2.872218578e-11
-1.073684039e-10
2.594404737e-10
-5.562578789e-09
3.674166563e-10
-8.758996271e-09
-2.195482177e-09
-1.870326058e-08
4.491846079e-09
-3.244724117e-08
-9.604571518e-09
-3.729500858e-08
1.3537893e-08
-3.149463191e-08
-9.501341406e-09
-2.285178529e-08
1.015624906e-08
-1.621011332e-08
-4.765737979e-09
-1.233773543e-08
6.297604316e-09
-1.068266591e-08
-3.056388341e-09
-1.068450053e-08
4.754118962e-09
-1.159432801e-08
-3.478402457e-09
-1.201706377e-08
3.768493488e-09
-1.624741959e-08
-3.290786793e-09
-2.784582244e-08
3.453310059e-09
-2.816303841e-08
-1.119706369e-09
-1.669863306e-08
3.728903832e-09
-7.133430855e-09
2.924156329e-10
-2.49232877e-09
9.726146434e-10
-6.892195994e-10
2.763055287e-10
1.596950942e-11
-2.576308648e-10
8.350894718e-09
3.925700133e-10
1.410372764e-08
-2.789534764e-09
1.713826771e-10
5.50647805e-09
-2.489883392e-09
-3.963357831e-09
-2.977608124e-09
4.147846292e-09
-4.674124088e-09
-5.5750701e-09
-7.333200799e-09
6.662222191e-09
-9.72564583e-09
-1.034813253e-08
-1.137294695e-08
1.227305405e-08
-1.184757568e-08
-1.481490144e-08
-1.10695395e-08
1.593745311e-08
-9.732788807e-09
-1.152796496e-08
-8.585258757e-09
1.149587675e-08
-7.581600689e-09
-8.86468317e-09
-6.508940723e-09
8.005945782e-09
-5.319583185e-09
-6.805950191e-09
-4.113058854e-09
5.641141269e-09
-3.128594056e-09
-4.279442832e-09
-2.671865142e-09
3.829056823e-09
-2.949247812e-09
-2.318858755e-09
-4.121010581e-09
3.464698512e-09
-6.489269585e-09
-1.709486102e-09
-1.051209278e-08
5.684263927e-09
-1.685688309e-08
-3.15435976e-09
-2.646073921e-08
1.268109393e-08
-4.056648521e-08
-8.622040854e-09
-6.073948311e-08
2.866607091e-08
-8.868931717e-08
-2.412016384e-08
-1.257562322e-07
6.098231143e-08
-1.716650205e-07
-6.712736393e-08
1.168714335e-07
-1.578187203e-08
4.826020408e-09
-2.244556681e-08
-3.675196658e-09
-2.500752222e-08
8.253195942e-09
-2.143244149e-08
-5.431994776e-09
-1.496794032e-08
5.324849681e-09
-9.056461314e-09
-3.199586061e-09
-5.219610948e-09
2.131655307e-09
-3.239916148e-09
-1.041271675e-09
-2.405743361e-09
1.23082734e-09
-2.202485284e-09
-4.771805007e-10
-2.363536936e-09
1.552203349e-09
-2.665586094e-09
-6.121798061e-10
-2.739439382e-09
1.989463848e-09
-2.725119557e-09
-1.300745769e-09
-2.839480376e-09
1.142088014e-09
-2.483962213e-09
-3.187866579e-09
-2.662092501e-09
-2.190391629e-09
-5.371705092e-09
4.485919333e-10
-7.721737904e-09
-4.506584689e-09
-6.191605548e-09
9.725910678e-09
-3.566991558e-09
-1.321291702e-09
-2.844032937e-09
2.064367667e-09
-3.347009895e-09
-4.359722341e-09
-3.344458718e-09
4.504132293e-09
-3.458403468e-09
-4.653490632e-09
-4.547898393e-09
5.688532928e-09
-6.863307867e-09
-8.175194654e-09
-9.524792599e-09
1.003927082e-08
-1.162244028e-08
-1.405191481e-08
-1.266315756e-08
1.555174221e-08
-1.228211292e-08
-1.655531268e-08
-1.061341323e-08
1.656610712e-08
-8.501090369e-09
-1.098431857e-08
-6.870771612e-09
1.01967104e-08
-5.960073703e-09
-7.03343055e-09
-5.752810275e-09
6.846415233e-09
-6.335387786e-09
-5.347675249e-09
-7.857029752e-09
6.812164841e-09
-1.053153091e-08
-5.220786208e-09
-1.467021573e-08
9.263600692e-09
-2.066258148e-08
-7.684429485e-09
-2.894534034e-08
1.581792357e-08
-3.99593577e-08
-1.478847676e-08
-5.407989401e-08
2.868958633e-08
-7.151332524e-08
-2.955494732e-08
-9.212165796e-08
4.985390989e-08
-1.151629503e-07
-5.584415308e-08
-1.389447104e-07
7.921662458e-08
-1.603946158e-07
-9.616969116e-08
-1.74596681e-07
1.098883008e-07
-1.743926635e-07
-1.439165803e-07
1.192117141e-07
-8.308087858e-09
2.08105214e-09
-6.848440477e-09
-5.037253425e-10
-6.274201691e-09
1.689484869e-09
-8.323813337e-09
-8.310829564e-10
-1.220949711e-08
3.603828288e-09
-1.352353465e-08
-2.764118408e-09
-1.260289958e-08
2.361721827e-09
-9.916935245e-09
-1.392605778e-09
-6.690594889e-09
5.981673949e-10
-3.915919699e-09
-2.266855395e-10
-2.117105681e-09
1.618082507e-10
-1.238673585e-09
1.080409684e-10
-9.898055104e-10
2.196914862e-10
-1.102945643e-09
-5.952979903e-11
-1.449915525e-09
8.061248241e-10
-2.331238178e-09
-6.036134174e-10
-4.836135244e-09
4.457532728e-09
-1.00081301e-08
-3.187890738e-09
-1.249937895e-08
1.075588101e-08
-9.691210043e-09
-7.722961646e-09
-5.183327299e-09
-7.163186958e-09
-4.803656113e-09
4.683716675e-10
-4.290732235e-09
-2.794626397e-09
-4.345686599e-09
3.858362759e-09
-4.731720815e-09
-5.314555326e-09
-5.042859526e-09
6.537619751e-09
-5.715935962e-09
-7.257631948e-09
-7.186150733e-09
9.266701797e-09
-9.309641902e-09
-1.211404454e-08
-1.126931693e-08
1.429380437e-08
-1.244813931e-08
-1.668510038e-08
-1.259956998e-08
1.751097647e-08
-1.17419695e-08
-1.610030239e-08
-1.042673749e-08
1.57212947e-08
-9.756442876e-09
-9.901616174e-09
-1.057539263e-08
1.090710313e-08
-1.281897405e-08
-8.257033607e-09
-1.629352588e-08
1.158989674e-08
-2.108707988e-08
-1.052295943e-08
-2.741326214e-08
1.665889397e-08
-3.547641617e-08
-1.635209628e-08
-4.540316871e-08
2.601502392e-08
-5.718049054e-08
-2.734995031e-08
-7.058462668e-08
4.040019266e-08
-8.510820423e-08
-4.467392374e-08
-9.988937291e-08
5.901245199e-08
-1.136485825e-07
-6.754677038e-08
-1.24672818e-07
7.806444828e-08
-1.308897072e-07
-9.085624189e-08
-1.300963483e-07
8.954973243e-08
-1.204151687e-07
-1.020173855e-07
-1.010567022e-07
8.223127014e-08
-7.335470863e-08
-8.160968048e-08
-4.181608857e-08
4.982784513e-08
-1.439394811e-08
-2.376769035e-08
9.326750127e-09
-2.050384723e-08
-2.750492761e-09
-1.336080799e-08
5.791564506e-09
-7.368922282e-09
-6.64782145e-10
-4.078080714e-09
1.714918329e-09
-2.732125916e-09
1.006865993e-09
-2.034855044e-09
-4.921096838e-10
-2.000223229e-09
6.984626195e-10
-2.356238677e-09
-4.974217468e-10
-2.828584122e-09
5.360146835e-10
-3.026791647e-09
-4.104170506e-10
-2.78946874e-09
-1.976792454e-11
-2.187154236e-09
3.570721916e-10
-1.660306409e-09
-3.305980891e-11
-1.524075886e-09
3.648987517e-10
-1.825600076e-09
5.684328802e-10
-2.107974828e-09
-3.31470261e-10
-2.157892441e-09
1.901983835e-09
-2.569243542e-09
-8.08122799e-10
-3.547432725e-09
3.283118481e-09
-4.691816786e-09
-1.469822425e-09
-5.917262402e-09
9.135096039e-10
-6.576313501e-09
4.930187822e-10
-6.184695989e-09
-5.441243963e-09
-6.442918347e-09
7.176641818e-09
-7.062901901e-09
-8.203547797e-09
-7.942263047e-09
1.056111125e-08
-9.309942488e-09
-1.163602532e-08
-1.1129445e-08
1.443070817e-08
-1.299259502e-08
-1.656641774e-08
-1.446414989e-08
1.898737421e-08
-1.548102027e-08
-1.833899077e-08
-1.625288542e-08
1.95659029e-08
-1.706251481e-08
-1.612911806e-08
-1.849657705e-08
1.772958204e-08
-2.132773736e-08
-1.356353645e-08
-2.579745431e-08
1.790293775e-08
-3.171855413e-08
-1.690032889e-08
-3.89594003e-08
2.388328627e-08
-4.744528686e-08
-2.483673366e-08
-5.703956165e-08
3.408573353e-08
-6.746427545e-08
-3.691514716e-08
-7.825845114e-08
4.726745974e-08
-8.876419999e-08
-5.245854115e-08
-9.813371958e-08
6.130978115e-08
-1.053701628e-07
-6.865211132e-08
-1.09406948e-07
7.213794463e-08
-1.09242294e-07
-7.991986905e-08
-1.041261389e-07
7.428485696e-08
-9.379729746e-08
-7.875267599e-08
-7.872720284e-08
6.326997965e-08
-6.029811583e-08
-5.979739076e-08
-4.079060541e-08
4.003761456e-08
-2.304921014e-08
-2.802196424e-08
-9.740677174e-09
1.461732803e-08
-2.298811176e-09
-3.451612764e-09
1.140316318e-09
-9.642653271e-09
-5.662865294e-09
-9.17961503e-09
2.052174559e-09
-4.906216499e-09
-1.850093599e-09
-1.09805269e-09
8.005375345e-10
-6.584459557e-10
1.880320042e-10
-6.099709359e-10
-8.900247847e-12
-6.992720446e-10
1.904563505e-10
-8.690073592e-10
-1.182163625e-11
-1.136841703e-09
1.575343181e-10
-1.566009127e-09
-2.340839315e-11
-2.212134979e-09
2.20735596e-11
-2.942303835e-09
-8.001918489e-11
-3.204591403e-09
8.048772377e-12
-2.646612474e-09
-1.159452977e-10
-1.665166126e-09
3.210607715e-10
-8.714669578e-10
-9.992443724e-11
-5.418319783e-10
3.208411633e-10
-6.533182915e-10
-6.365564006e-11
-1.297926587e-09
6.143816668e-10
-3.001593361e-09
-1.010597837e-10
-5.916730238e-09
-1.808683542e-09
-7.515146399e-09
2.003051366e-09
-8.742696394e-09
-8.149837279e-09
-9.359375132e-09
9.062761232e-09
-1.149531772e-08
-1.370430008e-08
-1.381510104e-08
1.715947624e-08
-1.637646231e-08
-1.777767455e-08
-1.90164145e-08
2.152845514e-08
-2.132536677e-08
-2.158539786e-08
-2.33235095e-08
2.427329316e-08
-2.536345627e-08
-2.138439428e-08
-2.782386535e-08
2.393072852e-08
-3.1075157e-08
-2.072350355e-08
-3.550571887e-08
2.505092619e-08
-4.127592998e-08
-2.368872708e-08
-4.821605292e-08
3.040073394e-08
-5.599465054e-08
-3.182565162e-08
-6.4243597e-08
3.973499156e-08
-7.255716499e-08
-4.30899834e-08
-8.04514803e-08
5.05360688e-08
-8.735121928e-08
-5.538729193e-08
-9.261890511e-08
6.012647469e-08
-9.560997868e-08
-6.564328188e-08
-9.574849772e-08
6.523158878e-08
-9.26216056e-08
-6.96823985e-08
-8.607943359e-08
6.263613876e-08
-7.632812013e-08
-6.372185374e-08
-6.398888683e-08
5.098587497e-08
-5.009414121e-08
-4.709497728e-08
-3.598872399e-08
3.273571171e-08
-2.312286268e-08
-2.490282721e-08
-1.27530893e-08
1.441366724e-08
-5.617175709e-09
-7.027433829e-09
-1.70049598e-09
3.076463524e-09
-2.356235171e-10
-3.409577379e-10
1.028662873e-10
-1.636374793e-09
-3.151751454e-10
-7.951726554e-10
2.406915776e-10
-4.604872555e-10
-1.18890103e-10
-3.210458837e-10
8.459900857e-11
-2.806069163e-10
-3.458908134e-11
-2.616371733e-10
6.38228988e-11
-2.51527362e-10
-4.319874265e-11
-2.44641367e-10
6.941571525e-11
-2.356060872e-10
-6.69288112e-11
-2.179880908e-10
7.501350039e-11
-1.862060454e-10
-8.525122473e-11
-1.490405067e-10
6.848365858e-11
-1.725396784e-10
-1.38224013e-11
-2.128614196e-10
1.023124388e-10
-2.542129242e-10
-4.082725771e-12
-3.004721731e-10
1.320185326e-10
-3.674052392e-10
-4.53353532e-12
-4.999017374e-10
2.364534648e-10
-7.936255697e-10
-1.758167639e-12
-1.436635495e-09
7.454007477e-10
-2.994030463e-09
-5.767569003e-10
-6.897594263e-09
3.437356996e-09
-1.355962644e-08
-1.57514094e-08
-1.820183349e-08
2.113333434e-08
-2.476813292e-08
-1.523796328e-08
-3.886218498e-08
2.29052298e-08
-3.159156769e-08
-2.523225833e-08
-3.298305263e-08
2.883145406e-08
-3.552033586e-08
-2.704989617e-08
-3.778670009e-08
3.062545863e-08
-4.066400705e-08
-2.731444649e-08
-4.459507266e-08
3.158972769e-08
-4.95981293e-08
-3.03573077e-08
-5.543605922e-08
3.606540735e-08
-6.177406065e-08
-3.728132937e-08
-6.820651256e-08
4.349253917e-08
-7.427477639e-08
-4.657179683e-08
-7.951877086e-08
5.147831291e-08
-8.348926388e-08
-5.542917066e-08
-8.576286973e-08
5.726378631e-08
-8.596795137e-08
-6.106028414e-08
-8.383738721e-08
5.844369318e-08
-7.926169246e-08
-6.073685627e-08
-7.233663457e-08
5.335198338e-08
-6.339152594e-08
-5.283618986e-08
-5.298952671e-08
4.206364621e-08
-4.18883085e-08
-3.830758578e-08
-3.095699338e-08
2.712784126e-08
-2.105297198e-08
-2.132296124e-08
-1.287729145e-08
1.301561948e-08
-6.839913537e-09
-7.738136433e-09
-2.976327238e-09
3.823999501e-09
-9.551341336e-10
-1.209596629e-09
-1.929026845e-10
4.353984596e-10
-2.383482881e-11
-3.543572078e-11
1.12603642e-11
-3.648060923e-09
-4.610819964e-10
-1.942156203e-09
8.548658787e-10
-1.156889839e-09
-1.665022219e-10
-8.452669482e-10
3.999020288e-10
-7.435863896e-10
-1.357721751e-10
-7.225587502e-10
3.373248428e-10
-7.215239837e-10
-1.487218934e-10
-7.162757667e-10
3.579469255e-10
-7.107971361e-10
-1.607573962e-10
-7.273838216e-10
3.47533177e-10
-7.887879915e-10
-1.729155832e-10
-9.110281602e-10
3.95652387e-10
-1.115303825e-09
-2.4684226e-10
-1.439831704e-09
6.851994986e-10
-1.964013739e-09
-4.805244927e-10
-2.776672391e-09
1.527788138e-09
-3.966860825e-09
-1.214815718e-09
-5.618760281e-09
3.305596109e-09
-7.833251116e-09
-3.058220445e-09
-1.084945618e-08
6.639952486e-09
-1.522146046e-08
-8.474681574e-09
-2.174855609e-08
1.416714988e-08
-3.133253747e-08
-2.905926776e-08
-4.633256514e-08
3.098727287e-08
-6.788999608e-08
-6.461154625e-08
-7.641972681e-08
6.334858831e-08
-4.272032106e-08
-4.235114228e-08
-4.470876264e-08
3.904804791e-08
-5.043819215e-08
-3.431518831e-08
-5.311814448e-08
3.658537439e-08
-5.671948792e-08
-3.622920009e-08
-6.104477301e-08
4.056571178e-08
-6.56267303e-08
-4.147421791e-08
-7.005088441e-08
4.602307883e-08
-7.395808846e-08
-4.827238348e-08
-7.694417762e-08
5.1111063e-08
-7.861367066e-08
-5.392421232e-08
-7.86934839e-08
5.377987925e-08
-7.704827138e-08
-5.605253069e-08
-7.356010843e-08
5.224918471e-08
-6.828615931e-08
-5.302534672e-08
-6.141766402e-08
4.581346217e-08
-5.329143462e-08
-4.443102219e-08
-4.437466834e-08
3.520974655e-08
-3.522467567e-08
-3.171756037e-08
-2.642945851e-08
2.269992486e-08
-1.853324348e-08
-1.812931117e-08
-1.195995785e-08
1.142575871e-08
-6.948253273e-09
-7.421864485e-09
-3.517126374e-09
3.932872122e-09
-1.475912549e-09
-1.723728021e-09
-4.814896494e-10
7.123256237e-10
-1.204914275e-10
-1.558185936e-10
-2.497242638e-11
5.932662389e-11
-2.542520367e-12
-2.987045263e-12
3.613914824e-13
-4.031185341e-09
-1.248819509e-09
-3.847502555e-09
1.451653506e-09
-3.461806719e-09
-9.109374216e-10
-3.181125985e-09
1.733152305e-09
-3.01185898e-09
-8.074804306e-10
-2.845560132e-09
1.758037341e-09
-2.627327279e-09
-7.691785522e-10
-2.413183235e-09
1.555993837e-09
-2.320600751e-09
-7.019753063e-10
-2.46098888e-09
1.397698717e-09
-2.91212884e-09
-8.987655829e-10
-3.715216995e-09
1.885626876e-09
-4.872449847e-09
-1.714178904e-09
-6.359775771e-09
3.400359313e-09
-8.161496314e-09
-3.441809292e-09
-1.029261192e-08
5.988723625e-09
-1.280850316e-08
-6.284631814e-09
-1.583681957e-08
9.715800556e-09
-1.964018307e-08
-1.091088557e-08
-2.464063868e-08
1.547264416e-08
-3.127262587e-08
-2.00076138e-08
-3.956039336e-08
2.571097927e-08
-4.856533201e-08
-3.486563754e-08
-5.663065984e-08
3.965875721e-08
-6.294898277e-08
-5.313158071e-08
-6.559177865e-08
4.897498508e-08
-5.6999829e-08
-3.879695774e-08
-5.643385347e-08
4.153770758e-08
-5.809571117e-08
-3.852970471e-08
-6.224365625e-08
4.150491065e-08
-6.727831442e-08
-4.448020209e-08
-7.157212287e-08
4.769232939e-08
-7.493956026e-08
-4.950506563e-08
-7.810053189e-08
5.097969449e-08
-8.057109716e-08
-5.214100152e-08
-7.986657001e-08
5.070115433e-08
-7.401592806e-08
-5.108222386e-08
-6.600513834e-08
4.674467513e-08
-6.088980408e-08
-4.661896006e-08
-5.435741255e-08
3.963552026e-08
-4.702433373e-08
-3.785076463e-08
-3.932008953e-08
2.968877039e-08
-3.169625762e-08
-2.660342965e-08
-2.455262888e-08
1.890070136e-08
-1.813404945e-08
-1.539944584e-08
-1.232943762e-08
9.053704491e-09
-7.499243418e-09
-6.764846974e-09
-4.05993022e-09
3.21887724e-09
-1.944383404e-09
-1.927647984e-09
-8.33780018e-10
7.98563966e-10
-3.39126081e-10
-2.838352436e-10
-1.1502272e-10
6.108188961e-11
-6.217266815e-11
-2.881760459e-11
-3.041613615e-11
2.064872594e-12
2.044253995e-12
2.134928815e-11
-1.047474314e-11
-2.864799392e-09
-1.488978002e-09
-4.654803651e-09
1.321821826e-09
-6.654644489e-09
-2.85992643e-09
-8.339907575e-09
4.029140241e-09
-9.209264368e-09
-3.447293966e-09
-9.129123025e-09
5.95747343e-09
-8.430573245e-09
-3.02302156e-09
-7.664971581e-09
5.472429572e-09
-7.292802747e-09
-2.681012598e-09
-7.54967913e-09
4.795764985e-09
-8.472517329e-09
-3.471140764e-09
-9.968668237e-09
5.711166313e-09
-1.189399608e-08
-5.604849808e-09
-1.414154377e-08
8.224585431e-09
-1.670032072e-08
-8.847505171e-09
-1.965998271e-08
1.194371062e-08
-2.318473066e-08
-1.33188777e-08
-2.748447664e-08
1.717428033e-08
-3.278379758e-08
-2.010070805e-08
-3.926260341e-08
2.496373589e-08
-4.695867597e-08
-3.096601164e-08
-5.560178007e-08
3.615621382e-08
-6.438287143e-08
-4.41179016e-08
-7.192378224e-08
4.865598616e-08
-7.689354842e-08
-5.073394217e-08
-7.897506844e-08
5.579896704e-08
-7.946542892e-08
-4.653669009e-08
-8.174071783e-08
5.498226325e-08
-8.772416371e-08
-4.657279024e-08
-9.839581101e-08
5.592850106e-08
-1.137066486e-07
-5.373893444e-08
-1.330604753e-07
6.237540201e-08
-1.541006573e-07
-6.070506491e-08
-1.703862219e-07
7.23761081e-08
-1.751529286e-07
-5.78821311e-08
-1.729597718e-07
8.051777214e-08
-1.810276659e-07
-4.910787842e-08
-2.058737516e-07
6.52531061e-08
-1.915437328e-07
-3.31906851e-08
-1.572077981e-07
-1.357266181e-08
-1.22058211e-07
-1.749218224e-08
-8.948158892e-08
-1.564388771e-08
-6.145342219e-08
-5.712813799e-09
-3.894060169e-08
-1.419900368e-08
-2.254373498e-08
3.126829234e-09
-1.272010955e-08
-1.0427987e-08
-6.970985695e-09
1.694249446e-09
-3.4171744e-09
-4.947702811e-09
-1.365420292e-09
2.827522104e-10
-3.89328969e-10
-1.225005982e-09
-6.892533695e-11
5.446194968e-11
-1.083004038e-11
-1.113821893e-10
-2.485148546e-13
1.528254113e-12
3.234826688e-13
-4.713219006e-13
1.716170097e-12
3.867182288e-12
-8.269317942e-13
-1.757176938e-09
-1.077107355e-09
-3.953652836e-09
-8.041853584e-09
-4.981672756e-09
-1.298900824e-08
5.921173657e-09
-1.698895078e-08
-9.002846639e-09
-1.894775827e-08
1.217089323e-08
-1.904398965e-08
-8.978099773e-09
-1.827294108e-08
1.337118734e-08
-1.764905765e-08
-7.930738707e-09
-1.775891223e-08
1.228894779e-08
-1.876213136e-08
-8.749974986e-09
-2.059175673e-08
1.305987662e-08
-2.315245635e-08
-1.147987575e-08
-2.644449427e-08
1.620868819e-08
-3.059670133e-08
-1.576278152e-08
-3.58254938e-08
2.158451698e-08
-4.237056627e-08
-2.209995485e-08
-5.042866221e-08
2.981413134e-08
-6.00830611e-08
-3.133626913e-08
-7.126737318e-08
4.144255222e-08
-8.379137193e-08
-4.341242412e-08
-9.742603757e-08
5.553732208e-08
-1.119342086e-07
-5.635116003e-08
-1.269937018e-07
6.992739708e-08
-1.421854857e-07
-6.644261021e-08
-1.572001636e-07
8.22413348e-08
-1.719938221e-07
-7.205586751e-08
-1.865321887e-07
8.954457594e-08
-2.000754935e-07
-7.75002642e-08
-2.107850164e-07
8.916651493e-08
-2.160058118e-07
-8.27205781e-08
-2.128931936e-07
7.750581825e-08
-1.984449762e-07
-8.510486553e-08
-1.67461286e-07
4.690866179e-08
-9.387887254e-08
-6.618862566e-08
-3.691157304e-08
-4.94888337e-09
-2.875919647e-08
6.005246416e-09
-2.216258758e-08
-1.039158353e-08
-2.054277837e-08
1.585737976e-08
-2.058854788e-08
-1.426257134e-08
-2.107519616e-08
1.808915337e-08
-2.122166967e-08
-1.762207237e-08
-2.057348638e-08
1.75755383e-08
-1.894874379e-08
-1.903155597e-08
-1.638532842e-08
1.368077875e-08
-1.311116841e-08
-1.682202404e-08
-9.514041171e-09
7.602942581e-09
-6.077005253e-09
-1.095905998e-08
-3.258094076e-09
2.365828618e-09
-1.347361996e-09
-4.243813525e-09
-3.612876243e-10
2.215723548e-10
-4.721307628e-11
-5.291049642e-10
-2.051826501e-13
1.67843445e-13
-1.413795716e-13
-7.744361137e-14
2.349873108e-14
1.308498903e-13
-1.241193146e-08
-7.315587638e-09
-1.911719191e-08
9.624255305e-09
-2.593118547e-08
-1.543829941e-08
-3.134271664e-08
1.938609889e-08
-3.480514496e-08
-1.860567851e-08
-3.689902474e-08
2.51735067e-08
-3.870009878e-08
-1.833555836e-08
-4.112331173e-08
2.69426778e-08
-4.467746223e-08
-1.965240586e-08
-4.955049659e-08
2.984625386e-08
-5.579824203e-08
-2.389099674e-08
-6.348791976e-08
3.592989173e-08
-7.273234137e-08
-3.114616557e-08
-8.365462265e-08
4.533519439e-08
-9.631440343e-08
-4.193035879e-08
-1.105991817e-07
5.795710952e-08
-1.261255294e-07
-5.618273049e-08
-1.42202282e-07
7.27421079e-08
-1.578816856e-07
-7.185566279e-08
-1.721002912e-07
8.658748271e-08
-1.837774473e-07
-8.562894696e-08
-1.918492622e-07
9.519307039e-08
-1.952159974e-07
-9.425973113e-08
-1.927502121e-07
9.476029452e-08
-1.834336518e-07
-9.334754539e-08
-1.666109591e-07
8.184321166e-08
-1.422998619e-07
-7.844552666e-08
-1.115340411e-07
5.52423711e-08
-7.665939483e-08
-4.857060362e-08
-4.113098685e-08
1.999499263e-08
-8.023521235e-09
7.983516967e-10
-3.786659059e-09
-3.9297911e-09
-4.588778473e-09
5.680261299e-09
-5.932690388e-09
-4.145172519e-09
-7.805234443e-09
8.12994964e-09
-1.001233255e-08
-5.89554335e-09
-1.247998482e-08
1.178004609e-08
-1.510153462e-08
-9.092562786e-09
-1.773068009e-08
1.596048553e-08
-2.013997005e-08
-1.341947025e-08
-2.201194602e-08
1.928177545e-08
-2.297689168e-08
-1.815056152e-08
-2.269610476e-08
1.946481919e-08
-2.096829242e-08
-2.10238083e-08
-1.782714708e-08
1.48889258e-08
-1.361784963e-08
-1.896833663e-08
-9.002393779e-09
7.132371785e-09
-4.829037866e-09
-1.123941618e-08
-1.847962304e-09
1.246036839e-09
-3.57904816e-10
-2.720165465e-09
-1.816768404e-13
5.79901199e-14
-6.834870691e-14
-2.622217418e-08
-1.33150167e-08
-3.618333864e-08
1.904778911e-08
-4.720157876e-08
-2.500370276e-08
-5.808646594e-08
3.318834327e-08
-6.803474684e-08
-3.400244775e-08
-7.698285067e-08
4.573597543e-08
-8.542862338e-08
-3.895652021e-08
-9.398153677e-08
5.421363632e-08
-1.030606958e-07
-4.427377926e-08
-1.127841417e-07
6.177716828e-08
-1.230281663e-07
-5.226120902e-08
-1.335271874e-07
7.0456172e-08
-1.439440841e-07
-6.271652482e-08
-1.53909104e-07
7.953293578e-08
-1.630237599e-07
-7.455785726e-08
-1.7081928e-07
8.716513602e-08
-1.767182179e-07
-8.584276746e-08
-1.800565478e-07
9.116352363e-08
-1.801244342e-07
-9.323963801e-08
-1.762568744e-07
8.90739432e-08
-1.679818918e-07
-9.283956302e-08
-1.551076384e-07
7.871508784e-08
-1.378115901e-07
-8.190463156e-08
-1.167021146e-07
5.962460304e-08
-9.288857682e-08
-5.975523374e-08
-6.795694075e-08
3.41559155e-08
-4.352919884e-08
-2.950543818e-08
-2.016502861e-08
5.900288312e-09
-6.443375626e-09
1.224691307e-10
-2.17994862e-09
-2.963547322e-09
-1.918244898e-09
3.175449007e-09
-1.823818382e-09
-2.482258223e-09
-1.941476001e-09
2.970648168e-09
-2.410904118e-09
-2.193314314e-09
-3.275621457e-09
4.070540312e-09
-4.540137706e-09
-2.724475201e-09
-6.200205647e-09
6.514212936e-09
-8.285270004e-09
-4.357018633e-09
-1.084710982e-08
1.032541322e-08
-1.389124064e-08
-7.184702098e-09
-1.729720801e-08
1.561515846e-08
-2.076675386e-08
-1.201416158e-08
-2.38148723e-08
2.090267377e-08
-2.581561664e-08
-1.873401172e-08
-2.610039832e-08
2.243408508e-08
-2.413346913e-08
-2.42283668e-08
-1.978706068e-08
1.655501675e-08
-1.363486055e-08
-2.258268656e-08
-7.101301014e-09
5.516300752e-09
-2.114780367e-09
-1.045967221e-08
-8.997113536e-13
1.118534534e-13
-2.932720212e-13
-5.749354641e-08
-2.725481493e-08
-7.330405015e-08
-9.025241969e-08
-4.418538572e-08
-1.071291064e-07
5.71024634e-08
-1.228997719e-07
-5.986192256e-08
-1.369518769e-07
7.451978233e-08
-1.491574015e-07
-7.095147935e-08
-1.596343589e-07
8.619378495e-08
-1.68499736e-07
-7.928114263e-08
-1.757076258e-07
9.292678287e-08
-1.81027809e-07
-8.638716091e-08
-1.841348048e-07
9.598360476e-08
-1.846642336e-07
-9.131336311e-08
-1.823275549e-07
9.470875824e-08
-1.769504025e-07
-9.2088403e-08
-1.685189481e-07
8.774258859e-08
-1.571626757e-07
-8.712884211e-08
-1.431264314e-07
7.474879152e-08
-1.267706465e-07
-7.560245312e-08
-1.086053631e-07
5.670099764e-08
-8.928806916e-08
-5.767045883e-08
-6.961556134e-08
3.580782604e-08
-5.045412468e-08
-3.52488989e-08
-3.262808423e-08
1.509634867e-08
-1.625771038e-08
-1.193312985e-08
-5.720766002e-09
-2.094414865e-10
-2.42570008e-09
1.640620259e-09
-1.844564106e-09
-2.010222526e-09
-1.644628362e-09
2.387279302e-09
-1.416852917e-09
-1.817776649e-09
-1.211913108e-09
1.993367787e-09
-1.053271796e-09
-1.592735797e-09
-9.432994302e-10
1.749282735e-09
-8.937616378e-10
-1.49208248e-09
-9.56009399e-10
1.875607287e-09
-1.234008507e-09
-1.464024857e-09
-1.800940638e-09
2.800585745e-09
-2.674723813e-09
-1.849959025e-09
-3.912366343e-09
4.518371573e-09
-5.690872006e-09
-2.680913142e-09
-8.244197915e-09
8.017784459e-09
-1.17355763e-08
-4.46338564e-09
-1.615216326e-08
1.46473068e-08
-2.124228343e-08
-9.446808908e-09
-2.643269118e-08
2.322223084e-08
-3.069261087e-08
-1.879471947e-08
-3.24772188e-08
2.798545593e-08
-2.997871322e-08
-3.028951507e-08
-2.205001668e-08
1.854856514e-08
-1.005548863e-08
-3.042063964e-08
-7.024991269e-12
1.383322092e-14
-1.391306321e-07
-7.00901446e-08
-1.554497044e-07
-1.690401491e-07
-8.713457581e-08
-1.791730112e-07
9.533757738e-08
-1.855817358e-07
-9.6853238e-08
-1.883379417e-07
1.007895441e-07
-1.876891513e-07
-9.957551014e-08
-1.838731874e-07
9.789442672e-08
-1.770522059e-07
-9.67736251e-08
-1.673775817e-07
8.864710643e-08
-1.550352231e-07
-8.858743932e-08
-1.402954161e-07
7.438448626e-08
-1.236066599e-07
-7.486635336e-08
-1.055420445e-07
5.638718108e-08
-8.679118956e-08
-5.669299059e-08
-6.813696301e-08
3.686853312e-08
-5.039739265e-08
-3.651491392e-08
-3.437101836e-08
1.894092087e-08
-2.078056107e-08
-1.753373586e-08
-1.021740719e-08
5.541872982e-09
-2.147826698e-09
-4.251867844e-10
-1.156399944e-09
-4.322718794e-10
-1.164307269e-09
1.335916128e-09
-1.238177738e-09
-8.130471321e-10
-1.188406361e-09
1.423472363e-09
-1.067016989e-09
-9.347117727e-10
-9.37054758e-10
1.32662245e-09
-8.178915812e-10
-9.033280673e-10
-7.296979425e-10
1.258911658e-09
-6.7188876e-10
-9.704883478e-10
-6.373384194e-10
1.303255303e-09
-6.142960981e-10
-1.156610134e-09
-5.841474653e-10
1.299621114e-09
-5.618534211e-10
-1.180179097e-09
-5.452617481e-10
1.410946848e-09
-5.415527892e-10
-1.272618225e-09
-6.285860756e-10
1.711568258e-09
-8.990287231e-10
-1.362084751e-09
-1.419568187e-09
2.045056529e-09
-2.473061331e-09
-9.890841678e-10
-4.470592464e-09
4.520239246e-09
-7.696606875e-09
-1.267781703e-09
-1.270108805e-08
1.161142376e-08
-2.004148163e-08
-4.190877115e-09
-2.999727797e-08
2.629071883e-08
-4.174915206e-08
-1.436318772e-08
-5.122570291e-08
4.425601513e-08
-1.743587855e-07
-9.775130938e-08
-1.739734941e-07
9.431312473e-08
-1.691933198e-07
-9.747803656e-08
-1.606584259e-07
8.797320211e-08
-1.489972099e-07
-8.859793515e-08
-1.348717702e-07
7.412246607e-08
-1.189810211e-07
-7.384618958e-08
-1.019914595e-07
5.608265564e-08
-8.461738277e-08
-5.580678957e-08
-6.754882937e-08
3.741928124e-08
-5.144001005e-08
-3.692742619e-08
-3.689594149e-08
2.090883838e-08
-2.445989909e-08
-1.987661519e-08
-1.452114524e-08
8.713272622e-09
-7.268967067e-09
-7.324755565e-09
-2.63904827e-09
1.93529525e-09
-3.36539803e-10
-3.787535978e-10
-1.047215016e-10
-8.492383471e-12
-1.23413983e-10
1.818482422e-10
-2.111300988e-10
-5.1485922e-11
-3.508821612e-10
4.217110053e-10
-4.501181164e-10
-1.552592522e-10
-4.418520554e-10
5.319918761e-10
-3.960889246e-10
-2.331403444e-10
-3.519179365e-10
5.38683698e-10
-3.12107215e-10
-2.420765179e-10
-2.761276717e-10
6.939793132e-10
-2.471391825e-10
-4.030112039e-10
-2.490686573e-10
1.05567554e-09
-3.106432201e-10
-9.385244181e-10
-3.763457806e-10
1.082200117e-09
-4.178408867e-10
-1.07218836e-09
-4.530794361e-10
1.140642124e-09
-4.630212163e-10
-9.670893274e-10
-4.213665967e-10
1.352680929e-09
-3.107214561e-10
-1.329234635e-09
-1.364536362e-10
8.649040678e-10
2.984913889e-11
-1.066706141e-09
6.267021823e-11
1.63359187e-10
3.699609574e-11
-1.631789284e-10
3.206684676e-12
3.312077002e-12
3.914470987e-14
-3.661334245e-13
3.47264774e-15
5.728533719e-14
-4.9842382e-14
-1.420722038e-07
-8.560840521e-08
-1.31548867e-07
-1.185180241e-07
-7.443179461e-08
-1.040044501e-07
5.951201425e-08
-8.855298451e-08
-5.768472777e-08
-7.27594687e-08
4.210421666e-08
-5.747861553e-08
-3.909709684e-08
-4.345606026e-08
2.531810184e-08
-3.120936337e-08
-2.262850258e-08
-2.104846912e-08
1.258156609e-08
-1.310150414e-08
-1.035607424e-08
-7.340804054e-09
4.643020313e-09
-3.555384078e-09
-3.154600029e-09
-1.393994177e-09
1.037384694e-09
-4.004793638e-10
-4.000056323e-10
-6.840716093e-11
1.039344373e-10
-5.392027528e-12
8.746886515e-13
-2.866375826e-12
1.191965728e-12
-3.293233196e-12
5.335870084e-12
-6.592411833e-12
4.284512508e-14
-1.461647386e-11
2.113936192e-11
-3.708269652e-11
9.477742618e-12
-4.00838781e-11
5.360295984e-11
-3.525860371e-11
7.717399636e-12
-2.018808918e-11
5.071693051e-11
7.481476637e-12
-1.143558407e-12
6.704837632e-11
1.512557609e-10
1.968844664e-10
-2.763715053e-11
4.388217873e-10
6.521127747e-10
7.088154246e-10
-2.87096528e-10
5.076866739e-10
1.22745773e-09
-1.420657127e-10
-1.361841165e-09
-3.032078515e-10
7.788258299e-10
-3.5200607e-10
-5.940752092e-10
-3.674065848e-10
1.24529453e-09
-3.227738447e-10
-1.119441558e-09
-1.895958524e-10
1.200162214e-09
-7.339567108e-11
-1.297238348e-09
-6.388452561e-11
2.550926571e-10
-2.017858241e-11
-4.486193875e-10
-1.135232464e-13
4.356752228e-13
-6.935029135e-18
-5.272161513e-13
1.459658641e-17
8.002552043e-15
-6.716897819e-08
-4.557316334e-08
-5.470754403e-08
-4.288929649e-08
-2.915660276e-08
-3.167480223e-08
-2.225876788e-08
-1.548638562e-08
-1.481723181e-08
9.14979434e-09
-9.23718125e-09
-6.620812128e-09
-5.322115534e-09
3.434569405e-09
-2.795172753e-09
-2.009871787e-09
-1.319576521e-09
9.191262988e-10
-5.544158358e-10
-3.793318098e-10
-2.019293634e-10
1.755915063e-10
-5.784163908e-11
-4.122907113e-11
-1.188138334e-11
2.137608839e-11
-3.349008357e-12
-1.365984695e-12
-2.627449764e-12
1.606431513e-12
-2.578114481e-12
-1.323203873e-12
-2.62835661e-12
1.791604457e-12
-2.42059352e-12
-5.325624913e-12
-1.139572648e-13
3.489527051e-12
2.973011742e-12
-3.485814813e-12
1.757834529e-11
4.206050629e-13
9.376441202e-11
-3.815276045e-12
3.578769017e-10
-5.489335191e-12
1.042685773e-09
-4.946244416e-12
2.169097794e-09
-7.065295929e-12
2.087276704e-09
1.018985119e-10
3.537698328e-10
-1.022566234e-10
-7.595460056e-11
5.184352361e-10
-1.038747758e-10
-5.896945823e-10
-1.600653229e-10
4.175765433e-10
-2.168749945e-10
-2.679794424e-10
-2.733448005e-10
9.595671614e-10
-2.890986911e-10
-7.719675696e-10
-1.68092972e-10
1.381548384e-09
-4.142639208e-11
-1.432241805e-09
8.52889464e-12
7.670252204e-10
-2.317163613e-11
-2.150721201e-13
6.509926789e-13
-8.340879458e-09
-5.384652069e-09
-5.241506165e-09
-3.122069049e-09
-1.856559134e-09
-1.775835367e-09
1.114676236e-09
-9.70169022e-10
-4.919556522e-10
-5.101652114e-10
3.455715943e-10
-2.518850265e-10
-1.105551724e-10
-1.101487525e-10
1.085790412e-10
-4.033806188e-11
-1.662088087e-11
-1.375698835e-11
2.319989334e-11
-7.150460983e-12
-2.801018753e-12
-6.668135458e-12
5.501148482e-12
-7.887925194e-12
-4.857449946e-12
-1.024508468e-11
8.756082993e-12
-1.38161325e-11
-2.334922375e-11
-8.291037922e-12
2.046091079e-11
-8.356378285e-12
-2.788568692e-12
-8.435093849e-12
3.855900698e-12
-1.132662373e-11
-3.674181514e-12
-1.577870848e-11
8.561938865e-12
-1.635214116e-11
-3.251137753e-11
-4.913118876e-12
2.075542306e-11
1.644143443e-12
1.099339666e-10
-5.210627089e-12
-7.382487849e-12
9.327912918e-11
5.027702694e-10
-1.189323876e-11
-3.551501215e-10
-5.649552622e-11
1.497073859e-10
-9.99166514e-11
-6.703692563e-11
-1.658852762e-10
5.628033038e-10
-2.625629962e-10
-3.40235454e-10
-1.496531588e-10
1.446236315e-09
-1.465489905e-09
-7.66163325e-10
-1.027687465e-09
-7.59384337e-10
-3.351983777e-10
-5.844776782e-10
-4.344141088e-10
-1.605466993e-10
-3.041957629e-10
-2.074459051e-10
-5.588069331e-11
-1.455559438e-10
1.864057426e-10
-1.100284271e-10
-1.467827974e-11
-7.49143205e-11
1.567318588e-10
-4.506133335e-11
-1.129123908e-11
-3.602790232e-11
1.572418756e-10
-2.928495088e-11
-1.912149089e-11
-3.595933218e-11
1.294307863e-10
-7.177516617e-12
-5.695308525e-12
-1.442533769e-11
1.326041192e-11
-1.984704589e-11
-1.202757058e-11
-3.245548175e-11
2.495196695e-11
-6.040527739e-11
-2.751194261e-11
-1.121613425e-10
7.179359406e-11
-8.076861875e-11
-8.46481632e-11
-1.915691637e-11
1.548740868e-10
8.97529997e-11
9.021344356e-11
-2.072580035e-12
-7.407311522e-12
1.664685599e-11
-1.925438556e-11
-4.899035342e-11
1.112335203e-10
-1.094721411e-09
-5.552107442e-10
-1.015679147e-09
-8.524016445e-10
-6.433096236e-10
-6.923776883e-10
-5.674489793e-10
-7.840374448e-10
-4.529299122e-10
-3.272266476e-10
-6.076291071e-10
-3.000142092e-10
-3.260325371e-11
-2.717049209e-11
-7.889230558e-11
-1.610066783e-10
-6.988943194e-11
-3.377523328e-10
-5.078923871e-10
-1.488447757e-10
-4.103222096e-10
-1.219304086e-10
-2.162096388e-10
)
;

boundaryField
{
    dominio_ascii
    {
        type            calculated;
        value           nonuniform List<scalar> 
168
(
7.497434779e-10
6.264619921e-10
5.842176854e-10
1.045085177e-09
1.361111266e-09
8.468848918e-09
1.876915115e-09
9.505463675e-13
2.788501576e-10
-5.85812639e-11
2.663528569e-10
2.877930883e-11
1.11271244e-10
5.880846594e-11
1.337314595e-09
8.190775301e-09
-1.63767205e-09
9.867341427e-09
1.12058216e-09
1.52442255e-11
-1.686391865e-15
4.131264782e-09
8.097782356e-09
1.755548241e-08
5.368185118e-09
1.345759137e-09
9.92149542e-13
4.168806832e-14
4.854217105e-09
-2.559070063e-12
6.025661424e-08
-1.908972759e-07
2.498145543e-07
1.946120846e-07
8.611774338e-08
-1.565841215e-09
1.476447425e-09
-2.511238284e-13
1.60845259e-09
2.047658255e-09
1.046630667e-10
7.288207151e-10
2.820522167e-09
1.341980547e-09
1.164905116e-09
1.014991705e-09
2.709756931e-09
7.550783663e-10
4.778478215e-10
8.790201533e-10
9.055402003e-10
6.470141662e-10
5.362212716e-10
2.415988639e-10
8.518660463e-11
1.591206652e-08
1.853942309e-08
3.0083338e-09
7.153903621e-12
2.194889144e-11
-6.764793747e-10
-1.381104581e-09
9.118988205e-11
3.744203283e-10
2.127614844e-11
-2.880492396e-08
5.640211674e-10
5.882615359e-10
-6.377143925e-12
-4.049383179e-08
6.010412633e-10
5.235357305e-10
-2.113882774e-08
1.380469086e-09
8.279903319e-10
-1.738911476e-22
5.093748605e-09
4.224219008e-14
5.063351446e-14
5.492400682e-09
2.597088136e-14
1.106751121e-14
6.569496482e-09
1.188387503e-08
-5.04663936e-10
4.861146056e-09
-2.5834978e-07
-4.401379068e-07
2.050493223e-09
-2.421332631e-07
2.70892554e-11
5.408914637e-09
3.829783299e-09
3.109568718e-15
2.627887655e-08
1.765217025e-08
-1.63379107e-14
4.051863881e-09
2.505597333e-13
-4.605768701e-13
1.420095319e-08
3.423607702e-13
1.788537045e-13
1.393230281e-08
2.088067425e-11
8.07669807e-13
1.429186764e-09
4.110360107e-11
6.038741426e-11
7.352450608e-10
3.385523206e-12
4.330993101e-11
6.132464785e-10
6.493826444e-10
2.228345535e-13
1.39131155e-09
2.279867649e-09
6.495277797e-15
1.594398299e-08
2.531171507e-14
1.580028477e-14
5.960859991e-08
2.004660494e-08
-4.554323746e-12
1.443928293e-07
3.042652639e-11
1.332360621e-11
2.058092755e-07
1.354920599e-07
-4.271477084e-11
2.373168738e-07
-9.033852098e-14
-2.119073326e-10
1.385526931e-07
-4.486743682e-17
-3.953218361e-15
4.700847704e-08
1.870788717e-08
-6.465054367e-10
-3.724745721e-10
-1.352182565e-12
1.449711315e-08
6.001965356e-09
2.102348206e-09
-7.639746583e-10
-1.691143218e-09
5.834831598e-10
9.089198929e-10
6.249907721e-10
7.371014328e-10
3.47154738e-10
2.967927546e-11
6.80272761e-14
2.056694978e-14
2.061957897e-09
1.953241087e-09
7.15402006e-09
7.338326889e-09
9.366680381e-09
7.877262504e-09
4.708717146e-09
9.628894638e-11
9.52020576e-11
1.550579476e-10
2.168680546e-10
3.033506272e-10
1.002022723e-10
2.283734826e-10
)
;
    }
    wallFilmFaces_top
    {
        type            calculated;
        value           uniform 0;
    }
    region0_to_wallFilmRegion_wallFilmFaces
    {
        type            calculated;
        value           uniform 0;
    }
}


// ************************************************************************* //
