/*--------------------------------*- C++ -*----------------------------------*\
| =========                 |                                                 |
| \\      /  F ield         | OpenFOAM: The Open Source CFD Toolbox           |
|  \\    /   O peration     | Version:  2.1.x                                 |
|   \\  /    A nd           | Web:      www.OpenFOAM.org                      |
|    \\/     M anipulation  |                                                 |
\*---------------------------------------------------------------------------*/
FoamFile
{
    version     2.0;
    format      ascii;
    class       volVectorField;
    location    "1.3";
    object      Uf;
}
// * * * * * * * * * * * * * * * * * * * * * * * * * * * * * * * * * * * * * //

dimensions      [0 1 -1 0 0 0 0];

internalField   nonuniform List<vector> 
2828
(
(-0.2285600955 0 -0.1218882445)
(-0.1274120883 0 -0.1092780155)
(-0.1005205666 0 -0.09303194149)
(-0.1166395869 0 -0.1250180855)
(-0.1067057681 0 -0.08650689277)
(-0.3058642566 0 -0.1428388633)
(-0.379640602 0 -0.2812180438)
(-0.3832299686 0 -0.2043509945)
(-1.016381291 0 -0.254184406)
(-0.2448385653 0 -0.1015266725)
(-0.1304402434 0 -0.09949483189)
(-0.1218621373 0 -0.08546973678)
(-0.1201074831 0 -0.09650301576)
(-0.09074086019 0 -0.09725874367)
(-0.09116492415 0 -0.05349094256)
(-0.1366327395 0 -0.1293770346)
(-0.1680416296 0 -0.02155089625)
(-0.9403457953 0 0.3074265477)
(-0.6886108828 0 -0.09914635128)
(-0.3749137474 0 -0.0532743986)
(-0.369990728 0 -0.2772210002)
(-0.5161678375 0 -0.281640032)
(-4.142418884 0 -1.413084278)
(-1.599553344 0 0.7964428429)
(-0.1374409067 0 -0.08790672688)
(-0.13476239 0 -0.05965405812)
(-0.1295348146 0 -0.02943614796)
(-0.005209249152 0 -0.1292740002)
(-0.01464975855 0 -0.09051689957)
(0.07395769197 0 -0.1674773656)
(0.2410338732 0 -0.1162212737)
(0.3114094522 0 -0.08138428166)
(0.2048531149 0 0.002319546496)
(-0.3562729822 0 -0.1898314701)
(-0.8847327674 0 0.2694580782)
(-0.5237156499 0 -0.08811863236)
(-0.3827401603 0 -0.1041061769)
(-0.3447066113 0 -0.2749595479)
(-1.889663806 0 -1.922598166)
(-3.726417472 0 -2.894444396)
(-2.834025165 0 2.314178403)
(-0.6891259047 0 0.5483006791)
(-0.08357999972 0 -0.02091066845)
(-0.05367345952 0 -0.06230850068)
(-0.2096075456 0 -0.04092423845)
(0.04743293186 0 -0.1320125864)
(0.2166381792 0 -0.1649924211)
(0.37271609 0 -0.2430985524)
(0.5904627699 0 -0.4477302138)
(0.8551822911 0 -0.7315579417)
(0.9705260161 0 -0.7883953622)
(-0.6090709339 0 -0.5326415055)
(-0.3596018503 0 -0.2508376471)
(-0.5030223117 0 -0.252635792)
(-0.629274847 0 0.1417489874)
(-0.3689486477 0 -0.1185191374)
(-0.3262743217 0 -0.2366843046)
(-0.3000994016 0 -0.2691533179)
(-0.333782303 0 -0.2012363052)
(-0.3463978321 0 -0.1359782332)
(-0.2593289049 0 -0.08768335559)
(-0.2096377574 0 -0.09174073682)
(-0.06463757193 0 -0.06180563768)
(-0.04851391786 0 -0.000471491978)
(-1.141253155 0 0.04717354309)
(0.2130177325 0 -0.1934036087)
(0.3589250788 0 -0.2689642936)
(0.5298529319 0 -0.4148094847)
(0.7064100112 0 -0.5873302082)
(0.8539224146 0 -0.7322540113)
(0.9625847508 0 -0.8569063748)
(1.094605477 0 -1.004445174)
(-0.4926355254 0 0.5553499216)
(-0.2425886096 0 -0.308336755)
(-0.2814746404 0 -0.2803526621)
(-0.313475705 0 -0.2501291639)
(-0.2118913751 0 -0.2434016712)
(-0.212170797 0 -0.244266823)
(-0.2316801719 0 -0.3270047595)
(-0.2505683217 0 -0.2876550484)
(-0.2945827167 0 -0.231397709)
(-0.2738347314 0 -0.1384421186)
(-0.1892140366 0 -0.1483993936)
(-0.1861441851 0 -0.153611547)
(-0.103751893 0 -0.1130197059)
(-0.2417903348 0 -0.44535128)
(-1.748984285 0 0.004123681788)
(0.008134681893 0 0.1343065209)
(0.4849716735 0 -0.399274425)
(0.6217187775 0 -0.5178025835)
(0.7504397983 0 -0.6500680505)
(0.8477461941 0 -0.7616062714)
(0.9078260264 0 -0.8550180764)
(0.891318223 0 -0.8756043252)
(0.6572167038 0 -0.7864214276)
(0.09463688055 0 0.4900730463)
(-0.1608244153 0 -0.3246277791)
(-0.1603873973 0 -0.3284530639)
(-0.146987275 0 -0.3379547878)
(-0.09984328657 0 -0.3232904863)
(-0.07182601687 0 -0.31538427)
(-0.1108081071 0 -0.3311401227)
(-0.1390453842 0 -0.3374324436)
(-0.1765569444 0 -0.3257456782)
(-0.234435901 0 -0.2886082836)
(-0.1687395608 0 -0.1604897545)
(-0.09334281919 0 -0.1649967598)
(-0.07901983228 0 -0.1310607978)
(-0.02397813694 0 -0.08931919077)
(0.1153904672 0 -0.1043449716)
(1.346751658 0 -0.04684168546)
(0.350616062 0 -0.01320946177)
(0.5491601637 0 -0.4687871666)
(0.6720952082 0 -0.5862269857)
(0.7563807446 0 -0.6840571357)
(0.8026797788 0 -0.753881268)
(0.7977673689 0 -0.781087297)
(0.7114693649 0 -0.7398168964)
(0.5525999139 0 -0.6451998306)
(0.5322818758 0 0.5228026734)
(-0.1658721252 0 -0.3962428621)
(-0.1492577171 0 -0.3774241507)
(-0.1491629895 0 -0.4234715045)
(-0.1393648137 0 -0.4834454406)
(-0.1049735135 0 -0.4957543411)
(-0.04192006244 0 -0.4350108254)
(0.01444038954 0 -0.313137918)
(-0.02834347159 0 -0.3329411891)
(-0.06876684494 0 -0.3809687474)
(-0.1343418569 0 -0.3901341093)
(-0.5223916669 0 -0.4254278737)
(0.07775277641 0 -0.1370174985)
(0.01913718738 0 -0.1093861148)
(0.07663776402 0 -0.02769671142)
(0.1460000669 0 -0.1645952582)
(0.7590223433 0 -0.1527636553)
(0.4763026342 0 -0.3529240196)
(0.610800985 0 -0.537688912)
(0.6848388255 0 -0.6200998411)
(0.7250848122 0 -0.6784915623)
(0.7239883892 0 -0.7000888208)
(0.6692712922 0 -0.6730335127)
(0.5407734225 0 -0.5803009983)
(0.3578492019 0 -0.4190097608)
(0.4194625655 0 0.3020513634)
(0.3301148155 0 0.3434912242)
(-0.1318870596 0 -0.4204038262)
(-0.1028404864 0 -0.3972397179)
(-0.07253398427 0 -0.4608448601)
(-0.06304518541 0 -0.5437683941)
(-0.1008428719 0 -0.5920117427)
(-0.1295348947 0 -0.5764607362)
(-0.09772122251 0 -0.5144156069)
(-0.03413141739 0 -0.4645620519)
(0.07327211632 0 -0.5091574427)
(-1.078900786 0 -1.113755154)
(-1.684228064 0 -0.9131351812)
(0.07840315822 0 -0.2088270094)
(0.1187500394 0 -0.1456243875)
(0.1798237035 0 -0.07155727682)
(0.2542715612 0 -0.2743560868)
(0.4122838158 0 -0.3104135253)
(0.5463124179 0 -0.4330874969)
(0.629462287 0 -0.5694516081)
(0.6637477715 0 -0.6181391505)
(0.6640056153 0 -0.6359340486)
(0.6227350938 0 -0.6139985416)
(0.5292428978 0 -0.541205626)
(0.3706469001 0 -0.3996406875)
(0.1912388262 0 -0.1573426845)
(0.5305949537 0 -0.002332782945)
(2.006172824 0 -0.4625823776)
(0.844273885 0 -0.04830941119)
(-0.07813722896 0 -0.5044624123)
(-0.06166905526 0 -0.462442573)
(-0.03986084857 0 -0.4021521188)
(-0.1795706558 0 -0.6526440392)
(-0.5195937193 0 -1.140249016)
(-0.6602496473 0 -1.180070408)
(-0.4993342755 0 -0.8690877795)
(-0.1159269382 0 -0.4850680875)
(-0.06908950121 0 -0.4694030187)
(-0.4803739226 0 -1.708611978)
(-1.202748664 0 -2.170234183)
(-1.129031247 0 -0.9348467982)
(0.1667195748 0 -0.2344528796)
(0.2117782702 0 -0.1621806162)
(0.2472742571 0 -0.1437114138)
(0.3536588078 0 -0.3349100177)
(0.464122243 0 -0.3727958815)
(0.5756087965 0 -0.4710228446)
(0.6186197596 0 -0.5719468401)
(0.6181710919 0 -0.5852642131)
(0.5895525876 0 -0.5678519312)
(0.5285085528 0 -0.5234192251)
(0.5224179437 0 -0.6234100322)
(1.127060068 0 -1.633404172)
(1.860118945 0 -2.73742976)
(2.272745666 0 -3.358077686)
(2.457193694 0 -3.631350184)
(2.532674696 0 -3.73400854)
(-0.1161766762 0 -0.579269142)
(-0.2989485933 0 -0.934653726)
(-0.6051961014 0 -1.712157579)
(-0.8560435374 0 -2.235904374)
(-1.006544436 0 -2.274171462)
(-1.008517091 0 -1.790673417)
(-0.8400994121 0 -1.165826271)
(-0.6174306664 0 -0.8146611694)
(-0.3904385649 0 -0.5911494028)
(0.2630203827 0 -0.4864739669)
(0.9732616706 0 -1.373362708)
(1.305772252 0 -0.7502443941)
(0.2369358391 0 -0.01966712788)
(0.2568282456 0 -0.1797337657)
(0.3042433513 0 -0.2250506111)
(0.4216422385 0 -0.3572775088)
(0.5115872167 0 -0.4022522495)
(0.5834569335 0 -0.479793323)
(0.5958237312 0 -0.5563723123)
(0.5896970762 0 -0.5819550736)
(0.6833138958 0 -0.8152647496)
(1.117873047 0 -1.589746693)
(1.673557585 0 -2.465791385)
(2.060651507 0 -3.047683283)
(2.294802363 0 -3.395082678)
(2.429735711 0 -3.589506937)
(2.506615426 0 -3.688432822)
(2.551816405 0 -3.731309499)
(-0.4419825662 0 -1.577899414)
(-0.5232240253 0 -1.761004372)
(-0.4927939096 0 -1.941075318)
(-0.4927257632 0 -2.170799425)
(-0.4215117333 0 -2.150365069)
(-0.4201414462 0 -1.908819936)
(-0.5537955653 0 -1.482507274)
(-0.5969724248 0 -0.781790588)
(-0.3781904519 0 -0.4279962463)
(-0.2905787551 0 -0.3284590622)
(0.3658680887 0 -0.4048877832)
(1.220256996 0 -0.6214398366)
(0.3004214049 0 -0.2531879692)
(0.3207162981 0 -0.2172680794)
(0.3781435938 0 -0.2660569583)
(0.4731094293 0 -0.367546917)
(0.5513120293 0 -0.4261572947)
(0.6076454796 0 -0.5247923993)
(0.6940126958 0 -0.7918998203)
(0.9907420781 0 -1.348839954)
(1.436002437 0 -2.089007743)
(1.825337971 0 -2.691719998)
(2.094474097 0 -3.092908138)
(2.270457496 0 -3.348361739)
(2.383243108 0 -3.503992662)
(2.453285505 0 -3.589421144)
(2.491846839 0 -3.623919217)
(2.496294582 0 -3.611636294)
(0.2568323205 0 0.8688580755)
(0.2806540517 0 -2.423749508)
(0.1616034003 0 -1.774000658)
(-0.2198632062 0 -0.882799678)
(-0.3252989785 0 -1.379006562)
(-0.2435256922 0 -1.48256888)
(-0.1137833853 0 -1.491966951)
(-0.02110770247 0 -1.49653878)
(-0.3154065943 0 -1.288459716)
(-0.449271391 0 -0.5550393866)
(-0.4961814191 0 -0.4073072535)
(-0.3041753525 0 -0.3588895699)
(0.3399759522 0 -0.2710619982)
(0.3526965009 0 -0.2755666163)
(0.395072895 0 -0.2702268109)
(0.4524834343 0 -0.3185430877)
(0.5453193682 0 -0.4294134215)
(0.6481747869 0 -0.588154668)
(0.8431806601 0 -1.025851363)
(1.214231334 0 -1.722478519)
(1.578982423 0 -2.309488682)
(1.869134694 0 -2.752792525)
(2.077057938 0 -3.059424552)
(2.219759606 0 -3.263022328)
(2.314109093 0 -3.390705903)
(2.370465555 0 -3.459030279)
(2.391358404 0 -3.474718258)
(2.364525022 0 -3.42459324)
(2.218637006 0 -3.207769025)
(-0.1365937193 0 -0.070647481)
(0.2255906567 0 -0.7117801891)
(0.4647319306 0 -1.387850916)
(0.5840696383 0 -1.507602529)
(-0.232690714 0 -0.8364537532)
(-0.280870579 0 -0.82356689)
(-0.1619062496 0 -0.8260773259)
(0.06630286566 0 -0.9735464155)
(0.2188963654 0 -1.051583899)
(0.1454420002 0 -0.9857921444)
(-0.2180854615 0 -0.7749960065)
(-0.4940114961 0 -0.4785036679)
(-0.1357021742 0 -0.3469856313)
(0.2178031027 0 -0.2790941594)
(0.3964235921 0 -0.2770708846)
(0.483035863 0 -0.3645047688)
(0.5810145857 0 -0.489701712)
(0.7291083515 0 -0.7497178717)
(0.9731445147 0 -1.237374969)
(1.33019837 0 -1.901738566)
(1.642544559 0 -2.406385453)
(1.869980375 0 -2.749659205)
(2.036444371 0 -2.992802007)
(2.153168751 0 -3.157372884)
(2.228977262 0 -3.258693831)
(2.268073482 0 -3.304720897)
(2.267580812 0 -3.293622172)
(2.210705954 0 -3.203639883)
(2.040895706 0 -2.954214919)
(1.545403744 0 -2.236051188)
(-0.06229346097 0 -0.07128776215)
(0.107470191 0 -1.13146507)
(0.1261597552 0 -0.9757883784)
(0.1339948398 0 -1.030831257)
(0.09957286665 0 -1.473230624)
(0.1131678291 0 -1.733998332)
(0.06815041496 0 -1.464223531)
(-0.07614913557 0 -0.8746763656)
(-0.1425873735 0 -0.8352331203)
(-0.2077489006 0 -0.8788337188)
(-0.2772423492 0 -0.9610931667)
(-0.3653207992 0 -1.065217216)
(-0.3516336822 0 -0.6914634676)
(0.2591125164 0 -0.2071410163)
(0.4944494008 0 -0.3719712611)
(0.6078202274 0 -0.6652748017)
(0.8338367578 0 -0.9453739192)
(1.087042771 0 -1.436899991)
(1.396289152 0 -1.998500197)
(1.662307012 0 -2.433975519)
(1.849667994 0 -2.715860488)
(1.98346452 0 -2.909521517)
(2.076495279 0 -3.039446955)
(2.132944844 0 -3.113679707)
(2.152941146 0 -3.134137032)
(2.130403477 0 -3.093744673)
(2.04760361 0 -2.968344448)
(1.860961505 0 -2.69547574)
(1.466222188 0 -2.123509494)
(0.7130340823 0 -1.034198066)
(0.05697673085 0 0.07713449634)
(0.1802508427 0 -1.153771923)
(0.1948478003 0 -1.207036166)
(0.2239604282 0 -1.096585301)
(0.310052279 0 -1.135461162)
(0.4269010563 0 -1.162180846)
(0.4778037573 0 -1.070639667)
(0.4378880768 0 -1.027996876)
(0.4054762083 0 -0.985421121)
(0.401080286 0 -0.8027092834)
(0.4830872656 0 -0.6546555108)
(0.5195215797 0 -0.626409803)
(0.5022054882 0 -0.592271437)
(0.5654118297 0 -0.5987128613)
(0.8367125842 0 -1.546405725)
(1.122717421 0 -1.418228076)
(1.161807557 0 -1.636114141)
(1.425732896 0 -2.075227252)
(1.659701985 0 -2.427992409)
(1.817523765 0 -2.664454843)
(1.924828855 0 -2.818348559)
(1.994671244 0 -2.915669171)
(2.031147452 0 -2.962007603)
(2.03135496 0 -2.955427462)
(1.987622212 0 -2.886114488)
(1.88316603 0 -2.730711365)
(1.684844483 0 -2.441512541)
(1.333731664 0 -1.93267154)
(0.776524687 0 -1.126085407)
(0.3895161131 0 -0.5645446423)
(0.01770855844 0 0.04383792557)
(0.1397732238 0 -0.8414452799)
(0.225774191 0 -1.011164801)
(0.3365972538 0 -1.014885976)
(0.4401044117 0 -0.955468855)
(0.4862696789 0 -0.9479011829)
(0.4856886664 0 -0.9570816408)
(0.489840878 0 -0.9377790543)
(0.5345764521 0 -0.8988011361)
(0.6168004898 0 -0.9017785914)
(0.6752532039 0 -0.9230392284)
(0.6997888033 0 -0.9483642167)
(0.7551437924 0 -0.9923599265)
(0.882132136 0 -1.125803371)
(1.141482304 0 -1.518648809)
(1.771006134 0 -1.796707227)
(1.447600335 0 -2.209233281)
(1.63449637 0 -2.413065228)
(1.780403047 0 -2.598228226)
(1.868682472 0 -2.726599751)
(1.916570582 0 -2.792800849)
(1.935745591 0 -2.810016292)
(1.914434577 0 -2.776841229)
(1.850794123 0 -2.680634169)
(1.727888838 0 -2.500866436)
(1.521223373 0 -2.202459059)
(1.197843549 0 -1.735539305)
(0.7455864252 0 -1.081192631)
(0.3587423739 0 -0.5184678661)
(0.2280380282 0 -0.2601607973)
(-0.03986596952 0 0.01188285381)
(0.1312737365 0 -0.6308766944)
(0.261069773 0 -0.8482127281)
(0.4564461757 0 -0.9902569379)
(0.5989344815 0 -1.072257514)
(0.6581090965 0 -1.139939555)
(0.668840484 0 -1.147480937)
(0.6840361933 0 -1.129098886)
(0.7281767001 0 -1.147855486)
(0.7835366984 0 -1.182177158)
(0.8379915103 0 -1.223934073)
(0.9081331804 0 -1.297961851)
(1.021966138 0 -1.425214083)
(1.189127766 0 -1.656018663)
(1.41081907 0 -2.023174483)
(1.630707112 0 -2.338937199)
(1.740922169 0 -2.480905059)
(1.799598716 0 -2.552205749)
(1.830160775 0 -2.74543658)
(1.815452352 0 -2.952418452)
(1.754802802 0 -2.639288068)
(1.72466159 0 -2.238698939)
(1.580674269 0 -2.416028362)
(1.399974658 0 -2.171800938)
(1.055058182 0 -1.815955291)
(0.4923573222 0 -1.370944297)
(0.3277876274 0 -0.9175344977)
(0.1570317306 0 -0.4451934544)
(0.05824064247 0 -0.1684164086)
(-0.1085774524 0 0.03364637284)
(-0.05681882832 0 0.07489388203)
(0.2972652496 0 -0.722924546)
(0.4872871453 0 -0.8553406732)
(0.6846509837 0 -1.092646426)
(0.803438979 0 -1.26764747)
(0.8620380345 0 -1.35323783)
(0.8869001445 0 -1.379785249)
(0.9165560595 0 -1.413668352)
(0.9694653907 0 -1.468555413)
(1.04896341 0 -1.553845999)
(1.155844491 0 -1.681164457)
(1.286562294 0 -1.853414495)
(1.437367282 0 -2.081108128)
(1.591406998 0 -2.335118627)
(1.66984548 0 -2.502262075)
(1.562966122 0 -2.52305562)
(1.277006076 0 -2.470500566)
(0.969216101 0 -2.392182936)
(0.8044141986 0 -2.261184024)
(0.7284196147 0 -1.952435391)
(-0.5479212969 0 -1.467940008)
(-1.191231273 0 -1.536589047)
(-1.344916811 0 -1.596102996)
(-1.354567326 0 -1.565147818)
(-1.256480887 0 -1.435301118)
(-1.012843612 0 -1.153047394)
(-0.5854939622 0 -0.6597099461)
(-0.2355068541 0 -0.1889345082)
(-0.1327279774 0 -0.01666733429)
(-0.09767748727 0 0.08858733971)
(0.352661398 0 -0.5911912618)
(0.5637690166 0 -0.8464786372)
(0.7731257841 0 -1.143272503)
(0.9262506534 0 -1.372543263)
(1.025704945 0 -1.532686626)
(1.08470585 0 -1.645951519)
(1.135930105 0 -1.751517144)
(1.200410802 0 -1.866293551)
(1.272745791 0 -1.992966958)
(1.339128534 0 -2.128739321)
(1.386634183 0 -2.264049404)
(1.40204085 0 -2.378458722)
(1.370325971 0 -2.439494528)
(1.274595544 0 -2.419971939)
(1.107320223 0 -2.317290262)
(0.8867205032 0 -2.145090739)
(0.6077969809 0 -1.885579482)
(-0.7673402444 0 -0.8271241605)
(-1.053272615 0 -1.084375587)
(-1.197103892 0 -1.337413039)
(-1.346430558 0 -1.54392288)
(-1.465567282 0 -1.685150659)
(-1.530206749 0 -1.755000381)
(-1.523273599 0 -1.740875335)
(-1.405666216 0 -1.601459958)
(-1.076219291 0 -1.22306584)
(-0.452593066 0 -0.4813370225)
(-0.1381447792 0 -0.1060940681)
(-0.09032793597 0 0.0863478313)
(0.6004234805 0 -0.901836227)
(0.7653806496 0 -1.125906771)
(0.9370566745 0 -1.374440207)
(1.080321526 0 -1.604543763)
(1.182736435 0 -1.811062938)
(1.245170936 0 -1.989044429)
(1.28380516 0 -2.130567016)
(1.30963561 0 -2.23491552)
(1.321055604 0 -2.308424782)
(1.314157965 0 -2.357006869)
(1.2864792 0 -2.380116619)
(1.235167982 0 -2.368878064)
(1.156127844 0 -2.311484464)
(1.042132205 0 -2.19887824)
(0.8766935619 0 -2.016959372)
(0.6121963029 0 -1.699961175)
(-0.423890401 0 -0.3400220644)
(-0.4779552138 0 -0.4161783969)
(-0.6887140273 0 -0.7296777263)
(-0.9684156876 0 -1.094404398)
(-1.241021507 0 -1.430706404)
(-1.46320207 0 -1.691384404)
(-1.618107423 0 -1.864797519)
(-1.705631962 0 -1.956980016)
(-1.712959493 0 -1.956111441)
(-1.580196713 0 -1.79693822)
(-1.017681382 0 -1.152862714)
(-0.1225417713 0 -0.2547053779)
(0.9910248811 0 -1.519926894)
(1.117726528 0 -1.734691214)
(1.214776047 0 -1.932786175)
(1.274361048 0 -2.108579798)
(1.298556395 0 -2.246236772)
(1.299903325 0 -2.334200466)
(1.287415654 0 -2.37553946)
(1.26153586 0 -2.379085437)
(1.219276792 0 -2.350955801)
(1.157492834 0 -2.292108035)
(1.071559468 0 -2.196983318)
(0.9505627132 0 -2.049954511)
(0.7653074841 0 -1.808917348)
(0.3986755436 0 -1.302166775)
(-0.3415183855 0 -0.2553281666)
(-0.3202992607 0 -0.214137093)
(-0.3426477829 0 -0.2186446355)
(-0.40930183 0 -0.3125967176)
(-0.6232947114 0 -0.6201489869)
(-0.9661165757 0 -1.082114585)
(-1.327716333 0 -1.535512078)
(-1.604051806 0 -1.857989028)
(-1.791016004 0 -2.066902837)
(-1.90041817 0 -2.180831037)
(-1.927552877 0 -2.197125897)
(-1.770104982 0 -2.002914258)
(-0.04408393319 0 -0.2425175224)
(1.153105645 0 -1.882541185)
(1.223057312 0 -2.034526798)
(1.269936007 0 -2.169643318)
(1.287259368 0 -2.274673599)
(1.278375527 0 -2.341354371)
(1.251384491 0 -2.36538506)
(1.211486583 0 -2.349581127)
(1.157301251 0 -2.29785202)
(1.082821364 0 -2.209534145)
(0.9786155845 0 -2.07604997)
(0.8270071907 0 -1.872881891)
(0.5786636292 0 -1.52651873)
(-0.02165905649 0 -0.6763982592)
(-0.267550114 0 -0.2297186801)
(-0.2630562517 0 -0.2028969777)
(-0.2801262114 0 -0.1839055204)
(-0.2967065148 0 -0.166759753)
(-0.3142250306 0 -0.1584994992)
(-0.3466981827 0 -0.1814968825)
(-0.4926747407 0 -0.3910766597)
(-0.9103123593 0 -1.004296519)
(-1.409735543 0 -1.636666741)
(-1.75475935 0 -2.038761501)
(-1.973110169 0 -2.283075685)
(-2.093220282 0 -2.402776539)
(-2.146597111 0 -2.430159245)
(1.256141774 0 -2.196904109)
(1.264560898 0 -2.270628912)
(1.251030654 0 -2.311216624)
(1.21520559 0 -2.316738207)
(1.160564953 0 -2.284650999)
(1.089091124 0 -2.214909844)
(0.9983014225 0 -2.106013001)
(0.8809913292 0 -1.950667054)
(0.7236878879 0 -1.730429366)
(0.4912928075 0 -1.393584439)
(-0.3275500295 0 -0.3129140655)
(-0.2969466417 0 -0.2111502985)
(-0.2082604911 0 -0.1949942988)
(-0.2216961903 0 -0.1720046036)
(-0.2343019653 0 -0.1414968627)
(-0.2508036663 0 -0.114413919)
(-0.2802130578 0 -0.1213234283)
(-0.3124361379 0 -0.1359708157)
(-0.3408067964 0 -0.116938701)
(-0.3523160189 0 -0.1076538068)
(-0.7181373428 0 -0.7277724158)
(-1.39318703 0 -1.618919418)
(-1.902400197 0 -2.224640197)
(-2.131761275 0 -2.487073242)
(-2.226834299 0 -2.558772786)
(1.242678779 0 -2.257066773)
(1.221221426 0 -2.269633629)
(1.180930728 0 -2.256937496)
(1.118346308 0 -2.209838053)
(1.033839744 0 -2.124244402)
(0.9274708455 0 -1.996297665)
(0.7971155989 0 -1.819104141)
(0.6366210531 0 -1.576422399)
(0.4291132497 0 -1.226972049)
(0.1146464045 0 -0.712954415)
(-0.403499423 0 -0.3311360415)
(-0.5487227645 0 -0.2605276115)
(-0.1682429184 0 -0.1582768377)
(-0.1782681129 0 -0.1264775865)
(-0.1725921641 0 -0.0438040823)
(-0.1716419405 0 0.04098738423)
(-0.2213839862 0 0.003476855339)
(-0.2880620604 0 -0.1264932714)
(-0.3343237546 0 -0.1125508413)
(-0.3550485428 0 -0.07763574439)
(-0.2603598629 0 -0.08958030628)
(-0.4386221747 0 -0.1585811092)
(-0.5813099644 0 0.1012769699)
(-0.3398165168 0 -0.07554671232)
(1.155602014 0 -2.201155111)
(1.086933742 0 -2.137330938)
(0.9990903456 0 -2.039510643)
(0.8860311662 0 -1.894830641)
(0.7482752859 0 -1.694175548)
(0.5841465562 0 -1.421608732)
(0.3972245382 0 -1.064856484)
(0.2483986246 0 -0.7513459043)
(0.2291365586 0 -0.8791648946)
(0.4464039229 0 -1.500060319)
(0.9326174672 0 -1.841955269)
(0.3097808101 0 1.150888994)
(0.1773518184 0 0.8757291197)
(0.05343471306 0 0.61163452)
(0.001263397304 0 0.4489453357)
(-0.02064538331 0 0.3314020439)
(-0.2574814902 0 -0.09308159369)
(-0.3194661344 0 -0.1062779698)
(-0.3683916079 0 -0.06922094061)
(-0.2382232146 0 0.00289187042)
(-0.2298108907 0 -0.1400857681)
(-0.6464729385 0 0.09932007162)
(0.9782581972 0 -1.960738328)
(0.8661496265 0 -1.805292404)
(0.7247866868 0 -1.587972423)
(0.5638090031 0 -1.30642607)
(0.3931152955 0 -0.9736965802)
(0.2614901647 0 -0.700702831)
(0.2424840333 0 -0.667790765)
(0.3969408008 0 -0.8372201497)
(0.71254038 0 -0.9988380636)
(1.215587383 0 -0.9113912016)
(-0.08094597663 0 -0.169815632)
(-0.1814867085 0 -0.2155009659)
(-0.143701567 0 -0.1490058445)
(-0.07133035866 0 -0.07909362494)
(-0.09837203191 0 0.02428770876)
(-0.2374178286 0 -0.09621614521)
(-0.3021290178 0 -0.1006808597)
(-0.371266221 0 -0.06677955214)
(-0.2903573198 0 0.0006935654004)
(-0.1071047247 0 0.04164850684)
(0.5522055823 0 -1.220473578)
(0.3886114466 0 -0.9119075099)
(0.2690439407 0 -0.6512455592)
(0.2429057648 0 -0.5211379342)
(0.3153568536 0 -0.509702064)
(0.4533469249 0 -0.5210772046)
(0.6177045247 0 -0.4861527766)
(0.8420441072 0 -0.422618367)
(0.1611387192 0 -0.3685716129)
(0.2976374999 0 -0.4096768718)
(0.5023607144 0 -0.288357674)
(0.08027272343 0 0.01530745721)
(-0.02718775059 0 0.001003527432)
(-0.2530182282 0 -0.06093498243)
(-0.3084313944 0 -0.1105653701)
(-0.3679520116 0 -0.06586800496)
(-0.3305751387 0 0.01751667914)
(0.2772987239 0 -0.5998867508)
(0.2435887324 0 -0.4391350097)
(0.2906050167 0 -0.387090693)
(0.3353607261 0 -0.3478717896)
(0.4062978131 0 -0.3016504706)
(0.9445678526 0 -0.3345367996)
(1.505887387 0 -0.3573770128)
(0.7736215088 0 0.01680621951)
(0.3109868872 0 -0.2607076275)
(0.216016042 0 -0.09123116846)
(0.02902685951 0 -0.04974312985)
(0.05619941182 0 0.04471815385)
(-0.2166260792 0 -0.1332336623)
(-0.2241053676 0 0.005968891788)
(0.3006175686 0 -0.2819488568)
(0.3780498722 0 -0.259384923)
(1.077868883 0 -0.3412391426)
(1.644635617 0 -0.3738010068)
(0.2921340818 0 -0.1465946255)
(0.2473137957 0 -0.1536347723)
(0.07282062385 0 -0.09648506606)
(0.03037797635 0 -0.05677245413)
(0.152345023 0 0.05552813062)
(-0.3795164475 0 -0.2351650295)
(-0.3801725532 0 -0.2032324585)
(-0.3658947474 0 -0.17796082)
(-0.3677428788 0 -0.1535937716)
(-1.797665726 0 -0.2129539898)
(-0.4537911609 0 -0.1358503573)
(-0.2317939898 0 -0.1141295436)
(-0.1668776263 0 -0.1164978178)
(-0.1753475728 0 -0.1225396371)
(-0.1217814092 0 -0.1063841162)
(-0.09273356519 0 -0.0926597431)
(-0.09363735419 0 -0.09137751855)
(-0.1049820684 0 -0.09420201957)
(-0.1117943021 0 -0.1117817366)
(-0.113696943 0 -0.1179568417)
(-0.1069921089 0 -0.1154893768)
(-0.09378237651 0 -0.1084628556)
(-0.1107449541 0 -0.1103808751)
(-0.1027509078 0 -0.08705411932)
(-0.1199720722 0 -0.07192150509)
(-0.1148688314 0 -0.05603907873)
(-0.09661152033 0 -0.0398334611)
(-0.1420092348 0 -0.08602210252)
(-0.6533924459 0 -0.1852871645)
(-0.5498144841 0 -0.07658223863)
(-0.3147200513 0 -0.00131954888)
(-0.3626217529 0 -0.3679190537)
(-0.3648693468 0 -0.3406841481)
(-0.3775160763 0 -0.2829821888)
(-0.3847633773 0 -0.2378619466)
(-0.3789661841 0 -0.2410861439)
(-0.05678481015 0 -0.1484596736)
(0.0322295255 0 -0.1419997979)
(-0.1449925336 0 -0.1056400271)
(0.2208612645 0 -0.1334436837)
(0.2830475546 0 -0.1431814987)
(-0.1948705858 0 0.03609497874)
(0.3120697102 0 -0.08406087405)
(0.3275328386 0 -0.0289539578)
(-0.2020944621 0 -0.1411796389)
(-0.9299016001 0 0.285722412)
(-0.6719915758 0 0.2903514376)
(-0.7097329136 0 0.2863670033)
(0.8396317556 0 -0.7315040899)
(0.9322440072 0 -0.8141400314)
(-0.4333318325 0 -0.5201141638)
(0.9790157799 0 -0.8250171465)
(-0.3478775901 0 -0.2303230367)
(-0.3824219251 0 -0.2179891634)
(-0.3517604722 0 -0.2014575804)
(-0.4432532752 0 -0.2244699579)
(-0.4933046642 0 -0.2395557489)
(-0.290095646 0 -0.1638012973)
(0.956877775 0 -0.8129051686)
(1.028626252 0 -0.9702260122)
(0.3211862136 0 0.3596112613)
(1.105428904 0 -1.044964432)
(1.149026632 0 -1.05372334)
(-0.2919769179 0 -0.30903224)
(-0.3173998926 0 -0.2945120425)
(-0.33209444 0 -0.2744520716)
(0.6675802655 0 -0.8355152486)
(0.7098114749 0 -0.846284832)
(-0.1661750593 0 -0.3120330497)
(-0.1760555208 0 -0.3097019787)
(-0.2235990327 0 -0.3121149012)
(-0.1200715157 0 -0.1070665445)
(-0.05642125588 0 -0.2017027599)
(-0.1671474364 0 -0.3714237552)
(-0.1640410685 0 -0.3646325422)
(-0.1606696272 0 -0.3575787642)
(-0.1607511164 0 -0.3284206638)
(0.522781904 0 0.4195582299)
(0.3982875226 0 0.4552802754)
(0.37097756 0 0.4588845916)
(0.3536782168 0 0.4318937879)
(-0.150381373 0 -0.4004810982)
(-0.1310930428 0 -0.3921088099)
(-0.1646443002 0 -0.3891715607)
(0.3768229634 0 0.374124939)
(0.4959891626 0 0.4045880225)
(0.3332289183 0 0.3215365849)
(-0.1059678967 0 -0.4471158277)
(-0.1448450971 0 -0.4321022733)
(0.7258608202 0 -0.0599519427)
(-0.000869066144 0 -0.5717357357)
(-0.001770305168 0 -0.5393117711)
(-0.06656629601 0 -0.4894967377)
(2.546165744 0 -3.739153259)
(2.566932023 0 -3.757212648)
(2.579742167 0 -3.773072584)
(-0.26041835 0 -0.9288703476)
(-0.3238655484 0 -1.035101146)
(-0.4671970364 0 -1.352855793)
(-0.1907643137 0 -0.6828290696)
(2.541727327 0 -3.686566759)
(2.546884684 0 -3.675347016)
(2.56449439 0 -3.734508793)
(1.974800821 0 1.028721732)
(-0.3481500742 0 -1.608960527)
(-0.3489480242 0 -1.346052493)
(-0.216018843 0 -0.03644752272)
(0.431591806 0 -1.764933047)
(0.4622292858 0 -1.921094733)
(0.27476529 0 -2.420777942)
(-0.06253595106 0 -0.1703280855)
(-0.07663280211 0 -0.01434844464)
(0.1520120718 0 -0.4950140392)
(0.1766636245 0 -0.5921573118)
(0.3406022503 0 -1.104941524)
(-0.08040599647 0 0.03291735663)
(0.01155727044 0 0.06666075372)
(0.002831977658 0 -0.03198292906)
(0.1364226564 0 -1.249025075)
(0.142841383 0 -1.252821218)
(0.1213789017 0 -1.054353429)
(0.01456584349 0 0.06358483712)
(0.02078313478 0 0.06824612346)
(0.03190880436 0 0.0794762987)
(0.1975735243 0 -1.071618715)
(0.2151890916 0 -1.137640564)
(0.1844894029 0 -1.200163212)
(0.01639362228 0 0.01792944588)
(0.01498962471 0 0.03768516851)
(0.02443673869 0 0.05553564066)
(0.1004031915 0 -0.6218199778)
(0.1535565568 0 -0.7521113894)
(0.1797115787 0 -0.9449133178)
(-0.03149801241 0 0.0377198793)
(-0.01030610813 0 0.03153612195)
(-0.04682009814 0 0.03518656054)
(0.236703647 0 -0.7781733332)
(0.1708062159 0 -0.7100895283)
(-0.09060562705 0 0.07772764616)
(-0.01265452575 0 0.07789989598)
(0.2850354384 0 -0.6395011301)
(0.2691378746 0 -0.7364885372)
(-0.0963610826 0 0.08724683357)
(0.3172096807 0 -0.5769105389)
(0.4674871221 0 -0.715005132)
(0.5559224114 0 -0.8298989238)
(0.4506669344 0 -0.6974485631)
(-0.1339685829 0 -0.1774137518)
(-0.05048129222 0 0.13352312)
(-0.09891062538 0 0.09330800438)
(0.7369477741 0 -1.106650175)
(0.7961145667 0 -1.190615132)
(0.6766227455 0 -1.004066076)
(-0.1361136246 0 -0.3096906075)
(-0.1501359959 0 0.136999744)
(-0.03132400769 0 0.1412552156)
(1.032707173 0 -1.620723457)
(0.924200212 0 -1.415037227)
(0.05609228675 0 -0.2545209791)
(1.200241488 0 -2.013385364)
(1.224152248 0 -2.069964852)
(1.189816564 0 -1.958714899)
(-2.213500712 0 -2.511343074)
(-1.253349362 0 1.16601617)
(0.00222348354 0 0.6525340685)
(1.245498236 0 -2.158033219)
(1.253648823 0 -2.240760831)
(1.252204873 0 -2.263259655)
(1.262745787 0 -2.23865141)
(0.01490269886 0 0.1504312322)
(-0.3122016148 0 -0.009592246123)
(-2.183110554 0 -2.540393332)
(1.21112097 0 -2.252050896)
(1.236836599 0 -2.265888629)
(-0.3510673912 0 0.06690991293)
(-0.4518629014 0 0.07312724586)
(1.077856414 0 -2.10481739)
(1.128164494 0 -2.176126824)
(-0.6914378842 0 0.1022292284)
(-0.4774468871 0 0.08574343863)
(0.8605438429 0 -1.768482148)
(0.929859838 0 -1.896506976)
(0.7891279054 0 -1.660354399)
(0.7179395596 0 -1.539306448)
(0.7970085007 0 -1.703910913)
(-0.3152865663 0 0.01108594617)
(-0.2282891628 0 0.01951238565)
(-0.2026401414 0 0.008232145146)
(-0.1417700938 0 0.05768855185)
(-0.06627436379 0 -0.264036432)
(0.6158434358 0 -1.331781206)
(0.4687627846 0 -1.037099278)
(0.3903432476 0 -0.886880778)
(0.4685640097 0 -1.066236545)
(-0.3637216156 0 -0.06664939158)
(-0.3870219687 0 -0.001380278383)
(-0.3861281374 0 -0.004421552777)
(0.2477421125 0 -0.5087074061)
(0.255833081 0 -0.3764455264)
(0.2723303195 0 -0.3517048517)
(0.2659302408 0 -0.4089675607)
(0.2866138275 0 -0.3289259471)
(0.3005976735 0 -0.3168998883)
(0.3136634143 0 -0.3683446128)
(0.1444267879 0 0.05926228777)
(0.1137997329 0 0.07175961606)
(0.07602226497 0 0.05046446747)
(0.07266032953 0 0.004631805924)
(0.09332987119 0 -0.1661651841)
(-0.2254865194 0 -0.1389466277)
(-0.03444052802 0 0.1119976431)
(0.2852829365 0 -0.2883685739)
(0.3253237578 0 -0.2713479648)
(0.6555541811 0 -0.2798218113)
(0.5597172925 0 -0.2678739448)
(1.077736717 0 -0.3363403133)
(1.550215143 0 -0.4016636813)
(1.507516351 0 -0.395585351)
(1.742708937 0 -0.3924815806)
(1.679987013 0 -0.3190348851)
(1.545471265 0 -0.2953906291)
(0.2102165886 0 -0.166715909)
(0.2343145869 0 -0.1696128855)
(0.2382168936 0 -0.1925602535)
(0.2434553762 0 -0.1376385322)
(0.1861108452 0 -0.1026246918)
(0.1669036271 0 -0.1067019451)
(0.08623211065 0 -0.09358556052)
(0.04198778424 0 -0.09175433885)
(0.06124890609 0 -0.02185995093)
(-0.3914495181 0 -0.202529394)
(-0.6609112743 0 -0.2746529938)
(-0.3884543575 0 -0.1771605526)
(-2.761308235 0 -0.7197086645)
(-6.171085489 0 -0.4973028876)
(-4.460863875 0 -0.3757389901)
(-0.4137762998 0 0.01940777129)
(-0.1623496717 0 -0.1046824507)
(-0.1651521122 0 -0.1096516367)
(-0.1365308383 0 -0.09414293088)
(-0.1256702806 0 -0.07552960429)
(-0.110798598 0 -0.08533166234)
(-0.1343712696 0 -0.07264672478)
(-0.1280568643 0 -0.08996867186)
(-0.1217573331 0 -0.1016934001)
(-0.1387249447 0 -0.05778735953)
(-0.05873477165 0 -0.0998837965)
(-0.07746622128 0 -0.1079935377)
(-0.05279804382 0 -0.119855478)
(-0.06560063149 0 -0.08730065679)
(-0.09801189298 0 -0.07604865256)
(-0.05473641426 0 -0.06318014419)
(-0.07476780338 0 -0.08964229913)
(-0.08951155227 0 -0.07244256858)
(-0.580753411 0 -0.100372195)
(-0.4380146424 0 -0.05479594331)
(-0.4709525363 0 -0.05611324498)
(-0.3922992156 0 -0.0607678656)
(-0.3457464033 0 -0.3628804198)
(-0.3609708556 0 -0.3771728394)
(-0.3545946526 0 -0.2715469401)
(-0.4130559575 0 -0.2671370306)
(-0.3787867738 0 -0.2308550969)
(-1.2330737 0 -0.9295966445)
(-2.848884186 0 -1.99744068)
(-1.825581156 0 -0.9462202689)
(-4.449252954 0 -2.169918792)
(-7.01309877 0 -0.6879130929)
(-7.043310212 0 -0.5953317919)
(-2.946744525 0 1.650653028)
(-1.331009138 0 0.9165222876)
(-0.3166026216 0 0.02524702824)
(-0.1996885139 0 -0.01579555882)
(-0.1223218498 0 -0.05591636773)
(-0.1302380772 0 -0.06544172402)
(-0.1176160375 0 -0.04281816686)
(-0.09125618222 0 -0.07317308739)
(-0.1166403756 0 -0.08466307682)
(-0.08435268533 0 -0.04882019381)
(-0.1072454881 0 -0.01942322659)
(-0.09170313715 0 -0.05685404842)
(0.01376527446 0 -0.1252056188)
(0.03477701003 0 -0.1640679434)
(-0.02468250469 0 -0.1013437775)
(0.0407570379 0 -0.1430713288)
(0.1084083319 0 -0.1595061439)
(-0.01030930486 0 -0.1399553293)
(0.1570571283 0 -0.155584466)
(0.2184759425 0 -0.1347436008)
(0.1707651531 0 -0.1398946717)
(0.2786017562 0 -0.142495342)
(0.3534029106 0 -0.1900500504)
(0.2768701062 0 -0.1075296106)
(0.4532285316 0 -0.2713758736)
(0.6214774182 0 -0.4610779488)
(0.3242633379 0 -0.02717162352)
(-0.831567286 0 0.2521532619)
(-0.4730371187 0 0.08131697051)
(-0.5839886482 0 0.2220593071)
(-0.4507653468 0 -0.09710470995)
(-0.3205463367 0 -0.05482890425)
(-0.3778316082 0 -0.04945794833)
(-0.3611471549 0 -0.1676696174)
(-0.306640512 0 -0.3319792978)
(-0.32685331 0 -0.3463903454)
(-0.3196583215 0 -0.2664247297)
(-0.3350418264 0 -0.2248979454)
(-0.6520918809 0 -0.5675238675)
(-0.3493330568 0 -0.1921081275)
(-0.3596966939 0 -0.1606448567)
(-2.960552127 0 -2.871979505)
(-0.3863746088 0 -0.1568367307)
(-0.6452220652 0 -0.288418759)
(-5.040531022 0 -0.7413073527)
(-0.2843779666 0 -0.08080385065)
(-0.1919768259 0 -0.1011595019)
(-2.047518048 0 1.928152731)
(-0.1514121996 0 -0.0656045434)
(-0.09440284821 0 -0.01539483292)
(-0.1149439351 0 -0.02920765985)
(-0.04435313631 0 0.0181087478)
(-0.0628974347 0 -0.06730047967)
(-0.04758649658 0 -0.05868165809)
(-0.07401382293 0 -0.02172884689)
(0.08824000191 0 -0.0134937616)
(-0.0163568799 0 0.004312968187)
(-0.6501604813 0 0.03191237639)
(0.1460858379 0 -0.07644476716)
(0.07894970032 0 -0.1672113907)
(0.1240808662 0 -0.1493787778)
(0.2121923964 0 -0.1626070508)
(0.1603170776 0 -0.1432028902)
(0.2870247213 0 -0.2078475534)
(0.3695772262 0 -0.2617881163)
(0.2859392466 0 -0.1813276938)
(0.4616429307 0 -0.3404760042)
(0.5601677076 0 -0.4334826304)
(0.4733438969 0 -0.3324121103)
(0.6645220781 0 -0.5375978702)
(0.769411481 0 -0.6455740323)
(0.731252125 0 -0.6016025509)
(0.8538131856 0 -0.7256587931)
(0.9096311162 0 -0.7680470859)
(0.9230500174 0 -0.7780805288)
(-0.3536460093 0 -0.2733715417)
(-0.4158593432 0 -0.2603041507)
(-0.4251122367 0 -0.2436122363)
(-0.4715502417 0 -0.2566308424)
(-0.4653878542 0 -0.2309287708)
(-0.5843584656 0 -0.2674386788)
(-0.357070892 0 -0.08757151046)
(-0.2876030139 0 -0.169729693)
(-0.3729293594 0 -0.06490924652)
(-0.2888276336 0 -0.1615309039)
(-0.2232343749 0 -0.1605421899)
(-0.2663761956 0 -0.08850940507)
(-0.2807041309 0 -0.2924349988)
(-0.2612615268 0 -0.3151847526)
(-0.285170029 0 -0.3212691058)
(-0.2775581358 0 -0.2760556524)
(-0.2970770339 0 -0.2442583484)
(-0.3173662782 0 -0.232352823)
(-0.315464072 0 -0.2135763554)
(-0.3260347641 0 -0.1788891179)
(-0.3456924126 0 -0.1700596552)
(-0.3140521099 0 -0.1376985387)
(-0.2615235331 0 -0.1010921566)
(-0.3139450757 0 -0.1029977235)
(-0.2095858651 0 -0.110038783)
(-0.2170228245 0 -0.1473622798)
(-0.2148386933 0 -0.1164397864)
(-0.2233682725 0 -0.1360132965)
(-0.1953847395 0 -0.08865965283)
(-0.149629029 0 -0.01956094029)
(-0.1096539742 0 -0.1197537912)
(-0.04375202906 0 -0.1539357392)
(-0.09310829716 0 -0.1483606079)
(-0.0641144505 0 -0.07909200409)
(-0.2758671901 0 -0.207091112)
(-0.01287514953 0 -0.1094748952)
(-1.579696596 0 0.02190378131)
(-0.275630852 0 0.1648893994)
(-0.07180740604 0 0.05927214411)
(0.2682479879 0 -0.1665652921)
(0.3557807984 0 -0.28230282)
(0.276434752 0 -0.2120233571)
(0.4245891313 0 -0.330702597)
(0.5025520788 0 -0.3980763089)
(0.4428373476 0 -0.3361622908)
(0.5817444068 0 -0.4718413008)
(0.6594829906 0 -0.5478891032)
(0.6184983828 0 -0.5000680871)
(0.7332521358 0 -0.6220474894)
(0.7991543592 0 -0.6896696094)
(0.7877662909 0 -0.6687074075)
(0.8543281996 0 -0.7481690975)
(0.9018243053 0 -0.8051507473)
(0.9069571057 0 -0.7848211169)
(0.9468441953 0 -0.8698373807)
(0.984915223 0 -0.9271733386)
(1.033251952 0 -0.9616508405)
(0.9975868763 0 -0.9423966665)
(0.936001273 0 -0.918432813)
(1.13860948 0 -1.011201356)
(-0.1769902101 0 -0.3026961191)
(-0.1786642737 0 -0.2971375699)
(-0.2558145431 0 -0.2952241538)
(-0.177718967 0 -0.2894362608)
(-0.1704001602 0 -0.2794896917)
(-0.3134525743 0 -0.263822731)
(-0.1524299594 0 -0.2777751705)
(-0.136271953 0 -0.2950321868)
(-0.2544191357 0 -0.2424831694)
(-0.1320385968 0 -0.3107946416)
(-0.1324776646 0 -0.319271036)
(-0.20577727 0 -0.2535313534)
(-0.1452635584 0 -0.3334709612)
(-0.1566995995 0 -0.349060892)
(-0.1894459751 0 -0.2677551792)
(-0.1838234293 0 -0.340548326)
(-0.1969626059 0 -0.3215936941)
(-0.2326620245 0 -0.3150828844)
(-0.2173995692 0 -0.3042665935)
(-0.2432933679 0 -0.285037874)
(-0.2730163381 0 -0.2615755561)
(-0.2686969962 0 -0.2558231679)
(-0.274235493 0 -0.2063584624)
(-0.3036679349 0 -0.190780276)
(-0.2230812397 0 -0.1458074307)
(-0.1640080632 0 -0.143153058)
(-0.2063015072 0 -0.1160449873)
(-0.1572197325 0 -0.1657141134)
(-0.1493598731 0 -0.1570913132)
(-0.2007975881 0 -0.1707037052)
(-0.1268433969 0 -0.1292561054)
(-0.09473148643 0 -0.1289399476)
(-0.1520716955 0 -0.1214595153)
(-0.08694753918 0 -0.3432317806)
(-0.2102856385 0 -0.7688080266)
(-0.08487088732 0 -0.2524906955)
(-0.3796432726 0 -1.069115477)
(-0.5541643386 0 -1.077401269)
(-0.5550258803 0 -0.5312774469)
(-1.237815593 0 0.03119636595)
(-0.4565080578 0 1.098874575)
(-0.4007948211 0 0.4622273327)
(-0.2986379101 0 1.088045383)
(-0.04481986205 0 0.6919869765)
(0.3762273211 0 -0.3324804385)
(0.4660434448 0 -0.2951248773)
(0.5901572345 0 -0.5007589711)
(0.5518815905 0 -0.4513983031)
(0.6516839267 0 -0.5565528534)
(0.708463324 0 -0.6157736816)
(0.688904461 0 -0.5855956153)
(0.7583074321 0 -0.67148112)
(0.7993540461 0 -0.7212093937)
(0.8038184573 0 -0.7088371235)
(0.8303449582 0 -0.7641899759)
(0.8501826297 0 -0.7996297093)
(0.8828181057 0 -0.8109866598)
(0.8559762123 0 -0.823400282)
(0.8417147101 0 -0.8281520183)
(0.9155799701 0 -0.8808152964)
(0.7971401186 0 -0.8090952987)
(0.7088750648 0 -0.7681187237)
(0.801409713 0 -0.8390380592)
(0.6178719671 0 -0.7270416464)
(0.641789218 0 -0.7323134188)
(0.6988861267 0 -0.7997227401)
(-0.1613140073 0 -0.3723944396)
(-0.1584873304 0 -0.3918763196)
(-0.1567947664 0 -0.3344468154)
(-0.1483361384 0 -0.4056316003)
(-0.1257232831 0 -0.4060213428)
(-0.1273894684 0 -0.3341375241)
(-0.08663562067 0 -0.3889718613)
(-0.03300171386 0 -0.3567032767)
(-0.07690376284 0 -0.3147504184)
(0.01380315022 0 -0.3236091641)
(0.01107836923 0 -0.3147424683)
(-0.08641068483 0 -0.3218943362)
(-0.04245382116 0 -0.3259202798)
(-0.07640113028 0 -0.3334599405)
(-0.1294317474 0 -0.3388921584)
(-0.09171285774 0 -0.3383723357)
(-0.1068982478 0 -0.3437731574)
(-0.1543468335 0 -0.3317819327)
(-0.1278882774 0 -0.3508841813)
(-0.1566499381 0 -0.3525473981)
(-0.2053556978 0 -0.3152639378)
(-0.187004295 0 -0.3322257987)
(-0.1931299831 0 -0.2687015191)
(-0.2357244416 0 -0.2290368582)
(-0.1659283687 0 -0.1953659517)
(-0.09225620231 0 -0.1670642292)
(-0.1096239034 0 -0.1573236997)
(-0.06715626025 0 -0.1931587963)
(-0.04896107733 0 -0.1869284066)
(-0.08431107156 0 -0.1496710196)
(-0.03672706195 0 -0.1395716264)
(0.01720064428 0 -0.1011941238)
(-0.0450538727 0 -0.1214966946)
(0.02769365163 0 -0.06415487071)
(0.05005542024 0 -0.08027112915)
(0.07428292368 0 -0.0948005073)
(0.06960387041 0 -0.1053495471)
(0.2939408982 0 -0.1382037727)
(0.2743786575 0 -0.09756415986)
(1.081685027 0 -0.08595757436)
(0.310005436 0 -0.1250202487)
(0.255678099 0 -0.007755829929)
(0.4092883046 0 -0.2529377944)
(0.5031352643 0 -0.3951707198)
(0.3887774802 0 -0.1366948804)
(0.5875696792 0 -0.5107455635)
(0.6398594383 0 -0.5607031215)
(0.6187320758 0 -0.5332193844)
(0.6830459786 0 -0.6076343467)
(0.718408248 0 -0.6504306256)
(0.7182537252 0 -0.6377683568)
(0.7449850695 0 -0.6863913101)
(0.76151266 0 -0.7139952333)
(0.7849668646 0 -0.723190087)
(0.7666917707 0 -0.7318843444)
(0.7588348553 0 -0.7382542505)
(0.8078932841 0 -0.7743068365)
(0.7354102439 0 -0.7306213387)
(0.6928520343 0 -0.7064286719)
(0.7677414547 0 -0.7702695823)
(0.6273048413 0 -0.6640170399)
(0.5412783839 0 -0.6045909582)
(0.6270481785 0 -0.6922187667)
(0.4627647011 0 -0.5394403752)
(0.4159320264 0 -0.4769350931)
(0.5464416497 0 -0.623367895)
(-0.1218791335 0 -0.3966190324)
(-0.1144556853 0 -0.4241781704)
(-0.1486866213 0 -0.392882536)
(-0.1087391228 0 -0.4661689552)
(-0.1043946463 0 -0.509833179)
(-0.1468618408 0 -0.4571480195)
(-0.1005854918 0 -0.5464615719)
(-0.09722078558 0 -0.5735150349)
(-0.1255682382 0 -0.4972123439)
(-0.09517688149 0 -0.5901976639)
(-0.09370232976 0 -0.5951687311)
(-0.07707408158 0 -0.4761639109)
(-0.08875001177 0 -0.5863697519)
(-0.07412126961 0 -0.563576452)
(-0.004899877349 0 -0.371576891)
(-0.04551260936 0 -0.5322039592)
(-0.001796334349 0 -0.5122420128)
(-0.001511391521 0 -0.3134369996)
(0.04304402316 0 -0.5494897282)
(0.04800415482 0 -0.5849062152)
(-0.04892368273 0 -0.3556582841)
(0.03125708922 0 -0.6144119152)
(-0.02243003933 0 -0.6426322517)
(-0.09443801688 0 -0.3977252558)
(-0.522533327 0 -0.7812762078)
(-1.120590066 0 -0.8830121589)
(-0.3608573652 0 -0.4447143304)
(-1.355862281 0 -0.7734298042)
(0.05639811365 0 -0.2159055828)
(0.07180870078 0 -0.1557964689)
(0.07349231702 0 -0.1909517498)
(0.08051074704 0 -0.1650232061)
(0.03878589799 0 -0.1354973308)
(0.0966682888 0 -0.1337392864)
(0.1060737031 0 -0.1157667946)
(0.05418724121 0 -0.08642801058)
(0.1299592648 0 -0.05892370521)
(0.1548432251 0 -0.1151892607)
(0.1103755614 0 -0.07470908903)
(0.1918982504 0 -0.2260294738)
(0.2843495716 0 -0.2563732737)
(0.3019657266 0 -0.2080110627)
(0.4923344592 0 -0.2421192853)
(0.4253691737 0 -0.3045629039)
(0.3752726259 0 -0.2249415159)
(0.5179062764 0 -0.4008303086)
(0.5821678097 0 -0.4995778611)
(0.5551496926 0 -0.4673100449)
(0.6242671258 0 -0.5572295506)
(0.6552079365 0 -0.593346166)
(0.6518837718 0 -0.5810914725)
(0.6781385798 0 -0.6234440695)
(0.6926192076 0 -0.6466689434)
(0.7095609503 0 -0.6532743432)
(0.6977564156 0 -0.6612495421)
(0.6925076879 0 -0.6661288864)
(0.7303176648 0 -0.6945051545)
(0.6755629526 0 -0.6601997167)
(0.6452140792 0 -0.6419171535)
(0.7044194618 0 -0.6936236482)
(0.5992761705 0 -0.6092491633)
(0.5353719458 0 -0.5597092896)
(0.6155554676 0 -0.6359964888)
(0.4522622034 0 -0.4906595518)
(0.3542746495 0 -0.4014254584)
(0.4484777743 0 -0.5056194441)
(0.2576608416 0 -0.2965775889)
(0.1877089359 0 -0.1263766268)
(0.2749342577 0 -0.320869662)
(0.3230776782 0 0.2205189323)
(0.3806940656 0 0.3355244572)
(0.3782008915 0 0.3647886129)
(-0.09042172668 0 -0.4282697441)
(-0.07650699648 0 -0.4154366824)
(-0.1145296479 0 -0.3980920841)
(-0.06166218821 0 -0.4097888477)
(-0.04125463426 0 -0.4235902594)
(-0.08836078841 0 -0.4196011954)
(-0.01872903447 0 -0.4593308992)
(-0.01850642368 0 -0.5207237474)
(-0.06193424461 0 -0.5058357895)
(-0.06171861468 0 -0.6023661374)
(-0.1329212525 0 -0.674391484)
(-0.07742283204 0 -0.5729877639)
(-0.19788424 0 -0.7060725241)
(-0.2274384476 0 -0.6854886287)
(-0.1223616917 0 -0.5943344719)
(-0.2050677919 0 -0.617730769)
(-0.1399382447 0 -0.5286036471)
(-0.11847508 0 -0.5456742942)
(-0.08912530115 0 -0.475297286)
(-0.08923481339 0 -0.4607000615)
(-0.07649473115 0 -0.4863412055)
(-0.05911601293 0 -0.4354606022)
(-0.02871962386 0 -0.4440072726)
(0.04364990897 0 -0.4798473551)
(-0.2758363971 0 -0.8553416648)
(-0.8262915957 0 -1.407669102)
(-0.3873499119 0 -0.7999799031)
(-1.335382278 0 -1.586786336)
(-1.697895877 0 -1.429677534)
(-1.575849208 0 -1.145153797)
(-1.591183796 0 -0.9713940807)
(0.1420845265 0 -0.2136907343)
(0.0651952389 0 -0.1988315988)
(0.1500398092 0 -0.2232353394)
(0.1662186072 0 -0.1931915938)
(0.1121744506 0 -0.1814650677)
(0.1737656014 0 -0.1530343195)
(0.1822626369 0 -0.1187681758)
(0.1402580152 0 -0.1122809229)
(0.2197351779 0 -0.100691753)
(0.247749055 0 -0.2217085858)
(0.2041678673 0 -0.1677720752)
(0.3083946767 0 -0.3104356784)
(0.3671281112 0 -0.3305508538)
(0.3202671755 0 -0.2988544148)
(0.4326693034 0 -0.3482568145)
(0.5016159402 0 -0.3852999435)
(0.4693039253 0 -0.3534367115)
(0.5648668942 0 -0.4563269096)
(0.6057529281 0 -0.5332583612)
(0.5981313971 0 -0.5203996957)
(0.627163652 0 -0.5742953281)
(0.6387721983 0 -0.5936821178)
(0.6505411623 0 -0.5973957991)
(0.642847696 0 -0.6050492725)
(0.6388967378 0 -0.6090120366)
(0.6685250551 0 -0.6315099934)
(0.6262524559 0 -0.6040815695)
(0.6041733306 0 -0.5892613936)
(0.6491525974 0 -0.6304487443)
(0.5716860391 0 -0.5635063653)
(0.5272754671 0 -0.5255203091)
(0.5833377836 0 -0.5849856382)
(0.4690105961 0 -0.4738365909)
(0.3956819804 0 -0.4051558739)
(0.4583967144 0 -0.4800845189)
(0.3161498869 0 -0.3135416981)
(0.2678282445 0 -0.2000052614)
(0.2746791772 0 -0.2995465943)
(0.4548587227 0 0.08086681855)
(0.6880244551 0 -0.107944051)
(0.2263012649 0 0.07527316829)
(1.195388961 0 -0.2915458097)
(1.736105656 0 -0.3460401648)
(1.34362345 0 -0.4160204732)
(1.835566304 0 -0.2642933534)
(0.8670027693 0 -0.07293191955)
(1.514255869 0 -0.5552565324)
(0.004712682753 0 -0.5174071591)
(-0.01744815631 0 -0.5318715767)
(-0.04934477664 0 -0.4266339602)
(-0.138413611 0 -0.7219312299)
(-0.3795021846 0 -1.122918108)
(-0.06165603666 0 -0.4438141204)
(-0.6398323113 0 -1.531654763)
(-0.8546411463 0 -1.816743348)
(-0.360795074 0 -0.9387354191)
(-1.00318432 0 -1.936208503)
(-1.076160891 0 -1.885263954)
(-0.6229961578 0 -1.215660555)
(-1.064527114 0 -1.69305819)
(-0.9636154662 0 -1.41440809)
(-0.621678461 0 -1.056705799)
(-0.7842484094 0 -1.112601332)
(-0.570763938 0 -0.8550042231)
(-0.303493993 0 -0.6530801538)
(-0.3983891931 0 -0.6946273426)
(-0.3186497632 0 -0.6898309742)
(-0.1131157994 0 -0.4692536628)
(-0.2228463927 0 -1.072329746)
(-0.2469614627 0 -2.095796149)
(-0.137263548 0 -0.8329756892)
(-0.3826036153 0 -2.960788881)
(-0.5001769227 0 -3.170409734)
(-0.8619463581 0 -2.194198293)
(-0.5854309084 0 -2.934326841)
(-0.675769764 0 -2.447972646)
(-1.420806531 0 -1.723632975)
(-0.8678363431 0 -1.729685165)
(-0.08411725923 0 1.825982205)
(0.1619122336 0 -0.2190420626)
(0.03050409189 0 1.085753344)
(0.1754588641 0 0.1693795727)
(0.1927748847 0 -0.20330561)
(0.2360474302 0 -0.1583246405)
(0.2370338205 0 -0.1427783399)
(0.2113173715 0 -0.1241256427)
(0.2715302685 0 -0.1902444436)
(0.3285671887 0 -0.2967438102)
(0.2888520208 0 -0.2683434749)
(0.3908482179 0 -0.3494962682)
(0.4405221242 0 -0.3704167266)
(0.4074636078 0 -0.3537799073)
(0.4903482864 0 -0.3902065179)
(0.540393813 0 -0.4224207025)
(0.5242550733 0 -0.4076299384)
(0.5807700643 0 -0.4779703813)
(0.6019663299 0 -0.5367036969)
(0.6063113555 0 -0.538440754)
(0.6065317359 0 -0.5635420028)
(0.6032283861 0 -0.5672994824)
(0.6217546409 0 -0.5829018026)
(0.5946459197 0 -0.5635434042)
(0.5813744075 0 -0.5581420003)
(0.6076243854 0 -0.5806158329)
(0.5670748701 0 -0.5604323589)
(0.5685663909 0 -0.6032719864)
(0.5631053631 0 -0.5473376106)
(0.6373618844 0 -0.7700801045)
(0.840562249 0 -1.146374173)
(0.4956931933 0 -0.5176153218)
(1.158777997 0 -1.672223957)
(1.492205115 0 -2.190987332)
(0.7341503157 0 -1.010249872)
(1.775661263 0 -2.619270477)
(1.997514869 0 -2.951135921)
(1.534361292 0 -2.250287275)
(2.165505565 0 -3.201904598)
(2.289889948 0 -3.387358427)
(2.102769126 0 -3.103734094)
(2.379470465 0 -3.519581913)
(2.442865192 0 -3.611006958)
(2.385259173 0 -3.525337597)
(2.487893951 0 -3.672543644)
(2.520860609 0 -3.712801209)
(2.502163071 0 -3.69565578)
(-0.5534103505 0 -1.604077663)
(-0.6112413075 0 -1.859676871)
(-0.4495282309 0 -1.321468965)
(-0.6591073659 0 -2.098235065)
(-0.7033193614 0 -2.280537793)
(-0.7427908749 0 -2.024799833)
(-0.7374775038 0 -2.389618423)
(-0.757561952 0 -2.402401455)
(-0.9462364565 0 -2.326798607)
(-0.763424565 0 -2.300539041)
(-0.7660662292 0 -2.098055487)
(-1.028162915 0 -2.080326382)
(-0.778481601 0 -1.842737741)
(-0.7899782048 0 -1.553002941)
(-0.9450474348 0 -1.466262685)
(-0.7717608278 0 -1.233760819)
(-0.7193040188 0 -0.9602980495)
(-0.7204093894 0 -0.9452636552)
(-0.6500367691 0 -0.797969671)
(-0.5478062055 0 -0.6891365648)
(-0.5310140282 0 -0.7264411484)
(-0.3885948365 0 -0.5187536089)
(-0.19808837 0 -0.3966357661)
(-0.1678179712 0 -0.4719363822)
(0.07621834648 0 -0.3381626565)
(0.415677571 0 -0.525248098)
(0.6140149508 0 -0.9433084808)
(0.9652680815 0 -0.8996797857)
(1.365595129 0 -0.988382497)
(1.276630988 0 -1.283389696)
(1.441175487 0 -0.7439928836)
(0.2551759028 0 -0.1950773864)
(0.2198481312 0 0.1054295541)
(0.2677415471 0 -0.2205173955)
(0.2764465558 0 -0.215040066)
(0.2546266608 0 -0.1705831675)
(0.2867698313 0 -0.1957819579)
(0.3028804153 0 -0.1961515953)
(0.2666508663 0 -0.1675110474)
(0.3416070605 0 -0.2479870509)
(0.397143448 0 -0.3153624803)
(0.364953672 0 -0.3095620512)
(0.4480137373 0 -0.3617016249)
(0.491073783 0 -0.389833792)
(0.4677080309 0 -0.3817295104)
(0.53039196 0 -0.4116121141)
(0.5648872562 0 -0.4393202441)
(0.552778837 0 -0.4314330575)
(0.5885662144 0 -0.4851611962)
(0.5977421423 0 -0.5417904818)
(0.596521009 0 -0.5319033861)
(0.603117195 0 -0.5908156465)
(0.6272174969 0 -0.6628286775)
(0.5910258969 0 -0.5637828375)
(0.6970764395 0 -0.8158888916)
(0.8393895379 0 -1.089871278)
(0.6081987871 0 -0.6461149535)
(1.055028267 0 -1.470272781)
(1.308895235 0 -1.890764691)
(0.8555854604 0 -1.140723469)
(1.556378071 0 -2.282466306)
(1.771008901 0 -2.611830658)
(1.409402963 0 -2.05811129)
(1.94672017 0 -2.876385856)
(2.087372359 0 -3.085761689)
(1.88994383 0 -2.792498714)
(2.198996612 0 -3.250447366)
(2.287022382 0 -3.378775059)
(2.193178553 0 -3.244827721)
(2.356012715 0 -3.477271637)
(2.409852297 0 -3.55131433)
(2.371834159 0 -3.507464277)
(2.451816972 0 -3.605425207)
(2.484556536 0 -3.643412298)
(2.473345355 0 -3.647965233)
(2.509960523 0 -3.668289842)
(2.529030855 0 -3.68223525)
(2.53232423 0 -3.715229201)
(-0.3954477262 0 -1.859331673)
(-0.4162569075 0 -1.888404624)
(-0.5089695333 0 -1.7216021)
(-0.394769446 0 -1.701097288)
(-0.3284681607 0 -1.381934795)
(-0.5012081313 0 -1.815657758)
(-0.2868445795 0 -1.256481194)
(-0.2998489384 0 -1.453069922)
(-0.5026739868 0 -2.074011051)
(-0.2530499622 0 -1.617739996)
(-0.1702299521 0 -1.741192137)
(-0.4620224323 0 -2.200130014)
(-0.05482435331 0 -1.809091583)
(0.07298280747 0 -1.813478546)
(-0.3986908935 0 -2.036698516)
(0.1776654429 0 -1.753242295)
(0.2199682387 0 -1.657930127)
(-0.4805902108 0 -1.758223645)
(0.1768627566 0 -1.578037892)
(-0.06158709494 0 -1.425033135)
(-0.603426113 0 -1.077285161)
(-0.5092026273 0 -1.038383583)
(-0.4689332885 0 -0.6865280008)
(-0.4895903439 0 -0.6200697216)
(-0.4437233004 0 -0.4336638093)
(-0.4335783818 0 -0.3729714411)
(-0.3098767096 0 -0.3579782836)
(-0.4010401756 0 -0.3779294268)
(-0.3760729674 0 -0.3669577031)
(-0.2654781494 0 -0.2896425872)
(-0.2882082713 0 -0.2586553948)
(0.1767276509 0 -0.2606351064)
(1.010115413 0 -0.6819168929)
(0.7178731652 0 -0.4147809738)
(0.3097143951 0 -0.2818698832)
(0.287403272 0 -0.2460429064)
(0.3319524615 0 -0.2681636921)
(0.3432305235 0 -0.2525500577)
(0.3087033509 0 -0.2324343622)
(0.3574989212 0 -0.2419075921)
(0.37947152 0 -0.2503495345)
(0.3413720399 0 -0.2234591543)
(0.4134910775 0 -0.2864852707)
(0.4576522997 0 -0.3356880642)
(0.42670847 0 -0.3216442826)
(0.5024789324 0 -0.3838677341)
(0.5444052691 0 -0.4253700895)
(0.5143614622 0 -0.3999931919)
(0.5836348658 0 -0.4679149497)
(0.623497256 0 -0.5377834863)
(0.5830605537 0 -0.4605771019)
(0.6759215249 0 -0.6798528579)
(0.7714372145 0 -0.9210281624)
(0.6339610875 0 -0.6331605457)
(0.9260998309 0 -1.22749012)
(1.117388832 0 -1.562105001)
(0.8127810826 0 -1.027782617)
(1.322084353 0 -1.90197759)
(1.52124748 0 -2.220823759)
(1.208930026 0 -1.720216777)
(1.700856404 0 -2.499914279)
(1.854944152 0 -2.733899153)
(1.645608402 0 -2.417375068)
(1.98361671 0 -2.925908656)
(2.089708436 0 -3.081958226)
(1.973776706 0 -2.914283147)
(2.176649267 0 -3.207993433)
(2.247550982 0 -3.308919702)
(2.191996335 0 -3.235476442)
(2.304987988 0 -3.38859227)
(2.351026076 0 -3.450066019)
(2.333270028 0 -3.436535296)
(2.387262937 0 -3.495788001)
(2.414814009 0 -3.527666104)
(2.422665561 0 -3.55404612)
(2.43422553 0 -3.546998942)
(2.445287538 0 -3.554215598)
(2.476229425 0 -3.612250559)
(2.446611187 0 -3.548188457)
(2.434480264 0 -3.524335452)
(2.499425833 0 -3.62461529)
(2.398932784 0 -3.468357869)
(2.306053686 0 -3.328239703)
(2.473518626 0 -3.569280206)
(0.5799884135 0 -1.995182678)
(0.6095931435 0 -1.950742591)
(0.2490459785 0 -2.212035086)
(0.546924448 0 -1.744264682)
(0.2806619325 0 -1.350858336)
(-0.01479047671 0 -1.184076591)
(-0.2751373538 0 -0.8592076613)
(-0.3039861911 0 -0.8563017376)
(-0.3309934911 0 -1.240697154)
(-0.3065873014 0 -0.8167432176)
(-0.2718573771 0 -0.7921155209)
(-0.2923973157 0 -1.458291056)
(-0.2074391912 0 -0.7932958654)
(-0.1252796091 0 -0.8230458055)
(-0.1830003127 0 -1.486046443)
(-0.03367631797 0 -0.8651280105)
(0.06761063127 0 -0.9103452735)
(-0.04696247317 0 -1.501377691)
(0.1576495128 0 -0.9438073999)
(0.1905337107 0 -0.9170454741)
(-0.1006260482 0 -1.491537986)
(0.08851608847 0 -0.8348319662)
(-0.1456786521 0 -0.7524664405)
(-0.3481481979 0 -0.867075077)
(-0.3671297966 0 -0.6615565421)
(-0.5361239514 0 -0.5466003851)
(-0.5284587564 0 -0.4333067561)
(-0.5511357231 0 -0.4635588503)
(-0.4171499356 0 -0.4222905632)
(-0.4029839216 0 -0.4053964499)
(-0.2265547927 0 -0.377223684)
(0.01853039415 0 -0.3308870911)
(-0.1287294915 0 -0.2676716595)
(0.2255694702 0 -0.2714268792)
(0.302980549 0 -0.2680767606)
(0.3166353616 0 -0.3014686048)
(0.3585827954 0 -0.272876556)
(0.4027719739 0 -0.2933095872)
(0.3755137933 0 -0.2746995271)
(0.4329143398 0 -0.3059729957)
(0.4631435518 0 -0.3322991319)
(0.418154118 0 -0.2828657518)
(0.5046938406 0 -0.3783498821)
(0.5569061093 0 -0.4462808427)
(0.4974468514 0 -0.369742462)
(0.6153857136 0 -0.538231394)
(0.6840994007 0 -0.6632620588)
(0.5938401682 0 -0.496070673)
(0.7762426416 0 -0.8492699531)
(0.9093570325 0 -1.128332016)
(0.7230138853 0 -0.7506750082)
(1.087850609 0 -1.483054366)
(1.282625585 0 -1.831209039)
(1.018016709 0 -1.378404301)
(1.461260019 0 -2.123510415)
(1.617797608 0 -2.368830521)
(1.403929055 0 -2.032660639)
(1.754715382 0 -2.578488834)
(1.873096673 0 -2.756425783)
(1.734818491 0 -2.549864894)
(1.973925203 0 -2.905463238)
(2.058810124 0 -3.02894911)
(1.98249461 0 -2.92113634)
(2.129609517 0 -3.130222059)
(2.188050981 0 -3.212160839)
(2.155367546 0 -3.172128789)
(2.235562065 0 -3.277066598)
(2.273213941 0 -3.326685449)
(2.272170381 0 -3.33510344)
(2.301695258 0 -3.362241279)
(2.32125987 0 -3.38439987)
(2.34666284 0 -3.431604644)
(2.331613506 0 -3.393114809)
(2.331679473 0 -3.387267693)
(2.385596312 0 -3.473547119)
(2.319121833 0 -3.363922684)
(2.28932057 0 -3.316753378)
(2.385795294 0 -3.460336397)
(2.232982391 0 -3.232465424)
(2.129971484 0 -3.081741986)
(2.317523359 0 -3.353187027)
(1.931098078 0 -2.792799409)
(1.492522461 0 -2.156885062)
(1.981148477 0 -2.860818529)
(0.2139628301 0 -0.7794701163)
(0.264223738 0 -0.9743232778)
(0.5535391977 0 -1.51402114)
(0.3050866467 0 -1.093262693)
(0.2522415778 0 -1.073409495)
(0.4458258266 0 -1.33093436)
(-0.1626617425 0 -0.8031591674)
(-0.2107392431 0 -0.8577258393)
(-0.2680481386 0 -0.8426803408)
(-0.2439958136 0 -0.8986846406)
(-0.2407754711 0 -0.8792991113)
(-0.2465698875 0 -0.8070299307)
(-0.205092825 0 -0.8143287765)
(-0.1728950081 0 -0.7692194455)
(-0.04838864921 0 -0.8945052081)
(-0.1657445948 0 -0.7650608043)
(-0.1784513432 0 -0.7909046111)
(0.1607708354 0 -1.029238091)
(-0.1970921281 0 -0.8282683017)
(-0.2254538646 0 -0.8497382256)
(0.2198711369 0 -1.037006521)
(-0.2686842819 0 -0.8429470683)
(-0.3166159025 0 -0.8137775771)
(-0.003198069504 0 -0.9022201663)
(-0.3738166913 0 -0.7736844393)
(-0.4442199205 0 -0.7232352764)
(-0.4421533342 0 -0.6174646556)
(-0.4204119059 0 -0.5888844743)
(-0.1468496995 0 -0.4225879597)
(-0.3317665441 0 -0.3958163137)
(0.08004553758 0 -0.3618259926)
(0.2065337024 0 -0.3212126016)
(0.04021711672 0 -0.3177456592)
(0.2919994245 0 -0.2600301814)
(0.2565369085 0 -0.2493651738)
(0.3219890818 0 -0.256054218)
(0.4282885973 0 -0.3323197933)
(0.5084594417 0 -0.4075855758)
(0.4437317851 0 -0.3239415029)
(0.5570280042 0 -0.4755479448)
(0.6186908892 0 -0.5614220648)
(0.5259531622 0 -0.4169535083)
(0.6909592888 0 -0.6768337566)
(0.7806605926 0 -0.8429906545)
(0.6478616004 0 -0.5967641233)
(0.8932571843 0 -1.067212996)
(1.033373539 0 -1.343000086)
(0.8342187442 0 -0.9598492098)
(1.196340191 0 -1.650317183)
(1.366416939 0 -1.954042812)
(1.145416099 0 -1.569435299)
(1.523365572 0 -2.216840667)
(1.656378228 0 -2.426629162)
(1.499150593 0 -2.181894229)
(1.767426592 0 -2.595221712)
(1.861758415 0 -2.735522781)
(1.76476985 0 -2.592372518)
(1.942465573 0 -2.853718375)
(2.011045951 0 -2.95258546)
(1.96008867 0 -2.882243713)
(2.068526027 0 -3.034001079)
(2.115772667 0 -3.099529048)
(2.100390167 0 -3.083794473)
(2.153461512 0 -3.150397971)
(2.18201112 0 -3.187436983)
(2.195793326 0 -3.215255945)
(2.20152344 0 -3.211018803)
(2.211708428 0 -3.220966955)
(2.253086596 0 -3.288448016)
(2.211762429 0 -3.216379913)
(2.20015916 0 -3.195312992)
(2.273353844 0 -3.306982308)
(2.17428587 0 -3.154222258)
(2.129797561 0 -3.086991451)
(2.248217275 0 -3.261290939)
(2.059447889 0 -2.983200952)
(1.95094594 0 -2.824998872)
(2.146785675 0 -3.108818429)
(1.783072919 0 -2.581483531)
(1.519466546 0 -2.199785937)
(1.862080764 0 -2.694731962)
(1.106996328 0 -1.603085562)
(0.623967963 0 -0.9063909037)
(0.9611247294 0 -1.391289225)
(0.1479452889 0 -1.207336259)
(0.1474869515 0 -1.139466215)
(0.1291404592 0 -0.9677688076)
(0.1573328659 0 -1.143136988)
(0.1842739664 0 -1.225888148)
(0.1103448764 0 -1.155054305)
(0.2255075297 0 -1.343399711)
(0.275379129 0 -1.453418978)
(0.1103867094 0 -1.655460923)
(0.3327230693 0 -1.533690833)
(0.3951131977 0 -1.570488188)
(0.1030893814 0 -1.684689195)
(0.4562619138 0 -1.549533882)
(0.4990955692 0 -1.450363157)
(-0.001683178754 0 -1.120168086)
(0.4998927203 0 -1.27797062)
(0.4307120624 0 -1.035116832)
(-0.1164365631 0 -0.818566839)
(0.1780846827 0 -0.4937450665)
(0.2212284226 0 -0.5419166113)
(-0.1735966057 0 -0.8665779577)
(0.2550958726 0 -0.6381822605)
(0.2655734 0 -0.7099495084)
(-0.2426319558 0 -0.9072061491)
(0.2800480757 0 -0.7252277373)
(0.3746361663 0 -0.6565251255)
(-0.320046316 0 -1.028323402)
(0.4462030144 0 -0.5355165829)
(0.4110923959 0 -0.4420296869)
(-0.4014179883 0 -0.9984602735)
(0.3668820887 0 -0.3943707834)
(0.34844159 0 -0.361152902)
(0.02073836715 0 -0.243289724)
(0.3855963305 0 -0.3484619623)
(0.4861852869 0 -0.3901906275)
(0.2747821197 0 -0.2318652096)
(0.5657767404 0 -0.5553740099)
(0.2651448981 0 -0.8005824518)
(0.5972934409 0 -0.5365274387)
(-0.7274527684 0 -1.074712872)
(0.8974062376 0 -1.069320521)
(0.7448172368 0 -0.7748744627)
(1.009997434 0 -1.288769506)
(1.140074729 0 -1.531138644)
(0.9488283918 0 -1.168423437)
(1.280226369 0 -1.78961202)
(1.421217812 0 -2.036803483)
(1.240797463 0 -1.723348637)
(1.551166284 0 -2.254163548)
(1.663281369 0 -2.433337011)
(1.539568931 0 -2.238827505)
(1.756806457 0 -2.576560127)
(1.834537567 0 -2.691821211)
(1.76428746 0 -2.589268282)
(1.899678122 0 -2.786429163)
(1.954356704 0 -2.864551864)
(1.922094784 0 -2.821438114)
(1.999614927 0 -2.928076817)
(2.035942448 0 -2.977917816)
(2.034728313 0 -2.981813434)
(2.063551997 0 -3.01458249)
(2.082434702 0 -3.038253385)
(2.109174618 0 -3.083244219)
(2.092310836 0 -3.048720442)
(2.092556279 0 -3.045271943)
(2.147693892 0 -3.130803704)
(2.082097111 0 -3.026537789)
(2.059252115 0 -2.990251891)
(2.147722018 0 -3.122502286)
(2.021493375 0 -2.932890947)
(1.965084554 0 -2.849133819)
(2.098383886 0 -3.044276714)
(1.884549721 0 -2.73107773)
(1.771940229 0 -2.567169409)
(1.971745959 0 -2.856846957)
(1.616006638 0 -2.341011287)
(1.4019722 0 -2.031058681)
(1.699992234 0 -2.462004508)
(1.115057646 0 -1.615791579)
(0.7631508752 0 -1.106669934)
(1.132516029 0 -1.64062309)
(0.4866662767 0 -0.7070886776)
(0.4569726266 0 -0.6475669258)
(0.4950241763 0 -0.7209180591)
(0.238513727 0 -1.158729992)
(0.2652976032 0 -1.120623321)
(0.2053908901 0 -1.147105297)
(0.2938513572 0 -1.053605675)
(0.3294241736 0 -1.003732572)
(0.2596322212 0 -1.102736365)
(0.3731750572 0 -0.9777362049)
(0.4151886726 0 -0.9597005642)
(0.3690017937 0 -1.162755117)
(0.4424213655 0 -0.9446117778)
(0.4510486057 0 -0.9378039053)
(0.4681266465 0 -1.125188286)
(0.4480492899 0 -0.9405357078)
(0.4421267847 0 -0.9482088076)
(0.460126758 0 -1.034624662)
(0.4390324951 0 -0.9505491826)
(0.4401646057 0 -0.9305984409)
(0.4219589031 0 -1.025683226)
(0.4476807188 0 -0.879847075)
(0.4709760556 0 -0.8205495114)
(0.39358642 0 -0.8993667935)
(0.5127279459 0 -0.783442775)
(0.5579503249 0 -0.7709196374)
(0.434934518 0 -0.7057025285)
(0.5912833703 0 -0.773510786)
(0.6063783903 0 -0.7802572736)
(0.5149018166 0 -0.6374302033)
(0.6083574527 0 -0.7842389497)
(0.6107017048 0 -0.7845019272)
(0.5073272084 0 -0.6116725049)
(0.6273518196 0 -0.7853792242)
(0.6641903973 0 -0.7978094819)
(0.5185519111 0 -0.5764420488)
(0.7231284862 0 -0.8435095855)
(0.8240470927 0 -0.9818537599)
(0.6689969188 0 -0.8067615532)
(1.043807403 0 -1.352564411)
(1.485150971 0 -1.769865085)
(0.9928638198 0 -2.202530712)
(1.965595862 0 -1.517761316)
(1.190538136 0 -1.271012837)
(1.058896123 0 -0.03654321529)
(1.2976411 0 -1.95291789)
(1.416278913 0 -2.124849035)
(1.291181186 0 -1.861033879)
(1.536849712 0 -2.279327331)
(1.645181485 0 -2.417892925)
(1.552325928 0 -2.26590166)
(1.731705984 0 -2.536967876)
(1.798101287 0 -2.633784863)
(1.746596203 0 -2.559390147)
(1.8507493 0 -2.710391805)
(1.893422377 0 -2.771137802)
(1.876319564 0 -2.749361893)
(1.927364106 0 -2.818806314)
(1.95335175 0 -2.853892629)
(1.964047612 0 -2.873493176)
(1.971259819 0 -2.876084812)
(1.979974844 0 -2.88573876)
(2.017197893 0 -2.945187196)
(1.980039367 0 -2.882699431)
(1.970351401 0 -2.865643933)
(2.036107936 0 -2.965714223)
(1.94975936 0 -2.833020517)
(1.916632872 0 -2.78257313)
(2.015752691 0 -2.929659104)
(1.868719414 0 -2.711127196)
(1.8029643 0 -2.614327609)
(1.944557062 0 -2.821414477)
(1.715312817 0 -2.486349872)
(1.600606403 0 -2.319670025)
(1.798735346 0 -2.607190661)
(1.452648064 0 -2.105168292)
(1.264956968 0 -1.833325074)
(1.53311552 0 -2.221453371)
(1.033786457 0 -1.49859684)
(0.7677109544 0 -1.113300038)
(1.078830589 0 -1.563656451)
(0.5168418564 0 -0.7497956237)
(0.3762130948 0 -0.5463913563)
(0.5046302343 0 -0.7325138256)
(0.3746340538 0 -0.5303718022)
(0.08511097703 0 0.004146973406)
(0.196429883 0 -0.1893575879)
(0.2341186891 0 -0.8931652673)
(0.3191793674 0 -0.975481617)
(0.2790782112 0 -1.031656002)
(0.4005386484 0 -1.004288758)
(0.4716267043 0 -1.009010632)
(0.3925357608 0 -0.9816977278)
(0.524272957 0 -1.014078049)
(0.554728521 0 -1.025974094)
(0.4720151498 0 -0.9455314165)
(0.5668019068 0 -1.03801422)
(0.5680765744 0 -1.042248061)
(0.4882857526 0 -0.9540427783)
(0.5663226413 0 -1.035919548)
(0.5683952864 0 -1.022205707)
(0.4847010003 0 -0.952642278)
(0.5796076597 0 -1.009006679)
(0.6023183461 0 -1.005346326)
(0.5053398616 0 -0.9156760206)
(0.6342328159 0 -1.01359835)
(0.6696527718 0 -1.028150526)
(0.5747370983 0 -0.8953757984)
(0.7030613503 0 -1.04324532)
(0.7311515459 0 -1.057541503)
(0.6517790819 0 -0.9118386917)
(0.7536969043 0 -1.073155102)
(0.7741415637 0 -1.09318428)
(0.688728642 0 -0.9349887827)
(0.7991452218 0 -1.120398483)
(0.8357952046 0 -1.157708339)
(0.7192225145 0 -0.9655967235)
(0.887954479 0 -1.210366321)
(0.9559971283 0 -1.288647709)
(0.8093948506 0 -1.039705626)
(1.040425047 0 -1.4074974)
(1.143705572 0 -1.579154121)
(0.9817518682 0 -1.27759757)
(1.26934616 0 -1.794681678)
(1.423035597 0 -1.999095676)
(1.42902873 0 -1.764537385)
(1.579254801 0 -2.12833368)
(1.531875475 0 -2.290209279)
(1.355489815 0 -1.979672615)
(1.602323184 0 -2.381092098)
(1.664119292 0 -2.43389239)
(1.541707195 0 -2.314486864)
(1.718115428 0 -2.489698316)
(1.759697296 0 -2.554688215)
(1.715839128 0 -2.509653972)
(1.781448927 0 -2.619941758)
(1.772031882 0 -2.674031565)
(1.830177754 0 -2.671291078)
(1.721528592 0 -2.711914386)
(1.644965428 0 -2.734151053)
(1.897126265 0 -2.766435686)
(1.609179216 0 -2.740612169)
(1.707252265 0 -2.732887037)
(1.929566969 0 -2.806826166)
(1.889556861 0 -2.71792798)
(1.871218822 0 -2.690245549)
(1.929452367 0 -2.800805547)
(1.837944863 0 -2.642470246)
(1.789569862 0 -2.577971129)
(1.888916088 0 -2.737613637)
(1.727034223 0 -2.493178058)
(1.647755854 0 -2.383982611)
(1.798019526 0 -2.602991781)
(1.54950898 0 -2.246643594)
(1.430812364 0 -2.078148058)
(1.636974498 0 -2.369373425)
(1.290211093 0 -1.874852361)
(1.123202978 0 -1.631592693)
(1.376236102 0 -1.993254845)
(0.9275527405 0 -1.347006959)
(0.7097601414 0 -1.03085588)
(0.9848111485 0 -1.427455596)
(0.4954754426 0 -0.7199961465)
(0.3304902513 0 -0.4801395531)
(0.5149839057 0 -0.746934555)
(0.2175531455 0 -0.3204791388)
(0.1031941856 0 -0.1776503547)
(0.2829654045 0 -0.4030856492)
(-0.06029969246 0 -0.02756462642)
(-0.0639823722 0 0.03478674398)
(-0.006980451276 0 -0.03129600963)
(0.283961294 0 -0.8082301921)
(0.3783263129 0 -0.8671872354)
(0.3607370909 0 -0.9365979504)
(0.4835650043 0 -0.9397555219)
(0.5768061381 0 -1.01753638)
(0.5380944807 0 -1.031275852)
(0.6498610248 0 -1.094454671)
(0.7027315028 0 -1.163432337)
(0.6377063551 0 -1.111317526)
(0.7380703501 0 -1.216553742)
(0.7593119022 0 -1.248067965)
(0.6661822564 0 -1.151748756)
(0.7708817423 0 -1.25868349)
(0.778432608 0 -1.257622867)
(0.6730608669 0 -1.135882415)
(0.7874458514 0 -1.257510146)
(0.8010793911 0 -1.265287029)
(0.7031413043 0 -1.13390671)
(0.8197825292 0 -1.280025026)
(0.8427431516 0 -1.298443336)
(0.7557965604 0 -1.164960206)
(0.8693043679 0 -1.319609454)
(0.8996076297 0 -1.345524346)
(0.8105554265 0 -1.200664021)
(0.934767318 0 -1.379428721)
(0.9766408787 0 -1.423874954)
(0.8690604438 0 -1.25556493)
(1.027035055 0 -1.480013541)
(1.086832486 0 -1.548803078)
(0.9586771263 0 -1.353112542)
(1.156177673 0 -1.633256006)
(1.235726183 0 -1.739162211)
(1.098371079 0 -1.522743068)
(1.326900883 0 -1.871818336)
(1.429434818 0 -2.028825917)
(1.294713226 0 -1.828178365)
(1.537979802 0 -2.194005546)
(1.641966429 0 -2.341039907)
(1.527800526 0 -2.204051293)
(1.728789548 0 -2.448168186)
(1.785652404 0 -2.509631282)
(1.687121252 0 -2.436653061)
(1.810434281 0 -2.532291881)
(1.802362154 0 -2.543244815)
(1.775982339 0 -2.507849577)
(1.772405185 0 -2.568398956)
(1.736740434 0 -2.619994174)
(1.817523288 0 -2.631152361)
(1.712932939 0 -2.694736073)
(1.715962401 0 -2.76976943)
(1.831626984 0 -2.87282239)
(1.745739546 0 -2.795285974)
(1.76122209 0 -2.703722586)
(1.783927935 0 -2.894219982)
(1.650019985 0 -2.461468213)
(1.255033337 0 -2.171323556)
(1.747946831 0 -2.30360013)
(0.6417536714 0 -2.026301326)
(0.2859061374 0 -1.962282504)
(1.643227059 0 -2.497233769)
(-0.001652664282 0 -1.808345054)
(-0.2412935682 0 -1.69405185)
(1.501779507 0 -2.308203842)
(-0.4868505121 0 -1.587736081)
(-0.7463912182 0 -1.485292257)
(1.259606051 0 -2.008371729)
(-0.9969449995 0 -1.385604176)
(-1.104566872 0 -1.303121152)
(0.7304349844 0 -1.590185071)
(-1.054350992 0 -1.211688585)
(-0.9430566399 0 -1.07814391)
(0.3845849139 0 -1.152866529)
(-0.7881753163 0 -0.8974846576)
(-0.59762694 0 -0.674674725)
(0.2709503544 0 -0.6702920537)
(-0.4095110774 0 -0.4374653605)
(-0.4895671014 0 -0.3301067456)
(-0.1128167745 0 -0.2522071191)
(-0.1971095599 0 -0.06706024875)
(-0.1344487676 0 0.02652449663)
(-0.08672971324 0 -0.02399712195)
(-0.1160723054 0 0.01567570215)
(-0.1102633199 0 0.05890177189)
(-0.06821129164 0 0.06176253648)
(0.3085492401 0 -0.6149454013)
(0.382780005 0 -0.6609214963)
(0.3732129123 0 -0.7532223046)
(0.504284937 0 -0.8032716784)
(0.6227914446 0 -0.961429244)
(0.5964626535 0 -0.9787951268)
(0.7211506308 0 -1.100144953)
(0.800299967 0 -1.216938052)
(0.752686105 0 -1.190070165)
(0.8628871638 0 -1.312408025)
(0.9105706774 0 -1.385807417)
(0.839107283 0 -1.32194164)
(0.9447068586 0 -1.43791029)
(0.9680374054 0 -1.474135744)
(0.8761517018 0 -1.368796581)
(0.9854759717 0 -1.503264258)
(1.002721281 0 -1.532692527)
(0.8993454944 0 -1.394055851)
(1.024123567 0 -1.566096507)
(1.051877907 0 -1.604926117)
(0.9397907109 0 -1.438306398)
(1.086451344 0 -1.650280415)
(1.127235181 0 -1.703283468)
(1.00579035 0 -1.506365246)
(1.173041743 0 -1.764598005)
(1.222409076 0 -1.834082197)
(1.099073636 0 -1.612097125)
(1.273705297 0 -1.91096256)
(1.325197908 0 -1.994314631)
(1.218571648 0 -1.761163181)
(1.375145205 0 -2.08318671)
(1.4217239 0 -2.175915737)
(1.359611511 0 -1.960025717)
(1.462496741 0 -2.268788328)
(1.493507272 0 -2.35505818)
(1.517126314 0 -2.210725439)
(1.508592477 0 -2.425620648)
(1.499768847 0 -2.471638835)
(1.647545143 0 -2.436738406)
(1.459259714 0 -2.487709432)
(1.382905677 0 -2.473651838)
(1.643701332 0 -2.528450665)
(1.273449529 0 -2.433991947)
(1.140785197 0 -2.374887713)
(1.4344359 0 -2.500326647)
(0.9984601768 0 -2.300214125)
(0.8581462814 0 -2.210009598)
(1.114246372 0 -2.435439454)
(0.7244984201 0 -2.101501952)
(0.5906924566 0 -1.969694043)
(0.861895919 0 -2.336733082)
(0.4299485576 0 -1.795921206)
(0.06649629658 0 -1.595350533)
(0.7934073563 0 -2.141351969)
(-0.8348403957 0 -1.317304564)
(-1.028365241 0 -1.418780051)
(0.4339658682 0 -1.715018631)
(-1.213159627 0 -1.457231071)
(-1.312167538 0 -1.509562569)
(-0.9719370605 0 -1.474301614)
(-1.376701465 0 -1.56285445)
(-1.420109292 0 -1.610228678)
(-1.296807802 0 -1.580954091)
(-1.44876928 0 -1.645734619)
(-1.463492643 0 -1.665485053)
(-1.362004483 0 -1.590616965)
(-1.462669363 0 -1.666451449)
(-1.443308368 0 -1.645188403)
(-1.320989232 0 -1.515293782)
(-1.401013631 0 -1.596736344)
(-1.328758148 0 -1.513456667)
(-1.156031581 0 -1.317805901)
(-1.215964184 0 -1.383955252)
(-1.048710052 0 -1.192630873)
(-0.8200109519 0 -0.9318522206)
(-0.8137296449 0 -0.923982901)
(-0.5247859466 0 -0.5890820688)
(-0.400124702 0 -0.4007704376)
(-0.3791828569 0 -0.3235810634)
(-0.1611371721 0 -0.06006332817)
(-0.1514370279 0 -0.01651063568)
(-0.1388824801 0 -0.05327787809)
(-0.1231616262 0 0.07523738407)
(-0.1234518928 0 0.06656863322)
(0.6554397141 0 -0.9639171608)
(0.7541754557 0 -1.102067631)
(0.6748469556 0 -1.001836837)
(0.8461560994 0 -1.234282889)
(0.9283670344 0 -1.356339631)
(0.8567490714 0 -1.26682385)
(0.9995734685 0 -1.46720236)
(1.059253512 0 -1.56706487)
(0.9823018615 0 -1.460708479)
(1.107490472 0 -1.656975416)
(1.145557828 0 -1.738833186)
(1.058503397 0 -1.592487907)
(1.176266905 0 -1.814708589)
(1.203093241 0 -1.885942107)
(1.109237876 0 -1.698051997)
(1.228646127 0 -1.953067118)
(1.253850561 0 -2.016280999)
(1.166423335 0 -1.807452563)
(1.27820949 0 -2.075774592)
(1.300546577 0 -2.131810471)
(1.236457665 0 -1.928184961)
(1.319626885 0 -2.184657982)
(1.334428237 0 -2.234407021)
(1.307510335 0 -2.060125263)
(1.344129582 0 -2.280738005)
(1.347975905 0 -2.322708881)
(1.366036158 0 -2.197402264)
(1.345174063 0 -2.358650986)
(1.334893815 0 -2.386259295)
(1.399235234 0 -2.325713098)
(1.316357243 0 -2.402919231)
(1.288913227 0 -2.406215923)
(1.39311338 0 -2.417785275)
(1.251994846 0 -2.394404919)
(1.204964762 0 -2.366602417)
(1.33143834 0 -2.440618449)
(1.147037427 0 -2.32263347)
(1.077388897 0 -2.26270047)
(1.199320181 0 -2.378198794)
(0.995186646 0 -2.186864538)
(0.8989923233 0 -2.093980652)
(1.002084841 0 -2.23939435)
(0.7847277843 0 -1.979067863)
(0.640167978 0 -1.825186891)
(0.7598513324 0 -2.031227761)
(0.4095990565 0 -1.568983454)
(-0.5730294588 0 -0.472433672)
(0.3712166331 0 -1.657558606)
(-0.6754094354 0 -0.6025022694)
(-0.7277111186 0 -0.7428710037)
(-0.9343804185 0 -0.990818574)
(-0.840098693 0 -0.9181515843)
(-0.9638353303 0 -1.083773465)
(-1.122708509 0 -1.214139466)
(-1.085452639 0 -1.239372964)
(-1.201017871 0 -1.381633242)
(-1.273073363 0 -1.448029664)
(-1.306417811 0 -1.507627788)
(-1.398668219 0 -1.615021718)
(-1.411827878 0 -1.623191766)
(-1.476179833 0 -1.703061833)
(-1.538405543 0 -1.772037076)
(-1.505570571 0 -1.729386546)
(-1.58496385 0 -1.822148716)
(-1.614879901 0 -1.852690962)
(-1.537284959 0 -1.760028956)
(-1.626044721 0 -1.861565974)
(-1.614566299 0 -1.84464385)
(-1.482467265 0 -1.69142644)
(-1.573460177 0 -1.794283993)
(-1.489936225 0 -1.696201524)
(-1.277891453 0 -1.454058268)
(-1.340133581 0 -1.523446534)
(-1.080573417 0 -1.226809162)
(-0.7773909148 0 -0.8808171402)
(-0.6585369214 0 -0.7476936054)
(-0.1498858919 0 -0.2077039806)
(-0.1560932647 0 -0.1272152353)
(0.8813374999 0 -1.317420228)
(0.9599253845 0 -1.435343924)
(0.8535309305 0 -1.25161058)
(1.033020259 0 -1.550364246)
(1.098966838 0 -1.661937896)
(1.013240839 0 -1.492317947)
(1.15622196 0 -1.769850703)
(1.203438499 0 -1.873387374)
(1.13701116 0 -1.710913571)
(1.239981747 0 -1.970892913)
(1.266420453 0 -2.059996195)
(1.218132567 0 -1.904165716)
(1.28447498 0 -2.13837125)
(1.296305738 0 -2.204557233)
(1.266398352 0 -2.064652904)
(1.303661211 0 -2.258306862)
(1.307458438 0 -2.300339211)
(1.298247368 0 -2.187066299)
(1.307879931 0 -2.331844956)
(1.30469775 0 -2.354083602)
(1.3174315 0 -2.275065223)
(1.29756476 0 -2.368150617)
(1.286176164 0 -2.374848652)
(1.320066673 0 -2.335660184)
(1.270308493 0 -2.374606509)
(1.249775284 0 -2.367419611)
(1.303066053 0 -2.372133685)
(1.224345782 0 -2.352832083)
(1.193655217 0 -2.329979328)
(1.264002209 0 -2.379562405)
(1.157119539 0 -2.297675371)
(1.11383631 0 -2.254478735)
(1.199439619 0 -2.346580503)
(1.062407308 0 -2.198594965)
(1.000629906 0 -2.12745809)
(1.104214454 0 -2.262624319)
(0.9249470666 0 -2.036772776)
(0.8293892164 0 -1.918530558)
(0.9675220982 0 -2.118316479)
(0.7035650283 0 -1.756364711)
(0.5215595375 0 -1.512659479)
(0.763249503 0 -1.885709133)
(0.1821210941 0 -1.064762233)
(-0.378311264 0 -0.2716921665)
(0.3536556176 0 -1.377973528)
(-0.3777787893 0 -0.2501997985)
(-0.3638905369 0 -0.2529245057)
(-0.4697982188 0 -0.3511849452)
(-0.3904205632 0 -0.2886777144)
(-0.4438161346 0 -0.3726182523)
(-0.5682519161 0 -0.5564183094)
(-0.5360301355 0 -0.5106310777)
(-0.6632796192 0 -0.6883687731)
(-0.8263347075 0 -0.9125512566)
(-0.8120373569 0 -0.8868772286)
(-0.9715830259 0 -1.093831927)
(-1.108603829 0 -1.269386626)
(-1.132343647 0 -1.296776146)
(-1.283777115 0 -1.482044432)
(-1.360279574 0 -1.572273662)
(-1.417930353 0 -1.641050312)
(-1.531924101 0 -1.772551275)
(-1.549030366 0 -1.788436746)
(-1.62634763 0 -1.879108914)
(-1.702533889 0 -1.963252349)
(-1.67056656 0 -1.921168598)
(-1.761045347 0 -2.025994012)
(-1.801386892 0 -2.067015842)
(-1.721196058 0 -1.970135376)
(-1.821818116 0 -2.084700091)
(-1.817839158 0 -2.074389546)
(-1.672149742 0 -1.905313639)
(-1.778408229 0 -2.023990045)
(-1.675045515 0 -1.901447308)
(-1.395227734 0 -1.583599126)
(-1.421188035 0 -1.608592252)
(-0.1109569543 0 -0.3681805122)
(-0.1356917137 0 -0.296389904)
(1.079958726 0 -1.703256836)
(1.134700797 0 -1.808420253)
(1.057506368 0 -1.628838814)
(1.181402707 0 -1.901017517)
(1.2206774 0 -1.987889275)
(1.170558512 0 -1.835948813)
(1.251853356 0 -2.069115622)
(1.274459949 0 -2.143732372)
(1.249465834 0 -2.024298929)
(1.288546899 0 -2.210188112)
(1.294890247 0 -2.266704927)
(1.290196535 0 -2.183243229)
(1.294845313 0 -2.311897814)
(1.289910045 0 -2.345190394)
(1.301294185 0 -2.296525617)
(1.281275778 0 -2.366833542)
(1.269590838 0 -2.377615754)
(1.295209708 0 -2.360140722)
(1.254966505 0 -2.378489548)
(1.237117395 0 -2.370295405)
(1.276318793 0 -2.381546083)
(1.215528601 0 -2.353613486)
(1.189576395 0 -2.328705106)
(1.24265106 0 -2.368787131)
(1.158587388 0 -2.295485526)
(1.121815893 0 -2.253469999)
(1.191038448 0 -2.325543819)
(1.078341183 0 -2.20165585)
(1.026881551 0 -2.138307484)
(1.117998986 0 -2.249743374)
(0.9654977046 0 -2.060568292)
(0.8910986907 0 -1.963742027)
(1.016590329 0 -2.131571748)
(0.7985443851 0 -1.83990613)
(0.6786702089 0 -1.674891343)
(0.8692933999 0 -1.946119818)
(0.5143260498 0 -1.438672395)
(0.2335143687 0 -1.044609312)
(0.6243410596 0 -1.614431867)
(-0.2610591699 0 -0.3283686316)
(-0.3050769737 0 -0.2429026576)
(-0.07971322213 0 -0.6404401865)
(-0.2853008282 0 -0.2177377338)
(-0.2917802852 0 -0.2062948436)
(-0.3238248723 0 -0.221867439)
(-0.2975461083 0 -0.1960775909)
(-0.3077587727 0 -0.1905642389)
(-0.3281958919 0 -0.2101125421)
(-0.3167227058 0 -0.1861467224)
(-0.3260150463 0 -0.1860361012)
(-0.3646327129 0 -0.2453245439)
(-0.3406573533 0 -0.1984964344)
(-0.3733767677 0 -0.2438120199)
(-0.4951356685 0 -0.43958547)
(-0.4449004362 0 -0.3467608803)
(-0.5658736791 0 -0.5211383005)
(-0.7839103434 0 -0.8398246032)
(-0.7371153304 0 -0.7654744947)
(-0.9481943464 0 -1.055319793)
(-1.153489752 0 -1.321920688)
(-1.169936074 0 -1.342742621)
(-1.371266388 0 -1.589141082)
(-1.478312123 0 -1.713361517)
(-1.539844338 0 -1.78722091)
(-1.678561688 0 -1.946771179)
(-1.707576777 0 -1.974799306)
(-1.792130974 0 -2.075198555)
(-1.882113722 0 -2.174365366)
(-1.855164248 0 -2.135342807)
(-1.950514716 0 -2.246662336)
(-1.999496771 0 -2.294763464)
(-1.925961313 0 -2.202856911)
(-2.029903527 0 -2.319976)
(-2.03867831 0 -2.319223781)
(-1.891491357 0 -2.148531099)
(-2.009407558 0 -2.27354851)
(0.0650526132 0 -0.3438127647)
(-0.05646632971 0 -0.3368206138)
(1.247082284 0 -2.1329374)
(1.263035738 0 -2.187389471)
(1.250168759 0 -2.105425265)
(1.273084426 0 -2.235247122)
(1.276760237 0 -2.27514137)
(1.282250964 0 -2.226417092)
(1.274046809 0 -2.306548338)
(1.265378019 0 -2.32874627)
(1.285617939 0 -2.313267895)
(1.251483857 0 -2.341200832)
(1.233162861 0 -2.343727532)
(1.266666371 0 -2.358643012)
(1.211041936 0 -2.33647746)
(1.185410991 0 -2.319770279)
(1.232992388 0 -2.362156906)
(1.156170745 0 -2.293881103)
(1.122857159 0 -2.258853597)
(1.186478698 0 -2.328102685)
(1.084692903 0 -2.214365024)
(1.040644808 0 -2.159641473)
(1.123091917 0 -2.258569469)
(0.9893957685 0 -2.093327309)
(0.9292269108 0 -2.013283968)
(1.035224597 0 -2.149424329)
(0.8577414446 0 -1.916204094)
(0.7711891227 0 -1.79671293)
(0.9105380472 0 -1.98585974)
(0.6628663357 0 -1.645263174)
(0.5186930043 0 -1.442217607)
(0.7209469686 0 -1.726520283)
(0.301565501 0 -1.135433287)
(-0.3170940216 0 -0.2953897322)
(0.3726457969 0 -1.229344651)
(-0.3108309752 0 -0.2479386004)
(-0.2514071111 0 -0.2243150401)
(-0.2893138584 0 -0.2620560177)
(-0.2323190377 0 -0.2127721478)
(-0.2350645427 0 -0.198973404)
(-0.2573315392 0 -0.2165776807)
(-0.2423925593 0 -0.1891926102)
(-0.2509415426 0 -0.1792054005)
(-0.2700798161 0 -0.1933144328)
(-0.259124903 0 -0.1669133138)
(-0.2670717718 0 -0.1553920023)
(-0.2888168688 0 -0.1749061591)
(-0.2757584606 0 -0.1464275852)
(-0.286077101 0 -0.1424099909)
(-0.3049000702 0 -0.1610708508)
(-0.2981009533 0 -0.1412905216)
(-0.3095237583 0 -0.1436267202)
(-0.325444086 0 -0.1629324875)
(-0.3222882542 0 -0.1422680655)
(-0.3370296351 0 -0.1394396856)
(-0.3942073664 0 -0.242693802)
(-0.3585807391 0 -0.1536627812)
(-0.4133211175 0 -0.2412991578)
(-0.6653081055 0 -0.6539029499)
(-0.5593267089 0 -0.4885384298)
(-0.8377435152 0 -0.9105264965)
(-1.176978962 0 -1.353790719)
(-1.162494699 0 -1.337480153)
(-1.426416185 0 -1.657053084)
(-1.59873893 0 -1.858363766)
(-1.651500982 0 -1.924019631)
(-1.830974978 0 -2.132814314)
(-1.878655301 0 -2.179246158)
(-1.964411346 0 -2.284768485)
(-2.059369016 0 -2.389131795)
(-2.042979983 0 -2.355766687)
(-2.125643359 0 -2.456169854)
(-2.172655013 0 -2.49540733)
(-2.127517962 0 -2.428084001)
(1.246890841 0 -2.280571989)
(1.235981538 0 -2.290971561)
(1.260732326 0 -2.295020162)
(1.219591501 0 -2.29342266)
(1.197656952 0 -2.287230825)
(1.235707903 0 -2.31860217)
(1.170409361 0 -2.271979977)
(1.138089424 0 -2.24736858)
(1.190027808 0 -2.305422862)
(1.100899994 0 -2.213207641)
(1.058900848 0 -2.169318265)
(1.126969981 0 -2.254489316)
(1.011917801 0 -2.11539031)
(0.95954841 0 -2.050876664)
(1.046453084 0 -2.165630239)
(0.9011533062 0 -1.974848613)
(0.8358256742 0 -1.88583712)
(0.9436017175 0 -2.034939527)
(0.7622969965 0 -1.781582185)
(0.6787409178 0 -1.658600407)
(0.808607722 0 -1.85054587)
(0.5819455918 0 -1.510844039)
(0.4646953629 0 -1.326047184)
(0.621360115 0 -1.583036612)
(0.3025763103 0 -1.070033621)
(-0.1129557124 0 -0.5402597365)
(0.3041354253 0 -1.123197668)
(-0.3934944571 0 -0.3148671922)
(-0.4415121159 0 -0.2376324965)
(-0.3717876151 0 -0.2317187266)
(-0.3468338834 0 -0.202791614)
(-0.2330870106 0 -0.186818292)
(-0.2339783291 0 -0.2055744306)
(-0.1865748782 0 -0.1764226366)
(-0.1936809489 0 -0.1637394774)
(-0.2147985587 0 -0.1823429796)
(-0.1987732992 0 -0.1503639924)
(-0.2023280699 0 -0.1312566671)
(-0.2280265461 0 -0.1588758336)
(-0.2054890715 0 -0.1031849689)
(-0.2097738934 0 -0.0764801238)
(-0.241330249 0 -0.1254183989)
(-0.2186303408 0 -0.05693841989)
(-0.233686168 0 -0.06042520015)
(-0.2636083446 0 -0.1146646416)
(-0.2563851108 0 -0.08144667464)
(-0.2794257612 0 -0.11851953)
(-0.2962346751 0 -0.133612204)
(-0.3015107416 0 -0.1313305462)
(-0.3215150204 0 -0.1260114747)
(-0.3282602097 0 -0.1288759882)
(-0.3382338037 0 -0.1153727732)
(-0.3487363744 0 -0.10010429)
(-0.3475372913 0 -0.1030936671)
(-0.3482783359 0 -0.07688229464)
(-0.3242393026 0 -0.03760408459)
(-0.4159343996 0 -0.2540015142)
(-0.431529598 0 0.06680932123)
(-0.54994011 0 0.1835887898)
(-1.050358263 0 -1.180810867)
(-0.5896952684 0 0.1930222058)
(-0.6583621555 0 -0.07966359571)
(-1.687789636 0 -1.973976046)
(-0.5999636659 0 0.1318962066)
(-0.3582507714 0 0.1154835097)
(-2.044617907 0 -2.389272782)
(1.1942128 0 -2.244320021)
(1.165393441 0 -2.226728552)
(1.204051785 0 -2.267349823)
(1.136625059 0 -2.204639007)
(1.101465219 0 -2.173133239)
(1.152418601 0 -2.23798481)
(1.060705704 0 -2.132139334)
(1.014081479 0 -2.080794319)
(1.078797006 0 -2.17206827)
(0.9616049144 0 -2.018379586)
(0.9032440459 0 -1.94401365)
(0.9834512099 0 -2.065869133)
(0.838817883 0 -1.85653362)
(0.7679659825 0 -1.754247262)
(0.8655525451 0 -1.914550249)
(0.6901170509 0 -1.634718832)
(0.6044408409 0 -1.494503037)
(0.7212628853 0 -1.707606969)
(0.5100270327 0 -1.329299831)
(0.4062744104 0 -1.135113267)
(0.5408614037 0 -1.419666426)
(0.2968045412 0 -0.918883261)
(0.2088671951 0 -0.7504488345)
(0.2897816984 0 -0.9809201865)
(0.1449634627 0 -0.6824758637)
(-0.05294419106 0 -0.4810165442)
(-0.1343940055 0 -0.4991280104)
(-0.3441221768 0 -0.3452338778)
(-0.638552252 0 -0.396390813)
(-0.5591001153 0 -0.3013208684)
(-0.9132539104 0 -0.4665150644)
(-0.8346854967 0 -0.3251802331)
(-0.3044381555 0 -0.1865953911)
(-0.1835284014 0 -0.1286925712)
(-0.1796537996 0 -0.1377227236)
(-0.1750407204 0 -0.1466151264)
(-0.1818008846 0 -0.1008824737)
(-0.1683515704 0 -0.03708755484)
(-0.1769595698 0 -0.09611333751)
(-0.1334289601 0 0.0878268579)
(-0.1081742457 0 0.1588249215)
(-0.1683110277 0 0.004120977083)
(-0.1040569325 0 0.2005939544)
(-0.1300272956 0 0.1956487314)
(-0.1880823649 0 0.04056701091)
(-0.168556364 0 0.1483946999)
(-0.2205584749 0 0.01109046426)
(-0.2564187686 0 -0.08271116725)
(-0.2728666759 0 -0.1194167735)
(-0.3025611996 0 -0.119796236)
(-0.3130376968 0 -0.1226395873)
(-0.327974404 0 -0.1095369386)
(-0.349737543 0 -0.09626921091)
(-0.3500612737 0 -0.09834163578)
(-0.3629400618 0 -0.07323080252)
(-0.3387826361 0 -0.03146696968)
(-0.3309056751 0 -0.0368942439)
(-0.2275827192 0 -0.02810504846)
(-0.2319517677 0 -0.1119707495)
(-0.3364979062 0 -0.1524483132)
(-0.3574278777 0 -0.1534238465)
(-0.653966717 0 -0.1777350742)
(-0.6539473166 0 -0.1604657451)
(-0.6074364616 0 0.1010161153)
(-0.4342204811 0 0.07876042427)
(-0.4131114613 0 0.07539492697)
(1.040047224 0 -2.061862613)
(0.987052914 0 -2.000113306)
(1.046486315 0 -2.094135025)
(0.9340860219 0 -1.931552868)
(0.874097582 0 -1.84871866)
(0.9456146641 0 -1.973473381)
(0.8075274884 0 -1.751774424)
(0.7351965339 0 -1.639201896)
(0.8203145048 0 -1.802303076)
(0.6567478981 0 -1.509078247)
(0.5724959774 0 -1.359923698)
(0.6696188801 0 -1.568151998)
(0.483925036 0 -1.1924433)
(0.3953446156 0 -1.013883914)
(0.4923989067 0 -1.252846976)
(0.3162593599 0 -0.8458260345)
(0.2616078845 0 -0.7306163339)
(0.3082911528 0 -0.8776247089)
(0.2392984198 0 -0.7055625479)
(0.2551766555 0 -0.7782545415)
(0.2252769296 0 -0.7421353171)
(0.3315781067 0 -0.936712783)
(0.4616249455 0 -1.118660339)
(0.3142350059 0 -1.200227781)
(0.6312047155 0 -1.262789652)
(0.8699471481 0 -1.339074773)
(0.6533323558 0 -1.780895656)
(1.216237287 0 -1.269216799)
(1.68277662 0 -0.9160325139)
(1.344919748 0 -1.281995412)
(0.2213303977 0 0.8581617041)
(0.1471178672 0 0.6501854601)
(0.2319598968 0 0.9896770782)
(0.1010689183 0 0.5025586367)
(0.07209249305 0 0.4181262649)
(0.1156246042 0 0.7425664323)
(0.04844009325 0 0.3826788455)
(0.01075397585 0 0.3543781191)
(0.01039960407 0 0.5063802228)
(-0.02856320454 0 0.3032114196)
(-0.05322401975 0 0.1308343052)
(0.01821731318 0 0.3977980041)
(-0.09816441671 0 -0.01173494769)
(-0.1829157669 0 -0.03311513486)
(-0.12909124 0 0.172261305)
(-0.2500415838 0 -0.1075566686)
(-0.2812884596 0 -0.112014121)
(-0.291501799 0 -0.1173772892)
(-0.3101908964 0 -0.1028205256)
(-0.3414284609 0 -0.09318097412)
(-0.3465739074 0 -0.09451392857)
(-0.3709868851 0 -0.06711185499)
(-0.3697566464 0 -0.02272391581)
(-0.3553594616 0 -0.02922825085)
(-0.2610767774 0 0.001339000057)
(-0.1863008608 0 -0.0001104467897)
(-0.1776563211 0 -0.0440649092)
(-0.1086631352 0 -0.04338460243)
(-0.4113112154 0 -0.3154675667)
(-0.6183636377 0 -0.1992173254)
(0.6362343058 0 -1.4051453)
(0.555289338 0 -1.259133372)
(0.6467894857 0 -1.455487311)
(0.471516762 0 -1.100907762)
(0.3898437519 0 -0.9401744174)
(0.4778014209 0 -1.14299995)
(0.3174393808 0 -0.7916978399)
(0.2626713884 0 -0.6738585914)
(0.3175561953 0 -0.8169257198)
(0.2337703146 0 -0.6020639673)
(0.2372261745 0 -0.5810042707)
(0.2337681829 0 -0.6495023711)
(0.2763400469 0 -0.6027247714)
(0.3480096966 0 -0.6474098709)
(0.2971930602 0 -0.7402036691)
(0.4474984565 0 -0.69320234)
(0.5701270028 0 -0.7222014075)
(0.5360985534 0 -0.9332975738)
(0.7131373022 0 -0.7270433406)
(0.8802057383 0 -0.7100481785)
(0.9402339136 0 -1.004106251)
(1.080609915 0 -0.6540603996)
(1.365182408 0 -0.5655122625)
(1.4394115 0 -0.664159185)
(0.112673263 0 -0.3939693138)
(0.1579951441 0 -0.4429042052)
(-0.1176320849 0 -0.1951679203)
(0.2242813787 0 -0.4863247485)
(0.3161056579 0 -0.4977876492)
(-0.2219750867 0 -0.184032214)
(0.383859887 0 -0.3934829243)
(0.2999407189 0 -0.1402681232)
(-0.06273771093 0 -0.1134318763)
(0.1437739988 0 0.07518889975)
(-0.04164790619 0 -0.05273061413)
(-0.1040148329 0 -0.06323554465)
(-0.05174368695 0 0.0467774956)
(-0.09858106457 0 0.04820528164)
(-0.1505458869 0 0.01798381753)
(-0.2359505151 0 -0.09039351867)
(-0.2770431252 0 -0.1179002282)
(-0.2746959289 0 -0.1121638232)
(-0.2990881086 0 -0.1016954869)
(-0.3300452712 0 -0.09415804488)
(-0.3353371798 0 -0.09268929243)
(-0.370077373 0 -0.06645371929)
(-0.3828600592 0 -0.008845692523)
(-0.3784600744 0 -0.01426102853)
(0.3253926118 0 -0.7472208884)
(0.2751598346 0 -0.6281183917)
(0.3200243559 0 -0.7693488169)
(0.2491841212 0 -0.5373989187)
(0.2499340756 0 -0.4803292154)
(0.2422890555 0 -0.56768398)
(0.2699818217 0 -0.4489982939)
(0.2982951398 0 -0.4294698194)
(0.2688903341 0 -0.505829385)
(0.3313354947 0 -0.4120641367)
(0.3679748 0 -0.3928563961)
(0.3782651116 0 -0.5187986463)
(0.4084885332 0 -0.3698010493)
(0.4786995251 0 -0.3442025773)
(0.5345368739 0 -0.5093050702)
(0.8131074362 0 -0.3613565722)
(1.410905524 0 -0.4382729823)
(0.7107096667 0 -0.4589643603)
(1.650240451 0 -0.4190704468)
(1.729336471 0 -0.3239601684)
(0.4172027297 0 -0.4669966497)
(0.9267355045 0 0.05598662475)
(0.2405748691 0 -0.3318946854)
(0.2159004756 0 -0.3883299947)
(0.3173565722 0 -0.3305852022)
(0.4055583029 0 -0.2931037378)
(0.4065291394 0 -0.3954940196)
(0.427221276 0 -0.1756099263)
(0.223354981 0 -0.06523907143)
(0.3777496434 0 -0.07790380527)
(0.04073176272 0 -0.01665322826)
(0.06144936456 0 -0.04208801197)
(0.03341351434 0 -0.03864450528)
(-0.02677982374 0 0.02426123343)
(0.007914931417 0 0.05733593348)
(-0.04688280255 0 0.06579668742)
(-0.2741477916 0 -0.1147760143)
(-0.3229529441 0 -0.1608334268)
(-0.2937222256 0 -0.1333252884)
(-0.3414197366 0 -0.1397634618)
(-0.3388816936 0 -0.1542405005)
(-0.3287905763 0 -0.1020640874)
(0.3254064755 0 -0.3103649718)
(0.3542360584 0 -0.2939008981)
(0.3605025139 0 -0.3245768584)
(0.4158212914 0 -0.2785321132)
(0.6119329801 0 -0.28442211)
(0.5584868815 0 -0.2949534771)
(1.042756158 0 -0.3388489316)
(1.406573897 0 -0.3784632197)
(1.339920632 0 -0.3785215524)
(1.527837294 0 -0.3517358524)
(1.439878395 0 -0.2677904082)
(1.493670308 0 -0.2692462876)
(0.5711968593 0 -0.05712761507)
(0.246197386 0 -0.2279304096)
(0.2495309815 0 -0.2788885292)
(0.2722623748 0 -0.1895663717)
(0.1926113158 0 -0.1276793057)
(0.34320576 0 -0.1941582545)
(0.09610533399 0 -0.1109019633)
(0.05624491183 0 -0.09538495897)
(0.06324919265 0 -0.08159706289)
(0.06449727491 0 -0.03893114377)
(0.07980305868 0 -0.02171516854)
(0.05248305875 0 -0.03270814122)
)
;

boundaryField
{
    dominio_ascii
    {
        type            zeroGradient;
    }
    wallFilmFaces_top
    {
        type            fixedValue;
        value           uniform (0 0 0);
    }
    region0_to_wallFilmRegion_wallFilmFaces
    {
        type            slip;
    }
}


// ************************************************************************* //
