/*--------------------------------*- C++ -*----------------------------------*\
| =========                 |                                                 |
| \\      /  F ield         | OpenFOAM: The Open Source CFD Toolbox           |
|  \\    /   O peration     | Version:  2.1.x                                 |
|   \\  /    A nd           | Web:      www.OpenFOAM.org                      |
|    \\/     M anipulation  |                                                 |
\*---------------------------------------------------------------------------*/
FoamFile
{
    version     2.0;
    format      ascii;
    class       volScalarField;
    location    "1.2";
    object      deltaf;
}
// * * * * * * * * * * * * * * * * * * * * * * * * * * * * * * * * * * * * * //

dimensions      [0 1 0 0 0 0 0];

internalField   nonuniform List<scalar> 
2828
(
4.590084805e-06
2.059195124e-06
3.990710417e-06
5.222177611e-06
1.261811437e-05
1.032131935e-05
1.402540046e-05
1.616927103e-05
1.007685138e-05
3.357864238e-06
2.246082039e-06
6.493514553e-06
6.862752814e-06
1.158498601e-05
2.345592442e-05
4.745026643e-06
1.667366673e-06
7.275793739e-06
8.569790097e-06
1.067491162e-05
1.300831323e-05
9.517677506e-06
5.733137577e-06
2.022270679e-06
3.643485759e-06
1.580535157e-05
1.134137615e-05
1.142120206e-05
3.273959548e-05
6.596360588e-06
1.094800708e-06
7.645244253e-07
8.947864944e-07
5.257478706e-06
5.614545858e-06
6.616340497e-06
8.297877877e-06
9.30361825e-06
7.705714755e-06
5.37711923e-06
1.986769706e-06
1.083947375e-05
2.998795573e-05
1.803302509e-05
1.33078321e-05
2.922206071e-05
1.430748884e-05
1.912683562e-06
1.5964609e-06
1.689090141e-06
9.347086371e-07
9.170750069e-07
4.761663159e-06
4.687387456e-06
5.067201569e-06
5.726957376e-06
6.982422596e-06
8.38922859e-06
8.053361351e-06
6.21340155e-06
2.775327617e-06
2.297472934e-05
3.048343402e-05
1.88809144e-05
1.77278639e-05
1.767477589e-05
1.467814835e-05
3.064311254e-06
2.18425834e-06
1.641292549e-06
8.88899414e-07
7.553034752e-07
1.407714482e-06
6.119567918e-06
4.822314618e-06
4.910599314e-06
5.042291329e-06
5.416901532e-06
6.615511591e-06
8.363388953e-06
8.781589244e-06
7.579976166e-06
5.009920839e-06
1.845298089e-05
2.089375849e-05
1.483732435e-05
1.796188118e-05
9.387023957e-06
8.503696167e-06
2.71225546e-06
1.36936308e-06
7.882678047e-07
7.518654015e-07
8.48208912e-07
9.590861178e-07
1.213389283e-06
9.422484006e-06
6.135738052e-06
5.177086005e-06
5.193114393e-06
5.02782615e-06
5.204570906e-06
6.469704521e-06
8.488062847e-06
8.935575001e-06
7.87334398e-06
5.297497241e-06
5.84806163e-06
1.12225795e-05
1.717786088e-05
8.207012863e-06
4.313209202e-06
3.406358914e-06
9.549804105e-07
1.077545102e-06
6.068303423e-07
7.528718581e-07
8.045788313e-07
8.14133238e-07
1.576620604e-06
1.014967136e-05
8.643126526e-06
6.259226841e-06
5.355097238e-06
5.404764955e-06
5.229920124e-06
5.48672373e-06
7.047420918e-06
8.610096119e-06
7.966073986e-06
1.374180821e-05
2.690156328e-06
9.24113029e-07
3.674675855e-06
3.135350078e-05
3.87550789e-06
1.38571319e-06
7.170939207e-07
1.309478937e-07
2.145675842e-06
9.672108592e-07
6.044558969e-07
5.249605044e-07
5.441487424e-07
9.445520184e-07
0.0002101247123
8.568078471e-06
7.082279576e-06
5.854160443e-06
5.108188691e-06
5.605504344e-06
6.272534612e-06
7.172336988e-06
8.603532828e-06
8.11677042e-06
6.828124379e-06
1.612278647e-05
1.967657361e-05
1.778034216e-07
4.999508003e-07
1.855414732e-05
1.0160691e-05
2.941288066e-07
4.921387488e-08
1.258366535e-08
9.221463678e-06
1.131772293e-06
4.844092948e-07
4.079511783e-07
5.060045865e-07
1.410997451e-06
6.073094418e-05
6.920933578e-05
5.958702893e-06
6.286158252e-06
5.490110424e-06
4.708379005e-06
4.58842046e-06
6.437614622e-06
9.696801706e-06
1.12511626e-05
1.002516059e-05
6.976117419e-06
4.046991912e-06
8.398346922e-06
9.6992079e-05
1.405799311e-07
7.733250042e-08
4.384386823e-06
3.523154619e-05
3.125360924e-07
2.025416099e-08
2.57250672e-09
9.590958041e-06
1.428861166e-06
4.642924009e-06
9.655294512e-06
1.662184297e-05
2.468238183e-05
2.989661495e-05
3.45626056e-05
2.67500629e-06
3.849734285e-06
4.625750927e-06
4.632920113e-06
9.096719856e-06
1.403177857e-05
1.561571773e-05
1.386022224e-05
9.036470192e-06
4.861633962e-06
2.970847713e-06
2.770719663e-05
0.0001193518259
1.664399706e-07
1.975813474e-07
7.421940073e-06
3.316805539e-05
8.259970117e-07
1.585616882e-05
1.472835442e-05
5.295846437e-06
4.846682451e-08
7.507743441e-09
1.144330269e-09
6.352429392e-10
3.077901842e-09
3.972443857e-05
1.186130332e-05
1.936005942e-06
4.58331161e-06
1.273633444e-05
2.322935575e-05
2.319753587e-05
1.854835978e-05
1.886136038e-05
1.961576301e-05
1.274380586e-05
5.962352254e-06
2.788751003e-05
4.694982286e-05
4.190388486e-05
2.27419524e-07
1.652558433e-06
3.096345041e-05
3.554440168e-05
3.345087435e-07
7.71993687e-06
2.049140844e-05
2.941648216e-05
4.752039057e-06
2.409567708e-07
1.633463018e-08
1.197120826e-09
4.972103922e-07
3.554517768e-05
7.859595946e-06
2.971349271e-06
1.605071301e-05
4.468806477e-05
4.260875722e-05
2.342965564e-05
1.098493468e-05
5.835310439e-06
4.481564864e-06
5.621245828e-06
1.000516443e-05
3.084174196e-05
3.433038063e-05
1.514625319e-05
4.535239518e-06
1.771695335e-06
2.386349039e-05
2.746757358e-05
7.949795926e-05
2.147291592e-05
1.159877929e-05
1.00957525e-05
1.717968355e-05
3.147157697e-05
6.924262366e-06
2.154576798e-07
6.706523111e-08
2.647899848e-05
8.54982753e-06
3.225046832e-05
1.23264138e-06
2.459342426e-05
5.138325153e-05
3.614142503e-05
1.674027084e-05
7.493098326e-06
3.644302752e-06
1.886780006e-06
1.013195541e-06
7.07393397e-07
2.299480196e-06
6.920999328e-06
4.774173099e-06
1.680875129e-06
3.97452902e-07
3.6225124e-06
0.0001068256347
6.11910378e-05
3.189058687e-05
4.822927892e-05
3.590885531e-05
1.669642778e-05
1.046290624e-05
1.646850749e-05
2.721261959e-05
2.856948118e-06
2.929537607e-05
1.455131335e-05
5.826534625e-07
2.772387144e-05
6.136675877e-07
5.867812055e-06
1.864781022e-05
1.346620273e-05
8.928213712e-06
7.151901381e-06
5.405984956e-06
3.318376408e-06
1.480220536e-06
1.610567936e-07
3.100330707e-08
2.152056323e-08
3.477849162e-08
4.262734598e-07
5.320277213e-06
7.226346091e-06
1.562775905e-05
1.496604062e-05
3.947862259e-06
6.764506728e-06
2.553637754e-05
6.186529591e-05
3.310071559e-05
2.101389875e-06
5.606972455e-08
9.988965449e-08
3.195331113e-06
1.727992943e-05
2.99074548e-05
5.957586441e-07
3.67899695e-07
2.976993316e-07
7.843360853e-07
1.600370587e-06
2.763157966e-06
4.691437302e-06
8.515635192e-06
1.339338795e-05
1.467562251e-05
1.145626316e-05
3.286985704e-06
7.808030497e-07
2.593783965e-07
2.907046662e-07
2.455678687e-06
1.165998634e-05
3.983568138e-06
8.121387123e-07
4.791426811e-07
1.163995716e-06
2.855235126e-06
8.956289726e-06
7.289167224e-06
1.224304731e-06
1.312263819e-08
9.480668719e-10
1.637712033e-05
2.800667183e-05
9.730598941e-05
3.792803781e-06
6.049470685e-06
9.572090394e-09
1.225632903e-08
1.766778572e-08
2.856524164e-08
5.076801926e-08
6.058885388e-07
3.82029318e-06
2.049482375e-05
3.143130252e-05
1.464179465e-05
5.071262639e-06
1.969828619e-06
8.308208883e-07
3.563205858e-06
2.974844911e-05
1.023049187e-06
2.792150794e-06
9.043289004e-06
8.879138369e-06
2.718119255e-06
3.011737915e-06
3.267797199e-06
1.713979377e-06
8.695417082e-07
5.117578853e-07
7.0304462e-06
2.985603401e-05
4.185453893e-05
1.7848172e-06
1.57377056e-06
4.943721502e-07
5.336892118e-07
3.804546159e-07
1.560432595e-07
6.907912098e-08
4.373834969e-07
1.838013585e-06
8.116211357e-06
3.835222124e-05
3.846864473e-05
1.892927545e-05
8.890862233e-06
4.901957411e-06
7.997938354e-06
3.32463383e-05
3.094080677e-06
1.023689123e-05
1.849223241e-05
6.159809137e-06
1.582394798e-06
2.48419743e-07
1.11968531e-07
1.578727434e-07
1.406179355e-06
2.044296404e-06
3.789693507e-06
2.096903841e-05
7.108815605e-06
2.959982433e-06
1.954641913e-06
4.020375137e-06
4.815553596e-06
1.886085968e-06
7.663052093e-07
1.126265115e-06
1.933562948e-06
3.856622389e-06
1.773991722e-05
4.274843347e-05
4.059719352e-05
2.388734146e-05
1.697579476e-05
1.633353433e-05
1.144558934e-05
7.977451965e-06
2.750576155e-05
1.041995882e-05
1.420975591e-06
6.489607721e-07
1.488694537e-07
7.383056812e-08
6.110005124e-08
2.121650348e-07
7.554163636e-07
2.025863052e-06
7.224711728e-06
7.125878499e-06
5.566627711e-06
4.136707804e-06
7.230246993e-06
9.294531647e-06
3.691170676e-06
1.725470683e-06
1.779904046e-06
2.227545861e-06
3.165568546e-06
1.04671376e-05
2.536838122e-05
3.887986255e-05
3.092810807e-05
1.846661507e-05
3.511440534e-05
2.266993218e-05
2.778472363e-05
3.780435391e-05
2.593004459e-06
1.220666269e-06
1.060367588e-06
3.207341039e-07
1.816235748e-07
1.3748293e-07
1.566010309e-07
3.430081376e-07
9.062416398e-07
2.384906843e-06
4.393844893e-06
6.8972778e-06
7.829288215e-06
1.954289459e-05
1.831375187e-05
7.253302021e-06
3.525055952e-06
2.826382461e-06
3.160191809e-06
5.196473228e-06
1.433182896e-05
2.328924952e-05
2.848998138e-05
1.833590974e-05
6.594301117e-06
1.829940964e-05
3.763710369e-05
2.594387152e-05
8.050307038e-06
2.106197476e-06
1.337166608e-05
2.666683991e-05
1.519028005e-05
5.005094748e-06
1.944430391e-06
1.034314368e-06
7.567067232e-07
9.059978248e-07
1.633449279e-06
3.360961477e-06
7.110933301e-06
3.762668587e-05
1.737461935e-05
8.358742307e-06
5.812930267e-06
5.774428598e-06
9.902951786e-06
2.25370012e-05
3.139282578e-05
2.940547272e-05
1.187981963e-05
2.776601324e-06
2.577860779e-06
2.789651326e-05
4.50450049e-06
7.755874304e-06
0.0002453942651
0.0002834448801
0.0001191277612
5.486126138e-05
3.742176483e-05
2.742759802e-05
1.631226454e-05
8.609860174e-06
5.349885147e-06
4.995236648e-06
7.067891567e-06
1.324252801e-05
3.659811695e-05
3.249240065e-05
1.796778573e-05
1.069126042e-05
8.052432607e-06
1.164579998e-05
2.665941158e-05
4.061608495e-05
3.476383904e-05
1.29110244e-05
3.467674787e-06
9.116694668e-07
7.393335674e-06
8.75975236e-05
0.000325400081
0.0004740841733
0.0001998601781
0.0001073897507
6.964881302e-05
5.371905936e-05
4.772348886e-05
3.998091141e-05
3.167246996e-05
2.605167539e-05
2.545978071e-05
3.05103672e-05
1.554649532e-05
1.243063312e-05
7.831944999e-06
6.003832828e-06
7.815490814e-06
1.756205334e-05
3.910587611e-05
4.207082926e-05
1.984995717e-05
7.747391535e-06
3.455145099e-06
1.746368467e-05
0.0001639041336
0.0002403325046
0.0001243920165
5.972855273e-05
7.596665572e-05
8.619180883e-05
8.92652367e-05
7.557003025e-05
5.151770942e-05
4.528338526e-05
4.346623928e-05
4.608291301e-05
4.959428308e-05
1.163276076e-05
9.362074107e-06
7.624324479e-06
6.627949668e-06
6.636263231e-06
8.04841178e-06
1.99868493e-05
4.452925949e-05
3.581935722e-05
2.143271876e-05
1.406488249e-05
2.770363587e-05
6.447576848e-05
5.172012071e-05
4.873987973e-06
1.855781507e-05
3.852854921e-05
4.19011061e-05
4.536350869e-05
3.744347505e-05
2.823983419e-05
2.541566954e-05
2.663493171e-05
2.760167495e-05
1.506171858e-05
1.520931898e-05
1.209298004e-05
8.680024987e-06
6.461409854e-06
7.8314414e-06
2.935793878e-05
5.015386174e-05
5.022803869e-05
4.980395019e-05
6.558375247e-05
2.517874597e-05
8.813503094e-06
6.097690561e-07
1.273993451e-06
2.52133121e-05
2.551285973e-05
3.338851029e-05
3.142053075e-05
1.247770192e-05
7.447890088e-06
8.186070373e-06
1.82077729e-05
1.685721989e-05
9.516370618e-06
5.605594652e-06
7.394925155e-06
1.327157241e-05
3.474212202e-05
5.466106247e-05
7.626994555e-05
8.996487423e-05
1.754422414e-05
3.192704705e-06
7.772134793e-07
1.303319097e-06
1.762525817e-05
1.169511912e-05
2.165164181e-05
3.344663046e-05
2.497383325e-05
3.441810366e-06
7.835499969e-06
5.250734426e-06
1.036784871e-05
1.326967691e-05
1.452744142e-05
2.190856943e-05
3.277043247e-05
4.366008298e-05
1.818287498e-05
2.286413096e-06
8.428484348e-07
1.608766844e-06
2.567450766e-05
1.518653265e-06
5.353189553e-06
1.784758358e-05
7.426411643e-05
5.258178967e-06
1.509976958e-05
2.241219377e-05
1.452460076e-05
1.234337471e-05
8.206379489e-06
1.872986713e-05
2.086135388e-05
1.80162387e-06
3.315613715e-07
3.619133821e-07
4.678064332e-06
2.961996314e-06
5.98642137e-07
2.480385531e-05
2.214447437e-05
1.054008144e-05
1.947701988e-05
2.370856022e-05
1.409471357e-06
1.880464232e-06
6.347195955e-07
2.920843088e-06
1.764189907e-05
1.870053185e-05
1.697814326e-05
1.467177987e-05
1.136071083e-05
1.161265995e-05
4.520049247e-06
1.397066152e-06
1.515951938e-06
2.090091726e-06
3.651323934e-06
3.132078851e-06
4.79791446e-06
5.338167954e-06
4.543351363e-06
5.785998629e-06
7.364514114e-06
7.214189451e-06
1.333266139e-05
2.120598666e-05
2.253746212e-05
1.224688006e-05
5.881628643e-06
8.971299673e-06
9.360504942e-06
1.057252736e-05
1.291890132e-05
1.171552892e-05
1.496088449e-05
1.490335092e-05
1.688291964e-05
4.846961297e-06
2.593987979e-06
2.885286041e-06
1.270488218e-06
6.714247233e-07
9.158042379e-07
5.590451071e-07
6.098299597e-07
6.154919967e-06
6.481742521e-06
6.818094724e-06
7.824010789e-06
1.326254342e-06
1.071625036e-06
8.574154067e-07
8.589962845e-07
4.898389613e-06
4.771382919e-06
5.110573168e-06
4.781822508e-06
4.945227359e-06
5.45415349e-06
9.747646067e-07
7.82439116e-07
8.146056956e-07
9.055685718e-07
1.21659346e-06
5.97975121e-06
5.173425568e-06
5.16804306e-06
1.177588597e-06
1.365960291e-06
9.020453317e-06
7.688919323e-06
7.398708086e-06
1.582006295e-06
7.507088315e-05
1.054430296e-05
9.615293115e-06
7.555459846e-06
7.548140412e-06
1.502030956e-06
0.0002222355385
0.0001649197298
0.0002226888781
9.352436313e-06
8.597609018e-06
9.794932017e-06
0.0002272369533
0.0001246594323
0.0001638213073
7.904818777e-06
8.877627394e-06
5.866101819e-05
4.180788814e-06
4.613364274e-06
6.479830208e-06
5.7729055e-06
1.565865102e-06
2.849676754e-05
1.547875982e-06
1.753431445e-06
2.275149878e-06
3.146415089e-06
1.033296442e-05
5.292317422e-06
4.304332876e-06
3.827401707e-06
1.881032975e-06
1.450114955e-06
8.006510852e-06
1.200269819e-05
2.241728372e-05
3.97641314e-06
1.0248102e-07
1.567974481e-08
2.029274019e-05
3.351737516e-05
4.326075112e-05
8.200032073e-08
3.455183567e-07
1.057045296e-08
3.901576824e-07
6.793052316e-07
1.377997418e-05
2.235982302e-06
3.866216299e-06
1.36442407e-06
1.58321504e-07
2.338723275e-07
4.946690987e-07
3.660852414e-06
3.935961277e-06
7.244123363e-06
4.490756223e-08
3.608709048e-08
1.083086381e-08
1.283021947e-06
1.235829997e-06
1.618725441e-06
1.608621112e-06
5.60311358e-07
3.099229562e-06
1.814787871e-06
4.051935063e-06
3.316104808e-06
5.748725712e-06
5.573002765e-06
1.229942782e-05
1.523118414e-05
1.001628101e-05
6.980846471e-06
8.906757902e-06
8.200130533e-06
2.723483448e-05
3.184657399e-05
2.281812118e-05
9.076243954e-06
1.020604565e-05
9.0302634e-06
3.880064365e-05
3.768187354e-05
2.236211613e-05
2.581767537e-05
2.730426062e-05
3.976617778e-05
4.604841964e-05
4.666095707e-05
3.63198244e-05
1.650701501e-05
1.151390197e-05
1.004151415e-05
1.479176119e-05
4.170445844e-05
4.192808765e-05
4.816842273e-05
1.282207336e-05
1.075284304e-05
1.623093357e-05
3.017225711e-05
1.727125918e-05
1.557192469e-05
6.164966531e-06
8.965970293e-06
1.714202993e-05
1.864153357e-05
1.542240774e-05
1.207897397e-05
1.304989276e-05
4.300223784e-05
6.774463506e-07
1.024248163e-06
2.745830701e-06
4.736894228e-06
1.061820604e-05
7.05747043e-06
5.484053931e-06
5.841971194e-06
3.942764334e-07
7.318447729e-07
3.526107417e-05
7.452706154e-06
1.864224642e-05
2.822041131e-05
2.244743069e-05
3.070445887e-05
2.599883389e-05
1.798093773e-05
3.513137604e-06
5.079014787e-06
2.944278354e-06
6.431418184e-06
5.870720997e-06
3.161573784e-06
1.536912604e-07
2.880738421e-05
2.29411855e-05
1.944095726e-05
1.863397676e-05
1.28364944e-05
1.45518119e-05
1.219843357e-05
2.134525863e-05
2.662707321e-05
2.518880295e-05
2.493837981e-05
2.622893501e-06
3.075979797e-06
1.226955001e-06
8.947376366e-07
8.429199822e-07
2.452410534e-06
6.847574682e-07
1.122187156e-06
1.225418102e-05
9.290891513e-06
1.307966527e-05
7.010557257e-06
4.985503646e-06
7.134228531e-06
2.422996388e-06
1.18538246e-06
1.251923824e-06
2.66336567e-06
7.471060787e-06
4.844523972e-06
9.863996411e-06
9.582753201e-06
6.858197968e-06
8.633408966e-06
8.606867155e-06
7.760872008e-06
1.121268385e-05
1.553725967e-05
1.747455084e-05
2.78210795e-05
1.322774235e-05
1.156204676e-05
7.468808182e-06
8.398832007e-06
9.307177018e-06
9.573643635e-06
1.062106288e-05
1.226094357e-05
1.081196953e-05
9.783134104e-06
1.188880697e-05
8.142247672e-06
6.646364037e-06
7.35649731e-06
5.344466435e-06
3.871688057e-06
4.146100252e-06
1.911456795e-06
1.435704181e-06
1.238516137e-06
5.95709998e-06
1.999697562e-05
1.262591482e-05
2.355889027e-05
2.013150002e-05
1.411894177e-05
1.482529635e-05
1.164583588e-05
9.948626298e-06
1.212239589e-05
1.37108992e-05
1.430663301e-05
3.320299156e-05
2.321057031e-05
1.808289715e-05
1.031657128e-05
4.043243489e-06
2.827665082e-06
1.341356277e-06
9.770747079e-07
7.227044862e-07
1.133644274e-06
1.324968138e-06
8.353589426e-07
5.208658426e-06
5.565872737e-06
6.030814853e-06
6.038878857e-06
6.661602194e-06
7.389991378e-06
7.423249858e-06
8.17601159e-06
9.082456593e-06
8.601051191e-06
8.435758125e-06
8.7424244e-06
7.767599298e-06
6.837457786e-06
6.578582202e-06
5.677159103e-06
4.158920343e-06
3.889701164e-06
2.252864228e-06
2.675792808e-06
1.855765848e-06
1.78005965e-05
2.869543053e-05
2.649907051e-05
3.235265005e-05
2.827652413e-05
2.557360506e-05
1.954268222e-05
1.416156591e-05
1.325194478e-05
1.515475042e-05
1.622310427e-05
1.427863359e-05
2.342366958e-05
2.300281414e-05
2.490394835e-05
1.595257022e-05
7.619866493e-06
6.022127143e-06
2.629921081e-06
1.776073191e-06
1.361789663e-06
2.010685756e-06
2.099031214e-06
1.79627486e-06
1.827244006e-06
1.374389928e-06
1.332774389e-06
4.701876301e-06
4.664647519e-06
4.604291009e-06
4.765709096e-06
4.897525971e-06
4.851173346e-06
5.04383895e-06
5.241468324e-06
5.345482647e-06
5.554524427e-06
6.05028766e-06
6.26486515e-06
6.766941748e-06
7.629146873e-06
7.785868962e-06
8.359712361e-06
8.636945836e-06
8.48154248e-06
8.420547602e-06
7.849709228e-06
7.289676923e-06
6.921120349e-06
5.536349421e-06
4.712801717e-06
3.685161922e-06
6.716971413e-06
4.235699154e-06
2.317543283e-05
1.872570618e-05
2.550049285e-05
2.605751172e-05
2.663341725e-05
2.805936847e-05
1.686653378e-05
1.33242267e-05
1.4102252e-05
1.96878627e-05
1.530679365e-05
1.751794215e-05
1.29672002e-05
1.526613737e-05
1.933281916e-05
1.174403679e-05
6.89032672e-06
7.788826111e-06
2.972325003e-06
1.975382271e-06
2.04635059e-06
1.944684882e-06
1.608354169e-06
2.050444376e-06
1.212603185e-06
9.384292186e-07
1.209518009e-06
7.942489232e-07
7.322766655e-07
7.263194262e-07
7.431066792e-07
8.630332091e-07
1.08695356e-06
6.008554682e-06
5.243039221e-06
5.113566086e-06
5.001891287e-06
5.013888981e-06
4.825759626e-06
5.061023357e-06
5.056482947e-06
4.981112659e-06
5.03102637e-06
5.076342589e-06
5.160047105e-06
5.287837084e-06
5.745979214e-06
5.88777091e-06
6.495396583e-06
7.466000562e-06
7.529834438e-06
8.394710984e-06
8.957013456e-06
8.804449818e-06
9.014190628e-06
8.606968673e-06
8.371651621e-06
7.857238318e-06
6.842103238e-06
6.397913585e-06
5.917419161e-06
8.674316723e-06
8.865732765e-06
1.152322936e-05
6.140610298e-06
1.152231045e-05
1.589866056e-05
2.745877022e-05
2.613124922e-05
1.418195922e-05
1.172428603e-05
1.241611033e-05
1.273777825e-05
7.351900147e-06
1.10702992e-05
6.555697468e-06
8.104156718e-06
1.144732809e-05
5.660334621e-06
3.355758298e-06
5.343988055e-06
2.080704113e-06
1.11171962e-06
1.757903388e-06
8.086502248e-07
6.145021237e-07
1.002678069e-06
5.854980646e-07
6.674554227e-07
7.269585651e-07
7.556038071e-07
8.30971286e-07
7.992167097e-07
8.844209604e-07
9.13869785e-07
8.950650653e-07
9.244855061e-07
9.31898072e-07
1.086485387e-06
6.241480402e-06
5.525372562e-06
5.399723479e-06
5.305422413e-06
5.311444146e-06
5.184059495e-06
5.305619523e-06
5.205327034e-06
5.123324849e-06
5.074484854e-06
5.042843372e-06
5.018523681e-06
5.239149707e-06
5.759755672e-06
5.673965581e-06
6.631571554e-06
7.710879642e-06
7.507043297e-06
8.601255096e-06
8.86748757e-06
9.024701147e-06
8.48985252e-06
8.131760008e-06
8.395091433e-06
9.247279725e-06
1.113654314e-05
7.17430449e-06
3.633230442e-06
3.237846955e-06
6.129346693e-06
2.537917795e-06
1.151078216e-06
2.888762983e-06
7.007052234e-06
2.480082615e-05
2.852948488e-05
2.571722936e-05
9.161096351e-06
1.014384401e-05
5.235725297e-06
2.62852737e-06
4.577056637e-06
2.597721289e-06
3.063466854e-06
5.294119656e-06
1.755836517e-06
8.236499781e-07
1.820146811e-06
3.906939167e-07
2.653684279e-07
5.676966261e-07
1.655869819e-06
1.198001242e-06
7.034361273e-07
7.913429591e-07
7.351457798e-07
6.939876309e-07
7.107799508e-07
6.909974031e-07
7.872691691e-07
6.755246803e-07
6.66562188e-07
8.11586572e-07
6.68448378e-07
7.038685614e-07
8.236452155e-07
7.903843311e-06
7.040929067e-06
7.376977955e-06
6.145161208e-06
5.515076698e-06
5.576436614e-06
5.296344835e-06
5.365465958e-06
5.377944284e-06
5.498803276e-06
5.56466395e-06
5.336539846e-06
5.582233858e-06
5.693115592e-06
5.228784039e-06
6.073525295e-06
6.801067287e-06
6.102286503e-06
7.726704872e-06
8.420393813e-06
8.049692849e-06
8.438331671e-06
7.871870168e-06
8.436087854e-06
7.557765929e-06
8.964440164e-06
8.587413631e-06
1.744475986e-05
4.822395678e-05
2.58585721e-05
5.491636977e-06
1.135306091e-06
1.410850023e-06
3.234321726e-07
1.789784407e-07
4.015551456e-07
1.533433758e-06
9.801154539e-06
1.749570544e-05
2.810316505e-05
1.572095442e-05
1.025054064e-05
4.934613669e-06
7.151691795e-07
1.375021174e-06
6.493307136e-07
5.716098685e-07
1.483278764e-06
2.149955637e-07
8.08745342e-08
2.951156441e-07
3.740554853e-08
7.392142998e-08
1.214549804e-07
4.611070165e-06
2.96557609e-06
1.848920971e-06
1.075507032e-06
5.822832988e-07
7.077044029e-07
4.251827675e-07
3.609126421e-07
5.513012687e-07
3.439768564e-07
3.713558871e-07
5.210020618e-07
4.5294878e-07
6.184561099e-07
6.049822254e-07
1.212165371e-06
1.770110466e-05
5.934052281e-06
7.303863886e-06
6.716124342e-06
7.602368822e-06
6.233655743e-06
5.812535284e-06
6.51398505e-06
5.35785112e-06
4.944303025e-06
5.308969972e-06
4.810092571e-06
5.113454925e-06
5.262829841e-06
5.800205416e-06
6.679332087e-06
5.964341715e-06
7.535820306e-06
8.277988884e-06
6.619555064e-06
8.951629727e-06
9.464085453e-06
7.9368207e-06
9.490499365e-06
8.818792825e-06
8.712051575e-06
7.65688175e-06
6.467064746e-06
7.252854996e-06
5.528705464e-06
4.875177653e-06
7.499975783e-06
1.153568395e-05
5.979687214e-05
6.20275543e-05
5.318213613e-05
1.290753846e-05
4.281499605e-06
1.484679962e-07
1.33750045e-07
1.385123734e-07
1.519523722e-07
1.833218613e-06
4.508102228e-06
9.639584871e-06
2.014457183e-05
2.174297147e-05
2.206393761e-05
6.978169729e-07
5.28648444e-07
1.812782518e-07
1.09839067e-07
1.907306392e-07
1.592633983e-08
5.945032067e-09
1.864474551e-08
5.041964208e-09
1.540081907e-07
7.840722226e-08
1.191648651e-05
1.919539959e-06
3.241564175e-06
1.009861846e-06
1.005457687e-06
6.423783682e-07
1.02249998e-06
1.041565049e-06
4.224100569e-07
1.077471867e-06
1.154879168e-06
4.328014923e-07
1.371750333e-06
2.013180362e-06
7.327535847e-07
3.280925167e-06
5.29454898e-06
3.939143308e-06
1.69455522e-05
7.520252611e-05
0.000106419017
5.112219751e-06
5.224949674e-06
5.94541781e-06
4.931169282e-06
4.463915724e-06
5.057883536e-06
4.178918269e-06
4.374246228e-06
4.491384843e-06
5.246761011e-06
6.776947364e-06
5.221093719e-06
8.719006743e-06
1.085272495e-05
8.067004619e-06
1.272512866e-05
1.358002773e-05
1.083014426e-05
1.311740366e-05
1.170085104e-05
1.097198758e-05
9.818456327e-06
7.84524922e-06
8.58218275e-06
6.001629489e-06
4.326642915e-06
5.460201977e-06
2.85985939e-06
2.593970835e-06
2.811955894e-06
1.172585266e-05
5.407756924e-05
5.178659657e-05
0.0001265260807
1.938018047e-05
1.991236778e-05
1.479742182e-07
1.508761396e-07
1.372072387e-07
9.278169837e-08
6.053065901e-07
7.971569313e-07
2.91163365e-06
8.055103008e-06
1.332816885e-05
3.985467587e-05
2.738943957e-06
1.508351479e-06
6.537001622e-07
1.893547957e-06
2.961817787e-07
1.404370306e-06
1.361934074e-06
5.383993017e-09
7.769160397e-07
2.00133657e-06
4.826241705e-07
6.420177977e-06
1.245453215e-06
1.626784672e-06
2.524153341e-07
2.464613833e-08
2.744419029e-06
9.429243339e-09
6.439688088e-09
6.9532051e-06
5.762662362e-09
6.40860467e-09
1.283940621e-05
8.367529528e-09
1.235096611e-08
2.0906829e-05
6.89166084e-09
1.829968683e-08
2.509257126e-05
3.026127726e-05
1.734644938e-05
2.506010113e-05
2.991825972e-06
4.040053266e-06
4.471929432e-06
5.310211064e-06
6.755285466e-06
4.407469236e-06
9.385656171e-06
1.376761421e-05
6.211003029e-06
1.764351588e-05
1.920566024e-05
1.204789293e-05
1.916802843e-05
1.882710933e-05
1.513596083e-05
1.853385952e-05
1.775982894e-05
1.527977252e-05
1.581347746e-05
1.268568611e-05
1.156901703e-05
9.211852313e-06
6.266220613e-06
6.762613504e-06
4.174936291e-06
3.699523661e-06
3.320392488e-06
9.594462235e-06
2.589808892e-05
8.639121034e-06
4.530466163e-05
6.936013815e-05
6.70673396e-05
8.276907673e-05
8.77425698e-06
1.42564756e-05
1.919916576e-07
2.266848052e-07
1.812055431e-07
5.036875186e-07
2.385767691e-06
1.003288794e-06
2.133266071e-05
2.804163752e-05
1.038335559e-05
2.862336265e-05
2.882805024e-06
4.44303999e-06
2.223582457e-07
5.301281705e-06
6.119473283e-06
1.375232907e-05
2.244454352e-05
1.860585464e-05
2.648794612e-05
2.462186827e-05
1.167614405e-05
1.500922372e-05
3.479321029e-06
8.066379345e-07
4.534185515e-07
7.097782647e-08
7.910985615e-09
4.445796233e-08
1.458591652e-08
3.018731757e-09
3.88693623e-09
1.179388541e-09
6.551880405e-10
6.80737873e-10
4.527811817e-09
1.478171617e-09
3.799223443e-08
5.240887136e-07
8.835883846e-08
4.25766575e-05
2.001596119e-05
2.225261199e-05
4.114455137e-06
8.90690388e-06
2.937525859e-06
1.651824524e-05
2.625157466e-05
7.461960149e-06
3.450541592e-05
3.596209698e-05
1.896985529e-05
3.144384502e-05
2.498506013e-05
2.467199391e-05
1.904115526e-05
1.472299482e-05
2.053409802e-05
1.227098333e-05
1.155498259e-05
1.807168186e-05
1.236704705e-05
1.441777707e-05
1.986657111e-05
1.713909033e-05
1.958165927e-05
1.711094487e-05
2.068913072e-05
2.042656781e-05
8.198531102e-06
2.286955295e-05
3.403163935e-05
1.149436233e-05
4.232538895e-05
3.872482862e-05
4.082070735e-05
3.20478644e-05
2.578561698e-05
5.086054677e-05
1.551922695e-05
2.32301432e-06
4.771444437e-06
3.806237342e-07
1.609985686e-06
4.004407047e-07
8.016258022e-06
8.0395358e-06
5.510691213e-06
2.792225091e-05
6.34523746e-05
5.390016636e-05
6.572394998e-05
1.245118512e-05
1.792917543e-06
3.097152121e-06
4.889850762e-06
3.217089217e-06
6.87622316e-06
9.268753717e-06
1.38021094e-05
1.289108794e-05
1.812064464e-05
2.617602831e-05
2.622322439e-05
3.228350483e-05
1.96981889e-05
2.274303408e-05
5.121595697e-06
6.253687896e-07
1.265191377e-06
3.155578451e-07
7.059812386e-08
6.52694558e-08
1.188304519e-08
3.506035613e-09
5.251047076e-09
4.996606491e-07
4.069412725e-08
5.951264468e-06
2.06143295e-05
3.744629689e-06
2.121607571e-05
1.686126698e-05
1.71622309e-05
8.954243996e-06
1.124714376e-05
4.687559727e-06
4.791300988e-05
5.728576078e-05
3.284341122e-05
5.27457948e-05
4.135932376e-05
4.771715883e-05
2.927506221e-05
1.953332335e-05
3.303304096e-05
1.276660384e-05
8.400573934e-06
1.602176817e-05
5.630386074e-06
3.86562885e-06
7.775610869e-06
2.758313419e-06
2.099777705e-06
4.803216887e-06
1.735079229e-06
1.551902541e-06
4.763725925e-06
1.545665622e-06
2.018737161e-06
7.156827847e-06
4.264845768e-06
1.084809614e-05
1.69435002e-05
1.940446652e-05
2.103186474e-05
4.028828467e-05
1.557282294e-05
9.577345854e-06
2.32123245e-05
5.541293108e-06
2.881647521e-06
9.495854628e-06
1.117521273e-06
3.024003615e-07
1.102926406e-06
7.582736639e-06
3.476397079e-05
7.893713134e-06
8.344359717e-05
8.369355417e-05
2.3819954e-05
4.244297258e-05
3.848032338e-05
5.202930574e-05
5.841945071e-05
6.289501499e-05
4.785813518e-05
5.117957692e-05
3.525805407e-05
1.399073313e-05
2.405318711e-05
1.616673667e-05
1.007400396e-05
1.166856285e-05
1.035738593e-05
1.216688868e-05
1.192867904e-05
1.662507668e-05
2.581149418e-05
2.433739304e-05
2.981522382e-05
2.150075212e-05
2.074016188e-05
5.446966468e-06
1.267130499e-06
6.281472615e-07
5.525294821e-08
3.366842903e-08
2.897493589e-06
2.815710947e-05
5.675576152e-06
2.533506789e-05
1.12230406e-05
2.597439412e-05
2.707840309e-06
1.620867343e-05
1.862920347e-05
2.804793838e-05
4.530901656e-06
1.22591748e-05
3.584011802e-05
3.03783683e-05
4.692403622e-05
2.257111769e-05
1.593480803e-05
2.515316869e-05
1.13172448e-05
8.286740503e-06
1.109731568e-05
6.246055236e-06
4.775905984e-06
5.177770163e-06
3.641641191e-06
2.733011097e-06
2.602426861e-06
1.99513865e-06
1.384536273e-06
1.383701188e-06
8.710998509e-07
4.634748886e-07
7.587139688e-07
2.058054685e-07
9.592849137e-08
1.089157192e-06
5.198740744e-08
3.218744758e-08
4.654965565e-06
2.256516985e-08
1.911780382e-08
6.74541276e-06
2.252447143e-08
3.766434059e-08
2.916536626e-06
2.141158748e-07
6.367963287e-07
9.024724892e-07
2.822538916e-07
7.247921078e-06
4.130006123e-07
1.140098032e-05
1.672024832e-06
2.402208216e-05
3.026564513e-05
5.476603839e-05
0.0001320941674
3.120729483e-05
1.438992631e-05
2.865789591e-05
1.242585108e-05
1.669599732e-05
4.337368325e-05
2.206605504e-05
2.780935775e-05
4.434488065e-05
3.286327274e-05
3.222207115e-05
2.54956078e-05
2.482021975e-05
1.714000764e-05
1.179600297e-05
1.256361541e-05
9.952555329e-06
1.193034123e-05
9.826976089e-06
1.285565941e-05
2.371955458e-05
1.746731848e-05
1.338947306e-05
1.539880478e-05
3.717953123e-06
1.363022017e-06
3.224163668e-06
1.727360547e-06
2.41339957e-06
2.780756503e-05
4.57828287e-06
1.100321207e-05
6.264282048e-06
7.956399152e-06
1.577806059e-06
1.064457356e-05
3.155745495e-07
3.113784247e-07
2.468311188e-05
1.152551434e-06
1.820596024e-06
1.703030239e-05
2.711842458e-06
3.883096612e-06
1.06493955e-05
5.428943543e-06
7.372570931e-06
7.907205188e-06
9.411128708e-06
1.088225951e-05
6.35679858e-06
1.122040593e-05
1.03624733e-05
4.354302453e-06
8.790306978e-06
7.433446227e-06
2.365216284e-06
7.146970123e-06
7.145303772e-06
6.690454495e-07
5.431621853e-06
2.646033204e-06
5.551463075e-08
9.981229191e-07
3.75357803e-07
2.328971345e-08
1.682665315e-07
1.081173903e-07
2.419935295e-08
1.163628635e-07
1.907253301e-07
8.186743276e-08
3.909912157e-07
9.189849811e-07
1.867396554e-06
5.194291144e-06
3.792871724e-05
1.970579392e-05
7.019076339e-06
4.814243217e-06
1.055708225e-06
9.369391669e-06
1.233624992e-05
2.810747005e-05
5.304252053e-06
2.095208774e-06
6.099106414e-06
1.371604531e-06
1.479580408e-06
4.609449443e-06
2.08810339e-06
4.254820929e-06
1.225213673e-05
1.232273062e-05
3.291291137e-05
4.627146932e-05
6.118176353e-05
6.990171826e-05
5.626593379e-05
4.857589339e-05
1.977366529e-05
1.127951735e-05
4.119561143e-06
5.055211665e-07
2.896178284e-07
6.587623749e-08
1.612567843e-08
3.752140561e-08
2.689847306e-08
2.071142425e-06
8.316563311e-07
1.051681501e-05
2.041117875e-05
9.857631541e-06
2.33829679e-05
3.161472295e-05
2.76919203e-05
6.716896979e-05
3.626095138e-06
2.475307664e-06
1.486695672e-06
1.225135003e-06
4.338105565e-07
3.301701367e-07
4.447546544e-07
1.15426605e-06
5.794653304e-07
7.364119607e-07
2.127159086e-06
9.211209535e-07
1.147109669e-06
3.576169994e-06
1.442888938e-06
1.864657183e-06
6.293154493e-06
2.512898465e-06
3.56629002e-06
1.113246467e-05
5.546298927e-06
9.445377705e-06
1.455503698e-05
1.547114195e-05
2.054587609e-05
1.430868586e-05
1.949063499e-05
1.318973276e-05
6.732455223e-06
7.360558548e-06
3.99443766e-06
1.571640862e-06
2.236122806e-06
1.268527089e-06
4.138406553e-07
7.243358834e-07
4.382927562e-07
2.293623018e-07
3.15818366e-07
2.823882253e-07
4.175407623e-07
1.818006451e-06
5.611431855e-05
5.030551126e-05
1.997887008e-05
6.830282969e-06
8.165082023e-06
1.002900507e-06
6.425309203e-07
2.664233228e-06
9.240557665e-07
1.557595321e-06
4.218732278e-07
3.154919922e-06
6.313292069e-06
7.6529657e-07
3.648012938e-06
1.558646669e-06
1.670192056e-06
9.665126604e-07
7.662606253e-07
5.37738646e-06
1.163126346e-06
2.373951909e-06
9.667308887e-06
2.731051669e-06
2.258087777e-06
4.171646585e-06
1.347801362e-06
7.478299081e-07
1.408910882e-07
4.253791214e-07
2.529101984e-07
1.674348188e-09
1.621977775e-07
2.008334582e-07
1.939906056e-07
1.355188177e-05
2.988990677e-05
2.692127764e-05
2.938182032e-05
2.935165792e-05
3.302539319e-05
8.561814149e-05
4.932971173e-06
4.196996952e-06
3.274351684e-06
3.420705272e-06
4.939160326e-06
2.524539895e-08
1.803756221e-08
1.442561538e-08
1.475065256e-08
1.474492928e-08
2.226124813e-08
1.814545663e-08
2.667303125e-08
3.721209624e-08
4.62560876e-08
1.017616424e-07
1.234948165e-07
2.484623614e-07
5.687651483e-07
1.442680637e-06
1.444169887e-06
4.461907203e-06
9.932018871e-06
1.45221364e-05
3.141348431e-05
3.00639932e-05
4.090917528e-05
3.684545479e-05
2.384722735e-05
2.596961001e-05
1.636923786e-05
8.480154365e-06
1.026834408e-05
6.680143577e-06
3.14210908e-06
4.496514059e-06
3.120699825e-06
1.247073493e-06
2.29862039e-06
2.007103781e-06
6.486047364e-07
5.670502641e-06
3.737481462e-05
4.98477172e-05
3.574365254e-05
8.517206899e-06
7.019662268e-06
1.696228037e-06
3.311559232e-06
1.580252811e-06
5.792174108e-06
9.544186204e-06
4.77638164e-06
1.52157577e-05
1.821620488e-05
1.530803498e-05
9.356959516e-06
4.431174931e-06
4.30936019e-06
2.545674533e-06
1.414706772e-06
1.953853165e-06
1.037889424e-06
1.342759768e-06
3.822749855e-06
2.124677104e-06
3.083596685e-06
2.446898441e-06
4.035769977e-06
4.2434292e-06
1.204771664e-06
3.906128131e-06
3.039668846e-06
6.493338391e-07
2.176992635e-06
1.901216989e-06
6.002075103e-07
4.569964008e-06
2.121748521e-05
2.690803011e-05
2.710498627e-05
1.611944982e-05
2.147902126e-05
1.191616093e-05
2.843428332e-06
3.557012378e-06
1.802426917e-06
1.43698531e-06
1.571132404e-06
1.667552678e-06
1.764481337e-06
4.690163035e-07
1.827824202e-06
1.823380015e-06
2.70531804e-07
1.458314808e-06
6.022890071e-07
7.643436485e-08
3.955380923e-07
4.893292328e-07
1.581704422e-07
7.157566082e-07
1.107732867e-06
9.681319379e-07
1.726433667e-06
2.761060971e-06
3.490288946e-06
5.142780102e-06
1.242905115e-05
2.09403055e-05
2.800551787e-05
4.19324792e-05
4.460217315e-05
4.559494008e-05
3.972663554e-05
2.789865123e-05
3.044169576e-05
2.197847004e-05
1.282070171e-05
1.558704686e-05
1.112266928e-05
6.386453831e-06
8.007863464e-06
5.787883308e-06
4.522901741e-06
5.669419548e-06
1.18696984e-05
2.627899089e-05
1.743313782e-05
8.573051586e-06
1.034813542e-05
3.749482629e-06
7.952016677e-06
6.073763054e-06
1.423779415e-05
1.958015648e-05
1.554065077e-05
1.57739288e-05
7.429081902e-06
1.410300988e-05
2.940226093e-06
1.508304052e-06
2.88739164e-06
8.77200071e-07
3.446118457e-07
6.1661861e-07
1.286424573e-07
7.563034467e-08
1.557711588e-07
5.570681673e-08
4.850975101e-08
9.177129642e-08
5.983169604e-08
1.909352086e-07
7.37213447e-07
4.857822561e-07
8.999265847e-07
1.873694951e-06
1.33959056e-06
1.830755964e-06
2.206394426e-06
3.035055143e-06
8.584610608e-06
1.468864813e-05
1.339513866e-05
1.121307913e-05
1.365871971e-05
7.714998027e-06
5.540682054e-06
4.06851806e-06
4.317130054e-06
3.586311709e-06
2.395290946e-06
5.544534862e-06
6.954681218e-06
4.659568839e-06
6.773885706e-06
4.763094157e-06
3.562666273e-06
2.659207633e-06
1.515004304e-06
9.689156976e-07
1.194135462e-06
1.257699335e-06
8.841456616e-07
1.462499361e-06
1.743145005e-06
1.475788241e-06
2.07058101e-06
2.473429879e-06
2.573283596e-06
3.235136786e-06
5.613056969e-06
7.733743457e-06
1.201680626e-05
2.165523124e-05
3.160495098e-05
3.335993642e-05
4.195463738e-05
4.547741737e-05
4.365077911e-05
3.869253836e-05
3.22218753e-05
3.031375196e-05
2.270434751e-05
1.802454708e-05
2.145323068e-05
2.753201251e-05
1.794936752e-05
2.857928683e-05
2.30442807e-05
1.449599772e-05
1.479957137e-05
6.400940942e-06
4.957442223e-06
1.674741247e-05
3.522410033e-05
1.796800414e-05
4.053626675e-05
2.151187448e-05
2.440069117e-05
4.906445539e-06
1.38880182e-06
3.144816653e-06
9.35831629e-07
7.97606313e-07
9.140514783e-07
6.918238061e-07
3.761617711e-07
3.186242279e-07
1.9647825e-07
1.364190254e-07
9.682012991e-08
1.074081364e-07
9.117984925e-08
6.237009854e-08
8.405613512e-08
9.508498947e-08
9.828431898e-08
1.44078508e-07
2.56634345e-07
4.301709399e-07
4.572554065e-07
7.735347955e-07
1.204190942e-06
1.301513054e-06
2.388409599e-06
4.41826427e-06
3.880219761e-06
4.992892652e-06
7.789933416e-06
5.656673087e-06
6.1335748e-06
6.327639405e-06
6.468947335e-06
6.426563e-06
4.820557394e-06
1.28933418e-05
8.500790424e-06
6.32395697e-06
5.105785719e-06
3.259730258e-06
2.253003644e-06
2.449662397e-06
2.184024238e-06
1.657845154e-06
2.183069836e-06
2.318294261e-06
1.984704745e-06
2.541360297e-06
2.90853043e-06
2.534004409e-06
3.772830816e-06
6.300818015e-06
5.22086741e-06
1.153975219e-05
1.617462139e-05
1.671306611e-05
2.233740716e-05
2.858436053e-05
3.401905269e-05
3.218699882e-05
3.099145532e-05
3.75275316e-05
2.538830473e-05
1.786910241e-05
2.265155474e-05
1.181487141e-05
1.521866517e-05
2.613340977e-05
3.034629155e-05
3.67537108e-05
3.220417741e-05
3.184769718e-05
2.200249202e-05
1.217479246e-05
3.320888647e-05
4.218968653e-05
4.77036642e-05
2.166695545e-05
5.058178162e-06
1.234603354e-05
1.684255044e-06
1.602961129e-06
1.233053474e-06
2.147814041e-06
2.519003446e-06
1.212723805e-06
2.30537388e-06
1.388991873e-06
5.775054194e-07
8.395019814e-07
6.048156586e-07
2.286053468e-07
4.714363383e-07
3.810872442e-07
1.535054899e-07
3.194103111e-07
2.822500911e-07
1.353061537e-07
2.714401007e-07
2.953579041e-07
2.184290701e-07
3.683730432e-07
5.101673084e-07
5.564574434e-07
7.515363707e-07
1.149697197e-06
1.509789978e-06
1.74860786e-06
2.556380481e-06
3.365795478e-06
3.62144025e-06
5.064836003e-06
5.554188441e-06
2.683030431e-05
1.769352526e-05
1.190322946e-05
1.09429545e-05
7.183594442e-06
4.735850022e-06
5.288653756e-06
4.350964921e-06
2.992402982e-06
3.940997439e-06
3.900355475e-06
2.892726691e-06
4.23044007e-06
5.160179423e-06
3.75302071e-06
7.409189984e-06
1.210266925e-05
8.718230777e-06
1.826403813e-05
2.243311313e-05
1.841561275e-05
2.666716514e-05
2.936503465e-05
2.748652209e-05
2.802209601e-05
2.187899365e-05
2.492453419e-05
1.375309794e-05
7.386685375e-06
1.163535075e-05
3.849838237e-06
2.677991588e-06
6.326137346e-06
7.766341268e-06
2.285879066e-05
3.311705675e-05
3.64824165e-05
3.986153196e-05
3.289782519e-05
1.267542865e-05
8.485099357e-06
2.344297655e-05
2.889862741e-06
3.697099921e-06
2.185362207e-06
7.367593462e-05
0.0001956777241
5.628665285e-06
0.0002088371837
0.0001986762566
2.1707498e-05
0.0001645998096
0.0001213836884
2.309033875e-05
9.196190882e-05
6.975156785e-05
8.803389589e-06
5.150854967e-05
3.594833147e-05
2.991747918e-06
2.339349639e-05
1.419221621e-05
1.370008485e-06
8.161948861e-06
4.723953893e-06
8.408301973e-07
3.003235724e-06
2.212909251e-06
7.752440555e-07
1.916586946e-06
1.942275199e-06
1.178286568e-06
2.250594049e-06
2.878053298e-06
2.326914943e-06
3.937139282e-06
5.636237403e-06
4.901876626e-06
4.303635867e-05
3.72074181e-05
2.6840382e-05
2.637619991e-05
1.822772787e-05
1.152528675e-05
1.316282002e-05
1.018495951e-05
6.676615464e-06
8.444386101e-06
7.521459314e-06
5.509329181e-06
7.374110513e-06
8.405147614e-06
6.942941233e-06
1.164142986e-05
1.802536388e-05
1.563402196e-05
2.587289068e-05
3.208227425e-05
2.738545104e-05
3.647063845e-05
3.698641922e-05
3.282378646e-05
3.175121381e-05
2.178319965e-05
2.114773266e-05
1.175476061e-05
5.524988711e-06
5.633161151e-06
2.727050893e-06
1.33081537e-06
1.534349002e-06
9.865970434e-07
3.562251524e-06
1.098919099e-05
1.533421291e-05
3.470830093e-05
3.981740225e-05
6.658073625e-06
4.383937653e-05
2.979550396e-06
0.0001916437458
0.0003226966838
7.922738598e-05
0.0004556569875
0.0004557832258
0.0002941931961
0.0003245569998
0.0002254121933
0.0001912339919
0.0001841862121
0.0001239649597
8.082511627e-05
8.059744633e-05
5.832744493e-05
4.336672914e-05
4.673523102e-05
4.090941388e-05
3.264913572e-05
3.637432489e-05
3.190078981e-05
2.174179408e-05
2.721452049e-05
2.26530489e-05
1.184026265e-05
1.867085001e-05
1.558537154e-05
6.524888785e-06
1.352900924e-05
1.251791745e-05
4.878795721e-06
1.253400351e-05
1.360054115e-05
5.686387573e-06
1.587677609e-05
2.151822635e-05
9.38381946e-06
2.734311998e-05
2.30127345e-05
2.435365876e-05
1.793878788e-05
1.359647044e-05
1.358815134e-05
1.037376361e-05
8.254226824e-06
8.864983914e-06
7.262550666e-06
7.629680394e-06
8.656690375e-06
9.9437865e-06
1.518125943e-05
1.797964959e-05
2.368377705e-05
3.372810263e-05
3.483050449e-05
4.211138988e-05
4.442039239e-05
4.115407111e-05
3.833605425e-05
2.65823724e-05
2.352607822e-05
1.544918816e-05
8.613279401e-06
6.526496647e-06
5.017947879e-06
2.819133609e-06
1.744079102e-06
1.744998737e-06
2.797412364e-06
1.49594414e-06
1.281431068e-05
6.249624158e-05
3.627885784e-05
0.0001687616009
0.0002595485264
0.0001837751795
0.0003513085775
0.0003757833125
0.0004187391016
0.0002734697597
0.0001684674334
0.0003007381523
0.0001190205166
9.820684998e-05
0.0001423379967
9.164933501e-05
8.759895484e-05
8.259202583e-05
8.466564058e-05
7.844871489e-05
5.905393797e-05
6.594428644e-05
6.309796286e-05
5.034646215e-05
5.67251842e-05
5.254773808e-05
4.407848238e-05
4.880096224e-05
4.53158645e-05
3.569929387e-05
4.214145388e-05
3.960284599e-05
2.834089879e-05
3.806907499e-05
3.786503193e-05
2.504151332e-05
3.920517324e-05
4.193690591e-05
2.73443358e-05
8.6851629e-06
7.426533588e-06
9.892103436e-06
6.433908658e-06
5.82527314e-06
6.513371806e-06
5.635779662e-06
5.870570902e-06
6.355803755e-06
6.592628985e-06
8.115095239e-06
1.112086018e-05
1.144582318e-05
1.870872186e-05
2.775129629e-05
3.088362525e-05
4.233747318e-05
4.538681092e-05
4.481110794e-05
3.734754593e-05
3.124205316e-05
2.668219136e-05
1.835038179e-05
1.22430612e-05
1.267112029e-05
8.692720592e-06
4.826916703e-06
6.825991292e-06
8.877935907e-06
5.160674131e-06
2.051530158e-05
5.349540916e-05
6.512259659e-05
0.0001114170544
0.0001387712341
0.0002235867894
0.0001066030244
8.146202917e-05
0.0001768252668
3.607338463e-05
2.323692735e-05
6.925078933e-05
3.33694773e-05
5.094630704e-05
6.852497489e-05
5.456455085e-05
5.765598581e-05
8.167027842e-05
6.137918177e-05
6.387784299e-05
8.821860467e-05
6.318923846e-05
5.98575536e-05
7.917699001e-05
4.703535273e-05
4.718465619e-05
5.818723525e-05
4.157211482e-05
3.902744221e-05
4.770557757e-05
3.797710769e-05
3.789704823e-05
4.385840417e-05
3.860298211e-05
3.991128816e-05
4.421032628e-05
1.262284155e-05
1.176376916e-05
8.424300063e-06
1.094306219e-05
9.911517957e-06
7.003766943e-06
8.90355302e-06
8.123502038e-06
6.515863606e-06
7.544749922e-06
7.107601813e-06
7.024719245e-06
6.903641219e-06
7.554182299e-06
1.120873254e-05
1.160261897e-05
2.355972433e-05
3.440560771e-05
3.924739377e-05
4.68392334e-05
4.354091375e-05
4.515114235e-05
4.01372488e-05
2.786395495e-05
3.492589216e-05
3.030182798e-05
1.643465714e-05
2.832080406e-05
3.20676866e-05
1.663917084e-05
4.293696423e-05
5.549527417e-05
4.857118109e-05
3.745477394e-05
3.721093204e-05
7.102582225e-05
2.196222126e-05
7.40468636e-06
3.649961831e-05
5.468957449e-07
2.382024879e-07
8.25603498e-06
1.318595682e-06
4.516453686e-05
4.219490233e-05
3.075849649e-05
3.000611619e-05
3.900615425e-05
3.272077225e-05
3.6499636e-05
4.487069523e-05
3.845291994e-05
3.742031975e-05
4.264654259e-05
3.281311053e-05
2.538091703e-05
3.086900627e-05
1.861263119e-05
1.160164314e-05
2.61228501e-05
1.393575923e-05
1.46439185e-05
2.575708141e-05
1.509628681e-05
1.466263484e-05
2.776362168e-05
1.814511994e-05
1.778128519e-05
1.400286989e-05
1.523412173e-05
1.217969704e-05
1.024627736e-05
9.456481043e-06
7.322873516e-06
7.383134656e-06
6.024201533e-06
5.849258665e-06
6.262260198e-06
6.963684881e-06
1.019011033e-05
1.45492357e-05
1.920075883e-05
3.40266018e-05
4.382689864e-05
4.646242694e-05
5.390978513e-05
5.103561551e-05
5.932067906e-05
6.447887701e-05
4.909745208e-05
7.043131455e-05
7.850811965e-05
5.556756447e-05
8.617555677e-05
8.15701708e-05
7.030827646e-05
1.97339717e-05
1.929706811e-05
2.486085206e-05
4.509692302e-06
1.360188957e-06
2.04829548e-06
7.054732399e-07
5.791097912e-07
4.060149129e-07
1.216510963e-06
1.186021231e-05
2.797711764e-05
2.320358401e-05
1.654224679e-05
2.292177252e-05
1.841988489e-05
2.31477795e-05
2.992270601e-05
2.810792535e-05
3.190515003e-05
3.436470347e-05
3.256672091e-05
2.757975412e-05
2.3736704e-05
1.556212965e-05
1.787435666e-06
4.373897633e-06
4.470088101e-06
5.523801322e-06
8.291766748e-06
8.904822968e-06
6.328694131e-06
6.89580514e-06
5.340439225e-06
6.202707503e-06
5.859378292e-06
8.555286038e-06
1.068876872e-05
9.457437604e-06
1.184928737e-05
1.489894212e-05
2.236814893e-05
2.197467452e-05
3.035722325e-05
4.535051426e-05
3.830142522e-05
4.795532337e-05
6.496740739e-05
6.03553532e-05
7.024562928e-05
8.586961089e-05
7.14590745e-05
5.447458239e-05
7.605519708e-05
1.731743197e-05
1.058061324e-05
1.476278606e-05
2.620178206e-06
1.090240638e-06
1.17658233e-06
8.190045671e-07
8.35153311e-07
7.288103293e-07
1.457835156e-06
8.384695797e-06
1.069498875e-05
2.079098547e-05
5.351869551e-06
1.097747869e-05
5.861820234e-06
8.937439775e-06
1.605450124e-05
1.35411766e-05
2.035205053e-05
2.795854694e-05
2.964725021e-05
4.007680314e-05
3.455760466e-05
5.114714749e-06
7.76246978e-06
6.838247165e-06
1.294184818e-05
1.698301401e-05
1.320814261e-05
1.666772658e-05
1.401527772e-05
1.269613048e-05
1.267673779e-05
1.318012252e-05
1.83194771e-05
1.366182577e-05
1.339951861e-05
2.594233006e-05
1.366455808e-05
1.930101129e-05
4.154145144e-05
2.505193115e-05
2.537059645e-05
3.430143485e-05
1.946523005e-05
5.571843726e-06
7.454421924e-06
2.028673596e-06
9.681412185e-07
1.028104829e-06
4.398819284e-07
3.580338188e-07
7.822850054e-07
6.530245601e-07
2.922438875e-06
7.886950427e-06
1.240546932e-05
1.153425465e-06
1.354794029e-06
2.457877124e-12
1.746241536e-12
3.153461326e-06
3.667076536e-12
1.459072632e-07
9.588322299e-06
1.914698551e-05
1.663251093e-05
1.320541013e-05
1.490282955e-05
1.250064984e-05
1.061116113e-05
8.52037378e-06
1.06085347e-05
1.125359591e-05
1.818724653e-05
2.395741476e-05
2.345377934e-05
2.228509002e-05
3.67881184e-06
4.449294533e-06
1.595834143e-06
8.123976453e-07
8.611476739e-07
6.824897085e-07
3.536115292e-07
2.331187633e-07
4.186188352e-07
1.043830139e-06
1.322205102e-06
)
;

boundaryField
{
    dominio_ascii
    {
        type            zeroGradient;
    }
    wallFilmFaces_top
    {
        type            zeroGradient;
    }
    region0_to_wallFilmRegion_wallFilmFaces
    {
        type            zeroGradient;
    }
}


// ************************************************************************* //
