/*--------------------------------*- C++ -*----------------------------------*\
| =========                 |                                                 |
| \\      /  F ield         | OpenFOAM: The Open Source CFD Toolbox           |
|  \\    /   O peration     | Version:  2.1.x                                 |
|   \\  /    A nd           | Web:      www.OpenFOAM.org                      |
|    \\/     M anipulation  |                                                 |
\*---------------------------------------------------------------------------*/
FoamFile
{
    version     2.0;
    format      ascii;
    class       surfaceScalarField;
    location    "1.2";
    object      phi;
}
// * * * * * * * * * * * * * * * * * * * * * * * * * * * * * * * * * * * * * //

dimensions      [1 1 -1 0 0 0 0];

internalField   nonuniform List<scalar> 
5536
(
8.393097385e-11
-3.524831548e-10
3.673946451e-11
-4.798461653e-11
-3.26558323e-10
7.316814916e-11
-1.191294642e-10
-5.979926924e-10
1.595022764e-10
-1.841506577e-10
-6.180540754e-10
2.056880967e-10
-3.041025388e-10
-1.42755357e-09
-8.454919666e-10
-4.037996127e-10
3.884537655e-10
-1.221489405e-09
-2.969224695e-10
1.610230176e-09
4.919650001e-10
-1.255897743e-09
-3.74895316e-10
1.035824987e-09
2.468232871e-10
-7.53359531e-10
-1.313604303e-10
3.074544841e-10
4.366987669e-11
-2.607759471e-10
3.263336959e-11
3.477057166e-10
-4.248992031e-11
-3.976871042e-10
8.840605957e-11
7.721063227e-10
-2.033101848e-10
-1.112195875e-09
2.922795065e-10
7.080523042e-10
-3.205531411e-10
-8.596266536e-10
3.159637797e-10
1.063261571e-09
-3.405529177e-10
-1.000880334e-09
4.674966889e-10
1.97361242e-09
-5.613347688e-10
-2.556997415e-09
5.207574279e-10
3.422453119e-10
-2.938393491e-10
1.34978655e-11
-1.845604692e-10
-3.930280942e-11
-8.181618488e-11
4.035894103e-11
-5.866955661e-10
-4.798781104e-10
7.391224575e-10
4.578084753e-10
-6.248441164e-10
-4.949613459e-10
8.222783789e-10
5.072181147e-10
-7.897935718e-10
-5.244840353e-10
1.148186458e-09
5.179223223e-10
-9.945251653e-10
-4.448807011e-10
9.873849648e-10
3.336509687e-10
-8.474511698e-10
-2.341947795e-10
6.330263388e-10
1.560688994e-10
-6.022233255e-10
-8.978846246e-11
2.505646088e-10
3.202105983e-11
-2.640763233e-10
1.747247056e-11
5.015557448e-10
-4.12513931e-11
-7.232791267e-10
1.260658499e-10
1.756671541e-09
-4.542143516e-10
-2.742619946e-09
6.618652174e-10
1.098063436e-09
-6.523611779e-10
-1.426580624e-09
5.435292331e-10
9.859166815e-10
-4.58719825e-10
-1.009679722e-09
4.308555645e-10
3.454081087e-09
-3.135969048e-10
-3.951219232e-09
5.131927668e-10
4.169507181e-10
-2.923764059e-10
-7.221050695e-10
1.017673336e-10
7.65404454e-11
-5.304582555e-11
-1.028044193e-10
3.953739031e-11
6.341042001e-11
-4.801786041e-11
-1.085264072e-10
6.544246012e-11
-1.189922381e-10
7.183233325e-11
-7.488758284e-11
4.178671821e-10
-4.497997978e-10
-4.242929165e-10
5.048025813e-10
4.277740518e-10
-4.817809779e-10
-4.329613893e-10
5.775966138e-10
4.422606008e-10
-5.480371631e-10
-4.521752356e-10
7.195382918e-10
4.602843259e-10
-6.676541272e-10
-4.576743385e-10
8.762187345e-10
4.327190621e-10
-8.199308302e-10
-3.812914012e-10
8.015950818e-10
3.150449371e-10
-8.048511401e-10
-2.454989381e-10
6.114738771e-10
1.73856055e-10
-6.428930032e-10
-1.015768198e-10
2.942265197e-10
3.801524392e-11
-3.428878842e-10
1.430256723e-11
1.212791367e-09
-4.859199841e-11
-2.089284254e-09
2.415535649e-10
3.750909255e-09
-7.46382243e-10
-4.296753086e-09
1.116804863e-09
1.76515548e-09
-1.084087929e-09
-1.954636077e-09
8.15782144e-10
1.071037137e-09
-5.712035511e-10
-1.186229419e-09
3.778204274e-10
3.735187147e-09
-1.692992316e-10
-3.0843769e-09
3.798314339e-10
1.153490578e-09
-4.501062967e-10
-1.454500821e-09
2.563257048e-10
1.58672878e-10
-1.264251052e-10
-2.35828308e-10
1.285797749e-10
1.71480258e-10
-1.560496319e-10
-2.284449572e-10
1.79336491e-10
1.602761872e-10
-1.796422496e-10
-1.838950911e-10
1.498959325e-10
7.332415047e-11
-7.974126326e-11
6.484577504e-11
-1.057687516e-10
-4.985100996e-11
-5.92997632e-11
4.232586387e-10
4.382055936e-10
-4.116209081e-10
-4.191971008e-10
4.423132674e-10
4.247549498e-10
-4.469208639e-10
-4.310800147e-10
4.803818493e-10
4.325941775e-10
-4.851441939e-10
-4.328646953e-10
5.375641714e-10
4.339692041e-10
-5.349094323e-10
-4.371354154e-10
6.455902655e-10
4.429365239e-10
-6.372238776e-10
-4.497439095e-10
8.028697953e-10
4.499210294e-10
-7.964823074e-10
-4.315528279e-10
8.274494245e-10
3.887509156e-10
-8.551478333e-10
-3.251195824e-10
6.9402667e-10
2.451068602e-10
-7.614710658e-10
-1.5478796e-10
4.145748848e-10
6.707748517e-11
-5.152826127e-10
1.211708353e-11
2.990751527e-09
-7.52048135e-11
-3.256027368e-09
2.424448611e-10
4.189742561e-09
-5.116063691e-10
-3.598303701e-09
9.232108811e-10
1.898160152e-09
-1.001534893e-09
-1.655968243e-09
7.091158351e-10
1.376931836e-09
-3.85349677e-10
-1.572334834e-09
9.130687049e-11
2.326710251e-09
-7.018783558e-12
-1.664755319e-09
2.048131766e-10
1.44815252e-09
-3.229367872e-10
-1.206763481e-09
2.817590642e-10
3.048442035e-10
-2.415442452e-10
-3.261081687e-10
2.526575139e-10
2.549505987e-10
-2.395278529e-10
-2.355773133e-10
2.262670722e-10
1.758926161e-10
-1.870275846e-10
-1.392498835e-10
1.340568687e-10
7.595430169e-11
-8.904048325e-11
-6.857260643e-11
6.037364965e-11
4.662288444e-11
-4.616537954e-11
-4.410302151e-11
4.494301964e-11
-4.790953847e-11
-6.726695807e-11
4.677877083e-10
5.599330199e-10
-4.468895148e-10
-4.671437322e-10
4.111358543e-10
4.50287971e-10
-4.107057756e-10
-4.579368437e-10
4.526797421e-10
4.684566555e-10
-4.541213053e-10
-4.718007628e-10
4.861806845e-10
4.679119561e-10
-4.800018293e-10
-4.621928876e-10
5.285987419e-10
4.602916258e-10
-5.14636977e-10
-4.65951163e-10
6.262805677e-10
4.810843389e-10
-6.077049982e-10
-5.041031332e-10
7.861840433e-10
5.258502046e-10
-7.715021589e-10
-5.296894903e-10
8.808950495e-10
5.041065987e-10
-8.940485112e-10
-4.478792033e-10
8.266702112e-10
3.650534472e-10
-8.575012073e-10
-2.636365713e-10
6.416474147e-10
1.587678282e-10
-7.17556964e-10
-7.134823156e-11
2.690768378e-09
-3.344118893e-11
-1.68862996e-09
2.669995628e-11
2.813756824e-09
-1.389942959e-10
-2.037769296e-09
4.593852718e-10
1.372573612e-09
-6.498115987e-10
-1.188490317e-09
2.640957833e-10
1.511377094e-09
9.852644152e-12
-1.114920814e-09
-1.363881304e-10
1.15458156e-09
2.361182786e-11
-7.688282314e-10
9.939214211e-11
8.873147597e-10
-1.763332154e-10
-5.937637335e-10
1.709691107e-10
3.126697018e-10
-1.442207128e-10
-2.545313619e-10
1.50254959e-10
1.781246959e-10
-1.419689041e-10
-1.215552375e-10
1.133144979e-10
9.788441588e-11
-8.629745895e-11
-8.089612015e-11
7.625096335e-11
6.637118177e-11
-7.857422074e-11
-7.126156709e-11
8.413593602e-11
5.177993588e-11
-8.961404352e-11
-6.050291934e-11
9.358119332e-11
4.698798174e-11
-9.601017788e-11
-5.170469088e-11
9.897308445e-11
-6.235351834e-11
-1.189135297e-10
5.839493563e-10
-5.365869207e-10
-6.193378811e-10
5.22690749e-10
4.330751122e-10
-4.143105017e-10
-4.792373731e-10
4.061780502e-10
4.788773337e-10
-3.947159963e-10
-4.96123821e-10
4.497245415e-10
5.08269224e-10
-4.395911483e-10
-5.066166581e-10
4.679966312e-10
4.959655262e-10
-4.534594152e-10
-4.86854067e-10
4.953821938e-10
4.883921078e-10
-4.757224957e-10
-5.061827337e-10
5.856449711e-10
5.420919044e-10
-5.663484124e-10
-5.915999142e-10
7.559530245e-10
6.374662005e-10
-7.362543434e-10
-6.522748982e-10
8.766331901e-10
6.178292854e-10
-8.225160726e-10
-5.435985132e-10
8.709907892e-10
4.602477198e-10
-1.099501993e-09
-3.542905118e-10
6.417609144e-10
1.999880704e-10
-4.524060199e-10
-1.364400848e-10
8.439135327e-10
6.781861856e-11
-3.671509999e-10
-1.741088342e-11
1.351679581e-09
-1.86105463e-11
-7.943813342e-10
2.078526531e-10
1.302814231e-09
-3.322626644e-10
-1.974086844e-09
-9.1893657e-11
7.266384767e-10
1.508876359e-10
-4.633348968e-10
-7.501619388e-11
4.86442261e-10
1.496611602e-11
-2.877783244e-10
4.55654815e-11
3.625958167e-10
-8.47406431e-11
-1.953288373e-10
8.327721185e-11
1.350242715e-10
-6.592037193e-11
-6.68788074e-11
4.68926926e-11
1.159098587e-10
-3.660802357e-11
-1.335417212e-10
8.008103889e-11
9.083994497e-11
-1.059741448e-10
-1.114920311e-10
1.345542445e-10
7.58218354e-11
-1.472052404e-10
-7.176151024e-11
1.516768226e-10
6.057764984e-11
-1.516101193e-10
-5.145636489e-11
1.485517748e-10
4.958679336e-11
-1.433375113e-10
-4.044803556e-11
1.365443451e-10
7.736147425e-11
-6.684769909e-11
5.295327359e-11
-1.271189439e-10
-3.967274325e-10
-6.57442035e-10
4.731409509e-10
5.914026049e-10
-3.940096561e-10
-5.379395873e-10
3.862029869e-10
4.868428961e-10
-3.496993061e-10
-4.632333859e-10
3.746296117e-10
4.747723868e-10
-3.451416812e-10
-5.050328513e-10
4.242135033e-10
5.307375473e-10
-4.039849765e-10
-5.404843067e-10
4.400332544e-10
5.395431413e-10
-4.309863653e-10
-5.430148728e-10
4.598486595e-10
5.658277777e-10
-4.501366705e-10
-6.149947119e-10
5.521949844e-10
6.854661603e-10
-5.415176774e-10
-7.543237698e-10
7.02666717e-10
7.815433441e-10
-6.5086855e-10
-7.422059285e-10
7.631610834e-10
6.699771807e-10
-7.274375913e-10
-6.531100619e-10
2.027159105e-09
7.49139432e-10
-3.377998208e-09
-4.71306155e-10
3.525793271e-10
5.982429598e-11
-8.11920648e-10
-5.501633671e-11
1.426579638e-10
2.360918164e-11
-5.653512786e-11
-5.91712989e-12
4.003502988e-10
-1.73563076e-12
-1.686500343e-10
8.491910882e-11
2.60079914e-09
-3.976969402e-10
-2.377081478e-09
3.477053771e-11
3.458158045e-10
7.537953265e-11
-4.465578447e-10
-2.887861687e-11
1.550754982e-10
6.62806946e-12
-7.506117547e-11
1.755095237e-11
8.668552002e-11
-3.078375404e-11
-2.913791231e-11
2.739766693e-11
2.722885891e-11
-1.788635428e-11
-9.331402575e-12
1.103143376e-11
2.148559597e-10
-1.063876088e-11
-3.451829217e-10
1.489391443e-10
1.043280392e-10
-2.169995275e-10
-7.443159619e-11
1.991517704e-10
5.425124505e-11
-1.768482882e-10
-2.720372023e-11
1.586288438e-10
3.589809422e-11
-1.443454928e-10
-1.758311883e-11
1.332072007e-10
2.878217199e-11
-1.247385915e-10
-1.733019342e-11
1.193462938e-10
3.663028706e-11
-1.194583492e-10
-3.753111576e-11
1.225031661e-10
1.121155056e-08
-1.989243104e-10
-3.376722835e-09
-9.318262023e-11
3.154259365e-10
5.118079943e-10
-2.781814043e-10
-4.309282754e-10
3.204810368e-10
4.171451962e-10
-2.568191744e-10
-4.082707025e-10
3.048447335e-10
3.968395741e-10
-2.540628083e-10
-3.926350379e-10
3.067901284e-10
4.133779884e-10
-2.63559281e-10
-4.642737824e-10
3.79483253e-10
5.328324877e-10
-3.546385327e-10
-6.01826239e-10
4.296141406e-10
6.634092394e-10
-4.410816189e-10
-7.260257281e-10
4.488377882e-10
8.045865846e-10
-4.615512098e-10
-8.950412813e-10
5.322509073e-10
9.61952729e-10
-5.220014877e-10
-9.589332793e-10
5.864832086e-10
8.750080628e-10
-5.137852745e-10
-7.563860375e-10
6.726630052e-10
6.56903742e-10
-5.508995046e-10
-5.518023342e-10
3.805922051e-09
3.504590405e-10
-3.022584382e-09
5.281513961e-10
3.83106321e-09
-3.418209752e-10
-1.378345598e-08
-2.65634893e-10
3.618883775e-11
1.103141438e-11
-3.587513511e-11
-4.778587564e-12
5.897732827e-11
-7.175432143e-13
-1.972729046e-11
1.933585655e-11
1.50514781e-09
-1.740296391e-10
-7.249014288e-10
5.187090965e-10
8.987871654e-10
-1.38528846e-10
-1.82547964e-09
-8.887598722e-12
3.513109151e-11
2.4256884e-12
-2.108184729e-11
4.965351145e-12
7.500376169e-12
-6.421948914e-12
-2.577097571e-12
5.187058091e-12
2.951062658e-12
-3.817592888e-12
-8.176571754e-13
2.809227923e-12
5.147693123e-10
-8.603457817e-12
-5.841494379e-10
1.082741189e-10
3.429999345e-11
-1.095217683e-10
-6.732086881e-12
1.075922461e-10
-5.7262849e-12
-9.517204048e-11
2.92014439e-11
8.154656489e-11
-2.820785553e-12
-6.927195608e-11
1.977377231e-11
5.92698168e-11
5.577071742e-12
-5.215457219e-11
6.65235804e-12
4.898529751e-11
3.373375851e-11
-5.893338174e-11
-2.801373574e-11
1.158742663e-10
-7.780948381e-09
-1.527031129e-10
-8.979987063e-11
-1.374158583e-09
-2.159234203e-09
-6.343831591e-10
-1.679862513e-10
-3.80499484e-10
3.304533199e-10
2.259893379e-10
-1.787963141e-10
-3.105966286e-10
2.080800417e-10
2.915986259e-10
-1.721836152e-10
-2.800203756e-10
2.045060901e-10
2.777096858e-10
-1.688190412e-10
-2.871577131e-10
2.290366427e-10
3.220077042e-10
-2.445086832e-10
-4.047976865e-10
3.487562658e-10
5.516888628e-10
-4.304008738e-10
-7.626973576e-10
4.783098443e-10
1.007357706e-09
-5.701487077e-10
-1.220244635e-09
4.963686154e-10
1.340638912e-09
-5.438777004e-10
-1.343845589e-09
5.012710603e-10
1.235058509e-09
-4.500464944e-10
-1.048685776e-09
4.294405547e-10
8.363776862e-10
-3.302092539e-10
-6.312296499e-10
3.91980079e-10
4.271615219e-10
-2.584535736e-10
-2.210657451e-10
2.295239027e-09
8.922435229e-11
-3.448535949e-09
3.900866861e-10
3.0399807e-08
-4.762620088e-10
-4.552026526e-08
-2.718106522e-09
4.053009754e-11
2.424364332e-11
-4.936566337e-11
-1.233755107e-11
1.06978996e-11
-3.98876253e-13
-1.22447748e-11
5.712103727e-12
3.028378139e-10
-5.091199225e-11
-1.889189783e-10
2.427506759e-10
2.737186371e-09
-6.652222758e-10
-2.914020332e-09
1.078804307e-10
2.337242366e-11
9.373438016e-12
-5.484271718e-11
-3.892360748e-12
4.264148583e-13
-7.717656748e-12
1.804028848e-12
1.247871853e-12
1.658486865e-13
-3.0594797e-13
1.33976941e-14
9.085803192e-14
4.244316498e-10
-3.394077232e-12
-2.647395049e-10
-1.529349649e-11
1.013371073e-11
-1.750915852e-11
-9.550754381e-12
6.334803499e-11
-3.563792925e-11
-1.587780008e-10
-5.759541102e-13
2.970889897e-10
-3.770457666e-11
-4.76219194e-10
-3.708102377e-13
7.035272978e-10
-3.297822627e-11
-9.955454094e-10
-3.418667292e-13
1.371148042e-09
-3.823947178e-11
-1.830642701e-09
-2.004852405e-13
2.281955814e-09
2.653413215e-09
-2.62082129e-09
-9.834511649e-09
3.187011242e-09
1.159290383e-09
-3.081513891e-10
2.707456784e-10
-1.326993986e-09
1.312349476e-10
-1.022227159e-10
-2.345709953e-10
2.40346336e-10
1.427740149e-10
-1.32188996e-10
-2.361660245e-10
1.470777477e-10
2.270257388e-10
-1.516778098e-10
-2.221556201e-10
1.740817304e-10
2.556408397e-10
-3.400373652e-10
-3.948076897e-10
4.247411486e-10
6.969309202e-10
-9.078166896e-10
-1.110806219e-09
7.215901124e-10
1.482098164e-09
-1.113566145e-09
-1.736586647e-09
7.385311045e-10
1.879204766e-09
-9.442632541e-10
-1.89422203e-09
5.661761414e-10
1.755981073e-09
-5.899749116e-10
-1.490279121e-09
3.59051379e-10
1.175475275e-09
-2.680454104e-10
-8.809640043e-10
2.243231574e-10
6.298063856e-10
-1.3804082e-10
-4.24251138e-10
2.469290444e-10
3.639130558e-10
-1.108896558e-09
-1.023205075e-09
9.57822076e-09
3.353680016e-09
-1.830737107e-08
-7.505749842e-09
4.819250354e-08
1.192815965e-08
-3.717361814e-08
-2.550478688e-09
6.121893721e-11
4.189898712e-11
-7.187689666e-11
-3.51870165e-11
2.077608949e-11
2.333570028e-12
-4.712909269e-11
2.382328048e-11
5.969058695e-10
-1.045030307e-10
-2.959792886e-09
6.213510799e-10
2.205013916e-09
-7.823649324e-10
-1.98076907e-09
4.886881876e-10
1.07693396e-10
5.373773455e-11
-2.758043745e-11
-1.184556586e-10
8.180415858e-10
-4.851472088e-10
-2.984353882e-09
1.831310712e-09
7.417744118e-10
-2.080807473e-09
-4.772770431e-09
1.258728614e-09
2.381648051e-10
-4.504186871e-10
-1.47669046e-09
-6.749501478e-12
3.736653474e-12
1.428040881e-12
-4.181075972e-11
-2.524401364e-13
1.286795595e-12
-1.343906082e-13
-9.677309846e-12
6.698642791e-13
1.974248947e-13
-3.711646779e-13
-7.304194795e-13
1.530267601e-13
7.596923082e-14
-8.58285649e-14
-8.506489469e-14
7.719760728e-14
2.607219469e-13
-1.630494254e-13
-3.272216444e-12
9.777806915e-13
2.220515642e-08
-2.663811217e-11
-2.629288071e-08
4.382318533e-09
2.013540368e-09
-2.742928476e-09
2.416260703e-09
-3.939651161e-09
1.474486347e-10
2.856587711e-10
-2.988772968e-10
-3.811478934e-10
2.432536739e-10
4.918652306e-10
-8.708324605e-10
-6.429358407e-10
3.847083756e-10
1.035259779e-09
-1.444235582e-09
-1.850907333e-09
9.839927861e-10
2.821129266e-09
-1.665653992e-09
-3.494545698e-09
1.347664664e-09
3.607104408e-09
-1.179784665e-09
-3.345823954e-09
1.159733992e-09
3.058384479e-09
-7.850166868e-10
-2.950230298e-09
9.762650256e-10
3.024019947e-09
-6.801307531e-10
-3.127452038e-09
6.651039212e-10
3.030242867e-09
-6.50882608e-10
-2.581285242e-09
2.649409521e-10
1.863441281e-09
-4.40375029e-10
-1.159817066e-09
1.3939711e-10
8.417554742e-10
-8.914906916e-10
-1.955961754e-09
5.94563517e-09
6.779516563e-09
-1.273303854e-08
-1.247135705e-08
2.08979925e-08
1.464859463e-08
-1.499487603e-08
-1.427002165e-08
2.069182079e-08
1.002139406e-08
-8.0950673e-09
-1.104573743e-09
7.070355564e-11
8.45534581e-11
-4.710955338e-12
-1.570056963e-10
1.412771459e-10
1.431946869e-10
-4.826463648e-10
1.151758238e-10
6.501923813e-09
-2.628596216e-10
-7.112898822e-09
2.325602577e-09
4.195489089e-09
-3.692682089e-09
-1.289603496e-08
-3.264175477e-11
3.574571915e-11
3.377981422e-11
-2.88397812e-10
1.72702462e-11
2.246463418e-09
-7.378467201e-10
-2.045614872e-09
1.980302283e-09
5.544217056e-09
-3.823182781e-09
-3.756078688e-09
5.833263687e-09
5.440846743e-09
-7.063763834e-09
-6.193962172e-09
6.204672039e-09
4.958457425e-10
-1.43753815e-09
-3.178631003e-09
-3.777059134e-11
6.101980013e-11
-7.016744638e-12
-3.295649518e-10
3.573899622e-11
3.034594995e-12
-1.270561298e-11
-1.107559703e-11
2.944630184e-12
1.419053254e-13
-5.791020023e-13
-5.582329453e-13
1.737205943e-13
4.814907535e-11
-7.82949637e-12
-6.156044627e-10
1.900884784e-10
2.225091244e-08
-1.027011525e-09
-1.292699734e-08
1.853743113e-09
1.966169931e-09
-1.773841136e-09
-1.385564424e-09
1.249723061e-09
2.045929157e-10
-1.448491392e-10
-9.063244308e-10
1.503505582e-09
8.051503868e-10
-1.916375424e-09
-4.905031594e-09
2.24862976e-09
8.385292404e-09
-2.77572519e-09
-9.965760761e-09
2.280589e-09
9.386652646e-09
-1.621003279e-09
-7.452260676e-09
1.364792066e-09
5.274006103e-09
-7.125428398e-10
-3.505144716e-09
6.719707282e-10
2.289264802e-09
-3.14598066e-10
-1.532949021e-09
3.686264541e-10
1.095682776e-09
-1.654755281e-10
-8.701326062e-10
2.838700228e-10
7.900740983e-10
-1.21195521e-10
-8.159558262e-10
3.208737113e-10
9.265213536e-10
-1.254627028e-10
-1.125897726e-09
4.457631684e-10
1.524370841e-09
-4.027636458e-10
-2.844134228e-09
3.51151134e-09
7.236676325e-09
-4.12822284e-09
-1.377655865e-08
1.170567558e-08
1.507304772e-08
-5.41528171e-09
-1.132229048e-08
6.96506146e-09
7.241750697e-09
-2.253757295e-09
-4.086402344e-09
2.308966569e-09
1.664942759e-09
-5.269137341e-10
-3.24644941e-10
-6.844514733e-11
2.886707918e-10
3.27366779e-11
-1.613328402e-10
1.541650998e-09
-5.200326002e-10
-7.837936138e-09
1.74064371e-09
7.128358549e-09
-1.681418866e-09
-9.752148785e-09
3.046932123e-09
1.959716403e-08
-6.555080992e-09
-1.560716898e-08
8.913285012e-09
2.916658136e-09
-4.766836252e-09
-1.050051648e-08
3.271594953e-09
3.011262192e-09
-3.185812259e-09
-5.332458447e-09
3.189749393e-09
2.692134114e-09
-3.194493026e-09
-2.569908017e-09
3.608808866e-09
4.170668098e-09
-4.749218822e-09
-2.551846969e-09
6.893986601e-09
5.599170139e-09
-9.645554867e-09
-4.462291235e-09
9.678855131e-09
1.392452815e-09
-4.939659782e-09
-2.653185236e-09
1.475276897e-09
2.8515499e-11
-2.906948203e-10
-6.554375838e-12
4.538763305e-11
5.563875624e-12
-5.965048431e-12
-9.007081446e-11
7.040610973e-12
3.765628186e-09
9.951851792e-10
-4.734250401e-09
-3.384673126e-09
4.82105487e-09
5.658629287e-10
-1.310431306e-09
3.839973659e-10
2.172342801e-09
-1.216492757e-09
-2.008439141e-09
7.757818801e-10
-3.092630787e-11
1.401640607e-11
2.974425465e-11
9.073563104e-10
-6.204082656e-10
-7.635790639e-09
1.113457009e-08
2.345180184e-09
-1.49721129e-09
-1.141271597e-08
1.818297241e-09
9.332909854e-09
-9.91315129e-10
-6.598403145e-09
8.391463067e-10
4.292062658e-09
-4.75786729e-10
-2.703625461e-09
3.596617144e-10
1.717801854e-09
-2.434520886e-10
-1.129789931e-09
1.75563853e-10
7.769720015e-10
-1.44403871e-10
-5.589399583e-10
1.036182077e-10
4.194523165e-10
-9.262393873e-11
-3.24883897e-10
7.008855404e-11
2.542918568e-10
-5.274333728e-11
-2.044870567e-10
6.449477852e-11
2.050700505e-10
-1.765022518e-11
-3.397626361e-10
2.947177317e-10
7.585639806e-10
-6.746047731e-12
-1.612484594e-09
1.662346664e-09
2.744291505e-09
-4.806222219e-12
-3.218533012e-09
1.459042354e-09
2.574242031e-09
-6.034776968e-12
-1.656742254e-09
5.502396157e-10
9.701814686e-10
-6.41823268e-11
-5.259836369e-10
1.621543547e-10
2.394457147e-10
-7.785118459e-11
-2.251001955e-10
3.423033927e-10
1.07542817e-10
-2.538991386e-10
1.599215269e-09
1.346180991e-08
-9.209787e-09
-6.793095141e-09
2.59422585e-08
1.287831717e-08
-2.177524567e-08
-7.571321945e-09
8.474357027e-09
8.783612116e-09
-4.486559514e-09
-3.399229269e-09
6.097670092e-09
1.162948834e-08
-9.563484079e-09
-5.634051685e-09
1.201687182e-08
7.56151706e-09
-1.223407975e-08
-6.572708116e-09
1.07086973e-08
2.916861796e-09
-8.159673714e-09
-3.190918122e-09
5.855698426e-09
1.734774651e-09
-4.630703885e-09
-1.377842715e-09
4.57769062e-09
2.668750016e-09
-5.625618372e-09
-1.229240759e-09
7.802397366e-09
2.947763926e-09
-1.003728491e-08
-1.770672206e-09
8.642409515e-09
-4.025495362e-11
-2.659085944e-09
7.768949012e-11
2.014668179e-10
9.560597269e-10
2.346356919e-09
-4.145934587e-11
-7.029605794e-09
2.230897514e-09
4.29269587e-09
-2.477035591e-10
-1.616562945e-09
2.097655086e-10
6.895061178e-11
3.46998505e-11
5.224382322e-11
2.839387969e-09
-2.087469392e-09
-1.268823769e-11
4.400061029e-09
-3.578428022e-12
2.067773781e-11
-1.091612456e-13
-5.208825722e-10
1.351069293e-10
-7.398294014e-12
-1.546961729e-09
2.92334872e-09
6.156892366e-10
-2.965723214e-11
-3.200159414e-09
4.777404349e-10
2.714358854e-09
-7.658751955e-11
-2.153965362e-09
2.983281512e-10
1.747347708e-09
-1.505528356e-10
-1.476945268e-09
2.181679809e-10
1.276374294e-09
-2.188099468e-10
-1.095784151e-09
1.589059922e-10
9.156584272e-10
-1.971022593e-10
-7.404724189e-10
1.073738004e-10
5.812651326e-10
-1.286652321e-10
-4.392513882e-10
6.134792401e-11
3.008531786e-10
-8.820063831e-11
-1.54661945e-10
9.981054095e-12
4.420242439e-11
2.64592623e-13
-1.845883892e-11
3.04793731e-12
1.239900415e-11
5.485156746e-13
-1.103803006e-11
3.310915312e-12
1.176812765e-11
6.781329292e-13
-1.433522443e-11
7.273226747e-12
1.913402258e-11
1.196334934e-12
-2.762044576e-11
8.819058858e-11
4.798205747e-11
3.191071883e-11
-1.563385985e-10
-1.745690421e-11
4.292112497e-10
1.348164222e-09
-6.956163733e-10
-6.14466964e-10
5.262467448e-10
7.533840806e-10
-1.155233494e-10
4.759124645e-09
-1.051456163e-11
-2.538760415e-09
1.660934512e-09
4.095318161e-09
-2.443680312e-09
-1.396421312e-09
1.490834247e-09
1.031371674e-09
-9.494552165e-10
-3.526285203e-10
8.801999388e-10
1.658732916e-09
-1.236801497e-09
-4.576192086e-10
2.07386137e-09
4.275722082e-09
-4.193930723e-09
-1.784750728e-09
9.180163201e-09
3.89577652e-09
-1.623186762e-08
-3.572281732e-09
1.986472355e-08
1.718424684e-09
-1.553698293e-08
-2.507133224e-09
6.97924486e-09
2.271791428e-10
-1.563577207e-09
-4.41203511e-10
2.172797762e-10
5.026267696e-12
-2.706816962e-11
-5.935601471e-12
4.306905623e-12
7.751090919e-13
-2.219406045e-12
-4.143718617e-13
5.232178854e-12
-2.521840217e-11
-4.070278903e-11
2.383660224e-11
1.258963442e-10
-4.399917131e-11
-3.177753491e-10
2.435170096e-10
3.748286494e-10
-3.398842358e-09
-1.93931424e-10
1.356171474e-08
-2.976116469e-11
-7.152526915e-12
1.738160161e-11
9.170842343e-12
-1.210458388e-11
-1.72888801e-12
1.595300489e-12
2.70453031e-12
5.113129967e-12
5.902143538e-12
-3.12420068e-12
-5.644140738e-11
9.576267567e-11
1.967554194e-11
-8.730499269e-12
-1.502175547e-10
4.496510031e-11
2.190003308e-10
-1.859012204e-11
-3.012602434e-10
8.135054931e-11
3.97907407e-10
-3.293476706e-11
-5.127537897e-10
1.200511834e-10
6.527030695e-10
-5.124676715e-11
-8.27771516e-10
1.280276182e-10
1.04461404e-09
-6.805519861e-11
-1.28036953e-09
4.13481575e-11
1.465569936e-09
-5.556960135e-11
-1.550329282e-09
-1.077736896e-10
1.635253528e-09
4.691866547e-10
-1.89454793e-09
-3.504401899e-10
1.89950971e-09
1.082213492e-09
-1.322769502e-09
-1.141325556e-10
7.172750794e-10
4.387100531e-10
-3.730731639e-10
-2.857076352e-11
2.011803634e-10
1.328228361e-10
-1.139302704e-10
-2.593117845e-11
7.421359227e-11
5.723196518e-11
-6.583189456e-11
-1.068523394e-10
7.92403417e-11
8.36848859e-11
-9.697633511e-11
-8.5041037e-10
3.422909462e-11
3.151734454e-10
2.032577853e-10
-1.392571083e-09
-1.088713467e-09
2.727672189e-09
8.715333999e-10
8.050537652e-10
-8.336137937e-10
3.590647889e-10
3.033624065e-10
2.038735005e-10
-1.83757794e-10
7.221255748e-12
1.555681136e-10
1.143579475e-10
-1.414430131e-10
-5.197527142e-11
1.72418769e-10
2.082544289e-10
-2.608427724e-10
-1.291620503e-10
3.962870701e-10
3.978484824e-10
-5.54632489e-10
-4.724995091e-11
9.199850267e-10
8.777667423e-10
-1.688633635e-09
-1.311359267e-11
2.663117401e-09
1.991190791e-10
-2.650913227e-09
6.680894943e-10
1.648810488e-09
4.465940655e-11
-5.36535505e-10
1.403609272e-10
6.543230152e-11
5.587150205e-13
-5.168567046e-12
1.461341259e-12
4.311513963e-13
-5.530762455e-14
-5.221101754e-14
8.527034793e-14
2.62076188e-14
-1.58040514e-10
-1.827271915e-12
4.812099408e-10
-3.738954214e-11
-5.407868322e-10
-6.39244234e-11
7.413404963e-10
5.761009429e-11
-2.899292665e-08
1.609612342e-10
3.704567163e-08
-1.034266243e-11
-1.553021426e-11
-1.831308809e-11
2.825101129e-11
6.694406834e-11
2.733845001e-12
-4.487825735e-12
2.14735156e-10
-1.397616656e-10
1.572194412e-13
2.103161623e-14
-2.763433975e-12
3.484744521e-12
2.72293805e-13
1.332572212e-14
-4.532998933e-12
5.035111978e-13
6.057359116e-12
6.157306008e-14
-8.248606157e-12
9.407719971e-13
1.134375332e-11
2.105146562e-13
-1.563980573e-11
1.68603676e-12
2.153052468e-11
5.28473342e-13
-2.967430596e-11
8.632138986e-12
4.775242026e-11
7.829233098e-12
-1.354649364e-10
3.557493772e-11
3.449928608e-10
3.770497017e-11
-9.295235788e-10
-6.591759437e-10
2.357861425e-09
1.0296823e-09
-4.464963416e-09
-2.205583874e-09
5.76204581e-09
3.747244782e-09
-5.057484778e-09
-1.13702807e-09
3.329716143e-09
2.502288683e-09
-1.923934387e-09
-3.963667945e-10
1.097261697e-09
9.746487258e-10
-6.398497755e-10
-1.55382574e-10
3.763322238e-10
4.182269824e-10
-2.195248841e-10
-8.347520996e-11
1.271794192e-10
1.969410258e-10
-7.258520372e-11
-2.227507701e-10
3.553353063e-11
4.331897168e-10
1.574824948e-10
-4.708763834e-09
1.224480501e-09
7.662210679e-09
-7.468366412e-10
-3.875160682e-10
1.954125375e-11
4.410439917e-10
1.184475559e-10
-2.585152448e-10
-2.916501565e-10
8.647657742e-10
6.049431708e-10
-6.304971536e-10
-1.083429949e-09
2.050820202e-09
1.629995444e-09
-3.348259277e-10
-1.683150054e-09
8.9424473e-10
8.1527207e-10
-3.837061155e-11
-4.296785328e-10
1.27627327e-10
2.65584278e-10
-7.60942096e-11
-1.755530719e-10
1.334956728e-11
2.569282223e-10
-3.387636359e-10
-3.954388796e-10
1.125245255e-10
4.665702771e-10
-2.148785416e-10
-4.509001005e-10
1.068981628e-10
3.808727856e-10
-7.438529147e-11
-3.051640946e-10
6.885199364e-11
2.398827578e-10
-2.482440371e-11
-1.853477293e-10
5.085792335e-11
1.394310389e-10
-5.536534543e-10
-9.40914276e-11
3.566553689e-10
2.09772753e-10
-8.253738963e-10
-1.692949071e-10
1.001962159e-09
1.365947122e-10
-2.623518284e-08
-9.896688648e-12
7.677511241e-09
9.612007365e-10
-1.006969512e-11
-2.201737645e-10
1.418479843e-11
1.495024328e-10
1.099309734e-11
-3.465387834e-12
1.479529058e-10
-1.449607735e-10
-9.019478591e-13
-5.092845318e-11
4.181580546e-11
-4.404481903e-13
7.3719625e-12
-3.991960314e-11
-3.821033723e-13
3.474060982e-11
7.099565845e-12
-2.603748602e-11
-6.279628155e-13
1.544576916e-11
4.822409341e-12
-7.484892284e-12
-1.631773034e-12
6.296852223e-12
7.952703272e-12
-1.34302138e-11
-8.278053711e-12
4.598703184e-11
8.015500838e-11
-1.568232532e-10
-9.710249692e-11
4.160557354e-10
3.637731374e-10
-8.89701327e-10
-1.008238996e-09
1.719072441e-09
9.514114728e-10
-3.323612069e-09
-4.832303873e-09
6.117079686e-09
4.326938631e-09
-8.153086667e-09
-4.607529655e-09
7.802713164e-09
6.68316835e-09
-5.91034443e-09
-2.14013846e-09
3.929805867e-09
4.101693722e-09
-2.467939748e-09
-9.853344551e-10
1.519418948e-09
2.042700418e-09
-9.330138574e-10
-5.091836323e-10
5.82069834e-10
1.071215525e-09
-3.890455009e-10
-7.616499961e-10
3.441611443e-10
1.26933578e-09
-6.96859801e-10
-9.746743586e-09
2.610284565e-09
9.174088118e-09
-1.274285303e-09
-7.423018265e-10
9.84658663e-11
1.387657937e-09
2.857902344e-10
-1.976882692e-09
-8.874770934e-10
3.740995553e-09
1.815396816e-09
-3.604777997e-09
-2.796228872e-09
4.140972318e-09
2.687896378e-09
-8.994621212e-10
-1.523141704e-09
5.574795766e-10
6.231474667e-10
-1.39706074e-10
-2.994544409e-10
9.842222805e-11
1.712641146e-10
2.116746001e-11
-1.27793147e-10
9.307942182e-12
7.507681033e-11
7.275257164e-12
-4.430461036e-11
3.23138587e-12
2.693880657e-11
-1.786421916e-11
-1.742898637e-11
9.780451659e-12
2.310584705e-11
-1.423712906e-10
-9.02366225e-11
9.732779358e-11
1.647416722e-10
-1.443855723e-10
-2.269352179e-10
1.43341881e-10
2.617185121e-10
-2.623952072e-10
-2.726776736e-10
2.237123133e-10
3.146916065e-10
-1.115054939e-09
-5.972951242e-10
9.550498817e-10
6.170544205e-10
-8.258212505e-10
-4.61079918e-10
2.525294925e-10
3.551242946e-10
-3.605027767e-11
-2.763325415e-10
8.081412397e-11
2.381580079e-10
-1.263341161e-11
9.058611369e-12
2.240481917e-10
-2.112436625e-10
1.781229595e-10
-2.185739544e-11
6.347177932e-11
-2.335989548e-10
-4.655727165e-11
3.179239349e-10
2.901464504e-10
-3.577781565e-10
-1.092752856e-10
2.818968455e-10
2.467380197e-10
-2.010963533e-10
-8.512710135e-11
2.120153659e-10
1.685686287e-10
-2.990472002e-10
-2.1491881e-10
4.163309249e-10
3.029858071e-10
-5.51914491e-10
-4.820273558e-10
6.983376361e-10
5.241881245e-10
-8.501043596e-10
-8.553018943e-10
1.0227508e-09
7.257404055e-10
-1.341890993e-09
-2.937214845e-09
2.196774046e-09
1.769237006e-09
-4.133673676e-09
-7.393383015e-09
6.407776007e-09
6.277613508e-09
-7.55983074e-09
-6.487759298e-09
7.074975418e-09
8.09904528e-09
-5.566589009e-09
-3.663652655e-09
3.883598409e-09
5.491004636e-09
-2.706431218e-09
-2.105606718e-09
3.203106634e-09
5.215731472e-09
-6.424124401e-09
-2.259622302e-09
8.94694324e-09
1.131646235e-08
-8.409264946e-09
-7.722482062e-09
5.457932268e-09
8.961755963e-09
-1.452537433e-09
-2.28886973e-09
-5.340222249e-10
6.679726503e-09
3.198741482e-09
-6.48143308e-09
-6.295741371e-09
1.519491889e-08
6.566979242e-09
-3.09982818e-09
-3.538903656e-09
1.627722573e-09
9.603137681e-10
-2.638586336e-10
-2.496464665e-10
1.277183781e-10
1.18609027e-10
-5.886749366e-11
-7.960908783e-11
4.491905055e-11
6.329471079e-11
-2.820209108e-11
-6.596756699e-11
3.386760917e-11
5.466006997e-11
-1.14399275e-11
-4.320648717e-11
1.847943785e-11
3.421876881e-11
-9.248362416e-12
-2.770644189e-11
1.221055812e-11
2.446643617e-11
-5.316194958e-11
-3.38596654e-11
3.03433914e-11
6.157013522e-11
-1.095907416e-10
-1.052438949e-10
7.527669292e-11
1.570464893e-10
-1.892418565e-10
-2.10937461e-10
1.444400696e-10
2.774801569e-10
-6.348459436e-10
-4.505587204e-10
3.701625612e-10
6.147850052e-10
-2.964729475e-10
-6.246780711e-10
3.066683527e-10
5.566838567e-10
-1.37907899e-10
-4.790473277e-10
2.017550839e-10
4.091883831e-10
-6.735501149e-11
1.118278108e-10
-3.483178484e-10
9.358172237e-10
4.412479975e-10
-1.368488496e-09
-1.950903317e-10
1.538204487e-09
-7.058371572e-10
1.285129074e-09
-1.204432965e-09
-4.114533451e-10
7.794814296e-10
6.269261125e-10
-5.25828149e-10
-2.538844991e-10
4.437955741e-10
3.536404481e-10
-4.579923184e-10
-3.61120803e-10
5.105372454e-10
4.083752917e-10
-5.753081006e-10
-5.29174002e-10
6.365535769e-10
5.249930073e-10
-6.819944554e-10
-6.045644102e-10
7.080558228e-10
5.332054821e-10
-7.511041801e-10
-1.216295727e-09
9.588590286e-10
1.12670281e-09
-1.466688281e-09
-4.499002007e-09
2.420922381e-09
3.357753189e-09
-3.718062346e-09
-7.889765744e-09
4.793102986e-09
6.39176239e-09
-4.998162244e-09
-6.493588113e-09
4.224909493e-09
5.939297413e-09
-3.02495304e-09
-6.048318006e-09
2.725262333e-09
4.179137391e-09
-7.117954531e-09
-2.223074343e-08
1.653998077e-08
2.708995192e-08
-1.841630163e-08
-1.575025761e-08
1.195686127e-08
2.785428646e-08
-4.14404152e-09
-1.544402777e-08
-1.088286965e-09
2.483697064e-08
1.044748061e-08
-2.212748083e-08
-1.497691522e-08
1.785190992e-08
7.945638937e-09
-7.275978975e-10
-1.756970159e-09
4.457409616e-10
3.064671035e-10
-8.771425214e-11
-1.145513572e-10
1.385382004e-10
8.716032218e-11
-4.831926918e-11
-8.289345363e-11
8.206257298e-11
8.211129271e-11
-4.031258901e-11
-8.267189665e-11
5.35058169e-11
7.672680214e-11
-2.676475064e-11
-6.751841415e-11
3.948803555e-11
5.840680916e-11
-1.766863537e-11
-5.059482427e-11
2.700564781e-11
4.450143345e-11
-2.300642101e-11
-4.148769741e-11
2.501377561e-11
4.413358337e-11
-5.231560195e-11
-5.526647901e-11
4.168697297e-11
7.668203053e-11
-1.066383185e-10
-1.088918631e-10
8.219730141e-11
1.537752767e-10
-2.286334929e-10
-2.205268874e-10
1.608482205e-10
3.029948186e-10
-2.739575676e-10
-3.816088614e-10
2.379911159e-10
4.549701835e-10
3.246172692e-10
6.045090577e-10
-2.665948268e-10
-5.314104235e-10
-1.964846632e-10
-7.388635597e-10
-1.241891898e-09
2.399368719e-09
-4.538695129e-09
4.127497277e-09
-2.119344125e-09
3.316268267e-09
-2.860301938e-09
-9.33028705e-10
1.764076991e-09
1.417715928e-09
-1.140527495e-09
-4.875128905e-10
8.434324445e-10
6.892744836e-10
-7.143422231e-10
-4.653987029e-10
6.692639196e-10
5.576792507e-10
-6.687950111e-10
-5.346477386e-10
6.90526816e-10
5.791146451e-10
-7.228785648e-10
-5.444662765e-10
7.756108004e-10
6.585654984e-10
-9.045237888e-10
-1.336350821e-09
1.191103926e-09
1.772342246e-09
-1.49517905e-09
-3.092493032e-09
1.908311747e-09
3.438390065e-09
-2.369005264e-09
-5.065293758e-09
2.638279015e-09
4.560790987e-09
-2.478800619e-09
-4.331629447e-09
1.925781798e-09
2.904036669e-09
-1.255215199e-09
-2.186310371e-09
7.282338113e-10
1.168753939e-09
-8.589151314e-10
-2.091688936e-08
4.45678418e-09
9.935878644e-09
-1.218440587e-08
-4.115791113e-08
1.441564355e-08
4.78593255e-08
-9.22909714e-09
-2.591447583e-08
-7.811514519e-10
1.590669043e-08
6.046004264e-09
-7.713445177e-09
-4.24306651e-09
2.176972225e-09
1.085746173e-09
-2.955769572e-10
-2.648509207e-10
2.687166297e-10
2.398655469e-10
-2.643049602e-10
-5.875271727e-10
4.929106702e-10
1.252594808e-09
-1.769509996e-10
-1.751296858e-09
4.698165102e-10
1.83124984e-09
-7.717054568e-11
-1.461070355e-09
1.194477708e-10
1.023624624e-09
-6.241063088e-11
-7.076221114e-10
1.707137377e-10
5.061300808e-10
-4.728354459e-11
-3.765387131e-10
1.305855196e-10
2.888652198e-10
-3.795375711e-11
-2.264260781e-10
9.096672575e-11
1.809976705e-10
-4.371075778e-11
-1.497762681e-10
7.364731568e-11
1.329584901e-10
-7.168560456e-11
-1.30898401e-10
8.177957832e-11
1.437118858e-10
-1.296338682e-10
-1.724956585e-10
1.245219529e-10
2.188803964e-10
-2.168177165e-10
-2.86662253e-10
2.167526153e-10
3.867100162e-10
-3.733918455e-10
4.167947477e-10
7.544330924e-10
-5.378528044e-10
8.644490475e-09
-5.069946324e-09
6.829076752e-09
-6.827958647e-09
-2.256437336e-09
4.534188468e-09
3.620790422e-09
-2.911376498e-09
-1.029623159e-09
1.979775534e-09
1.616085344e-09
-1.468726505e-09
-7.214823227e-10
1.183046913e-09
9.905274837e-10
-1.024002946e-09
-6.744141278e-10
9.488056272e-10
8.082924804e-10
-9.516575689e-10
-8.681462028e-10
1.07415256e-09
1.100009778e-09
-1.404223976e-09
-2.367296577e-09
1.913608799e-09
2.982414401e-09
-2.335142635e-09
-4.160507123e-09
2.707737973e-09
5.082270318e-09
-2.909152306e-09
-4.697046289e-09
2.701796641e-09
5.172870029e-09
-2.006628226e-09
-2.173309457e-09
1.146055491e-09
1.965731536e-09
-5.487330465e-10
-7.212536432e-10
2.842502651e-10
5.470340447e-10
-1.773075261e-10
-3.124012907e-09
3.572742349e-10
8.735497537e-10
-2.006162569e-09
-4.246196402e-08
6.300797549e-09
2.629909508e-08
-8.216046631e-09
-5.605786425e-09
9.762036436e-11
1.250402045e-09
5.558434142e-10
-6.286889739e-10
-3.144304682e-10
9.299993649e-10
4.68448073e-10
-4.146619999e-09
-7.588152803e-10
6.983181124e-09
3.712755358e-09
3.981527392e-10
-8.8723079e-09
3.226740896e-09
4.674783412e-09
2.096117279e-10
-3.658707175e-10
1.085190365e-10
4.368399877e-10
-5.207482324e-10
-1.394614099e-09
1.236430397e-09
1.613834978e-09
-7.005514271e-10
-1.861615385e-09
9.870907928e-10
2.10836438e-09
-6.624245016e-10
-2.207482734e-09
9.44693789e-10
2.094120667e-09
-4.098149369e-10
-1.804056124e-09
7.782807856e-10
1.441809672e-09
-2.142106231e-10
-1.106708128e-09
5.229968254e-10
8.494181234e-10
-1.468008084e-10
-6.78198047e-10
3.642043301e-10
5.826006574e-10
-1.628053031e-10
-5.516258229e-10
3.487857431e-10
5.814398121e-10
-2.643630633e-10
-6.784609173e-10
4.939359774e-10
8.618712484e-10
-4.64739993e-10
8.987734344e-10
-1.166154899e-09
4.45002881e-09
-8.049088517e-09
-6.225663616e-09
7.168494915e-09
-5.166550113e-09
5.39973438e-09
-5.411255922e-09
-2.425399719e-09
3.803170626e-09
2.906589838e-09
-2.625607489e-09
-1.311258537e-09
1.826089733e-09
1.422993405e-09
-1.300322133e-09
-8.997774633e-10
9.866449038e-10
8.442094289e-10
-8.766698672e-10
-1.221736257e-09
1.010501859e-09
1.137994377e-09
-1.452987869e-09
-3.38400305e-09
2.166223599e-09
3.306436628e-09
-2.9303856e-09
-5.996856194e-09
3.559107615e-09
6.618278785e-09
-3.772790403e-09
-5.821124355e-09
3.333161205e-09
6.578530828e-09
-2.335565713e-09
-2.076064725e-09
1.294540782e-09
2.452440987e-09
-6.420615642e-10
-5.544042511e-10
3.344977767e-10
7.300030736e-10
-1.709820698e-10
-3.104787089e-10
9.323523641e-11
2.648684142e-10
-1.465971294e-10
-8.582561011e-09
5.644304181e-10
1.780940183e-09
-2.242671744e-09
-9.349145425e-10
3.93260035e-09
7.219174573e-09
-4.54549339e-09
-1.10982869e-08
7.550805472e-09
2.00357189e-08
-6.782751391e-09
-1.696449903e-08
3.301941879e-09
1.102346471e-08
-5.561623103e-09
2.837919106e-09
9.67396619e-09
-4.613275994e-09
-8.83255875e-09
2.673423564e-09
6.864450334e-09
-4.290566636e-09
-5.052480089e-09
3.468568758e-10
3.456784046e-09
-2.94527729e-09
-9.429292012e-10
-1.331397659e-09
-1.090257676e-09
1.169991615e-09
1.89028157e-09
-1.403388715e-09
-2.494636436e-09
1.828277052e-09
2.961407588e-09
-1.342916458e-09
-3.217046844e-09
2.060717754e-09
3.297762726e-09
-1.124173832e-09
-3.243430464e-09
1.971442847e-09
3.116548651e-09
-9.226458635e-10
-2.98794703e-09
1.834869727e-09
2.923308782e-09
-9.047283868e-10
-2.977491925e-09
1.903678212e-09
3.192902389e-09
2.33419755e-09
4.125687826e-09
-1.168512008e-09
-3.583718381e-09
1.898428675e-09
1.283974338e-09
-1.81664849e-09
-3.410261812e-09
1.542255906e-09
-2.285998386e-09
1.191618261e-09
-1.139292716e-09
-1.108728617e-09
8.008213294e-10
6.886504795e-10
-5.876568161e-10
-6.670303829e-10
4.895183198e-10
5.064289683e-10
-4.809160068e-10
-8.955753703e-10
5.562796791e-10
6.507793346e-10
-7.555854429e-10
-2.637583725e-09
1.184097701e-09
1.658226257e-09
-1.962700709e-09
-6.593546505e-09
3.018549759e-09
5.633458458e-09
-3.864815716e-09
-7.399078893e-09
3.914943967e-09
8.154767098e-09
-3.107722054e-09
-3.159714855e-09
2.035906947e-09
4.334167797e-09
-1.234816704e-09
-1.116315242e-09
7.393802821e-10
1.860897048e-09
-4.269920316e-10
-4.753388822e-10
2.740438863e-10
9.345147464e-10
-3.319879923e-10
-2.094008021e-09
8.638041405e-10
3.199438729e-09
-2.982423829e-09
-1.158286468e-08
7.394969561e-09
9.222902305e-09
-6.997741641e-09
-2.014012889e-08
3.280379927e-09
9.416867809e-09
-2.226844539e-09
1.119457068e-09
2.327365453e-09
-8.551886817e-10
-2.693288748e-09
4.099726303e-09
4.219468584e-09
-2.5465906e-09
-5.550365187e-09
5.122126168e-09
6.242745736e-09
-4.265364488e-09
-6.71268165e-09
4.632734152e-09
6.754054917e-09
-4.603735113e-09
-6.204072596e-09
1.174230166e-09
4.992161113e-09
-3.688711028e-09
-1.992111096e-09
-1.931676687e-09
-1.175290897e-09
-1.022218316e-10
3.18042482e-09
-2.510957663e-09
-3.233627185e-09
2.639101611e-09
3.45412467e-09
-2.678552565e-09
-3.732628459e-09
2.871972274e-09
4.007016979e-09
-2.737975183e-09
-4.28597779e-09
3.102806025e-09
4.602895436e-09
3.415216451e-09
5.48008186e-09
-2.964985652e-09
-4.992169373e-09
-3.183238989e-09
-6.631133848e-09
-8.587626733e-10
-9.576442377e-10
7.823276122e-10
-7.07220788e-10
7.460158485e-10
-6.703570613e-10
-5.189580717e-10
5.769798826e-10
6.041897816e-10
-5.047035666e-10
-4.516542821e-10
4.547797221e-10
5.142980256e-10
-4.245167151e-10
-5.134330632e-10
4.081528138e-10
4.889806753e-10
-4.041229582e-10
-9.046239775e-10
4.289923094e-10
5.620916668e-10
-5.630377168e-10
-3.848946665e-09
1.058792859e-09
2.039074002e-09
-2.201329349e-09
-8.547027292e-09
3.482039903e-09
8.131661914e-09
-3.920673671e-09
-6.091657041e-09
3.494561927e-09
8.293678284e-09
-2.786896462e-09
-3.289618422e-09
2.090145521e-09
5.840450261e-09
-1.489588293e-09
-1.953832442e-09
1.121218633e-09
4.298529091e-09
-1.105930199e-09
-4.572616429e-09
1.504447878e-09
7.198760187e-09
-2.142698027e-09
-5.012665573e-09
1.994458173e-09
2.629190846e-09
-1.624077602e-09
-2.452267154e-09
9.642881428e-10
1.220201363e-09
-3.505245196e-10
2.087860068e-10
9.3692676e-11
-2.679249889e-12
-3.405501419e-10
1.37984944e-09
9.58888766e-10
-9.411436413e-12
-2.389250413e-09
3.40331294e-09
2.582631921e-09
-2.701592857e-09
-3.24313572e-09
4.133435274e-09
3.89142279e-09
-3.548375427e-09
-4.347986435e-09
4.355930172e-09
4.446580758e-09
-4.506953609e-09
-4.065671073e-09
2.488656268e-09
3.231447856e-09
-3.516023544e-09
-2.052871404e-09
-2.056952924e-09
1.281956143e-10
-1.10019149e-10
1.403706018e-09
-2.332464756e-09
-1.592650238e-09
1.489797532e-09
1.822132421e-09
-2.627977025e-09
-2.081792026e-09
1.681542899e-09
2.351806844e-09
-2.905486858e-09
1.60871009e-09
2.864499141e-09
-2.603978696e-09
-1.164960437e-09
-1.024187519e-09
1.086283345e-09
-8.630149233e-10
1.182806586e-09
-9.435935451e-10
-6.744066304e-10
7.644928324e-10
8.862932018e-10
-6.032677249e-10
-5.299431225e-10
4.707949737e-10
5.81942559e-10
-3.641659089e-10
-4.532185313e-10
2.865557649e-10
4.155787302e-10
-2.487013178e-10
-1.00438474e-09
2.826524822e-10
6.516775539e-10
-5.51613073e-10
-6.621425864e-09
1.487410606e-09
4.418096932e-09
-3.001812058e-09
-1.024125393e-08
4.106307203e-09
1.075308723e-08
-4.543045262e-09
-9.537038586e-09
4.566656692e-09
1.311967556e-08
-4.338983876e-09
-8.838956062e-09
4.083014171e-09
1.504823121e-08
-4.049219311e-09
-1.193069276e-08
4.063242107e-09
1.802422183e-08
-3.103954765e-09
-1.612811185e-09
5.755478098e-10
1.236283436e-09
-2.549245398e-10
-8.394065006e-10
4.03325194e-11
6.314028935e-10
3.357920616e-11
-3.092900572e-11
-7.123072292e-11
4.994738178e-11
4.167020403e-11
-7.120875346e-11
-2.66012604e-11
6.967597211e-11
7.866597054e-12
2.023599328e-09
1.262174343e-09
-1.520608462e-09
-1.661055304e-09
2.793935065e-09
2.332560977e-09
-1.970629747e-09
-3.067038495e-09
4.232589535e-09
3.704546398e-09
-3.714526489e-09
-4.024685884e-09
4.11942139e-09
3.781830588e-09
-4.793675216e-09
-2.839034714e-09
1.149781752e-09
1.386197424e-09
-2.178682648e-09
-1.393707186e-10
-8.133211585e-10
-1.892841713e-10
4.558849447e-10
3.763703066e-10
5.025368538e-10
5.267041831e-10
-9.081700196e-10
-4.746379798e-10
-1.036583716e-09
-1.385978541e-09
8.840576255e-10
1.090821365e-09
-6.283520105e-10
-1.06019699e-09
4.144099509e-10
-6.046438919e-10
5.852157326e-10
-2.722989306e-10
-3.930712131e-10
2.022254853e-10
3.786984247e-10
-1.975500312e-10
-6.009331077e-10
2.336652825e-10
6.711012595e-10
-2.830773079e-10
-2.585263514e-09
4.145076788e-10
1.711083702e-09
-8.943749023e-10
-9.079631977e-09
1.881925038e-09
6.010631877e-09
-2.98192473e-09
-1.419385117e-08
3.930417011e-09
1.144151902e-08
-4.789442206e-09
-1.969285364e-08
5.475168088e-09
1.879198248e-08
-5.695207855e-09
-2.206274353e-08
5.141135752e-09
2.023960652e-08
-2.993899365e-09
-1.134903481e-09
3.667576341e-10
1.187942242e-09
-9.734153144e-11
-5.272385089e-10
-2.296484561e-11
4.839502236e-10
7.458161055e-11
-6.836449014e-11
-6.320831674e-11
8.091213436e-11
4.92323648e-11
-7.246532656e-11
-4.186161971e-11
8.212932528e-11
5.599462654e-11
6.520181504e-10
-1.762670973e-10
2.645197362e-11
-3.773729695e-10
1.178086541e-09
8.86295599e-10
-5.290870111e-10
-1.526663825e-09
2.893956725e-09
2.416957642e-09
-1.772494118e-09
-3.512003233e-09
5.240986713e-09
4.554058706e-09
-4.811013191e-09
-4.936497656e-09
-7.655366065e-09
-4.838663986e-11
4.107518522e-09
3.635608559e-09
-4.568782175e-11
2.239936826e-10
1.450314588e-10
-2.841028344e-10
2.328197518e-10
5.096921477e-10
-1.862381067e-10
-5.380899109e-10
1.619932459e-10
-3.730594303e-10
3.738470695e-10
-2.058377368e-10
-8.174590265e-10
3.099758544e-10
1.043572266e-09
-4.06359639e-10
-1.57648437e-09
4.140771247e-10
1.877432053e-09
-3.890364963e-10
-3.404904163e-09
4.667336259e-10
2.167315392e-09
-6.736237284e-10
-6.700684057e-09
9.108541646e-10
3.207721105e-09
-1.154875931e-09
-1.210365965e-08
1.503229615e-09
4.693501182e-09
-1.867252459e-09
-1.30807034e-08
1.714772964e-09
6.035608016e-09
-1.008137019e-09
-1.362576366e-09
3.267304169e-10
1.617774442e-09
-5.851421322e-11
-4.375208752e-10
3.882469078e-12
3.86531247e-10
3.941979452e-11
-8.671837452e-11
-4.125856443e-11
8.85140369e-11
4.008308592e-11
-9.506917035e-11
-3.607362214e-11
1.125415546e-10
6.0177559e-11
-6.265618502e-10
-2.465462973e-10
1.108745663e-09
6.698565481e-11
1.275544096e-10
5.133957293e-11
-2.490802251e-17
-1.826652713e-10
6.475169664e-10
4.766185844e-10
4.85472678e-17
-1.121620756e-09
-1.292352648e-11
-5.42034718e-09
2.938574044e-09
2.503756385e-09
1.422329938e-08
1.164680873e-08
-2.098918527e-10
-4.233283213e-10
2.265010922e-10
2.002712716e-09
-7.818753771e-10
-1.358474291e-09
8.135374543e-10
3.505848277e-09
-6.040309406e-10
-2.510710892e-09
4.702950896e-10
-1.96134196e-09
2.390065637e-09
-4.141910753e-10
-1.829283907e-09
3.66232885e-10
1.647586632e-09
-2.8132282e-10
-1.356117635e-09
1.906002146e-10
7.078320752e-10
-2.308804018e-10
-2.740632865e-09
3.630272109e-10
1.921317766e-09
-4.757068991e-10
-1.901952434e-09
3.216107262e-10
2.18584383e-09
-3.823342719e-11
-3.361330093e-10
5.734722719e-12
2.893986928e-10
2.111562753e-11
-8.029023347e-11
-3.198668861e-11
7.461193014e-11
4.948653361e-11
-1.462041438e-10
-6.416849772e-11
1.390046836e-10
9.089876097e-11
7.248697562e-10
5.979288696e-10
-1.030203101e-09
-2.029816731e-10
-4.305557941e-10
5.151061528e-10
3.044493574e-10
-2.364749258e-16
-6.88167333e-11
3.877732867e-12
-8.491652548e-17
1.207211383e-09
-7.550937107e-10
-3.315376432e-09
5.061183395e-10
-4.111420813e-11
-2.056737672e-09
2.454994836e-10
9.634490971e-10
-2.545187402e-10
-7.506116071e-10
3.821364123e-10
2.128707498e-09
-5.161123055e-10
-1.916360391e-09
3.640704555e-10
2.709409516e-09
-2.115564906e-11
-2.45827817e-09
1.758034568e-12
2.087760048e-10
1.213827772e-11
-2.469501496e-10
-1.510882831e-11
2.117986141e-10
1.212450052e-10
-1.029579309e-10
-1.213169197e-10
1.282510197e-10
-1.622029602e-10
-7.81626018e-10
-2.061559892e-10
-6.197191806e-10
-1.763047418e-09
-4.358362449e-10
-2.612276317e-10
-1.347275593e-09
2.793625157e-11
1.315552908e-09
-5.430371535e-11
-7.285434631e-10
4.453972204e-11
2.418550116e-10
4.71919807e-11
-2.14853331e-10
8.230409802e-11
4.97999798e-10
1.548578566e-10
-6.325136889e-10
2.152377735e-10
6.185170238e-10
2.437119177e-10
-7.625263689e-10
2.546524487e-10
7.212627858e-10
3.058747011e-10
-7.397709426e-10
3.402966718e-10
6.15718022e-10
-1.511782189e-09
5.145974376e-10
2.460573002e-10
-7.772022278e-10
-4.440587664e-10
-3.709876256e-10
-7.206482654e-10
-4.872543447e-10
9.761148514e-10
-5.399819678e-10
-9.964548177e-10
-5.094895387e-10
1.390687072e-09
-3.989338342e-10
-1.153555899e-09
6.999036517e-11
-2.024994931e-10
1.543194447e-10
4.587821598e-11
-1.759525272e-10
3.195773564e-11
5.26135603e-11
2.75383884e-11
-5.587114836e-11
3.671950996e-11
-6.999323701e-11
-4.498580554e-10
-5.119243177e-10
-4.602111669e-10
5.885940375e-10
-4.70531948e-10
-5.366868934e-10
1.165418535e-10
-1.301699971e-10
8.855398206e-11
8.305103984e-11
-1.155298831e-10
-4.196109333e-10
4.483581066e-10
-4.170698376e-10
-4.258826316e-10
-4.219618616e-10
4.573155946e-10
-4.220971998e-10
-4.587222659e-10
6.842076958e-11
-1.063526133e-10
5.820296102e-11
4.945997549e-11
-5.386668193e-11
5.061060927e-11
-5.39499777e-11
-4.80968398e-10
4.295997944e-10
-4.35381877e-10
-4.152064583e-10
9.888937657e-11
-6.712133857e-11
-4.269542397e-11
-6.740423563e-10
5.358081795e-10
-5.108329057e-10
-5.277969486e-10
4.398794115e-12
-1.187954394e-10
-9.75814869e-09
-7.466379026e-10
-4.786323563e-10
-5.853728517e-10
4.790062774e-10
-5.101612647e-10
-4.303650782e-10
6.646222919e-11
-1.243755434e-10
2.145719853e-08
-2.372078424e-08
-1.194427944e-10
-5.217119463e-10
3.989387911e-10
-5.020628575e-10
-3.246003165e-10
-3.38351349e-09
6.612724663e-09
2.467629706e-09
-3.575057814e-09
2.86383515e-10
-2.10794385e-10
-3.90259487e-10
-2.624401838e-10
-2.847829826e-10
1.77319298e-10
-1.438381664e-10
-2.811470621e-10
7.225675892e-10
-2.66084263e-09
2.388411391e-11
-1.804243965e-10
-2.260447402e-10
-1.103795243e-10
-2.300798348e-10
1.316864686e-10
-2.430153798e-10
-2.013306483e-10
2.340253963e-09
-2.899232549e-09
3.439501649e-10
1.7456107e-09
-4.373982859e-10
1.384152017e-10
-1.739298057e-10
-6.062088068e-10
-2.351986281e-10
-2.905815073e-09
2.360176488e-10
-1.67255248e-09
-8.097561603e-09
6.402126203e-13
6.282497141e-12
4.144879603e-13
-5.989069972e-09
1.27843068e-09
-4.056461899e-10
-7.689478754e-09
-2.837750753e-12
4.341810076e-12
-5.464261306e-14
-8.478452136e-12
-6.348660948e-11
1.580066635e-11
-1.158775404e-11
-1.140814403e-10
5.425153438e-11
-1.331250032e-11
1.216984715e-11
-1.549055981e-11
-3.589176002e-11
5.543833137e-12
-2.098267711e-13
-5.441871598e-11
2.197202839e-10
-1.895208245e-10
1.119743757e-11
-1.25557728e-11
-4.151517237e-12
-8.371782312e-15
5.145475356e-13
-3.248509906e-12
1.564729705e-10
-1.641993022e-10
3.037012696e-12
2.333461086e-11
2.144116633e-12
1.387973511e-11
-9.28561949e-11
-2.668190326e-10
-3.609927432e-11
1.242657124e-10
-4.360830496e-10
-4.764924477e-10
-2.568628642e-09
-1.115348779e-09
2.154649425e-09
-2.564208534e-09
-4.828927257e-10
6.742205181e-10
-5.228791135e-10
-2.602001016e-10
4.028637941e-10
-2.325668737e-10
-6.822922311e-09
-3.497102175e-09
4.587200046e-09
-6.25819304e-09
1.139359562e-09
-6.495010861e-10
-5.10690866e-10
-5.564845957e-09
-9.431461756e-09
-3.221753555e-09
-4.303887563e-09
-6.009026818e-09
2.7983241e-09
-4.639467466e-09
-6.916842794e-09
6.568578821e-09
-5.448448723e-09
-2.693641589e-09
-1.248104863e-09
-9.445606942e-10
-1.421872912e-09
8.131544551e-10
-7.967592435e-10
-3.008306232e-09
4.544469263e-09
-4.186325691e-09
-2.984558462e-09
2.77276616e-09
-3.189921253e-09
-8.444330822e-10
-1.028631669e-09
-1.232273593e-09
-1.259044816e-09
-1.209256294e-09
-9.425581062e-10
-2.801748093e-10
-8.290247783e-10
-1.268303171e-09
-6.76163133e-10
-1.271016269e-09
-4.322663476e-10
-8.17773821e-10
7.882741743e-10
-3.312666224e-10
-8.146935672e-10
-2.241200817e-11
6.640505337e-09
-4.355900141e-11
2.592892897e-11
-1.212896983e-10
-3.645185618e-10
-1.623253115e-10
-3.758975917e-10
-1.007310673e-10
-4.011932412e-10
-4.696837505e-11
1.403509764e-11
-3.217895899e-11
6.202814986e-09
-6.209905043e-10
-1.218312162e-09
-3.108904698e-09
-9.4790746e-10
-2.252992973e-09
-1.061197552e-10
-3.049435066e-09
5.55877543e-09
-6.760506755e-10
-2.218029277e-09
5.876519363e-10
-2.102060535e-10
-5.131561344e-10
8.138657552e-10
-1.168414565e-10
8.580337604e-10
-4.427452331e-10
-5.466136654e-17
-6.468781071e-12
-2.641845064e-09
-2.376324073e-09
-3.765572762e-10
-1.359282559e-09
-2.963590972e-10
-1.212299546e-09
-3.946872341e-10
-1.014785941e-09
-5.003116148e-10
-2.904287963e-09
-3.477439818e-10
-2.66203848e-09
-1.666586742e-11
-2.869694899e-10
-1.927110415e-12
-3.538442203e-10
9.357968539e-12
-8.904790716e-11
2.023081507e-11
-9.114256224e-11
-1.33792935e-10
-3.273409655e-10
-2.778238083e-10
9.860647392e-10
-1.78937076e-10
-7.902710912e-10
-9.949191341e-11
5.432730028e-10
-3.477590334e-11
-4.764577247e-10
2.239144844e-11
2.031067069e-10
4.043569329e-11
-2.130008417e-10
1.01214515e-10
9.129533041e-10
2.967383004e-10
-1.492528298e-09
4.333284054e-10
1.017598349e-09
4.509216231e-10
-1.464270446e-09
4.101467099e-10
8.001562076e-10
3.904672842e-10
-9.022814004e-10
4.437470669e-10
1.296299477e-09
4.205870602e-10
-1.135541886e-09
5.074945865e-10
9.290561377e-10
-1.454159229e-09
-4.81934139e-10
6.898578101e-10
-4.955059277e-10
-6.371337509e-10
-4.975951385e-10
9.140762437e-10
-4.677013467e-10
-8.131254143e-10
-3.958947328e-10
9.653786522e-10
-3.077085425e-10
-8.686542437e-10
-2.281693234e-10
7.190201476e-10
-1.578131244e-10
-7.133702132e-10
-9.169516234e-11
4.645236994e-10
-3.330014642e-11
-4.776856324e-10
1.528272674e-11
2.4568517e-10
4.396766783e-11
-3.062107924e-10
1.736475787e-10
2.474474153e-09
6.409855793e-10
-3.569668399e-09
9.343022189e-10
2.131547671e-09
8.96904971e-10
-2.843224049e-09
6.984743788e-10
1.034808465e-09
5.311983511e-10
-1.162789073e-09
4.181248347e-10
1.037711587e-09
2.35159319e-10
-1.054555217e-09
4.70879187e-10
2.213189304e-09
4.06377202e-10
-2.699151433e-09
1.720596987e-10
2.642360286e-10
7.991332822e-11
-4.199842779e-10
7.011022044e-11
8.955087063e-11
9.181187813e-11
-1.474894749e-10
1.181524005e-10
1.226726401e-10
-1.811373676e-10
-4.250260526e-10
5.11489605e-10
-4.296306265e-10
-5.058100596e-10
-4.35064759e-10
5.979960025e-10
-4.400762793e-10
-5.818896458e-10
-4.408528434e-10
7.509975977e-10
-4.290299986e-10
-7.268187075e-10
-3.968476376e-10
8.389636765e-10
-3.446654742e-10
-8.397867164e-10
-2.786082496e-10
7.379893915e-10
-2.023319545e-10
-7.783917061e-10
-1.211700936e-10
5.110900595e-10
-4.782755616e-11
-5.686335952e-10
1.391918456e-11
4.023985208e-10
5.820154773e-11
-5.485349123e-10
2.828061571e-10
4.171277891e-09
6.934814165e-10
-3.911296638e-09
1.105005165e-09
3.285374493e-09
1.117426891e-09
-3.328200509e-09
8.254525592e-10
1.230154039e-09
5.296274255e-10
-1.199460511e-09
2.735103462e-10
1.231563729e-09
9.053724181e-11
-1.448576224e-09
2.832742709e-10
2.676017305e-09
4.051273844e-10
-2.309322625e-09
2.992444958e-10
5.819161531e-10
1.874573225e-10
-6.587054753e-10
1.995711854e-10
2.107959841e-10
2.129251254e-10
-2.471827521e-10
2.21724336e-10
2.241693854e-10
2.030687282e-10
-2.318196352e-10
1.575662765e-10
1.270746125e-10
-1.177509386e-10
-4.358106696e-10
4.258393854e-10
-4.448554788e-10
-4.299419723e-10
-4.505230787e-10
4.663742176e-10
-4.5036918e-10
-4.710613346e-10
-4.476857851e-10
5.064753719e-10
-4.467412399e-10
-5.032453485e-10
-4.502423177e-10
5.764695945e-10
-4.595576122e-10
-5.680274919e-10
-4.735622158e-10
7.168067671e-10
-4.842549729e-10
-7.035667933e-10
-4.769964147e-10
8.465125527e-10
-4.429096766e-10
-8.499610299e-10
-3.834025354e-10
8.280709425e-10
-3.021266575e-10
-8.753356881e-10
-2.048620678e-10
6.501666819e-10
-1.036808779e-10
-7.354109639e-10
-3.533234867e-12
7.634890768e-10
8.100954155e-11
-9.902890794e-10
1.354951958e-10
2.954884553e-09
2.98295172e-10
-1.820924788e-09
6.768592023e-10
3.133353405e-09
8.21278188e-10
-2.97312074e-09
5.058140919e-10
1.08497034e-09
1.830363989e-10
-9.484879567e-10
-9.075282017e-11
1.398798421e-09
-2.480314998e-11
-1.078913848e-09
1.440549497e-10
1.81365386e-09
2.424213105e-10
-1.323341849e-09
2.290308727e-10
6.391768127e-10
2.221523537e-10
-5.358186091e-10
2.417196615e-10
2.328061152e-10
2.175401636e-10
-1.843768185e-10
1.848329747e-10
1.973271972e-10
1.36883961e-10
-1.386360861e-10
9.552486735e-11
9.521910348e-11
7.156118548e-11
-7.741498668e-11
6.037389525e-11
5.271937721e-11
5.625517976e-11
-5.781040411e-11
5.794541938e-11
4.268468079e-11
-4.807116171e-11
-4.74320654e-10
4.088633817e-10
-4.668090121e-10
-4.008808225e-10
-4.79440734e-10
4.319497932e-10
-4.903857914e-10
-4.285778896e-10
-4.905661212e-10
4.694881636e-10
-4.825703388e-10
-4.618785924e-10
-4.742325429e-10
4.925987301e-10
-4.727497722e-10
-4.764324347e-10
-4.827656978e-10
5.516255173e-10
-5.063705762e-10
-5.304213594e-10
-5.412463098e-10
6.839319559e-10
-5.756124352e-10
-6.634546151e-10
-5.893210582e-10
8.486161904e-10
-5.665221105e-10
-8.367593569e-10
-5.055086072e-10
8.963481485e-10
-4.16949982e-10
-8.737402744e-10
-3.106471361e-10
7.826715976e-10
-2.041201365e-10
-8.434213679e-10
-1.336839835e-10
1.029102937e-09
-5.398877165e-11
-7.706099496e-10
-1.5660763e-11
9.526619985e-10
5.424171599e-11
-4.45046957e-10
3.069119411e-10
2.984831699e-09
4.822014374e-10
-2.967846666e-09
2.148952165e-11
8.51257189e-10
-1.629931669e-10
-7.292960455e-10
-1.09327226e-10
7.320781284e-10
-1.977575671e-11
-4.570336577e-10
6.794640991e-11
9.018617064e-10
1.247620316e-10
-5.688692977e-10
1.223067611e-10
3.645198082e-10
1.006964675e-10
-2.200198989e-10
5.739565435e-11
1.330126869e-10
5.816503072e-11
-8.807359017e-11
7.244241469e-11
9.774014742e-11
7.825314776e-11
-9.326559044e-11
9.615364175e-11
7.637303675e-11
1.115700091e-10
-8.4425391e-11
1.224396889e-10
6.551363461e-11
1.29027476e-10
-6.765007236e-11
1.310357102e-10
5.586292565e-11
1.290254962e-10
-5.456209601e-11
1.243336912e-10
4.878809177e-11
-4.587073389e-11
-4.767744424e-10
3.872903137e-10
-4.825944511e-10
-3.657786804e-10
-5.054264964e-10
4.182459201e-10
-5.217000416e-10
-4.000406368e-10
-5.221551696e-10
4.502866373e-10
-5.12769331e-10
-4.369394778e-10
-5.066321905e-10
4.588434258e-10
-5.156107141e-10
-4.439405127e-10
-5.461732723e-10
5.101176991e-10
-5.985881689e-10
-4.946237386e-10
-6.624143786e-10
6.462954808e-10
-7.098882082e-10
-6.295531221e-10
-7.068863558e-10
8.016959681e-10
-6.483897665e-10
-7.394921487e-10
-5.799254538e-10
8.52571108e-10
-5.709897551e-10
-9.47219638e-10
-4.905811757e-10
1.553845885e-09
-1.276658041e-10
-5.052335569e-09
-9.532513059e-11
4.249771782e-10
-4.517755928e-11
-1.976885213e-10
-1.117630071e-11
1.858133214e-10
5.827096345e-12
-7.220585294e-11
1.391617385e-10
2.484277696e-09
3.939166841e-10
-1.696643073e-09
-5.630176056e-11
6.610153912e-10
-1.047154973e-10
-7.426053553e-10
-4.80555198e-11
2.653341855e-10
-1.034123447e-11
-1.439195261e-10
2.931966086e-11
3.243467659e-10
5.403220172e-11
-1.605275917e-10
5.170480248e-11
1.14966349e-10
3.756521287e-11
-4.890167878e-11
2.453038919e-11
4.686804933e-11
1.930704119e-11
-2.390629289e-11
1.259277674e-10
1.091769876e-10
1.765226644e-10
-1.45956941e-10
1.787600171e-10
8.828869294e-11
1.72723797e-10
-7.257250685e-11
1.643962414e-10
6.00178403e-11
1.558089819e-10
-4.306717807e-11
1.476198766e-10
4.512199329e-11
1.400533484e-10
-3.132305281e-11
1.334257391e-10
3.777660572e-11
-2.794972449e-11
-4.777305088e-10
3.75626692e-10
-4.490577702e-10
-3.158939942e-10
-4.355482084e-10
3.354679546e-10
-4.52162654e-10
-2.968042543e-10
-4.920380662e-10
3.732670761e-10
-5.347475868e-10
-3.381062129e-10
-5.654978672e-10
4.239352269e-10
-5.853238257e-10
-4.134776659e-10
-6.092344912e-10
4.35081142e-10
-6.546514939e-10
-4.352585521e-10
-7.265622751e-10
4.850776585e-10
-8.078587521e-10
-4.825077723e-10
-8.58429173e-10
6.068268421e-10
-8.392265458e-10
-5.745593288e-10
-7.596154495e-10
6.651680635e-10
-6.8783893e-10
-5.887546224e-10
-6.804345047e-10
1.118653562e-09
-6.688477271e-10
-1.067313977e-09
1.676121933e-10
1.238586206e-08
-6.678371296e-11
-1.828084584e-08
-5.758364981e-11
1.780922945e-10
-1.19245404e-11
-8.372579767e-10
-3.985843276e-12
3.708399404e-11
8.041725306e-13
-3.387139708e-11
4.429110829e-11
9.171563949e-10
2.957576852e-10
-4.044452457e-10
3.892967878e-10
1.169844575e-09
-5.894656164e-11
-1.653101144e-09
-1.653563256e-11
7.942640714e-11
-3.937983611e-12
-6.252320733e-11
9.513543911e-12
6.581386572e-11
1.478111221e-11
-2.399299637e-11
1.211581729e-11
1.598869496e-11
7.517238111e-12
-3.992866185e-12
4.682960007e-12
1.49815296e-11
6.983077602e-12
-1.321974943e-11
1.698159984e-10
1.929872184e-10
2.113503782e-10
-1.839405333e-10
1.896866964e-10
4.022452555e-11
1.584729911e-10
1.406572033e-12
1.333022148e-10
2.087917826e-11
1.141383093e-10
4.810205123e-12
9.975654905e-11
1.628937554e-11
8.956735182e-11
1.249094294e-14
8.459452871e-11
2.130981416e-11
9.001074405e-11
-1.553430755e-11
7.908963378e-11
1.548148396e-10
-8.291470407e-11
-3.627999476e-10
2.635722534e-10
-3.459187459e-10
-2.162517038e-10
-3.389189243e-10
2.560188316e-10
-3.35900219e-10
-2.041755287e-10
-3.386624973e-10
2.523318204e-10
-3.630150785e-10
-2.098980099e-10
-4.255806409e-10
2.989072785e-10
-5.283914274e-10
-2.748157645e-10
-6.580116438e-10
4.097851502e-10
-7.944572248e-10
-4.284211312e-10
-9.240736221e-10
4.501143266e-10
-1.039963712e-09
-4.919394013e-10
-1.119779883e-09
4.898798698e-10
-1.123583917e-09
-5.046395839e-10
-1.032871882e-09
5.316561167e-10
-8.789244539e-10
-4.728217503e-10
-7.15305069e-10
5.009757116e-10
-5.561807658e-10
-3.960694929e-10
-3.601370533e-10
7.401125803e-10
-1.277609688e-10
-4.281390151e-10
5.602317729e-10
1.883390261e-08
1.092972223e-09
-1.69928363e-08
-1.346171938e-09
4.142526776e-09
-1.829444686e-11
-9.848739379e-09
-7.410696223e-12
3.911138907e-11
6.920752498e-13
-4.739546337e-11
8.119735245e-12
1.597808816e-10
9.021796615e-11
-6.842551221e-11
3.979001305e-10
1.481133242e-09
6.161594737e-10
-8.978589331e-10
-2.798804183e-12
8.461507566e-11
-2.313053552e-12
-1.469152015e-10
3.297452356e-12
1.518028573e-11
4.840008506e-12
-3.106351971e-11
2.160059479e-12
1.07085417e-12
1.349061788e-12
-1.317797057e-13
9.733244704e-13
1.679446583e-11
1.122792249e-11
-2.62826087e-11
-7.76361569e-12
1.055954905e-10
3.883987865e-11
-9.294511466e-11
6.905895685e-11
-2.764584123e-11
9.633197879e-11
2.347678812e-11
1.104416827e-10
-2.505755677e-11
1.152082835e-10
3.891327596e-11
1.15108731e-10
-1.372830453e-11
1.149076632e-10
3.468197597e-11
1.252832561e-10
4.027538827e-12
1.707474173e-10
3.61343095e-11
2.734950158e-10
9.178495031e-11
4.372990988e-10
2.14170135e-11
7.868054495e-10
5.693199985e-10
-6.337305404e-10
-2.689428891e-10
1.76998953e-10
-2.51874925e-10
-1.439371505e-10
-2.370523687e-10
1.66531587e-10
-2.376355707e-10
-1.500054106e-10
-2.704627085e-10
1.910730123e-10
-3.571196321e-10
-2.608617266e-10
-5.154680433e-10
3.298108503e-10
-7.454863668e-10
-6.04347835e-10
-1.035699445e-09
5.203608294e-10
-1.339550007e-09
-7.610960459e-10
-1.550027314e-09
5.713618891e-10
-1.58370802e-09
-6.680412688e-10
-1.457185602e-09
5.030533547e-10
-1.237017014e-09
-4.56414451e-10
-9.859818509e-10
3.887767229e-10
-7.441649084e-10
-2.820464781e-10
-5.215856314e-10
2.841322829e-10
-3.208280327e-10
-1.867309186e-10
-2.279069699e-10
3.900583333e-10
-5.035793466e-10
-1.566890311e-09
-6.451019769e-10
1.883910221e-08
-4.398646628e-09
-2.583571502e-08
-3.081538089e-09
1.190763327e-08
-3.143319368e-11
-9.611731604e-09
-2.075627368e-11
5.995651023e-11
-2.964843782e-13
-8.007173507e-11
8.972154004e-12
4.96708674e-11
5.111059769e-11
-7.596307973e-11
2.133350987e-10
4.976158979e-10
5.307619095e-10
-7.629281968e-10
8.69680296e-11
2.296530252e-10
-4.613009956e-11
-3.862345409e-10
-8.769539029e-11
1.207566996e-10
2.364661901e-11
-5.944964127e-10
4.847339123e-11
-3.615620249e-13
4.132506887e-11
-1.06978476e-09
1.807027539e-11
3.656762326e-11
1.325692018e-11
-4.293708101e-10
-1.452025494e-11
7.287941233e-11
-4.365703096e-12
-4.87374e-11
-2.825462481e-13
7.518397923e-13
5.53779187e-13
-7.085824409e-13
6.685992096e-13
4.587579743e-13
6.417579382e-13
-5.733403285e-13
6.445648736e-13
3.342125415e-13
7.253978168e-13
-9.513089436e-14
9.042933989e-13
4.08146182e-13
1.252346665e-12
-1.465181982e-13
1.476210203e-12
1.318286999e-12
4.066490515e-12
-1.691827387e-11
4.274118408e-09
3.138706293e-09
-8.368086961e-09
-2.451493395e-10
1.30954782e-10
-2.629868021e-10
-2.692180642e-10
-3.499118654e-10
2.081813343e-10
-6.13119441e-10
-6.579064277e-10
-1.196844258e-09
6.031036593e-10
-1.941432284e-09
-1.25555179e-09
-2.451493853e-09
1.087002174e-09
-2.642658243e-09
-1.278123345e-09
-2.680141918e-09
1.054217642e-09
-2.661320678e-09
-1.062797609e-09
-2.547941547e-09
7.845113366e-10
-2.258734379e-09
-8.517541163e-10
-1.798766932e-09
4.050329052e-10
-1.292610966e-09
-4.487652888e-10
-8.701038571e-10
1.835514391e-10
-5.774461227e-10
-1.514767852e-10
-5.169398232e-10
1.68150552e-10
-1.522374527e-09
-8.583393078e-10
-5.211275745e-09
7.082644598e-09
-1.000751222e-08
-1.483921224e-08
-1.375857236e-08
2.984420397e-08
-1.380744968e-08
-2.395824041e-08
-1.772099368e-09
5.994068248e-09
-5.78482827e-11
-3.135130275e-09
-6.448287449e-11
1.129674235e-10
-8.824343924e-13
-1.7854352e-10
8.692322556e-11
1.679377085e-10
2.379272148e-10
-3.480637307e-10
1.522226347e-09
3.643909182e-09
1.909651344e-09
-1.107982691e-08
1.626344196e-10
2.123664185e-10
-1.610477676e-11
-1.160008509e-10
6.615200055e-12
1.023546597e-09
9.186044337e-10
-9.196927271e-10
2.781250692e-09
4.725185083e-09
4.721903263e-09
-3.983321353e-09
5.364962793e-09
3.427953118e-09
3.968869034e-09
-6.305698702e-09
8.624716603e-10
2.360908174e-10
-1.392748485e-11
-2.314308831e-09
-4.013168178e-12
7.908018818e-12
8.159010943e-13
-7.814205672e-11
5.081722686e-12
3.182447657e-12
2.184062183e-12
-1.608327418e-11
6.090662079e-13
1.810870237e-13
1.751081163e-13
-5.165702502e-13
9.122962592e-14
4.663741387e-13
5.448951278e-13
-3.959834945e-12
1.425118309e-11
1.157282109e-10
1.78497835e-10
-6.438354723e-10
3.108712527e-09
8.886143677e-09
-7.292970629e-09
-1.184071117e-09
5.582474874e-10
-2.254976565e-09
-1.610445225e-09
-3.881329323e-09
1.140145998e-09
-5.540076088e-09
-2.466366034e-09
-6.252654808e-09
1.690663059e-09
-5.804354084e-09
-1.848836009e-09
-4.752397503e-09
1.450705398e-09
-3.626064069e-09
-9.600754961e-10
-2.742848854e-09
9.442613274e-10
-2.202587483e-09
-4.837725794e-10
-1.986003326e-09
7.043008282e-10
-2.037604419e-09
-3.062795526e-10
-2.28711461e-09
6.762206755e-10
-2.624326739e-09
-2.918652571e-10
-2.884183472e-09
5.72188679e-10
-2.903221571e-09
-3.625912326e-10
-2.729970421e-09
3.435081743e-10
-3.354482593e-09
-9.225909276e-10
-7.560687583e-09
5.133187692e-09
-1.405797023e-08
-9.306791577e-09
-1.539993547e-08
1.571939345e-08
-1.281362164e-08
-9.661927545e-09
-9.332214679e-09
1.279722688e-08
-4.825644358e-09
-4.601384621e-09
-6.107980107e-10
1.450863521e-09
-6.582664173e-11
-6.64789173e-10
-1.458434526e-10
2.013409131e-10
-4.596192361e-10
9.779578613e-11
-3.371003518e-10
5.059927561e-10
1.583004023e-10
-2.100045571e-09
2.642327406e-09
1.62424769e-08
6.051363549e-09
-1.457614919e-08
1.604971854e-09
1.221661355e-09
-2.139767189e-10
-8.388927661e-09
1.96095955e-10
1.48966932e-09
1.192553605e-09
-3.570887209e-09
1.90917554e-09
2.766140805e-09
2.870866755e-09
-2.669709416e-09
4.331725297e-09
4.940857339e-09
6.283846288e-09
-3.167938025e-09
8.444423966e-09
5.95650798e-09
8.062673354e-09
-5.467839939e-09
1.930692537e-09
6.808582876e-10
3.194690439e-10
-3.173583536e-09
2.316063059e-10
6.870763982e-11
6.631251264e-11
-2.242382474e-10
1.314790148e-11
1.57223406e-12
2.120466732e-12
-3.423487546e-12
7.91778905e-13
4.404911492e-11
4.391116798e-11
-4.667515633e-10
2.096915985e-11
3.473074873e-09
-2.250659939e-10
-6.624957201e-09
7.992101826e-10
5.918002424e-09
1.065407128e-09
-5.012451849e-09
5.389712949e-10
4.085801527e-10
8.033315933e-11
-1.206077616e-08
2.759903973e-09
-1.241360586e-08
-2.296416565e-09
-1.030197928e-08
2.256510486e-09
-7.419294486e-09
-1.272400413e-09
-4.866522057e-09
1.089535926e-09
-3.039274647e-09
-5.452391387e-10
-1.882488691e-09
4.67400056e-10
-1.193159495e-09
-2.456658184e-10
-7.916801943e-10
2.210513695e-10
-5.615187856e-10
-1.317081697e-10
-4.351241322e-10
1.350853452e-10
-3.711439095e-10
-8.456924422e-11
-3.438317096e-10
1.176344489e-10
-3.526700424e-10
-5.999751075e-11
-4.686551789e-10
1.725751291e-10
-1.010867283e-09
-1.157279987e-10
-3.014343969e-09
1.490826394e-09
-7.180982632e-09
-8.321987873e-10
-9.832925903e-09
6.050291478e-09
-8.286585891e-09
-1.903795724e-09
-5.276830238e-09
3.69030712e-09
-2.930079012e-09
-9.238050765e-10
-1.405851974e-09
1.233648499e-09
-4.964593454e-10
-3.14867075e-10
-1.141575144e-10
1.932741873e-10
7.307391945e-12
-2.434654442e-10
2.801310374e-09
1.243737381e-09
1.04122017e-08
-2.336796021e-09
1.589192818e-08
1.040033401e-08
1.066380312e-08
-2.079804743e-08
5.289854905e-09
1.08881646e-08
5.632741856e-09
-7.749558192e-09
9.470925653e-09
1.455978581e-08
1.114374999e-08
-1.110049595e-08
1.058184826e-08
7.760693287e-09
8.548234363e-09
-1.018452087e-08
6.647934564e-09
3.562761404e-09
5.067546218e-09
-4.832682208e-09
4.172884541e-09
2.268361439e-09
4.176118966e-09
-1.974879997e-09
5.243881268e-09
3.361031638e-09
7.527638969e-09
-1.97735157e-09
1.040737128e-08
4.774714704e-09
1.071406865e-08
-3.590899648e-09
4.884787406e-09
2.498147419e-10
7.161260731e-10
3.90241633e-11
6.32487317e-11
6.334164062e-13
4.378461134e-12
2.355453811e-12
-1.629084591e-09
2.93490259e-09
-5.171945451e-09
-3.2397644e-09
-2.363178758e-09
3.101968447e-09
-2.672586345e-10
-1.174892612e-09
1.862106815e-10
3.438257772e-09
2.068037332e-09
-1.679740293e-09
9.633163362e-10
-1.211447758e-10
-6.840629833e-10
-7.172093767e-09
1.31905911e-09
-5.541113212e-09
-5.959770102e-10
-3.885601652e-09
6.918299584e-10
-2.652956396e-09
-3.703479797e-10
-1.84225329e-09
3.340741077e-10
-1.323939388e-09
-2.520848105e-10
-9.830302169e-10
1.845393072e-10
-7.462057179e-10
-1.880050365e-10
-5.728674555e-10
1.153422455e-10
-4.392803856e-10
-1.316796207e-10
-3.277384616e-10
7.263434693e-11
-2.259648833e-10
-8.508690651e-11
-1.341462175e-10
3.302447598e-11
-6.774375925e-11
-3.322828648e-11
-3.627515973e-11
1.008543847e-11
-2.236394146e-11
-4.34302642e-12
-1.533699635e-11
5.349250876e-12
-1.138117683e-11
-2.869639453e-12
-9.082237301e-12
4.79090892e-12
-7.172014174e-12
-4.532641497e-12
-4.448035028e-12
1.000877565e-11
1.617507471e-12
-1.488450505e-11
2.164648355e-11
1.672170613e-10
6.345706259e-11
-1.938605376e-10
1.21312783e-11
4.274403156e-10
-8.345037465e-10
2.984230868e-09
-1.95765052e-10
5.265019348e-11
7.291470975e-12
9.512197915e-11
3.584314089e-09
1.266478179e-08
5.660522219e-09
-8.276676681e-09
3.500195643e-09
3.831390981e-09
2.184773866e-09
-1.606445087e-09
2.548168379e-09
4.413040387e-09
4.138062697e-09
-1.163980619e-09
6.249527529e-09
6.555111011e-09
8.711679772e-09
-2.681151369e-09
1.091369505e-08
5.153109505e-09
1.093923259e-08
-5.067843667e-09
8.541684292e-09
1.902600774e-09
6.087361712e-09
-2.343141645e-09
4.821163663e-09
1.178636761e-09
4.273132689e-09
-9.512959821e-10
4.506998252e-09
1.62360256e-09
5.488677894e-09
-3.153862562e-11
5.572854223e-09
5.828059686e-10
2.15786728e-09
-1.938428764e-12
2.416444929e-10
-7.495920277e-11
7.490631759e-11
2.063560674e-11
9.485575678e-11
1.074017013e-10
1.265312567e-10
2.456105101e-11
1.592072332e-10
5.932604966e-10
1.164751434e-10
1.344651466e-10
-1.514273593e-11
8.028087314e-11
-1.225685294e-11
3.027436455e-11
-1.72389912e-11
5.255670959e-12
7.439717562e-12
-1.899915523e-10
4.986700036e-11
-2.936871493e-10
-3.076963559e-11
-4.277820194e-10
1.102042241e-10
-5.976861866e-10
-6.204463462e-11
-8.069711699e-10
1.915831428e-10
-1.032209592e-09
-1.014240648e-10
-1.201604814e-09
2.201672892e-10
-1.237280397e-09
-1.324057404e-10
-1.125747707e-09
1.619751442e-10
-9.320910188e-10
-9.759964696e-11
-7.716856204e-10
1.056454559e-10
-7.516661197e-10
2.398798069e-11
-8.319000413e-10
4.661621284e-11
-7.671044338e-10
2.6686731e-10
-4.649724359e-10
-5.211960075e-13
-2.179336777e-10
2.369437791e-10
-1.006463463e-10
-6.028809037e-13
-5.317594427e-11
5.321381376e-11
-3.817454482e-11
-8.057191795e-13
-4.366201558e-11
2.127781538e-11
-7.219355336e-11
-5.417263478e-12
-1.385648762e-10
4.741674275e-11
-2.678846377e-10
-2.449371781e-10
-4.010223992e-10
2.753990784e-10
1.907499136e-10
-9.105895517e-09
-4.717273886e-11
1.80237501e-08
2.874782228e-10
-9.423208335e-11
4.497246652e-10
5.879283814e-10
8.636661897e-10
3.596903684e-09
8.756200217e-10
-7.340474421e-10
5.808719502e-10
5.334202164e-10
4.466004675e-10
-1.036132474e-10
4.094744112e-10
3.490422042e-10
4.800227196e-10
-1.493813747e-10
6.947866163e-10
7.982624487e-10
1.498363993e-09
-2.647550936e-10
4.602666279e-09
3.204935168e-09
1.232167192e-08
-6.454624646e-10
2.18924702e-08
2.932641497e-09
2.299729129e-08
-6.507805006e-10
1.355629598e-08
1.583221231e-09
3.713928302e-09
-8.328627894e-12
4.943907647e-10
5.524883045e-11
5.304184532e-11
-7.209421953e-12
5.472297927e-12
8.348611768e-13
8.706572633e-13
-3.163850488e-14
8.060610342e-13
-8.510568815e-12
2.484263504e-11
1.277459688e-11
8.704298555e-11
-7.706177916e-11
2.574614235e-10
2.950936213e-10
2.0646884e-10
-4.701746486e-10
2.261633093e-11
8.953458449e-10
-3.362778074e-11
-3.148862057e-11
-2.539035041e-11
4.091843116e-11
-9.443339152e-12
-5.584436122e-12
6.701912737e-12
-7.84575816e-11
1.305680681e-11
-1.085515259e-10
-3.673425525e-13
-1.455880515e-10
2.525133141e-11
-1.90793162e-10
-6.910530064e-13
-2.458007551e-10
4.164397736e-11
-3.129587261e-10
-1.264790463e-12
-3.959257725e-10
6.073176736e-11
-5.008291106e-10
-2.437420105e-12
-6.371649009e-10
7.069838783e-11
-8.470641926e-10
-1.685342626e-11
-1.241851646e-09
-8.657153272e-11
-2.009262353e-09
5.581046205e-11
-3.107929636e-09
-9.235206411e-10
-3.578135131e-09
1.658705547e-09
-2.783474357e-09
-7.874807525e-10
-1.654479793e-09
1.82274353e-09
-9.08020826e-10
-2.358177676e-10
-5.082956898e-10
6.605171973e-10
-2.89582585e-10
-8.014621448e-11
-1.647923163e-10
2.454422591e-10
-9.660772533e-11
-5.779221447e-11
-6.342971084e-11
1.049215145e-10
-4.447461874e-11
-1.357881558e-10
-9.796699975e-12
7.732668949e-11
1.17535155e-10
-2.22957468e-08
-2.984574824e-10
2.04588689e-08
-2.461695994e-10
-1.297158448e-09
1.659887342e-10
1.455679865e-09
1.431559649e-10
-4.877473409e-11
1.477838541e-10
2.077929157e-10
2.384387192e-10
6.060455253e-12
3.966748783e-10
3.799987674e-10
6.066982752e-10
7.040341193e-11
6.714446908e-10
9.347292134e-10
3.166671789e-10
8.587560583e-11
1.523381779e-10
6.966802123e-11
9.274011818e-11
2.477108159e-11
8.162646829e-11
4.141820433e-11
1.524097513e-10
-3.022072373e-10
4.870414065e-10
2.192619259e-10
8.242769704e-10
-5.490011314e-10
8.461674841e-10
3.258053777e-10
5.884034464e-10
-1.56644154e-11
3.528256072e-10
1.277939978e-10
2.009832372e-10
-1.753518522e-13
1.105922921e-10
4.290198733e-11
5.925927616e-11
-1.279989776e-11
3.285546956e-11
2.448493703e-11
7.203343438e-12
-5.127789105e-10
-5.260209884e-11
8.471367447e-10
4.13769348e-11
-1.180770238e-09
-1.963118693e-10
1.126353281e-09
6.590917493e-10
-1.213374877e-10
1.400044845e-10
1.838236884e-10
1.482035932e-10
-1.125913044e-11
-5.879009981e-12
-2.643565306e-12
-2.945558307e-14
-2.440231784e-12
3.890148732e-13
-2.689689576e-12
-1.169805735e-13
-3.534213588e-12
4.466974275e-13
-5.332549372e-12
-3.638398895e-13
-8.87692354e-12
1.008199619e-12
-1.601040461e-11
-1.149895777e-12
-3.154424553e-11
2.095759665e-12
-6.986678444e-11
-1.866441473e-11
-1.755828436e-10
2.980450643e-11
-5.158124991e-10
-1.66730293e-10
-1.690711857e-09
3.160005113e-10
-4.340181761e-09
-2.586073974e-09
-6.98872679e-09
2.779261071e-09
-7.380617879e-09
-3.550978373e-09
-5.701313763e-09
5.516098229e-09
-3.660394801e-09
-1.559948538e-09
-2.193252614e-09
3.225321163e-09
-1.306443999e-09
-6.309329528e-10
-7.86645076e-10
1.434395387e-09
-4.77759727e-10
-2.820223819e-10
-2.930080817e-10
6.946576955e-10
-1.822531033e-10
-1.469830052e-10
-1.062817302e-10
4.045521324e-10
1.021493519e-10
-1.385469351e-08
-2.110296911e-09
8.72170385e-09
-1.068705451e-09
-1.838037842e-09
-5.511044593e-11
2.49065744e-09
1.69804736e-10
-5.600318741e-10
5.30684415e-10
1.260574835e-09
1.1331125e-09
-1.304156186e-09
1.970274661e-09
2.839886593e-09
2.530743035e-09
-2.468016283e-09
2.035239886e-09
2.895041715e-09
9.348461219e-10
-2.481089618e-10
4.640419276e-10
2.873630564e-10
2.648251635e-10
-9.945374931e-11
1.935161674e-10
8.084052158e-11
1.652399888e-10
-5.350747045e-11
1.830766712e-10
-1.384742621e-11
2.559480473e-10
-1.250111377e-10
3.539087475e-10
-3.027661776e-12
4.583067609e-10
-8.493439965e-11
4.856458501e-10
1.075671926e-10
4.636918572e-10
-5.859057406e-11
3.987691755e-10
1.550792203e-10
3.231694606e-10
-5.722265006e-11
2.502339446e-10
1.380838613e-10
3.084732725e-10
-1.074844659e-09
4.83161284e-10
1.011690867e-09
3.757795698e-10
-7.946985669e-10
2.284102769e-10
5.998285937e-10
4.528764396e-10
-9.362914428e-11
2.083878309e-10
7.417138437e-11
1.767341893e-10
-1.060973216e-12
2.073488269e-11
-1.055231491e-10
-7.652305907e-12
-1.140628729e-10
2.843050219e-11
-1.174330942e-10
-5.809447961e-12
-1.08889183e-10
8.270679999e-11
-7.592090706e-11
-4.843311859e-12
-9.570549179e-11
7.942556652e-11
-1.818067744e-10
-2.471142275e-11
-3.164571045e-10
1.357720369e-10
-4.937046621e-10
-1.9151569e-10
-7.094479157e-10
3.2957445e-10
-9.742351873e-10
-6.064652294e-10
-1.352063108e-09
6.659023098e-10
-2.147707022e-09
-1.962094059e-09
-4.007286862e-09
1.246111397e-09
-6.672912761e-09
-6.387773593e-09
-8.170194921e-09
5.522263283e-09
-7.633555882e-09
-5.555137507e-09
-5.913974551e-09
7.568609886e-09
-4.080096834e-09
-2.903161388e-09
-2.626076289e-09
5.015333673e-09
-1.620004582e-09
-1.453830223e-09
-9.592961847e-10
2.627495682e-09
-5.443918341e-10
-8.794174682e-10
-4.325541947e-10
1.992165153e-09
-8.521840112e-10
-5.965815107e-09
-1.695220023e-09
5.170412477e-09
-1.094238431e-09
-3.03720384e-09
-1.350281313e-10
4.07562049e-09
3.330669825e-10
-2.479251172e-09
1.067331025e-09
4.45121674e-09
2.209196836e-09
-4.717389518e-09
2.86270528e-09
6.320774836e-09
1.811667118e-09
-1.964342927e-09
6.927610511e-10
8.496051175e-10
2.750173465e-10
-2.074157898e-10
1.461136218e-10
1.160955224e-10
9.591671909e-11
-6.767696094e-11
8.533776927e-11
4.840809095e-11
5.631449667e-11
-4.407614339e-12
3.830231569e-11
1.717967927e-11
2.694609487e-11
-3.584802403e-12
2.003005395e-11
8.647471811e-12
1.96409529e-11
-5.192043859e-11
4.942017953e-11
2.494355672e-11
1.046574344e-10
-1.30153958e-10
1.711717288e-10
8.403500736e-11
2.311872279e-10
-1.509474954e-10
2.764248987e-10
1.328951955e-10
3.311209932e-10
-7.443699407e-10
5.868688077e-10
4.502132839e-10
7.279710002e-10
-5.437908648e-10
6.219450831e-10
4.775790549e-10
4.813059392e-10
-1.242227773e-10
3.841352746e-10
1.934010873e-10
3.183371601e-10
-5.699983015e-11
1.047073978e-10
-6.602392061e-10
-1.492256614e-10
-8.274939443e-10
-7.386053894e-10
-3.364459592e-10
-5.025179728e-10
6.209855007e-10
-3.449458e-10
-1.675942887e-10
-3.220275641e-10
2.778735947e-10
-3.816227865e-10
-2.238023756e-10
-4.695589345e-10
2.942939282e-10
-5.668753395e-10
-4.045808529e-10
-6.620106959e-10
4.429622672e-10
-7.445126932e-10
-6.457780733e-10
-8.130263656e-10
5.978847339e-10
-9.172328117e-10
-7.927381162e-10
-1.263912444e-09
5.684628089e-10
-2.259195779e-09
-3.790912879e-09
-3.971620418e-09
2.487310121e-09
-5.72927174e-09
-7.9474913e-09
-6.521323155e-09
6.628631621e-09
-5.983045094e-09
-7.041093402e-09
-4.597331526e-09
7.754041828e-09
-3.276107862e-09
-4.272414051e-09
-3.852490122e-09
5.046065702e-09
-9.544822514e-09
-9.375824909e-09
-1.586203747e-08
1.464274983e-08
-1.453532647e-08
-1.099011494e-08
-8.32227454e-09
2.153060594e-08
-2.235122547e-09
-4.418962506e-09
7.433810425e-10
8.074677276e-09
7.188059157e-09
-1.324679136e-08
1.286094903e-08
2.676650113e-08
9.771873136e-09
-8.33370454e-09
2.758798589e-09
6.687385287e-09
3.635816137e-10
-3.180622039e-10
9.916120156e-11
1.645680507e-10
6.969997655e-11
-7.199909356e-11
6.17766145e-11
6.25101532e-11
5.987463023e-11
-3.317935464e-11
6.541819036e-11
3.002708071e-11
5.931665504e-11
-2.53818007e-11
5.053112023e-11
3.42580072e-11
4.253633751e-11
-1.413461462e-11
3.611498101e-11
2.118606261e-11
3.16893984e-11
-1.680406031e-11
3.268347005e-11
1.761838618e-11
4.368184677e-11
-5.115676161e-11
6.726340361e-11
3.479110863e-11
1.026420985e-10
-1.017034851e-10
1.477001795e-10
7.480799674e-11
2.067639445e-10
-2.59003554e-10
3.111537065e-10
1.640707884e-10
4.313352328e-10
-3.628348297e-10
5.008335386e-10
2.631123541e-10
5.249951101e-10
-2.514811071e-10
5.278265812e-10
2.755952885e-10
5.139952971e-10
-1.569239304e-10
-1.851047971e-09
-9.844530311e-10
-1.163808595e-09
1.500848684e-09
-7.708235781e-10
-4.21176662e-10
-6.037744697e-10
6.191313175e-10
-5.573440869e-10
-3.63655764e-10
-5.673027748e-10
4.526892843e-10
-6.017857931e-10
-4.676704686e-10
-6.412765463e-10
4.995414797e-10
-6.731253854e-10
-5.564790476e-10
-6.987442327e-10
5.498882762e-10
-7.61587591e-10
-5.331769671e-10
-9.779342268e-10
6.680480232e-10
-1.318466923e-09
-1.98324676e-09
-1.880937263e-09
2.059305632e-09
-2.636574742e-09
-5.037500129e-09
-3.308552139e-09
4.246689207e-09
-3.496197816e-09
-6.748138855e-09
-3.033881099e-09
5.109020716e-09
-2.157129361e-09
-4.491324677e-09
-1.443309076e-09
3.103104911e-09
-2.86092826e-09
-1.176830413e-08
-1.060290713e-08
5.004548868e-09
-1.73784575e-08
-3.255626752e-08
-1.457541669e-08
3.701697815e-08
-6.882331583e-09
-1.80722758e-08
1.196094474e-09
3.485959903e-08
1.005000092e-08
-3.319796525e-08
1.032331974e-08
2.443221038e-08
3.578098528e-09
-3.056314864e-09
6.368838252e-10
1.06930627e-09
1.937187796e-10
-1.825923919e-10
1.521568837e-10
2.320347636e-10
1.569052077e-10
-1.083498511e-10
1.542491193e-10
2.496202103e-10
1.481604803e-10
-4.558084755e-11
1.417686048e-10
9.036182744e-11
1.359917147e-10
-4.80633054e-11
1.248272803e-10
7.039215772e-11
1.102290687e-10
-3.225991141e-11
9.496634974e-11
5.460072386e-11
8.134056404e-11
-2.422228279e-11
7.098671148e-11
4.131833266e-11
6.547664331e-11
-3.060512736e-11
6.671617172e-11
3.840703215e-11
7.65875072e-11
-5.842141126e-11
9.645902851e-11
5.454349674e-11
1.277526463e-10
-1.17829446e-10
1.738422692e-10
9.68709873e-11
2.348380006e-10
-2.006167224e-10
3.086401219e-10
1.684143751e-10
4.008903205e-10
-2.79603283e-10
2.835956394e-10
-4.490747491e-09
-2.303067417e-09
-2.802845479e-09
3.615109811e-09
-1.778443474e-09
-9.223129185e-10
-1.25100628e-09
1.443240757e-09
-9.873179383e-10
-5.895636299e-10
-8.576286014e-10
8.229325491e-10
-8.030846686e-10
-5.613632949e-10
-7.957487073e-10
6.792586356e-10
-8.272112753e-10
-5.990834964e-10
-9.200333356e-10
7.09653996e-10
-1.14518383e-09
-9.701609414e-10
-1.533779012e-09
1.398684657e-09
-1.866362378e-09
-2.512409068e-09
-2.230410265e-09
3.223724615e-09
-2.534647905e-09
-4.281926933e-09
-2.533673973e-09
4.829523662e-09
-2.069520783e-09
-4.001986514e-09
-1.342727843e-09
3.6079498e-09
-7.364061604e-10
-1.844603506e-09
-4.05697867e-10
1.168415465e-09
-3.28504546e-10
-1.641001309e-09
-1.353930102e-09
6.72167123e-10
-6.022754728e-09
-3.065968873e-08
-1.120352407e-08
1.715098166e-08
-9.808674327e-09
-5.235337116e-08
-2.109963074e-11
6.065672198e-08
2.181307147e-09
-1.010757094e-08
1.215228707e-09
2.586344805e-09
3.385255891e-10
-4.50039023e-10
1.724773775e-10
5.536150798e-10
-3.159011753e-09
-3.192802741e-10
-5.116538361e-10
1.746291787e-09
4.336211385e-09
-7.065794359e-10
6.261799147e-09
-7.890746417e-10
6.752195717e-09
-1.627816412e-10
6.173016288e-09
2.773359138e-10
5.554977642e-09
-1.598184897e-10
4.898153991e-09
6.188089925e-10
4.038202163e-09
-1.549718405e-10
3.038955365e-09
7.198252797e-10
2.080915398e-09
-1.080719649e-10
1.318908573e-09
5.452155952e-10
8.122742524e-10
-7.961564372e-11
5.218650332e-10
2.943565983e-10
3.667634535e-10
-7.394510449e-11
2.867994722e-10
1.676938759e-10
2.52630672e-10
-9.833361829e-11
2.524893557e-10
1.457892813e-10
2.833473901e-10
-1.620919845e-10
3.489286909e-10
1.99849605e-10
4.622176665e-10
-2.992555443e-10
3.699430471e-10
-8.74850985e-09
-5.446447088e-09
-6.594564797e-09
-4.493212762e-09
-2.342574497e-09
-3.051060864e-09
3.534980339e-09
-2.159672077e-09
-1.21653317e-09
-1.611178207e-09
1.738113556e-09
-1.267846524e-09
-8.637546991e-10
-1.064866776e-09
1.043871708e-09
-9.983129292e-10
-8.443028765e-10
-1.128726908e-09
9.119413725e-10
-1.546100499e-09
-1.828885749e-09
-2.181198058e-09
2.061375728e-09
-2.756833675e-09
-4.050618141e-09
-3.209164557e-09
4.753792138e-09
-3.361390146e-09
-5.641103871e-09
-2.99192083e-09
6.543380401e-09
-2.114466263e-09
-3.660135021e-09
-1.152953944e-09
3.9739861e-09
-5.391760163e-10
-9.423024631e-10
-2.706603636e-10
9.907662011e-10
-1.418862596e-10
-3.857010145e-10
-1.179464753e-10
3.286082982e-10
-4.657379087e-10
-5.881070552e-09
-2.270342966e-09
1.38771438e-09
-5.222763169e-09
-5.378767549e-08
-2.85848811e-10
2.933652025e-08
1.804396674e-10
-5.978123568e-10
-2.91951662e-09
4.97525148e-09
-7.292291279e-09
-4.951606054e-09
-3.574135284e-09
1.282753854e-08
-1.17016559e-09
-5.528507045e-09
-5.076149528e-09
3.099794333e-09
-7.259418683e-09
6.504519241e-10
-5.386227873e-09
-3.708405626e-09
-1.916130969e-09
-4.605514737e-10
5.927359838e-10
-2.192386974e-09
1.942179457e-09
-1.07415031e-09
2.096231681e-09
1.124875186e-09
2.266846294e-09
-9.678133136e-10
2.460909709e-09
1.361533366e-09
2.557938468e-09
-8.840112074e-10
2.518788116e-09
1.396178383e-09
2.34817595e-09
-6.480251348e-10
2.097837606e-09
1.245332974e-09
1.834841502e-09
-4.256035823e-10
1.615310019e-09
1.008278943e-09
1.475195244e-09
-3.388508517e-10
1.435193659e-09
8.844768985e-10
1.510631412e-09
-3.968868111e-10
1.717668092e-09
9.93901345e-10
2.083940609e-09
-6.542371332e-10
-4.110177028e-09
-4.110889463e-09
-3.112530885e-09
-2.158484635e-09
-2.021494736e-09
-1.437613285e-09
1.605389397e-09
-9.678992502e-10
-1.041789064e-09
-7.180354862e-10
8.047102024e-10
-6.553159909e-10
-8.445444826e-10
-7.760695804e-10
6.82828004e-10
-1.132661098e-09
-1.927696602e-09
-1.786312525e-09
1.463871e-09
-2.669633629e-09
-5.001134196e-09
-3.548010323e-09
4.48302571e-09
-3.998344712e-09
-7.368327345e-09
-3.6703783e-09
7.892247989e-09
-2.667459816e-09
-4.519138035e-09
-1.575815018e-09
5.350246284e-09
-8.57478934e-10
-1.261473151e-09
-4.769995713e-10
1.807480527e-09
-2.58230762e-10
-4.232175499e-10
-1.535481349e-10
6.880099914e-10
-2.089761838e-10
-4.605119663e-10
-6.934661451e-10
7.250616828e-10
-2.899671625e-09
-1.032210226e-08
-7.774410666e-09
6.684391643e-09
-8.683723696e-09
-1.472994047e-08
-7.442291907e-09
1.814352275e-08
-5.112198307e-09
-2.018380531e-08
-5.142677231e-09
1.157354216e-08
-7.790146124e-09
3.692892665e-09
-8.277230779e-09
-3.858018703e-09
-7.787702628e-09
4.721853439e-09
-7.302755803e-09
-4.878402355e-09
-6.430242257e-09
3.896789358e-09
-5.327572643e-09
-5.027203266e-09
-3.768155879e-09
6.562317938e-10
-8.325862573e-10
-3.810490701e-09
1.441437892e-09
-1.607821473e-09
2.355204912e-09
9.8875491e-10
2.88125381e-09
-2.007482249e-09
3.324693706e-09
2.297628645e-09
3.657110503e-09
-2.039008851e-09
3.865863731e-09
2.626562659e-09
3.986716449e-09
-1.891793132e-09
4.081768709e-09
2.702746675e-09
4.220268694e-09
-1.831140447e-09
4.468085071e-09
2.818712966e-09
4.879022727e-09
-2.068044919e-09
-6.463784899e-10
-9.108025216e-10
-5.25008149e-10
6.020166144e-10
-4.475554435e-10
-5.561105056e-10
-4.110030235e-10
4.687564972e-10
-4.07285411e-10
-5.320740721e-10
-4.336142691e-10
4.654036143e-10
-5.041878039e-10
-9.47198303e-10
-6.793374299e-10
6.223900842e-10
-1.122086672e-09
-3.196574447e-09
-2.044434063e-09
1.741776833e-09
-3.239903219e-09
-7.810067391e-09
-3.913324424e-09
6.830840999e-09
-3.590440496e-09
-6.51531129e-09
-2.701924301e-09
7.918602297e-09
-1.860887684e-09
-2.790398272e-09
-1.227483415e-09
4.467675114e-09
-7.717870562e-10
-1.233549617e-09
-5.268892832e-10
2.395204997e-09
-5.550766522e-10
-1.313053773e-09
-1.022243732e-09
2.440065591e-09
-2.355467477e-09
-7.336198779e-09
-4.291728377e-09
7.799139207e-09
-3.737948131e-09
-1.213339683e-08
-1.89354158e-09
5.222024694e-09
-5.41144757e-10
-1.599865547e-09
-3.602347686e-10
9.10273357e-10
-1.000537256e-09
1.621374012e-09
-2.138101094e-09
-5.716027443e-10
-3.442197369e-09
3.972210465e-09
-4.094621755e-09
-3.360233199e-09
-4.859483246e-09
4.475039931e-09
-5.431092009e-09
-3.709377257e-09
-5.621255182e-09
4.42632827e-09
-5.293873156e-09
-4.461065014e-09
-4.415105711e-09
1.88164314e-09
-2.590505899e-09
-3.715263939e-09
-9.131553929e-11
-2.496414302e-09
2.189110139e-09
-3.012185602e-10
2.442083157e-09
-2.756668159e-09
2.741809497e-09
2.191956756e-09
3.071521911e-09
-2.981970544e-09
3.423842333e-09
2.479132913e-09
3.797695038e-09
-3.249776263e-09
2.771380107e-09
-9.113885733e-10
-6.706803768e-10
-8.063707431e-10
-6.924014373e-10
-5.507035655e-10
-5.878565369e-10
7.676054344e-10
-5.044197251e-10
-4.947598911e-10
-4.372359947e-10
5.951359192e-10
-3.803079666e-10
-5.000954234e-10
-3.363084777e-10
4.781855454e-10
-3.316730575e-10
-8.490702934e-10
-4.875909854e-10
5.218543176e-10
-1.166945137e-09
-4.987902035e-09
-2.570748671e-09
2.954690795e-09
-3.790038255e-09
-9.147218636e-09
-4.116746337e-09
9.450924596e-09
-3.851236371e-09
-7.007173037e-09
-3.342779174e-09
1.000716508e-08
-2.756588656e-09
-4.81270461e-09
-2.329283365e-09
8.988066783e-09
-2.279168837e-09
-4.969498146e-09
-2.549808169e-09
9.888119394e-09
-2.483433228e-09
-9.14420127e-09
-9.540546262e-10
1.206721882e-08
-5.641103879e-10
-2.087697277e-09
-2.546083547e-10
1.225778302e-09
-9.057660293e-11
-6.134338956e-10
9.173133743e-11
2.314278872e-10
3.356733134e-11
1.645472321e-14
1.432019099e-11
1.65531809e-11
-2.366217568e-10
3.173136311e-09
-1.783018328e-09
-1.460436021e-09
-2.367146845e-09
3.005434289e-09
-3.071168617e-09
-2.233062369e-09
-3.690716032e-09
4.171610584e-09
-4.076629761e-09
-3.568572805e-09
-4.043752555e-09
4.3278123e-09
-3.476823534e-09
-4.509316665e-09
-2.44640225e-09
2.127900951e-09
-1.294120706e-09
-2.908448174e-09
-2.91265264e-11
-1.390816055e-09
5.8068433e-10
6.274480042e-10
8.397627187e-10
-1.592258665e-09
1.006247006e-09
8.830270818e-10
1.128439621e-09
-1.756542894e-09
-1.123269336e-09
-1.055615913e-09
-8.955760069e-10
-6.612320557e-10
-7.21800401e-10
-4.680536548e-10
-3.263886384e-10
-4.751017252e-10
-2.410304449e-10
4.584227996e-10
-2.128074777e-10
-4.373212993e-10
-2.319962479e-10
4.282448816e-10
-3.240173745e-10
-1.607263704e-09
-7.303122307e-10
1.0819576e-09
-1.823284963e-09
-8.194684139e-09
-3.221866129e-09
5.703734447e-09
-4.260712396e-09
-1.211754734e-08
-4.928398283e-09
1.172481416e-08
-5.333122444e-09
-1.401146468e-08
-5.530932276e-09
1.691417503e-08
-5.593679518e-09
-1.671254181e-08
-5.272163232e-09
2.201487425e-08
-3.446980572e-09
-1.565692431e-08
-4.275234191e-10
1.685896806e-08
-1.54045639e-10
-1.065515401e-09
-1.41691451e-13
1.008939375e-09
9.024456832e-11
-1.442780773e-10
7.095688717e-11
1.460458142e-10
4.826006079e-11
-3.211787945e-11
3.630223537e-11
4.868247196e-11
4.685611387e-11
1.255548966e-10
-2.254268484e-10
3.158459708e-10
-9.881025577e-10
1.508133263e-09
-1.571908386e-09
-8.942500685e-10
-2.33243001e-09
2.789262676e-09
-3.173681654e-09
-1.892959924e-09
-3.916987465e-09
4.506532285e-09
-4.223815566e-09
-4.102920868e-09
-3.672893377e-09
4.100204696e-09
-2.0502695e-09
-5.636481237e-09
-7.87436441e-11
-2.673514455e-10
7.387946631e-11
2.046652176e-10
-5.112162715e-10
-2.213840451e-10
-4.300556067e-10
-1.761048546e-10
-1.963634377e-10
-4.492648037e-10
-2.606523647e-10
4.912944304e-10
-3.194141236e-10
-1.039042545e-09
-3.544845071e-10
1.247872505e-09
-4.804215577e-10
-3.364935011e-09
-8.791357739e-10
2.142790169e-09
-1.521653127e-09
-8.696055189e-09
-2.194121429e-09
5.026216261e-09
-2.916395817e-09
-1.489521525e-08
-3.68964519e-09
8.965376987e-09
-4.063322106e-09
-2.146988505e-08
-3.569303795e-09
1.465555059e-08
-1.919395872e-09
-1.32808717e-08
-3.427429726e-10
7.418209404e-09
-6.870752997e-11
-8.966002971e-10
7.011447122e-12
7.523591939e-10
5.438096782e-11
-1.477392168e-10
5.202636198e-11
1.422781398e-10
4.585683005e-11
-6.322576452e-11
4.452745848e-11
7.328669067e-11
6.139838495e-11
-4.00294896e-10
2.754749175e-10
3.780795682e-10
-4.030530307e-11
3.650504081e-10
-3.440426041e-10
-7.904460595e-11
-7.440657585e-10
9.849513808e-10
-1.426035786e-09
-2.960984264e-10
-2.540346822e-09
3.023687762e-09
-4.151474677e-09
-1.395180941e-09
-5.996049478e-09
6.885842666e-09
-2.251701005e-10
-5.5299116e-10
-3.854349628e-10
-5.481572408e-10
-1.646949166e-09
-5.573638298e-10
-4.478387402e-10
-1.88342922e-09
-3.902551882e-10
-4.092953011e-10
-2.724286909e-09
-4.312879998e-10
1.923910915e-09
-4.133778921e-10
-3.722263335e-09
-4.055884428e-10
1.566396008e-09
-5.586088452e-10
-6.507613543e-09
-6.654455379e-10
2.166731067e-09
-5.890996804e-10
-3.752450955e-09
-3.162331475e-10
2.601550013e-09
-4.954522733e-11
-6.192402734e-10
-6.739649272e-12
5.148613906e-10
2.8754553e-11
-1.327067879e-10
3.246225042e-11
1.211041607e-10
4.074571672e-11
-8.767448228e-11
3.51780288e-11
1.005109075e-10
2.754233951e-11
-4.004075827e-10
9.366823477e-11
4.10262683e-10
1.337745465e-10
5.234619162e-12
-4.239463156e-18
1.566934531e-16
2.877962277e-17
1.518189983e-16
1.054090341e-16
8.294036993e-12
-5.583796999e-10
-2.000287277e-09
-4.625731364e-10
-3.317948118e-10
-1.166069531e-09
-1.971788997e-10
-2.125238364e-10
-1.069164465e-09
-3.403853985e-10
-4.795996338e-10
-2.488392623e-09
-3.394828754e-10
-2.825240757e-11
-4.297801677e-10
-3.448752995e-12
1.601003217e-11
-1.028127539e-10
2.251158105e-11
8.078419463e-11
-9.605991668e-11
8.324995589e-11
1.036803712e-10
-3.491539375e-10
)
;

boundaryField
{
    dominio_ascii
    {
        type            calculated;
        value           nonuniform List<scalar> 
168
(
3.052019965e-10
3.211564189e-10
5.061326931e-10
5.661493572e-10
1.881247754e-09
1.184677755e-09
9.7040071e-10
9.369682303e-11
1.114740077e-09
8.292331848e-11
4.991201068e-10
1.145818729e-10
1.479404879e-10
1.8119012e-10
7.411392347e-10
1.118517385e-09
3.785499933e-09
5.770762635e-10
2.116594058e-10
5.526501444e-10
-5.968122274e-11
3.563576422e-09
5.293335007e-10
3.293920383e-11
2.285359651e-12
5.380616039e-11
2.8828476e-10
9.800655895e-10
3.54372337e-09
1.492047852e-09
6.721763038e-09
1.033577812e-08
1.913526389e-09
2.379677665e-09
2.419767431e-09
-2.586795021e-08
5.843514948e-10
8.497493259e-12
4.016526302e-09
2.69686527e-09
2.403539415e-10
1.168747118e-09
2.417007455e-09
1.71108953e-09
1.635368731e-09
1.257245783e-09
1.584657882e-09
2.585040503e-10
4.320948208e-10
5.357090764e-10
6.832925473e-10
1.681966276e-09
1.796855024e-09
7.681653722e-10
5.288806245e-10
1.21586424e-09
6.464665408e-10
7.950779875e-10
1.450868865e-10
9.552702882e-11
4.220073439e-11
9.468334169e-11
1.015135743e-09
6.415161712e-10
1.371004516e-10
1.301939747e-10
8.738477432e-10
8.931066538e-10
6.187608422e-11
1.283355218e-10
1.020570061e-09
9.120939615e-10
1.693094392e-10
1.359113747e-09
1.201410881e-09
-1.261268844e-09
1.343763342e-09
-4.959117446e-09
-9.371990183e-09
5.349271589e-10
1.45207562e-09
8.320065369e-10
3.99515913e-10
8.567925796e-10
4.816108203e-10
2.707501713e-10
1.501169623e-10
4.842323869e-10
3.191461331e-10
7.717710304e-10
1.6288361e-09
2.940488551e-10
2.168453024e-10
-9.870769426e-11
1.703769035e-09
2.155314584e-10
2.203942162e-13
3.191476265e-09
1.058397722e-11
3.454828151e-13
3.556589666e-11
1.081122838e-10
2.592144609e-11
2.349295633e-11
2.405263999e-10
2.761675141e-10
4.524475109e-12
1.367002546e-10
1.491184806e-10
7.339402009e-11
2.013538567e-10
2.50748826e-10
2.732937871e-10
1.354718483e-10
3.967660962e-10
9.403950728e-10
1.751898803e-09
7.643460953e-10
9.115953537e-09
1.881334989e-09
8.949098498e-10
1.37333483e-08
7.749358745e-09
4.916626266e-09
6.714313152e-09
1.021710576e-08
4.492612441e-09
3.430915247e-09
1.085445025e-09
4.299552632e-09
2.08269511e-09
2.310368072e-09
5.100919416e-09
2.573994178e-09
7.162267558e-10
1.108741226e-09
1.921704896e-09
9.044701841e-10
1.723919716e-11
2.778551274e-10
5.265969991e-10
1.015483818e-09
6.73244008e-10
3.083098107e-10
2.543499493e-11
2.121539134e-12
4.903894446e-10
3.298291315e-09
3.550098894e-09
4.172547148e-09
1.002603866e-09
1.254074031e-09
1.644498598e-09
7.709350317e-12
7.620214778e-09
3.537302607e-09
3.066189705e-09
1.107687138e-09
1.462744867e-09
2.371627527e-09
3.115907403e-09
2.885129093e-09
2.404100385e-10
1.755186401e-10
8.418692308e-11
3.160647392e-10
2.236423145e-10
3.615754264e-10
)
;
    }
    wallFilmFaces_top
    {
        type            calculated;
        value           uniform 0;
    }
    region0_to_wallFilmRegion_wallFilmFaces
    {
        type            calculated;
        value           uniform 0;
    }
}


// ************************************************************************* //
