/*--------------------------------*- C++ -*----------------------------------*\
| =========                 |                                                 |
| \\      /  F ield         | OpenFOAM: The Open Source CFD Toolbox           |
|  \\    /   O peration     | Version:  2.1.x                                 |
|   \\  /    A nd           | Web:      www.OpenFOAM.org                      |
|    \\/     M anipulation  |                                                 |
\*---------------------------------------------------------------------------*/
FoamFile
{
    version     2.0;
    format      ascii;
    class       volVectorField;
    location    "1.2";
    object      Uf;
}
// * * * * * * * * * * * * * * * * * * * * * * * * * * * * * * * * * * * * * //

dimensions      [0 1 -1 0 0 0 0];

internalField   nonuniform List<vector> 
2828
(
(-0.3501359533 0 -0.03551087812)
(-0.7627974169 0 0.1854193571)
(-0.6072333476 0 0.2068940108)
(-0.5122207793 0 0.2193030577)
(-0.4708299773 0 0.203965117)
(-0.3365131058 0 -0.1723189579)
(-0.3742537432 0 -0.1502435589)
(-0.4821022251 0 -0.143019836)
(-0.512950991 0 -0.1038408109)
(-0.4739651375 0 -0.04775001811)
(-0.7348962824 0 0.1926920278)
(-0.5536592069 0 0.2125381983)
(-0.4876233419 0 0.2334354528)
(-0.445455372 0 0.2083430547)
(-0.413080069 0 0.121441485)
(-0.284587052 0 0.06367288079)
(-0.3004736815 0 0.08749829338)
(-0.415762312 0 -0.3229626466)
(-0.3909003879 0 -0.2718489043)
(-0.3829104686 0 -0.2161053246)
(-0.4341723127 0 -0.1844624672)
(-0.4982989549 0 -0.1615778528)
(-0.53718596 0 -0.1179780715)
(-0.6306809457 0 -0.06277545899)
(-0.6197619186 0 0.1802684918)
(-0.5373954088 0 0.1923212677)
(-0.4616003825 0 0.234535024)
(-0.4104906658 0 0.2136712592)
(-0.5430632117 0 0.06321265001)
(-0.313067576 0 0.07001291249)
(-0.3517160425 0 0.09992643668)
(-0.4227134047 0 0.3952667753)
(-0.4053626547 0 0.4287341617)
(-0.4421479876 0 -0.3954569986)
(-0.4388941161 0 -0.3587105667)
(-0.4265346665 0 -0.3087382488)
(-0.4234835318 0 -0.2531853003)
(-0.4547760501 0 -0.215095624)
(-0.4985140907 0 -0.1889461548)
(-0.5463343673 0 -0.1417477615)
(-0.7262672 0 -0.07548572104)
(-0.5298386337 0 0.109593215)
(-0.6197169307 0 0.1663285504)
(-0.4758856982 0 0.2157782455)
(-0.3808292928 0 0.1937520475)
(-0.6273183382 0 0.03683532172)
(-0.4152436332 0 0.0852149451)
(-0.412242028 0 0.1143071954)
(-0.5338806016 0 0.5718103134)
(-0.4676503425 0 0.4536773795)
(-0.3811543114 0 0.3573725293)
(-0.311361315 0 0.2972747123)
(-0.4254586315 0 -0.4414375531)
(-0.4497540081 0 -0.432151843)
(-0.4595390297 0 -0.4003946878)
(-0.4566697084 0 -0.3505083732)
(-0.4480642416 0 -0.2893410461)
(-0.4585067627 0 -0.2493201772)
(-0.4900650318 0 -0.2243608666)
(-0.5312005331 0 -0.175440422)
(-0.6995030859 0 -0.09277207244)
(-0.6530432944 0 0.03758209125)
(-0.6639560916 0 0.1304450551)
(-0.4799116759 0 0.182378211)
(-0.3735090793 0 0.08371398769)
(-0.6270311211 0 0.0386504778)
(-0.4870621903 0 0.0869979531)
(-0.5059304328 0 0.2000181656)
(-0.5649039652 0 0.5329538737)
(-0.5308639629 0 0.4145041571)
(-0.414376315 0 0.3363595469)
(-0.2875397226 0 0.2970417985)
(-0.2127199674 0 0.2965244392)
(-0.3681110883 0 -0.4334863841)
(-0.4027125653 0 -0.4543634288)
(-0.4359743089 0 -0.4578138641)
(-0.4608028458 0 -0.4387446617)
(-0.4689223757 0 -0.3947897977)
(-0.4528805551 0 -0.3329771904)
(-0.4462168525 0 -0.2937782394)
(-0.4779225175 0 -0.2674162402)
(-0.5217096548 0 -0.2166305179)
(-0.5871085912 0 -0.1257798867)
(-0.7044564833 0 -0.01152994456)
(-0.6314058334 0 0.09194461538)
(-0.4252573853 0 0.1191344412)
(-0.4142318358 0 -0.05654234035)
(-0.5753946794 0 0.03810283233)
(-0.5022245809 0 0.0837891117)
(-0.5599237414 0 0.1495501082)
(-0.6524532151 0 0.3927885367)
(-0.6209663063 0 0.4246306315)
(-0.4299019742 0 0.5336313251)
(-0.3027811225 0 0.5395903793)
(-0.2495333927 0 0.5088885922)
(-0.2216183751 0 0.4826975913)
(-0.301776947 0 -0.3853149866)
(-0.328770937 0 -0.4167311443)
(-0.3667325222 0 -0.4529447516)
(-0.4061414059 0 -0.4733895179)
(-0.4380836166 0 -0.470540848)
(-0.4479318775 0 -0.4400056858)
(-0.4234970596 0 -0.3879561253)
(-0.4187502871 0 -0.3524164908)
(-0.4673212657 0 -0.322492779)
(-0.5357640924 0 -0.2624836849)
(-0.585953998 0 -0.1512403882)
(-0.6832507461 0 -0.04893093059)
(-0.557641941 0 0.07083255682)
(-0.3490228028 0 0.003352068883)
(-0.4239394318 0 -0.08615067526)
(-0.5322065148 0 0.03774479316)
(-0.5169218257 0 0.08965143275)
(-0.7427109326 0 0.2021178013)
(-0.2411062738 0 0.3497343874)
(-0.726612704 0 1.08115605)
(-0.4887981486 0 0.9913786127)
(-0.3677501291 0 0.9095049715)
(-0.2966557258 0 0.8362136689)
(-0.2334610732 0 0.7208186194)
(-0.223936268 0 -0.3041323715)
(-0.2528370829 0 -0.3395275435)
(-0.2851756619 0 -0.3857805181)
(-0.3242116202 0 -0.4390735922)
(-0.3643298843 0 -0.4798893097)
(-0.3878060668 0 -0.4975797074)
(-0.3804056615 0 -0.4903710146)
(-0.3555278613 0 -0.4565640575)
(-0.3801653334 0 -0.4282592304)
(-0.4566846797 0 -0.3911487507)
(-0.8098137058 0 -0.1852106406)
(-0.6485292434 0 -0.2249052708)
(-0.7763176131 0 -0.09629241607)
(-0.515421207 0 0.08644617374)
(-0.4083696738 0 0.08382675145)
(-0.4310666362 0 -0.1117030189)
(-0.5428893975 0 0.0436015957)
(-0.6091343841 0 0.1208323595)
(-1.094916799 0 0.3346955827)
(-0.4284118606 0 0.3674769814)
(-0.4112119572 0 0.8279853085)
(-0.3815561583 0 1.253468321)
(-0.2942482814 0 1.251225072)
(-0.2275782363 0 1.115341376)
(-0.1707141457 0 0.9010573698)
(-0.2092125836 0 -0.1901507127)
(-0.1901559749 0 -0.2678937553)
(-0.2071094745 0 -0.2893141542)
(-0.2385778677 0 -0.3386300424)
(-0.2754064873 0 -0.4057173121)
(-0.309228606 0 -0.4712709921)
(-0.3042686769 0 -0.5177512448)
(-0.2696677977 0 -0.5415311591)
(-0.2764779649 0 -0.531920424)
(-0.3332415888 0 -0.5099596772)
(-0.4782019265 0 -0.4323400955)
(-1.216303365 0 0.06304952419)
(-1.097407136 0 -0.2038403745)
(-1.051415875 0 -0.205240539)
(-0.5918773098 0 0.1749155947)
(-0.3753004342 0 0.1744634037)
(-0.4116065499 0 -0.0329752252)
(-0.57955048 0 0.0486878167)
(-0.7704682738 0 0.2091058305)
(-0.9482382015 0 1.16087194)
(-0.2464908528 0 0.07429083172)
(-0.04015104726 0 0.2867320991)
(0.3588680449 0 0.8008367911)
(0.2726607086 0 0.7600958291)
(0.0350843503 0 0.5194625263)
(-0.100068678 0 0.3600667741)
(0.1449177158 0 -0.05557608526)
(-0.1889992973 0 0.1089254733)
(-0.1915127518 0 -0.2644961918)
(-0.1695897557 0 -0.2488181915)
(-0.1750542318 0 -0.2575758956)
(-0.2000942148 0 -0.292672738)
(-0.2284736043 0 -0.3527675573)
(-0.2425808975 0 -0.4313212558)
(-0.2163403445 0 -0.5210510644)
(-0.1985309891 0 -0.5829658207)
(-0.2286570437 0 -0.5894022209)
(-0.2800713389 0 -0.5670235421)
(-0.4513595342 0 -0.4704581335)
(-1.324021357 0 0.1806236738)
(-1.616297307 0 -0.1734724927)
(-1.49802634 0 -0.5141129206)
(-0.6732774277 0 0.3747398032)
(-0.3164479021 0 0.2789686903)
(-0.3628131603 0 0.2284179818)
(-0.1817926917 0 -0.08670556028)
(0.5793136807 0 0.2893432172)
(-0.0135260584 0 0.2430895078)
(-0.2009864662 0 -0.02828186853)
(-0.04482425965 0 0.1657988625)
(0.1130607011 0 0.2967184339)
(0.1428962751 0 0.3406004554)
(0.1402864646 0 0.3858305539)
(0.09520735783 0 0.434734834)
(-0.6638228942 0 0.541799005)
(-0.03695192406 0 0.004677464243)
(-0.2855533714 0 -0.3881493307)
(-0.1863778244 0 -0.2682017218)
(-0.1443448454 0 -0.2331840921)
(-0.1727150756 0 -0.2792377708)
(-0.2292836468 0 -0.40446722)
(-0.2623599465 0 -0.5333422668)
(-0.2404214217 0 -0.5870616896)
(-0.1930355222 0 -0.6130744113)
(-0.1704069153 0 -0.624917604)
(-0.1950649765 0 -0.6176641722)
(-0.381710115 0 -0.5668108852)
(-1.816873813 0 -0.5908773092)
(-2.037903945 0 -0.4715672427)
(-1.825016059 0 -1.162726408)
(-0.4164465296 0 0.5831428046)
(-0.4652008745 0 0.4260579988)
(-0.2995327833 0 0.3480608885)
(-0.6271384526 0 -0.4148280626)
(-0.767910284 0 0.5298207818)
(-0.5459115227 0 0.4948766107)
(-0.2366606261 0 0.04574298692)
(-0.4212754926 0 -0.1574339186)
(-0.9431639797 0 0.3098973636)
(-0.8904773932 0 0.633677645)
(-0.6078814612 0 0.6082974813)
(-0.4230550702 0 0.5006577876)
(-2.879249208 0 0.3163704078)
(-1.169347031 0 0.9778413089)
(-0.3855766654 0 -0.6588204097)
(-0.272007472 0 -0.4547870979)
(-0.1605063183 0 -0.4090156687)
(-0.2315143048 0 -0.6380599049)
(-0.2931697074 0 -0.7708024345)
(-0.3050610414 0 -0.7892040001)
(-0.2483230932 0 -0.7610296897)
(-0.1604727666 0 -0.7327161106)
(-0.09117470385 0 -0.6881597061)
(-0.1027116145 0 -0.6851547309)
(-1.315471135 0 -1.381828916)
(-2.208917849 0 -1.443861435)
(-2.464384156 0 -1.047429323)
(-1.21688722 0 -2.390315946)
(-0.3390661985 0 0.5329345578)
(-1.147008541 0 0.3224971381)
(-0.7675678238 0 0.2574452649)
(-0.4625035722 0 -0.5350234085)
(-1.475441212 0 1.16574748)
(-1.411448138 0 1.362156152)
(-1.064272882 0 1.221151)
(-0.5373762749 0 -0.1000698658)
(-1.283443377 0 0.5850872517)
(-0.8700522449 0 0.8897811399)
(-0.5464005844 0 0.7458140755)
(-0.5261825875 0 1.200174387)
(-2.957961547 0 0.1577183399)
(-1.057900639 0 0.6444211893)
(-0.1626047003 0 0.9689556043)
(-0.1628234213 0 -0.6056417808)
(-0.2488555779 0 -0.9684622916)
(-0.2737598636 0 -1.076382437)
(-0.2833219932 0 -1.070696463)
(-0.2860821846 0 -0.9708343829)
(-0.2976737639 0 -0.8806712132)
(-0.3284393794 0 -0.833804785)
(-0.3438891817 0 -0.7716281284)
(-0.315107195 0 -0.7239776153)
(-0.8193005449 0 -1.362553716)
(-1.699904731 0 -2.29195495)
(-2.131081698 0 -2.198845939)
(-2.344133323 0 -1.593935551)
(0.6213836659 0 -0.3374920434)
(-0.3822173484 0 0.4888826811)
(-1.192112565 0 0.4664560734)
(-1.24923364 0 0.6122054336)
(-0.8710198576 0 0.4939052137)
(-1.112984672 0 1.214737759)
(-1.17474186 0 1.617988118)
(-1.126822352 0 1.933331746)
(-0.9024899346 0 1.670096333)
(-0.7154866061 0 0.9253575813)
(-0.5133731272 0 1.082484313)
(-0.3236430923 0 0.7619673913)
(-0.893160565 0 -0.5993968572)
(-2.523753329 0 0.03729016312)
(-0.2143273543 0 0.2078359376)
(0.06937745498 0 -0.2746765352)
(-0.1687313811 0 -0.7532305732)
(-0.2208549876 0 -1.117711054)
(-0.2303356316 0 -1.260614238)
(-0.2244163764 0 -1.203198291)
(-0.2088660873 0 -1.065165112)
(-0.2126498398 0 -1.017174017)
(-0.2494255315 0 -1.089273387)
(-0.3222909061 0 -1.244175179)
(-0.4399174622 0 -1.439058142)
(-0.6381927151 0 -1.610408751)
(-1.081860862 0 -2.089643018)
(-1.296390139 0 -2.682983474)
(-1.371590598 0 -2.769998274)
(-1.735682759 0 -2.957322873)
(-0.4599319391 0 1.972758137)
(-0.6881766975 0 1.420922429)
(-1.006121464 0 0.6709347443)
(-1.327318249 0 0.8430353682)
(-1.215959286 0 1.123200181)
(-1.006368596 0 1.379297635)
(-0.7389140118 0 1.588725071)
(-0.6664485305 0 1.989788722)
(-0.6984165266 0 2.315941717)
(-0.5283876934 0 1.831945825)
(0.2013932304 0 0.4441571376)
(-0.3351985731 0 -0.9949224342)
(-0.5761127273 0 -1.39422767)
(-1.366915185 0 -0.04113623768)
(-0.5269979543 0 0.9677521065)
(0.188621145 0 -0.3572302194)
(-0.09851918405 0 -0.4306009648)
(-0.1332836982 0 -0.8491445388)
(-0.1482962197 0 -0.9786137831)
(-0.1410701955 0 -0.9154289919)
(-0.1271411826 0 -0.8358509658)
(-0.1139567873 0 -0.8073016885)
(-0.1143661833 0 -0.8563983877)
(-0.1392078306 0 -1.024395726)
(-0.2122071122 0 -1.438788641)
(-0.3372415282 0 -2.084039164)
(-0.5158036914 0 -2.781290985)
(-0.7339763258 0 -2.376667543)
(-0.4835850292 0 -0.2254459841)
(1.494311041 0 -0.1966698998)
(0.267798679 0 -0.5561666475)
(-1.447986635 0 0.5856186593)
(-1.301866395 0 0.3997445426)
(-1.209626123 0 0.9358763393)
(-1.118562888 0 1.370130887)
(-0.6947459198 0 1.712428174)
(-0.1092917964 0 1.629656812)
(-0.1134611635 0 1.199312606)
(-0.536019558 0 0.5079998873)
(-0.4163188383 0 0.4129809829)
(-0.1338713643 0 0.2438656623)
(0.03685422436 0 0.210612108)
(0.03783676939 0 0.1418960477)
(2.218237976 0 -0.01449563946)
(0.09419854973 0 -0.1598547166)
(0.05507227432 0 -0.02379162791)
(-0.1071607075 0 -0.5362026033)
(-0.1287448129 0 -0.6068004535)
(-0.1479033731 0 -0.6682257286)
(-0.1578037415 0 -0.6905320465)
(-0.1497439855 0 -0.6501902371)
(-0.08960677676 0 -0.5658005432)
(-0.003090683677 0 -0.5125670186)
(0.1239446783 0 -0.5597494297)
(0.3901050462 0 -0.8794892942)
(0.5881952715 0 -1.087464424)
(0.8077078794 0 -1.281376706)
(1.069310893 0 -1.384650476)
(1.414981017 0 -1.246161608)
(0.6364715697 0 0.8417933948)
(1.167996642 0 0.2531297717)
(-0.7892817972 0 0.5130088508)
(-1.184901416 0 0.4443482078)
(-1.033616606 0 1.81928511)
(-0.7338216423 0 1.637768307)
(-0.6422258546 0 1.557969369)
(-0.490685803 0 1.479828162)
(0.1165346583 0 1.258682573)
(0.1407091263 0 0.3244981668)
(0.03948369739 0 0.1640396921)
(0.03394948381 0 0.1479944932)
(0.1100841039 0 -0.0257518624)
(0.1257522565 0 0.01059022311)
(2.006894207 0 -0.01279075469)
(0.04571700542 0 0.05402864541)
(0.008264167322 0 0.1569351629)
(-0.08148919679 0 -1.173794262)
(-0.09836054201 0 -1.428846898)
(-0.1149878352 0 -1.701452169)
(-0.1294075723 0 -1.957998941)
(-0.1260638613 0 -1.996686806)
(0.03424002169 0 -0.4540612189)
(0.004242723752 0 -0.4197580799)
(0.2265332122 0 -0.6252171185)
(0.5692092986 0 -0.9583573764)
(0.7891826288 0 -1.104809584)
(0.8759658096 0 -1.004007497)
(1.01045818 0 -0.8832907245)
(1.189479698 0 -0.663457081)
(0.5808118462 0 0.3110616855)
(1.184838011 0 -0.5079079145)
(2.04409667 0 0.326887589)
(1.405884493 0 0.9847593276)
(1.036039907 0 1.082187808)
(0.4836165387 0 0.4093776162)
(0.2058737797 0 0.4850126967)
(0.2429354193 0 0.4098821049)
(0.4260073378 0 0.5834887665)
(0.5698431942 0 0.9809090272)
(0.6487255697 0 1.278699007)
(0.6402922368 0 1.370639079)
(0.2204046199 0 0.2632725389)
(0.1412732162 0 0.03767675488)
(1.277076024 0 0.01556028739)
(0.001560943458 0 0.3684072028)
(-0.05338162289 0 0.4511885968)
(0.05651868467 0 -0.3579904359)
(0.07431467079 0 -0.3929961301)
(0.1042327992 0 -0.4525308081)
(0.1319980418 0 -0.4782453818)
(0.1115281056 0 -0.4127935459)
(0.2300168001 0 -0.6066881903)
(0.5544958417 0 -1.223179013)
(0.4105741967 0 -0.8099798042)
(0.5582646861 0 -0.8168113568)
(0.8515053933 0 -1.008364908)
(1.03117578 0 -0.9673092746)
(1.075612074 0 -0.7604181591)
(1.041015669 0 -0.4986961709)
(0.7028178879 0 -0.08773546642)
(1.329730873 0 -0.5847606485)
(2.106832867 0 0.2897752819)
(1.708321063 0 0.8036093722)
(1.133047663 0 0.8285608069)
(0.4396771514 0 0.4715145993)
(0.2816397601 0 0.4959852562)
(-0.6158619518 0 1.444705689)
(-0.5262751217 0 1.274583271)
(0.01454010163 0 0.7889686943)
(0.2386907623 0 0.5595107989)
(0.3223592907 0 0.5977546091)
(0.2841855377 0 0.5556368921)
(0.2131304821 0 0.1505858652)
(0.166508483 0 0.1933118005)
(0.120107575 0 0.3661178409)
(0.08018854683 0 0.4382451106)
(0.06081221883 0 -0.2205817304)
(0.1670615658 0 -0.3730904996)
(0.5519241648 0 -0.8443321363)
(1.068791879 0 -1.506848327)
(1.350095034 0 -1.806768885)
(1.332427438 0 -1.682741921)
(0.8803034626 0 -1.057847629)
(0.4821598361 0 -0.5820396385)
(0.7404622919 0 -0.764568143)
(0.9970897503 0 -0.8412789099)
(1.126300829 0 -0.7436543004)
(1.466000471 0 -1.112349633)
(2.99711875 0 -2.929134916)
(2.928346339 0 -1.941448779)
(3.6566143 0 1.893102372)
(2.567866665 0 1.40868543)
(0.8709292617 0 0.5117823482)
(0.4323668643 0 0.3895030179)
(0.3286506135 0 0.4243438156)
(1.124329041 0 1.472303341)
(1.163187539 0 2.230352767)
(0.9010051851 0 2.046892105)
(0.6238338014 0 1.511712612)
(0.4343075073 0 1.07569461)
(0.3156650902 0 0.7623130786)
(0.2304239683 0 0.4270797567)
(0.1931424145 0 0.3802793701)
(0.1597788813 0 0.3565535598)
(0.1309154757 0 0.3409704169)
(0.2691357675 0 -0.5767762545)
(0.5906063664 0 -0.8598827387)
(0.7808885782 0 -1.058410285)
(0.9977111345 0 -1.287117031)
(1.137686385 0 -1.388596286)
(1.183173562 0 -1.348987785)
(0.8675577658 0 -0.9134405205)
(0.4963519205 0 -0.4128906616)
(0.6259522049 0 -0.4861989802)
(0.8175815109 0 -0.6199127385)
(0.9765477376 0 -0.6525944625)
(1.224045973 0 -0.7871452286)
(3.81175023 0 -2.688028893)
(5.620570989 0 -2.263006684)
(4.469542831 0 1.850519075)
(2.505262801 0 1.255225355)
(0.7951902984 0 0.6064622097)
(0.4692949151 0 0.3645163907)
(0.3346872495 0 0.3353565069)
(0.9108095353 0 0.964191601)
(1.152668968 0 1.501979486)
(0.9998698376 0 1.579437547)
(0.782917715 0 1.416658592)
(0.575279697 0 1.1410665)
(0.4172813934 0 0.8739917318)
(0.3041362887 0 0.6474843603)
(0.2456642585 0 0.5161624157)
(0.212442176 0 0.4406627516)
(0.1763186106 0 0.3733444258)
(0.593292284 0 -0.8529492865)
(0.8404963173 0 -1.11955236)
(0.9071099512 0 -1.155531886)
(0.9423675875 0 -1.142860463)
(0.9825087717 0 -1.125421133)
(0.9410276133 0 -1.003944004)
(0.6366920312 0 -0.5888983107)
(0.5746597602 0 -0.3909686324)
(0.684399697 0 -0.3979431575)
(0.7506705823 0 -0.4595442253)
(0.7717252099 0 -0.513145445)
(0.8293367807 0 -0.5376912837)
(3.026071709 0 -1.569122576)
(6.231000657 0 -1.714263336)
(3.383211046 0 1.19798338)
(1.393899889 0 0.6989437538)
(0.8299386204 0 0.5678623726)
(0.5572400992 0 0.4773885359)
(0.3259346054 0 0.3532380299)
(0.192600913 0 0.30153932)
(0.33842401 0 0.4259199034)
(0.5368053318 0 0.6628685073)
(0.5922309606 0 0.8232647593)
(0.5477502618 0 0.8536638098)
(0.4622820325 0 0.7878967213)
(0.3687726174 0 0.6703190914)
(0.3003455597 0 0.5658586043)
(0.2684964269 0 0.5106603369)
(0.9192144764 0 -1.179080514)
(1.013375279 0 -1.241456768)
(0.9358784177 0 -1.091734799)
(0.8464897099 0 -0.9345554412)
(0.7131177615 0 -0.7281961086)
(0.545309094 0 -0.4540206594)
(0.6318768248 0 -0.4067202219)
(0.7649956339 0 -0.4160832078)
(0.8231937491 0 -0.4475184178)
(0.7685103196 0 -0.4629616346)
(0.926399797 0 -0.5106210468)
(1.679660811 0 -0.7313259721)
(5.200953745 0 -1.146186683)
(1.748561281 0 0.6203446162)
(0.8845125014 0 0.4473449438)
(0.1511163544 0 -0.0323893312)
(0.1828877159 0 0.1187051467)
(0.1256822779 0 -0.01853569255)
(0.1640261481 0 0.1102213607)
(0.1385477626 0 0.2397434998)
(0.1637147475 0 0.3480628866)
(0.2305871966 0 0.4117389093)
(0.298768489 0 0.460377447)
(0.3314815372 0 0.5107981126)
(0.3322340624 0 0.5505526552)
(0.3265905293 0 0.5783465788)
(0.3255882203 0 0.6037716404)
(0.6995628151 0 -0.888863764)
(0.8939971673 0 -1.077481948)
(0.8493393371 0 -0.9770219248)
(0.7017481298 0 -0.761454561)
(0.5410950966 0 -0.5295035557)
(0.4868546631 0 -0.3903827107)
(0.6174717422 0 -0.3943842767)
(0.7897257967 0 -0.4278605796)
(0.8946385058 0 -0.468410019)
(0.8755820632 0 -0.478209536)
(0.9869296082 0 -0.4601280483)
(1.448620198 0 -0.5009216203)
(1.534441046 0 -0.2936441148)
(0.4371385746 0 -0.1312359662)
(0.2857969343 0 -0.1150424719)
(0.2370831272 0 -0.01738604868)
(-0.06682623584 0 -0.2911040634)
(-0.1345718107 0 -0.309659811)
(-0.1033524375 0 -0.1989688751)
(0.1581453171 0 0.1311285677)
(0.203556778 0 0.269140194)
(0.246139475 0 0.3743508381)
(0.2935349175 0 0.4550531564)
(0.3329712513 0 0.5228130809)
(0.3555616465 0 0.5866443962)
(0.3613448239 0 0.639641123)
(0.4729685753 0 -0.5725370949)
(0.5182226799 0 -0.5815459667)
(0.4502065087 0 -0.4570643451)
(0.4169354385 0 -0.3736999644)
(0.4137479923 0 -0.3306837341)
(0.4963346098 0 -0.3256298154)
(0.7290410709 0 -0.3875304051)
(0.931141512 0 -0.4633334802)
(1.015639846 0 -0.4931365386)
(1.101775926 0 -0.4416433769)
(1.27522382 0 -0.3543718854)
(0.7925801466 0 -0.2119441487)
(0.3029078143 0 -0.202981562)
(0.2438817857 0 -0.03135333552)
(-0.06104896638 0 -0.08407619708)
(-0.3556109901 0 -0.3861535669)
(-0.3347023505 0 -0.3975546054)
(-0.2855100151 0 -0.3608849094)
(-0.1737382788 0 -0.222439655)
(0.1654525843 0 0.1625387912)
(0.2455770518 0 0.2934657532)
(0.3060247928 0 0.4014154862)
(0.3467545436 0 0.4908290595)
(0.3645607024 0 0.5603597119)
(0.3673542512 0 0.6069812749)
(0.3759401016 0 -0.4220469346)
(0.382590695 0 -0.3893904944)
(0.3817591092 0 -0.3535765381)
(0.376976838 0 -0.3204567524)
(0.3622429202 0 -0.2854286371)
(0.3488893969 0 -0.24506741)
(0.5428091446 0 -0.2713070802)
(0.9017679845 0 -0.4076248812)
(1.1115177 0 -0.4798164948)
(1.288243349 0 -0.4565109441)
(1.426315462 0 -0.3524015643)
(1.172202308 0 -0.2355692957)
(0.1954320779 0 -0.1089626696)
(0.09294068778 0 -0.06896539418)
(-0.2434160552 0 -0.1630610776)
(-0.3374800403 0 -0.2636034369)
(-0.4321845836 0 -0.3641183747)
(-0.511622852 0 -0.457609083)
(-0.5328277636 0 -0.4686286102)
(-0.4476054236 0 -0.381848809)
(0.2294294338 0 0.2118817765)
(0.2871467644 0 0.3204680282)
(0.3150733001 0 0.4083466204)
(0.3157402659 0 0.4645173317)
(0.3908382211 0 -0.3722078522)
(0.3780450978 0 -0.3346382201)
(0.3590846464 0 -0.2930401335)
(0.3295347409 0 -0.2487523183)
(0.3087813662 0 -0.2010716466)
(0.3947647642 0 -0.1662475198)
(0.7686371579 0 -0.2883016401)
(1.066659202 0 -0.4168097794)
(1.29423174 0 -0.4357358735)
(1.488794071 0 -0.3754538742)
(1.344533012 0 -0.2706106595)
(0.2170590937 0 -0.06829087329)
(0.2330057755 0 -0.01575259849)
(0.346238439 0 0.2813195439)
(0.2492450546 0 0.253348028)
(-0.3595739018 0 -0.2864023058)
(-0.5215993155 0 -0.4684898805)
(-0.6240652756 0 -0.5501127806)
(-0.6772156337 0 -0.5815932941)
(-0.5979788098 0 -0.4994994203)
(0.2854807222 0 0.2239552893)
(0.2881098485 0 0.2912218413)
(0.3497586059 0 -0.2893026792)
(0.3239562758 0 -0.2423771612)
(0.300211716 0 -0.2002214652)
(0.3177219045 0 -0.166924989)
(0.4243394312 0 -0.1463557054)
(0.6171087802 0 -0.1590583588)
(0.8847739085 0 -0.2948976834)
(1.084738705 0 -0.3544441881)
(1.273614722 0 -0.3375412893)
(1.164686994 0 -0.2493949136)
(0.2973786091 0 -0.07339685131)
(0.6657023158 0 0.003630915177)
(0.4909618834 0 0.2947625251)
(0.2963586345 0 0.2367546221)
(-0.08723777053 0 -0.01665023206)
(-0.4609705141 0 -0.413758809)
(-0.6379005616 0 -0.5740597073)
(-0.7681863534 0 -0.6762642925)
(-0.8352015939 0 -0.6997911756)
(0.3106654358 0 0.2011808781)
(0.2883223235 0 -0.1547225812)
(0.3402305615 0 -0.1464024496)
(0.4705109025 0 -0.1443924346)
(0.6573496514 0 -0.1488590628)
(0.7115073325 0 -0.162784899)
(0.7557875102 0 -0.2088913969)
(0.8351889557 0 -0.2239489958)
(0.763989866 0 -0.1697081137)
(0.4021814356 0 -0.0586712976)
(0.8121866189 0 0.001201322677)
(0.509025042 0 0.2215204455)
(0.3176687751 0 0.2055229047)
(0.1871737682 0 0.1486327734)
(-0.4015911936 0 -0.199114645)
(-0.5418630663 0 -0.5004177571)
(-0.7863112683 0 -0.7242076491)
(-0.8974668807 0 -0.7890689273)
(0.3465713392 0 -0.1343148698)
(0.5121113768 0 -0.1543331862)
(0.7497923196 0 -0.1715759321)
(0.7618069657 0 -0.1511033807)
(0.6374937228 0 -0.1365894723)
(0.4136373796 0 -0.1062506372)
(0.4878041744 0 -0.09465133269)
(0.4866988929 0 -0.04795514308)
(0.7793532884 0 0.003494567854)
(1.253253832 0 0.2538059267)
(1.794384678 0 1.419603748)
(0.5698894543 0 0.5067993693)
(0.719094626 0 0.6825442278)
(0.0899647829 0 0.01047447416)
(0.8371258476 0 -0.1668706036)
(0.6965901526 0 -0.1464783604)
(0.4312794024 0 -0.1098751183)
(0.5145993191 0 -0.09465302604)
(0.5429850322 0 -0.04559773922)
(0.7254806893 0 0.004599993379)
(0.5160361861 0 0.1054613243)
(1.778335575 0 1.043750367)
(1.090143206 0 0.9063695822)
(-0.4236902367 0 -0.1430583413)
(-0.4622058135 0 -0.1373344547)
(-0.4843704441 0 -0.1223234223)
(-0.4897480816 0 -0.1050799847)
(-0.4650438659 0 -0.07331091565)
(-0.4490733357 0 -0.06945266073)
(-0.400071057 0 -0.04143408616)
(-0.8242332898 0 0.1594456837)
(-0.8473247426 0 0.1653122972)
(-0.7549232606 0 0.1898301239)
(-0.6495944666 0 0.1992925554)
(-0.6700338145 0 0.1949997853)
(-0.5869654909 0 0.2119944095)
(-0.5429739339 0 0.2239408504)
(-0.5579727332 0 0.2175394295)
(-0.502121703 0 0.226873245)
(-0.4706891639 0 0.2183881016)
(-0.4803514237 0 0.2125316649)
(-0.4640579887 0 0.2019003579)
(-0.4363414816 0 0.1804808739)
(-0.3920356136 0 0.1411919755)
(-0.3169844847 0 0.09356999105)
(-0.2864425127 0 0.06610979598)
(-0.37659685 0 -0.2534273334)
(-0.3599943854 0 -0.2219276959)
(-0.3510883281 0 -0.1903172459)
(-0.3736315544 0 -0.1749370671)
(-0.3448278975 0 -0.15385545)
(-0.4136785349 0 -0.1682775001)
(-0.4591794151 0 -0.1625938899)
(-0.4306635248 0 -0.1501717085)
(-0.2926679582 0 0.06580885896)
(-0.2936151207 0 0.0759913591)
(-0.2841353847 0 0.07440855954)
(-0.3199405115 0 0.09196829769)
(-0.3389220104 0 0.1533182786)
(-0.3210042663 0 0.120494851)
(-0.3701940102 0 0.2937806296)
(-0.3871501728 0 0.3764976189)
(-0.4326808541 0 -0.3612608021)
(-0.4261640553 0 -0.3398195316)
(-0.4183230372 0 -0.3163329213)
(-0.4042027761 0 -0.2990436201)
(-0.438348041 0 0.4528893781)
(-0.4030130099 0 0.4039453836)
(-0.3920529617 0 0.4058086798)
(-0.3740454066 0 0.3668958313)
(-0.4317995159 0 -0.4316856049)
(-0.4408283017 0 -0.4246713607)
(-0.4402915251 0 -0.4097166409)
(-0.4478440423 0 -0.4145377344)
(-0.4510654057 0 -0.3991252144)
(-0.4405420006 0 -0.3787814272)
(-0.4064179543 0 0.3514465826)
(-0.3563620491 0 0.3195652)
(-0.3468541396 0 0.3258206861)
(-0.3002964672 0 0.2865844453)
(-0.2505577187 0 0.2607647961)
(-0.3846035309 0 -0.4379526696)
(-0.3991777657 0 -0.4433220587)
(-0.4116416904 0 -0.4409386919)
(-0.2181256321 0 0.3713396014)
(-0.211749074 0 0.3825307278)
(-0.3234595942 0 -0.4030929241)
(-0.336159327 0 -0.4150187296)
(-0.355349946 0 -0.4256491363)
(-0.2302478897 0 0.6068080587)
(-0.3171207092 0 -0.3224814042)
(-0.2627024917 0 -0.345416709)
(-0.2781575993 0 -0.3629801612)
(-0.2924949879 0 -0.3828970782)
(-0.3144651447 0 -0.4003478786)
(-0.2143866463 0 0.7711382327)
(-0.1954722472 0 -0.425844824)
(-0.3069721894 0 -0.4575186464)
(-0.2086219727 0 -0.3103901356)
(-0.2047637522 0 -0.2841357093)
(-0.2146595212 0 -0.2946112357)
(-0.2358334401 0 -0.3178055948)
(0.1746996103 0 -0.2610587249)
(-0.1799160152 0 -0.01529209689)
(-0.04843480861 0 -0.007736735214)
(-0.1787239166 0 -0.2560122099)
(-0.18711984 0 -0.2647517765)
(-0.2051672082 0 -0.037530454)
(-0.2232765304 0 -0.3003213232)
(-0.1943785947 0 -0.2704876711)
(-0.178280317 0 -0.2527542477)
(-0.4502474596 0 0.6623632154)
(-0.08805056789 0 0.5355206277)
(-0.02207679995 0 0.0510052362)
(-0.3754636289 0 -0.5893052967)
(-0.3592324868 0 -0.5351415655)
(-0.3132038887 0 -0.4437890386)
(-0.2409727033 0 -0.3273646157)
(-1.355270646 0 0.9158186138)
(-0.5727599425 0 1.297802677)
(-0.4052204359 0 0.9642547907)
(-0.3284269703 0 1.350948933)
(-0.3644703486 0 -0.7489878586)
(-0.3984372708 0 -0.7115631442)
(-0.01146561562 0 -0.06806016036)
(-0.1252467305 0 -0.4595525267)
(-0.1734406498 0 -0.6762986304)
(-0.1066565643 0 -0.3016727396)
(0.16423581 0 -0.4095519487)
(0.3060296655 0 0.09456276203)
(-0.1471742016 0 -0.7573976019)
(-0.1699620486 0 -0.9614869924)
(-0.202389123 0 -0.9639920617)
(0.1542689794 0 -0.2409029784)
(-0.05440669998 0 0.1453926517)
(0.115816272 0 0.1871243599)
(-0.1024630587 0 -0.4375438208)
(-0.1100991588 0 -0.4611891941)
(-0.1145745021 0 -0.6534193925)
(-0.01261657173 0 0.09734098213)
(-0.02142814326 0 0.1344382088)
(-0.0118951458 0 0.09112832279)
(-0.1047850603 0 -0.7218199511)
(-0.1185112497 0 -0.7659242167)
(-0.1171956078 0 -0.5681880026)
(-0.02146376344 0 0.2827733441)
(-0.02981952152 0 0.2965724218)
(-0.001125305252 0 0.1839379313)
(0.05983540718 0 -0.5297040504)
(0.07382665384 0 -0.5746894581)
(-0.08962760951 0 -1.288233751)
(0.01221654878 0 0.5682340301)
(0.0005103683937 0 0.5889033584)
(-0.05720141711 0 0.4549831974)
(0.05564371212 0 -0.2608305214)
(0.05872474377 0 -0.3550695391)
(0.1152606716 0 0.3641030565)
(0.06632047661 0 0.4553075531)
(0.05371669124 0 -0.3527038357)
(0.0542017599 0 -0.2049274264)
(0.1471377337 0 0.3376860485)
(0.1913192202 0 -0.5172339911)
(0.4535808699 0 -0.7199243834)
(0.6150924794 0 -0.8900607819)
(0.449359544 0 -0.7247699635)
(0.2401808059 0 0.4797490149)
(0.2264637165 0 0.450099875)
(0.1904367223 0 0.3962338041)
(0.6610898595 0 -0.9145837489)
(0.7640195093 0 -1.02643758)
(0.73058252 0 -1.005543615)
(0.3008029055 0 0.5469647394)
(0.2912171926 0 0.5342574053)
(0.2566108013 0 0.4914773652)
(0.7264126341 0 -0.9506143793)
(0.7760073528 0 -1.019730337)
(0.3456019136 0 0.6444146428)
(0.5488277282 0 -0.705656879)
(0.6199589407 0 -0.7732463485)
(0.8360491796 0 -1.033073108)
(0.3730902487 0 0.6346073817)
(0.3726923773 0 0.6482287044)
(0.3614170564 0 0.6605151195)
(0.4426407203 0 -0.5539421723)
(0.3802102002 0 -0.448201016)
(0.3973459813 0 -0.4454851935)
(0.5239672969 0 -0.6097588577)
(0.3498779546 0 0.5208012999)
(0.3474056849 0 0.5363128121)
(0.3662004715 0 0.5884859247)
(0.3869839184 0 -0.398382898)
(0.380288683 0 -0.4076604884)
(0.2834525172 0 0.3976367209)
(0.3195838009 0 0.4867591865)
(0.3805887313 0 -0.3377983733)
(0.3876622669 0 -0.3547718513)
(0.2966462244 0 0.2633540069)
(0.2788066109 0 0.3172377191)
(0.3072001888 0 -0.2314893901)
(0.3295160965 0 -0.261719331)
(0.2987755823 0 -0.2094175169)
(0.2898388188 0 -0.1850936086)
(0.3127132164 0 -0.2194464468)
(-0.8873250452 0 -0.7502577412)
(0.04807765762 0 0.2020118086)
(0.3397921134 0 0.2249381858)
(0.2931515424 0 0.1887477866)
(0.3067111597 0 0.2256530027)
(0.2804451582 0 -0.1657057169)
(0.292140325 0 -0.1464340088)
(0.3131576947 0 -0.1415687856)
(0.3076574322 0 -0.1494664937)
(0.5244507746 0 -0.1283937983)
(0.3772712121 0 -0.5999836959)
(-0.8527371488 0 -0.7785937731)
(0.3783443566 0 -0.1337397491)
(0.5594968059 0 -0.168952224)
(0.6757448747 0 -0.1875494288)
(0.6566161058 0 -0.1732698772)
(0.7726953281 0 -0.1869901544)
(0.8347579274 0 -0.1733310603)
(0.7841142617 0 -0.1600659832)
(0.9516450531 0 0.8337532735)
(0.9228710122 0 0.8425473165)
(0.7406649824 0 0.7096541828)
(0.8604450976 0 0.7889309837)
(0.7329396623 0 0.6300794281)
(0.4399240004 0 0.2891632412)
(0.1644535822 0 0.04502120472)
(0.8475216192 0 -0.1777924959)
(0.7833059973 0 -0.1603357856)
(0.5128307995 0 -0.1203720222)
(0.5204265788 0 -0.1205242681)
(0.4469612498 0 -0.1117662483)
(0.4833980551 0 -0.1005887284)
(0.4659951265 0 -0.09558871656)
(0.5315305533 0 -0.09667251443)
(0.5623205267 0 -0.1023553178)
(0.5453274808 0 -0.1031935103)
(0.559123787 0 -0.0447929304)
(0.4437937821 0 -0.02473238658)
(0.4571951562 0 -0.024951311)
(0.6990810788 0 0.00313924878)
(0.4949200558 0 0.05382828327)
(0.5172284987 0 0.06901076149)
(0.4201721774 0 0.09115838044)
(1.781406964 0 0.8205956709)
(1.481162467 0 1.064935021)
(-0.4938769153 0 -0.1508154646)
(-0.5133792729 0 -0.1324672847)
(-0.5057264115 0 -0.1252866996)
(-0.5253119954 0 -0.1095963582)
(-0.537026914 0 -0.08444377883)
(-0.5078294518 0 -0.07849396512)
(-0.5541216588 0 -0.05557248231)
(-0.8157131266 0 0.1503503276)
(-0.813668944 0 0.1540890432)
(-0.6933379639 0 0.1912423337)
(-0.5638881753 0 0.1846285283)
(-0.6080500066 0 0.1980926825)
(-0.5273695186 0 0.2049608993)
(-0.4984354163 0 0.2252264553)
(-0.5198472413 0 0.2276059604)
(-0.4715904026 0 0.2368141868)
(-0.4457005497 0 0.2299285458)
(-0.4588514808 0 0.224766442)
(-0.4278824872 0 0.2116762187)
(-0.3943976474 0 0.1669229464)
(-0.4167867732 0 0.1784569916)
(-0.4695414507 0 0.09018488267)
(-0.3498927004 0 0.08156896197)
(-0.3197774136 0 0.08632817086)
(-0.4095159983 0 -0.2904166996)
(-0.4036320329 0 -0.2625809104)
(-0.3828103434 0 -0.2430473498)
(-0.4060416095 0 -0.2359534545)
(-0.4214872278 0 -0.2146102186)
(-0.4008563772 0 -0.196129632)
(-0.4474211866 0 -0.1998314284)
(-0.4754666232 0 -0.1881779531)
(-0.4704431291 0 -0.1750291945)
(-0.4991958663 0 -0.1741948702)
(-0.5205491046 0 -0.1545128769)
(-0.5177410939 0 -0.1422372255)
(-0.5453362696 0 -0.1287741104)
(-0.5853436321 0 -0.09997918046)
(-0.5653966119 0 -0.09149570087)
(-0.6912295861 0 -0.06944818128)
(-0.8094355116 0 0.1465097862)
(-0.8199365788 0 0.1479699821)
(-0.5377431922 0 0.1520624368)
(-0.615762451 0 0.1328319317)
(-0.5670558553 0 0.1598284194)
(-0.5770332955 0 0.1796857163)
(-0.5187595089 0 0.2066198081)
(-0.496956019 0 0.2169098828)
(-0.464634876 0 0.226846554)
(-0.4249090885 0 0.2302230717)
(-0.4334424452 0 0.2325921807)
(-0.3946729582 0 0.2101260258)
(-0.3561309549 0 0.1205482883)
(-0.3723673869 0 0.1475374316)
(-0.5983259575 0 0.04567486905)
(-0.4943032494 0 0.09080620715)
(-0.419852233 0 0.08602597501)
(-0.3585972949 0 0.07806586793)
(-0.3219703778 0 0.0827145942)
(-0.3062577628 0 0.07934558196)
(-0.3843905235 0 0.1067342362)
(-0.4784799547 0 0.3960334918)
(-0.3961072789 0 0.2477988517)
(-0.4900522399 0 0.5104797717)
(-0.4653093324 0 0.4961287293)
(-0.4150673205 0 0.4359767777)
(-0.4510162389 0 -0.3794416023)
(-0.4478018746 0 -0.3559226346)
(-0.4333433661 0 -0.3352641101)
(-0.4426706635 0 -0.328853973)
(-0.4378746314 0 -0.2993056379)
(-0.4216748793 0 -0.2804302297)
(-0.4373318517 0 -0.2705017645)
(-0.4443218803 0 -0.2471094439)
(-0.4351158508 0 -0.2308955991)
(-0.4584598512 0 -0.2312642132)
(-0.4763745883 0 -0.2196029772)
(-0.4771070243 0 -0.2029424763)
(-0.4954104562 0 -0.2057012343)
(-0.5155579994 0 -0.1851163588)
(-0.5201049854 0 -0.1688342539)
(-0.5403305354 0 -0.1572591502)
(-0.5859850779 0 -0.1235460081)
(-0.5922719611 0 -0.1102423369)
(-0.7308626031 0 -0.0820581861)
(-0.6714692162 0 0.1403045125)
(-0.7635045357 0 0.1439471793)
(-0.5912584248 0 0.06954257604)
(-0.7178126029 0 0.0840302448)
(-0.6716969066 0 0.1071457597)
(-0.6506659156 0 0.1499211116)
(-0.5659721598 0 0.1807921063)
(-0.5468017553 0 0.1952840239)
(-0.4837637091 0 0.2014104214)
(-0.4146761052 0 0.2063617167)
(-0.4203214778 0 0.2218253679)
(-0.3715206169 0 0.1539604501)
(-0.3746497888 0 0.01988983268)
(-0.353055109 0 0.07886126698)
(-0.6352401974 0 0.03542729992)
(-0.5708144564 0 0.08222248414)
(-0.5454984183 0 0.08913707055)
(-0.4599936405 0 0.08775818011)
(-0.3854051477 0 0.09272458504)
(-0.3477830163 0 0.08724946546)
(-0.4485410101 0 0.1435577863)
(-0.5778754732 0 0.5846778575)
(-0.5536740121 0 0.5314308905)
(-0.5504367667 0 0.5677121373)
(-0.5235158579 0 0.493022971)
(-0.4975302966 0 0.5109807853)
(-0.4967980252 0 0.4380810614)
(-0.457109146 0 0.3920518718)
(-0.4327981646 0 0.4048206915)
(-0.4165472112 0 -0.450174703)
(-0.4325144733 0 -0.4515702024)
(-0.4396654201 0 -0.440228247)
(-0.4454258054 0 -0.4465180992)
(-0.4555445423 0 -0.4359009888)
(-0.4562428737 0 -0.4185767823)
(-0.4629716924 0 -0.420308061)
(-0.4668467178 0 -0.3993596436)
(-0.4596881314 0 -0.3777180077)
(-0.4661224846 0 -0.3726880318)
(-0.4609518846 0 -0.3414715958)
(-0.4517145471 0 -0.3198095428)
(-0.4539621113 0 -0.3100524683)
(-0.45029097 0 -0.2852022656)
(-0.4497323574 0 -0.2649015806)
(-0.4544448691 0 -0.270000241)
(-0.4666478702 0 -0.2592100312)
(-0.4728291712 0 -0.2383078307)
(-0.4838096504 0 -0.2448529807)
(-0.5029764991 0 -0.2234826821)
(-0.508868122 0 -0.2033905643)
(-0.5239603513 0 -0.1955278535)
(-0.5550035906 0 -0.1602275667)
(-0.5707699351 0 -0.1407067448)
(-0.6396326858 0 -0.1109283019)
(-0.5211194183 0 0.1047556073)
(-0.565261972 0 0.1334996983)
(-0.6905821095 0 0.01137028666)
(-0.760425989 0 0.04384496864)
(-0.7486979202 0 0.06349669144)
(-0.6569399478 0 0.1100612177)
(-0.5564889051 0 0.1404045652)
(-0.5695343804 0 0.1621064079)
(-0.4606674309 0 0.1566410146)
(-0.379032482 0 0.132099709)
(-0.4016862146 0 0.1796446105)
(-0.3914885372 0 0.0008484708888)
(-0.4580012538 0 -0.05691722527)
(-0.417367095 0 -0.03332047089)
(-0.6040131494 0 0.03991828952)
(-0.5645128353 0 0.06803605537)
(-0.5753669987 0 0.07417546701)
(-0.4992269778 0 0.08501556009)
(-0.4640669841 0 0.1025557296)
(-0.4265229357 0 0.09768532684)
(-0.5466754409 0 0.2068386555)
(-0.5507794494 0 0.5728187885)
(-0.5750397271 0 0.5908211505)
(-0.5940944492 0 0.4835633645)
(-0.6171582692 0 0.4286408995)
(-0.5587310037 0 0.462079238)
(-0.5712442875 0 0.3885917993)
(-0.4963794911 0 0.3677875559)
(-0.4781795296 0 0.3706417396)
(-0.413740693 0 0.3637082108)
(-0.3361152169 0 0.3654613195)
(-0.3508702906 0 0.3146078032)
(-0.2774430267 0 0.3747884028)
(-0.2419082682 0 0.3806775823)
(-0.2330652829 0 0.2790932498)
(-0.3488724419 0 -0.426753443)
(-0.3661430149 0 -0.4415420605)
(-0.3840691384 0 -0.444487414)
(-0.3857089811 0 -0.4550726657)
(-0.4048961489 0 -0.4638320523)
(-0.4204199104 0 -0.4591700943)
(-0.4226448677 0 -0.4666765215)
(-0.4389487484 0 -0.464072699)
(-0.4496025328 0 -0.4509974866)
(-0.4526402361 0 -0.4554643429)
(-0.4616022533 0 -0.4398811503)
(-0.4678609645 0 -0.4201440607)
(-0.4633741421 0 -0.4169784124)
(-0.4563416491 0 -0.3882190454)
(-0.463164324 0 -0.3641030432)
(-0.4431178706 0 -0.3587427138)
(-0.4326001429 0 -0.33569466)
(-0.4448139171 0 -0.3086393405)
(-0.4341382084 0 -0.3210628317)
(-0.4492686752 0 -0.3090571939)
(-0.4585677706 0 -0.2825744855)
(-0.4727285627 0 -0.2929284161)
(-0.4986946672 0 -0.269874164)
(-0.4996835221 0 -0.2454091208)
(-0.5244345902 0 -0.2389724139)
(-0.5494985343 0 -0.1967561585)
(-0.5467506929 0 -0.179143754)
(-0.5743821427 0 -0.1347304349)
(-0.5881522113 0 -0.01374289114)
(-0.5473036262 0 0.04767345706)
(-0.6978556422 0 -0.03158230664)
(-0.7330413326 0 0.006508242475)
(-0.7512927098 0 0.02446969936)
(-0.5949982866 0 0.07843061044)
(-0.5079129141 0 0.1076831106)
(-0.5324119046 0 0.1198927238)
(-0.3771621607 0 0.06054404099)
(-0.3423365609 0 -0.04530984764)
(-0.3527755865 0 0.05229798536)
(-0.4240827901 0 -0.07679597542)
(-0.4783914552 0 -0.06518036626)
(-0.4757515073 0 -0.06103135396)
(-0.5491279872 0 0.03711609656)
(-0.5229664039 0 0.06290842943)
(-0.5445768911 0 0.06444419413)
(-0.5044445241 0 0.08498603168)
(-0.5442104485 0 0.1222879916)
(-0.4984921754 0 0.109394307)
(-0.6146819452 0 0.1652988493)
(-0.6961079505 0 0.09892963313)
(-0.4522466098 0 0.3813931267)
(-0.7899360415 0 0.4019235249)
(-0.8174864722 0 0.4561745731)
(-0.709746336 0 0.4007810575)
(-0.7026996946 0 0.7638553199)
(-0.5679708563 0 0.8107596879)
(-0.5247879619 0 0.5027853018)
(-0.4674880366 0 0.7937557317)
(-0.3960054776 0 0.764495015)
(-0.3517459811 0 0.5413046483)
(-0.3461376457 0 0.7320869695)
(-0.3094461955 0 0.6986264458)
(-0.2717864247 0 0.5265472803)
(-0.2805778381 0 0.6661547331)
(-0.2567998256 0 0.6366938632)
(-0.2298404752 0 0.4828248159)
(-0.3074647425 0 -0.4032278152)
(-0.3256274034 0 -0.4257172783)
(-0.346462277 0 -0.4352380104)
(-0.3462186264 0 -0.4478328898)
(-0.3670541308 0 -0.4657119641)
(-0.3869602479 0 -0.4660257962)
(-0.3867106761 0 -0.4778962676)
(-0.4038619996 0 -0.4842230305)
(-0.4236899857 0 -0.4750982592)
(-0.4167480356 0 -0.4844863107)
(-0.4232841013 0 -0.4782621655)
(-0.4471238712 0 -0.4590159768)
(-0.4208207645 0 -0.4645360994)
(-0.408744637 0 -0.443771018)
(-0.4387199621 0 -0.4146391003)
(-0.3937046493 0 -0.4207494918)
(-0.3885044442 0 -0.4019098684)
(-0.4135537073 0 -0.3667360931)
(-0.4006536853 0 -0.3882890546)
(-0.4268306847 0 -0.3749398334)
(-0.4389094665 0 -0.3396582404)
(-0.4607278464 0 -0.3563046686)
(-0.505763752 0 -0.326679957)
(-0.4987767882 0 -0.2977914008)
(-0.6035226336 0 -0.264924985)
(-0.7598588232 0 -0.1574096331)
(-0.5769553306 0 -0.2111549951)
(-0.6066653095 0 -0.1797976702)
(-0.641208131 0 -0.1027322672)
(-0.615500235 0 -0.06269925114)
(-0.7014787794 0 -0.06825030128)
(-0.803761331 0 -0.02503897595)
(-0.7412644278 0 -0.009195978269)
(-0.5274051263 0 0.07340406768)
(-0.4712780115 0 0.1175391282)
(-0.4876694326 0 0.1078158291)
(-0.3857172754 0 0.03494191672)
(-0.3449602506 0 -0.09407380742)
(-0.3460043096 0 -0.08966198219)
(-0.4237779024 0 -0.09707120459)
(-0.4889173115 0 -0.07783802956)
(-0.4785492852 0 -0.07046419102)
(-0.5298560637 0 0.0399578064)
(-0.5076839368 0 0.0682543364)
(-0.507694314 0 0.06384526208)
(-0.5502784241 0 0.1005874002)
(-0.7233984208 0 0.1810924418)
(-0.6159466514 0 0.1445078902)
(-0.9002628546 0 0.2548813253)
(-0.900993307 0 0.345189073)
(-0.7943511198 0 0.2675824535)
(-0.5310281014 0 0.3505246403)
(-0.4183395351 0 0.3773265166)
(-0.4546414764 0 0.3623032473)
(-0.616465645 0 1.034616613)
(-0.5519596196 0 1.133109263)
(-0.590179306 0 1.046041241)
(-0.4693911926 0 1.124370235)
(-0.4050421547 0 1.101332213)
(-0.4185030989 0 0.9468056784)
(-0.3550866563 0 1.072317492)
(-0.3153906237 0 1.038132141)
(-0.3286964992 0 0.8738572492)
(-0.2821248931 0 0.9952603355)
(-0.2522553198 0 0.9408895805)
(-0.2685039487 0 0.7954235843)
(-0.228789485 0 -0.3136161032)
(-0.2449590281 0 -0.3371849328)
(-0.2689602117 0 -0.3618282051)
(-0.2619636609 0 -0.3640461662)
(-0.2803618654 0 -0.393982614)
(-0.3035914398 0 -0.4122545717)
(-0.3005680738 0 -0.4254788375)
(-0.3210522403 0 -0.4546102425)
(-0.3451791528 0 -0.4623162054)
(-0.3386597205 0 -0.4783860142)
(-0.3493170988 0 -0.4962850778)
(-0.3792653319 0 -0.4915248223)
(-0.3502043443 0 -0.5091729802)
(-0.3417471013 0 -0.516755976)
(-0.3884708521 0 -0.4977822657)
(-0.3275494729 0 -0.5163772325)
(-0.3150159762 0 -0.5073197417)
(-0.3662095734 0 -0.4750691146)
(-0.3140518477 0 -0.4942882426)
(-0.3293429645 0 -0.4821220907)
(-0.3594986816 0 -0.4408516971)
(-0.3574687839 0 -0.4702115464)
(-0.3962773696 0 -0.4536308135)
(-0.412269297 0 -0.4140334855)
(-0.464769433 0 -0.4176173776)
(-0.6444344399 0 -0.3089204984)
(-0.5508403495 0 -0.3370744989)
(-1.045530483 0 -0.05862900626)
(-1.348216673 0 0.152617336)
(-1.111871287 0 0.0109658032)
(-0.7673685407 0 -0.2710774812)
(-0.8015405753 0 -0.2142243774)
(-0.7004464763 0 -0.1487920555)
(-0.8970788817 0 -0.1392093154)
(-1.065974752 0 -0.0742682372)
(-0.9174469985 0 -0.04508167738)
(-0.5373702027 0 0.117323006)
(-0.4386864143 0 0.1591952965)
(-0.4571471538 0 0.1349953452)
(-0.4015709251 0 0.1308074724)
(-0.3636823804 0 0.001221575702)
(-0.3489289711 0 -0.0740929467)
(-0.4359393228 0 -0.1154817498)
(-0.5501402516 0 -0.1059795088)
(-0.514244598 0 -0.08940628823)
(-0.5650471481 0 0.04767074393)
(-0.5737326612 0 0.09226504419)
(-0.5300336443 0 0.07756802062)
(-0.6903748425 0 0.1547308605)
(-1.02949069 0 0.3836767563)
(-0.8660754018 0 0.2442777237)
(-1.297637978 0 0.5043958597)
(-0.9551187404 0 0.6922792866)
(-0.9873041703 0 0.4701430444)
(-0.2885482022 0 0.2114004383)
(-0.2860783911 0 0.1404891442)
(-0.3375639744 0 0.2968588374)
(-0.2479123498 0 0.5421600847)
(-0.2317139727 0 1.151662838)
(-0.4221594688 0 1.148624729)
(-0.2223839087 0 1.465972815)
(-0.2111434025 0 1.552972605)
(-0.3353588367 0 1.272735722)
(-0.190871411 0 1.495476224)
(-0.1612144449 0 1.302297372)
(-0.2585080553 0 1.198250669)
(-0.1422363789 0 1.02508795)
(-0.1359329075 0 0.7759897859)
(-0.1995563094 0 1.00434241)
(-0.1302179307 0 0.6260137978)
(-0.05432789324 0 -0.001548080215)
(-0.02348141484 0 0.3411445408)
(-0.1781627493 0 -0.2562525457)
(-0.1817897666 0 -0.2605808489)
(-0.1965070141 0 -0.2747718337)
(-0.1896146737 0 -0.270384473)
(-0.201816682 0 -0.2878138873)
(-0.2218252943 0 -0.311098614)
(-0.2169846558 0 -0.3126506941)
(-0.2334169068 0 -0.3436601382)
(-0.2564084656 0 -0.3705353134)
(-0.2500292845 0 -0.3797657489)
(-0.265665362 0 -0.4183341402)
(-0.2943861411 0 -0.4406158998)
(-0.276036475 0 -0.4554187737)
(-0.2731071605 0 -0.4895449602)
(-0.3135931907 0 -0.4965763089)
(-0.2548519951 0 -0.5217223129)
(-0.2327594458 0 -0.5489951807)
(-0.2861065226 0 -0.5340342025)
(-0.2219724659 0 -0.5651019881)
(-0.2284635039 0 -0.5691720939)
(-0.2650689303 0 -0.5393932041)
(-0.2482160012 0 -0.565354187)
(-0.274934296 0 -0.5566002256)
(-0.3006502528 0 -0.5223956672)
(-0.3079360754 0 -0.5427065417)
(-0.3606120771 0 -0.5163157805)
(-0.3801637154 0 -0.4885314016)
(-0.4754590472 0 -0.4465891295)
(-0.7353450788 0 -0.2600520713)
(-0.718691075 0 -0.271607103)
(-1.294066053 0 0.1541021548)
(-1.54245611 0 0.3136369249)
(-1.474890357 0 0.2540031096)
(-1.384218991 0 -0.1390226501)
(-2.001766566 0 -0.8596965928)
(-1.070769025 0 -0.3891930962)
(-1.261781855 0 -0.3200926591)
(-1.524323 0 -0.2105659294)
(-1.274922244 0 -0.1252875786)
(-0.6508687436 0 0.2601161148)
(-0.4142130872 0 0.2516595127)
(-0.4200947767 0 0.1954817812)
(-0.3446045531 0 0.2195464828)
(-0.3399046727 0 0.1758773515)
(-0.3641179166 0 0.0935083468)
(-0.38071237 0 0.1170100252)
(-0.5786582255 0 -0.1561125421)
(-0.5832535584 0 -0.1280822481)
(-0.5347291996 0 0.03350777695)
(-0.6923598922 0 0.1399079512)
(-0.6319450628 0 0.1123701836)
(-0.7800540139 0 0.2808994585)
(-0.7013135821 0 1.016815218)
(-1.022128949 0 0.798817545)
(-0.6015474489 0 1.156123119)
(-0.3836077849 0 0.6928433659)
(-0.6580342822 0 0.9767045265)
(-0.2236601161 0 0.005591900489)
(-0.2697418047 0 -0.04619261844)
(-0.2583623098 0 0.03674197163)
(-0.02233113607 0 0.2395492654)
(0.1544873161 0 0.4182080251)
(0.2612857654 0 0.6282211335)
(0.2223638771 0 0.5051048164)
(0.2262284129 0 0.5369381168)
(0.3448184316 0 0.8250018923)
(0.1930135799 0 0.5308135368)
(0.1420525368 0 0.5005803096)
(0.1618757262 0 0.6443616885)
(0.09020379029 0 0.45968865)
(0.04920311822 0 0.4211512575)
(-0.06917286092 0 0.4136504183)
(0.01780028941 0 0.3962346878)
(-0.01793741844 0 0.4069407186)
(-0.1482645437 0 0.4287361325)
(-0.1913178653 0 0.3850747826)
(-0.02725608693 0 0.06490818285)
(-0.04823674897 0 -0.06415501894)
(-0.1682385264 0 -0.2486382277)
(-0.1572936552 0 -0.2412548842)
(-0.1687320008 0 -0.2499524763)
(-0.1604337886 0 -0.2465097566)
(-0.1719169253 0 -0.2613366155)
(-0.1861862089 0 -0.2719059456)
(-0.1874845378 0 -0.2828917243)
(-0.2039388642 0 -0.3091954479)
(-0.2149429281 0 -0.3197111364)
(-0.2181899091 0 -0.3429136202)
(-0.2276061621 0 -0.3860974105)
(-0.2385938462 0 -0.3904037493)
(-0.2300089435 0 -0.4336026571)
(-0.2238450637 0 -0.4814808658)
(-0.2348296554 0 -0.475480053)
(-0.2118018998 0 -0.5280492142)
(-0.2010126857 0 -0.5665432741)
(-0.2005556232 0 -0.5597159185)
(-0.1968821974 0 -0.5910769905)
(-0.1999741284 0 -0.6026619538)
(-0.2099405001 0 -0.5911611417)
(-0.2084882262 0 -0.6045983147)
(-0.2219778803 0 -0.5993393819)
(-0.2508809786 0 -0.5811717895)
(-0.2452902246 0 -0.5881649031)
(-0.2947631686 0 -0.5661061645)
(-0.3328724706 0 -0.5398709395)
(-0.4132173991 0 -0.5077483995)
(-0.7169972804 0 -0.3327356721)
(-0.7227089362 0 -0.2815327171)
(-1.492849383 0 -0.07729958538)
(-1.735372107 0 -0.03691717838)
(-1.600912418 0 0.2650403079)
(-1.827522144 0 -0.2897478625)
(-3.148425232 0 -1.237026389)
(-2.732979199 0 -1.136062051)
(-1.6951554 0 -0.7944912449)
(-2.021444675 0 -0.5226856974)
(-1.78221084 0 -0.3469129789)
(-0.589865575 0 0.4920750215)
(-0.3779458281 0 0.4337947835)
(-0.4073892889 0 0.3325718231)
(-0.3044579865 0 0.3746654491)
(-0.2860892676 0 0.3260093742)
(-0.3050894849 0 0.2506258036)
(-0.3367865148 0 0.30646049)
(-0.4488630072 0 -0.2874046464)
(-0.3546478502 0 -0.2004840176)
(-0.6224143359 0 -0.3885447577)
(-0.2986027255 0 -0.05577865825)
(-0.3125430846 0 -0.03953642306)
(0.2748116067 0 0.1753363991)
(0.1749400174 0 0.1559091108)
(0.4693545673 0 0.3022235918)
(0.06411917804 0 0.1352311645)
(-0.03801808564 0 0.08774635553)
(-0.1368221171 0 0.09518117529)
(-0.1944497557 0 -0.02462435889)
(-0.282736365 0 -0.08853867282)
(-0.2785961746 0 -0.06349154159)
(-0.3178903562 0 -0.07923548778)
(-0.363054893 0 -0.03318262776)
(0.07073634527 0 0.2601983474)
(-0.6985309291 0 0.2448902887)
(-0.8163090748 0 0.4298085599)
(0.1328460259 0 0.3198843011)
(-0.7617505662 0 0.5204773181)
(-0.6497831404 0 0.5474858411)
(0.1458949162 0 0.3624351931)
(-0.53763653 0 0.5340436431)
(-0.4465610359 0 0.4987569439)
(0.1232675534 0 0.4101960231)
(-0.3886129422 0 0.4700284195)
(-0.7569302431 0 1.579357213)
(0.05898390298 0 0.4571929046)
(-2.473090238 0 0.5241351331)
(-1.533013516 0 0.7454485102)
(-0.2191721749 0 0.4720724001)
(-0.2362324763 0 -0.3339432893)
(-0.1591265783 0 -0.2466246745)
(-0.151020421 0 -0.2359883473)
(-0.1291425463 0 -0.2275703822)
(-0.1409230605 0 -0.2687641977)
(-0.1543656196 0 -0.2491131596)
(-0.1745979162 0 -0.3574186542)
(-0.2212758321 0 -0.4759712122)
(-0.1986367312 0 -0.3297257695)
(-0.2637549554 0 -0.5790093378)
(-0.2892021472 0 -0.6448627375)
(-0.2529370398 0 -0.479286656)
(-0.2939352531 0 -0.6769664802)
(-0.2786524005 0 -0.6877750983)
(-0.2572807883 0 -0.5666731207)
(-0.2468790579 0 -0.688758362)
(-0.2054653224 0 -0.6864932183)
(-0.2166858205 0 -0.6014129702)
(-0.1631773879 0 -0.6825965732)
(-0.1281575335 0 -0.6763984247)
(-0.1763423651 0 -0.6215829627)
(-0.1068377689 0 -0.6682571156)
(-0.1032034526 0 -0.6620812529)
(-0.1758073589 0 -0.6230537717)
(-0.1200560919 0 -0.6627259113)
(-0.1914016236 0 -0.6753129873)
(-0.2424509917 0 -0.6057753498)
(-0.7239723178 0 -0.8435119175)
(-1.598027928 0 -1.081322088)
(-1.019358433 0 -0.5663617925)
(-2.050645092 0 -1.031327577)
(-2.165893811 0 -0.8657153703)
(-1.952115479 0 -0.4797251643)
(-2.261191177 0 -0.7278069348)
(-3.233159438 0 -1.206425982)
(-3.304357905 0 -1.244654819)
(-1.757430058 0 -1.67591266)
(-2.561402362 0 -1.046899232)
(-2.20774866 0 -0.6962294506)
(-0.4788946154 0 1.030126136)
(-0.3269170341 0 0.6217003587)
(-0.3465365949 0 0.5711680548)
(-0.862299947 0 0.3331509873)
(-0.8265290351 0 0.3489284535)
(-0.4170509442 0 0.3744803272)
(-0.3625927116 0 0.3030254712)
(-0.321757648 0 -0.2493770838)
(-0.3839414844 0 -0.2084351257)
(-0.5614311036 0 -0.4444923313)
(-1.21640448 0 0.7278386752)
(-0.6318117396 0 0.2282918101)
(-1.30927822 0 0.9290810343)
(-1.290157266 0 1.005114356)
(-0.7246610235 0 0.574675977)
(-1.17819273 0 1.007191024)
(-1.018449545 0 0.9304849861)
(-0.313856647 0 0.3229439142)
(-0.7054469457 0 0.6115012669)
(-0.353824447 0 -0.06259636038)
(-0.2966299519 0 -0.1271423137)
(-0.46243619 0 -0.2337339607)
(-0.5720826005 0 -0.3112258472)
(-0.4954150082 0 -0.1515539517)
(-1.141344744 0 0.4170646227)
(-1.086499976 0 0.6737778736)
(-1.002631292 0 0.5399543046)
(-0.9087344856 0 0.757778857)
(-0.7294083264 0 0.7415907294)
(-0.7408170689 0 0.6440480321)
(-0.5886720149 0 0.6796938989)
(-0.4830832656 0 0.603379661)
(-0.5030883409 0 0.5536245173)
(-0.4013908617 0 0.548831587)
(-1.038661548 0 3.04896416)
(-1.079507243 0 2.542229663)
(-3.007666705 0 0.198687727)
(-2.159264499 0 0.4671316134)
(-2.063726184 0 0.6640101405)
(-0.3041236523 0 -0.6438246689)
(-0.248832836 0 -0.6287928316)
(-0.3471071675 0 -0.5693468364)
(-0.2309535644 0 -0.6814238706)
(-0.229309162 0 -0.7376523866)
(-0.1862789712 0 -0.3704680586)
(-0.2405651331 0 -0.8029408912)
(-0.2592713948 0 -0.8651777321)
(-0.1916872841 0 -0.5268183361)
(-0.2770065749 0 -0.9056187148)
(-0.2908797121 0 -0.9187081775)
(-0.2665759612 0 -0.7204182948)
(-0.3014249679 0 -0.9074246683)
(-0.3077384847 0 -0.8787028944)
(-0.3073505944 0 -0.7915653724)
(-0.3081042631 0 -0.841892035)
(-0.2994777388 0 -0.80534281)
(-0.2844171369 0 -0.7756869448)
(-0.2782559915 0 -0.773450243)
(-0.2444536903 0 -0.7464185514)
(-0.2043245704 0 -0.7476895423)
(-0.2024974665 0 -0.7204827912)
(-0.1568892167 0 -0.6904200634)
(-0.1218672197 0 -0.7128223)
(-0.1112711566 0 -0.6536286983)
(-0.08696910107 0 -0.6263864469)
(-0.07266276626 0 -0.6670418831)
(-0.269335459 0 -0.7783291839)
(-0.9196959962 0 -1.347980938)
(-0.5224884291 0 -0.9441506301)
(-1.562021555 0 -1.829975427)
(-2.003375761 0 -1.974766192)
(-1.880252223 0 -1.540699484)
(-2.268064779 0 -1.849911653)
(-2.406728848 0 -1.611834231)
(-2.342047938 0 -1.239525273)
(-2.526254304 0 -1.36228212)
(-2.921694913 0 -1.152403463)
(-3.054143327 0 -1.167266683)
(1.099211999 0 -0.5023455858)
(0.5087250147 0 -0.3648184369)
(-1.704969798 0 -1.362312365)
(-0.2368267557 0 -0.183758087)
(-0.3249258886 0 -0.2179523188)
(-0.2773288902 0 0.1339018195)
(-1.290726124 0 0.4058387647)
(-1.309342066 0 0.4998093369)
(-1.139999425 0 0.3964810627)
(-1.109115303 0 0.4124087273)
(-0.6421690152 0 -0.1813120475)
(-0.2980714307 0 -0.4321173547)
(-0.4296728446 0 -0.4796306789)
(-1.395605021 0 1.084229704)
(-1.519467383 0 1.027662765)
(-1.371173052 0 1.248609112)
(-1.383733218 0 1.407676637)
(-1.471969548 0 1.2879321)
(-1.376755429 0 1.556001541)
(-1.322311017 0 1.659668683)
(-1.287069818 0 1.361701978)
(-1.196568932 0 1.659602308)
(-0.9944930373 0 1.42363548)
(-0.7710895755 0 0.7973131777)
(-0.800706683 0 0.9672641319)
(-0.6485263698 0 -0.155732459)
(-0.6247977163 0 -0.4811528816)
(-1.210829556 0 0.7515547431)
(-0.9903671934 0 1.001099077)
(-1.094764929 0 0.8330893503)
(-0.755324156 0 1.012380329)
(-0.5861352606 0 0.9185873714)
(-0.6814341437 0 0.8370945)
(-0.4721319578 0 0.7925664487)
(-0.3958767909 0 0.6538917375)
(-0.4484895903 0 0.6452393921)
(-0.4640711075 0 0.1895741713)
(-0.9981457205 0 -0.151816883)
(-0.612324263 0 2.467850775)
(-2.842367317 0 0.06264664057)
(-1.441147423 0 0.3120547653)
(-1.898566397 0 0.3269923246)
(-0.4179506858 0 0.2919922454)
(0.012820664 0 0.2821327915)
(-0.353117395 0 0.850942189)
(-0.2264134124 0 -0.9409966318)
(-0.249821769 0 -1.087886533)
(-0.2150532873 0 -0.8382081047)
(-0.2586772054 0 -1.175200692)
(-0.260800293 0 -1.216551373)
(-0.2658351898 0 -1.03863451)
(-0.2606866512 0 -1.214916106)
(-0.2587232963 0 -1.174214299)
(-0.2791936757 0 -1.088238471)
(-0.2543633652 0 -1.108060926)
(-0.2503155498 0 -1.039839153)
(-0.2851187127 0 -1.026993929)
(-0.2510555406 0 -0.9910548611)
(-0.2598543874 0 -0.9714025521)
(-0.2893220734 0 -0.9188366755)
(-0.2779497488 0 -0.9790622055)
(-0.3051994501 0 -1.006141689)
(-0.3116045818 0 -0.8552200064)
(-0.3408205997 0 -1.042830191)
(-0.3837413931 0 -1.079156126)
(-0.3421379294 0 -0.8069358207)
(-0.4330724943 0 -1.105892967)
(-0.4899715173 0 -1.117009716)
(-0.3280166121 0 -0.7347966987)
(-0.588344808 0 -1.152182441)
(-0.8807664455 0 -1.507571289)
(-0.4339332714 0 -0.8830829942)
(-1.216169382 0 -2.034081226)
(-1.462649818 0 -2.439975294)
(-1.289676401 0 -1.909584725)
(-1.626535056 0 -2.651730783)
(-1.707034391 0 -2.61985842)
(-1.978553556 0 -2.375009067)
(-1.759133876 0 -2.438964543)
(-1.865852458 0 -2.228049194)
(-2.228968024 0 -1.917508599)
(-2.166060834 0 -2.021370244)
(-3.26910168 0 -1.589160698)
(-2.844862079 0 -1.221139795)
(-0.4449142501 0 1.821222327)
(-0.4134779393 0 1.713565093)
(0.07204450798 0 0.1417418417)
(-0.5152433683 0 1.153124128)
(-0.6691879249 0 0.6686965578)
(-0.519332785 0 0.2086928572)
(-1.006122343 0 0.54909629)
(-1.335397208 0 0.6432028443)
(-1.371558619 0 0.5940088849)
(-1.307618234 0 0.7568394184)
(-1.17990767 0 0.7935868182)
(-1.034698773 0 0.4582831093)
(-1.091263624 0 0.9007681295)
(-1.059123134 0 1.076758823)
(-1.046740522 0 0.9636890501)
(-1.008157263 0 1.242790567)
(-0.9566271092 0 1.401819408)
(-1.151948975 0 1.416485886)
(-0.9326147626 0 1.598028544)
(-0.926567906 0 1.825047442)
(-1.169130175 0 1.803255513)
(-0.9205194004 0 2.035019337)
(-0.9017791485 0 2.174136302)
(-1.033646836 0 1.908836418)
(-0.8538766325 0 2.161901277)
(-0.7692040052 0 1.934057001)
(-0.7649095439 0 1.275162055)
(-0.5104767265 0 1.507801523)
(0.2648697629 0 0.748389127)
(-0.7051810612 0 1.1161102)
(0.4123531641 0 0.5107918538)
(0.2779497601 0 0.4527536708)
(-0.389044895 0 0.936837843)
(0.02408118548 0 0.3050888645)
(-0.6043237484 0 -0.855857956)
(-0.392367474 0 0.2453362382)
(-0.8936483124 0 -1.089499978)
(-1.209324849 0 -0.9058976802)
(-1.433160768 0 -0.6334066427)
(-2.100166111 0 0.009315061284)
(-0.914558197 0 0.7142534681)
(-1.109795648 0 0.4437721359)
(-0.4689404121 0 0.552116869)
(0.04100421217 0 -0.1996098207)
(0.05252329698 0 0.02573889586)
(-0.1858496075 0 -1.093993904)
(-0.1945405038 0 -1.16735297)
(-0.227640951 0 -1.215152327)
(-0.1963842753 0 -1.183557929)
(-0.1918129302 0 -1.151115246)
(-0.22962667 0 -1.253770663)
(-0.1831879076 0 -1.093013984)
(-0.1742247683 0 -1.035114887)
(-0.2160738819 0 -1.131071541)
(-0.1678763502 0 -0.9939387065)
(-0.1659002281 0 -0.9764734329)
(-0.2069750985 0 -1.025025591)
(-0.1694095501 0 -0.9852274289)
(-0.1793560601 0 -1.021605177)
(-0.2266894 0 -1.04003025)
(-0.1966724448 0 -1.086490459)
(-0.2223993734 0 -1.18003097)
(-0.2811531134 0 -1.159492237)
(-0.2583537664 0 -1.303762381)
(-0.3090133245 0 -1.467576718)
(-0.3737967253 0 -1.336842225)
(-0.3814436833 0 -1.684046787)
(-0.4793874417 0 -1.936353819)
(-0.5270891288 0 -1.547718753)
(-0.603731169 0 -2.181854035)
(-0.760410065 0 -2.379226362)
(-0.8299307252 0 -1.705378168)
(-0.9562144569 0 -2.448125771)
(-1.160720752 0 -2.098086209)
(-1.23703884 0 -2.476587313)
(-1.267061065 0 -0.948238491)
(-1.22007274 0 -0.180974916)
(-1.322306692 0 -2.752083853)
(-1.496252113 0 0.5927997909)
(-1.041097649 0 0.3751560591)
(-1.470776777 0 -2.805734423)
(-0.902447253 0 0.5786531125)
(1.806013967 0 -0.1678438966)
(-2.369305065 0 -2.255883372)
(0.2473822133 0 -0.532219892)
(0.2173369984 0 -0.58838644)
(-0.5182459449 0 2.249307419)
(-1.462145588 0 0.6300796246)
(-1.38218555 0 0.5032207902)
(-0.8335411793 0 0.9029124532)
(-1.315150011 0 0.4844103795)
(-1.295464237 0 0.5879419651)
(-1.251386799 0 0.6542081874)
(-1.289588938 0 0.8638321235)
(-1.25973621 0 1.097322172)
(-1.269159128 0 0.9857015401)
(-1.227463123 0 1.273334859)
(-1.117915138 0 1.436115455)
(-1.137927252 0 1.26012528)
(-0.9074688137 0 1.561303731)
(-0.6735949469 0 1.616652712)
(-0.8569355529 0 1.474326838)
(-0.4920667617 0 1.632443109)
(-0.3876077782 0 1.661799341)
(-0.6754705787 0 1.768421337)
(-0.3836512836 0 1.73835577)
(-0.4490027504 0 1.935586311)
(-0.6851130932 0 2.199192648)
(-0.5001476848 0 2.175168177)
(-0.5287813579 0 2.216127367)
(-0.6821674845 0 2.221118493)
(-0.4446020559 0 1.872157504)
(-0.2213878329 0 1.18282522)
(-0.1969832429 0 1.209565987)
(0.05911753994 0 0.3602224978)
(0.09264721989 0 0.2617137079)
(0.1302994073 0 0.23016077)
(0.1037926196 0 0.2636266595)
(0.08373685688 0 0.2609304648)
(-0.5116683358 0 -1.421096568)
(0.05529061374 0 0.2395754957)
(0.07063303036 0 0.09216601521)
(-0.591310707 0 -1.06187319)
(1.941275958 0 -0.01527506469)
(0.1143400631 0 -0.1090106864)
(-0.6117162594 0 0.9384530731)
(0.1287932298 0 -0.2656714913)
(0.1394536292 0 -0.2679524701)
(-0.3108171179 0 0.5839018021)
(-0.1167753775 0 -0.4889529515)
(-0.1223093306 0 -0.5116649271)
(-0.1447910756 0 -0.9515612325)
(-0.1272132932 0 -0.5255981861)
(-0.130320504 0 -0.5287344483)
(-0.1460794989 0 -0.957212689)
(-0.1283028105 0 -0.5244606098)
(-0.1170884763 0 -0.5224663414)
(-0.1346261233 0 -0.871629001)
(-0.09749538423 0 -0.5265788189)
(-0.07539629439 0 -0.5296174568)
(-0.1196576211 0 -0.8135098927)
(-0.05514225274 0 -0.525315756)
(-0.03860575586 0 -0.5141660724)
(-0.1117365541 0 -0.8201754689)
(-0.02635196844 0 -0.5005908995)
(-0.01353370413 0 -0.4930105548)
(-0.1230053085 0 -0.9213039053)
(0.02076494779 0 -0.5136839834)
(0.1044837186 0 -0.600789924)
(-0.1670372059 0 -1.188661157)
(0.2279940395 0 -0.7511935351)
(0.359684983 0 -0.9310035921)
(-0.2696594528 0 -1.744343748)
(0.5068645525 0 -1.159106378)
(0.6668365011 0 -1.407501071)
(-0.418668798 0 -2.452603367)
(0.8178932765 0 -1.617268693)
(0.9505530639 0 -1.761940223)
(-0.6313402407 0 -2.887992778)
(1.063715393 0 -1.828792944)
(1.153368225 0 -1.793115233)
(-0.5197409139 0 -0.8512561671)
(1.200184707 0 -1.59755107)
(1.207333597 0 -1.191046072)
(0.04788889509 0 -0.5754004847)
(0.9297796584 0 0.4521013873)
(2.287945111 0 -0.09962973367)
(2.132435656 0 -0.1411226046)
(0.7293261027 0 0.03360352761)
(0.5267060506 0 0.3586783593)
(0.3268092095 0 -0.4903386547)
(-1.143113796 0 0.5344618396)
(-1.356258384 0 0.3469101841)
(-1.432286308 0 0.4308827884)
(-1.216262119 0 0.3315912328)
(-1.21136994 0 0.7156578739)
(-1.224111489 0 0.5527484381)
(-1.250031047 0 1.322948382)
(-1.101152543 0 1.532712259)
(-1.156013803 0 1.196575304)
(-0.9785026315 0 1.571041691)
(-0.8192867607 0 1.612519411)
(-0.9760661678 0 1.562935366)
(-0.6915407588 0 1.757070949)
(-0.5585914266 0 1.817288295)
(-0.3737855444 0 1.728159888)
(-0.4492712987 0 1.766260312)
(-0.3902657963 0 1.658953082)
(-0.01016335763 0 1.443855321)
(-0.3797007311 0 1.489831873)
(-0.4073954271 0 1.181324879)
(-0.3592118446 0 0.8191824311)
(-0.4903036025 0 0.6168919133)
(-0.5323046631 0 0.532001843)
(-0.515467799 0 0.481860039)
(-0.4478940843 0 0.4724027584)
(-0.2213943181 0 0.3227964683)
(-0.2755256128 0 0.3225479334)
(-0.01419880306 0 0.1940056082)
(0.04572548069 0 0.09275313687)
(0.05262154637 0 0.257431602)
(0.03491964098 0 0.02195165124)
(0.0609192863 0 0.0572893655)
(0.01454669544 0 0.1661300784)
(0.09827292348 0 0.06300019069)
(0.1159763728 0 0.01995055594)
(0.04835404874 0 0.06528344506)
(2.204452157 0 -0.01572997752)
(0.05093741444 0 -0.08137598963)
(0.07349189954 0 -0.1202325902)
(0.05678385451 0 -0.08145104365)
(0.02910607829 0 0.007501595514)
(0.09726556338 0 -0.1081919268)
(-0.1353046241 0 -0.818523846)
(-0.1522223306 0 -0.8694967241)
(-0.1392261711 0 -0.6411694393)
(-0.1679454785 0 -0.91927687)
(-0.1808439607 0 -0.9674580347)
(-0.1542250905 0 -0.6855326344)
(-0.18955987 0 -1.009670354)
(-0.19355067 0 -1.036609778)
(-0.1576190363 0 -0.6796512417)
(-0.1927432277 0 -1.035724595)
(-0.1858710548 0 -0.9939372127)
(-0.1275036557 0 -0.6074796777)
(-0.170590896 0 -0.911957337)
(-0.1447413273 0 -0.7971373989)
(-0.04560414463 0 -0.5345348141)
(-0.09318704549 0 -0.6642621565)
(0.01206192882 0 -0.5941418515)
(0.04474415318 0 -0.5068734065)
(0.1823522581 0 -0.6490910493)
(0.3649902086 0 -0.7989817963)
(0.253450396 0 -0.7077058016)
(0.5148393452 0 -0.9584724942)
(0.6222144247 0 -1.061696557)
(0.4980215416 0 -1.001272825)
(0.6898441401 0 -1.089804912)
(0.7459224215 0 -1.085877581)
(0.6906179055 0 -1.184553501)
(0.8207134548 0 -1.089524652)
(0.9202783614 0 -1.094949144)
(0.9334002918 0 -1.353147791)
(1.042435285 0 -1.081856564)
(1.185236202 0 -1.026824149)
(1.225990532 0 -1.361456532)
(1.339509518 0 -0.8942707071)
(1.451469031 0 -0.6118546248)
(1.66001547 0 -0.9753668849)
(0.5915420355 0 0.5602163371)
(1.982143367 0 0.06060948475)
(2.257365297 0 -0.04815976188)
(1.069238434 0 -0.2052168547)
(0.877866969 0 -0.1383660625)
(0.6410714308 0 0.4628989485)
(1.650892866 0 0.3706962176)
(1.45345797 0 0.9940882689)
(-1.278655605 0 0.2153352941)
(1.269664583 0 1.205170649)
(1.100679828 0 1.2624202)
(-1.138252719 0 1.387696154)
(0.8755980668 0 1.173273867)
(0.6597058294 0 0.6662098537)
(-0.7667608406 0 1.623169249)
(0.3946841753 0 0.3511260999)
(0.1703548399 0 0.4793854429)
(-0.6979965981 0 1.619856256)
(0.1739845262 0 0.4558783477)
(0.2813071744 0 0.4623742355)
(-0.590820071 0 1.525715559)
(0.3832995695 0 0.5570992684)
(0.5570281489 0 0.6970037208)
(-0.2567503349 0 1.366270359)
(0.7618720305 0 1.266686218)
(0.8729788387 0 1.622397779)
(0.387899726 0 0.9067065919)
(0.9579644313 0 1.964794516)
(1.024246388 0 2.214473856)
(0.04171721503 0 0.1871123072)
(1.028834718 0 2.302147894)
(0.9654637387 0 2.221017736)
(0.04000689861 0 0.1504336717)
(0.8304163159 0 1.96520557)
(0.6213463713 0 1.532545836)
(0.01359446285 0 0.116435151)
(0.1728085985 0 0.03501653064)
(0.1054206157 0 -0.0287246848)
(0.07856825383 0 0.01259097551)
(0.1303484879 0 0.01240735469)
(0.1882483743 0 0.000864398089)
(0.1590995098 0 0.007248682316)
(1.705545842 0 -0.004739280839)
(0.2238418914 0 0.09079921686)
(0.05943419615 0 -0.01042115523)
(0.02709887892 0 0.1838490236)
(-0.003006929071 0 0.2492281951)
(0.02446243964 0 0.1150043494)
(0.09542191139 0 -0.6555460782)
(0.1208189086 0 -0.7476295787)
(-0.1069174503 0 -1.566745422)
(0.1472684922 0 -0.8376303687)
(0.1742554097 0 -0.9108261015)
(-0.1225880329 0 -1.833150911)
(0.2025787003 0 -0.9560984572)
(0.2305093607 0 -0.9600868508)
(-0.1338031016 0 -2.057232178)
(0.2285765193 0 -0.8790152229)
(0.09364830267 0 -0.6280725448)
(-0.003473341252 0 -0.3002620048)
(0.09049314854 0 -0.5877846903)
(0.09161098064 0 -0.5886629696)
(0.03305035114 0 -0.4447548054)
(0.09077212486 0 -0.575728)
(0.1159977094 0 -0.5314665926)
(0.04503863691 0 -0.4763123319)
(0.2548273654 0 -0.5836315289)
(0.4154772586 0 -0.7391666738)
(0.4088172858 0 -0.7967669583)
(0.5728498425 0 -0.8964490528)
(0.7247059616 0 -1.021239191)
(0.7012118856 0 -1.071931238)
(0.846946138 0 -1.080126707)
(0.9237182716 0 -1.059847925)
(0.8370725149 0 -1.066481128)
(0.9634966032 0 -0.983925147)
(0.990145371 0 -0.8871244894)
(0.9315417732 0 -0.9443946762)
(1.021298312 0 -0.7863119795)
(1.058497859 0 -0.677830541)
(1.105442077 0 -0.8004881918)
(1.078544358 0 -0.5410420494)
(0.9997618695 0 -0.3270064557)
(1.168399561 0 -0.4064594877)
(0.5824284838 0 0.1478940567)
(1.153372408 0 0.02549429785)
(1.505212493 0 0.1135824789)
(1.278572713 0 -0.5897345409)
(1.344015569 0 -0.6110749667)
(1.160126638 0 -0.5094256356)
(2.078961003 0 0.3005900289)
(1.75010576 0 0.6566752496)
(1.63924125 0 0.780109931)
(1.556354757 0 0.8757136272)
(1.378804738 0 0.9950445747)
(1.232794458 0 1.08709498)
(1.133300855 0 0.9792411705)
(0.7854589418 0 0.611729073)
(0.7569582683 0 0.6420370653)
(0.4799722237 0 0.4566082828)
(0.2934926295 0 0.4992561172)
(0.2572863742 0 0.4690679763)
(0.2433049946 0 0.5027984667)
(0.2510535984 0 0.4927455635)
(0.2360038196 0 0.4500176471)
(-0.2007983322 0 0.8167309679)
(-0.1934616708 0 0.7077967199)
(0.3272721784 0 0.4065984542)
(-0.09635827788 0 0.5978845174)
(-0.01982604 0 0.5557325234)
(0.5091781443 0 0.7832669161)
(0.02782533312 0 0.5433818718)
(0.06177922372 0 0.5441567574)
(0.6141387627 0 1.146706524)
(0.1108727555 0 0.5518921827)
(0.2030322078 0 0.5850482037)
(0.6630920518 0 1.363115094)
(0.3143263333 0 0.6716669048)
(0.3651242784 0 0.7508502098)
(0.5515524347 0 1.239130121)
(0.2677874632 0 0.5108465991)
(0.2166783337 0 0.1377024787)
(0.1677676997 0 0.02435072488)
(0.1822881634 0 0.08308104793)
(0.1736194098 0 0.05277588607)
(0.1839217883 0 0.007945015351)
(0.5013162387 0 0.09266192849)
(0.1155976678 0 0.2834205609)
(0.1408933158 0 0.2247426113)
(0.07483986586 0 0.4203916503)
(0.03841419488 0 0.5152769747)
(-0.03793373664 0 0.4296598737)
(0.06178186001 0 -0.2821543281)
(0.06880445835 0 -0.2959155522)
(0.08921161891 0 -0.4252518667)
(0.07573379131 0 -0.3048369922)
(0.0877171091 0 -0.3141410672)
(0.1191760197 0 -0.4720207483)
(0.1653468426 0 -0.4032511967)
(0.4744737434 0 -0.8080805651)
(0.1343323429 0 -0.4613611803)
(0.9938883907 0 -1.515980221)
(1.394555152 0 -2.050088573)
(0.1049717908 0 -0.4011404604)
(1.528204968 0 -2.190777791)
(1.485409152 0 -2.082105049)
(0.4117594161 0 -0.9458295391)
(1.342876936 0 -1.856053703)
(1.101944315 0 -1.524439511)
(0.5632225965 0 -1.218807041)
(0.7124642603 0 -0.9937175355)
(0.4657302407 0 -0.6611449648)
(0.4317301467 0 -0.7100807697)
(0.5218502804 0 -0.7087898967)
(0.6622284097 0 -0.8143986132)
(0.7087262603 0 -0.9331151247)
(0.8114312037 0 -0.9005608217)
(0.9435816795 0 -0.9381436403)
(0.9621959331 0 -1.018958859)
(1.042537414 0 -0.9204541368)
(1.102240666 0 -0.8552330768)
(1.06469589 0 -0.8740861108)
(1.122959224 0 -0.7560971825)
(1.106830947 0 -0.636686601)
(1.07147329 0 -0.6366633896)
(1.04987007 0 -0.5086660557)
(0.9314441366 0 -0.390533844)
(0.9287468578 0 -0.3235436081)
(0.8153803752 0 -0.3389472348)
(1.092238126 0 -0.3475450025)
(1.079244258 0 -0.1654058183)
(1.309395062 0 -0.5822378537)
(1.354684328 0 -0.6390005571)
(1.453013196 0 -0.5939817662)
(2.183358833 0 0.2943217881)
(2.013753328 0 0.55528042)
(1.890888325 0 0.5935922028)
(1.787287313 0 0.7281988478)
(1.436364208 0 0.7557866872)
(1.467514846 0 0.8922985806)
(1.009162215 0 0.6423706516)
(0.5975834715 0 0.4559411844)
(0.7349180795 0 0.5614733327)
(0.4261477885 0 0.4360645673)
(0.3603242356 0 0.4588035843)
(0.3268288525 0 0.496369222)
(0.3132953746 0 0.4681287416)
(0.754608551 0 0.5779265533)
(0.2956301773 0 0.5397470081)
(0.9729430355 0 1.791779669)
(0.9276035603 0 2.398909166)
(-0.6584073243 0 1.450155463)
(0.8013190154 0 2.450375204)
(0.6697123872 0 2.182076646)
(-0.2963434742 0 1.030397426)
(0.5786296481 0 1.77286537)
(0.4935810752 0 1.371796443)
(0.1812012633 0 0.6129355131)
(0.4247937371 0 1.10798663)
(0.3796919331 0 0.9563623939)
(0.2864859117 0 0.5628378441)
(0.3504167804 0 0.8664783149)
(0.3241814046 0 0.7877753762)
(0.3325758561 0 0.6294599295)
(0.2827640411 0 0.6599029928)
(0.2447993919 0 0.3867283528)
(0.2414747855 0 0.2417077399)
(0.2236052341 0 0.2702392769)
(0.1972957044 0 0.2529928882)
(0.1843570815 0 0.1345640006)
(0.1739545168 0 0.2817640928)
(0.1557165166 0 0.3202581995)
(0.1369461902 0 0.2907738959)
(0.1419226211 0 0.3499559339)
(0.1280667491 0 0.3660212709)
(0.1024722502 0 0.4114724458)
(0.08631900555 0 -0.4009929286)
(0.220292672 0 -0.5035981516)
(0.08381802848 0 -0.2603857102)
(0.4071038519 0 -0.6635766121)
(0.5556838607 0 -0.8211986629)
(0.3458258086 0 -0.5911891126)
(0.6987329087 0 -0.9899556399)
(0.8664860347 0 -1.192803157)
(0.7888385867 0 -1.148514285)
(1.037702662 0 -1.392383436)
(1.159475175 0 -1.51599373)
(1.265254987 0 -1.737904095)
(1.227067978 0 -1.560835728)
(1.260062117 0 -1.554926245)
(1.366088886 0 -1.777942168)
(1.264188943 0 -1.507584231)
(1.194861705 0 -1.375036333)
(1.208399596 0 -1.481767414)
(0.9215341631 0 -1.031218989)
(0.4870497696 0 -0.5331229002)
(0.4942752698 0 -0.6034883969)
(0.4725411452 0 -0.4735531565)
(0.5498341665 0 -0.5247865741)
(0.5982226028 0 -0.6697882243)
(0.6648893284 0 -0.6142484462)
(0.792658017 0 -0.6921623557)
(0.8797833333 0 -0.8259414227)
(0.9121631272 0 -0.7369456211)
(1.009693227 0 -0.7420272677)
(1.081557238 0 -0.8112007561)
(1.073472661 0 -0.7082800158)
(1.114594442 0 -0.6715654773)
(1.15362236 0 -0.6921694811)
(1.473689747 0 -1.046042752)
(2.635682269 0 -2.270398991)
(2.361356249 0 -2.311498727)
(3.630578784 0 -3.039736489)
(4.178076628 0 -2.995446256)
(3.07484846 0 -2.620992987)
(4.562890742 0 -2.385144279)
(5.335468364 0 -0.9563181752)
(3.193161387 0 -0.8621281951)
(4.354685102 0 2.067975351)
(3.712622016 0 2.039547824)
(3.341188242 0 1.943578626)
(2.717737429 0 1.454158557)
(1.61537165 0 0.8514363398)
(1.652178877 0 0.8750216121)
(0.623732004 0 0.3752953973)
(0.4711134911 0 0.3335962471)
(0.496595387 0 0.3698109622)
(0.4275509865 0 0.3493654336)
(0.3775547954 0 0.3630878447)
(0.3759988884 0 0.4089894604)
(0.3334891482 0 0.3779153965)
(0.4067185617 0 0.4501895619)
(0.5897544207 0 0.5087968132)
(1.052358943 0 1.213961154)
(1.262842628 0 1.675484403)
(1.245174989 0 2.042081421)
(1.231438925 0 1.870432085)
(1.132377317 0 1.921647496)
(1.035998372 0 2.207956423)
(1.011631518 0 1.871932926)
(0.8793259572 0 1.739677418)
(0.757567095 0 1.789180752)
(0.745938191 0 1.553913894)
(0.6239659475 0 1.351712113)
(0.5155611619 0 1.269353705)
(0.5209855492 0 1.160609596)
(0.4375486747 0 0.9914434747)
(0.3723928941 0 0.9173685002)
(0.368188331 0 0.8394036862)
(0.3039374897 0 0.6840412626)
(0.2581631954 0 0.5513495297)
(0.2604873797 0 0.5653612257)
(0.2355146565 0 0.5007609147)
(0.210272255 0 0.3897815045)
(0.2180962308 0 0.4610534427)
(0.2023421638 0 0.4280451317)
(0.1765326763 0 0.369922979)
(0.1846098633 0 0.3942648073)
(0.1643678485 0 0.3606125141)
(0.1437532958 0 0.3470999283)
(0.730660292 0 -1.007089162)
(0.797908971 0 -1.069328867)
(0.6906926724 0 -0.9618283696)
(0.8443507175 0 -1.106280429)
(0.9010395778 0 -1.15318857)
(0.8885287918 0 -1.175364454)
(0.964875453 0 -1.203935666)
(1.019559666 0 -1.237924375)
(1.081288048 0 -1.358235946)
(1.059740897 0 -1.249266668)
(1.082994128 0 -1.235444075)
(1.173541614 0 -1.387304401)
(1.073602231 0 -1.180006077)
(0.9830137408 0 -1.035174756)
(1.119605686 0 -1.227699423)
(0.7449911405 0 -0.7372137821)
(0.4951886652 0 -0.4192153214)
(0.4824490971 0 -0.4634690559)
(0.5341742156 0 -0.3911354918)
(0.5864105021 0 -0.3881691504)
(0.5496572814 0 -0.4265207959)
(0.6411577252 0 -0.4167311048)
(0.6979801974 0 -0.4650190238)
(0.7194282401 0 -0.5590942447)
(0.7558294396 0 -0.5177390358)
(0.8128165403 0 -0.5610098287)
(0.9081096163 0 -0.653780284)
(0.8613421199 0 -0.5818550969)
(0.8852770272 0 -0.5727819481)
(1.01239369 0 -0.6245555111)
(0.9416891617 0 -0.595807771)
(1.856241843 0 -1.202882967)
(2.45263545 0 -1.818438463)
(3.570554018 0 -2.139944985)
(4.912607035 0 -2.384638702)
(4.761499702 0 -2.783940152)
(6.137991823 0 -1.995062079)
(7.470121379 0 -0.9989205353)
(6.735631895 0 -0.9946082827)
(4.085194455 0 1.519689495)
(3.100907733 0 1.377396429)
(3.558878948 0 1.748704791)
(2.013409412 0 0.9636347718)
(1.009986251 0 0.6168207794)
(1.359115508 0 0.7552889031)
(0.8496989633 0 0.5880010602)
(0.7546076348 0 0.5123952564)
(0.6626914174 0 0.5242342579)
(0.6173655337 0 0.395629288)
(0.4831969056 0 0.303083896)
(0.3722860964 0 0.3185380461)
(0.406126967 0 0.2825087128)
(0.3983495288 0 0.3321425717)
(0.3569748842 0 0.4055532799)
(0.6855922266 0 0.6442148214)
(0.8719433015 0 0.9056912743)
(1.139898555 0 1.325123503)
(0.9276814792 0 1.069516833)
(0.9201085838 0 1.168803921)
(1.090733692 0 1.576960278)
(0.8796820532 0 1.217430912)
(0.8190756302 0 1.221653102)
(0.8941786783 0 1.521235505)
(0.7461608353 0 1.187786865)
(0.6671819327 0 1.123734419)
(0.674542787 0 1.284155615)
(0.5889052086 0 1.041180965)
(0.5167002512 0 0.9516053123)
(0.4893888006 0 1.002064427)
(0.4520884387 0 0.8607115948)
(0.3934909221 0 0.7685657472)
(0.3545662278 0 0.7527825903)
(0.3422266828 0 0.6803491811)
(0.3019085837 0 0.6060579239)
(0.2692108932 0 0.5702977343)
(0.2732315918 0 0.5499398843)
(0.2541224637 0 0.509893063)
(0.2284102168 0 0.4757653854)
(0.9102093474 0 -1.185545948)
(0.9699082567 0 -1.234327226)
(0.8930985865 0 -1.162572209)
(0.9711638156 0 -1.209355082)
(0.9498758743 0 -1.1550034)
(0.9194871473 0 -1.144043826)
(0.9333486106 0 -1.106253871)
(0.9225970601 0 -1.064293608)
(0.9663920412 0 -1.140265485)
(0.9083896932 0 -1.017849288)
(0.8781622316 0 -0.95231624)
(0.9808606222 0 -1.087165863)
(0.8140593139 0 -0.8476692453)
(0.7014687169 0 -0.68627835)
(0.8271566483 0 -0.8391946457)
(0.5768632255 0 -0.5015852708)
(0.5456760604 0 -0.4030496824)
(0.5199615449 0 -0.4033871692)
(0.6096221457 0 -0.39931184)
(0.6738643114 0 -0.3954391585)
(0.6326776319 0 -0.3848817612)
(0.7294735558 0 -0.4034437968)
(0.7674091523 0 -0.4211989311)
(0.7243624373 0 -0.4256077936)
(0.7821323756 0 -0.4429395928)
(0.7720977094 0 -0.4614860992)
(0.7651689749 0 -0.4913851489)
(0.7444546043 0 -0.4723434272)
(0.7406802719 0 -0.4813698819)
(0.7768048173 0 -0.5188124998)
(0.8671013684 0 -0.526892258)
(1.191929198 0 -0.6469422115)
(1.291020122 0 -0.7614798417)
(2.171164081 0 -1.021650081)
(4.134945771 0 -1.500223844)
(4.726672937 0 -1.951638316)
(5.940612849 0 -1.439523512)
(7.538720275 0 -0.9156882814)
(7.693635875 0 -0.970904437)
(2.485133709 0 0.8986162959)
(1.685741018 0 0.749792435)
(2.441319122 0 1.033257333)
(1.195076646 0 0.6214330237)
(0.9578577589 0 0.4995981205)
(1.013372889 0 0.5920338563)
(0.3897625208 0 -0.05518040585)
(-0.07821818218 0 -0.09447080951)
(0.6280532897 0 0.5215226904)
(-0.1991250813 0 0.06766078217)
(-0.1434093902 0 0.1327444748)
(0.4619526976 0 0.418992049)
(-0.1512597331 0 0.1692539329)
(-0.1515307407 0 0.2234748271)
(0.2225217611 0 0.3040344066)
(-0.1146623453 0 0.2646771379)
(-0.06520797193 0 0.3147503755)
(0.2406540571 0 0.3436188239)
(-0.01121218692 0 0.3589255041)
(0.0453396278 0 0.3932414775)
(0.4505866345 0 0.5421603338)
(0.1058789429 0 0.4178745862)
(0.1730408979 0 0.4355783894)
(0.5819042384 0 0.7598042419)
(0.2497054818 0 0.4558083138)
(0.3287608757 0 0.4983355455)
(0.5779592416 0 0.8531955725)
(0.3846328461 0 0.5604074678)
(0.4064473074 0 0.6098311881)
(0.5078260797 0 0.8302199925)
(0.4034466136 0 0.6321124561)
(0.3863520581 0 0.6308673451)
(0.4144736283 0 0.7319252308)
(0.3630671912 0 0.6142951726)
(0.339406624 0 0.5909774711)
(0.3297925625 0 0.6126336741)
(0.3199078096 0 0.569109491)
(0.3073937649 0 0.5537632845)
(0.2811185328 0 0.5327795768)
(0.8264294781 0 -1.054631916)
(0.957385841 0 -1.187159638)
(1.000175948 0 -1.252494292)
(0.994221556 0 -1.205116981)
(0.9737959541 0 -1.153849932)
(0.98124899 0 -1.173895966)
(0.9212565718 0 -1.06522889)
(0.8567731473 0 -0.9651490193)
(0.8917123594 0 -1.013016424)
(0.7876041318 0 -0.8619171842)
(0.7120400561 0 -0.7520580617)
(0.7906583272 0 -0.8444001432)
(0.6280006021 0 -0.6302282042)
(0.5491260025 0 -0.5061771722)
(0.6157031348 0 -0.5833549093)
(0.5186771635 0 -0.4209316524)
(0.5594759224 0 -0.398781837)
(0.5612129676 0 -0.4043982526)
(0.6360141167 0 -0.4066004124)
(0.7145329288 0 -0.4142806944)
(0.7026838169 0 -0.4077903948)
(0.786123166 0 -0.4263094011)
(0.8386530849 0 -0.442124662)
(0.8078544588 0 -0.4306682861)
(0.8619648506 0 -0.4587072422)
(0.8506124232 0 -0.4696550791)
(0.8070290056 0 -0.4598202863)
(0.8160140503 0 -0.4686728885)
(0.8280807955 0 -0.4651314294)
(0.7736204159 0 -0.4690242975)
(0.9600058888 0 -0.4848050789)
(1.195966473 0 -0.5358898014)
(1.210927286 0 -0.5953891726)
(1.564681626 0 -0.6088583289)
(2.076080057 0 -0.6433500627)
(3.047658987 0 -1.016643527)
(3.823986186 0 -0.7752618518)
(5.904257571 0 -0.6649702306)
(7.027282462 0 -0.8290491136)
(0.9077006629 0 0.2520097399)
(0.6858371632 0 0.005965177292)
(1.232407946 0 0.5623238332)
(0.268004072 0 -0.1485167733)
(0.131977171 0 -0.06995225925)
(0.4724334269 0 0.1292098712)
(0.1226537871 0 -0.004043465001)
(0.03458775056 0 -0.01822480557)
(0.1561523879 0 0.1731584115)
(-0.07191714946 0 -0.136022967)
(-0.1199844804 0 -0.1718460461)
(0.09682734976 0 0.03649461815)
(-0.1088436638 0 -0.105675953)
(-0.1084839789 0 -0.04380509487)
(0.1675911938 0 0.0543794431)
(0.05440256945 0 0.08969267816)
(0.09215591892 0 0.1413172791)
(0.1463296868 0 0.1713429741)
(0.1141468469 0 0.2029269187)
(0.1390543787 0 0.2619631473)
(0.1442280568 0 0.3001467098)
(0.1651308766 0 0.3147545631)
(0.1945441788 0 0.3597032615)
(0.1938142549 0 0.3841379416)
(0.2255870315 0 0.3977490348)
(0.25598471 0 0.4301861909)
(0.2678675586 0 0.4360491845)
(0.2832180791 0 0.4585688551)
(0.3054868568 0 0.4845973368)
(0.3200389888 0 0.485621712)
(0.321957303 0 0.5100086839)
(0.3328219007 0 0.5361130272)
(0.3345113111 0 0.5330022655)
(0.3392855351 0 0.5634592268)
(0.3431580761 0 0.5919609561)
(0.3284797526 0 0.5647274068)
(0.3460109645 0 0.6190473103)
(0.3455199593 0 0.6424325248)
(0.3264665673 0 0.5902150883)
(0.7116072852 0 -0.8581602684)
(0.7321752041 0 -0.8602292765)
(0.8928368226 0 -1.052157848)
(0.7050624447 0 -0.8062797108)
(0.646524412 0 -0.7164714121)
(0.7813514284 0 -0.8751058066)
(0.574706025 0 -0.6114979434)
(0.5081272329 0 -0.511356861)
(0.6182729856 0 -0.6433275556)
(0.4635673899 0 -0.4349116885)
(0.4446272651 0 -0.3868105056)
(0.4902756289 0 -0.439362075)
(0.4496340112 0 -0.3595944703)
(0.4912789328 0 -0.3537535095)
(0.5363938451 0 -0.3820234171)
(0.5714644 0 -0.36721069)
(0.6709252679 0 -0.3893208789)
(0.7055724795 0 -0.4094833233)
(0.7723895339 0 -0.4161408642)
(0.8594666592 0 -0.4446357928)
(0.8567067973 0 -0.4484578469)
(0.9188032482 0 -0.471219058)
(0.9435268214 0 -0.4889873424)
(0.8969473108 0 -0.4812353453)
(0.9440951608 0 -0.4872912003)
(0.9621578512 0 -0.4658346277)
(0.8893281027 0 -0.4633708544)
(1.029541395 0 -0.4445858622)
(1.155450094 0 -0.4330690057)
(1.168614617 0 -0.4787645187)
(1.333600246 0 -0.4103508034)
(1.293783473 0 -0.3058792289)
(1.653798094 0 -0.4380622987)
(0.7717788273 0 -0.2132946848)
(0.5384024409 0 -0.2323905485)
(2.186298184 0 -0.2991347681)
(0.3532766771 0 -0.2075602614)
(0.3633642266 0 -0.1145692808)
(0.4038127171 0 -0.1060237484)
(0.3045097378 0 -0.08771545151)
(0.219430519 0 -0.04001446076)
(0.2458817619 0 -0.04243920961)
(-0.02161074525 0 -0.144859236)
(-0.2262766858 0 -0.2965182026)
(0.02048823569 0 -0.168821048)
(-0.3019174055 0 -0.3689696588)
(-0.3270443992 0 -0.3904832693)
(-0.1316144923 0 -0.3028287467)
(-0.3105205319 0 -0.3722944871)
(-0.2749225522 0 -0.330573573)
(-0.1485657294 0 -0.2761301913)
(-0.2282635241 0 -0.2719363782)
(-0.170647345 0 -0.1878681346)
(0.09142758205 0 0.04558033151)
(0.04962673024 0 0.06627670956)
(0.1265018572 0 0.1436561954)
(0.1788137258 0 0.2055611839)
(0.1619059374 0 0.2135451885)
(0.2115961329 0 0.2735351688)
(0.223651363 0 0.3255931269)
(0.246594735 0 0.3330710875)
(0.2763209893 0 0.3858870357)
(0.2700096962 0 0.4170463146)
(0.3024507466 0 0.4329810245)
(0.325007916 0 0.4756298218)
(0.3149887457 0 0.4898342186)
(0.3434096288 0 0.5148780322)
(0.3569954273 0 0.5511836588)
(0.3465800404 0 0.5550277524)
(0.3651678471 0 0.5838570359)
(0.3691456172 0 0.6119611543)
(0.3600351706 0 0.6165770243)
(0.4010196907 0 -0.4285643595)
(0.397328047 0 -0.4026857887)
(0.4862263068 0 -0.521940157)
(0.3935984601 0 -0.3777301482)
(0.3925705342 0 -0.3575800549)
(0.4266017706 0 -0.4065587996)
(0.3921304007 0 -0.3404262445)
(0.3895425802 0 -0.3235784984)
(0.4132934838 0 -0.3502218305)
(0.38471265 0 -0.3059367214)
(0.3835066218 0 -0.2886943946)
(0.4331795669 0 -0.3192505926)
(0.4091796496 0 -0.2794405194)
(0.5011280172 0 -0.2947378362)
(0.6036826236 0 -0.3508061935)
(0.6526279466 0 -0.3389028503)
(0.8061221659 0 -0.3935677747)
(0.8439236687 0 -0.4271614312)
(0.9271894014 0 -0.4425842519)
(1.013612428 0 -0.4781167122)
(0.9853024172 0 -0.4888989521)
(1.076998199 0 -0.4919076615)
(1.135762749 0 -0.4798021688)
(1.048408687 0 -0.4728345196)
(1.199817336 0 -0.4489754895)
(1.265988384 0 -0.4028034381)
(1.182243238 0 -0.4064279613)
(1.315267803 0 -0.3382642243)
(1.24821059 0 -0.2623566196)
(1.187999235 0 -0.2629315723)
(0.9611567836 0 -0.2164326335)
(0.5929220832 0 -0.2067889049)
(0.4852206401 0 -0.2282240209)
(0.2351423357 0 -0.1623206698)
(0.2139255338 0 -0.09544138248)
(0.3052337706 0 -0.0979366085)
(0.1290831457 0 -0.07709790002)
(0.02123925371 0 0.01547006823)
(0.06903851453 0 -0.09264676806)
(-0.166721511 0 -0.1126811635)
(-0.3602593677 0 -0.299403206)
(-0.3077810701 0 -0.2898736686)
(-0.3749102533 0 -0.3144375608)
(-0.3921704289 0 -0.3325287507)
(-0.3543252718 0 -0.3893783937)
(-0.4135592726 0 -0.3863255489)
(-0.4290231308 0 -0.4206646583)
(-0.3138183351 0 -0.3894612414)
(-0.432266273 0 -0.4266417123)
(-0.4212254436 0 -0.416126224)
(-0.2420514674 0 -0.3128527118)
(-0.3859991031 0 -0.386583316)
(-0.3250849206 0 -0.319674097)
(0.02411162814 0 -0.01961272354)
(-0.1879853844 0 -0.2089777076)
(0.2043034996 0 0.190899355)
(0.2065326673 0 0.2396727769)
(0.2445376917 0 0.2531675088)
(0.2746721842 0 0.3101561026)
(0.2782372722 0 0.3495971555)
(0.3011625818 0 0.3640650412)
(0.3223914555 0 0.4127260666)
(0.3290082032 0 0.4484578622)
(0.3377285544 0 0.4554289387)
(0.3466408904 0 0.4908282739)
(0.3589129688 0 0.5281107183)
(0.388929 0 -0.3824170563)
(0.385785508 0 -0.3633904001)
(0.3825877476 0 -0.3711267376)
(0.3810066251 0 -0.3448140669)
(0.3752961629 0 -0.3261595327)
(0.3801530291 0 -0.3368970497)
(0.3679085578 0 -0.3072267393)
(0.3575929103 0 -0.2879035959)
(0.3710498515 0 -0.3035408596)
(0.344721245 0 -0.2675281249)
(0.3309280766 0 -0.245483785)
(0.352040619 0 -0.2655892081)
(0.3210152206 0 -0.2216924827)
(0.3347122016 0 -0.1993405371)
(0.3919638724 0 -0.2362522658)
(0.4359912118 0 -0.2036380309)
(0.6493926867 0 -0.2712799271)
(0.7412964873 0 -0.341479326)
(0.8495380536 0 -0.3565023292)
(0.9953595185 0 -0.4192315427)
(1.019099521 0 -0.4551719194)
(1.10849974 0 -0.4550068284)
(1.213099563 0 -0.4653523058)
(1.197920032 0 -0.4790768699)
(1.323769051 0 -0.4533930733)
(1.432156693 0 -0.4207741082)
(1.374039642 0 -0.4137326155)
(1.501143 0 -0.3705083579)
(1.476177993 0 -0.3139172008)
(1.383330374 0 -0.2868645293)
(1.314685449 0 -0.2581809777)
(0.9990188797 0 -0.1719991207)
(0.8023558456 0 -0.1884048194)
(0.1947215114 0 -0.07416539974)
(0.1355480854 0 -0.07079446809)
(0.1457555014 0 -0.1104454639)
(0.1324317767 0 -0.04076038284)
(0.07446606674 0 -0.07668501892)
(0.08570606174 0 -0.02230115781)
(0.1965135857 0 0.1958656509)
(0.3023723885 0 0.3925715865)
(-0.3031172977 0 -0.2318810572)
(0.2687695312 0 0.1830131457)
(-0.3010679303 0 -0.2314975762)
(-0.3710389975 0 -0.2783312511)
(-0.4090297257 0 -0.3253886954)
(-0.4773753742 0 -0.4293705073)
(-0.4810856882 0 -0.4318758792)
(-0.5260336455 0 -0.4697703364)
(-0.5635150236 0 -0.4992032144)
(-0.5300937895 0 -0.470609742)
(-0.5891843866 0 -0.5170268922)
(-0.5983414413 0 -0.5192359313)
(-0.5092984399 0 -0.4451192662)
(-0.5795639617 0 -0.4969948973)
(-0.5051032624 0 -0.4273774886)
(-0.2985201511 0 -0.2556982728)
(-0.2864986688 0 -0.2393370001)
(0.2469719455 0 0.2142722034)
(0.2633122856 0 0.264660301)
(0.2749403113 0 0.2665068862)
(0.2888419801 0 0.3131270489)
(0.3047548665 0 0.368472575)
(0.2915505687 0 0.3482616365)
(0.2853104464 0 0.3717617815)
(0.3187832329 0 0.4402881122)
(0.3694205828 0 -0.3161790781)
(0.3548664156 0 -0.2933956461)
(0.3684819251 0 -0.3139439934)
(0.3442551197 0 -0.2710934816)
(0.3310200715 0 -0.2492346974)
(0.3456585822 0 -0.27150737)
(0.3145554272 0 -0.2262246294)
(0.3030396572 0 -0.202408795)
(0.3147426269 0 -0.2247477916)
(0.3083066145 0 -0.1822904276)
(0.3420240234 0 -0.1673423137)
(0.3279545946 0 -0.1801450166)
(0.403896367 0 -0.1526912924)
(0.5063496733 0 -0.1527044397)
(0.5539893744 0 -0.1977121866)
(0.6751423106 0 -0.212622048)
(0.8536330861 0 -0.3015732343)
(0.9396292878 0 -0.3685645803)
(0.989685839 0 -0.3637882297)
(1.099525214 0 -0.3948173864)
(1.177793344 0 -0.4373898264)
(1.210761204 0 -0.4032294137)
(1.325264579 0 -0.3925925147)
(1.410879708 0 -0.414111267)
(1.406460697 0 -0.3644638011)
(1.403792095 0 -0.3234659225)
(1.476213488 0 -0.3271575398)
(1.285659417 0 -0.2677938206)
(1.048958971 0 -0.139301815)
(1.081306964 0 -0.1540493438)
(0.2522749042 0 -0.07249060087)
(0.230231431 0 -0.002531226941)
(0.1795275765 0 -0.02880718208)
(0.4521353564 0 0.00180090299)
(0.4502163237 0 0.191641415)
(0.2248791062 0 0.05289546466)
(0.4405045964 0 0.3101504596)
(0.3952055215 0 0.3462592578)
(0.3646451107 0 0.3741794661)
(0.2755347203 0 0.2542395708)
(0.09823989505 0 0.1142008662)
(-0.1998942302 0 -0.1934392669)
(-0.2675902479 0 -0.2064903061)
(-0.4172674008 0 -0.3659565168)
(-0.454790372 0 -0.4073576366)
(-0.5011738541 0 -0.4514973086)
(-0.574777603 0 -0.5150110155)
(-0.5775177283 0 -0.5141738931)
(-0.6402078295 0 -0.5690357523)
(-0.6939300135 0 -0.6101901373)
(-0.6585572695 0 -0.5737316591)
(-0.733883438 0 -0.6360064238)
(-0.7564139923 0 -0.6435806914)
(-0.6702212202 0 -0.5663210021)
(-0.7455938549 0 -0.6210169295)
(0.316562731 0 0.1908873095)
(0.2726563179 0 0.1911606467)
(0.3031084079 0 0.2044945788)
(0.3023338762 0 0.235928208)
(0.2911271844 0 0.2622955512)
(0.2909018148 0 -0.1754053267)
(0.3004774832 0 -0.1617546645)
(0.2979915237 0 -0.1803572866)
(0.3303805473 0 -0.1552566557)
(0.3753308863 0 -0.1490117043)
(0.3604585476 0 -0.1572991291)
(0.4466431569 0 -0.1435933223)
(0.5419475473 0 -0.1431739772)
(0.5129780692 0 -0.1410720655)
(0.6207762697 0 -0.1441289573)
(0.6892594889 0 -0.1661738469)
(0.7543444927 0 -0.2251078132)
(0.7748878041 0 -0.2184051995)
(0.8528642296 0 -0.2627000861)
(0.9868361268 0 -0.3362629619)
(0.9242602806 0 -0.2874054133)
(1.009410891 0 -0.2981239222)
(1.190769678 0 -0.3551394674)
(1.089126585 0 -0.2923376233)
(1.11337765 0 -0.2679664767)
(1.281811923 0 -0.303831917)
(0.9887580273 0 -0.2165616914)
(0.7421763586 0 -0.1255309812)
(0.9278084024 0 -0.1310777813)
(0.3497404664 0 -0.06754182366)
(0.3109291866 0 0.005104014752)
(0.2696369963 0 0.01120819534)
(0.7830766839 0 0.001217812123)
(0.6252178443 0 0.2002965284)
(0.5797822382 0 0.2226280794)
(0.5105143352 0 0.2600171726)
(0.4218338817 0 0.2774530234)
(0.4129758301 0 0.3132321272)
(0.3089412596 0 0.2326402449)
(0.2010808376 0 0.1697097652)
(0.1574427303 0 0.1742646103)
(0.1011962958 0 0.1447865737)
(-0.2903137837 0 -0.2172213401)
(-0.3612757156 0 -0.3123921109)
(-0.4001343872 0 -0.3448888692)
(-0.4998145735 0 -0.4552011317)
(-0.5517672283 0 -0.4989379075)
(-0.6129518871 0 -0.5585268836)
(-0.7104956462 0 -0.6442198123)
(-0.7107046518 0 -0.634209003)
(-0.7868065216 0 -0.7058996245)
(-0.8428618652 0 -0.7413768503)
(-0.8101899533 0 -0.6990323054)
(0.3444263091 0 -0.1394623536)
(0.3919277698 0 -0.1380235159)
(0.3850266091 0 -0.1424660368)
(0.4957942494 0 -0.147930544)
(0.6186536458 0 -0.1601371661)
(0.5793223685 0 -0.1503594519)
(0.7034826279 0 -0.1595506429)
(0.7324858082 0 -0.1504025115)
(0.6912636108 0 -0.1466439561)
(0.7188258498 0 -0.1464135047)
(0.6912227804 0 -0.1503254438)
(0.7358242827 0 -0.1899727453)
(0.6512413664 0 -0.1517154797)
(0.5931991856 0 -0.1457632314)
(0.7860112393 0 -0.219862593)
(0.5408016426 0 -0.1422254583)
(0.6162945151 0 -0.1393574848)
(0.8860962885 0 -0.2122247963)
(0.5604949415 0 -0.1193578182)
(0.4864938044 0 -0.1072394964)
(0.5607168362 0 -0.1166156975)
(0.448337144 0 -0.05172725283)
(0.4248918957 0 -0.03648102881)
(0.368476588 0 -0.01819543943)
(0.802105906 0 0.002345923291)
(0.6114510462 0 0.1350347453)
(0.6273333353 0 0.1663836119)
(0.5034785617 0 0.1900669274)
(0.6629822432 0 0.6958034248)
(0.423442693 0 0.2349128854)
(0.3545024105 0 0.2377147687)
(0.2549144114 0 0.1640647874)
(0.2311499835 0 0.1512476077)
(0.2252480159 0 0.1431428862)
(0.2267977053 0 -0.0381565063)
(-0.2675376525 0 -0.1243588096)
(0.2972740866 0 0.01852851047)
(0.0370253266 0 0.6012503362)
(-0.3949674454 0 -0.3584484915)
(0.1304747468 0 0.2450418449)
(0.202466981 0 0.01528398861)
(-0.6805285264 0 -0.6287314828)
(0.8070248727 0 -0.1595618047)
(0.7456660376 0 -0.1513606821)
(0.7100149273 0 -0.1451473634)
(0.6525684856 0 -0.1393945216)
(0.5269683567 0 -0.1207140407)
(0.5313456398 0 -0.120062569)
(0.4158384408 0 -0.1063687588)
(0.4498037034 0 -0.08995367807)
(0.4606565504 0 -0.09399643243)
(0.4951073471 0 -0.09182686683)
(0.5217276714 0 -0.1026838365)
(0.4955823488 0 -0.1031820571)
(0.5180206172 0 -0.04627365083)
(0.4665582135 0 -0.03231723989)
(0.4579644804 0 -0.03858003242)
(0.7538144082 0 0.004420417641)
(0.5552487788 0 0.08798359434)
(0.5883601156 0 0.108529873)
(0.91072469 0 0.1834117682)
(1.949097974 0 0.9507358297)
(2.06788264 0 1.174917805)
(1.863927828 0 1.23487367)
(1.406924339 0 1.127051929)
(1.080502486 0 0.971670895)
)
;

boundaryField
{
    dominio_ascii
    {
        type            zeroGradient;
    }
    wallFilmFaces_top
    {
        type            fixedValue;
        value           uniform (0 0 0);
    }
    region0_to_wallFilmRegion_wallFilmFaces
    {
        type            slip;
    }
}


// ************************************************************************* //
