/*--------------------------------*- C++ -*----------------------------------*\
| =========                 |                                                 |
| \\      /  F ield         | OpenFOAM: The Open Source CFD Toolbox           |
|  \\    /   O peration     | Version:  2.1.x                                 |
|   \\  /    A nd           | Web:      www.OpenFOAM.org                      |
|    \\/     M anipulation  |                                                 |
\*---------------------------------------------------------------------------*/
FoamFile
{
    version     2.0;
    format      ascii;
    class       labelList;
    note        "nPoints:5754  nCells:2828  nFaces:11360  nInternalFaces:5536";
    location    "constant/polyMesh";
    object      neighbour;
}
// * * * * * * * * * * * * * * * * * * * * * * * * * * * * * * * * * * * * * //


5536
(
712
713
715
715
716
718
718
719
721
721
722
724
724
725
732
734
734
735
737
708
737
932
934
710
934
935
937
713
937
938
940
716
940
941
943
719
943
944
946
722
946
947
949
725
949
950
952
727
952
953
955
729
738
740
955
740
741
743
747
749
730
749
956
958
732
958
959
961
735
961
962
964
932
964
965
967
935
967
968
970
938
970
971
973
941
973
974
976
944
976
977
979
947
979
980
982
950
982
983
985
953
985
986
988
738
988
989
991
741
991
992
994
744
994
995
997
750
752
997
756
757
759
747
759
998
1000
956
1000
1001
1003
959
1003
1004
1006
962
1006
1007
1009
965
1009
1010
1012
968
1012
1013
1015
971
1015
1016
1018
974
1018
1019
1021
977
1021
1022
1024
980
1024
1025
1027
983
1027
1028
1030
986
1030
1031
1033
989
1033
1034
1036
992
1036
1037
1039
995
1039
1040
1042
750
1042
1043
1045
753
760
762
1045
762
763
754
767
1046
1048
757
1048
1049
1051
998
1051
1052
1054
1001
1054
1055
1057
1004
1057
1058
1060
1007
1060
1061
1063
1010
1063
1064
1066
1013
1066
1067
1069
1016
1069
1070
1072
1019
1072
1073
1075
1022
1075
1076
1078
1025
1078
1079
1081
1028
1081
1082
1084
1031
1084
1085
1087
1034
1087
1088
1090
1037
1090
1091
1093
1040
1093
1094
1096
1043
1096
1097
1099
760
1099
1100
1102
763
1102
1103
1105
768
1105
765
772
1106
1108
1046
1108
1109
1111
1049
1111
1112
1114
1052
1114
1115
1117
1055
1117
1118
1120
1058
1120
1121
1123
1061
1123
1124
1126
1064
1126
1127
1129
1067
1129
1130
1132
1070
1132
1133
1135
1073
1135
1136
1138
1076
1138
1139
1141
1079
1141
1142
1144
1082
1144
1145
1147
1085
1147
1148
1150
1088
1150
1151
1153
1091
1153
1154
1156
1094
1156
1157
1159
1097
1159
1160
1162
1100
1162
1163
1165
1103
1165
1166
1168
768
1168
1169
1171
773
1171
770
776
778
778
1106
1172
1174
1109
1174
1175
1177
1112
1177
1178
1180
1115
1180
1181
1183
1118
1183
1184
1186
1121
1186
1187
1189
1124
1189
1190
1192
1127
1192
1193
1195
1130
1195
1196
1198
1133
1198
1199
1201
1136
1201
1202
1204
1139
1204
1205
1207
1142
1207
1208
1210
1145
1210
1211
1213
1148
1213
1214
1216
1151
1216
1217
1219
1154
1219
1220
1222
1157
1222
1223
1225
1160
1225
1226
1228
1163
1228
1229
1231
1166
1231
1232
1234
1169
1234
1235
1237
773
779
781
1237
783
785
776
785
1238
1240
1172
1240
1241
1243
1175
1243
1244
1246
1178
1246
1247
1249
1181
1249
1250
1252
1184
1252
1253
1255
1187
1255
1256
1258
1190
1258
1259
1261
1193
1261
1262
1264
1196
1264
1265
1267
1199
1267
1268
1270
1202
1270
1271
1273
1205
1273
1274
1276
1208
1276
1277
1279
1211
1279
1280
1282
1214
1282
1283
1285
1217
1285
1286
1288
1220
1288
1289
1291
1223
1291
1292
1294
1226
1294
1295
1297
1229
1297
1298
1300
1232
1300
1301
1303
1235
1303
1304
1306
779
1306
1307
1309
782
786
788
1309
783
790
1310
1312
1238
1312
1313
1315
1241
1315
1316
1318
1244
1318
1319
1321
1247
1321
1322
1324
1250
1324
1325
1327
1253
1327
1328
1330
1256
1330
1331
1333
1259
1333
1334
1336
1262
1336
1337
1339
1265
1339
1340
1342
1268
1342
1343
1345
1271
1345
1346
1348
1274
1348
1349
1351
1277
1351
1352
1354
1280
1354
1355
1357
1283
1357
1358
1360
1286
1360
1361
1363
1289
1363
1364
1366
1292
1366
1367
1369
1295
1369
1370
1372
1298
1372
1373
1375
1301
1375
1376
1378
1304
1378
1379
1381
1307
1381
1382
1384
786
1384
1385
1387
791
1387
792
794
794
1310
1388
1390
1313
1390
1391
1393
1316
1393
1394
1396
1319
1396
1397
1399
1322
1399
1400
1402
1325
1402
1403
1405
1328
1405
1406
1408
1331
1408
1409
1411
1334
1411
1412
1414
1337
1414
1415
1417
1340
1417
1418
1420
1343
1420
1421
1423
1346
1423
1424
1426
1349
1426
1427
1429
1352
1429
1430
1432
1355
1432
1433
1435
1358
1435
1436
1438
1361
1438
1439
1441
1364
1441
1442
1444
1367
1444
1445
1447
1370
1447
1448
1450
1373
1450
1451
1453
1376
1453
1454
1456
1379
1456
1457
1459
1382
1459
1460
1462
1385
1462
1463
1465
791
795
797
1465
792
799
801
801
1388
1466
1468
1391
1468
1469
1471
1394
1471
1472
1474
1397
1474
1475
1477
1400
1477
1478
1480
1403
1480
1481
1483
1406
1483
1484
1486
1409
1486
1487
1489
1412
1489
1490
1492
1415
1492
1493
1495
1418
1495
1496
1498
1421
1498
1499
1501
1424
1501
1502
1504
1427
1504
1505
1507
1430
1507
1508
1510
1433
1510
1511
1513
1436
1513
1514
1516
1439
1516
1517
1519
1442
1519
1520
1522
1445
1522
1523
1525
1448
1525
1526
1528
1451
1528
1529
1531
1454
1531
1532
1534
1457
1534
1535
1537
1460
1537
1538
1540
1463
1540
1541
1543
795
802
804
1543
799
807
1544
1546
1466
1546
1547
1549
1469
1549
1550
1552
1472
1552
1553
1555
1475
1555
1556
1558
1478
1558
1559
1561
1481
1561
1562
1564
1484
1564
1565
1567
1487
1567
1568
1570
1490
1570
1571
1573
1493
1573
1574
1576
1496
1576
1577
1579
1499
1579
1580
1582
1502
1582
1583
1585
1505
1585
1586
1588
1508
1588
1589
1591
1511
1591
1592
1594
1514
1594
1595
1597
1517
1597
1598
1600
1520
1600
1601
1603
1523
1603
1604
1606
1526
1606
1607
1609
1529
1609
1610
1612
1532
1612
1613
1615
1535
1615
1616
1618
1538
1618
1619
1621
1541
1621
1622
1624
802
1624
1625
1627
805
808
1627
811
1544
1628
1630
1547
1630
1631
1633
1550
1633
1634
1636
1553
1636
1637
1639
1556
1639
1640
1642
1559
1642
1643
1645
1562
1645
1646
1648
1565
1648
1649
1651
1568
1651
1652
1654
1571
1654
1655
1657
1574
1657
1658
1660
1577
1660
1661
1663
1580
1663
1664
1666
1583
1666
1667
1669
1586
1669
1670
1672
1589
1672
1673
1675
1592
1675
1676
1678
1595
1678
1679
1681
1598
1681
1682
1684
1601
1684
1685
1687
1604
1687
1688
1690
1607
1690
1691
1693
1610
1693
1694
1696
1613
1696
1697
1699
1616
1699
1700
1702
1619
1702
1703
1705
1622
1705
1706
1708
1625
1708
1709
1711
808
812
1711
809
814
816
816
1628
1712
1714
1631
1714
1715
1717
1634
1717
1718
1720
1637
1720
1721
1723
1640
1723
1724
1726
1643
1726
1727
1729
1646
1729
1730
1732
1649
1732
1733
1735
1652
1735
1736
1738
1655
1738
1739
1741
1658
1741
1742
1744
1661
1744
1745
1747
1664
1747
1748
1750
1667
1750
1751
1753
1670
1753
1754
1756
1673
1756
1757
1759
1676
1759
1760
1762
1679
1762
1763
1765
1682
1765
1766
1768
1685
1768
1769
1771
1688
1771
1772
1774
1691
1774
1775
1777
1694
1777
1778
1780
1697
1780
1781
1783
1700
1783
1784
1786
1703
1786
1787
1789
1706
1789
1790
1792
1709
1792
1793
1795
812
817
819
1795
814
820
822
822
1712
1796
1798
1715
1798
1799
1801
1718
1801
1802
1804
1721
1804
1805
1807
1724
1807
1808
1810
1727
1810
1811
1813
1730
1813
1814
1816
1733
1816
1817
1819
1736
1819
1820
1822
1739
1822
1823
1825
1742
1825
1826
1828
1745
1828
1829
1831
1748
1831
1832
1834
1751
1834
1835
1837
1754
1837
1838
1840
1757
1840
1841
1843
1760
1843
1844
1846
1763
1846
1847
1849
1766
1849
1850
1852
1769
1852
1853
1855
1772
1855
1856
1858
1775
1858
1859
1861
1778
1861
1862
1864
1781
1864
1865
1867
1784
1867
1868
1870
1787
1870
1871
1873
1790
1873
1874
1876
1793
1876
1877
1879
817
823
825
1879
820
826
828
828
1796
1880
1882
1799
1882
1883
1885
1802
1885
1886
1888
1805
1888
1889
1891
1808
1891
1892
1894
1811
1894
1895
1897
1814
1897
1898
1900
1817
1900
1901
1903
1820
1903
1904
1906
1823
1906
1907
1909
1826
1909
1910
1912
1829
1912
1913
1915
1832
1915
1916
1918
1835
1918
1919
1921
1838
1921
1922
1924
1841
1924
1925
1927
1844
1927
1928
1930
1847
1930
1931
1933
1850
1933
1934
1936
1853
1936
1937
1939
1856
1939
1940
1942
1859
1942
1943
1945
1862
1945
1946
1948
1865
1948
1949
1951
1868
1951
1952
1954
1871
1954
1955
1957
1874
1957
1958
1960
1877
1960
1961
1963
823
829
831
1963
826
832
834
834
1880
1964
1966
1883
1966
1967
1969
1886
1969
1970
1972
1889
1972
1973
1975
1892
1975
1976
1978
1895
1978
1979
1981
1898
1981
1982
1984
1901
1984
1985
1987
1904
1987
1988
1990
1907
1990
1991
1993
1910
1993
1994
1996
1913
1996
1997
1999
1916
1999
2000
2002
1919
2002
2003
2005
1922
2005
2006
2008
1925
2008
2009
2011
1928
2011
2012
2014
1931
2014
2015
2017
1934
2017
2018
2020
1937
2020
2021
2023
1940
2023
2024
2026
1943
2026
2027
2029
1946
2029
2030
2032
1949
2032
2033
2035
1952
2035
2036
2038
1955
2038
2039
2041
1958
2041
2042
2044
1961
2044
2045
2047
829
835
837
2047
832
839
839
1964
2048
2050
1967
2050
2051
2053
1970
2053
2054
2056
1973
2056
2057
2059
1976
2059
2060
2062
1979
2062
2063
2065
1982
2065
2066
2068
1985
2068
2069
2071
1988
2071
2072
2074
1991
2074
2075
2077
1994
2077
2078
2080
1997
2080
2081
2083
2000
2083
2084
2086
2003
2086
2087
2089
2006
2089
2090
2092
2009
2092
2093
2095
2012
2095
2096
2098
2015
2098
2099
2101
2018
2101
2102
2104
2021
2104
2105
2107
2024
2107
2108
2110
2027
2110
2111
2113
2030
2113
2114
2116
2033
2116
2117
2119
2036
2119
2120
2122
2039
2122
2123
2125
2042
2125
2126
2128
2045
2128
2129
2131
835
840
841
2131
843
2048
2132
2134
2051
2134
2135
2137
2054
2137
2138
2140
2057
2140
2141
2143
2060
2143
2144
2146
2063
2146
2147
2149
2066
2149
2150
2152
2069
2152
2153
2155
2072
2155
2156
2158
2075
2158
2159
2161
2078
2161
2162
2164
2081
2164
2165
2167
2084
2167
2168
2170
2087
2170
2171
2173
2090
2173
2174
2176
2093
2176
2177
2179
2096
2179
2180
2182
2099
2182
2183
2185
2102
2185
2186
2188
2105
2188
2189
2191
2108
2191
2192
2194
2111
2194
2195
2197
2114
2197
2198
2200
2117
2200
2201
2203
2120
2203
2204
2206
2123
2206
2207
2209
2126
2209
2210
2212
2129
2212
2213
2215
840
844
2215
845
846
848
2132
848
2135
2216
2218
2138
2218
2219
2221
2141
2221
2222
2224
2144
2224
2225
2227
2147
2227
2228
2230
2150
2230
2231
2233
2153
2233
2234
2236
2156
2236
2237
2239
2159
2239
2240
2242
2162
2242
2243
2245
2165
2245
2246
2248
2168
2248
2249
2251
2171
2251
2252
2254
2174
2254
2255
2257
2177
2257
2258
2260
2180
2260
2261
2263
2183
2263
2264
2266
2186
2266
2267
2269
2189
2269
2270
2272
2192
2272
2273
2275
2195
2275
2276
2278
2198
2278
2279
2281
2201
2281
2282
2284
2204
2284
2285
2287
2207
2287
2288
2290
2210
2290
2291
2293
849
851
2213
2293
844
851
846
852
854
854
2216
2294
2296
2219
2296
2297
2299
2222
2299
2300
2302
2225
2302
2303
2305
2228
2305
2306
2308
2231
2308
2309
2311
2234
2311
2312
2314
2237
2314
2315
2317
2240
2317
2318
2320
2243
2320
2321
2323
2246
2323
2324
2326
2249
2326
2327
2329
2252
2329
2330
2332
2255
2332
2333
2335
2258
2335
2336
2338
2261
2338
2339
2341
2264
2341
2342
2344
2267
2344
2345
2347
2270
2347
2348
2350
2273
2350
2351
2353
2276
2353
2354
2356
2279
2356
2357
2359
2282
2359
2360
2362
2285
2362
2363
2365
2288
2365
2366
2368
2291
2368
2369
2371
849
855
857
2371
859
2294
2372
2374
2297
2374
2375
2377
2300
2377
2378
2380
2303
2380
2381
2383
2306
2383
2384
2386
2309
2386
2387
2389
2312
2389
2390
2392
2315
2392
2393
2395
2318
2395
2396
2398
2321
2398
2399
2401
2324
2401
2402
2404
2327
2404
2405
2407
2330
2407
2408
2410
2333
2410
2411
2413
2336
2413
2414
2416
2339
2416
2417
2419
2342
2419
2420
2422
2345
2422
2423
2425
2348
2425
2426
2428
2351
2428
2429
2431
2354
2431
2432
2434
2357
2434
2435
2437
2360
2437
2438
2440
2363
2440
2441
2443
2366
2443
2444
2446
2369
2446
2447
2449
855
860
2449
861
863
2372
863
2375
2450
2452
2378
2452
2453
2455
2381
2455
2456
2458
2384
2458
2459
2461
2387
2461
2462
2464
2390
2464
2465
2467
2393
2467
2468
2470
2396
2470
2471
2473
2399
2473
2474
2476
2402
2476
2477
2479
2405
2479
2480
2482
2408
2482
2483
2485
2411
2485
2486
2488
2414
2488
2489
2491
2417
2491
2492
2494
2420
2494
2495
2497
2423
2497
2498
2500
2426
2500
2501
2503
2429
2503
2504
2506
2432
2506
2507
2509
2435
2509
2510
2512
2438
2512
2513
2515
2441
2515
2516
2518
2444
2518
2519
2521
864
866
2447
2521
867
868
870
2450
870
2453
2522
2524
2456
2524
2525
2527
2459
2527
2528
2530
2462
2530
2531
2533
2465
2533
2534
2536
2468
2536
2537
2539
2471
2539
2540
2542
2474
2542
2543
2545
2477
2545
2546
2548
2480
2548
2549
2551
2483
2551
2552
2554
2486
2554
2555
2557
2489
2557
2558
2560
2492
2560
2561
2563
2495
2563
2564
2566
2498
2566
2567
2569
2501
2569
2570
2572
2504
2572
2573
2575
2507
2575
2576
2578
2510
2578
2579
2581
2513
2581
2582
2584
2516
2584
2585
2587
871
873
2519
2587
864
873
868
875
875
2522
2588
2590
2525
2590
2591
2593
2528
2593
2594
2596
2531
2596
2597
2599
2534
2599
2600
2602
2537
2602
2603
2605
2540
2605
2606
2608
2543
2608
2609
2611
2546
2611
2612
2614
2549
2614
2615
2617
2552
2617
2618
2620
2555
2620
2621
2623
2558
2623
2624
2626
2561
2626
2627
2629
2564
2629
2630
2632
2567
2632
2633
2635
2570
2635
2636
2638
2573
2638
2639
2641
2576
2641
2642
2644
2579
2644
2645
2647
2582
2647
2648
2650
2585
2650
2651
2653
871
876
877
2653
879
2588
879
2591
2654
2656
2594
2656
2657
2659
2597
2659
2660
2662
2600
2662
2663
2665
2603
2665
2666
2668
2606
2668
2669
2671
2609
2671
2672
2674
2612
2674
2675
2677
2615
2677
2678
2680
2618
2680
2681
2683
2621
2683
2684
2686
2624
2686
2687
2689
2627
2689
2690
2692
2630
2692
2693
2695
2633
2695
2696
2698
2636
2698
2699
2701
2639
2701
2702
2704
2642
2704
2705
2707
2645
2707
2708
2710
2648
2710
2711
2713
880
881
2651
2713
883
2654
883
884
886
2657
886
2660
2714
2716
2663
2716
2717
2719
2666
2719
2720
2722
2669
2722
2723
2725
2672
2725
2726
2728
2675
2728
2729
2731
2678
2731
2732
2734
2681
2734
2735
2737
2684
2737
2738
2740
2687
2740
2741
2743
2690
2743
2744
2746
2693
2746
2747
2749
2696
2749
2750
2752
2699
2752
2753
2755
2702
2755
2756
2758
2705
2758
2759
2761
887
889
2708
2761
889
890
891
2711
892
893
895
2714
895
2717
2762
2764
2720
2764
2765
2767
2723
2767
2768
2770
2726
2770
2771
2773
2729
2773
2774
2776
2732
2776
2777
2779
2735
2779
2780
2782
2738
2782
2783
2785
2741
2785
2786
2788
2744
2788
2789
2791
2747
2791
2792
2794
2750
2794
2795
2797
2753
2797
2798
2800
2756
2800
2801
2803
896
898
2759
2803
887
898
899
2762
899
900
902
2765
902
903
905
2768
905
2771
2804
2806
2774
2806
2807
2809
2777
2809
2810
2812
2780
2812
2813
2815
2783
2815
2816
2818
2786
2818
2819
2821
2789
2821
2822
2824
2792
2824
2825
2827
906
908
2795
2827
908
909
911
2798
911
912
2801
913
914
2804
914
916
2807
916
917
919
2810
919
920
922
2813
922
923
925
2816
925
926
928
2819
928
929
930
2822
930
931
2825
906
931
708
737
709
710
934
711
712
713
937
714
715
716
940
717
718
719
943
720
721
722
946
723
724
725
949
726
727
952
728
729
955
731
732
958
733
734
735
961
736
737
932
964
739
954
740
741
991
742
743
744
994
745
997
747
759
748
749
956
1000
751
996
752
753
1045
755
756
757
1048
758
759
998
1051
761
1044
762
763
1102
764
1105
766
767
1046
1108
769
1104
1171
771
772
778
1106
774
1170
781
776
785
777
778
1172
1240
780
1236
781
782
1309
784
785
1238
1312
787
1308
788
1387
790
794
1310
1386
793
794
801
1388
796
1464
797
804
799
807
800
801
1466
1546
803
1542
804
805
1627
807
811
1544
1626
810
811
816
1628
813
1710
819
815
816
822
1712
818
1794
819
825
821
822
828
1796
824
1878
825
831
827
828
834
1880
830
1962
831
837
833
834
839
1964
836
2046
837
841
839
843
2048
2130
843
845
2132
2214
847
848
854
2216
2133
850
2292
851
857
2214
853
854
859
2294
856
2370
857
859
2372
2448
862
863
867
2450
2373
865
2520
866
2448
869
870
875
2522
2451
872
2586
873
877
2520
875
2588
2652
879
2654
2589
2712
2652
883
884
2655
885
886
892
2714
2658
888
2760
889
890
2709
2712
894
895
2762
2715
897
2802
898
2760
2763
901
902
903
2766
904
905
913
2804
2769
907
2826
908
909
2796
910
911
2799
2802
2805
916
917
2808
918
919
920
2811
921
922
923
2814
924
925
926
2817
927
928
929
2820
2823
2826
933
934
935
967
936
937
938
970
939
940
941
973
942
943
944
976
945
946
947
979
948
949
950
982
951
952
953
985
954
955
988
957
958
959
1003
960
961
962
1006
963
964
965
1009
966
967
968
1012
969
970
971
1015
972
973
974
1018
975
976
977
1021
978
979
980
1024
981
982
983
1027
984
985
986
1030
987
988
989
1033
990
991
992
1036
993
994
995
1039
996
997
1042
999
1000
1001
1054
1002
1003
1004
1057
1005
1006
1007
1060
1008
1009
1010
1063
1011
1012
1013
1066
1014
1015
1016
1069
1017
1018
1019
1072
1020
1021
1022
1075
1023
1024
1025
1078
1026
1027
1028
1081
1029
1030
1031
1084
1032
1033
1034
1087
1035
1036
1037
1090
1038
1039
1040
1093
1041
1042
1043
1096
1044
1045
1099
1047
1048
1049
1111
1050
1051
1052
1114
1053
1054
1055
1117
1056
1057
1058
1120
1059
1060
1061
1123
1062
1063
1064
1126
1065
1066
1067
1129
1068
1069
1070
1132
1071
1072
1073
1135
1074
1075
1076
1138
1077
1078
1079
1141
1080
1081
1082
1144
1083
1084
1085
1147
1086
1087
1088
1150
1089
1090
1091
1153
1092
1093
1094
1156
1095
1096
1097
1159
1098
1099
1100
1162
1101
1102
1103
1165
1104
1105
1168
1107
1108
1109
1174
1110
1111
1112
1177
1113
1114
1115
1180
1116
1117
1118
1183
1119
1120
1121
1186
1122
1123
1124
1189
1125
1126
1127
1192
1128
1129
1130
1195
1131
1132
1133
1198
1134
1135
1136
1201
1137
1138
1139
1204
1140
1141
1142
1207
1143
1144
1145
1210
1146
1147
1148
1213
1149
1150
1151
1216
1152
1153
1154
1219
1155
1156
1157
1222
1158
1159
1160
1225
1161
1162
1163
1228
1164
1165
1166
1231
1167
1168
1169
1234
1170
1171
1237
1173
1174
1175
1243
1176
1177
1178
1246
1179
1180
1181
1249
1182
1183
1184
1252
1185
1186
1187
1255
1188
1189
1190
1258
1191
1192
1193
1261
1194
1195
1196
1264
1197
1198
1199
1267
1200
1201
1202
1270
1203
1204
1205
1273
1206
1207
1208
1276
1209
1210
1211
1279
1212
1213
1214
1282
1215
1216
1217
1285
1218
1219
1220
1288
1221
1222
1223
1291
1224
1225
1226
1294
1227
1228
1229
1297
1230
1231
1232
1300
1233
1234
1235
1303
1236
1237
1306
1239
1240
1241
1315
1242
1243
1244
1318
1245
1246
1247
1321
1248
1249
1250
1324
1251
1252
1253
1327
1254
1255
1256
1330
1257
1258
1259
1333
1260
1261
1262
1336
1263
1264
1265
1339
1266
1267
1268
1342
1269
1270
1271
1345
1272
1273
1274
1348
1275
1276
1277
1351
1278
1279
1280
1354
1281
1282
1283
1357
1284
1285
1286
1360
1287
1288
1289
1363
1290
1291
1292
1366
1293
1294
1295
1369
1296
1297
1298
1372
1299
1300
1301
1375
1302
1303
1304
1378
1305
1306
1307
1381
1308
1309
1384
1311
1312
1313
1390
1314
1315
1316
1393
1317
1318
1319
1396
1320
1321
1322
1399
1323
1324
1325
1402
1326
1327
1328
1405
1329
1330
1331
1408
1332
1333
1334
1411
1335
1336
1337
1414
1338
1339
1340
1417
1341
1342
1343
1420
1344
1345
1346
1423
1347
1348
1349
1426
1350
1351
1352
1429
1353
1354
1355
1432
1356
1357
1358
1435
1359
1360
1361
1438
1362
1363
1364
1441
1365
1366
1367
1444
1368
1369
1370
1447
1371
1372
1373
1450
1374
1375
1376
1453
1377
1378
1379
1456
1380
1381
1382
1459
1383
1384
1385
1462
1386
1387
1465
1389
1390
1391
1468
1392
1393
1394
1471
1395
1396
1397
1474
1398
1399
1400
1477
1401
1402
1403
1480
1404
1405
1406
1483
1407
1408
1409
1486
1410
1411
1412
1489
1413
1414
1415
1492
1416
1417
1418
1495
1419
1420
1421
1498
1422
1423
1424
1501
1425
1426
1427
1504
1428
1429
1430
1507
1431
1432
1433
1510
1434
1435
1436
1513
1437
1438
1439
1516
1440
1441
1442
1519
1443
1444
1445
1522
1446
1447
1448
1525
1449
1450
1451
1528
1452
1453
1454
1531
1455
1456
1457
1534
1458
1459
1460
1537
1461
1462
1463
1540
1464
1465
1543
1467
1468
1469
1549
1470
1471
1472
1552
1473
1474
1475
1555
1476
1477
1478
1558
1479
1480
1481
1561
1482
1483
1484
1564
1485
1486
1487
1567
1488
1489
1490
1570
1491
1492
1493
1573
1494
1495
1496
1576
1497
1498
1499
1579
1500
1501
1502
1582
1503
1504
1505
1585
1506
1507
1508
1588
1509
1510
1511
1591
1512
1513
1514
1594
1515
1516
1517
1597
1518
1519
1520
1600
1521
1522
1523
1603
1524
1525
1526
1606
1527
1528
1529
1609
1530
1531
1532
1612
1533
1534
1535
1615
1536
1537
1538
1618
1539
1540
1541
1621
1542
1543
1624
1545
1546
1547
1630
1548
1549
1550
1633
1551
1552
1553
1636
1554
1555
1556
1639
1557
1558
1559
1642
1560
1561
1562
1645
1563
1564
1565
1648
1566
1567
1568
1651
1569
1570
1571
1654
1572
1573
1574
1657
1575
1576
1577
1660
1578
1579
1580
1663
1581
1582
1583
1666
1584
1585
1586
1669
1587
1588
1589
1672
1590
1591
1592
1675
1593
1594
1595
1678
1596
1597
1598
1681
1599
1600
1601
1684
1602
1603
1604
1687
1605
1606
1607
1690
1608
1609
1610
1693
1611
1612
1613
1696
1614
1615
1616
1699
1617
1618
1619
1702
1620
1621
1622
1705
1623
1624
1625
1708
1626
1627
1711
1629
1630
1631
1714
1632
1633
1634
1717
1635
1636
1637
1720
1638
1639
1640
1723
1641
1642
1643
1726
1644
1645
1646
1729
1647
1648
1649
1732
1650
1651
1652
1735
1653
1654
1655
1738
1656
1657
1658
1741
1659
1660
1661
1744
1662
1663
1664
1747
1665
1666
1667
1750
1668
1669
1670
1753
1671
1672
1673
1756
1674
1675
1676
1759
1677
1678
1679
1762
1680
1681
1682
1765
1683
1684
1685
1768
1686
1687
1688
1771
1689
1690
1691
1774
1692
1693
1694
1777
1695
1696
1697
1780
1698
1699
1700
1783
1701
1702
1703
1786
1704
1705
1706
1789
1707
1708
1709
1792
1710
1711
1795
1713
1714
1715
1798
1716
1717
1718
1801
1719
1720
1721
1804
1722
1723
1724
1807
1725
1726
1727
1810
1728
1729
1730
1813
1731
1732
1733
1816
1734
1735
1736
1819
1737
1738
1739
1822
1740
1741
1742
1825
1743
1744
1745
1828
1746
1747
1748
1831
1749
1750
1751
1834
1752
1753
1754
1837
1755
1756
1757
1840
1758
1759
1760
1843
1761
1762
1763
1846
1764
1765
1766
1849
1767
1768
1769
1852
1770
1771
1772
1855
1773
1774
1775
1858
1776
1777
1778
1861
1779
1780
1781
1864
1782
1783
1784
1867
1785
1786
1787
1870
1788
1789
1790
1873
1791
1792
1793
1876
1794
1795
1879
1797
1798
1799
1882
1800
1801
1802
1885
1803
1804
1805
1888
1806
1807
1808
1891
1809
1810
1811
1894
1812
1813
1814
1897
1815
1816
1817
1900
1818
1819
1820
1903
1821
1822
1823
1906
1824
1825
1826
1909
1827
1828
1829
1912
1830
1831
1832
1915
1833
1834
1835
1918
1836
1837
1838
1921
1839
1840
1841
1924
1842
1843
1844
1927
1845
1846
1847
1930
1848
1849
1850
1933
1851
1852
1853
1936
1854
1855
1856
1939
1857
1858
1859
1942
1860
1861
1862
1945
1863
1864
1865
1948
1866
1867
1868
1951
1869
1870
1871
1954
1872
1873
1874
1957
1875
1876
1877
1960
1878
1879
1963
1881
1882
1883
1966
1884
1885
1886
1969
1887
1888
1889
1972
1890
1891
1892
1975
1893
1894
1895
1978
1896
1897
1898
1981
1899
1900
1901
1984
1902
1903
1904
1987
1905
1906
1907
1990
1908
1909
1910
1993
1911
1912
1913
1996
1914
1915
1916
1999
1917
1918
1919
2002
1920
1921
1922
2005
1923
1924
1925
2008
1926
1927
1928
2011
1929
1930
1931
2014
1932
1933
1934
2017
1935
1936
1937
2020
1938
1939
1940
2023
1941
1942
1943
2026
1944
1945
1946
2029
1947
1948
1949
2032
1950
1951
1952
2035
1953
1954
1955
2038
1956
1957
1958
2041
1959
1960
1961
2044
1962
1963
2047
1965
1966
1967
2050
1968
1969
1970
2053
1971
1972
1973
2056
1974
1975
1976
2059
1977
1978
1979
2062
1980
1981
1982
2065
1983
1984
1985
2068
1986
1987
1988
2071
1989
1990
1991
2074
1992
1993
1994
2077
1995
1996
1997
2080
1998
1999
2000
2083
2001
2002
2003
2086
2004
2005
2006
2089
2007
2008
2009
2092
2010
2011
2012
2095
2013
2014
2015
2098
2016
2017
2018
2101
2019
2020
2021
2104
2022
2023
2024
2107
2025
2026
2027
2110
2028
2029
2030
2113
2031
2032
2033
2116
2034
2035
2036
2119
2037
2038
2039
2122
2040
2041
2042
2125
2043
2044
2045
2128
2046
2047
2131
2049
2050
2051
2134
2052
2053
2054
2137
2055
2056
2057
2140
2058
2059
2060
2143
2061
2062
2063
2146
2064
2065
2066
2149
2067
2068
2069
2152
2070
2071
2072
2155
2073
2074
2075
2158
2076
2077
2078
2161
2079
2080
2081
2164
2082
2083
2084
2167
2085
2086
2087
2170
2088
2089
2090
2173
2091
2092
2093
2176
2094
2095
2096
2179
2097
2098
2099
2182
2100
2101
2102
2185
2103
2104
2105
2188
2106
2107
2108
2191
2109
2110
2111
2194
2112
2113
2114
2197
2115
2116
2117
2200
2118
2119
2120
2203
2121
2122
2123
2206
2124
2125
2126
2209
2127
2128
2129
2212
2130
2131
2215
2133
2134
2135
2136
2137
2138
2218
2139
2140
2141
2221
2142
2143
2144
2224
2145
2146
2147
2227
2148
2149
2150
2230
2151
2152
2153
2233
2154
2155
2156
2236
2157
2158
2159
2239
2160
2161
2162
2242
2163
2164
2165
2245
2166
2167
2168
2248
2169
2170
2171
2251
2172
2173
2174
2254
2175
2176
2177
2257
2178
2179
2180
2260
2181
2182
2183
2263
2184
2185
2186
2266
2187
2188
2189
2269
2190
2191
2192
2272
2193
2194
2195
2275
2196
2197
2198
2278
2199
2200
2201
2281
2202
2203
2204
2284
2205
2206
2207
2287
2208
2209
2210
2290
2211
2212
2213
2293
2214
2215
2217
2218
2219
2296
2220
2221
2222
2299
2223
2224
2225
2302
2226
2227
2228
2305
2229
2230
2231
2308
2232
2233
2234
2311
2235
2236
2237
2314
2238
2239
2240
2317
2241
2242
2243
2320
2244
2245
2246
2323
2247
2248
2249
2326
2250
2251
2252
2329
2253
2254
2255
2332
2256
2257
2258
2335
2259
2260
2261
2338
2262
2263
2264
2341
2265
2266
2267
2344
2268
2269
2270
2347
2271
2272
2273
2350
2274
2275
2276
2353
2277
2278
2279
2356
2280
2281
2282
2359
2283
2284
2285
2362
2286
2287
2288
2365
2289
2290
2291
2368
2292
2293
2371
2295
2296
2297
2374
2298
2299
2300
2377
2301
2302
2303
2380
2304
2305
2306
2383
2307
2308
2309
2386
2310
2311
2312
2389
2313
2314
2315
2392
2316
2317
2318
2395
2319
2320
2321
2398
2322
2323
2324
2401
2325
2326
2327
2404
2328
2329
2330
2407
2331
2332
2333
2410
2334
2335
2336
2413
2337
2338
2339
2416
2340
2341
2342
2419
2343
2344
2345
2422
2346
2347
2348
2425
2349
2350
2351
2428
2352
2353
2354
2431
2355
2356
2357
2434
2358
2359
2360
2437
2361
2362
2363
2440
2364
2365
2366
2443
2367
2368
2369
2446
2370
2371
2449
2373
2374
2375
2376
2377
2378
2452
2379
2380
2381
2455
2382
2383
2384
2458
2385
2386
2387
2461
2388
2389
2390
2464
2391
2392
2393
2467
2394
2395
2396
2470
2397
2398
2399
2473
2400
2401
2402
2476
2403
2404
2405
2479
2406
2407
2408
2482
2409
2410
2411
2485
2412
2413
2414
2488
2415
2416
2417
2491
2418
2419
2420
2494
2421
2422
2423
2497
2424
2425
2426
2500
2427
2428
2429
2503
2430
2431
2432
2506
2433
2434
2435
2509
2436
2437
2438
2512
2439
2440
2441
2515
2442
2443
2444
2518
2445
2446
2447
2521
2448
2449
2451
2452
2453
2454
2455
2456
2524
2457
2458
2459
2527
2460
2461
2462
2530
2463
2464
2465
2533
2466
2467
2468
2536
2469
2470
2471
2539
2472
2473
2474
2542
2475
2476
2477
2545
2478
2479
2480
2548
2481
2482
2483
2551
2484
2485
2486
2554
2487
2488
2489
2557
2490
2491
2492
2560
2493
2494
2495
2563
2496
2497
2498
2566
2499
2500
2501
2569
2502
2503
2504
2572
2505
2506
2507
2575
2508
2509
2510
2578
2511
2512
2513
2581
2514
2515
2516
2584
2517
2518
2519
2587
2520
2521
2523
2524
2525
2590
2526
2527
2528
2593
2529
2530
2531
2596
2532
2533
2534
2599
2535
2536
2537
2602
2538
2539
2540
2605
2541
2542
2543
2608
2544
2545
2546
2611
2547
2548
2549
2614
2550
2551
2552
2617
2553
2554
2555
2620
2556
2557
2558
2623
2559
2560
2561
2626
2562
2563
2564
2629
2565
2566
2567
2632
2568
2569
2570
2635
2571
2572
2573
2638
2574
2575
2576
2641
2577
2578
2579
2644
2580
2581
2582
2647
2583
2584
2585
2650
2586
2587
2653
2589
2590
2591
2592
2593
2594
2656
2595
2596
2597
2659
2598
2599
2600
2662
2601
2602
2603
2665
2604
2605
2606
2668
2607
2608
2609
2671
2610
2611
2612
2674
2613
2614
2615
2677
2616
2617
2618
2680
2619
2620
2621
2683
2622
2623
2624
2686
2625
2626
2627
2689
2628
2629
2630
2692
2631
2632
2633
2695
2634
2635
2636
2698
2637
2638
2639
2701
2640
2641
2642
2704
2643
2644
2645
2707
2646
2647
2648
2710
2649
2650
2651
2713
2652
2653
2655
2656
2657
2658
2659
2660
2661
2662
2663
2716
2664
2665
2666
2719
2667
2668
2669
2722
2670
2671
2672
2725
2673
2674
2675
2728
2676
2677
2678
2731
2679
2680
2681
2734
2682
2683
2684
2737
2685
2686
2687
2740
2688
2689
2690
2743
2691
2692
2693
2746
2694
2695
2696
2749
2697
2698
2699
2752
2700
2701
2702
2755
2703
2704
2705
2758
2706
2707
2708
2761
2709
2710
2711
2712
2713
2715
2716
2717
2718
2719
2720
2764
2721
2722
2723
2767
2724
2725
2726
2770
2727
2728
2729
2773
2730
2731
2732
2776
2733
2734
2735
2779
2736
2737
2738
2782
2739
2740
2741
2785
2742
2743
2744
2788
2745
2746
2747
2791
2748
2749
2750
2794
2751
2752
2753
2797
2754
2755
2756
2800
2757
2758
2759
2803
2760
2761
2763
2764
2765
2766
2767
2768
2769
2770
2771
2772
2773
2774
2806
2775
2776
2777
2809
2778
2779
2780
2812
2781
2782
2783
2815
2784
2785
2786
2818
2787
2788
2789
2821
2790
2791
2792
2824
2793
2794
2795
2827
2796
2797
2798
2799
2800
2801
2802
2803
2805
2806
2807
2808
2809
2810
2811
2812
2813
2814
2815
2816
2817
2818
2819
2820
2821
2822
2823
2824
2825
2826
2827
)


// ************************************************************************* //
