/*--------------------------------*- C++ -*----------------------------------*\
| =========                 |                                                 |
| \\      /  F ield         | OpenFOAM: The Open Source CFD Toolbox           |
|  \\    /   O peration     | Version:  2.1.x                                 |
|   \\  /    A nd           | Web:      www.OpenFOAM.org                      |
|    \\/     M anipulation  |                                                 |
\*---------------------------------------------------------------------------*/
FoamFile
{
    version     2.0;
    format      ascii;
    class       volScalarField;
    location    "1.9";
    object      deltaf;
}
// * * * * * * * * * * * * * * * * * * * * * * * * * * * * * * * * * * * * * //

dimensions      [0 1 0 0 0 0 0];

internalField   nonuniform List<scalar> 
2828
(
6.748713972e-05
0.0001122514512
0.000158780146
0.0001804948223
0.0001296754657
0.00130347772
0.001355584496
0.0001970701179
3.916185624e-05
2.142016298e-05
4.169364165e-05
8.510685483e-05
0.0001536024912
0.0002204626365
0.0002374042134
0.0001670194387
0.000175140427
4.028370374e-06
4.15971449e-06
0.0005533674755
0.001181792077
0.0006797844151
0.0002587939519
9.264303457e-05
3.992637496e-05
2.275396858e-05
2.658065565e-05
4.124312123e-05
5.173362452e-05
6.286652219e-05
8.988263051e-05
0.0001663799419
0.0002984222787
4.270649215e-06
3.705372634e-06
3.6280619e-06
0.0002229008998
0.0008586171008
0.000895571533
0.0005525978962
0.0002685734336
0.00011804075
4.940584795e-05
2.455236243e-05
2.285506396e-05
2.608971703e-05
3.801664872e-05
6.89518925e-05
0.000146115516
0.0002988098995
0.0004977436003
0.0006086100557
6.629902671e-06
5.583090028e-06
4.831162013e-06
9.546636172e-06
9.519292172e-05
0.0005607412932
0.0008680603086
0.0007621628118
0.0004968591426
0.0002718163276
0.000132354982
7.238163e-05
0.0001748673785
6.243234122e-05
4.500588399e-05
7.531115746e-05
0.000154589716
0.0002998856588
0.0004524928771
0.0004876713249
0.0004739607625
3.89887722e-05
2.729109739e-06
2.226247316e-06
3.804355098e-06
4.83641321e-05
5.399180008e-05
0.0003510151072
0.0007283889553
0.0008387912422
0.0006976823515
0.0004733110645
0.0002791102135
0.0001520716491
0.0001179897644
8.087385299e-05
0.0001051167354
0.0001880066416
0.0002872736697
0.0002967797064
0.0001896640224
4.145700851e-05
3.208576494e-06
5.088801221e-06
5.803152087e-05
3.234028649e-05
3.260269978e-06
1.156646667e-06
2.269836249e-06
9.189639128e-05
7.774428656e-05
0.0002445349699
0.0005800966932
0.000817272891
0.000826704893
0.0006744653019
0.000474520532
0.0003081289898
0.0002180345394
0.0002253066614
0.0003369400088
0.0003763927468
0.0002277007605
5.049416245e-05
2.100725954e-06
3.697443038e-07
1.430419754e-06
4.150315515e-06
0.0001633358879
4.102294524e-05
0.0001529625696
4.784384104e-05
3.290095577e-05
0.0001471309273
0.0002066502621
0.0002127241433
0.0002675491412
0.0005085839783
0.0007769101182
0.0008996269526
0.0008483214104
0.0006950773075
0.0005343469688
0.0004738250643
0.0005905148431
0.0005201313266
0.0002222061321
3.58837604e-05
9.772475804e-07
1.552870577e-06
4.972926267e-06
7.723338851e-06
1.024063141e-05
9.950049394e-06
3.527705643e-05
8.006381618e-05
1.506941295e-05
7.512369398e-05
0.0001199589951
0.0002056573488
0.0002569085652
0.0002447532553
0.0003395826628
0.000537718429
0.0007974420921
0.0009840326662
0.001047649866
0.001007052617
0.000926239557
0.0009955591477
0.0007964709393
0.0002251415393
1.616551594e-05
4.6498522e-07
3.061399991e-06
6.754325827e-06
5.66136393e-06
1.50361559e-05
2.638864753e-05
2.461617569e-05
1.141087313e-05
0.0001840436249
0.0001480922379
0.0001139328627
8.427165949e-05
0.0001545629246
0.0002389678266
0.000289436965
0.0002767919866
0.0002414555656
0.0003221899565
0.0005544357785
0.0008619057267
0.001220900582
0.001630526035
0.001820538068
0.001801567321
0.00162293952
0.0004554737936
1.907070904e-05
3.999922903e-07
2.372006074e-05
6.774476791e-05
9.248568756e-05
7.972906047e-05
5.391125638e-05
3.69969001e-05
3.77446671e-06
6.060982241e-06
0.000346107599
0.0002937475544
0.0002692700272
0.0002769840818
0.0002432523632
0.0002396706704
0.0002784054734
0.000283548992
0.0001592149509
7.854224486e-05
0.0003018787734
0.0007149903175
0.001387880247
0.001844626831
0.001564984635
0.0009810605119
0.0006865487183
0.0004944036149
0.0003502132367
0.0002726521839
0.0002338226778
0.000219705676
0.0002314769533
0.0002275656032
0.0001988009232
0.0001439018269
7.883879452e-05
2.158166441e-05
6.936417306e-05
2.797459303e-05
5.755286818e-06
2.031881896e-06
5.98756995e-06
5.214883547e-06
5.275229108e-06
1.30985863e-05
2.743444408e-05
1.506735877e-05
3.253990298e-05
0.0002666145559
0.0005348721224
0.0002213557389
0.0001607080067
0.0002982983869
0.0004324128429
0.0004581412814
0.0004736957071
0.0005556204983
0.0006904362779
0.0007173607486
0.0005062890524
0.0003500387178
0.0002906340147
0.0002394430439
0.0001706908319
8.574297519e-05
2.811793145e-05
4.661411442e-05
3.729279901e-05
1.94203744e-05
3.45256938e-06
3.653010785e-06
4.774716968e-06
9.925337565e-06
1.938603939e-05
1.959924352e-05
1.763747364e-05
2.95122463e-05
2.515380781e-05
3.139569041e-05
1.798945049e-05
2.299573457e-05
0.0001346464418
0.0002348305779
0.0001641185776
0.0001176812578
0.0001633747995
0.0003331017265
0.0006056508593
0.0006540906397
0.0004701698143
0.0003625151141
0.0003017416625
0.0002239968704
0.0001377678911
5.759201648e-05
1.989534865e-05
1.416945014e-05
1.06113185e-05
8.6530086e-06
6.720390396e-06
5.224193851e-06
9.188427569e-06
1.845646716e-05
2.222936898e-05
1.771654997e-05
1.657418931e-05
1.674331395e-05
1.027443938e-05
1.286962122e-05
4.925060963e-05
4.256139892e-05
2.171260586e-05
2.30775547e-05
1.909398324e-05
2.145230311e-05
3.841520845e-05
5.548822023e-05
0.0002256737477
0.0004539242695
0.0004470640462
0.0003686257189
0.0003179355494
0.000267833714
0.0002073229883
0.0001401804182
2.251074461e-05
1.239611263e-05
5.839967346e-06
2.72881286e-06
2.45531749e-06
8.379009675e-06
3.062629523e-05
3.718842792e-05
2.157480226e-05
1.131439343e-05
8.707820745e-06
4.914799589e-06
5.621532664e-06
6.677506242e-06
2.723270302e-05
5.844713457e-05
3.484461792e-05
5.196821665e-05
0.0001234267843
0.000147083936
0.0001760080201
0.0001244458193
0.0001567408967
0.0002633432971
0.0003160564686
0.0003213809389
0.0003180854992
0.0003025795916
0.0002699046594
0.0002190889546
2.143655432e-05
1.510602113e-05
1.033345526e-05
9.248553513e-06
1.979002285e-05
5.420892157e-05
6.881963992e-05
4.043063491e-05
1.274952901e-05
2.687687457e-06
1.359553371e-06
3.87873532e-07
3.803508987e-07
8.387253965e-06
1.286926781e-05
4.463494846e-06
3.425110735e-05
0.0002885177905
0.0004425844395
0.0004006360875
0.0003289077773
0.0001571035182
0.0001034882789
0.0001350055249
0.0002019246196
0.0002575102525
0.0002946845184
0.0003088403928
0.000299644236
0.0002673517676
2.547420457e-05
3.635315271e-05
4.214293614e-05
4.191990743e-05
3.777616938e-05
3.078345408e-05
1.909742659e-05
1.637771222e-05
2.143325191e-05
1.197937746e-05
2.137863211e-06
4.211697367e-07
4.427973807e-07
1.06096275e-06
5.214353034e-05
0.0002382325922
0.0005854309097
0.0006830882345
0.0005845499294
0.0004262542072
0.0002167914199
9.927863343e-05
4.891227775e-05
3.244978373e-05
8.346685592e-05
0.0001534366421
0.000212958576
0.0002501977885
0.0002672733923
0.0002647288868
4.87995325e-06
2.026497755e-05
3.00273343e-05
1.46314959e-05
4.205053132e-06
8.868242257e-07
1.516114186e-07
2.059596067e-07
5.447084992e-07
2.006799387e-06
2.491994717e-05
0.0001509471282
0.0002952269514
0.0002944803286
0.0003089448652
0.0005472261977
0.0006106866138
0.0005213399883
0.0003142030021
0.0001634420174
0.00010099436
7.001724573e-05
4.317765873e-05
2.242067774e-05
1.496162134e-05
2.866225055e-05
0.0001020247937
0.0001458119905
0.0001886477155
0.0002172904459
7.161335576e-06
6.476043738e-06
3.518487641e-06
9.038288332e-06
2.160655188e-05
7.521566527e-06
1.415399624e-06
6.306859776e-07
1.149554181e-06
6.29345355e-05
9.974895616e-05
0.0001258478755
0.0002615582928
0.0004371224018
0.0004129900156
0.0003351774783
0.0002336984166
0.0001443589929
9.208840993e-05
7.527121608e-05
6.158032279e-05
4.243856309e-05
2.273617798e-05
1.402412185e-05
1.562832409e-05
1.630379551e-05
3.708620018e-05
0.0001054278798
0.0001525560877
1.387946503e-05
3.125297219e-06
5.451601663e-07
3.893893122e-07
9.338890309e-07
7.923343271e-06
4.572984459e-05
0.0001148915623
7.070685512e-05
0.0002226013655
3.273227324e-05
7.401499578e-05
0.0004144005085
0.0003079602911
0.0002404340653
0.0002168197937
0.0001771299509
0.0001011906953
6.544081297e-05
6.506499127e-05
5.92764325e-05
4.359509459e-05
2.326083678e-05
1.045689352e-05
1.625215341e-05
2.008956199e-05
2.082468117e-05
2.548290458e-05
4.953290881e-05
3.815423767e-05
2.029554901e-05
6.319479479e-06
3.179752039e-05
1.497639495e-07
3.065621802e-06
1.742401333e-05
4.251963291e-05
8.766888572e-05
0.0002183684154
1.50660654e-05
0.0002106961277
0.0003622540784
0.0001591264548
0.0001491580458
0.0001575867289
0.0001367980937
7.731793072e-05
5.478752792e-05
5.97125787e-05
5.82737155e-05
4.667684876e-05
2.621708821e-05
8.968821544e-06
1.227861145e-05
2.005757658e-05
2.636535648e-05
3.251871047e-05
3.94203676e-05
3.964221697e-05
3.079676312e-05
1.738990319e-07
1.273163566e-05
3.22232525e-05
6.247124694e-05
8.524008016e-05
9.548690972e-05
0.0002381188668
0.0005628830858
0.0001715265342
9.921500527e-05
0.0001074711639
0.0001169924492
0.0001058090711
6.672245366e-05
4.942451644e-05
5.374102867e-05
5.576047976e-05
4.970835629e-05
3.078551117e-05
8.915446745e-06
7.677182142e-06
1.732027875e-05
2.795137961e-05
4.284960533e-05
4.199361178e-05
5.135414008e-05
1.031230455e-05
5.328428622e-06
4.406545887e-05
6.145177746e-05
8.496775097e-05
9.071701003e-05
8.142083153e-05
0.0003631358069
0.0004930845369
0.0002345666145
0.0001587754021
0.0001401057771
0.000124738158
9.701785834e-05
6.201387357e-05
4.729196674e-05
4.66356991e-05
5.046937845e-05
5.07948644e-05
3.58949996e-05
1.184805727e-05
4.232836754e-06
1.294432383e-05
2.781973533e-05
1.118459212e-05
1.251012705e-06
3.277362753e-06
2.918386447e-05
5.87864846e-05
9.155539538e-05
7.815016743e-05
7.106446742e-05
0.0005922005505
0.0004757439043
0.0002472479305
0.0001731147228
0.0001367124398
0.0001195096165
0.0001046458065
7.984711243e-05
5.880306863e-05
3.994556962e-05
4.26506891e-05
4.878904578e-05
4.004969868e-05
1.675967756e-05
1.884013126e-06
1.045491369e-05
2.662877178e-05
8.39587089e-06
4.527983212e-05
0.0003440576177
8.899615427e-06
4.529481873e-05
8.561606048e-05
5.924956275e-05
6.539059724e-05
0.0004342375247
0.0002647255614
0.0001244975438
7.515804984e-05
5.554648614e-05
6.574420357e-05
0.0001074823738
0.0001464872257
0.0001230794138
4.085923214e-05
3.319466648e-05
4.401271017e-05
4.114794501e-05
2.367460857e-05
2.181363465e-06
1.175831973e-05
9.815127374e-05
6.58492022e-05
0.0001023510339
9.525951016e-05
5.260199757e-05
3.39004548e-05
4.401770179e-05
0.000174928751
6.556822836e-05
2.257457489e-05
9.06563832e-06
9.20891413e-06
2.341331004e-05
8.274468244e-05
0.0001980994156
0.0002424825945
0.0001017841579
2.286644469e-05
3.889805991e-05
3.610497255e-05
3.220295028e-05
2.456769193e-05
8.762270852e-05
2.147791823e-05
4.3486337e-05
3.133266917e-05
1.792043632e-05
3.084091092e-05
7.398660246e-05
3.117616035e-05
8.518226829e-06
2.554118953e-06
1.656659991e-06
2.552626578e-06
1.731328603e-05
0.000155062571
0.0002718612765
0.0003189371857
1.650644519e-05
3.649175828e-05
2.182654718e-05
4.000960204e-05
3.928145774e-05
1.045148094e-05
4.644848038e-06
2.1171428e-05
3.368894115e-05
1.309157847e-05
3.049403104e-06
7.765532419e-07
2.69334531e-07
1.139034027e-07
8.68155602e-08
2.702228041e-05
0.0001773331113
0.0005974324216
5.54641973e-05
3.626510159e-05
1.192158143e-05
4.454402655e-06
3.446902343e-06
4.27387468e-06
2.438646848e-06
1.185331301e-06
4.286581236e-07
1.534761485e-07
3.311146858e-08
7.867006575e-09
5.781825061e-09
5.140051446e-07
2.938102781e-05
0.0008054354629
0.0002083226423
6.346450557e-07
1.138067294e-07
2.917422175e-08
2.191319974e-08
3.804334364e-09
1.005270101e-09
3.450333994e-09
4.03299374e-07
6.319051451e-06
2.446587177e-07
8.641699579e-08
3.692035266e-08
2.006472113e-06
1.540779067e-05
4.679027986e-05
2.597290544e-05
6.247925119e-05
9.452309905e-05
9.732950314e-05
0.0001314111308
0.000136136463
0.0001683965185
0.0002090321722
0.0001781540269
0.0002433489141
0.0002406744572
0.0001628036615
0.0001702062349
0.0001834173715
0.0001033800512
0.0001149285132
0.0001316792704
5.506152955e-06
4.638390205e-06
0.0008829367763
0.001193845227
0.001358341303
0.00130117044
0.0008276663108
0.0004904590287
9.198909032e-05
0.0001069974498
0.0001640581212
0.0001318809357
0.0001719451298
0.0001954055644
0.0002091870482
0.0002378316415
3.695822796e-06
3.703929287e-06
3.745885764e-06
4.142553661e-06
0.0003078182598
0.0003877764616
0.0003475478134
0.0004427280107
6.755726361e-06
6.150936167e-06
4.817303869e-06
5.449757418e-06
4.76633569e-06
3.924233463e-06
0.0005153110268
0.0005945178012
0.0005646964925
0.0006419680663
0.0006573366913
3.660416384e-05
9.489150213e-06
8.561609879e-06
0.0001650111418
0.0001052805724
2.63193263e-05
8.740179599e-06
1.110934687e-05
4.194908587e-06
5.425698143e-06
0.0002722261054
0.0001174939788
4.886434769e-05
8.850316324e-06
5.739759557e-06
6.749906876e-06
5.632972626e-06
7.700569104e-06
0.0001058719808
0.0001266379716
0.0001520683253
1.612875539e-05
1.224442996e-05
9.857804187e-06
4.517025472e-05
3.388967259e-05
1.125764504e-05
0.0002829459378
0.0002606790877
0.0001581803408
7.08462136e-06
7.70187801e-06
7.940058403e-06
0.0001308869232
0.0001542325582
0.0001101228099
0.000312848557
5.770962365e-05
2.551424321e-05
9.864652273e-06
1.73783782e-05
6.626523501e-05
7.848313313e-05
4.311118986e-05
2.915925639e-05
3.005845687e-05
5.098796498e-05
9.020517426e-05
8.120369698e-05
1.973719595e-05
1.51518007e-05
1.673458442e-05
0.0001799940292
0.0001506199378
0.0001153745354
2.316053762e-05
1.827956299e-05
1.707593586e-05
0.0002474167897
0.000225493605
0.0001930125983
1.810977209e-05
1.707191485e-05
1.823945834e-05
0.0002707118553
0.0002608426411
0.0002503265368
4.52691689e-06
5.602633163e-06
3.134122892e-05
0.0002485809652
0.0002516052517
0.0002612201764
3.513065313e-06
8.171578157e-06
0.0001829535276
0.0002268590208
9.951798364e-06
6.903006185e-06
9.619384287e-05
1.514220679e-05
2.624861814e-05
1.380523957e-05
6.717676561e-06
2.835216589e-05
3.307696043e-05
3.598145782e-05
4.346355575e-05
3.879029731e-05
2.823214476e-05
3.883342271e-05
4.095824506e-05
3.681812608e-05
4.208225181e-05
4.299285563e-05
4.494868592e-05
4.037989066e-05
3.844988306e-05
4.673295267e-05
2.915459751e-05
3.55657675e-05
3.85420576e-05
1.93740885e-05
9.970412218e-06
4.27951864e-06
2.801150045e-06
1.082718794e-05
1.844041958e-05
2.034737767e-05
2.759774565e-06
4.037665404e-06
1.118629416e-05
1.64432866e-05
8.056000392e-09
5.733241817e-05
2.392742942e-05
1.707765343e-05
6.197369864e-07
4.169282807e-05
7.836072628e-07
4.978951045e-05
3.852771392e-05
1.22462218e-05
4.838782319e-05
4.757012182e-05
4.163813704e-05
1.738825305e-05
8.507953455e-05
5.032928648e-08
2.095950771e-07
1.946597411e-05
3.540467518e-05
4.040758735e-05
3.865681377e-05
4.101737475e-06
3.047316767e-06
2.912159871e-06
3.844038171e-06
2.529978696e-06
1.766238651e-06
3.163215699e-06
2.885261259e-05
0.0003770408194
0.0003998315806
0.0008429234996
0.0008248636699
0.0007462375532
1.179226661e-06
1.025932778e-06
2.87428334e-07
4.785680606e-08
5.898749202e-08
2.881529117e-08
1.868561399e-08
1.758995858e-08
1.87873498e-08
1.172305898e-08
1.016580564e-08
4.57504939e-09
2.792957585e-09
1.899510375e-09
1.868151481e-09
9.172712307e-10
3.982060097e-10
7.438652968e-09
1.423556285e-08
7.31368928e-06
0.0004581946549
0.0002411630243
8.241441628e-05
0.0001279560006
7.13552487e-05
2.541400756e-05
4.360139444e-05
3.293555448e-05
2.977028909e-05
2.884460002e-05
2.83042147e-05
6.072269681e-05
3.337852644e-05
4.442048194e-05
0.0001152019465
6.039120991e-05
7.668176856e-05
0.0001887085528
9.042716705e-05
9.874728853e-05
0.0002488904321
9.250086773e-05
8.822432812e-05
0.0002009926963
3.875805852e-06
2.206036938e-06
2.441861316e-06
0.000349786301
0.0007417800407
0.0009632580757
0.001025227672
0.001011396904
0.0009808320447
0.0008256837107
0.0006013048827
0.0004287514347
0.0004084230675
0.0002657253573
0.0001538672633
0.0001692121563
0.0001078398358
5.902139033e-05
6.930022584e-05
4.471399979e-05
2.834112724e-05
2.977048702e-05
2.220372432e-05
2.255086003e-05
1.994917713e-05
2.113039221e-05
3.328924476e-05
2.428430547e-05
2.80787749e-05
4.776688016e-05
3.213458334e-05
3.746290269e-05
5.609715309e-05
4.565526257e-05
5.894162384e-05
7.30051156e-05
8.106661427e-05
0.0001163852881
0.0001197868746
0.0001677568019
0.0002317621576
0.000234211417
4.213030982e-06
3.94697566e-06
3.592704698e-06
4.397855917e-06
2.653850433e-06
2.140404068e-06
0.0001437064409
0.0004089592892
0.0005554743071
0.0007004161243
0.0008774287086
0.0009655873766
0.0009037442514
0.0008168146665
0.0007334760676
0.0006736004461
0.000519533395
0.000392846071
0.0003814508883
0.0002702729419
0.0001794088286
0.0001863516656
0.0001254723386
7.654284049e-05
8.298294851e-05
5.503105448e-05
3.304907965e-05
3.729661267e-05
8.210019929e-05
2.467543221e-05
4.782906456e-05
3.017466611e-05
2.339171349e-05
2.779362129e-05
3.09071011e-05
3.068614524e-05
3.729828987e-05
4.790952728e-05
4.981786054e-05
6.532211276e-05
9.380030179e-05
9.948940349e-05
0.0001391969714
0.000207313515
0.0002123429779
0.0003002073019
0.0004106708994
0.0003984480204
4.735695265e-06
4.027767027e-06
5.973471491e-06
4.029971815e-06
4.132213917e-06
5.155257014e-06
4.778033892e-06
9.384949152e-06
5.442597046e-06
2.484098206e-05
1.175283321e-05
5.32587502e-06
6.727496419e-05
0.000219339301
0.0002988140134
0.0004438994935
0.0006612129543
0.0007707171188
0.0008050438696
0.0008526552512
0.000853839996
0.0008162353726
0.0007238175783
0.0006326917034
0.0006047482076
0.0004819526707
0.0003738396333
0.0003695761098
0.0002743061301
0.0001919527958
0.0001981375153
0.0001443149278
9.624262101e-05
0.000101655557
0.000144049633
0.0001613485071
0.0001249515303
8.492469476e-05
0.0001169217659
5.998593507e-05
5.529133769e-05
4.343067422e-05
6.299229261e-05
8.060673991e-05
5.584575001e-05
0.0001101323649
0.0001535204159
0.0001068637225
0.0002085612469
0.000266665449
0.0002201723725
0.0003151921178
0.000343875741
0.0003833065713
0.0003472218478
0.0003223982036
0.0004882750844
0.0002684374046
0.0001923207996
0.0005008280278
3.602539047e-05
5.736592694e-06
6.433177702e-06
2.061201643e-06
1.214876248e-06
2.194287269e-06
9.534221695e-07
9.385257779e-07
2.460690715e-06
1.742463519e-06
3.600411282e-05
1.951279704e-05
6.988534072e-05
4.084136288e-05
2.220771342e-05
5.411468348e-05
0.00013377372
0.0001651663569
0.0002831750795
0.0004717030257
0.0005590393594
0.0006496666858
0.0007770249217
0.0008234384171
0.000836135592
0.00082948239
0.0007892144047
0.0007716812754
0.0006815533791
0.0005866291279
0.0005766031851
0.0004704316649
0.0003687931277
0.0003724226493
0.0002888670452
0.0002082486683
0.0002216044687
0.0001855799788
0.0001503414664
0.0001504501278
0.0001307365896
9.097574146e-05
0.0001305151319
0.000151060674
8.601766009e-05
0.0001926163889
0.0002482798012
0.0001394485121
0.0003003609928
0.0003267757533
0.0002423943422
0.0003143672977
0.000265683966
0.0003077267471
0.0001883870551
9.766510166e-05
0.0002570793541
3.185853814e-05
7.477895389e-06
0.0001059947772
1.589473326e-06
3.977777317e-07
1.091223777e-05
1.067994248e-06
2.318511912e-06
4.298799794e-06
6.787820818e-05
3.322177435e-05
9.833863454e-06
1.066586875e-05
4.131145463e-06
1.658584015e-06
2.650690619e-06
3.001042521e-06
1.058861594e-06
2.658998083e-05
9.486189452e-05
5.551178853e-05
0.0001310500968
0.0001399175511
7.794309163e-05
0.000150554023
0.0001612104453
0.0001293540664
0.000239916634
0.0003724466518
0.000407076831
0.0005305056645
0.0006800564193
0.000725089387
0.0007935280599
0.0008563727752
0.0008491508932
0.0008668499695
0.0008322760185
0.000763321169
0.0007646374686
0.0006771742681
0.000574344414
0.0005823561189
0.0004910020369
0.0003838458612
0.0004118458907
0.0003531022954
0.0002546350371
0.0003222011404
0.0003342776951
0.0002064711215
0.0003870209984
0.0004519827554
0.0002740815077
0.0004818754525
0.0004386099797
0.0003805938961
0.0003302711369
0.0002043005634
0.0003188753118
0.0001048554502
3.907040643e-05
0.000130567175
7.755377842e-06
1.051667739e-06
1.193710283e-05
4.66121444e-07
6.894696984e-07
4.161128804e-07
1.909434285e-06
1.854218705e-06
2.310693938e-07
2.85669557e-06
4.408124277e-06
2.804797659e-06
8.073195668e-05
5.450203204e-05
9.376214302e-05
7.320211355e-06
4.351997799e-06
0.0001052187912
6.126086542e-05
0.0001150157576
3.261896656e-05
0.0001768309124
0.0002026866414
7.274698045e-05
0.0002280777813
0.0002496474484
0.0001851739309
0.0002550926445
0.0002529239336
0.0002147078982
0.0002295916513
0.0002743811114
0.0002183627688
0.0003103302094
0.0003937994251
0.0003706503443
0.0005141399157
0.0006498655407
0.0006530306078
0.0007768516528
0.0008754385781
0.0008616818123
0.0009344865124
0.0009520937998
0.0008924771556
0.0009331368643
0.0008862700808
0.0007784594327
0.0008218581209
0.0007512801151
0.0006099602678
0.0006885497943
0.000657300297
0.0004820660484
0.0006894176725
0.0007699237796
0.0005279895475
0.0007506909538
0.0006099893816
0.0005962387401
0.0004111683291
0.0002222380006
0.0003782653124
9.014317015e-05
2.473770796e-05
0.0001054610639
3.204925984e-06
7.45150207e-07
6.460321978e-06
1.229225443e-06
1.978776105e-06
9.054368096e-07
2.744796467e-06
1.864515727e-06
1.888068399e-06
4.042791582e-06
9.269010936e-06
7.8829886e-06
1.433784519e-05
1.792403465e-05
9.073704039e-06
1.949328513e-05
1.88147109e-05
1.050973407e-05
5.258418067e-05
5.2372386e-05
6.079447219e-05
5.633490933e-05
3.703240969e-05
1.461037778e-05
5.158479234e-05
7.490923802e-05
4.846023658e-05
0.0001064167672
0.0001516969028
9.074947527e-05
0.0001870316372
0.0002302784868
0.0001599226133
0.0002640809893
0.000289609134
0.0002386044236
0.0002998336816
0.0002950886649
0.0002586027197
0.0002736322197
0.0002927105244
0.0002760663198
0.0003540783546
0.0004421910451
0.0004236914763
0.0005629187187
0.0006987436575
0.000668778871
0.0008343158993
0.0009583037893
0.0009058709683
0.001070889632
0.001175410548
0.001030654477
0.00126261408
0.001319772157
0.001038080621
0.001342198693
0.0013382856
0.0009638105988
0.001331850563
0.001361172335
0.000928983596
0.001404221667
0.001235465531
0.001022890491
0.0006829521015
0.0002582152438
0.0004820823195
7.253536044e-05
1.611472716e-05
7.557067202e-05
3.585899308e-06
8.402335922e-07
2.376194748e-06
1.882607501e-06
8.043142496e-06
1.157066782e-06
1.727563675e-05
2.615029576e-05
5.226847771e-06
3.264416621e-05
3.144352171e-05
5.264192079e-06
2.22877798e-05
1.657225438e-05
9.157409235e-06
1.623978714e-05
1.997028017e-05
2.151857642e-05
2.538076471e-05
3.009707884e-05
2.783202232e-05
3.088950745e-05
2.381487387e-05
1.625447647e-05
0.0002251646555
0.000198853963
0.0001302753012
0.0001775963874
0.0001564362918
8.956673109e-05
0.0001359895713
0.000128593694
9.798624992e-05
0.0001537706193
0.0001855615481
0.0001889909315
0.0002283633651
0.000254558417
0.0002757557541
0.0002532365883
0.0002482208119
0.0002872673173
0.0002453205542
0.0002487721409
0.0002624912567
0.0002338350005
0.0001784746209
0.0003217269892
0.0001970313655
0.0003002260593
0.0004285128569
0.0004507148301
0.0006285795555
0.0007047227249
0.0008302969423
0.001074716126
0.001027345655
0.001388385809
0.001717775338
0.001437887118
0.001966272596
0.002091035119
0.001760625868
0.002097016735
0.002008800913
0.001826273742
0.001840471978
0.001599657227
0.001763783482
0.001272841859
0.0008724816118
0.001154333908
0.0005244716251
0.0003788529166
0.0001058767405
0.0003129227357
0.0002757960377
2.899713401e-06
0.0002515854654
0.0002312961797
6.647614023e-08
0.0001950460481
0.0001703308172
4.792606076e-05
0.0001623453772
0.0001645305988
8.294668271e-05
0.0001693068209
0.0001700022048
9.13107339e-05
0.000172445568
0.0001784191181
6.478990181e-05
0.0001769778091
0.0001550775206
4.818838709e-05
0.0001137655442
6.464669758e-05
1.595582044e-05
2.484235919e-05
9.259270287e-06
2.480058542e-06
7.09851536e-05
3.881261818e-05
0.0002792531706
2.222366676e-05
1.301750091e-05
0.0002674003898
9.215492911e-06
2.138910534e-05
0.000273547442
6.513347675e-05
0.0001103469311
0.0002262723028
0.000130011158
0.0001121940353
0.0002619067477
5.62546643e-05
3.299871764e-05
0.000265848835
3.408521983e-05
5.322740021e-05
0.0003385629435
6.722868897e-05
7.282181648e-05
2.526157473e-05
1.990202432e-05
1.286079572e-05
0.0001516217243
0.0001058907963
0.0003013080042
0.0004811374018
0.0005348426047
0.0008186813029
0.001021361399
0.001093345525
0.001198050271
0.001698979881
0.001045839174
0.0007743136689
0.001789540626
0.0005562134653
0.0004838435223
0.001261413482
0.0004944941202
0.0005352875845
0.0008028504592
0.0006018161014
0.0006595298997
0.0006146146217
0.0006458728573
0.0006080693678
0.0004141617632
0.0005658266941
0.0005372933353
0.0003031974926
0.0005263206676
0.0005250554732
0.0002514301322
0.0005182722341
0.0004887415898
0.0002225688532
0.0004352596227
0.0003764170854
0.0002246382327
0.0003330088924
0.0003056623398
0.0002326663906
0.0002860628156
0.0002666928594
0.0002167509061
0.0002439047596
0.00021755131
0.0001735879876
0.0001887269504
0.0001582993905
0.000112333555
0.0001264981482
9.259916127e-05
4.533914063e-05
5.74417607e-05
4.394998102e-05
4.867700363e-05
2.959244164e-05
1.695531349e-05
1.343373082e-05
7.542121181e-06
2.651329835e-06
2.680677971e-06
1.50439224e-06
1.925898154e-06
2.753968601e-06
3.88660352e-06
4.6329751e-06
7.125566575e-06
3.765047974e-06
4.588790904e-06
4.566715462e-06
6.781816549e-06
1.104280752e-05
8.017370684e-06
1.646897556e-05
1.981885739e-05
1.876818251e-05
2.193931933e-05
6.972706125e-05
0.0001050656134
1.613661218e-05
2.149821306e-05
1.71018352e-05
3.093874261e-05
3.929535629e-05
0.0001069405982
5.53809222e-05
9.781013194e-05
0.0004443417712
0.0001301870114
0.0001230924883
0.0004021417631
0.0001237478473
0.0001442611998
0.0001475533609
0.0001970423328
0.0002450583559
0.0002238493749
0.0002556518543
0.0002768252109
0.0003837830459
0.0002874257682
0.0002998584735
0.0004560804101
0.000345788732
0.0004032538065
0.0004610409496
0.0004358837201
0.0004567750087
0.0005045504436
0.000487760384
0.0005428817782
0.0006222577757
0.0006230279279
0.0007085465483
0.0007334103593
0.0007599514871
0.0007351653297
0.0006287261202
0.0006265107252
0.000490906687
0.0004081321797
0.0003948151727
0.0003454694985
0.0003160042598
0.0003187691681
0.0002964459093
0.0002662665635
0.0002705311669
0.000238630138
0.0002079920792
0.0002007551543
0.0001585832267
0.0001285423493
0.0001151867544
7.476846473e-05
4.946107134e-05
2.821282901e-05
2.784662436e-05
4.251243678e-05
2.877844647e-05
2.95904792e-05
2.978655085e-05
2.831237672e-05
2.332909699e-05
8.822218793e-06
1.478057843e-05
7.483997364e-06
2.81479352e-06
4.540563699e-06
5.192234098e-06
4.271006192e-06
6.49379456e-06
9.322876714e-06
6.472476852e-06
1.37279777e-05
1.836231652e-05
1.497639134e-05
2.105800402e-05
2.092740856e-05
2.076270337e-05
1.884853935e-05
1.701405854e-05
2.246091987e-05
1.813744149e-05
2.260549708e-05
2.387640925e-05
2.412394863e-05
2.116113915e-05
2.895990512e-05
1.673715428e-05
8.851919579e-06
1.848376189e-05
2.065271946e-05
3.636211504e-05
3.161094189e-05
4.104285221e-05
2.927551305e-05
8.674824453e-06
2.133451513e-05
2.070385656e-05
4.446611478e-05
3.186519681e-05
3.412882967e-05
0.0002250090151
2.636901697e-05
1.904248446e-05
0.0002089392845
1.411711861e-05
1.160274318e-05
0.000124745912
1.190885287e-05
1.557372149e-05
0.0001316295079
2.048518452e-05
3.28587246e-05
0.0002255869865
8.002195632e-05
0.0001995806402
0.0004751868826
0.0003691768355
0.000509480426
0.0006734508451
0.0005680847449
0.0005452496936
0.0005675376088
0.0004803152355
0.0004172127255
0.0004024554425
0.0003726215166
0.0003406975585
0.0003328689579
0.000312255283
0.000282562329
0.0002652139807
0.000250400594
0.0002157186359
0.0001807200538
0.0001783078112
0.0001381623842
9.703820335e-05
1.13883215e-05
8.421751052e-06
1.212874376e-05
6.212328469e-06
4.689574875e-06
9.509348447e-06
3.779300676e-06
3.40512176e-06
7.788594578e-06
3.520424521e-06
4.200847951e-06
5.595830252e-06
5.778358228e-06
9.046931896e-06
6.548527483e-06
1.483714563e-05
2.174440987e-05
1.352009492e-05
2.607127673e-05
2.596274346e-05
2.17596998e-05
2.273607931e-05
1.864585592e-05
2.040688002e-05
1.527137663e-05
1.345929387e-05
1.591401648e-05
1.314508932e-05
1.244737639e-05
1.821937019e-05
9.873336129e-06
7.366635012e-06
1.328961585e-05
6.724843431e-06
5.679448779e-06
5.243023503e-06
8.746790131e-06
1.925288213e-05
2.867916125e-05
4.053838051e-05
6.22350633e-05
5.585306748e-05
6.232755332e-05
4.416361806e-05
2.729834644e-05
2.694204424e-05
2.427528722e-05
2.286856912e-05
3.162815912e-05
4.208984059e-05
2.154020047e-05
4.71703515e-05
4.827572353e-05
1.801042594e-05
5.84357527e-05
8.381217712e-05
3.221254552e-05
9.009958158e-05
8.184797738e-05
4.059558014e-05
8.214468593e-05
0.0001073276812
0.0001100711847
0.0001712633592
0.0002621206936
0.0003625172132
0.0003385314272
0.0003728643789
0.0004752127608
0.000371496786
0.000356305695
0.0004046275423
0.0003419671733
0.000331277004
0.0003413623043
0.0003214814818
0.0003093548052
0.0002940824925
0.0002928226805
0.0002710207896
0.000238794028
0.0002442373285
0.0002130214485
0.0001735911086
1.386576387e-05
1.020898961e-05
8.657091993e-06
7.361228305e-06
5.357118254e-06
3.888049685e-06
4.277541889e-06
4.319237024e-06
2.259780541e-06
6.11916386e-06
1.171158976e-05
3.841268196e-06
2.464980964e-05
4.317211016e-05
1.820672027e-05
5.643655025e-05
5.633070944e-05
3.828402851e-05
4.497414963e-05
3.007449478e-05
2.997341832e-05
1.779471511e-05
1.020546426e-05
1.511244798e-05
6.561456982e-06
5.274222696e-06
9.648571256e-06
4.426715054e-06
3.033430883e-06
7.031310263e-06
1.976852275e-06
2.108415336e-06
3.98719619e-06
3.771992122e-06
4.295054541e-06
6.633906281e-06
5.592703538e-06
9.691088182e-06
1.277714903e-05
1.63999994e-05
2.611063867e-05
4.789226493e-05
3.243729803e-05
3.282019138e-05
5.115496685e-05
3.206793561e-05
5.093908757e-05
3.10375176e-05
0.0001162117027
0.0002189913601
9.431693614e-05
0.000271148867
0.0002711225172
0.0001293925813
0.0002813752913
0.0003039194853
0.0001822372092
0.0002709624994
0.0002007777859
0.0001436699255
0.0001559458335
0.0001365971866
0.0001270554772
0.0001392730736
0.0001638734966
0.0002092109735
0.000199812357
0.0002350316589
0.0002997252669
0.0002642537526
0.0002873427336
0.0003207650293
0.0003047177201
0.0003166583147
0.0003206426856
0.0003228684195
0.0003231883755
0.0003123625578
0.0003178549768
0.0003073007048
0.0002884196769
0.0002919784844
0.00027149147
0.0002463450818
1.549916534e-05
1.405524252e-05
1.2405298e-05
1.338227931e-05
1.427529009e-05
9.1237704e-06
1.768081142e-05
2.44214146e-05
1.19192386e-05
3.424349029e-05
4.505855507e-05
3.521672005e-05
5.338364855e-05
5.509930387e-05
6.76858043e-05
4.865316815e-05
3.771611328e-05
5.753247129e-05
2.710680162e-05
1.825930523e-05
2.439997452e-05
1.066376511e-05
4.598967994e-06
5.86051214e-06
1.201294081e-06
3.294839591e-07
1.736246148e-06
1.438453074e-07
1.099732929e-07
7.604753417e-07
1.355599444e-07
2.119408667e-07
3.120925022e-07
3.483382233e-07
5.548601616e-07
3.534340066e-07
9.146070831e-07
1.863493045e-06
1.376526145e-05
1.524832031e-05
3.755156845e-05
1.19782133e-05
2.869418608e-05
3.961261593e-05
2.983692269e-06
0.0002226747263
0.0004042782207
0.0001364185788
0.0005371164293
0.0005875967494
0.000417681727
0.0005561338861
0.0004931296304
0.0004158904496
0.0004522451275
0.0004176730325
0.0003967536888
0.0003078779532
0.0001921534151
0.0002214186046
0.0001311637889
9.291243991e-05
0.0001214163455
6.51447739e-05
5.659761251e-05
0.0001091003679
7.294334378e-05
0.0001067919484
0.0001680634787
0.0001432974892
0.0001791566869
0.0002319493773
0.0002126759702
0.0002388755781
0.000278700549
0.0002583582918
0.0002726101336
0.0003047586974
0.0002822644532
0.0002873177274
0.0003071100295
0.0002873179639
0.0002814227505
0.0002858629473
8.134440987e-06
1.142432122e-05
4.004873211e-05
1.368947157e-05
1.433359184e-05
4.267986414e-05
1.405124591e-05
1.353439581e-05
4.017959175e-05
1.289895177e-05
1.170053727e-05
3.481055823e-05
9.416487692e-06
6.264900711e-06
2.512344984e-05
3.371210436e-06
1.691709314e-06
1.57137771e-05
1.250965654e-06
1.622112669e-06
1.94240537e-05
2.663364766e-06
5.495545735e-06
1.928105163e-05
1.520932113e-05
4.430681144e-05
4.838684385e-06
7.122524479e-05
6.460928349e-05
8.645153478e-07
5.225328614e-05
4.1008135e-05
3.484708693e-07
4.415165892e-05
2.55651862e-05
6.412119704e-07
1.911869195e-06
7.214988186e-05
1.83860399e-05
0.0001331744765
0.0002304294956
0.0001065021181
0.0004304675097
0.0006028412249
0.0004687052993
0.0006658334604
0.0006773670156
0.0006550754585
0.0006653459836
0.0006117419812
0.0006616175514
0.0005032105094
0.0003886208724
0.0004892937254
0.0002929551221
0.0001973401645
0.0003440153191
0.0001321665693
0.0001017158182
0.0001387857997
7.996072538e-05
6.037664632e-05
7.090878443e-05
4.40562039e-05
3.117086095e-05
3.444509773e-05
2.155341646e-05
1.92704791e-05
5.011697299e-05
2.91563771e-05
5.707732914e-05
0.0001220014996
9.607421911e-05
0.0001241376421
0.0001847459103
0.0001483541815
0.0001736214698
0.0002345283685
0.0001980517975
0.0002187650167
0.0002610816745
0.0002341952094
0.0002438156133
0.0002681834985
4.438598534e-06
6.027271237e-06
2.945370616e-05
8.549802583e-06
1.442565195e-05
2.332735319e-05
2.432326797e-05
2.865214299e-05
8.082963897e-06
2.291579574e-05
1.349528227e-05
2.04644619e-06
6.563400298e-06
2.832154922e-06
3.408531537e-07
1.10558323e-06
4.346192577e-07
1.372519391e-07
2.602263277e-07
2.877857021e-07
3.354040491e-07
4.125193127e-07
6.536064679e-07
9.230032475e-07
1.315911077e-06
1.06192989e-05
4.734371595e-06
4.0909103e-05
7.170675316e-05
6.642488858e-05
0.000115677767
0.0001382427111
0.0002413629775
0.0001518570347
0.0001761214352
0.0002999218978
0.0002294614563
0.0003075463345
0.0002636489651
0.0004098380674
0.0004888749891
0.0004110454069
0.0005213125574
0.0005076065064
0.0006146116723
0.0004717151661
0.0004096602615
0.0005825052196
0.0003306841884
0.0002517563611
0.0004234747458
0.000189035469
0.0001440953744
0.0002256121583
0.0001146000598
9.700207654e-05
0.0001242725503
8.527575534e-05
7.495125831e-05
8.502382872e-05
6.451576404e-05
5.372429991e-05
5.592903519e-05
4.272466464e-05
3.214821716e-05
3.182250117e-05
2.278701682e-05
1.638289813e-05
1.552927637e-05
1.470715952e-05
1.471368969e-05
1.807034264e-05
1.497128064e-05
1.865530152e-05
6.368828966e-05
3.045124297e-05
6.783319624e-05
0.0001245141535
0.0001040161409
0.0001292003887
0.0001679148611
0.0001505380723
0.000169075705
0.0002048562418
8.458305472e-06
6.226920628e-06
7.421482588e-06
3.883567109e-06
2.200414792e-06
4.575197511e-06
1.345603914e-06
1.100071351e-06
4.303484373e-06
1.506238367e-06
3.485981407e-06
1.81009373e-05
9.703973923e-06
2.06748464e-05
1.507926954e-05
2.574964052e-05
2.169541919e-05
3.246233519e-06
1.653799615e-05
1.322014957e-05
7.621154191e-07
1.028876182e-05
6.102904773e-06
7.679086709e-07
1.825207768e-06
3.814848686e-05
1.637862791e-05
0.0001216696705
0.0001132088536
8.678116624e-05
7.089033381e-05
6.718525964e-05
0.0001081100673
9.687458205e-05
0.0001947433848
0.0001718662721
0.0003366659468
0.0003905684169
0.0003628546538
0.0003824238378
0.0003495513454
0.0004383476694
0.0003139891155
0.0002835935724
0.0003798867502
0.0002568313047
0.0002289282006
0.0002844425805
0.0001976270981
0.0001609902852
0.0001866810543
0.0001202719559
9.006352387e-05
0.0001115924166
7.61559513e-05
7.136943041e-05
8.187382978e-05
6.893827414e-05
6.554083391e-05
6.899239943e-05
6.004392622e-05
5.227062648e-05
5.260915939e-05
4.269541948e-05
3.239527127e-05
3.207378457e-05
2.280728106e-05
1.524951151e-05
1.638014678e-05
1.196464894e-05
1.508582788e-05
1.54971041e-05
1.690966416e-05
1.769298732e-05
1.552361806e-05
1.747133775e-05
1.735237322e-05
2.065631018e-05
1.914882765e-05
2.457731644e-05
7.173715902e-05
4.247868683e-05
7.068899194e-05
0.0001324157653
6.897784832e-06
2.733742387e-06
1.213582601e-06
8.190869121e-07
4.146150055e-07
3.902368619e-07
1.801196259e-06
2.867444293e-06
5.098814174e-07
1.740679791e-07
3.472163409e-07
2.397137485e-06
1.198907755e-06
5.150595623e-06
2.172954363e-05
1.497276092e-05
3.036349414e-05
7.945007674e-05
5.302397369e-05
9.750329314e-05
0.0001672771825
0.0001847739421
0.0002113402705
0.0001286314515
0.0002888889897
0.0001059919378
0.0001269321949
6.946066561e-06
8.920057991e-06
2.887711814e-05
8.779866594e-05
0.0002958654623
0.0002422320823
0.0004237121766
0.0003011419067
0.0003645141893
0.0002292642808
0.0001969448172
0.0002661325182
0.0001892429925
0.0001890842996
0.0002276529508
0.0001865958521
0.0001767393395
0.0002011112945
0.0001568338022
0.0001257887683
0.0001425959065
8.678783385e-05
6.355909338e-05
7.403787811e-05
5.8899267e-05
6.068321851e-05
6.484436013e-05
6.228428912e-05
6.176882269e-05
6.341831657e-05
5.881775121e-05
5.32191228e-05
5.255727782e-05
4.500344728e-05
3.491750178e-05
3.334536588e-05
2.442490384e-05
1.505786177e-05
1.456424774e-05
9.681252553e-06
1.115930872e-05
1.348936992e-05
1.456070722e-05
1.78295096e-05
1.856038425e-05
2.066796151e-05
2.292763312e-05
2.071205873e-05
2.463816313e-05
2.614502072e-05
2.170524658e-05
3.178612245e-05
2.570584214e-05
1.265097315e-05
2.310403385e-05
3.920015577e-05
1.025570107e-05
4.264558534e-05
1.309597653e-05
2.202374246e-05
1.399870391e-07
1.21682131e-07
1.845307651e-07
5.544052245e-06
1.32814567e-05
8.631043429e-06
2.400476032e-05
3.751015621e-05
2.905770652e-05
5.221556808e-05
6.579701065e-05
5.866946515e-05
7.893633536e-05
8.976630674e-05
0.0001394138182
0.0001078844312
0.0001161636246
0.0001075705622
0.000102686445
0.0001668711214
7.043431356e-06
0.0004746412089
0.0003334210593
0.000353828443
0.0002121912498
0.0001368169904
0.0002171371541
0.0001121102071
0.0001116344906
0.0001452963485
0.0001197928103
0.0001285051739
0.0001556006546
0.0001324187777
0.0001294451125
0.0001517836825
0.0001192172167
0.0001012383213
0.0001120042446
7.117147726e-05
5.343612378e-05
5.729246556e-05
5.181294895e-05
5.458130792e-05
5.751303271e-05
5.690834103e-05
5.790583566e-05
6.004155908e-05
5.732577798e-05
5.44060887e-05
5.39402784e-05
4.833091758e-05
3.920137619e-05
3.695124386e-05
2.837566423e-05
1.769247089e-05
1.623442533e-05
8.53397846e-06
5.258565157e-06
8.18365178e-06
9.855366003e-06
1.43590092e-05
1.62713652e-05
1.886632877e-05
2.319572978e-05
2.344970886e-05
2.733479413e-05
3.179441848e-05
2.916683226e-05
4.011014419e-05
4.369994686e-05
3.835610016e-05
4.864094672e-05
4.704634405e-05
4.674078782e-05
2.06228916e-05
2.093157547e-06
5.400060007e-06
3.187933457e-07
9.513892252e-06
1.582787661e-07
3.121280709e-05
3.713405154e-05
2.115726588e-05
4.548832421e-05
5.887035723e-05
4.680926404e-05
7.34195682e-05
8.444398527e-05
7.588453089e-05
9.003435025e-05
9.072571141e-05
9.057669916e-05
8.830238675e-05
9.963215996e-05
0.0001068186324
0.0002912118848
0.0006334701089
0.0006078780542
0.0004825276556
0.000300088664
0.0003037983237
0.0001859558991
0.0001348097997
0.0001135589551
0.0001202798027
0.0001169006999
0.0001004290324
0.0001177412107
0.0001185491685
0.0001144092021
0.0001157363961
0.0001082983881
0.000113874666
9.812130853e-05
8.637994655e-05
9.277372289e-05
6.334462188e-05
4.95095383e-05
5.088385041e-05
4.769331245e-05
4.886852048e-05
5.166364273e-05
5.026596631e-05
5.193653957e-05
5.520978041e-05
5.347569227e-05
5.362048389e-05
5.43588685e-05
5.059023389e-05
4.354341189e-05
4.146206482e-05
3.335138267e-05
2.193686228e-05
1.95669379e-05
1.011000758e-05
1.906004401e-06
3.182861418e-06
5.825446619e-06
1.030180836e-05
1.236692676e-05
1.529284435e-05
2.095820798e-05
2.242873887e-05
2.827983884e-05
3.956087961e-05
3.449516627e-05
3.360428697e-05
2.09142243e-05
4.311388079e-05
2.432609016e-06
3.767123198e-08
5.133501374e-07
8.470698389e-07
9.292146855e-06
8.582343498e-06
4.284076693e-05
5.278486071e-05
5.216160225e-05
6.821227259e-05
8.333640342e-05
7.36463341e-05
9.253945267e-05
9.285400721e-05
9.094064613e-05
8.641584176e-05
7.702096692e-05
8.618221804e-05
7.450624475e-05
0.0001362938792
0.0001079065491
0.0005341600333
0.0005808540943
0.0005919663947
0.000515062457
0.0003742250626
0.0003549098311
0.0002609149729
0.0002081708787
0.0001798790294
0.0001818826331
0.0001640562109
0.0001474286944
0.0001507958066
0.0001402985145
0.000133614766
0.0001298928316
0.0001168041207
0.0001119107408
0.0001007364107
8.446796855e-05
8.29297764e-05
6.582395359e-05
5.614430889e-05
5.036816508e-05
4.983114456e-05
4.53357993e-05
4.653635771e-05
4.306952258e-05
4.399812428e-05
4.815811739e-05
4.681945393e-05
4.981018909e-05
5.210095003e-05
5.020324473e-05
4.632521084e-05
4.52341893e-05
3.820494676e-05
2.769683149e-05
2.468316391e-05
1.405946099e-05
5.632989507e-07
1.093248706e-06
2.851344327e-06
6.183558232e-06
8.194868472e-06
1.085810577e-05
1.824114916e-05
1.920868513e-05
7.509076452e-05
2.788626019e-05
4.269262474e-08
0.0001099919242
8.6867463e-05
3.645168349e-05
1.344353888e-05
2.222485551e-05
3.856676871e-05
4.427446382e-05
7.131985581e-05
8.001491386e-05
8.687209903e-05
8.335861151e-05
8.908496755e-05
6.93782881e-05
5.624417859e-05
6.594989015e-05
7.015704888e-05
0.0003264353253
0.0002213508676
0.0005309348891
0.0004847479636
0.0005546458337
0.0003873512592
0.0002677657049
0.0003391348014
0.0001982159626
0.0001594778112
0.000200931974
0.00013316003
0.0001132859972
0.0001521994154
0.000100039079
9.383882337e-05
0.0001263252005
9.441131012e-05
9.986312936e-05
0.0001132403873
0.0001064598994
0.0001101636202
9.330429507e-05
0.0001080698836
0.0001027286486
7.167216553e-05
8.07374635e-05
5.443003747e-05
4.676645338e-05
3.822956454e-05
3.548476127e-05
3.963380452e-05
3.808601028e-05
4.346636358e-05
4.686310437e-05
4.664567706e-05
4.604262699e-05
4.663788015e-05
4.114833707e-05
3.420442858e-05
3.090151285e-05
1.996854178e-05
2.220924796e-07
2.471230512e-07
2.010815725e-06
5.31857062e-06
5.042873884e-06
5.425726752e-05
7.936378216e-05
0.0002251020243
0.0001184212088
0.0001489091714
0.0001600076995
0.000205999767
0.0001802839987
1.482321363e-05
0.0001392106136
9.933248241e-05
7.606198886e-05
7.11660767e-05
5.387874358e-05
7.550222664e-05
4.303609864e-05
3.662250572e-05
4.727673558e-05
5.491666184e-05
0.000300512435
0.0003560971672
0.0003010322948
0.0002205387679
0.0003700312037
0.000136539505
8.31698026e-05
0.0001726198416
5.535725287e-05
3.795195136e-05
9.53000787e-05
2.771583547e-05
2.315294283e-05
6.187632988e-05
2.339328964e-05
2.890590741e-05
5.652100444e-05
4.201936974e-05
6.60799794e-05
8.357173302e-05
0.0001021431541
0.000145022105
0.0001313911913
0.0001811486984
0.000202649784
0.000150059813
0.0001836810025
0.000120254857
7.580152813e-05
5.624961066e-05
3.893614835e-05
3.318817411e-05
2.801946026e-05
3.631898905e-05
3.987669683e-05
4.127599969e-05
4.217342464e-05
4.450562666e-05
3.962144272e-05
4.060297673e-05
3.748755623e-05
2.793109235e-05
1.132078732e-05
5.230731285e-07
7.570184489e-06
8.621918595e-06
5.612613795e-06
5.085392805e-05
4.803371004e-05
6.921391866e-05
3.976851923e-05
4.474651514e-05
0.0001149432135
4.717085835e-05
4.426195092e-05
7.019435757e-05
3.849787099e-05
3.194084963e-05
4.163753692e-05
2.572129907e-05
2.165182848e-05
2.888993063e-05
3.610638635e-05
0.0001603603496
0.0002265420315
0.0001062817413
6.749273002e-05
0.0001109855984
4.151441946e-05
2.366438523e-05
3.854297333e-05
1.26179165e-05
6.851301536e-06
1.335805527e-05
4.311229627e-06
3.521101973e-06
7.932443934e-06
3.882528253e-06
5.511570458e-06
1.350928062e-05
9.718087626e-06
2.092378111e-05
4.426301562e-05
5.028541865e-05
0.0001107593511
0.0001394431637
0.0001895268956
0.0002569495518
0.0002426743374
0.0002751367914
0.0002515260767
0.0001863124921
0.0001924243539
0.0001392469354
6.847078594e-05
1.850501649e-05
2.942829115e-05
3.287919713e-05
3.726089986e-05
3.71326552e-05
3.947234349e-05
3.01841184e-05
4.571437689e-05
4.337488718e-05
3.610623443e-05
1.67294623e-05
1.77969248e-05
4.517650046e-05
3.265968869e-05
3.902648398e-05
2.208423971e-05
1.477144744e-05
2.383197098e-05
1.042425177e-05
9.307892809e-06
1.506768086e-05
2.386604245e-05
6.125733625e-05
0.0001039476272
5.260928071e-05
3.735190166e-05
5.014941879e-05
2.231256406e-05
1.132663511e-05
1.690174092e-05
5.4895709e-06
2.759681546e-06
4.420086365e-06
1.472339926e-06
9.030563083e-07
1.807263743e-06
6.789651901e-07
5.771087052e-07
1.869778692e-06
4.706824493e-07
2.985978658e-07
5.01011898e-06
1.347078568e-06
1.544762416e-05
6.408892693e-05
9.946885162e-05
0.0001982924369
0.000241261241
0.0002363552502
0.0003035982118
0.0002909184015
0.0004583613287
0.0003812802359
0.0002501207138
2.351331898e-05
2.108868263e-05
2.564378796e-05
3.635785217e-05
3.642010038e-05
3.597766538e-05
5.3739563e-07
8.307092805e-07
6.15001371e-06
2.781249911e-06
8.637033587e-06
6.846529519e-06
1.674341834e-05
1.857009925e-05
3.456279514e-05
1.51333911e-05
9.609830489e-06
2.380872647e-05
5.020740845e-06
2.516698658e-06
6.273678659e-06
1.349730451e-06
7.287120211e-07
1.534615974e-06
3.679430839e-07
1.818542243e-07
4.227219744e-07
9.937342912e-08
5.911357625e-08
1.877354146e-07
3.068476592e-08
5.589817056e-09
2.986291214e-08
1.369220816e-08
1.05274336e-07
1.276223696e-06
2.845423219e-06
5.445350672e-05
0.0001359739264
0.0001072880349
0.0003525377447
0.0003141278534
0.0007220109455
0.0006283462512
0.0005094715384
0.0001191864333
5.310718791e-06
1.472554074e-05
9.92514017e-07
4.289278718e-07
1.967749798e-06
1.246607448e-07
7.243321589e-08
6.651025031e-07
6.873749699e-08
7.431423229e-08
2.782344158e-07
5.62682052e-08
2.613723909e-08
7.114523891e-08
1.042959832e-08
4.744655435e-09
1.679928896e-08
2.171105229e-09
6.395486706e-10
1.588398408e-09
3.889749743e-09
2.174739076e-08
3.47646528e-08
4.883629785e-07
3.760348685e-06
4.377721565e-06
)
;

boundaryField
{
    dominio_ascii
    {
        type            zeroGradient;
    }
    wallFilmFaces_top
    {
        type            zeroGradient;
    }
    region0_to_wallFilmRegion_wallFilmFaces
    {
        type            zeroGradient;
    }
}


// ************************************************************************* //
