/*--------------------------------*- C++ -*----------------------------------*\
| =========                 |                                                 |
| \\      /  F ield         | OpenFOAM: The Open Source CFD Toolbox           |
|  \\    /   O peration     | Version:  2.1.x                                 |
|   \\  /    A nd           | Web:      www.OpenFOAM.org                      |
|    \\/     M anipulation  |                                                 |
\*---------------------------------------------------------------------------*/
FoamFile
{
    version     2.0;
    format      ascii;
    class       surfaceScalarField;
    location    "1.9";
    object      phi;
}
// * * * * * * * * * * * * * * * * * * * * * * * * * * * * * * * * * * * * * //

dimensions      [1 1 -1 0 0 0 0];

internalField   nonuniform List<scalar> 
5536
(
7.175090273e-10
4.050752066e-09
-9.609223868e-10
9.446676124e-10
4.564694988e-09
-8.827117029e-10
9.82801753e-10
6.063200651e-09
-9.990343946e-10
9.865362805e-10
6.950267999e-09
-6.570785557e-10
8.322336705e-10
9.898248497e-09
1.275059509e-06
7.230182299e-07
-7.159085909e-07
1.178787333e-06
6.825962501e-07
-2.985919628e-11
-2.765371014e-07
1.673513025e-07
1.12632517e-07
-8.203109846e-10
-4.621300072e-08
2.995669918e-08
1.780681101e-08
-4.973452066e-09
-7.083294151e-09
9.918233639e-09
2.483472255e-09
-5.625560605e-09
-5.823588308e-10
6.240970815e-09
1.696840562e-10
-8.199899665e-09
-1.256001549e-09
5.565162681e-09
3.756019722e-09
-8.884707323e-09
-7.794661347e-09
7.6175359e-09
1.363575377e-08
-4.894113042e-09
-2.12250085e-08
8.109929259e-09
3.011342945e-08
-1.941584156e-10
-3.948339762e-08
3.788779061e-09
4.364767565e-08
4.741443899e-10
2.414870565e-10
5.362366687e-08
-4.300453542e-08
-4.978198266e-08
-7.553401607e-09
4.66186837e-08
-2.319965379e-10
6.611740905e-10
3.942651173e-10
-1.006791073e-09
-1.039327582e-10
7.933946992e-10
-7.90896345e-07
-9.033627084e-10
4.916810776e-07
3.090579803e-07
-1.135657578e-06
-5.418318224e-07
1.028762669e-06
6.695529249e-07
-3.860069124e-07
-5.565040457e-07
5.699697389e-07
3.849057705e-07
-1.011451821e-07
-2.394579542e-07
2.066081103e-07
1.390946972e-07
-2.836727195e-08
-7.673956398e-08
6.677138611e-08
4.032142755e-08
-1.001321097e-08
-2.04144901e-08
2.112741917e-08
9.972237882e-09
-4.593649891e-09
-5.032331905e-09
6.544781496e-09
3.418228153e-09
-4.396731483e-09
-3.601598445e-09
3.734483667e-09
4.900507164e-09
-5.350884679e-09
-7.112653745e-09
3.772633461e-09
1.010286773e-08
-4.508534522e-09
-1.334014426e-08
3.735912835e-09
1.642604008e-08
-3.660471043e-09
-2.016313608e-08
3.886869519e-09
2.543907069e-08
-1.130391945e-09
-3.230303441e-08
4.723983457e-09
4.194188387e-08
-7.153789443e-10
-5.839375191e-08
8.556609287e-09
8.16481791e-08
2.328379253e-09
1.291734807e-07
-1.425150951e-07
-8.759995071e-10
-6.8719854e-11
1.124290461e-09
1.312851509e-10
-7.690687743e-10
-1.437802199e-10
7.109471183e-10
1.045660654e-10
-6.940323486e-10
-1.330622678e-10
7.186479316e-10
-3.067315364e-07
-7.961315542e-10
1.917724198e-07
1.208043233e-07
-8.871892259e-07
-3.01182986e-07
7.369694487e-07
4.689733699e-07
-6.898608964e-07
-5.310595999e-07
7.45401299e-07
4.929124382e-07
-3.270182992e-07
-4.007526086e-07
4.423797686e-07
2.968094446e-07
-1.265664849e-07
-2.049591615e-07
2.038787696e-07
1.338077141e-07
-4.367755974e-08
-8.325616542e-08
8.028391091e-08
4.949362467e-08
-1.312813008e-08
-2.816627909e-08
2.688042837e-08
1.570690738e-08
-5.044527404e-09
-9.256890454e-09
9.119876381e-09
6.488890335e-09
-3.742212168e-09
-6.667973611e-09
3.303850234e-09
6.670171644e-09
-3.675538931e-09
-7.550651452e-09
4.374157195e-09
9.374019968e-09
-4.314105852e-09
-1.227079385e-08
5.133395156e-09
1.682590299e-08
-6.458270128e-09
-2.410094417e-08
7.610323924e-09
3.587313346e-08
-1.165621431e-08
-5.477046482e-08
1.309983495e-08
8.36392845e-08
-1.620439852e-08
-1.244061727e-07
2.0671929e-08
1.761637849e-07
-8.947812214e-08
2.298564948e-08
3.859120612e-07
-2.378653327e-07
-3.109204955e-07
3.941639352e-08
6.410837711e-10
-9.790084677e-10
-4.010449694e-10
9.212087095e-10
1.477013638e-10
-1.027540625e-09
-1.491135524e-10
1.074807665e-09
1.60058458e-10
-1.026070546e-09
-1.613938959e-10
9.386744564e-10
3.222284503e-10
-9.125390814e-10
-1.024307103e-09
1.346990982e-09
-1.199535628e-07
-1.724159589e-09
7.506392078e-08
4.918004849e-08
-5.949830125e-07
-1.558967279e-07
4.701052528e-07
2.944285504e-07
-7.485374657e-07
-4.075476502e-07
7.143971498e-07
4.60828444e-07
-5.381548075e-07
-4.526757685e-07
6.06770553e-07
4.009570711e-07
-2.911081426e-07
-3.279655911e-07
3.793779047e-07
2.516335573e-07
-1.312969709e-07
-1.829830959e-07
1.946478881e-07
1.268940799e-07
-5.017578687e-08
-8.427367361e-08
8.456665975e-08
5.401029673e-08
-1.661890376e-08
-2.756748391e-08
3.627086039e-08
3.194687162e-08
-7.740249362e-09
-1.259981337e-07
5.965843764e-08
1.422006991e-07
-6.332864902e-09
-7.747597749e-08
1.846175838e-08
3.091860441e-08
-6.800882688e-09
-1.898989568e-08
1.035324328e-08
2.062251193e-08
-9.293786706e-09
-2.761264039e-08
1.27896817e-08
3.980183575e-08
-1.427300655e-08
-5.933215032e-08
1.666118702e-08
8.85006317e-08
-1.996563313e-08
-1.277816884e-07
1.754956378e-08
1.741851271e-07
-1.843897242e-08
-2.209227174e-07
1.346103629e-08
2.555373368e-07
-7.075865257e-09
-2.612804846e-07
1.04170278e-08
2.477493974e-07
5.769251412e-08
-2.929583797e-07
6.321676554e-09
-2.642186256e-09
-4.166176246e-09
1.225241449e-09
2.445466335e-10
-4.87594919e-10
-1.7304026e-10
4.059682195e-10
9.561479641e-11
-4.306533089e-10
-4.560626751e-11
4.889159339e-10
1.341171321e-10
-5.479827906e-10
-6.244461315e-11
6.004976161e-10
2.230663298e-09
-1.605166458e-09
-2.846961228e-09
3.317036174e-09
-4.731955741e-08
-5.417358808e-09
3.043689334e-08
2.443557509e-08
-3.656413627e-07
-8.133729614e-08
2.816148494e-07
1.761063637e-07
-6.570939922e-07
-2.831154567e-07
5.881926557e-07
3.711252879e-07
-6.466082865e-07
-4.205848096e-07
6.601916359e-07
4.275716112e-07
-4.606855797e-07
-3.994192638e-07
5.292024001e-07
3.485270964e-07
-2.663346387e-07
-2.873236175e-07
3.413156081e-07
2.255722334e-07
-1.30306507e-07
-1.696899652e-07
1.861434591e-07
1.231808519e-07
-5.661863265e-08
-8.66600497e-08
8.925000145e-08
6.471514213e-08
-5.938671627e-08
-6.808803243e-08
5.951672555e-08
5.192234541e-08
-2.11936174e-08
-3.841256936e-08
3.134133574e-08
3.458906842e-08
-1.679042326e-08
-3.855838731e-08
2.957991111e-08
4.93083899e-08
-2.013342734e-08
-6.718064205e-08
3.40851875e-08
9.095552491e-08
-2.264450286e-08
-1.154755354e-07
3.21602057e-08
1.326442989e-07
-1.916326095e-08
-1.361210169e-07
2.003730307e-08
1.24810895e-07
-1.130914221e-08
-1.01994794e-07
2.455710209e-10
6.945752599e-08
1.498163976e-10
-3.407237368e-08
-1.717345197e-10
1.063133819e-08
3.817946885e-10
-2.234354619e-09
-3.065846533e-10
6.074518281e-10
-1.020807504e-09
-8.069603172e-10
9.718550061e-09
-2.057613415e-08
-3.550402635e-11
-9.207413099e-10
2.655282795e-09
-2.569930618e-09
1.41101708e-09
1.78251346e-10
-7.995161325e-10
-2.080105865e-10
4.811372149e-10
2.68757326e-13
-3.176613716e-10
6.491987918e-11
2.374916273e-10
-1.883642644e-11
-1.868598349e-10
7.059629868e-11
1.830518078e-10
2.456797843e-09
-1.618834832e-09
-2.134141045e-09
4.483492476e-09
-2.034541251e-08
-1.06579051e-08
1.423941489e-08
2.358449677e-08
-2.166925719e-07
-5.440623388e-08
1.696506365e-07
1.132667956e-07
-5.168327053e-07
-1.946226098e-07
4.504464614e-07
2.812079286e-07
-6.526009642e-07
-3.539405549e-07
6.30543982e-07
3.998978462e-07
-5.818281417e-07
-4.146506591e-07
6.183313951e-07
4.010082095e-07
-4.145579176e-07
-3.659809851e-07
4.820802346e-07
3.180023142e-07
-2.495673045e-07
-2.65020094e-07
3.174804946e-07
2.135605272e-07
-1.330825489e-07
-1.683744548e-07
1.863402197e-07
1.325162682e-07
-7.732757365e-08
-1.085486209e-07
1.129075801e-07
9.321422441e-08
-5.223624796e-08
-8.923446452e-08
8.769143621e-08
9.786724683e-08
-5.258987435e-08
-1.175421748e-07
8.61268655e-08
1.402469882e-07
-5.278016751e-08
-1.522632434e-07
6.513108697e-08
1.439795711e-07
-3.600395232e-08
-1.159509754e-07
2.464050473e-08
7.780695648e-08
-9.313678824e-09
-4.05367104e-08
5.827961913e-10
1.336398784e-08
1.10014042e-10
-2.352381873e-09
-2.074081388e-11
2.785182017e-10
4.144642161e-11
-4.195509931e-11
-4.927757336e-11
3.192686767e-11
4.628078625e-10
-3.727335725e-11
-7.08919954e-10
3.352056143e-10
9.80894089e-10
-1.150586799e-09
9.573900252e-10
-6.337373142e-10
-3.444377637e-09
-5.139742555e-08
5.307545344e-09
1.204832025e-08
1.613534892e-09
-6.170571823e-10
3.088446227e-09
-2.628819565e-08
-3.933769321e-10
3.896031407e-08
7.350179151e-10
-2.095388196e-08
-1.884272537e-09
5.650264228e-09
-5.045288063e-11
-2.596965353e-09
-6.324311362e-09
2.62465839e-09
1.886213663e-09
-4.599080746e-09
-6.930379916e-09
7.928812694e-09
2.538502242e-09
-1.184462153e-08
-2.380839149e-09
1.551620363e-08
-7.8759164e-09
-1.828977537e-08
1.300190914e-09
3.141233928e-08
-1.390722426e-07
-5.869650914e-08
1.19502184e-07
9.81675787e-08
-3.946082278e-07
-1.556644729e-07
3.519478255e-07
2.262134538e-07
-6.015566562e-07
-2.98170553e-07
5.725745905e-07
3.591955054e-07
-6.411713003e-07
-4.004064846e-07
6.546835254e-07
4.179244639e-07
-5.417715301e-07
-4.126316502e-07
5.936809424e-07
3.887962455e-07
-3.870488042e-07
-3.525289711e-07
4.564969475e-07
3.105151638e-07
-2.480406363e-07
-2.69072313e-07
3.171274409e-07
2.335501502e-07
-1.645343624e-07
-2.086568325e-07
2.321965385e-07
1.999295803e-07
-1.402171479e-07
-2.129016595e-07
1.965390901e-07
2.259915167e-07
-1.170834072e-07
-2.16481846e-07
1.196819645e-07
1.781689492e-07
-5.611675537e-08
-1.210377288e-07
3.223460587e-08
6.588284822e-08
-1.015877252e-08
-2.805105189e-08
1.407243142e-09
7.168153896e-09
1.054497824e-11
-7.867684038e-10
-1.4781893e-11
8.097507983e-11
2.213763224e-11
-6.346120745e-11
-2.38071615e-11
9.779196104e-11
1.102548819e-10
-1.527967868e-10
-1.712610606e-10
5.705665055e-10
9.616092565e-10
-1.18532324e-09
-9.707938606e-10
1.451901447e-09
1.387063992e-09
-1.922827858e-09
-1.728758099e-09
2.312193614e-09
1.519234216e-09
-1.881160481e-09
2.499068328e-09
-2.458054272e-09
-2.118940895e-09
5.015259896e-09
-8.833064397e-10
-7.073966831e-09
-1.431684929e-08
1.003043026e-08
9.417010124e-09
-1.437652231e-09
1.014392593e-09
8.060718489e-10
-2.109645817e-09
-6.383007147e-10
2.474640589e-09
-1.10828976e-09
-2.377601339e-10
3.461417859e-09
4.328108156e-09
-5.994933307e-09
3.234639446e-12
8.717071186e-09
3.643672724e-09
-1.136244061e-08
2.737528203e-09
1.364017782e-08
-1.272753963e-09
-1.51975797e-08
7.564218269e-09
1.71007779e-08
-2.343527989e-09
-1.983226821e-08
7.482973862e-09
2.241632496e-08
-1.018550117e-07
-4.138124522e-08
7.763353921e-08
8.391991771e-08
-3.201420361e-07
-1.379152335e-07
2.920237012e-07
2.019627263e-07
-5.477547597e-07
-2.708280295e-07
5.26807877e-07
3.364466203e-07
-6.635029848e-07
-3.910835953e-07
6.713585118e-07
4.299867529e-07
-6.401789028e-07
-4.52278558e-07
6.878959169e-07
4.589907263e-07
-5.267044862e-07
-4.522453349e-07
6.049657504e-07
4.35376663e-07
-3.937624956e-07
-4.127301062e-07
4.815255381e-07
3.890343606e-07
-3.119238341e-07
-3.707589374e-07
3.904008259e-07
3.607625609e-07
-2.298985077e-07
-3.361675064e-07
2.187963517e-07
2.432186997e-07
-8.476244612e-08
-1.377862953e-07
3.748887971e-08
6.036788281e-08
-5.713384229e-09
-1.878507468e-08
-1.126664197e-10
3.575960576e-09
1.533837303e-11
-4.564289739e-10
-8.962528965e-11
7.684358061e-11
5.828129893e-11
-1.614845502e-10
-5.678990182e-10
3.700734028e-10
9.547057453e-11
-5.720325125e-10
-9.851696407e-10
6.680857123e-10
2.751473938e-10
-7.070389921e-10
-8.382647198e-10
1.100959239e-09
8.959218913e-10
-2.07190559e-09
-6.623106115e-10
3.734938724e-09
1.765369039e-09
-5.650171331e-09
-1.17729022e-09
7.086896333e-09
1.957807585e-09
-7.363192742e-09
-1.542001649e-09
6.125792856e-09
-5.991461758e-10
-4.158820525e-09
-1.263093422e-08
-1.86901424e-08
1.328850379e-08
5.326857208e-09
-8.366428602e-09
-1.016652132e-08
-5.969110677e-10
8.340068915e-09
-5.056150708e-09
-6.171347339e-09
3.008961839e-09
5.082183003e-09
-2.18678674e-09
-4.956953056e-09
-8.141245859e-10
6.184453306e-09
1.030818514e-09
-3.496438821e-09
-5.388057868e-09
-1.025931215e-09
7.700816293e-09
5.650027136e-09
-9.093574331e-09
-9.831770589e-09
1.144360886e-08
1.247804372e-08
-1.247009088e-08
-1.434900536e-08
1.242358978e-08
1.616429517e-08
-1.102823441e-08
-1.69934848e-08
1.007021347e-08
1.69187297e-08
-4.077988222e-08
-2.853978523e-08
-3.390337099e-09
4.544205637e-08
-2.587452211e-07
-9.564547535e-08
2.120311176e-07
1.605985835e-07
-5.04661008e-07
-2.360077107e-07
4.693573977e-07
3.138938056e-07
-6.816485648e-07
-3.898180421e-07
6.953382925e-07
4.670252261e-07
-7.495350134e-07
-5.446751754e-07
8.218732724e-07
6.08653322e-07
-7.007904888e-07
-6.467091781e-07
7.796918326e-07
6.55486346e-07
-5.768006403e-07
-6.362928602e-07
6.023056583e-07
5.890408859e-07
-4.343514682e-07
-5.109321692e-07
3.383635333e-07
3.908969345e-07
-1.382380988e-07
-2.286742539e-07
4.001431897e-08
7.69244727e-08
-9.914552293e-09
-1.731914809e-08
1.225653778e-09
3.255601722e-09
-3.960338066e-11
-4.762576483e-10
1.373010745e-11
5.440163879e-11
8.397510651e-10
-7.376984214e-12
-5.898642327e-09
2.642615732e-09
2.784340228e-09
-5.796855916e-09
-6.892931761e-09
8.61960054e-09
3.968566542e-09
-1.094225032e-08
-7.653346811e-09
1.254837427e-08
2.804520783e-09
-1.285788696e-08
-7.1128343e-09
1.207796504e-08
3.898589824e-10
-1.083911511e-08
-2.170399584e-09
9.620420935e-09
-7.337595563e-11
-8.244831393e-09
1.601153811e-10
4.965333713e-09
3.664287502e-11
-1.249909229e-09
-6.18637416e-12
1.731962121e-10
-1.767420217e-10
-2.602013978e-11
3.567974239e-10
-1.114344307e-10
3.667640587e-09
3.817483438e-09
-4.44760245e-08
3.990770101e-08
1.420703507e-10
-5.771609601e-10
-3.376745049e-08
-2.723275374e-09
2.672421292e-08
3.081632159e-09
-2.074193601e-08
-3.353148834e-09
1.606196038e-08
6.183772717e-10
-1.174637981e-08
-6.110716338e-09
7.000955094e-09
1.245710396e-08
-2.670868103e-09
-1.184371181e-08
-7.280447182e-10
1.653976301e-08
3.894645569e-09
-1.42308379e-08
-7.872466841e-09
1.689735052e-08
1.198934141e-08
-1.415305526e-08
-1.271177874e-08
1.016512167e-08
-1.43804026e-09
-1.408904524e-08
1.926798588e-08
1.315360669e-08
-1.376902178e-09
7.021068175e-10
-4.835746251e-09
2.886530291e-10
2.259379504e-08
-1.373226314e-07
-3.651409866e-08
6.576571806e-08
6.90495433e-08
-4.024262229e-07
-1.262873167e-07
2.998944921e-07
2.027394867e-07
-6.851779958e-07
-2.89269842e-07
5.804148096e-07
3.771564852e-07
-8.222682134e-07
-4.41403588e-07
5.971075834e-07
4.570027769e-07
-7.007275002e-07
-4.143628415e-07
3.022202816e-07
3.227435451e-07
-3.929875035e-07
-2.107154974e-07
8.092894922e-08
1.214423723e-07
-1.205929909e-07
-7.311811768e-08
2.247247731e-08
5.232277122e-08
-7.907358773e-09
-5.010671516e-08
4.822980436e-09
4.343826475e-08
1.586253081e-09
-3.633632563e-08
-7.364591763e-09
3.012460428e-08
3.861215915e-09
-2.639175903e-08
-1.53437168e-08
2.51912578e-08
5.726315773e-09
-2.513905493e-08
-1.702846014e-08
2.528906249e-08
6.661954653e-09
-2.600309051e-08
-1.063167605e-08
2.761632856e-08
8.170158215e-09
-3.005269485e-08
-7.176728833e-09
3.244508849e-08
8.496036888e-09
-3.362070998e-08
-8.009735113e-09
3.34590655e-08
6.365888895e-09
-3.207002086e-08
-7.175957305e-09
2.929991261e-08
4.307267476e-09
-2.526226189e-08
-5.521329106e-09
2.045794798e-08
1.706435096e-09
-1.518990131e-08
-3.232277167e-09
9.524968328e-09
3.27170599e-10
-1.169396013e-09
1.522069054e-09
-4.392324584e-09
4.540587078e-09
8.342459178e-09
-3.893489042e-09
-6.006920536e-09
1.890823673e-09
3.526871424e-09
-1.931228781e-09
-1.68493123e-09
3.196360723e-10
7.066237634e-10
-3.975667876e-10
-3.293132801e-10
1.472220649e-10
2.385810713e-10
-1.113129185e-10
-2.422885823e-10
1.336509767e-10
2.797206089e-10
-2.732804151e-10
-2.842646927e-10
-7.733990342e-10
2.56954564e-10
-2.090070193e-10
-2.129797607e-10
5.744734573e-11
2.319636097e-10
-4.113513057e-10
-3.196436305e-10
4.513281352e-10
5.088198266e-10
-1.06460437e-09
-7.58438319e-10
-2.955287417e-09
1.207615301e-09
-6.251634822e-10
-1.443174711e-09
1.105555804e-09
9.048791836e-11
-1.412731867e-09
-6.8412424e-10
-3.448409021e-09
1.430484651e-09
-3.557815062e-09
4.814661717e-10
-1.671062302e-07
-1.195092556e-08
2.027840047e-08
4.299762872e-08
-3.494132405e-07
-7.349649047e-08
6.721780172e-08
7.072887919e-08
-1.635669697e-07
-2.507186744e-08
2.411899241e-09
1.681256441e-10
-1.376029727e-08
1.265730754e-09
-7.055392976e-09
2.214936026e-09
-4.300060563e-09
-6.297979467e-09
6.236681003e-09
1.164266569e-08
-9.297482856e-09
-2.149710745e-08
1.068819917e-08
2.895355472e-08
5.062043668e-09
-3.191469883e-08
4.462395554e-09
3.337559683e-08
1.342162309e-08
-3.692134919e-08
-2.829917656e-09
4.353304451e-08
2.427974238e-08
-5.336994191e-08
-1.349940892e-08
6.666896312e-08
3.462299499e-08
-8.317777275e-08
-2.935796061e-08
1.004249999e-07
2.865357249e-08
-1.120279381e-07
-4.038448451e-08
1.094854033e-07
1.068265242e-08
-9.149985592e-08
-2.136536608e-08
6.971306541e-08
7.7983096e-09
-5.506499351e-08
-7.661713431e-09
4.784548001e-08
8.026645044e-09
-4.418495972e-08
-6.650791197e-09
4.146279038e-08
6.299451184e-09
-3.854039299e-08
-5.586786544e-09
3.488430263e-08
3.724533783e-09
-3.011162204e-08
-3.878506152e-09
2.408524944e-08
1.766792125e-09
-1.723662167e-08
-2.403720241e-09
1.063181186e-08
8.741687402e-10
-9.861978023e-10
-5.560447369e-09
4.429180448e-09
2.556350138e-09
-1.31946684e-09
-4.136579769e-09
1.68316878e-09
3.674272566e-09
-1.038519721e-09
-2.942916279e-09
4.499557656e-10
1.908040858e-09
-5.036988889e-10
-8.57702039e-10
5.160525474e-11
3.361077631e-10
2.082502676e-11
-2.64567188e-10
1.921964666e-10
2.821628168e-10
-1.887007289e-10
-2.690189698e-10
2.33285445e-10
2.863892891e-10
-2.653265915e-10
-3.708264059e-10
5.127805798e-10
5.517314417e-10
-6.566993475e-10
-8.303923707e-10
1.20721908e-09
1.084196306e-09
-1.316857867e-09
-1.143312707e-09
1.240037276e-09
1.016788825e-09
-1.378213941e-09
-1.030937924e-09
1.538791463e-09
7.801445253e-10
-1.583251433e-09
-1.251613043e-09
3.649914264e-09
1.91363901e-09
-2.967405267e-09
-2.079890036e-09
2.849958866e-09
1.750175262e-09
-2.25437767e-09
-1.122461628e-09
4.635940323e-09
-5.372745887e-10
-7.165412622e-09
4.063786589e-09
1.943442564e-09
-4.319617692e-09
-1.069706152e-08
1.905986428e-09
3.439314481e-09
-8.032336648e-10
-6.061251113e-09
2.372809439e-09
-1.512990553e-09
-3.416798279e-09
-4.874837013e-09
6.931080173e-09
-1.470765615e-08
-1.546114649e-08
-1.879423675e-09
2.25199673e-08
-1.383865075e-08
-2.523927331e-08
-1.211315047e-09
2.366790641e-08
1.194890345e-09
-2.049463227e-08
-1.340740773e-09
2.128392653e-08
5.82199047e-09
-2.555821343e-08
-2.239189718e-09
3.31183606e-08
1.67840692e-08
-4.618373181e-08
-8.094315616e-09
6.675960539e-08
3.57374997e-08
-9.153314843e-08
-2.611577018e-08
1.112143652e-07
3.190911697e-08
-1.164440264e-07
-2.844581435e-08
1.042152442e-07
1.167535508e-08
-8.239179145e-08
-1.227690918e-08
6.387756989e-08
6.208306222e-09
-5.375816649e-08
-5.261719056e-09
4.904688787e-08
4.982323484e-09
-4.576776906e-08
-4.468657652e-09
4.182566558e-08
3.877714777e-09
-3.669312693e-08
-4.009602211e-09
3.065615339e-08
2.578298628e-09
-2.427557594e-08
-2.879247185e-09
1.806295173e-08
6.901905511e-10
6.961387997e-10
-1.224529458e-08
9.049068198e-10
-6.934301688e-10
-2.148650542e-09
1.680248077e-09
5.689371188e-10
-3.835688411e-10
-1.321264336e-09
3.566676487e-10
1.058685072e-09
-1.87667949e-10
-8.733240934e-10
2.150747642e-10
7.406775984e-10
-1.055590362e-10
-6.321340798e-10
1.356758805e-10
5.247339833e-10
-1.003016253e-10
-4.243038944e-10
1.814240293e-10
3.899205635e-10
-1.617939662e-10
-4.874466757e-10
3.142377948e-10
6.853760961e-10
-4.828790126e-10
-1.013557083e-09
8.690125957e-10
1.389177803e-09
-1.280556208e-09
-1.620345432e-09
1.366049391e-09
1.589979574e-09
-1.34127949e-09
-1.353058887e-09
1.243283907e-09
1.053517005e-09
-1.001795524e-09
-8.412468022e-10
1.42187986e-09
8.516068422e-10
-1.074497886e-09
-1.082707753e-09
1.994395818e-09
1.192592955e-09
-1.105684691e-09
-1.014310858e-09
1.326947493e-09
7.45375919e-10
-8.557510866e-10
-3.301706146e-10
5.471119459e-09
-6.577437811e-10
-3.756187181e-09
4.655990168e-09
1.742796058e-08
-1.230821431e-08
-1.582428121e-08
2.096951231e-08
1.245501793e-08
-2.112504427e-08
-1.915333171e-08
1.279039573e-08
5.524645555e-09
-5.951458718e-09
-6.634683388e-09
3.867130871e-09
4.408981239e-09
-4.03260394e-09
-5.377941204e-09
4.090985404e-09
3.091346132e-09
-3.617994912e-09
-6.093255798e-09
2.931954437e-09
3.134945422e-09
-2.440347837e-09
-7.177910541e-09
2.36484359e-09
5.443847427e-09
-2.992476744e-09
-1.183132928e-08
3.79605624e-09
7.997801981e-09
-5.217541264e-09
-1.159960857e-08
9.112766697e-09
2.074098786e-08
-1.952278803e-08
-1.857742638e-08
3.83437674e-08
2.252355679e-08
-5.792191387e-08
-1.878531192e-08
6.84901767e-08
1.070930433e-08
-6.764854468e-08
-9.883677273e-09
6.062135488e-08
4.596021355e-09
-5.361013385e-08
-4.704186712e-09
4.897509491e-08
3.568713913e-09
-4.608042625e-08
-2.915505433e-09
4.367381067e-08
3.120210248e-09
-4.095315523e-08
-2.046557259e-09
3.762348079e-08
2.42119832e-09
-3.369820255e-08
-1.519034178e-09
2.931562847e-08
1.890927441e-09
-1.271603809e-09
2.002552211e-08
-2.471293539e-08
7.534027118e-10
-7.436314244e-10
-2.88286416e-09
1.959329854e-09
3.795813785e-10
-3.98002973e-10
-1.275988567e-09
1.504764841e-10
8.068527226e-10
-1.670293626e-10
-5.123937476e-10
6.523242664e-11
3.502695205e-10
-7.83420646e-11
-2.842197154e-10
5.615729396e-11
2.946754834e-10
-6.909723857e-11
-4.195779922e-10
2.011183536e-10
8.516565082e-10
-6.428038956e-10
-1.926087243e-09
1.222080273e-09
3.567524082e-09
-3.000844692e-09
-4.790811216e-09
2.006090684e-09
4.773144421e-09
-2.715794362e-09
-3.745696019e-09
1.20584048e-09
2.475556496e-09
-9.455042007e-10
-1.495884545e-09
6.69764005e-10
9.195626896e-10
-3.318331245e-10
-6.463720539e-10
6.524583194e-10
5.391345501e-10
-2.904379042e-10
-4.71624227e-10
5.073668011e-10
3.781344213e-10
-1.886868023e-10
-3.310782006e-10
7.725756695e-10
4.350062323e-10
-6.008923939e-10
-3.696991916e-10
2.540393338e-09
-8.396064602e-10
-1.623231599e-09
2.537941607e-09
1.020786918e-08
-6.649699639e-09
-5.053412625e-09
1.5918788e-08
1.82920139e-08
-2.78830279e-08
-9.466888177e-09
3.142158382e-08
8.340408532e-09
-2.257434323e-08
-6.902359752e-09
1.064467241e-08
7.17193149e-09
-6.366174392e-09
-1.287445119e-08
7.858339206e-09
1.405415435e-08
-9.560242637e-09
-3.088321538e-08
7.346305241e-09
1.74927523e-08
-4.069059784e-09
-3.486804071e-08
3.156208747e-09
2.316468684e-08
-4.571462245e-09
-3.636604761e-08
5.644122862e-09
1.637641496e-08
-6.659246532e-09
-1.998133548e-08
8.610128214e-09
1.703193309e-08
-1.181199167e-08
-1.447754481e-08
1.709900337e-08
1.481488404e-08
-2.424184167e-08
-1.045430164e-08
3.088088366e-08
7.953605452e-09
-3.509706947e-08
-5.190509557e-09
3.718550408e-08
3.415744431e-09
-3.840810705e-08
-1.146428152e-09
3.949633621e-08
1.251062945e-09
-4.051010204e-08
1.185265164e-09
4.123403416e-08
3.36119916e-10
-4.142409735e-08
1.993721993e-09
4.091447609e-08
9.366569224e-11
-3.963757827e-08
1.964128985e-09
3.75873623e-08
-9.530831968e-12
1.706121429e-09
3.132441701e-08
-3.480701771e-08
5.841372133e-10
-3.940669308e-10
-3.041381004e-09
2.424113941e-09
3.544521485e-10
-2.908541012e-10
-1.899805934e-09
1.792129132e-10
1.501409261e-09
-2.020406067e-10
-1.255433237e-09
1.072758375e-10
1.206370593e-09
-2.197177666e-10
-1.4839022e-09
1.814374748e-10
2.429122363e-09
-6.962552652e-10
-4.529886822e-09
2.024957153e-09
7.654171264e-09
-2.471046006e-09
-1.062132577e-08
4.364238903e-09
1.190093858e-08
-3.278050667e-09
-1.072720968e-08
2.651396433e-09
7.875039837e-09
-1.798698283e-09
-4.772486523e-09
6.42793845e-10
2.391708758e-09
-4.627650295e-10
-1.00798571e-09
1.066831388e-10
4.086995767e-10
-2.871271063e-11
-2.133225919e-10
7.260341385e-11
1.392187302e-10
-7.950602548e-13
-7.951736879e-11
3.348028219e-11
4.613462235e-11
-1.479506952e-12
-4.331968245e-11
5.700035125e-11
5.791398833e-11
-8.129382569e-12
-4.972063776e-11
1.205068624e-09
-7.655528961e-12
1.782446986e-10
6.244252789e-10
2.223843308e-09
4.739869374e-10
-9.605733624e-10
-1.990322932e-10
7.980331811e-10
-6.731802492e-10
-9.370183165e-10
5.916085732e-10
4.159769473e-09
-4.357189639e-10
-1.250280756e-08
3.487724445e-09
2.987506815e-08
-9.549690816e-09
-5.909248291e-08
1.261787299e-08
5.206618072e-08
-1.148583684e-08
-6.46655728e-08
6.012810981e-09
5.03461998e-08
-1.835205243e-10
-5.477691345e-08
4.972802362e-10
4.392134645e-08
-1.435633829e-09
-4.054821553e-08
-1.014118726e-09
2.010412226e-08
9.965661923e-10
-1.744878095e-08
8.362284652e-10
1.068790078e-08
-2.776223723e-09
-7.345745108e-09
4.259800894e-09
6.375489724e-09
-6.383647917e-09
-3.736984603e-09
9.936809377e-09
2.431381098e-09
-1.441100492e-08
-7.388508596e-10
1.920094525e-08
-9.54361646e-10
-2.373875149e-08
2.502099595e-09
2.779307306e-08
-3.046221879e-09
-3.13147475e-08
4.327181128e-09
3.425000497e-08
-3.811655346e-09
-3.650747815e-08
4.980200834e-09
3.800270362e-08
-3.784618806e-09
-3.869400678e-08
5.009847897e-09
3.858122622e-08
-3.374477136e-09
4.598627058e-09
3.60638432e-08
-3.768938473e-08
3.332207282e-10
-3.549944038e-11
-4.950146814e-09
5.956284231e-09
2.863698509e-10
-6.918941346e-11
-6.630625881e-09
2.319416185e-10
6.921174052e-09
-9.067934626e-11
-6.847966108e-09
3.448000112e-10
6.487711098e-09
-1.221744922e-10
-5.943721263e-09
7.382109176e-10
5.337683035e-09
-2.440303858e-10
-4.771622647e-09
1.310995217e-09
4.245423975e-09
-3.745361672e-10
-3.653352897e-09
1.301950868e-09
3.027807097e-09
-2.16944189e-10
-2.729186244e-09
9.35825208e-10
3.056129176e-09
-8.980095793e-11
-3.782302574e-09
4.707558538e-10
4.225087377e-09
-2.066002311e-10
-3.72220445e-09
-1.004964287e-11
2.201645074e-09
1.632010989e-10
-8.440301318e-10
-5.590282601e-12
3.671390257e-10
1.014723308e-10
-1.550847224e-10
-8.696595323e-12
8.166612812e-11
2.640442791e-11
-7.176052232e-11
-3.723012309e-11
9.145654828e-11
2.55035624e-11
-1.213934051e-10
-1.04798305e-10
1.438981372e-10
1.039227634e-10
-1.484906595e-10
2.378222658e-09
-1.558981648e-09
-7.301946512e-09
4.597848328e-09
2.812634353e-09
-8.370320973e-09
-2.923147531e-08
1.504369257e-08
4.689351897e-08
-2.348378768e-08
-6.252402645e-08
1.770180672e-08
7.481172232e-08
-4.303150559e-09
-6.732395361e-08
-7.217365737e-09
6.440449745e-08
1.185124395e-08
-5.407395518e-08
-1.45070304e-08
4.903986904e-08
1.547581945e-08
-3.703373624e-08
-1.127698497e-08
3.026046813e-08
8.867552998e-09
-2.106908214e-08
-8.113502125e-09
1.42107652e-08
5.859363915e-09
-1.22371073e-08
-3.494596405e-09
6.138545395e-09
1.830204683e-09
-5.798950485e-09
-7.165846983e-10
2.357593289e-09
-1.389676316e-10
-1.992910296e-09
8.709739499e-10
5.336395594e-10
-2.139394407e-09
-9.67307161e-10
5.172307505e-09
-2.657930963e-09
-9.822559183e-09
1.740939592e-09
1.389575211e-08
-4.777820486e-09
-1.782311551e-08
3.833416021e-09
2.178304424e-08
-5.599169494e-09
-2.535931494e-08
5.300835181e-09
2.836831234e-08
-5.715948221e-09
-3.081249386e-08
5.992727574e-09
3.271182072e-08
-5.466172842e-09
6.112626766e-09
3.465098528e-08
-3.400550092e-08
-6.255859278e-11
-1.266854246e-09
3.734399928e-09
2.243426578e-10
3.072262027e-10
-7.198474564e-09
2.190110482e-10
8.565567602e-09
2.760353861e-10
-7.172827047e-09
4.559459938e-11
4.587356334e-09
1.456924652e-10
-2.483372372e-09
1.879913028e-11
1.25649454e-09
9.835838857e-11
-6.15078444e-10
6.820808407e-12
2.819348901e-10
3.072654637e-11
-1.19026018e-10
1.509602955e-12
5.908800611e-11
7.981134307e-12
-5.96478411e-11
3.517849226e-12
9.905966627e-11
1.833672732e-11
-1.760409803e-10
1.494382997e-11
3.046520449e-10
8.410129442e-11
-5.161540869e-10
-1.141662659e-09
8.457988136e-10
3.804604855e-10
-3.92001369e-10
-1.200950972e-10
-5.6903259e-10
-2.762789e-09
2.543121355e-09
2.136840037e-09
-6.184224622e-09
-1.291896641e-08
1.297619644e-08
1.314043308e-08
-1.783121552e-08
-1.322715425e-08
1.995741348e-08
-2.071209673e-11
-2.385788795e-08
-1.145983429e-08
2.831199667e-08
2.109424067e-08
-2.41918763e-08
-3.653111088e-08
1.981011813e-08
5.537685668e-08
-9.341542668e-09
-5.528390744e-08
-9.031707276e-09
5.84083323e-08
2.270040582e-08
-4.880090062e-08
-3.002682544e-08
5.394249305e-08
3.260359405e-08
-4.167121563e-08
-3.041454403e-08
4.009709075e-08
2.579004146e-08
-3.004160308e-08
-2.025834452e-08
2.589733317e-08
1.528108885e-08
-2.045486494e-08
-1.160404448e-08
1.757198681e-08
8.943188846e-09
-1.511230594e-08
-6.911734986e-09
1.118606116e-08
5.163824541e-09
-1.063227136e-08
-3.655547848e-09
5.832009143e-09
2.370321969e-09
-5.985270263e-09
-1.325373716e-09
2.213800337e-09
5.513123846e-10
-2.336007767e-09
-7.730177841e-13
9.171792936e-10
-3.717066719e-10
-9.23340509e-10
6.451551986e-10
3.646122647e-10
-1.042188762e-09
-6.506234191e-10
1.772447421e-09
-2.488360451e-09
-4.428371773e-09
-3.906795702e-11
8.748149542e-09
-3.966166973e-09
-1.22648391e-08
3.062859108e-09
1.546249559e-08
-5.340961579e-09
-1.871985827e-08
4.561269566e-09
2.198906085e-08
-6.290465447e-09
4.55633508e-10
3.338278222e-08
-2.510322817e-08
6.211411541e-10
-1.360779346e-10
1.945655697e-10
-6.428697475e-10
-4.952637621e-11
5.55677212e-10
2.590953508e-11
-3.881417616e-10
2.230680795e-11
3.001236399e-10
-2.272854056e-11
-3.749613625e-10
-1.484068363e-10
8.729837172e-10
-3.529347259e-11
-2.250927177e-09
-2.57749774e-10
3.403839558e-09
2.81853547e-10
-2.681711094e-09
-8.016633195e-11
1.393196297e-09
5.904618895e-10
-6.021137094e-10
-3.221854386e-11
2.632168515e-10
1.874570693e-10
-1.425566387e-10
-8.658623239e-11
1.155643423e-10
1.14094519e-10
-1.284696939e-10
-2.896223366e-10
1.3686533e-10
2.34789917e-10
-1.02676175e-10
5.355966632e-09
-1.182122607e-09
-1.122143394e-08
4.484786891e-09
1.516385871e-08
-6.446818808e-09
-1.174634644e-08
9.332165481e-09
1.667675455e-08
-1.255779985e-08
-1.494527537e-08
1.542556369e-08
2.422665451e-08
-1.677422012e-08
-4.144523145e-08
1.289290384e-08
4.696736735e-08
-7.322545571e-10
-4.047071707e-08
-1.472612713e-08
4.303253887e-08
2.507471797e-08
-3.431457911e-08
-3.023445526e-08
3.973272982e-08
2.970552949e-08
-3.320672961e-08
-2.624918703e-08
3.459443694e-08
2.200911701e-08
-2.965724382e-08
-1.765882719e-08
2.43929178e-08
1.369348737e-08
-1.976253475e-08
-1.066159752e-08
1.64596632e-08
8.725100639e-09
-1.336703555e-08
-7.504696134e-09
1.339619724e-08
6.573276405e-09
-1.229667748e-08
-5.693806124e-09
1.042129639e-08
4.751702166e-09
-1.03911884e-08
-3.721870379e-09
6.219731559e-09
2.659204263e-09
-6.566881157e-09
-1.672392045e-09
2.447214023e-09
8.700344687e-10
-2.614676455e-09
-3.030146013e-10
8.264653216e-10
-1.057738831e-10
-6.915088527e-10
3.720207776e-10
7.113097312e-10
-6.15317725e-10
-6.811922974e-10
8.029726294e-10
4.74546234e-10
-9.755837345e-10
-5.484806455e-10
1.22032743e-09
-8.164502641e-10
-1.725702663e-09
-3.067634021e-10
3.271473482e-09
-3.963228957e-09
-6.771429225e-09
1.332743558e-09
1.079004188e-08
-4.070005935e-09
3.909773267e-09
-1.448142206e-08
1.423409521e-09
1.721539441e-10
-5.877097856e-10
-2.396680696e-10
2.726987177e-10
-4.836683245e-11
4.746926903e-11
-1.092513306e-10
6.366878349e-12
5.345154023e-11
2.188887582e-12
-4.330738446e-11
1.117405456e-11
4.916550376e-11
1.728045891e-12
-7.23932233e-11
2.44519057e-11
1.433273703e-10
1.398568049e-11
-3.609220419e-10
-8.49423437e-10
9.75354076e-10
-2.438427677e-11
-1.966148825e-09
-1.690765368e-09
3.32246544e-09
2.686812338e-10
-4.78513466e-09
-1.11252119e-09
5.551294955e-09
-5.47240753e-10
-3.196222653e-09
-2.785226126e-10
-2.572177116e-09
2.156111981e-09
3.070117882e-09
2.257420488e-08
-7.111905946e-09
-3.044246061e-08
6.533379158e-09
5.459229021e-09
-4.062755977e-09
-1.111992949e-09
2.770338775e-09
1.065217187e-08
-3.916521886e-09
-1.026151012e-08
9.293383558e-09
5.088073672e-08
-1.329649139e-08
-4.483697661e-08
-5.840006069e-09
3.015552157e-08
1.881993294e-08
-2.183610806e-08
-2.247714702e-08
2.716593738e-08
2.266366154e-08
-2.071646849e-08
-2.174096853e-08
2.751952643e-08
2.009109985e-08
-2.216789471e-08
-1.781348031e-08
2.5221271e-08
1.501472155e-08
-2.120084715e-08
-1.181686463e-08
1.6102684e-08
8.680085423e-09
-1.345993685e-08
-6.716475953e-09
1.126724108e-08
5.944590715e-09
-9.864901814e-09
-5.636596627e-09
1.154540931e-08
5.396261746e-09
-1.092046663e-08
-5.055320791e-09
1.043455372e-08
4.536317175e-09
-1.046442287e-08
-3.815970669e-09
7.023803943e-09
2.933161735e-09
-7.553908142e-09
-1.993657958e-09
2.871878811e-09
1.140896866e-09
-3.264950167e-09
-4.91819225e-10
6.101121221e-10
7.041944213e-11
-6.053699736e-10
1.954602244e-10
6.428596351e-10
-4.38725034e-10
-5.715376641e-10
7.214897802e-10
4.984157042e-10
-1.012375299e-09
-4.838411351e-10
1.277167339e-09
3.873088143e-10
-1.485723628e-09
-2.704629061e-10
1.655341902e-09
-1.732761237e-10
2.405740167e-09
1.529235333e-10
-1.88991101e-09
-2.294581759e-09
-4.501874412e-09
-4.889884443e-10
8.325832652e-10
-1.58785657e-09
9.819545042e-10
-7.09014427e-11
1.889461652e-10
-5.141708198e-10
-1.304787619e-11
2.242297273e-10
4.963095261e-11
-4.04223821e-10
6.233315761e-10
1.582162049e-09
-3.941635779e-09
-1.19748626e-09
-1.386884218e-11
7.507754949e-12
1.297437943e-11
-7.694329032e-12
1.008927219e-10
-7.591130381e-14
-2.403768984e-10
1.65046646e-10
1.130148498e-09
-6.813344151e-10
-1.766504626e-09
1.662012782e-09
3.918554462e-09
-3.152972966e-09
-5.34427067e-09
5.071668003e-09
6.866001279e-09
-7.362778491e-09
-9.452186781e-09
1.035078124e-08
2.096837333e-08
-8.937009255e-09
-1.136164606e-08
5.557024067e-09
1.477698471e-09
-5.161963764e-09
-4.269688209e-09
1.940989879e-09
2.084494902e-08
-8.235097187e-10
-4.347990991e-08
8.511501091e-09
2.77249408e-08
-1.167401418e-09
-1.243137715e-08
-1.225328805e-08
1.494460986e-08
1.476226558e-08
-1.012316047e-08
-1.463612039e-08
1.525809301e-08
1.436141093e-08
-1.127821047e-08
-1.401716613e-08
1.733105051e-08
1.319161939e-08
-1.34455312e-08
-1.179814267e-08
1.758654483e-08
9.981929083e-09
-1.442399428e-08
-7.953015931e-09
1.160793609e-08
5.873180191e-09
-1.023755307e-08
-4.762445715e-09
8.855546332e-09
4.57201067e-09
-8.040478338e-09
-4.593856928e-09
1.028596137e-08
4.603747621e-09
-9.579090164e-09
-4.531197062e-09
1.040715054e-08
4.310363907e-09
-1.020620549e-08
-3.87690348e-09
8.100141332e-09
3.206395828e-09
-8.598263343e-09
-2.358228831e-09
3.790958661e-09
1.473850492e-09
-4.409346027e-09
-7.183158784e-10
6.405557998e-10
2.127122381e-10
-7.225414377e-10
4.798221609e-11
4.650276707e-10
-2.287107678e-10
-3.433784931e-10
4.945658569e-10
4.571442404e-10
-8.255907199e-10
-4.020936087e-10
1.203522474e-09
2.146295548e-10
-1.603743022e-09
-1.872046672e-10
2.003275252e-09
-8.111738239e-11
2.26616214e-10
2.806309172e-09
-2.394832129e-09
1.467363428e-09
-4.716473839e-10
8.033270518e-10
-1.155033739e-09
1.312846366e-11
1.006921378e-09
-3.242074836e-11
-1.471742514e-09
3.373496506e-09
1.283390638e-09
-2.21100212e-09
-2.519319627e-10
-1.187907184e-11
7.15431956e-12
1.252488001e-11
-5.543486068e-12
8.223581301e-10
-3.949623738e-12
-3.361423484e-09
1.20993987e-09
2.542917424e-09
-2.372014081e-09
-4.052928661e-09
4.056644146e-09
6.625862447e-09
-6.342540646e-09
-8.138258503e-09
8.801098295e-09
1.096140458e-08
-1.082550815e-08
-1.182608829e-08
1.20579609e-08
1.262075843e-08
-1.271421355e-08
-1.222269268e-08
1.316671459e-08
4.742370299e-09
-1.179246969e-08
-1.466481745e-08
1.615937964e-08
3.624269318e-08
-1.946451774e-08
-2.357044599e-08
-8.149751107e-09
1.133928491e-08
1.523414094e-08
-1.459129922e-08
-1.307711263e-08
8.718693407e-09
1.103677445e-08
-1.134863217e-08
-1.018627829e-08
9.601853592e-09
9.857079499e-09
-1.099808421e-08
-9.557442577e-09
1.105577059e-08
8.898021775e-09
-1.06463641e-08
-7.849343376e-09
1.184538186e-08
6.719750188e-09
-1.005763739e-08
-5.708791589e-09
9.11088682e-09
4.511985177e-09
-8.151686238e-09
-3.850978157e-09
7.332709957e-09
3.759828515e-09
-6.73470398e-09
-3.776494482e-09
8.789944951e-09
3.817198843e-09
-7.941994587e-09
-3.877095917e-09
9.828811649e-09
3.887227317e-09
-9.268732792e-09
-3.745013103e-09
8.988150579e-09
3.352192613e-09
-9.218262788e-09
-2.688270355e-09
5.087753807e-09
1.845919105e-09
-5.791792589e-09
-1.00140658e-09
9.016657606e-10
3.322421963e-10
-1.204255868e-09
-7.715901374e-12
2.32609152e-10
-9.208028294e-11
-1.443251982e-10
2.987515268e-10
3.204124611e-10
-6.028702725e-10
-2.195473341e-10
1.003472403e-09
1.526679498e-10
-1.496915054e-09
-7.528368759e-11
2.066724874e-09
4.661377293e-10
3.870296782e-10
-2.725295418e-09
1.063381152e-09
-1.563179185e-09
-8.936107703e-10
1.538136048e-09
-1.908180626e-10
6.327299284e-10
-1.188718458e-09
1.053281714e-09
3.268298096e-10
-2.408426103e-10
-2.452585953e-11
-5.037321476e-12
3.758418641e-12
-3.21744094e-11
3.691163227e-10
7.526123038e-09
-6.737757156e-10
-9.492177814e-09
4.397087401e-09
6.896859182e-09
-7.14085976e-09
-9.619447956e-09
9.607053372e-09
1.004565446e-08
-1.202446903e-08
-1.192608218e-08
1.383587246e-08
1.23292045e-08
-1.438293475e-08
-1.220506363e-08
1.371598555e-08
1.122152952e-08
-1.258304779e-08
-1.025090904e-08
1.138497393e-08
4.005058379e-08
-6.898570603e-09
-6.236138442e-08
-2.3783607e-08
2.969797778e-08
3.655540406e-08
-3.693434664e-08
-3.465864888e-08
2.182173871e-08
2.953394008e-08
-2.750677406e-08
-2.348779663e-08
1.698093881e-08
1.920439624e-08
-2.090898017e-08
-1.598362785e-08
1.4621183e-08
1.357559509e-08
-1.708581083e-08
-1.15965813e-08
1.198129705e-08
9.66012177e-09
-1.344599711e-08
-7.702563129e-09
9.25882454e-09
6.050568847e-09
-9.471703577e-09
-4.963485121e-09
7.499656883e-09
4.033556108e-09
-7.55144937e-09
-3.572957009e-09
6.326995217e-09
3.306542445e-09
-6.302251998e-09
-3.124569197e-09
7.075375281e-09
3.036638279e-09
-6.237719533e-09
-3.091397475e-09
8.542846078e-09
3.225411903e-09
-7.687115948e-09
-3.320868309e-09
9.249443755e-09
3.228237066e-09
-9.059984256e-09
-2.855129085e-09
6.474562323e-09
2.190935569e-09
-7.083336402e-09
-1.345108008e-09
1.618177724e-09
4.983507498e-10
-2.136084681e-09
-3.486652534e-12
7.891910892e-11
-3.419969391e-11
-3.290711563e-11
1.649073886e-10
1.145246872e-10
-3.916613042e-10
-2.167004627e-11
7.313844453e-10
1.672785016e-10
1.861089852e-09
-3.483220115e-11
-1.213780248e-09
1.271318403e-09
4.050099257e-10
-3.136371077e-10
-8.425443341e-10
2.33880974e-10
4.954535229e-12
-9.318580875e-10
-1.061563994e-11
3.882992151e-11
7.663929306e-11
-2.631710287e-09
2.642576141e-10
6.847998775e-09
9.226286575e-12
-2.702761791e-09
2.388840577e-09
9.106000867e-09
-5.891976479e-09
-6.082280821e-09
1.086466652e-08
1.26410806e-08
-1.52385734e-08
-1.189701502e-08
1.656131607e-08
1.145418614e-08
-1.470852996e-08
-1.036132557e-08
1.176897624e-08
9.621319502e-09
-9.473911011e-09
-9.240000187e-09
5.210874141e-09
5.839949704e-08
2.959767742e-08
-3.662468004e-08
-5.254660604e-08
3.557705976e-08
4.928314679e-08
-2.895565477e-08
-4.168928223e-08
2.691357442e-08
3.298508706e-08
-2.14489115e-08
-2.613687281e-08
2.013713809e-08
2.064826487e-08
-1.541320875e-08
-1.634882631e-08
1.601999482e-08
1.318928437e-08
-1.196563128e-08
-1.095965805e-08
1.317959315e-08
9.40532438e-09
-1.097352392e-08
-8.220894981e-09
1.036942876e-08
7.123178349e-09
-1.145829718e-08
-6.024932517e-09
8.951793233e-09
5.046920781e-09
-1.229594909e-08
-4.502448177e-09
7.091693792e-09
3.66154033e-09
-9.595023723e-09
-2.925341719e-09
5.492726122e-09
2.454383018e-09
-4.973941533e-09
-2.344052155e-09
6.74852966e-09
2.454356977e-09
-5.774251479e-09
-2.662333983e-09
8.65228293e-09
2.776406155e-09
-8.058734683e-09
-2.718752908e-09
7.562668421e-09
2.394628551e-09
-7.847765568e-09
-1.730793006e-09
2.758780878e-09
7.264463776e-10
-3.485694931e-09
4.269453648e-12
3.465695209e-12
-8.876913344e-12
1.347032402e-11
7.428786166e-11
9.06015678e-11
5.353346556e-10
-4.822834019e-11
-2.283178212e-10
-7.674366638e-11
-1.417707453e-09
-7.096067015e-10
-5.010069887e-10
-1.464995997e-10
6.515356962e-09
-1.040090682e-08
6.162114024e-09
2.31054939e-08
-1.0323025e-08
-1.101299442e-08
-1.685973049e-09
7.770234704e-10
1.581204511e-10
-8.512272903e-10
6.956931366e-10
3.799892245e-09
-2.964629321e-09
-4.55350152e-09
1.007619649e-08
1.057546096e-08
-1.645483849e-08
-8.788264326e-09
1.67838427e-08
8.777846001e-09
-1.275288212e-08
-6.376074066e-09
8.684642131e-09
8.36890796e-09
-5.957042303e-09
-6.779404229e-09
9.952092668e-10
2.028989262e-08
3.971306065e-08
-1.205470212e-08
-3.846356515e-08
2.06315711e-08
3.021349564e-08
-1.250551064e-08
-2.207896816e-08
1.376426705e-08
1.6104638e-08
-6.717698676e-09
-1.166821922e-08
8.969121261e-09
8.465882831e-09
-3.616492259e-09
-6.345214999e-09
6.933508092e-09
5.10975743e-09
-3.087142424e-09
-4.611670321e-09
8.006551976e-09
4.777701734e-09
-5.246431217e-09
-5.503432225e-09
1.229368218e-08
6.476384784e-09
-1.193094801e-08
-7.173048014e-09
1.721385561e-08
7.262061195e-09
-2.17859012e-08
-6.866613889e-09
1.516133017e-08
5.508526868e-09
-2.412728248e-08
-3.785292964e-09
5.075650845e-09
2.371810929e-09
-7.060354456e-09
-1.973676179e-09
4.798600773e-09
1.78913758e-09
-3.843890007e-09
-1.983600276e-09
7.344786685e-09
2.115080084e-09
-6.606589207e-09
-2.198053111e-09
7.863647882e-09
2.278185465e-09
-7.527665769e-09
-2.105289032e-09
4.309000251e-09
1.011991122e-09
-5.236898396e-09
3.400780285e-11
-2.521951593e-11
-1.754196373e-11
2.416848276e-11
7.511978296e-11
-1.367097317e-10
1.51087232e-10
5.613694699e-10
-2.200229022e-10
2.148621823e-08
2.035278024e-08
-1.22378458e-08
1.151023619e-08
-1.180341079e-08
1.371979779e-08
8.085593367e-09
-1.36164664e-08
-7.678613285e-09
1.89763707e-08
8.39211358e-09
-2.056956581e-08
-8.48407516e-09
1.617248915e-08
8.043791136e-09
-1.109837053e-08
-6.701753447e-09
7.669938472e-09
5.052780911e-09
-5.548315924e-09
-3.727438286e-09
4.136630246e-09
5.087438124e-09
-2.90755074e-09
-3.636920072e-09
5.598478822e-11
8.546373745e-09
1.452779927e-08
-6.238769612e-09
-1.079874482e-08
6.970424766e-09
7.216813829e-09
-4.282508487e-09
-4.299361286e-09
2.915194692e-09
2.360420788e-09
-1.513894691e-09
-1.273117394e-09
1.233723915e-09
7.74327301e-10
-5.514032534e-10
-6.01568808e-10
1.22121093e-09
6.133718871e-10
-4.952506442e-10
-7.839097663e-10
2.896069054e-09
1.19747456e-09
-1.161294222e-09
-2.057592683e-09
9.601355001e-09
3.581571289e-09
-5.723265804e-09
-5.548025438e-09
2.382562449e-08
7.164301398e-09
-2.212818169e-08
-7.923584847e-09
3.337010961e-08
6.642131059e-09
-3.787437081e-08
-4.324608887e-09
1.433970083e-08
3.841358424e-09
-3.199565687e-08
-4.117497132e-09
2.959245088e-09
1.295835484e-09
-2.24471403e-09
-1.506625123e-09
5.953748561e-09
1.576489938e-09
-5.476111557e-09
-1.433957569e-09
6.75711439e-09
1.653515614e-09
-5.491387879e-09
-2.376592311e-09
6.184556694e-09
1.344773897e-09
-7.062691871e-09
-1.530749458e-10
-1.525667475e-09
7.479955123e-10
3.7164098e-10
-2.663307629e-10
1.875446797e-08
2.228684648e-08
-8.76254231e-09
-8.476396444e-11
4.065808794e-09
4.85676735e-09
-6.50416048e-09
8.640713692e-09
-9.029502253e-09
7.001543687e-09
5.463422876e-09
-5.932982376e-09
-3.803899313e-09
4.365750016e-09
2.451116688e-09
-2.917282521e-09
-1.289861532e-09
1.832202413e-09
2.3846493e-09
-7.419838472e-10
-1.238753952e-09
-3.884623013e-09
4.249517364e-09
6.245343778e-09
-2.58647476e-09
-4.619574076e-09
2.737272913e-09
2.978472528e-09
-1.633941849e-09
-1.580293072e-09
8.821081606e-10
7.506584795e-10
-4.984057117e-10
-3.624519479e-10
3.007301928e-10
1.973795128e-10
-1.648030148e-10
-1.320498165e-10
2.107800307e-10
1.101185192e-10
-9.045760923e-11
-1.048265589e-10
3.019201609e-10
1.080447365e-10
-6.091247205e-11
-1.344705609e-10
1.945460694e-09
2.779191906e-10
-1.630161424e-10
-9.763374464e-10
1.69598222e-08
3.14289133e-09
-9.714782953e-09
-5.41204175e-09
3.560115457e-08
4.380268884e-09
-2.817176959e-08
-1.748806172e-09
6.039852706e-08
7.042117149e-09
-9.362731929e-08
-1.126718545e-08
1.90560165e-09
6.891088909e-10
-3.034412171e-09
-1.118906133e-09
5.208343921e-09
1.471938412e-09
-5.104674074e-09
-8.794294878e-10
-1.819651906e-09
-2.26755325e-09
3.761025422e-09
6.456042231e-10
1.691832538e-09
-9.121382253e-09
3.837818959e-10
7.847896733e-09
-1.442113243e-08
-1.348129935e-12
6.588546622e-09
7.916739382e-09
-2.963923975e-09
1.742873713e-09
-4.882451053e-11
1.296943933e-09
4.514856428e-10
-5.296259997e-10
-9.514320745e-11
1.823420638e-10
5.99873957e-10
3.419703234e-10
-1.846027209e-10
-1.932201125e-09
1.317111966e-09
2.341800448e-09
-4.499772082e-10
-1.805245037e-09
8.073690024e-10
1.035499851e-09
-2.691339816e-10
-5.006267393e-10
2.502546187e-10
2.407109634e-10
-1.041198346e-10
-1.20791011e-10
8.458041499e-11
6.194464787e-11
-3.926686689e-11
-3.427929778e-11
3.807440929e-11
2.155551676e-11
-1.475052454e-11
-1.382007364e-11
1.690854589e-11
7.088662167e-12
-5.057112076e-12
-1.448633565e-12
1.263709328e-11
-6.358805103e-13
-2.284060212e-12
7.06773636e-12
2.461841409e-09
-6.972655296e-11
-2.83639773e-10
2.795636494e-10
1.848871005e-08
-3.646702861e-10
-9.270464412e-09
-5.836754386e-10
1.274739406e-07
2.794231219e-08
-1.595769627e-07
-2.440954667e-08
9.752664176e-09
3.454285584e-10
-2.71339445e-08
-3.742336725e-10
-4.80748396e-09
-1.023665095e-09
5.03582374e-09
1.62555075e-09
1.808090132e-09
-4.696433161e-10
-9.861372988e-11
3.727710228e-11
1.009694836e-10
5.032930188e-11
-9.860646159e-11
-2.843568721e-11
1.128587887e-10
1.065155208e-10
-8.62780013e-11
-8.577746377e-11
7.544374805e-11
1.700929434e-11
6.592962147e-11
-8.6397776e-11
5.692903489e-11
7.46636526e-11
3.705809064e-12
-5.102243423e-11
3.211455149e-11
3.507473015e-11
-3.017540499e-12
-2.316706885e-11
1.592309935e-11
1.310321973e-11
-5.362894568e-12
-6.399394536e-12
5.050407997e-12
3.115147563e-12
-1.591121438e-12
-1.545383038e-12
1.400203497e-12
6.343463345e-13
-4.134383461e-13
-8.651368079e-14
9.722195449e-13
-1.106003216e-13
-6.071427313e-13
1.089944714e-12
5.710380619e-11
-6.403859141e-12
-5.141460705e-11
7.310462784e-11
-2.819244313e-09
-1.593698365e-08
2.75748883e-09
-3.116748742e-10
9.140718358e-08
-1.937042662e-07
-5.5501291e-08
1.83866103e-07
-4.2284215e-08
-6.758905041e-11
5.369232535e-08
6.329076211e-11
-3.721509695e-11
-5.923582749e-11
1.87350029e-11
-1.145180586e-11
-8.513216101e-12
4.464842369e-12
3.261027904e-12
-2.208995305e-12
-2.512094588e-12
2.093972005e-12
1.056305009e-13
-9.234814882e-13
1.292012092e-12
4.153873409e-13
-2.186702781e-13
-2.312485957e-13
5.500498168e-13
1.142501427e-13
-1.507799988e-13
-1.360865531e-14
2.02469509e-13
-3.836937616e-14
-4.831915597e-13
9.577653132e-13
4.718102745e-13
-3.063724645e-12
3.559425004e-11
3.45335465e-11
-1.493472364e-09
-1.919813698e-10
2.750597801e-11
-8.002733097e-11
9.454621996e-14
-1.48087011e-11
1.528753163e-11
-7.41577628e-10
-5.003416114e-09
-6.212529326e-10
4.953708613e-09
-1.303996065e-09
-4.598355915e-09
-2.093426834e-09
5.882376079e-09
-2.247521956e-09
-5.291002586e-09
-2.297990689e-09
6.826868539e-09
-1.979450618e-09
-6.824145607e-09
-6.700589893e-10
8.947624349e-09
1.508849206e-09
-7.154910466e-09
2.439106145e-09
7.17008325e-09
3.439483321e-09
3.43400835e-09
6.937896602e-09
6.8321418e-09
1.131699542e-08
-5.98365604e-09
1.098773979e-09
1.568240115e-09
-9.949397471e-11
4.987770243e-07
-1.228722272e-06
6.843366786e-07
1.063270723e-06
7.482590762e-07
-4.161338166e-07
4.720821902e-07
7.067021592e-07
3.357075925e-08
-2.773934835e-08
2.97828273e-09
4.210014635e-08
2.484035457e-09
5.258422013e-08
-4.068725332e-09
8.661620414e-08
2.082457874e-09
8.059344311e-08
1.899126383e-08
7.874540959e-10
-3.860299361e-10
6.76189725e-10
8.080382335e-11
7.17702347e-10
-1.050538643e-10
1.665991903e-07
-1.28972389e-07
-3.092040353e-08
2.391703115e-07
2.095246e-08
1.331824904e-09
3.130892546e-10
1.151516681e-09
-2.226922919e-10
1.103977105e-09
1.626940499e-10
9.532766725e-10
-1.616946124e-10
3.211700004e-07
-2.516598137e-07
1.512540674e-08
3.497485242e-07
5.10254888e-09
4.131856393e-07
9.254784787e-08
1.42220421e-09
1.395531036e-09
6.139588314e-10
-8.061039836e-10
7.41995842e-08
-7.792532422e-08
-3.120324323e-10
1.500200374e-09
1.169198956e-09
-6.274982928e-10
1.115628765e-09
9.362271033e-10
-5.124899406e-10
-1.22876688e-09
8.223261275e-10
2.13546049e-08
-2.741551605e-10
1.420724001e-09
6.850305991e-09
-1.9754995e-09
1.273065307e-09
-9.36238367e-10
1.348831696e-09
1.6483403e-09
-1.549386312e-09
-1.314326492e-08
-2.47065981e-09
-9.921642805e-09
1.034020132e-08
3.874359357e-09
-4.638530516e-09
1.573288524e-09
-1.062069954e-09
1.101627286e-09
-2.747743982e-09
-5.298664664e-09
-4.191032466e-09
-2.817869092e-08
9.877423235e-09
-2.505691967e-09
-2.225138846e-08
3.212408165e-10
-4.54198988e-10
6.854625426e-11
-1.383690456e-10
-2.154903821e-08
-5.149871879e-09
-1.46802696e-08
1.989685587e-09
-9.986393144e-09
-3.376099427e-09
6.316896226e-09
-1.170583871e-08
2.091697959e-10
2.721417611e-09
-1.141401521e-09
3.978147364e-09
-2.533315757e-09
-6.140860905e-09
-9.373159145e-09
-3.597670131e-09
1.061492976e-09
-6.850461518e-10
-2.876359314e-09
1.538307142e-08
-1.910066963e-08
-3.017638623e-09
-2.316005004e-09
5.402668265e-10
-5.773209902e-10
-1.610726865e-09
2.623850584e-08
-3.106790675e-08
1.223774625e-09
6.89869023e-11
-3.165216758e-09
5.900233459e-10
-4.920969171e-10
-2.272339522e-09
3.407517504e-08
-3.680031023e-08
-1.380172779e-09
2.7079061e-09
-2.561830313e-09
3.642712576e-10
-3.330648334e-10
-2.308794552e-09
3.588454413e-08
-3.626557952e-08
-3.76065607e-09
4.616346593e-09
-6.726499435e-10
5.018832265e-11
-3.616437879e-11
-9.89491868e-10
3.180616346e-08
-3.021026422e-08
-5.739646281e-09
8.663028251e-09
-1.545217053e-11
1.145477083e-10
-4.211432097e-10
-1.972259206e-08
-2.230069901e-10
3.520046676e-10
-7.620465114e-10
-7.187642297e-09
-9.967199214e-10
-1.443704605e-10
2.248712528e-10
-4.657237967e-10
-1.307992398e-10
2.512475306e-09
-2.183231919e-09
8.271873036e-10
2.101289172e-11
-4.73759821e-10
-2.088937034e-09
-3.922784069e-10
4.632010124e-10
-1.287409734e-09
4.025274258e-09
-2.572999927e-09
-6.172570089e-10
-9.543274091e-10
-1.614120491e-09
-3.685083159e-09
-1.453021489e-09
-1.019146127e-09
1.089571759e-09
-9.475727679e-10
-7.404841244e-10
2.142223982e-09
-1.112315176e-09
-4.121386514e-10
4.080919764e-10
-4.461099335e-10
-1.308857346e-10
3.090793952e-10
6.363425892e-11
-2.45078869e-10
4.948881835e-10
-2.242840309e-10
-3.075398581e-12
2.731017823e-10
-1.099331067e-10
-3.337241489e-10
3.082639893e-11
-3.266962039e-10
-1.806208301e-14
2.539168287e-13
1.038201501e-08
-3.688484015e-10
3.576032586e-11
-2.38040754e-11
9.537166383e-12
1.00721086e-08
-9.507647492e-11
1.040936149e-08
-1.879321303e-08
8.406360453e-09
8.06077921e-09
-1.822425503e-10
1.891350774e-10
9.371188679e-09
-1.628333719e-09
9.457432224e-09
2.718340825e-09
-5.486047946e-12
1.944182484e-11
-2.617184742e-11
3.68317777e-09
-1.131447543e-09
8.932034981e-10
6.263619519e-09
5.36451605e-09
-6.058158229e-12
-1.547598554e-10
-9.713410694e-11
-1.769546049e-10
-8.701259614e-11
-1.614543239e-10
-7.985008454e-11
5.409751769e-11
-8.882763253e-11
3.317400735e-14
-3.501325085e-08
2.451216676e-10
6.498529315e-08
-1.036526183e-07
6.210857895e-08
-7.385380464e-08
2.689815932e-07
2.067617407e-07
-1.087211251e-10
-3.001130983e-11
-4.650698575e-12
-3.871930018e-12
-4.301646133e-12
-2.459886153e-12
-1.72381649e-12
-1.676653553e-12
1.219796617e-13
-6.04281918e-13
3.068112058e-13
-2.296183638e-13
1.060442405e-12
-1.297813378e-13
1.8859966e-13
-8.487126992e-14
3.41430448e-13
-4.428574576e-14
6.07731752e-14
-7.179580049e-15
7.811885026e-14
1.655762873e-12
-3.815771164e-10
2.616057686e-07
-6.794738262e-08
1.356934492e-07
1.98353873e-07
6.697770753e-08
-1.607676513e-08
3.182331933e-08
5.262197597e-08
1.424491615e-08
-8.138112003e-09
6.287044673e-09
1.667463579e-08
2.783495183e-09
-5.396261504e-09
1.97797621e-09
6.200532849e-09
2.947156377e-09
-6.32091299e-09
5.205959735e-09
4.148020609e-09
8.720514205e-09
-8.361269388e-09
1.321297307e-08
4.879703244e-09
1.816998727e-08
-8.081540558e-09
2.297363211e-08
5.36568667e-09
2.504241496e-08
-1.459349442e-09
3.95044008e-09
7.614698101e-10
1.02427358e-10
8.255579832e-10
-7.892829254e-11
1.927069566e-07
-8.487170247e-07
4.095884504e-07
6.471120035e-07
5.706611332e-07
-8.37280763e-07
5.660554631e-07
8.60655311e-07
4.615677794e-07
-3.51896032e-07
3.325148876e-07
4.92526852e-07
2.203273478e-07
-1.181368363e-07
1.372126488e-07
2.06877808e-07
8.119081574e-08
-3.782232136e-08
4.596590243e-08
7.550903135e-08
2.49086067e-08
-1.146879476e-08
1.302762182e-08
2.421990488e-08
7.108790787e-09
-4.456101069e-09
4.780171044e-09
7.529381855e-09
4.395249251e-09
-3.623789535e-09
5.123935387e-09
4.053844545e-09
6.615499385e-09
-3.843258673e-09
8.614910321e-09
3.650452996e-09
1.108791481e-08
-3.727020161e-09
1.449074164e-08
3.871882547e-09
1.964904799e-08
-4.069763475e-09
2.770030407e-08
5.082152064e-09
4.064145728e-08
-6.541339114e-09
6.134673769e-08
8.726640307e-09
9.133732407e-08
-8.495882403e-09
1.435722291e-08
8.286065832e-10
1.248721956e-10
7.531144136e-10
-1.740140213e-10
8.25557787e-10
9.538702439e-11
9.546101279e-10
-2.016998774e-10
7.634540567e-08
-4.790549862e-07
2.176805607e-07
3.475137888e-07
3.752156886e-07
-8.174729807e-07
4.734058732e-07
7.377211088e-07
4.888435184e-07
-5.992488778e-07
4.400458835e-07
6.649669227e-07
3.586397791e-07
-3.072629209e-07
2.709894445e-07
4.064921711e-07
1.927200113e-07
-1.303535914e-07
1.302194725e-07
1.995337578e-07
8.398553609e-08
-4.737265133e-08
5.184388481e-08
8.283947836e-08
3.096143387e-08
-1.515776072e-08
1.851036621e-08
2.96080632e-08
1.373767961e-08
-2.624248037e-09
3.234293963e-08
7.116212154e-09
1.685510731e-08
-4.141027372e-09
1.040132274e-08
6.750781884e-09
1.03033806e-08
-4.611073451e-09
1.261064086e-08
6.364288864e-09
1.674260758e-08
-6.067632486e-09
2.34751553e-08
7.749155569e-09
3.450888093e-08
-9.940091521e-09
5.256866508e-08
1.150294112e-08
8.128662335e-08
-1.674823917e-08
1.240039209e-07
1.724022309e-08
1.817305876e-07
-2.516797307e-08
2.180199861e-08
5.997284075e-10
2.119365736e-10
6.866020714e-10
-1.28082322e-10
7.822024765e-10
1.401274137e-10
8.392860348e-10
-9.412901849e-11
8.567372179e-10
3.076894799e-10
1.195984362e-09
-7.105287108e-10
2.390720183e-09
5.172908733e-10
3.350866623e-09
-1.072863118e-09
3.315799258e-08
-2.485948472e-07
1.116997018e-07
1.764115755e-07
2.281603076e-07
-6.422381521e-07
3.424014414e-07
5.446559606e-07
4.189554907e-07
-6.917753045e-07
4.440665626e-07
6.865036932e-07
4.231738308e-07
-4.939846931e-07
3.713406168e-07
5.629525459e-07
3.049099458e-07
-2.776609999e-07
2.368482221e-07
3.582043817e-07
1.753107277e-07
-1.308872116e-07
1.243090026e-07
1.899564382e-07
8.502883316e-08
-5.644435699e-08
5.405540346e-08
8.876237017e-08
4.466986851e-08
-6.101962117e-08
8.350298212e-08
8.157602283e-08
7.118979723e-08
-3.730840732e-08
4.099564447e-08
3.450813458e-08
2.586108358e-08
-1.139499807e-08
2.421438963e-08
1.703927196e-08
2.940347998e-08
-1.117935292e-08
3.997376806e-08
1.812187113e-08
5.698400393e-08
-1.480468821e-08
8.112037874e-08
2.196250722e-08
1.103188525e-07
-1.77047577e-08
1.388886018e-07
2.165616067e-08
1.596141643e-07
-1.627111941e-08
1.676836606e-07
1.564410754e-08
1.613578264e-07
-1.0079081e-08
1.412899856e-07
6.07043649e-09
1.111190206e-07
-1.496718275e-08
-4.606210261e-10
1.07818951e-09
6.372189736e-10
5.132097065e-10
-7.974755656e-10
3.711221327e-10
7.146330154e-11
3.043033489e-10
-2.893389855e-11
2.76299866e-10
4.186333035e-11
2.657623733e-10
7.124286278e-12
2.696731398e-10
1.357899239e-09
1.699891667e-09
-1.570986799e-09
3.816671007e-09
1.857436137e-09
7.898843707e-09
-2.947079516e-09
2.107542122e-08
-1.250703224e-07
6.24116467e-08
8.956117852e-08
1.377441336e-07
-4.533618634e-07
2.329498882e-07
3.734748714e-07
3.234736478e-07
-6.576680254e-07
3.885055273e-07
6.140064927e-07
4.181231881e-07
-6.105288919e-07
4.129402351e-07
6.372122916e-07
3.804990401e-07
-4.34893531e-07
3.309627918e-07
5.028150034e-07
2.740578099e-07
-2.569171936e-07
2.17522622e-07
3.277494369e-07
1.667271397e-07
-1.314095627e-07
1.24735305e-07
1.844048092e-07
9.381413036e-08
-8.602445017e-08
7.823405655e-08
1.04866581e-07
6.314948608e-08
-4.022255967e-08
5.554087966e-08
6.004823036e-08
5.707666136e-08
-2.880899303e-08
6.782456863e-08
5.078220764e-08
8.721317152e-08
-3.19006441e-08
1.110774009e-07
5.428443697e-08
1.306864855e-07
-3.44767032e-08
1.36681203e-07
4.656498389e-08
1.252645193e-07
-2.709143995e-08
9.98953576e-08
2.287447936e-08
6.574640121e-08
-1.114609048e-08
3.03672588e-08
-5.173862217e-11
8.295609434e-09
4.91003782e-10
1.678772556e-09
-4.050184683e-11
3.340274456e-10
5.439204446e-11
8.820832909e-11
-2.326914008e-11
2.463570242e-10
5.911513939e-10
-7.405851633e-10
7.325193423e-09
1.360632308e-09
2.938482028e-09
-2.305859335e-09
1.003668823e-09
-4.630280713e-11
5.064609491e-10
1.532045621e-11
3.763211167e-10
-7.685798414e-11
3.400896812e-10
6.356611865e-11
1.378741822e-09
1.26445923e-09
3.374431144e-09
-1.808010864e-09
6.669144805e-09
3.980666107e-09
1.2460529e-08
-3.621179439e-09
3.118005428e-08
-6.697865813e-08
5.575069204e-08
5.485975398e-08
1.015407977e-07
-3.08402351e-07
1.694072426e-07
2.597693142e-07
2.482965031e-07
-5.640521512e-07
3.225008682e-07
5.155913275e-07
3.785329331e-07
-6.462726017e-07
4.088343848e-07
6.430876631e-07
4.122713899e-07
-5.591910209e-07
3.925555416e-07
6.037745101e-07
3.561060962e-07
-3.984941825e-07
3.102076271e-07
4.662167088e-07
2.617938498e-07
-2.455164809e-07
2.167116252e-07
3.123588874e-07
1.793202183e-07
-1.439744264e-07
1.528159842e-07
1.984302246e-07
1.3897105e-07
-9.47835781e-08
1.422475366e-07
1.467999712e-07
1.595760507e-07
-8.703436546e-08
1.784637331e-07
1.336380954e-07
1.819510219e-07
-7.942989312e-08
1.584358778e-07
8.876922537e-08
1.137600654e-07
-4.52631426e-08
6.638325347e-08
2.877656555e-08
3.073374638e-08
-8.630193316e-09
8.624485571e-09
1.104872258e-09
1.086471628e-09
3.432093095e-11
1.081649021e-10
-1.574621327e-11
4.138824036e-11
2.270600281e-11
5.369860156e-11
-2.311052293e-11
1.353008242e-10
3.940989864e-11
2.441576033e-10
-2.126345596e-10
5.75411822e-10
9.361955119e-10
-1.173572793e-09
-1.949928678e-09
-1.020613744e-09
2.758502318e-10
-9.158958182e-11
4.02673733e-11
4.986501258e-11
2.08473222e-10
-6.314049371e-10
2.036649509e-09
4.043317472e-09
5.872948847e-09
-3.50927075e-09
1.260851528e-08
8.898082619e-09
1.738847286e-08
-4.983610528e-09
1.998658866e-08
4.054714386e-09
2.114820964e-08
-9.940296517e-10
2.215189227e-08
1.2991466e-09
2.267562694e-08
2.782255329e-09
2.64150158e-08
-4.361870184e-08
5.535701288e-08
2.90294659e-08
9.467168788e-08
-2.262612497e-07
1.475869402e-07
2.013705724e-07
2.125616734e-07
-4.743321731e-07
2.817807316e-07
4.418475241e-07
3.450413019e-07
-6.339106864e-07
3.935765104e-07
6.238233093e-07
4.2216991e-07
-6.385974397e-07
4.299325657e-07
6.671756246e-07
4.193758343e-07
-5.296802529e-07
3.95152467e-07
5.903857337e-07
3.629944661e-07
-3.831104749e-07
3.288708056e-07
4.581353826e-07
2.984224842e-07
-2.652658434e-07
2.778424587e-07
3.433975224e-07
2.746252685e-07
-2.141141046e-07
2.849958718e-07
2.807565943e-07
2.613339669e-07
-1.654289049e-07
2.00276135e-07
1.574671643e-07
1.254419765e-07
-7.03941983e-08
6.056541683e-08
3.185765925e-08
1.99317616e-08
-1.088400884e-08
3.351600834e-09
-3.785166337e-12
2.399332989e-10
3.168068474e-12
4.908904765e-11
-2.977287589e-11
7.713038824e-11
1.942482207e-11
1.203003401e-10
-8.302140773e-11
1.64328576e-10
1.478361611e-11
2.10130954e-10
-6.276939983e-11
7.278072785e-10
4.724168793e-10
1.898124567e-09
-5.05591134e-10
3.204549941e-09
1.42267417e-09
4.256489701e-09
-1.36007646e-09
4.787150091e-09
1.879617608e-09
-1.998232415e-09
-4.627529003e-09
-2.367531553e-09
-5.110384351e-09
-3.405665954e-09
-2.938218098e-09
1.629026338e-09
-2.796380012e-09
-3.097596174e-09
-2.560560329e-09
2.018729595e-09
1.990377067e-10
-2.810936568e-09
3.306261768e-09
5.217642501e-10
5.571246448e-09
3.397533447e-09
7.340118069e-09
-7.703978655e-10
1.000023121e-08
6.926977331e-09
1.327222537e-08
-5.602795222e-09
1.647956558e-08
1.117562906e-08
1.947241048e-08
-8.363516566e-09
2.28022664e-08
1.268747408e-08
2.398667661e-08
-1.255198524e-08
3.473881927e-08
-1.212160675e-08
6.880118237e-08
-1.753205852e-07
1.21955437e-07
1.403782109e-07
1.879373177e-07
-4.145874003e-07
2.59710479e-07
3.850272184e-07
3.300800287e-07
-6.149205903e-07
3.930640141e-07
6.056514078e-07
4.471067516e-07
-6.947179678e-07
4.929248758e-07
7.301391976e-07
5.273316683e-07
-6.558407456e-07
5.462904334e-07
7.389262579e-07
5.488097449e-07
-5.433567163e-07
5.368567019e-07
6.428262557e-07
5.131297143e-07
-4.308571033e-07
4.816440331e-07
5.113294601e-07
4.354335733e-07
-3.202103866e-07
3.407999954e-07
2.944961057e-07
1.740532013e-07
-1.113110659e-07
6.498503302e-08
4.488049524e-08
2.042559773e-08
-5.34904531e-09
5.485368073e-09
1.188513968e-09
1.310858211e-09
5.511869681e-11
2.693845203e-10
1.302297546e-12
4.099498115e-10
2.88546052e-10
1.149156166e-09
-1.780089426e-09
2.287992292e-09
8.232466079e-10
3.423325516e-09
-3.548117346e-09
4.253186832e-09
8.799245361e-10
4.350419972e-09
-3.886444529e-09
3.726034597e-09
6.272497897e-10
3.477775037e-09
-1.383007146e-09
4.019715769e-09
8.808291801e-10
5.391822058e-09
2.544776488e-11
7.056206769e-09
1.450564542e-09
8.155100209e-09
-2.620749387e-11
7.441476439e-09
1.237039886e-09
-2.198628455e-11
-1.764098982e-08
6.754442115e-09
-1.403170933e-08
1.613538436e-09
-1.058227934e-08
3.549846407e-09
-7.505180568e-09
3.244977491e-09
-5.225991882e-09
6.857274456e-10
-3.99386163e-09
4.335545786e-09
-2.763470518e-09
-4.024132528e-09
-2.567394527e-10
8.419529565e-09
3.184958716e-09
-9.675698912e-09
6.128555226e-09
1.350244676e-08
8.543577673e-09
-1.242883192e-08
1.123823147e-08
1.435056606e-08
1.388604376e-08
-1.125184342e-08
1.520538271e-08
1.323456755e-08
1.615958043e-08
2.614322181e-08
1.561072032e-08
-7.870201093e-10
2.345383217e-08
-9.217905999e-08
5.391225644e-08
3.363034103e-08
1.121946509e-07
-3.409012963e-07
1.868959897e-07
2.651356841e-07
2.704778825e-07
-5.891740045e-07
3.583849328e-07
5.464819211e-07
4.533822861e-07
-7.775071685e-07
5.443151993e-07
7.85289038e-07
6.080011932e-07
-8.219687529e-07
6.305543371e-07
7.917925716e-07
6.103234287e-07
-7.029723004e-07
5.480872944e-07
5.60436178e-07
4.430516226e-07
-4.850774428e-07
3.028229385e-07
2.433142495e-07
1.656171603e-07
-1.667724994e-07
7.710303367e-08
5.107850509e-08
3.825186847e-08
-7.376576438e-09
2.85543893e-08
1.749737361e-10
2.594525084e-08
-1.590947818e-10
2.512527409e-08
-2.769738178e-09
2.529573858e-08
-5.939839252e-13
2.584979892e-08
-4.650271889e-09
2.373401395e-08
6.599977575e-09
2.192077688e-08
-6.219350866e-09
2.175676374e-08
7.31950104e-09
2.281082718e-08
-7.395888767e-09
2.394834612e-08
7.751046401e-09
2.407901162e-08
-8.714714968e-09
2.455136033e-08
5.213349939e-09
2.597005419e-08
-7.546763558e-09
2.616336206e-08
-8.729684427e-12
2.243847464e-08
-5.286482375e-09
1.515247344e-08
-3.738319454e-11
7.010433009e-09
-3.164128557e-09
1.799735039e-09
-4.789676964e-12
-6.700361694e-10
-5.546085962e-09
-2.962668254e-10
-3.022956639e-09
-8.519686285e-10
-1.549490412e-09
-2.85571992e-09
-8.917420353e-10
-1.62842186e-10
-1.41816207e-09
-6.858643755e-09
-2.629884731e-09
-1.414251566e-10
-2.843533962e-09
-1.441621455e-08
-7.254350831e-10
-1.68301779e-11
2.158498525e-09
-1.804731236e-08
2.69492049e-09
7.115552503e-11
9.582062045e-10
-1.206193797e-08
2.045000453e-10
-1.97485991e-10
-1.652105737e-09
-1.507153446e-08
-6.71255416e-09
-4.979893664e-10
-3.475233845e-09
-5.390493702e-09
7.916281135e-10
2.156548702e-08
-3.49375223e-10
1.850112194e-10
7.289842204e-10
-1.651224111e-09
1.8398052e-08
-1.715452165e-07
6.547537696e-08
6.342037411e-08
1.27033335e-07
-4.476541022e-07
1.941694842e-07
2.797420534e-07
2.447388088e-07
-6.389779497e-07
2.362303896e-07
3.052511967e-07
1.601721177e-07
-4.69186749e-07
7.744378267e-08
5.891121239e-08
2.972318012e-08
-1.661638665e-07
1.588397388e-08
3.157554831e-09
1.981295548e-08
-4.276385292e-08
2.850465882e-08
1.089305841e-08
4.098696404e-08
-1.669791769e-08
5.777810572e-08
2.982870582e-09
6.583487854e-08
1.684422068e-09
6.654930672e-08
-9.508834776e-09
6.406640259e-08
1.184397888e-08
6.264662707e-08
-1.841707132e-08
6.374250344e-08
1.72510225e-08
6.612319615e-08
-3.024183045e-08
6.683367279e-08
1.450742302e-08
6.272292087e-08
-3.484034913e-08
5.465149632e-08
7.865056038e-09
4.701282071e-08
-1.844528335e-08
4.268293572e-08
7.706640414e-09
4.073371022e-08
-7.917954131e-09
3.946302449e-08
7.739132084e-09
3.774360375e-08
-8.115330055e-09
3.510289374e-08
6.454997053e-09
3.155298508e-08
-7.385911323e-09
2.727529426e-08
4.415193862e-09
2.247741358e-08
-4.992399299e-09
1.728229406e-08
2.086827478e-09
-2.641936574e-09
-4.753269827e-09
3.014837821e-09
-3.230890442e-09
-2.193119512e-09
-1.847508406e-09
9.842664395e-10
-8.193992058e-10
-1.043722069e-09
-3.01488625e-10
1.565302044e-10
-1.814604883e-10
-1.267034482e-10
-1.928501307e-10
1.507304134e-10
-2.211692559e-10
-8.267468523e-11
-2.134931541e-10
2.679557228e-10
-2.053924648e-10
-2.015644052e-10
-2.361188884e-10
2.733984585e-10
-3.268209669e-10
-3.230519197e-10
-5.137340076e-10
6.726734374e-10
-7.847172637e-10
-8.345302536e-10
-9.689560644e-10
1.358271971e-09
-1.015892986e-09
-1.424804717e-09
-1.715585596e-09
-2.462728355e-08
-3.682768735e-10
3.902643905e-09
-1.020832226e-09
2.166736321e-09
-1.825315373e-09
-2.489669871e-09
-2.598728181e-09
7.321474258e-10
-2.968277806e-09
-3.89339414e-09
-1.844732457e-09
-6.606017419e-08
-1.673272803e-09
-1.125491806e-09
-7.088301891e-09
-2.925979341e-08
-1.102303904e-08
-4.311477792e-09
-1.160876689e-08
3.40507286e-09
-1.0357313e-08
-7.156611804e-10
-5.505827674e-09
2.852738692e-09
4.526036291e-09
-5.448441608e-09
1.374839856e-08
-1.069871023e-08
1.726576205e-08
1.211479905e-08
1.999325871e-08
-8.020956731e-09
2.620699295e-08
1.552496089e-08
3.912884529e-08
-1.026724381e-09
5.573791476e-08
5.207930707e-09
6.82376348e-08
7.666941059e-09
7.703639594e-08
-3.279745157e-09
8.57383864e-08
2.069501705e-08
9.698897806e-08
-9.864948359e-09
1.110685594e-07
3.750282275e-08
1.244049295e-07
-2.661239647e-08
1.290198738e-07
3.400374062e-08
1.164039639e-07
-3.843998046e-08
8.910578768e-08
1.153406938e-08
6.348184548e-08
-2.042210833e-08
4.967068546e-08
6.83768696e-09
4.458293782e-08
-7.679424383e-09
4.264803811e-08
6.265437066e-09
4.079502579e-08
-5.522368683e-09
3.789073769e-08
4.738404832e-09
3.366645993e-08
-4.442512327e-09
2.820372689e-08
3.111643167e-09
2.185875949e-08
-3.26021477e-09
1.529635746e-08
1.697324576e-09
-1.876094628e-09
-2.818759522e-09
1.18399591e-09
-2.878258131e-09
-4.548838026e-10
-2.948369708e-09
8.210215166e-10
-2.791097626e-09
-2.769530507e-10
-2.219310506e-09
1.249808809e-10
-1.313508344e-09
-1.681053312e-10
-6.037149313e-10
4.152715849e-11
-3.254554253e-10
-1.358646887e-10
-3.485225604e-10
2.088708964e-10
-4.312756045e-10
-2.167002623e-10
-6.090981278e-10
3.99622063e-10
-8.891235483e-10
-5.286336626e-10
-1.18077227e-09
1.013409301e-09
-1.326299166e-09
-1.199011173e-09
-1.255366007e-09
1.433798452e-09
-1.040752625e-09
-1.351843769e-09
-8.469274935e-10
1.157085515e-09
-8.751729791e-10
-1.196184359e-09
-1.270463312e-09
2.392657132e-09
-1.658269772e-09
-1.890641106e-09
-1.582813987e-09
2.797053112e-09
-1.203600526e-09
-1.688063929e-09
-5.628993303e-10
1.175048992e-09
7.95166098e-10
-6.910255444e-10
5.584243326e-09
1.145018879e-08
1.101807105e-08
-1.176854904e-08
1.149613571e-08
6.115095454e-09
6.637321908e-09
-1.645374193e-08
3.674175116e-09
5.726475477e-09
3.013379647e-09
-7.77176842e-09
4.630770626e-09
2.983238072e-09
5.255530408e-09
-4.974390989e-09
4.506229461e-09
1.374420085e-09
3.600165691e-09
-3.717770671e-09
2.859426163e-09
1.231304429e-09
2.379306079e-09
-2.794856722e-09
2.262621125e-09
1.712819706e-09
2.724694817e-09
-4.539199422e-09
3.854335361e-09
3.622758072e-09
7.061882918e-09
-5.975741748e-09
1.741307618e-08
1.680812655e-08
3.977463551e-08
-1.339704959e-08
6.748014823e-08
3.082013489e-08
8.704718075e-08
-2.454662074e-08
9.038828567e-08
2.057833259e-08
8.002383776e-08
-1.67822251e-08
6.580873485e-08
7.278000193e-09
5.533354237e-08
-6.586471482e-09
4.946259045e-08
4.648453161e-09
4.588543335e-08
-3.845067416e-09
4.267948982e-08
4.308483319e-09
3.903962349e-08
-3.375384859e-09
3.479086402e-08
3.524434199e-09
2.993105796e-08
-2.786123067e-09
2.458627338e-08
2.126339346e-09
-2.045212233e-09
-1.094035068e-09
2.68176269e-10
-7.39913505e-10
-2.409900169e-10
-5.142367015e-10
1.353411107e-10
-3.83389479e-10
-9.534630838e-11
-3.207216678e-10
9.454902994e-11
-3.102772995e-10
-5.296822607e-11
-3.533827893e-10
1.214380064e-10
-4.777776216e-10
-8.790084332e-11
-7.57184226e-10
2.516028793e-10
-1.292720165e-09
-5.434788563e-10
-1.996228557e-09
8.901582961e-10
-2.466727628e-09
-1.870714363e-09
-2.418918178e-09
1.427951074e-09
-1.982141672e-09
-1.668384356e-09
-1.450987217e-09
1.15978487e-09
-1.024667531e-09
-8.55261465e-10
-7.813362932e-10
9.542889663e-10
-7.309292059e-10
-6.249837941e-10
-7.793901194e-10
1.22106896e-09
-7.231316582e-10
-6.298620275e-10
-5.738101918e-10
8.849445987e-10
-4.939396234e-10
-4.572208352e-10
-3.348686266e-10
8.929204064e-10
7.63216698e-10
-1.376208333e-09
3.448848917e-09
8.364295989e-09
9.709085552e-09
-5.043155016e-09
2.147969894e-08
2.095279293e-08
3.108052944e-08
-1.628058897e-08
2.712883711e-08
1.253750105e-08
1.472635726e-08
-1.465948233e-08
6.433238531e-09
4.937935619e-09
4.791076272e-09
-5.434240288e-09
5.546269777e-09
6.063935387e-09
5.825334615e-09
-1.135753394e-08
4.655529276e-09
6.029603776e-09
3.308452724e-09
-1.501997267e-08
2.970636407e-09
1.074692266e-08
3.997909648e-09
-2.352090269e-08
5.127076289e-09
1.105021883e-08
6.407697606e-09
-1.878898679e-08
8.911969757e-09
1.442897041e-08
1.429234897e-08
-1.617627023e-08
2.431445304e-08
2.071543662e-08
3.674447611e-08
-1.698184601e-08
4.581805026e-08
1.43502765e-08
4.863001455e-08
-1.134651e-08
4.732154866e-08
6.65289576e-09
4.53946371e-08
-5.297663617e-09
4.445561882e-08
3.594745126e-09
4.432485222e-08
-2.126467583e-09
4.426340365e-08
2.431083659e-09
4.363068681e-08
-6.783051924e-10
4.202401593e-08
1.739465459e-09
3.928886274e-08
-1.614583416e-10
3.552431459e-08
1.349813321e-09
-5.967740642e-11
-1.575238251e-09
2.597429441e-10
-1.071048767e-09
-2.513701542e-10
-7.443108725e-10
1.095242189e-10
-5.800675399e-10
-1.326634658e-10
-5.847307251e-10
6.636664818e-11
-8.345061648e-10
-1.068435346e-10
-1.588601476e-09
1.553336062e-10
-3.342854382e-09
-6.419167921e-10
-6.117391618e-09
1.78191229e-09
-8.57886906e-09
-3.63787768e-09
-9.075249015e-09
3.34519944e-09
-7.450074779e-09
-3.864925126e-09
-4.912709528e-09
1.732613097e-09
-2.70929182e-09
-1.447976366e-09
-1.348395792e-09
5.087174369e-10
-6.997032451e-10
-2.493754642e-10
-4.402363899e-10
2.965404776e-10
-3.237020332e-10
-7.727171654e-11
-2.321352666e-10
2.414463825e-10
-1.731933015e-10
-5.122187501e-11
-2.065250462e-10
2.383190482e-10
-3.320440297e-10
-3.380926199e-11
-2.505795399e-10
1.032098515e-09
4.705481838e-10
-6.891836112e-11
1.731139655e-09
2.918934099e-09
4.071821273e-09
-2.215959408e-09
8.583800797e-09
7.857923837e-09
1.51397751e-08
-2.044901359e-09
1.871822233e-08
8.986074184e-09
1.57477144e-08
-5.147589488e-10
9.561266828e-09
6.846100646e-09
8.097800355e-09
-1.322349508e-08
1.154329529e-08
2.421259331e-08
1.33485591e-08
-4.687526162e-08
8.951532288e-09
3.284534893e-08
3.406265277e-09
-5.247375735e-08
2.386284825e-09
4.029162575e-08
4.028690875e-09
-5.206315237e-08
3.746307906e-09
2.62930401e-08
4.0437514e-09
-2.914316776e-08
5.761197086e-09
1.654418536e-08
7.905132343e-09
-1.45685203e-08
1.061581771e-08
1.274346947e-08
1.459687242e-08
-8.292080545e-09
1.940212928e-08
7.75208097e-09
2.410780073e-08
-4.384991499e-09
2.8311114e-08
2.980343639e-09
3.201243928e-08
-6.195649182e-10
3.522974365e-08
-2.461035748e-10
3.793398824e-08
2.19241948e-09
3.993065258e-08
-1.735476546e-09
4.104675088e-08
3.564071819e-09
4.121958585e-08
-2.043280264e-09
4.049034394e-08
3.862705505e-09
3.897152475e-08
-1.826815082e-09
3.604075479e-09
-2.04956979e-09
2.357563192e-10
-1.888329766e-09
-2.478236845e-10
-1.938297317e-09
1.936230828e-10
-2.322743212e-09
-2.585025934e-10
-3.167322525e-09
3.296200104e-10
-4.515637824e-09
-5.041603089e-10
-6.230290264e-09
1.468285875e-09
-7.969036793e-09
-1.030657492e-09
-9.058875736e-09
3.229961604e-09
-8.816660631e-09
-1.427470443e-09
-7.386172236e-09
2.658130861e-09
-5.543598496e-09
-1.092559913e-09
-3.755469627e-09
1.023781005e-09
-2.14245668e-09
-7.49178054e-10
-8.963979767e-10
1.498464979e-10
-2.417217994e-10
-1.642431299e-10
-7.631318832e-11
2.102252105e-12
-3.869349244e-11
1.145340764e-11
-3.285161352e-11
7.562373768e-13
-4.401008073e-11
5.366514464e-12
-7.350810604e-11
3.560531721e-12
-1.257401937e-10
1.806588928e-11
-1.963216183e-10
1.402875801e-11
-2.652244917e-10
6.926609224e-11
-9.411430398e-11
9.04478984e-11
2.117754799e-10
-4.855536778e-10
1.420665226e-09
2.291856189e-09
3.983919781e-09
-5.770355443e-09
3.476998742e-09
2.993735185e-10
3.745991057e-09
-2.175080839e-09
1.147899679e-08
3.736206568e-08
1.059977228e-08
-6.698819393e-08
5.691462083e-09
6.647028797e-08
2.080826833e-09
-7.101507344e-08
-2.767362637e-09
6.135422509e-08
-6.350930007e-09
-5.834695438e-08
-4.051792386e-09
5.179558128e-08
-3.65465207e-09
-4.063162528e-08
-5.555279376e-09
2.612954746e-08
-4.613669822e-09
-2.044737722e-08
-2.484489063e-09
1.172925175e-08
-8.584015139e-10
-9.664351656e-09
3.299505774e-10
4.908155534e-09
1.551115742e-09
-3.642571976e-09
3.530779431e-09
2.363136522e-09
7.168420393e-09
-1.783887354e-09
1.166834332e-08
-8.961957761e-10
1.622278986e-08
1.288711378e-09
2.08870362e-08
-3.625041014e-09
2.509823912e-08
3.846527376e-09
2.85643685e-08
-4.751630852e-09
3.13300647e-08
5.328508564e-09
3.347376544e-08
-5.053957194e-09
3.502227737e-08
5.704768406e-09
3.596704207e-08
-4.845843764e-09
5.627047542e-09
-1.452497462e-09
8.587673539e-11
-1.850528531e-09
-3.072909835e-10
-1.991323042e-09
9.792842336e-11
-1.931750243e-09
-1.050263946e-10
-1.814432569e-09
1.700753252e-10
-1.699366648e-09
-2.647483103e-11
-1.549097838e-09
3.285786341e-10
-1.287313895e-09
-1.251860164e-11
-9.051514422e-10
3.299581169e-10
-5.265599351e-10
-3.018464698e-12
-2.956669137e-10
1.202377932e-10
-2.522189673e-10
-1.702340694e-12
-3.712926465e-10
1.189457719e-10
-6.286460785e-10
-7.946189082e-12
-1.071826735e-09
2.962986369e-10
-1.974392754e-09
2.44413858e-11
-4.406068019e-09
-2.063810595e-10
-6.805634592e-09
1.252660043e-09
-5.612285455e-09
-4.92481758e-11
-3.775409499e-09
2.715191357e-10
-2.09616995e-09
-2.228322745e-11
-9.015091336e-10
-6.494289508e-09
-4.426665229e-12
-4.607746632e-11
-7.635594695e-11
-1.058094345e-08
5.508524444e-12
3.018283927e-09
6.492952805e-09
-1.295009799e-08
1.09390124e-08
1.617280133e-08
1.26668826e-08
-3.807562429e-08
1.094147695e-08
4.941386501e-08
1.640120557e-09
-5.996502802e-08
-1.156093406e-08
6.78331921e-08
-2.291743392e-08
-5.776616076e-08
-2.83017831e-08
6.138187186e-08
-2.688638237e-08
-4.757176387e-08
-2.283296819e-08
4.709843368e-08
-1.908306352e-08
-3.25883069e-08
-1.477489518e-08
2.722072339e-08
-1.088352999e-08
-2.118176003e-08
-8.078331952e-09
1.629517271e-08
-5.598531259e-09
-1.427416543e-08
-3.627474878e-09
8.682549534e-09
-2.161519043e-09
-8.337910288e-09
-1.077859517e-09
3.617176764e-09
-2.92375265e-10
-3.775425419e-09
2.876230834e-10
1.211283979e-09
6.956188982e-10
-1.172677329e-09
1.301791081e-09
2.733338448e-10
3.140029211e-09
-6.656471524e-10
7.262555671e-09
-3.036034914e-09
1.127796592e-08
9.958984694e-10
1.463835762e-08
-4.641745189e-09
1.800383914e-08
3.323022433e-09
2.14941789e-08
-5.736321929e-09
2.484109839e-08
4.674829998e-09
2.781805716e-08
-6.108494251e-09
5.866665619e-09
-6.266180892e-10
-3.825443577e-10
-9.224024265e-10
1.156341078e-10
-1.66373753e-09
-1.401052287e-10
-3.544830568e-09
-2.317238425e-11
-5.437942521e-09
-1.348746641e-10
-5.089964756e-09
-1.223325864e-11
-3.201352319e-09
-5.987578545e-11
-1.571539133e-09
3.126341422e-10
-6.7944915e-10
-1.425708798e-11
-2.767670582e-10
1.566182574e-10
-1.184436691e-10
-9.325663716e-12
-7.805958097e-11
4.081824481e-11
-9.301606884e-11
-3.936766181e-11
-1.359608937e-10
4.691944333e-11
-1.961451287e-10
-1.828050927e-10
-2.582701829e-10
1.674255449e-10
-2.571677375e-10
2.092679472e-10
8.011992307e-10
-8.455163354e-10
3.322573477e-09
5.364255905e-09
6.193357349e-09
-8.307022495e-09
1.158996059e-08
1.467659315e-08
1.561789297e-08
-1.686368255e-08
1.711433319e-08
1.156920204e-08
1.755763862e-08
-1.822700795e-08
1.803165183e-08
2.015977777e-08
1.524856163e-08
-3.615208932e-08
5.631099611e-09
5.212369003e-08
-1.190181582e-08
-4.689415922e-08
-2.599024876e-08
5.09487987e-08
-3.228934749e-08
-4.088809431e-08
-3.211712478e-08
4.619935647e-08
-2.828123482e-08
-3.777890815e-08
-2.327428377e-08
3.609115672e-08
-1.840193297e-08
-3.004831863e-08
-1.41904633e-08
2.458351808e-08
-1.107892023e-08
-1.953624279e-08
-9.018937739e-09
1.750543986e-08
-7.508844941e-09
-1.467148359e-08
-6.181834207e-09
1.288733182e-08
-4.91585938e-09
-1.207177923e-08
-3.686946061e-09
8.290265287e-09
-2.527323499e-09
-8.414515756e-09
-1.516781814e-09
3.94103472e-09
-7.287848569e-10
-4.134824387e-09
-1.539851867e-10
1.23253859e-09
2.353526554e-10
-1.304111814e-09
4.639399032e-10
7.96098996e-10
6.823896074e-10
-7.862161947e-10
9.238222643e-10
3.851298978e-10
1.353446274e-09
-6.04901603e-10
2.317526973e-09
-1.861464684e-09
5.610545894e-09
-2.087233586e-10
9.821975953e-09
-3.864295454e-09
1.351065676e-08
2.647049274e-09
1.683276585e-08
-5.132616935e-09
4.980063221e-09
-5.562699352e-10
-1.15228347e-10
-3.465492687e-10
-2.000830524e-10
1.473561803e-11
-1.277709555e-10
5.126186617e-12
-1.106488654e-10
2.692246738e-11
-1.605158633e-10
-8.576762387e-12
-3.885380719e-10
4.171888576e-11
-1.147486692e-09
-1.751444048e-11
-2.718949196e-09
-7.345009097e-10
-3.670163287e-09
-6.565589445e-12
-3.068469396e-09
-3.433342788e-10
-2.151930142e-09
1.679071554e-09
-1.499349745e-09
-1.20143773e-10
-9.847171246e-10
1.456545395e-09
-4.966409113e-10
-1.512904196e-10
-1.314763796e-10
6.434463994e-10
-3.233524411e-11
1.701637137e-09
2.384340559e-09
-5.1249751e-09
6.451378407e-09
1.119984969e-08
6.596469254e-09
-1.243624259e-08
6.351354796e-09
1.211225193e-08
8.379156499e-09
-5.311142689e-09
1.234214701e-08
2.550124673e-08
1.52076025e-08
-3.103106593e-08
3.76803878e-09
4.441220136e-08
-1.369582981e-08
-3.719015629e-08
-2.247853647e-08
3.622292768e-08
-2.610905357e-08
-2.77801524e-08
-2.614042687e-08
3.366472002e-08
-2.413403708e-08
-2.729263054e-08
-2.126786223e-08
3.210409083e-08
-1.793471895e-08
-2.703449705e-08
-1.432959306e-08
2.543257656e-08
-1.084942631e-08
-2.152480597e-08
-8.396467111e-09
1.539160577e-08
-7.105502216e-09
-1.235904102e-08
-6.414470497e-09
1.269022752e-08
-5.898609606e-09
-1.137577654e-08
-5.337545266e-09
1.160193248e-08
-4.632723556e-09
-1.128151787e-08
-3.76552637e-09
8.658961634e-09
-2.792111833e-09
-8.980003437e-09
-1.827657601e-09
4.42996374e-09
-1.004248046e-09
-4.852433071e-09
-4.10770661e-10
1.336881132e-09
-3.421587827e-12
-1.397277355e-09
2.742959784e-10
7.29587416e-10
5.388430546e-10
-6.49783849e-10
8.01189659e-10
6.111261438e-10
1.016429641e-09
-5.856432165e-10
1.162988612e-09
4.697124967e-10
1.318470711e-09
-4.286224082e-10
1.637206349e-09
5.362712863e-11
2.288318423e-09
-3.429499321e-10
4.155152597e-09
-3.082688762e-09
-1.706323508e-10
-1.110536172e-11
-4.788258772e-11
2.573703838e-11
-2.499962132e-11
-1.75560567e-12
-1.220319202e-10
4.856069769e-12
-2.093253423e-10
-8.405503917e-13
-1.332149436e-11
-7.363451016e-10
-2.165507988e-11
-3.797703743e-11
-3.716106958e-11
3.025635546e-11
2.14050845e-11
-1.973120487e-12
3.206920457e-10
-4.293474465e-10
1.221885173e-09
-8.830834036e-12
2.97502708e-09
-2.311780091e-09
5.278024204e-09
5.857138702e-10
8.196380623e-09
-5.607731301e-09
1.573483219e-08
1.296051419e-08
1.321142111e-08
-1.403203993e-08
1.256010255e-10
1.001629798e-08
9.539091645e-10
-1.08099409e-08
7.246819297e-10
1.408853041e-09
1.252136456e-09
-4.34346252e-10
8.678614707e-09
3.437123201e-08
9.398854182e-09
-3.165935297e-08
-1.090687128e-08
2.66756647e-08
-1.812359415e-08
-1.825229476e-08
-1.895795887e-08
2.048812849e-08
-1.8464561e-08
-1.449619793e-08
-1.775677839e-08
2.148785788e-08
-1.651296927e-08
-1.634657602e-08
-1.468773846e-08
2.22481639e-08
-1.234490626e-08
-1.788395981e-08
-9.668338217e-09
1.835292618e-08
-7.032320427e-09
-1.576487785e-08
-5.544565409e-09
1.03156931e-08
-5.144004545e-09
-8.94882025e-09
-5.062368797e-09
1.042228516e-08
-4.98540348e-09
-9.61179378e-09
-4.799690571e-09
1.097349138e-08
-4.438052534e-09
-1.058739107e-08
-3.859871091e-09
9.318344645e-09
-3.075783709e-09
-9.606840782e-09
-2.1728346e-09
5.39605734e-09
-1.296897082e-09
-6.025911216e-09
-5.922088275e-10
1.578910016e-09
-1.416683624e-10
-1.881866179e-09
1.198294158e-10
5.337652616e-10
3.319635407e-10
-3.801811822e-10
6.122841879e-10
5.558220037e-10
9.347017699e-10
-4.931753846e-10
1.272460275e-09
3.763123364e-10
1.598995911e-09
-3.582472618e-10
1.900616115e-09
2.084342893e-10
-5.336374293e-11
-8.468149381e-10
-1.157128722e-10
-6.294998842e-10
3.300882361e-10
-1.412394062e-09
1.199362467e-09
-2.073214373e-09
-2.553016946e-09
-6.640097415e-10
1.634396848e-09
-6.158533484e-12
-7.973980585e-10
-4.495646355e-12
-1.949417449e-11
2.003471883e-12
1.308166646e-11
4.332179898e-10
7.822489572e-10
1.267716381e-09
-1.449078151e-09
2.637832781e-09
3.312607168e-09
4.538004867e-09
-4.331202201e-09
6.721041204e-09
7.602762235e-09
8.801130963e-09
-8.975237757e-09
1.078304051e-08
1.134281926e-08
1.20681196e-08
-1.222931934e-08
1.393641663e-08
1.336819966e-08
1.53830609e-08
-1.339225754e-08
1.225690613e-08
-1.36234222e-10
7.039309365e-09
-1.095775144e-08
-6.241727137e-09
1.907160465e-08
-1.290885834e-08
-1.483078086e-08
-1.366497897e-08
1.135800161e-08
-1.194515307e-08
-9.304853404e-09
-1.121020993e-08
1.039553883e-08
-1.114536142e-08
-8.951137856e-09
-1.103784092e-08
1.240619659e-08
-1.048219236e-08
-1.038046051e-08
-9.414710577e-09
1.419924194e-08
-8.069621743e-09
-1.154845614e-08
-6.649354227e-09
1.356362494e-08
-5.071516517e-09
-1.162025206e-08
-4.227095421e-09
7.972595754e-09
-4.125998626e-09
-7.217973049e-09
-4.171537576e-09
8.832839778e-09
-4.216851393e-09
-8.056409776e-09
-4.225999158e-09
1.007275445e-08
-4.130508919e-09
-9.4153842e-09
-3.844556868e-09
9.780834421e-09
-3.305266694e-09
-9.788777352e-09
-2.535204803e-09
6.687056365e-09
-1.659392785e-09
-7.326398812e-09
-8.544226604e-10
2.285126905e-09
-2.721937605e-10
-2.800158437e-09
6.841577769e-13
2.266298096e-10
1.466521061e-10
-1.205138903e-10
3.872361914e-10
4.024307895e-10
7.117167812e-10
-3.009308798e-10
1.10962813e-09
3.307030214e-10
1.563124535e-09
-2.745349363e-10
2.049674282e-09
-2.189793003e-11
4.256001735e-11
-1.362827168e-09
-5.83300806e-10
-1.309441854e-09
-1.362674398e-09
2.261081347e-09
-7.480352476e-10
-1.442492705e-09
-9.447546786e-11
3.238109291e-10
-1.171508063e-11
-8.609042899e-11
7.592102761e-12
-5.20822268e-12
7.563212817e-10
-2.917866171e-10
3.198114876e-09
3.395520986e-09
4.718390939e-09
-7.040084558e-09
6.473096633e-09
5.789461568e-09
8.847265246e-09
-8.115466129e-09
1.122790803e-08
1.033479987e-08
1.280427027e-08
-1.164721958e-08
1.328122128e-08
1.24497145e-08
1.306710956e-08
-1.204913636e-08
1.259044868e-08
1.28545933e-08
1.056854253e-08
-1.357904207e-08
7.403620754e-09
4.45481859e-08
-1.555534261e-08
-4.822877925e-08
-2.245302679e-08
1.875559091e-08
-2.118786101e-08
-2.851329543e-08
-1.709701489e-08
1.199503342e-08
-1.419190411e-08
-1.857384772e-08
-1.235150181e-08
1.108212903e-08
-1.109807087e-08
-1.575926195e-08
-1.00315028e-08
1.089855769e-08
-8.772782643e-09
-1.340080226e-08
-7.316104299e-09
1.028316362e-08
-6.030118681e-09
-1.044799594e-08
-5.126653027e-09
9.950819949e-09
-4.151449351e-09
-8.755329573e-09
-3.617223709e-09
6.652763464e-09
-3.474378723e-09
-6.396280598e-09
-3.418194207e-09
7.304906137e-09
-3.416329278e-09
-6.63190307e-09
-3.492518546e-09
8.628726837e-09
-3.581427694e-09
-7.745035288e-09
-3.570040462e-09
9.598752719e-09
-3.330450629e-09
-9.202087361e-09
-2.800821907e-09
7.892388863e-09
-2.027432908e-09
-8.330851955e-09
-1.165603029e-09
3.426308374e-09
-4.077875991e-10
-4.136909829e-09
-6.257128067e-12
6.087067163e-11
5.733803969e-11
-2.8088623e-11
2.261768392e-10
2.011957711e-10
4.963977608e-10
-1.126407717e-10
8.753572353e-10
1.841374779e-10
1.368957669e-09
-6.637536636e-11
2.015886455e-09
-8.83542651e-11
-4.909144146e-10
3.724658244e-10
-8.397553014e-11
-2.449724463e-12
7.387632756e-12
2.250037777e-13
-4.168297743e-13
7.205527901e-11
3.302586096e-10
5.971690856e-10
-1.861566028e-09
3.86189624e-09
9.363012088e-09
7.504107155e-09
-7.393013971e-09
1.143786461e-08
1.061764513e-08
1.454629216e-08
-1.111816029e-08
1.579105386e-08
1.258098831e-08
1.501193437e-08
-1.272943893e-08
1.310711361e-08
1.100452188e-08
1.129967822e-08
-9.582787563e-09
8.910026271e-09
1.606358712e-08
1.26087025e-09
-2.480744869e-08
-4.473507917e-08
4.142949596e-08
-4.781572354e-08
-3.293243896e-08
-4.198542548e-08
3.464840645e-08
-3.413478378e-08
-3.2645656e-08
-2.723951732e-08
2.343935133e-08
-2.195579534e-08
-2.291345659e-08
-1.780103646e-08
1.890125908e-08
-1.468274457e-08
-1.788750372e-08
-1.227731189e-08
1.533135515e-08
-1.02291921e-08
-1.451156492e-08
-8.319112999e-09
1.135434762e-08
-6.603990711e-09
-1.177515058e-08
-5.293123688e-09
8.428728396e-09
-4.287166167e-09
-9.438086453e-09
-3.824364537e-09
6.764407847e-09
-3.329831958e-09
-8.35871507e-09
-2.938425674e-09
6.129690776e-09
-2.705862504e-09
-5.991804451e-09
-2.698850548e-09
6.807368555e-09
-2.840779933e-09
-5.866181467e-09
-3.01047407e-09
8.614631756e-09
-3.041093391e-09
-7.877651003e-09
-2.832794224e-09
8.592247197e-09
-2.320132647e-09
-8.635244495e-09
-1.534926822e-09
4.906037809e-09
-6.043161807e-10
-5.710372409e-09
-1.333054435e-12
1.044035778e-11
1.856963078e-11
-1.928462144e-12
1.129714486e-10
4.114439313e-11
2.951263462e-10
9.068600344e-12
5.983327124e-10
-4.3783107e-11
4.882584777e-09
-4.211437e-12
-1.962138652e-09
-1.188395109e-08
-5.406430816e-09
5.863014726e-09
-4.633187235e-10
-1.160768782e-08
1.090648637e-09
3.654654901e-09
3.932548282e-09
-1.27896743e-09
9.404389787e-09
9.357856655e-09
1.519174452e-08
-7.73913798e-09
1.698248112e-08
1.211192358e-08
1.425722926e-08
-1.064263729e-08
1.044651787e-08
8.204113109e-09
7.656134654e-09
-6.792531819e-09
2.410552821e-09
3.338620813e-08
-4.420985501e-08
-2.984077765e-08
-5.005403233e-08
2.608051075e-08
-4.323342987e-08
-1.957874883e-08
-3.442355044e-08
2.593715351e-08
-2.646370259e-08
-1.736654781e-08
-2.037388706e-08
1.798399097e-08
-1.557310396e-08
-1.100188896e-08
-1.198109423e-08
1.339430316e-08
-9.502240864e-09
-7.594328807e-09
-7.981832509e-09
1.118184017e-08
-7.259547356e-09
-7.046774944e-09
-7.082712511e-09
1.11311606e-08
-7.048337846e-09
-9.81377356e-09
-6.773324018e-09
1.191502514e-08
-6.204010906e-09
-1.505396155e-08
-5.620396913e-09
1.204103323e-08
-4.421978346e-09
-1.825148571e-08
-3.184975053e-09
6.695118629e-09
-2.316452291e-09
-9.357666206e-09
-2.068199734e-09
5.005241159e-09
-2.094119132e-09
-4.49840992e-09
-2.308740114e-09
7.052330315e-09
-2.455343535e-09
-6.210013919e-09
-2.505314217e-09
8.432936748e-09
-2.389686045e-09
-7.983649133e-09
-1.924619845e-09
6.524282394e-09
-8.638677829e-10
-7.316531222e-09
6.457608182e-12
-1.643530278e-12
7.646102567e-12
3.34363846e-12
7.485242436e-11
-4.113813686e-11
6.760581764e-11
1.095623156e-08
1.054685899e-08
1.488326218e-08
2.030621067e-08
1.577060309e-08
2.154560174e-08
-1.242581899e-08
2.784514402e-08
1.678432049e-10
2.711910279e-08
-6.523507076e-09
2.22110187e-08
8.262569514e-09
1.570639766e-08
-8.99719229e-09
1.063847643e-08
7.791423976e-09
7.445713585e-09
-6.565563792e-09
5.548869517e-09
5.11512832e-09
4.11830226e-09
-3.87221339e-09
4.92061241e-10
2.045145808e-08
-2.554447242e-08
-1.380105555e-08
-2.146925802e-08
1.35815307e-08
-1.52547504e-08
-8.878885971e-09
-1.013410574e-08
9.345892363e-09
-6.583641098e-09
-4.671645131e-09
-4.221950712e-09
4.8147932e-09
-2.838535159e-09
-1.790210126e-09
-2.147576816e-09
3.062423988e-09
-1.923496476e-09
-1.075627221e-09
-2.081891446e-09
3.740143028e-09
-2.673648737e-09
-1.732976415e-09
-3.799109355e-09
7.922874294e-09
-5.373711914e-09
-5.275566991e-09
-6.875077358e-09
1.697728585e-08
-7.695805682e-09
-1.619709939e-08
-7.756235719e-09
2.564259217e-08
-6.415296554e-09
-3.120634599e-08
-4.423822939e-09
1.583660828e-08
-2.838930104e-09
-2.676009434e-08
-2.408316567e-09
5.474349253e-09
-1.55465597e-09
-1.178583776e-08
-1.713834536e-09
5.412876444e-09
-1.805015039e-09
-4.692981002e-09
-1.823762653e-09
7.32604914e-09
-2.035394967e-09
-6.555906161e-09
-2.26013008e-09
8.052145406e-09
-1.17452014e-09
-8.687245166e-09
-4.660481486e-11
1.093970329e-10
2.649844741e-10
-1.165827572e-09
2.090004786e-10
-8.76904172e-11
1.071335494e-08
1.10735963e-08
9.918920367e-09
7.640759291e-09
8.021953607e-09
7.772514348e-09
7.618028769e-09
7.979249943e-09
6.719438746e-09
-7.332966976e-09
5.432711632e-09
5.161613001e-09
4.088173394e-09
-3.752140501e-09
2.925146946e-09
2.714017001e-09
1.711232671e-09
-1.694110188e-09
-2.641892078e-09
8.450735104e-09
-9.125174402e-09
-4.303107129e-09
-6.540851046e-09
5.867034029e-09
-4.313576655e-09
-3.842864643e-09
-2.406893159e-09
2.679648561e-09
-1.196043482e-09
-1.639326985e-09
-5.914953417e-10
8.515451912e-10
-3.376016235e-10
-4.84070986e-10
-2.495682515e-10
4.570401975e-10
-2.416149582e-10
-2.266716374e-10
-2.864098728e-10
6.777891053e-10
-4.078200469e-10
-2.303306161e-10
-7.282277501e-10
2.444498254e-09
-1.584123828e-09
-5.734742343e-10
-3.35221016e-09
1.245446701e-08
-5.601976498e-09
-6.878225059e-09
-7.161575982e-09
3.246725588e-08
-6.001070183e-09
-2.889058722e-08
-3.228661599e-09
3.80172765e-08
-5.02831447e-09
-4.336398756e-08
-7.298569467e-09
3.088994288e-08
-9.652583939e-10
-6.568457739e-08
-1.334906249e-09
4.039721399e-09
-1.465480068e-09
-3.40462768e-09
-1.095983585e-09
5.827131052e-09
-1.162250691e-09
-5.314932714e-09
-2.414641612e-09
9.176012253e-09
-1.515792207e-09
-2.423294168e-10
1.808648835e-09
7.396205115e-09
6.155674691e-09
5.000664974e-09
2.9964908e-09
2.226719863e-09
1.652578106e-09
-8.370114138e-10
8.561989356e-10
8.519317755e-10
2.081777678e-10
-3.720037895e-10
-2.931983494e-09
2.071388594e-09
-4.133799835e-09
-9.890641485e-10
-3.174771802e-09
2.332754775e-09
-1.943189438e-09
-1.188070012e-09
-9.74994694e-10
9.415478076e-10
-4.537129581e-10
-4.5477231e-10
-2.190909344e-10
2.749579472e-10
-1.147334512e-10
-1.438243849e-10
-6.933827532e-11
1.129751285e-10
-4.954809234e-11
-5.350719907e-11
-3.724255757e-11
7.688112212e-11
-2.439908415e-11
-2.767233838e-11
-1.015890746e-11
3.793740739e-11
6.18974979e-13
-4.606162158e-12
2.851040749e-11
1.657651145e-09
1.878550374e-11
-1.489269146e-10
-2.760202081e-09
2.154819485e-08
-1.975352556e-09
-1.237295053e-08
-5.332368252e-10
4.203209398e-08
-1.3043058e-08
-4.00897786e-08
-1.645462584e-08
1.086075338e-07
-5.37539967e-10
-1.484364455e-07
-7.296801955e-10
2.717931609e-09
-1.553287051e-09
-1.842213155e-09
-8.430145239e-10
5.142768325e-09
-2.820791113e-11
4.914644378e-11
-8.467144905e-11
-2.566689472e-10
1.090536023e-10
-6.165572784e-10
-8.714624722e-10
3.903538401e-10
-8.464000892e-10
-6.227947993e-10
3.899102403e-10
-3.631145228e-10
-4.972960429e-11
-1.936507e-10
1.654326218e-10
-1.067820842e-10
-4.235219698e-11
-5.859801187e-11
6.572163725e-11
-3.035456697e-11
-2.433483312e-11
-1.558044997e-11
2.323377793e-11
-8.660288992e-12
-9.026308153e-12
-4.878532339e-12
9.468496686e-12
-2.189317172e-12
-2.860102651e-12
-3.165738027e-13
9.860257909e-13
2.584772828e-13
-2.995258347e-13
2.047538904e-12
1.402711236e-11
1.349400222e-11
-4.862680268e-12
1.827839009e-10
3.847878246e-09
1.505188471e-09
-2.887033528e-10
-5.031353628e-09
4.646925184e-08
-5.62551967e-08
-3.643187218e-08
1.801727815e-07
-3.105349354e-10
-1.232265816e-10
6.363822669e-10
-4.732051078e-11
-3.411160355e-11
-1.810588127e-11
-1.172303131e-11
8.523189956e-13
-9.266802201e-12
-7.522060115e-12
5.735386457e-12
-4.998594478e-12
-2.42669344e-12
3.16978716e-12
-1.057442275e-12
-4.945089371e-13
8.44074226e-13
-2.020414173e-13
-2.582959557e-14
1.240347092e-13
6.084811171e-14
8.032128602e-13
2.805375929e-12
4.334734271e-12
5.208819653e-11
-2.030717533e-11
)
;

boundaryField
{
    dominio_ascii
    {
        type            calculated;
        value           nonuniform List<scalar> 
168
(
-3.436640816e-09
-3.792696089e-09
-5.526350478e-09
-8.970198052e-09
-1.265488331e-08
-1.992647237e-06
-1.125898164e-06
2.477590433e-08
-4.115785181e-10
5.458340423e-08
-2.969648999e-10
2.978934161e-07
2.093644541e-07
2.211121722e-09
1.120796469e-08
6.519329669e-08
3.78087959e-09
3.055102915e-08
3.952259195e-08
2.799947583e-09
5.963361402e-09
2.469353274e-09
3.914285509e-09
3.628602704e-09
3.863041768e-09
8.154401168e-10
1.64043757e-08
7.087796579e-09
2.084033707e-09
2.61524402e-09
1.441035073e-09
2.021778891e-09
1.729421824e-09
-4.161340202e-08
-4.099458502e-08
-1.528894333e-09
1.00142924e-10
-4.023950991e-08
5.48111078e-11
1.205507321e-11
-1.924410292e-11
9.205729463e-10
5.221770171e-11
5.285279596e-12
-7.429065456e-13
-8.620971724e-11
-4.128043592e-09
-4.10628097e-09
-4.472487041e-09
-7.413232708e-09
-9.297893519e-09
-9.035727511e-09
-1.829688653e-09
5.160629463e-09
1.536813904e-08
-6.744067162e-10
-1.956504542e-10
-1.205106397e-06
1.942392929e-08
5.353352501e-08
3.47485006e-08
8.1932374e-08
-4.300913245e-10
-2.191931185e-10
1.244971722e-07
1.88797307e-07
-6.96174621e-10
-6.371242455e-10
1.437367423e-07
3.281948045e-07
5.135194286e-09
4.583133901e-10
3.996390118e-08
6.615214472e-09
-2.848586305e-09
2.450017931e-09
-7.657680593e-08
1.376180097e-09
3.244275844e-09
8.16706315e-09
2.546090171e-09
3.87198967e-09
3.987900179e-09
5.55340416e-09
1.128495324e-09
2.868073891e-08
3.156585258e-10
4.872330553e-10
2.640739446e-08
5.066395054e-10
2.286402815e-09
6.989003382e-09
9.180882782e-09
4.944186908e-09
4.916300407e-09
4.421303327e-09
1.602804749e-08
3.100615328e-09
2.157958044e-08
1.486025226e-08
4.108146173e-09
3.120371172e-08
2.762932302e-08
2.714594986e-09
3.498083463e-08
3.405301867e-08
4.747871105e-10
3.001803122e-08
3.433638878e-08
2.826143243e-10
1.871157504e-08
4.29440345e-08
8.53033674e-10
5.843872662e-10
9.23331115e-09
2.083151691e-09
1.728689964e-09
2.436342062e-09
3.345601404e-09
4.979638646e-09
2.772980677e-09
2.782017331e-09
1.535057783e-09
4.6357826e-09
2.59410754e-09
3.066407181e-09
1.980004694e-09
2.73549273e-09
1.048500815e-09
7.025059901e-10
5.785016258e-10
6.170844383e-10
1.064994898e-09
1.769636783e-12
-1.312104456e-09
3.276960802e-10
2.767533114e-11
3.824917367e-11
-7.301988367e-09
-1.025952201e-08
-2.504495003e-09
-3.31628184e-08
4.789204595e-12
4.468225572e-12
-3.796804266e-09
-7.064709744e-09
5.595130663e-11
2.120071775e-10
1.283584433e-10
1.173124273e-10
-6.490866218e-08
-1.837009069e-07
-3.171567373e-07
3.111306868e-12
1.332491686e-10
2.93703369e-11
1.083984112e-11
4.083133571e-12
2.640776912e-12
6.770227239e-13
3.957065537e-13
1.586012736e-13
9.717043912e-14
5.812897e-14
2.241527642e-14
2.611681817e-13
-6.61880633e-13
8.00913016e-10
)
;
    }
    wallFilmFaces_top
    {
        type            calculated;
        value           uniform 0;
    }
    region0_to_wallFilmRegion_wallFilmFaces
    {
        type            calculated;
        value           uniform 0;
    }
}


// ************************************************************************* //
