/*--------------------------------*- C++ -*----------------------------------*\
| =========                 |                                                 |
| \\      /  F ield         | OpenFOAM: The Open Source CFD Toolbox           |
|  \\    /   O peration     | Version:  2.1.x                                 |
|   \\  /    A nd           | Web:      www.OpenFOAM.org                      |
|    \\/     M anipulation  |                                                 |
\*---------------------------------------------------------------------------*/
FoamFile
{
    version     2.0;
    format      ascii;
    class       volVectorField;
    location    "1.9";
    object      Uf;
}
// * * * * * * * * * * * * * * * * * * * * * * * * * * * * * * * * * * * * * //

dimensions      [0 1 -1 0 0 0 0];

internalField   nonuniform List<vector> 
2828
(
(0.2806166126 0 -0.07296517847)
(0.1648650462 0 -0.03703179012)
(0.1664249746 0 -0.03333313874)
(0.2381672747 0 -0.0321485695)
(0.3316175247 0 0.02951926977)
(4.270097049 0 2.819888184)
(4.157852895 0 2.766310048)
(4.01202862 0 2.75713248)
(3.670021928 0 2.514773327)
(1.616812809 0 0.9560688175)
(0.3188051632 0 -0.0119769776)
(0.2616902775 0 0.1517689023)
(0.2100714187 0 0.3940184893)
(0.04807896725 0 0.615512919)
(-0.03658664238 0 0.8029718012)
(-0.222229071 0 1.190967119)
(-0.2551416276 0 1.554197537)
(-0.1463050385 0 0.9109068152)
(-0.1318723111 0 0.9564646895)
(4.265775998 0 2.70438895)
(4.165626006 0 2.695939963)
(4.017640911 0 2.712496206)
(3.856019513 0 2.626934031)
(3.407249634 0 2.308672699)
(2.220446484 0 1.446843161)
(0.9503961143 0 0.7417218648)
(0.4240824436 0 0.8351042763)
(0.2932595601 0 1.097091378)
(0.2595902608 0 1.409633132)
(0.2392154673 0 1.81916012)
(0.2629782877 0 2.207949305)
(0.2550416751 0 2.409472011)
(0.06980244185 0 2.378972884)
(-0.1593701683 0 0.9477312745)
(-0.1553043619 0 0.9396140276)
(-0.1496527994 0 0.9399702579)
(4.161129165 0 2.611349761)
(4.123250747 0 2.603071706)
(3.998604366 0 2.635226019)
(3.856576454 0 2.600777119)
(3.643505622 0 2.473387507)
(3.185997932 0 2.155449272)
(2.413364468 0 1.658968973)
(1.500552251 0 1.286532541)
(0.9079357235 0 1.331502409)
(0.6627457255 0 1.618447481)
(0.5541927598 0 2.006567089)
(0.4857366654 0 2.415868602)
(0.4193098588 0 2.720184156)
(0.3351663717 0 2.86220907)
(0.1713359054 0 2.85910421)
(0.1028219864 0 2.842750455)
(-0.3680209273 0 0.5984647007)
(-0.1968066568 0 0.8913586148)
(-0.1699993607 0 0.9558594772)
(-0.1819079008 0 0.7051447396)
(3.922039201 0 2.460869172)
(4.044646504 0 2.505961199)
(3.959583221 0 2.53989612)
(3.830378695 0 2.536594467)
(3.669089399 0 2.471660482)
(3.414789571 0 2.314860971)
(2.994080685 0 2.046656105)
(2.22142858 0 0.8638132026)
(1.077768227 0 4.108318349)
(1.242644549 0 2.656786546)
(1.004841889 0 2.102358969)
(0.7809820718 0 2.455698865)
(0.5381689632 0 2.717686962)
(0.3208331384 0 2.789762219)
(0.2043243837 0 2.720683379)
(0.1776882302 0 2.566850673)
(0.2269969883 0 2.413461828)
(-0.6322529921 0 0.1307962628)
(-0.4306919943 0 0.5734622681)
(-0.2345410291 0 1.026420803)
(-0.1869579773 0 1.047492838)
(-0.2260152096 0 0.3251079796)
(3.107641726 0 2.0092261)
(3.906052981 0 2.39040027)
(3.893651064 0 2.435275671)
(3.78732735 0 2.449717688)
(3.645781515 0 2.419071398)
(3.455725753 0 2.328342525)
(3.175617792 0 2.169609358)
(2.758169912 0 1.922312292)
(2.386389849 0 2.176689009)
(1.799332061 0 2.002408717)
(1.353453735 0 2.199270525)
(0.9001638247 0 2.323815716)
(0.5421627182 0 2.255565107)
(0.3410606539 0 2.070735362)
(0.1980247947 0 1.846298128)
(-0.124722272 0 1.431028206)
(-1.176898621 0 0.9164271636)
(-1.150143163 0 0.9657647314)
(-0.8716300865 0 -0.8496432358)
(-0.271874073 0 0.2044510519)
(-0.1417383098 0 0.5613708751)
(0.2369168328 0 0.9784052589)
(0.2715711736 0 0.6962445301)
(-0.08981521495 0 0.2027265689)
(1.306491977 0 1.045141686)
(3.551274047 0 2.167196152)
(3.777465706 0 2.310705865)
(3.721645764 0 2.344732239)
(3.599282992 0 2.337475822)
(3.434091475 0 2.285038945)
(3.208069242 0 2.188098045)
(2.892260791 0 2.076414209)
(2.481469543 0 2.037590576)
(1.922170487 0 2.080714311)
(1.272058141 0 2.028869529)
(0.8426317764 0 1.875739626)
(0.558395651 0 1.697033903)
(0.1555716644 0 1.399179437)
(-0.3373788111 0 0.7495742361)
(-0.1794963549 0 0.4458085927)
(-1.520600574 0 1.151803533)
(-1.094024098 0 1.064664196)
(-0.1743650066 0 -1.487572136)
(-0.4569211129 0 -1.455318074)
(-0.08957578212 0 1.301405571)
(-0.09882484525 0 0.7651897094)
(-0.1193405044 0 0.3887082957)
(-0.1426821592 0 0.2297762143)
(-0.04986038227 0 0.3272337475)
(0.05049589804 0 0.4235006671)
(2.456974367 0 1.582814815)
(3.46343385 0 2.091320135)
(3.591268852 0 2.205532788)
(3.518405698 0 2.229196789)
(3.374207721 0 2.208766269)
(3.166739011 0 2.156297142)
(2.870432922 0 2.101609843)
(2.41396257 0 2.059450917)
(1.665219064 0 1.880577306)
(1.14750335 0 1.692816337)
(0.8101273293 0 1.4781227)
(0.4457647759 0 1.1870248)
(-0.07023757696 0 0.4378807946)
(-0.04969936308 0 0.3159414889)
(-0.1457639934 0 0.4893817433)
(-0.3354192579 0 0.8331743692)
(-0.4963491418 0 1.061295023)
(-0.6742939739 0 1.135296619)
(0.0130243696 0 -0.5482697371)
(0.8701811139 0 -0.6385606053)
(-0.2108013834 0 -0.1927771786)
(-0.1196862694 0 0.1528598314)
(-0.1382882433 0 0.3461055332)
(-0.02379094658 0 0.3294254983)
(0.08628566961 0 0.3035708616)
(0.0922770908 0 0.3994512658)
(1.321698592 0 0.957158908)
(2.798322883 0 1.707716948)
(3.284593518 0 1.989695958)
(3.347815124 0 2.084453581)
(3.241441372 0 2.102925973)
(3.013972239 0 2.079553537)
(2.662671238 0 2.039765301)
(2.052484144 0 1.84023478)
(1.409890755 0 1.511724296)
(0.9153041243 0 1.325601229)
(0.02502767873 0 1.138895845)
(-0.250413999 0 0.8595684589)
(-0.1374695456 0 0.6139922157)
(-0.1023239945 0 0.5048715037)
(-0.2057487702 0 0.8460620617)
(-0.2574293196 0 1.152329193)
(-0.2836737883 0 1.287037447)
(-0.3111696259 0 1.250312051)
(-0.4163318986 0 1.025250115)
(-0.2117881256 0 -0.5037898947)
(-0.1889847849 0 -0.3897974602)
(-0.1595124873 0 -0.3433851694)
(-0.1614954993 0 -0.2603462147)
(-0.02149022185 0 -0.156602758)
(0.1345077897 0 0.07553807543)
(0.1774934704 0 0.1908731655)
(0.1994985449 0 0.2565031993)
(0.1798455281 0 0.3127040078)
(0.2338429664 0 0.4757917989)
(1.999530316 0 1.256329346)
(2.750445356 0 1.68921423)
(2.90922496 0 1.835991227)
(2.639862999 0 1.800863837)
(2.263464763 0 1.7438743)
(1.836245405 0 1.632142914)
(1.262774638 0 1.278709549)
(0.7051181279 0 0.8591872346)
(0.6197620377 0 0.8062268264)
(0.4276009469 0 0.7454146434)
(-0.1382423466 0 0.5066256004)
(-0.217347868 0 0.5979626702)
(-0.2244675522 0 0.6434965117)
(-0.182733947 0 0.6932764402)
(0.06301695037 0 0.8473089867)
(0.1890247288 0 0.7780447018)
(0.0710111145 0 0.2405898048)
(0.01972240863 0 0.2319265768)
(0.03397436512 0 -0.7157730138)
(0.175053053 0 -0.6374124668)
(0.272617603 0 -0.4253735056)
(0.2444528953 0 -0.2343355883)
(0.309274817 0 -0.1003241316)
(0.3276353037 0 0.04504211176)
(0.3504444091 0 0.1792465102)
(0.3333686721 0 0.2249427162)
(0.3516874916 0 -0.9119222663)
(0.3132905727 0 1.454523968)
(1.257654662 0 1.009413128)
(2.175965363 0 1.333189849)
(2.180742477 0 1.331761089)
(1.820505897 0 1.218281542)
(1.351532907 0 1.06185511)
(0.6431215276 0 0.6870558088)
(0.1689046122 0 0.371654875)
(-0.01590937535 0 0.4171682113)
(-0.06722375366 0 0.4151096341)
(-0.08109285737 0 0.425231856)
(-0.09942612769 0 0.4983075248)
(-0.1072831616 0 0.5819263127)
(-0.1308176392 0 0.6597243376)
(-0.1473191217 0 0.7015553012)
(-0.1335619856 0 0.7106773635)
(-0.1436926809 0 0.6930155473)
(-0.1349077412 0 0.6268426475)
(-0.09991093778 0 0.399339918)
(-0.3655602288 0 -0.5720352869)
(-0.3734162827 0 -0.6069280233)
(-0.3495544393 0 -0.5829538374)
(-0.4516648702 0 -0.530687387)
(-0.3832282713 0 -0.1346841308)
(-0.2769398685 0 -0.2247190244)
(-0.3206872715 0 -0.1988813157)
(-0.3237553171 0 -0.1890083199)
(-0.02148698646 0 -0.2273681232)
(-0.4219467649 0 -0.1667622865)
(-0.5093228048 0 -0.2095390926)
(1.148583064 0 0.7204751807)
(1.230075798 0 0.7615467576)
(0.2152820594 0 0.09707504095)
(-0.2353143375 0 0.0122563482)
(-0.07768467904 0 0.1490252071)
(-0.01621885909 0 0.3096357325)
(-0.2377995296 0 0.3381549014)
(-0.236587271 0 0.4076409084)
(-0.2363273894 0 0.54062596)
(-0.2720799396 0 0.6719090155)
(-0.2514736325 0 0.7419864955)
(-0.1243957171 0 0.6744301682)
(-0.09225021086 0 0.6481772833)
(-0.1170885031 0 0.6782922542)
(-0.1156086279 0 0.6984226287)
(-0.09847085706 0 0.6894492585)
(-0.09845897006 0 0.6202307966)
(-0.1233124438 0 0.5098044971)
(-0.2311292369 0 -0.4715086787)
(-0.1806417491 0 -0.4762527041)
(-0.0669063098 0 -0.4686708206)
(0.1131049404 0 -0.4690093716)
(-0.2143942234 0 -0.3092732698)
(-0.2150986542 0 -0.2802176455)
(-0.234378263 0 -0.2637263721)
(-0.300128274 0 -0.2681403795)
(-0.3552862865 0 -0.2374383537)
(-0.4188664305 0 -0.2205378731)
(-0.593685163 0 -0.339291113)
(-0.6588409375 0 -0.3175298776)
(-1.379610031 0 0.5435164657)
(-0.9498324189 0 0.6117505467)
(-1.343722016 0 0.4845249656)
(-0.2262062491 0 0.2365984521)
(0.246321707 0 0.3983606995)
(0.04459550357 0 0.6358863396)
(-0.292848445 0 0.8294538675)
(-0.3255445553 0 0.9567026168)
(-0.305692663 0 0.9766718331)
(-0.3058135783 0 0.9019579568)
(-0.2643603418 0 0.7994838357)
(-0.1406149867 0 0.664097119)
(-0.07947922499 0 0.6422494478)
(-0.07496960163 0 0.6632948708)
(-0.07970768817 0 0.6610760035)
(-0.0816760092 0 0.6385896933)
(-0.08435970198 0 0.6007435914)
(-0.1919739818 0 -0.6393595694)
(-0.1791281629 0 -0.5490773878)
(-0.1598183562 0 -0.4593176236)
(-0.1363242918 0 -0.3981327932)
(-0.1388441445 0 -0.3681364408)
(-0.1492430692 0 -0.3565217506)
(-0.1514910389 0 -0.3578861607)
(-0.2273408557 0 -0.3606407791)
(-0.2898203711 0 -0.3323777318)
(-0.3269788233 0 -0.2667952388)
(-0.4043146687 0 -0.2525116612)
(-0.5563717678 0 -0.3654305294)
(-0.6049874232 0 -0.3291042982)
(-2.127388365 0 1.474547658)
(-1.845327357 0 2.119187689)
(-1.429982882 0 1.66348221)
(-1.194681262 0 0.8740954488)
(-0.8858036134 0 0.8571057588)
(-0.6796329505 0 0.7682123698)
(-0.6179212394 0 0.5954369377)
(-0.6369877206 0 0.429524268)
(-0.7108458079 0 0.7138550469)
(-0.5067133701 0 0.8408796237)
(-0.2586319987 0 0.7434896865)
(-0.1239931263 0 0.6617634786)
(-0.06245800784 0 0.6319702654)
(-0.04488068297 0 0.6520586865)
(-0.03862031672 0 0.6695544536)
(-0.03806338836 0 0.6740095196)
(-0.04443578605 0 0.6803867675)
(-0.1780951272 0 -0.8304275825)
(-0.1457441366 0 -0.7311557013)
(-0.116817669 0 -0.6421432301)
(-0.09821269035 0 -0.6089261236)
(-0.08515463198 0 -0.5537745328)
(-0.1111226776 0 -0.4814280941)
(-0.2222292031 0 -0.583783957)
(-0.2736325971 0 -0.6146288329)
(-0.2601802506 0 -0.516690402)
(-0.2657078465 0 -0.3470968298)
(-0.3391271568 0 -0.2984324042)
(-0.4726168708 0 -0.3927280696)
(-0.7024130218 0 -0.3384777688)
(-1.658304451 0 1.40544031)
(-1.696456202 0 2.747517293)
(-1.484121722 0 2.724715076)
(-1.127747115 0 1.803500558)
(-0.5785577077 0 0.8435233278)
(-0.5328257468 0 0.3668049713)
(-0.5800414907 0 0.09839812749)
(-0.6389342545 0 0.1316797615)
(-0.6180994143 0 0.268936592)
(-0.5090017917 0 0.4966587257)
(-0.2647494649 0 0.5616527326)
(-0.1085034336 0 0.5598843421)
(-0.03174721027 0 0.5795725713)
(0.004306078457 0 0.6121185606)
(0.0177832191 0 0.6403191775)
(0.01928538909 0 0.6620949371)
(0.02157829536 0 0.6857741563)
(-0.1259688573 0 -0.8194307313)
(-0.09662554621 0 -0.7538896849)
(-0.06538650586 0 -0.6758552487)
(-0.03301743414 0 -0.607057538)
(-0.06443907624 0 -0.5905547947)
(-0.2183732559 0 -0.7109421026)
(-0.3204469137 0 -0.8645094572)
(-0.323528511 0 -0.9443764359)
(-0.2341515634 0 -0.8678076377)
(-0.1615507793 0 -0.6769740268)
(-0.222302017 0 -0.4810455705)
(-0.3853175447 0 -0.6185632077)
(-0.612159734 0 -0.7472031154)
(-0.2556201276 0 0.8060134228)
(-0.4015412237 0 -0.2585419595)
(-0.4028934651 0 0.4377773419)
(-0.2353727348 0 0.5652243733)
(-0.5080755057 0 0.2621290637)
(-0.5686379411 0 0.1040790401)
(-0.5970478343 0 -0.0212226696)
(-0.6322136774 0 0.000318513151)
(-0.6167270966 0 -0.01458634742)
(-0.502789662 0 0.152986562)
(-0.2157415629 0 0.3191550285)
(-0.03574973518 0 0.4354249242)
(0.03337175938 0 0.504655153)
(0.05829258198 0 0.5468657437)
(0.06928438241 0 0.5810577709)
(0.07259455177 0 0.6102538366)
(0.07432258731 0 0.6423348993)
(-0.03965824267 0 -0.7447082405)
(0.007507986478 0 -0.7901217223)
(0.03056410833 0 -0.7779346464)
(0.01028912712 0 -0.7240179953)
(-0.05586099189 0 -0.6608736127)
(-0.1822063052 0 -0.6691749732)
(-0.3275300559 0 -0.7952717378)
(-0.2346434811 0 -0.9193197036)
(-0.02775974191 0 -0.9423358125)
(0.1476243873 0 -0.8536458056)
(0.2015879201 0 -0.8273349184)
(0.3328864394 0 -0.9660610688)
(0.634116531 0 -0.9716399359)
(0.6373457456 0 -0.4577998646)
(-0.2344387919 0 0.4308722413)
(-0.2007038388 0 0.338306754)
(-0.4560500993 0 0.2033085693)
(-0.5066181909 0 -0.02318963137)
(-0.5095348313 0 -0.1131494264)
(-0.5368039036 0 -0.1745809617)
(-0.7089144298 0 -0.2552381397)
(-0.7134439515 0 -0.261263826)
(-0.6240931851 0 -0.1476708886)
(-0.4209260537 0 0.08975230496)
(-0.0476169236 0 0.241651639)
(0.05898464214 0 0.4185104834)
(0.0954746636 0 0.4751653695)
(0.1058722452 0 0.5312676067)
(0.1037341878 0 0.5756258097)
(0.1038189769 0 0.6171791972)
(0.05958875926 0 -0.5538555165)
(-0.008024656402 0 -1.034735069)
(0.03308831675 0 -1.436357794)
(0.06842321117 0 -1.496662942)
(0.08509724334 0 -1.416660213)
(0.1269245726 0 -1.583279706)
(0.1946269996 0 -1.971622189)
(0.2899848692 0 -2.415710249)
(0.4529213821 0 -2.745059528)
(0.7357802771 0 -1.424938686)
(-0.244224313 0 0.5175612462)
(-0.3989693077 0 0.432964006)
(-0.32505624 0 0.3165513841)
(-0.1757468668 0 0.433770828)
(-0.3595108409 0 0.3963549539)
(-0.5192298093 0 0.002070194602)
(-0.4673760884 0 -0.2132819066)
(-0.5277429207 0 -0.3189475165)
(-0.7059459772 0 -0.4168920057)
(-0.8427821668 0 -0.4524922332)
(-0.8473867821 0 -0.4064774651)
(-0.7778755443 0 -0.3344198394)
(-0.6568407137 0 -0.2344155634)
(-0.4810919715 0 -0.07128375685)
(-0.3154578031 0 0.1583263364)
(-0.1750910344 0 0.2967385335)
(0.08646421451 0 0.371477457)
(0.09425403866 0 0.4946776957)
(0.1071738393 0 0.5477574021)
(0.1257188633 0 0.6063286098)
(0.1232260744 0 -0.4165570777)
(-0.001172524281 0 -0.4081188932)
(-0.09052948557 0 -0.4120252224)
(-0.07973391077 0 -0.5030179432)
(0.1713264632 0 -0.8214300941)
(0.3837747676 0 -0.8915657529)
(0.6225612776 0 -0.8956465341)
(0.9847404205 0 -0.8582956679)
(1.028328877 0 -0.3958743104)
(-0.4161157676 0 0.3546775816)
(-0.7809460369 0 0.3838089835)
(-0.7411900758 0 0.6004759852)
(-0.5708650609 0 0.3618357013)
(-0.5335096873 0 -0.08992693504)
(-0.5017754662 0 -0.3481393443)
(-0.6122339142 0 -0.4351342346)
(-0.7351946436 0 -0.4530234045)
(-0.8018923744 0 -0.4555187282)
(-0.8467661046 0 -0.4477882535)
(-0.8544459253 0 -0.4062314563)
(-0.820213483 0 -0.354837143)
(-0.7185889247 0 -0.2775432444)
(-0.5297538199 0 -0.1449371245)
(-0.2782937976 0 0.09385299851)
(-0.195805323 0 0.2198543962)
(-0.1752112692 0 0.3295593156)
(-0.03531250517 0 0.4130902303)
(0.1230727811 0 0.4725978569)
(0.1464811459 0 0.5384442216)
(0.1415062066 0 -0.4186156908)
(0.08072623955 0 -0.4195297483)
(-0.0409209275 0 -0.497646221)
(-0.1301832172 0 -0.644440844)
(-0.2031177028 0 -0.7547125747)
(-0.05418707421 0 -0.4904048399)
(0.3350664276 0 -0.3180930846)
(0.2948595691 0 -0.2057455834)
(0.5307318795 0 0.107647592)
(-0.5031473122 0 0.2187562387)
(-0.7918623716 0 0.2466472608)
(-0.6415486687 0 0.7308523757)
(-0.5664704409 0 0.05837665928)
(-0.4562959177 0 -0.367237823)
(-0.5378168574 0 -0.4611562845)
(-0.5898783037 0 -0.4340009773)
(-0.6623025248 0 -0.3973394173)
(-0.7523378364 0 -0.4253780783)
(-0.8146395463 0 -0.4261884214)
(-0.8456638229 0 -0.3878621868)
(-0.84876815 0 -0.3571548536)
(-0.7885987713 0 -0.3059921107)
(-0.6141974417 0 -0.2032092937)
(-0.2834821591 0 0.05544365396)
(-0.1888415736 0 0.1879585156)
(-0.1123075649 0 0.2854552192)
(-0.06109467357 0 0.3639154317)
(-0.05214250934 0 0.4339678341)
(0.03363313913 0 0.4775059155)
(0.09720293975 0 -0.2873243104)
(0.03172439866 0 -0.2150032095)
(0.07222977127 0 -0.1643521778)
(-0.3596844377 0 -0.2656518181)
(0.4159695465 0 -0.2196777107)
(-0.1750948669 0 0.1816722163)
(-0.339616193 0 0.4222090345)
(-0.4816967295 0 0.5477367097)
(-0.5294727337 0 0.6063190979)
(-0.4173617847 0 0.095273199)
(-0.1987306558 0 0.3171589705)
(-0.4710364031 0 0.2084847258)
(-0.2845368227 0 -0.1486583299)
(-0.4437812274 0 -0.489386494)
(-0.469459667 0 -0.446815118)
(-0.5055544405 0 -0.3856796222)
(-0.5989937712 0 -0.3399480968)
(-0.7049748807 0 -0.3876609912)
(-0.7588469668 0 -0.3904527557)
(-0.8164446485 0 -0.3634960329)
(-0.8555321583 0 -0.3486921484)
(-0.8434409432 0 -0.3178320969)
(-0.7190917745 0 -0.2447408722)
(-0.3689047746 0 -0.04867678383)
(-0.1760273826 0 0.1678938472)
(-0.1071822902 0 0.2685797428)
(-0.03596411268 0 0.3498891259)
(0.02412966467 0 0.4115578836)
(0.08625943388 0 -0.1637635207)
(-0.006427481676 0 -0.1196975267)
(-0.5257487891 0 -0.222501135)
(0.3992835839 0 -0.1617560386)
(-0.3786488942 0 0.410637771)
(-0.3902508279 0 0.5748473745)
(-0.5170093759 0 0.666404504)
(-0.618340361 0 0.6830434695)
(-0.6668889169 0 0.6731360137)
(0.007796917119 0 0.4053585457)
(-0.2260974211 0 0.03643874194)
(-0.3488902933 0 -0.5488366326)
(-0.4209162898 0 -0.5112892388)
(-0.4235753744 0 -0.4181814363)
(-0.4382899468 0 -0.3464830309)
(-0.5126177713 0 -0.2944714405)
(-0.6352998894 0 -0.3532119629)
(-0.6937593557 0 -0.3565911803)
(-0.7711747938 0 -0.3363580814)
(-0.8390931913 0 -0.3308463377)
(-0.8719407932 0 -0.3160476334)
(-0.8143937401 0 -0.2686955659)
(-0.5271718984 0 -0.135844033)
(-0.1327220417 0 0.1637081557)
(-0.08069254778 0 0.2579874658)
(-0.02315907241 0 0.3429210982)
(0.02941210688 0 0.393771719)
(0.1267267878 0 -0.1683489715)
(0.03807902695 0 -0.1354170722)
(-0.4765610066 0 -0.1805466511)
(-0.1393221518 0 0.2755877401)
(-0.9848171286 0 0.3594480188)
(-0.6115506311 0 0.7209306453)
(-0.5871888012 0 0.7873735118)
(-0.6617851863 0 0.7420474822)
(-0.6606730756 0 0.6930541358)
(-0.56929392 0 -0.02936978484)
(-0.3272396084 0 -0.3670767248)
(-0.4878415043 0 -0.640889887)
(-0.5412468269 0 -0.5493595194)
(-0.5282591547 0 -0.4389335067)
(-0.4771789287 0 -0.3493090452)
(-0.4450359514 0 -0.2873226809)
(-0.5612171558 0 -0.3373803022)
(-0.6228115618 0 -0.3274113537)
(-0.7113750195 0 -0.3076723616)
(-0.8008299628 0 -0.304226802)
(-0.8718055524 0 -0.3013583095)
(-0.8798382086 0 -0.2799507152)
(-0.6952294223 0 -0.1601779112)
(-0.07379008143 0 0.1673392852)
(-0.02741788661 0 0.2512575664)
(0.0135921988 0 0.3168307767)
(0.1696696091 0 -0.4882519972)
(0.4363034626 0 -1.224427721)
(0.1118550407 0 0.9602809641)
(-1.114978647 0 0.1605502651)
(-0.7445093039 0 0.8481941248)
(-0.6746947538 0 0.9018194783)
(-0.7129287168 0 0.7502588548)
(-0.6398910396 0 0.6822271899)
(-0.4034766479 0 -0.4776691758)
(-0.3586460824 0 -0.5468604516)
(-0.5202932617 0 -0.6454096102)
(-0.5541083324 0 -0.5426446187)
(-0.5654009925 0 -0.437828046)
(-0.5421727003 0 -0.3604568548)
(-0.4937324146 0 -0.3168747335)
(-0.5364407796 0 -0.3037548718)
(-0.5667709046 0 -0.2986389938)
(-0.6413787647 0 -0.2878155437)
(-0.7444160796 0 -0.272053185)
(-0.8431342076 0 -0.271791225)
(-0.9148081114 0 -0.2840399494)
(-0.8190373041 0 -0.1593981785)
(0.01909330153 0 0.1765501746)
(0.03763990591 0 0.233417703)
(0.04940553309 0 0.2780751442)
(0.3916741091 0 -0.590774652)
(-0.8577189904 0 0.8200706752)
(-0.292184338 0 -0.04535488938)
(-0.02895017468 0 -0.1017895831)
(-0.2268444654 0 1.063303369)
(-0.5434650818 0 1.002352413)
(-0.7009819319 0 0.7418655749)
(-0.604147957 0 0.5366094494)
(-0.1861247172 0 -0.4985296944)
(-0.3886191239 0 -0.596164423)
(-0.5422311119 0 -0.6102053152)
(-0.5881590573 0 -0.5171349805)
(-0.6153137967 0 -0.4160582358)
(-0.5954523891 0 -0.3302532581)
(-0.5585548387 0 -0.2761949901)
(-0.5724572657 0 -0.228113014)
(-0.6087617533 0 -0.2187966695)
(-0.5849508469 0 -0.2960616203)
(-0.6771160611 0 -0.2429967795)
(-0.7879647994 0 -0.2262998075)
(-0.9214215035 0 -0.2816937983)
(-0.8962069806 0 -0.1481592016)
(0.06977906224 0 0.1527602813)
(0.06624155924 0 0.204075195)
(-1.003553687 0 1.044303448)
(-1.047858618 0 1.018087323)
(-0.7584577788 0 0.9051903948)
(-0.7724871847 0 0.8405490348)
(-0.828326398 0 0.7293972912)
(-0.7096700453 0 0.6084557245)
(-0.5291600177 0 0.3975350735)
(-0.2714537775 0 -0.4228374747)
(-0.5272712051 0 -0.5460657301)
(-0.615019314 0 -0.4809874479)
(-0.6407166319 0 -0.3873656522)
(-0.6212501919 0 -0.2989342094)
(-0.5844426148 0 -0.2324993452)
(-0.5515002511 0 -0.2012896146)
(-0.5727658704 0 -0.1666266421)
(-0.669347849 0 -0.1162379839)
(-0.7330282785 0 -0.2569267266)
(-0.6022647914 0 -0.2269383287)
(-0.7212439956 0 -0.1779885529)
(-0.8972177875 0 -0.2689145876)
(-0.9435213897 0 -0.1331608652)
(-0.1945235749 0 0.08246428202)
(-1.199371329 0 1.057399152)
(-1.074571631 0 0.9752908912)
(-0.9562949316 0 0.7929910308)
(-0.830715469 0 0.7058628049)
(-0.6307827681 0 0.542304071)
(-0.3059494046 0 0.0314517553)
(-0.2593847979 0 -0.4222411854)
(-0.379061792 0 -0.4563801066)
(-0.4560358184 0 -0.4077751915)
(-0.5424870386 0 -0.3646265592)
(-0.6180663611 0 -0.301251557)
(-0.5727296976 0 -0.1679111186)
(-0.5373252916 0 -0.0643073551)
(-0.5020391342 0 -0.1115215375)
(-0.6054469982 0 -0.05265950902)
(-0.9552868534 0 -0.2049959714)
(-0.5459952387 0 -0.1840304284)
(-0.6787768115 0 -0.1597741471)
(-0.8049678072 0 -0.219553493)
(-0.9755836781 0 -0.123407586)
(-0.9745191443 0 0.8475263093)
(-0.7773167096 0 0.6781148225)
(-0.3766563919 0 0.3111224047)
(-0.08248557575 0 -0.2214258309)
(-0.1628846788 0 -0.3505068356)
(-0.2662863434 0 -0.381096186)
(-0.3686742069 0 -0.3790963025)
(-0.5120247143 0 -0.3930057635)
(-0.6963729348 0 -0.3824662885)
(-0.7564327457 0 -0.2705191669)
(-0.7647726277 0 0.4036060727)
(-0.4409385949 0 0.1441048322)
(-0.4630081524 0 0.06307900113)
(-1.041325724 0 -0.3522660804)
(-0.9991953369 0 0.0351973962)
(-0.6655647222 0 -0.1655376595)
(-0.5482469174 0 0.03304648837)
(0.01458918554 0 -0.1351121853)
(0.04675139716 0 -0.1275562824)
(0.07290320113 0 -0.12603519)
(0.05417776495 0 -0.165447237)
(-0.2097899422 0 -0.3377551532)
(-0.3369268724 0 -0.4091756036)
(-0.4840120444 0 -0.4304626132)
(-0.7365802278 0 -0.4669306131)
(-0.885033174 0 -0.3565170164)
(-0.7442227182 0 0.8562401277)
(-0.5564450014 0 0.8054282977)
(-0.5357020544 0 0.124976262)
(-1.1017813 0 -0.5702811352)
(-1.300810233 0 0.02829775178)
(0.3083037888 0 -0.637405212)
(0.4624678125 0 -0.8344210574)
(0.4536837922 0 -0.7459423584)
(-0.1486709273 0 -0.4053662453)
(-0.6573384574 0 -0.5735161446)
(-0.9855850285 0 -0.5139264212)
(-0.4238281131 0 0.9236869265)
(-0.4562671946 0 0.9055482989)
(0.465421877 0 0.09922197496)
(-1.249844826 0 1.724519432)
(-0.326134389 0 -0.02497287046)
(0.09752833971 0 0.0425410224)
(0.2740038548 0 -0.08683497966)
(0.3339728093 0 -0.1677932291)
(0.3281129259 0 -0.192054222)
(0.2787574254 0 -0.1018399052)
(0.2561647659 0 -0.1213424305)
(0.2174225493 0 -0.05627417597)
(0.2354480721 0 -0.09756498982)
(0.2216087681 0 -0.07117545863)
(0.1588152903 0 -0.03213936284)
(0.2042413106 0 -0.06125090144)
(0.1713193367 0 -0.0304489472)
(0.1983375976 0 -0.02577228981)
(0.1316573692 0 0.005439124799)
(0.09955937248 0 0.06342001491)
(0.3006720236 0 -0.002738412078)
(0.1486039491 0 0.04207742507)
(0.2970452068 0 0.02501305408)
(0.1155834172 0 0.1141417888)
(-0.1005241603 0 0.579207043)
(-0.2010725124 0 0.6560407348)
(-0.1792900267 0 1.244615823)
(-0.1337665948 0 0.91111606)
(4.289446717 0 2.747934132)
(4.221470608 0 2.727528482)
(4.227442789 0 2.76158248)
(4.173508444 0 2.736669449)
(4.088507341 0 2.759719417)
(4.07219423 0 2.798829405)
(0.1498566933 0 1.629961428)
(0.07311445057 0 1.808960637)
(-0.2513146293 0 1.367677665)
(-0.002899806161 0 1.938556555)
(-0.110860126 0 2.020117267)
(-0.2872496128 0 1.634334007)
(-0.1678789843 0 2.066825419)
(-0.2108918504 0 2.095607732)
(-0.1528714175 0 0.9332078349)
(-0.1503324254 0 0.9243222712)
(-0.1485225183 0 0.9173170713)
(-0.1453194695 0 0.9088368683)
(0.2325695488 0 2.728945889)
(0.1374756063 0 2.715936364)
(0.01536060006 0 2.377610015)
(0.09226335966 0 2.728243427)
(-0.2372002202 0 0.8100235895)
(-0.1900461639 0 0.8901614682)
(-0.1638723286 0 0.940261841)
(-0.170258702 0 0.9299122137)
(-0.1644980585 0 0.9460064909)
(-0.1571703854 0 0.946067135)
(0.2483895437 0 2.900206297)
(0.2111950194 0 2.883831642)
(0.1340687925 0 2.858876142)
(0.1697755215 0 2.82996269)
(0.1738469118 0 2.797930778)
(-0.7090884602 0 0.01520971156)
(-0.6304098207 0 0.1317533223)
(-0.5365209778 0 0.2978851297)
(0.1150992072 0 1.968583961)
(-0.01343542181 0 1.775067844)
(-0.8400687327 0 -0.4354873151)
(-0.5910383684 0 1.274658229)
(-0.3472328749 0 1.459827432)
(-1.185988912 0 1.031989445)
(-1.14371894 0 1.070590507)
(0.6922502991 0 0.6924146522)
(-0.8322197441 0 -0.9854601844)
(-0.09091607845 0 0.7949180387)
(-0.1400226043 0 0.8645735368)
(-0.8109047615 0 1.044932432)
(-0.8836831422 0 1.099021958)
(-1.068272907 0 1.100676803)
(-0.8870921382 0 1.129401395)
(-0.05154362955 0 -0.5108719355)
(0.3386101954 0 -0.5225744838)
(-0.1454895745 0 -1.345998972)
(-0.4464241708 0 1.179069263)
(-0.5532302355 0 1.141532451)
(-0.7089124037 0 1.138404901)
(-0.1291397325 0 -0.53094835)
(-0.08349973379 0 -0.5687963559)
(-0.05912139006 0 0.6423766301)
(-0.1889437881 0 -0.5308072051)
(-0.1606517448 0 -0.5014121792)
(-0.2076120683 0 -0.4752652173)
(-0.04481712498 0 0.2169944917)
(-0.06006166989 0 0.220462365)
(0.01085171176 0 0.2231949458)
(-0.3212027861 0 -0.5899078182)
(-0.26253878 0 -0.609820515)
(-0.2863936148 0 -0.6625553549)
(0.09175701687 0 -0.6857359321)
(-0.09991936671 0 0.5729399381)
(-0.1096684754 0 0.4628103543)
(-0.10331765 0 0.2805855926)
(-0.1244235491 0 0.4109819781)
(-0.2791209515 0 -0.4978627617)
(-0.343439749 0 -0.5484209081)
(-0.1038948694 0 0.5863055801)
(-0.2289066829 0 -0.532686512)
(-0.2282254659 0 -0.5077539033)
(-0.2417788035 0 -0.4680711746)
(-0.0777196158 0 0.6577728829)
(-0.06649296771 0 0.6555326133)
(-0.1799762397 0 -0.7536088158)
(-0.1663524221 0 -0.7043449226)
(-0.187823857 0 -0.5953882944)
(-0.01157241527 0 0.7000602423)
(-0.01132648321 0 0.7000707203)
(-0.04754941563 0 0.6810934532)
(-0.1620825266 0 -0.8521709616)
(-0.1489024617 0 -0.8106010528)
(-0.1628469539 0 -0.7831791497)
(0.05804798789 0 0.6593677121)
(0.0554556889 0 0.6691205896)
(0.02225992447 0 0.6926836597)
(-0.1083437975 0 -0.7292547652)
(-0.1007339138 0 -0.7231474028)
(-0.112860437 0 -0.7900328075)
(0.09032288452 0 0.6273456662)
(0.08681770058 0 0.643020459)
(0.0714889875 0 0.6548350937)
(-0.08242950777 0 -0.5677207444)
(-0.09671716048 0 -0.5636176154)
(-0.01505463967 0 -0.775918225)
(0.1206758809 0 0.6047905978)
(0.1221569626 0 0.62144494)
(0.1006456004 0 0.634473047)
(0.1844376224 0 -0.4423505925)
(0.04201627276 0 -0.6764190245)
(0.1324172541 0 0.5831059674)
(0.12864352 0 0.6180922288)
(0.1609841114 0 -0.4248308032)
(0.1718489503 0 -0.411332163)
(0.1127637604 0 0.4924461785)
(0.156112944 0 -0.4215086752)
(0.1173365527 0 -0.3649706393)
(0.09534503008 0 -0.3370984062)
(0.1147753642 0 -0.4165732646)
(0.002264988119 0 0.4199101656)
(0.01341237756 0 0.4495883771)
(-0.0222131924 0 0.4618196319)
(0.09749687542 0 -0.2331176406)
(0.07240654154 0 -0.2084139454)
(0.05983969445 0 -0.2510805525)
(0.03459204841 0 0.4025101429)
(0.04634958913 0 0.4136653911)
(0.04003404847 0 0.4316090546)
(0.1235586731 0 -0.1836920459)
(0.09656182045 0 -0.194333759)
(0.02887069067 0 0.3707558528)
(0.1299410814 0 -0.1777450216)
(0.1236471909 0 -0.167298203)
(0.08877072527 0 -0.1518172966)
(0.03098934335 0 0.3022725646)
(0.0435949683 0 0.3180631709)
(0.03316341441 0 0.3406116046)
(0.1869597096 0 -0.4531412225)
(0.318189712 0 -0.5774127645)
(0.2815029038 0 -0.4463974285)
(0.1735775965 0 -0.583027205)
(0.05298453035 0 0.2186528763)
(0.06847066815 0 0.2435982317)
(0.04005854919 0 0.2617409316)
(0.4184290334 0 -0.5849526031)
(0.4172601019 0 -0.5444475165)
(0.08154996776 0 0.1785212217)
(0.07571686036 0 0.223187735)
(0.6148734312 0 -0.4425588821)
(-0.9582892696 0 1.044269055)
(-0.2989849143 0 0.04216389448)
(-0.0420871332 0 0.1307719163)
(0.6370131844 0 0.5599113544)
(-1.154810571 0 1.048728335)
(0.04091249236 0 -0.4576852664)
(-1.015124653 0 0.8204282225)
(-1.004027384 0 0.8296177165)
(-0.6112354294 0 -0.1039568943)
(-0.9723990915 0 -0.2616630712)
(-0.9807793195 0 -0.2624660707)
(-0.9817465033 0 -0.1191466413)
(-0.6763463734 0 0.02958212018)
(-1.021688254 0 0.8574244295)
(0.340254172 0 -0.0664149368)
(0.03244433763 0 -0.2059273356)
(-0.9033628124 0 0.789778269)
(-0.6563105898 0 -0.1665922419)
(-0.6568545017 0 -0.06870681456)
(-0.6562842124 0 -0.05863360596)
(0.0350920985 0 -0.1229685297)
(0.1243325925 0 -0.2935142998)
(0.1403970224 0 -0.3224800452)
(0.06496123802 0 -0.1254255811)
(0.1587022362 0 -0.3639293502)
(0.1782716813 0 -0.4161595783)
(0.07859017383 0 -0.1328176246)
(-0.3830483339 0 -0.3081415317)
(-0.8392204259 0 -0.6394400896)
(-0.8148597036 0 -0.5044713377)
(-1.059128086 0 -0.6257013522)
(-1.293714401 0 -0.1723078586)
(-1.298128261 0 -0.09369427332)
(0.3062969999 0 -0.5764486438)
(0.269623131 0 -0.5737459324)
(0.3776546316 0 -0.7382881181)
(0.6316536016 0 -0.8536742672)
(0.5172172068 0 -0.8620513792)
(0.6642493839 0 -0.8029007378)
(0.6356339191 0 -0.6848493665)
(0.2552170823 0 -0.5516808317)
(0.15954365 0 -0.27923053)
(0.1568073253 0 -0.269742442)
(-0.4460566491 0 -0.4855347577)
(0.1730956426 0 -0.2607134513)
(0.1801439196 0 -0.2350485158)
(-0.8462807925 0 -0.6138195984)
(0.1732082388 0 -0.2603719634)
(0.1645112191 0 -0.3053116875)
(-0.9166089533 0 0.1840270367)
(0.08328965833 0 0.2270347089)
(-0.4839036008 0 1.017927607)
(0.5786277031 0 0.06315891913)
(4.02174932 0 2.73901613)
(3.944828675 0 2.694228158)
(3.913713193 0 2.689191924)
(3.820603134 0 2.609834735)
(3.511456848 0 2.383490963)
(2.75430911 0 1.807699197)
(2.933734157 0 1.958684793)
(2.000724588 0 1.257801263)
(0.6478520178 0 0.2019284426)
(1.120026052 0 0.6198925924)
(0.5769900665 0 0.3262404107)
(0.2757735311 0 0.05072141296)
(0.3661063001 0 0.3594277625)
(0.2847657103 0 0.5101212191)
(0.2384803778 0 0.2835900048)
(0.2433113485 0 0.6498347043)
(0.2147097296 0 0.7790684112)
(0.1444290796 0 0.5051229025)
(0.2030952821 0 0.8977168249)
(0.2071374049 0 1.003944569)
(0.05165840463 0 0.6637819224)
(0.214947481 0 1.180331504)
(0.2024329939 0 1.40474988)
(-0.0962154471 0 0.9681980905)
(-0.1457022792 0 0.9449514713)
(-0.1930494154 0 0.9596715243)
(-0.2791152447 0 0.905401362)
(4.223439628 0 2.660450407)
(4.184142754 0 2.641196994)
(4.207289407 0 2.685608995)
(4.148690655 0 2.650343939)
(4.080040488 0 2.674227244)
(4.087355624 0 2.719741727)
(4.010137204 0 2.677136133)
(3.940221402 0 2.658897257)
(3.946543387 0 2.682165951)
(3.861837351 0 2.620293891)
(3.752113201 0 2.550867932)
(3.696159556 0 2.515852714)
(3.57799645 0 2.430773122)
(3.28886794 0 2.224354282)
(2.898643289 0 1.936277824)
(2.868368922 0 1.924647545)
(2.354186341 0 1.579111327)
(1.524608751 0 0.9969613499)
(1.797065139 0 1.263145226)
(1.275683338 0 1.066696714)
(0.5993002068 0 0.7315030803)
(0.8888668266 0 1.030736885)
(0.6579317815 0 1.105857557)
(0.3363726478 0 0.965799786)
(0.5297012319 0 1.227601122)
(0.4615242844 0 1.373180871)
(0.2727040861 0 1.235269111)
(0.4232489066 0 1.544461744)
(0.3982180757 0 1.738159956)
(0.2485930614 0 1.61076685)
(0.3799271561 0 1.945542978)
(0.3666943743 0 2.153744631)
(0.2425479944 0 2.021785827)
(0.3535959246 0 2.345076156)
(0.3333453006 0 2.497317796)
(0.2672934139 0 2.339641461)
(0.3064088849 0 2.605718091)
(0.2687291957 0 2.675423405)
(0.1254424767 0 2.3729103)
(-0.162540321 0 0.9494709939)
(-0.1593374604 0 0.9383783527)
(-0.1532302093 0 0.9308939034)
(-0.1550511962 0 0.8976846826)
(-0.1797351028 0 0.9080811917)
(-0.1830176306 0 0.9730934842)
(4.071472104 0 2.550883029)
(4.100913373 0 2.549312026)
(4.149156036 0 2.596233198)
(4.088994355 0 2.555164913)
(4.042652597 0 2.575342072)
(4.065194176 0 2.625522753)
(3.982023863 0 2.58896271)
(3.915891631 0 2.588473069)
(3.929880971 0 2.627001586)
(3.845602209 0 2.572182901)
(3.765982676 0 2.538171611)
(3.767353401 0 2.552735234)
(3.666335698 0 2.481726543)
(3.529841581 0 2.393536025)
(3.456572261 0 2.344745682)
(3.340500262 0 2.265254622)
(3.091242767 0 2.097827099)
(2.833817026 0 1.916756408)
(2.782268586 0 1.903448009)
(2.418866716 0 1.70741641)
(1.948797844 0 1.428790508)
(2.025540255 0 1.539835409)
(-0.1560179839 0 2.012076843)
(1.139366199 0 1.264482412)
(0.4422361 0 1.76815264)
(0.9168697016 0 1.605307776)
(0.7564017993 0 1.457836366)
(0.9356381091 0 1.684786306)
(0.8474492848 0 1.849820801)
(0.6002697069 0 1.803657976)
(0.7653175742 0 2.04144046)
(0.6948496728 0 2.244695442)
(0.5177528287 0 2.215986427)
(0.6292645005 0 2.445073427)
(0.56262918 0 2.62397556)
(0.4536023846 0 2.588002568)
(0.4927328088 0 2.76372989)
(0.4219561873 0 2.854994096)
(0.3789966289 0 2.809998422)
(0.3561638328 0 2.899773428)
(0.2995816623 0 2.911600637)
(0.2784779381 0 2.883142867)
(-0.4454761314 0 0.4876492314)
(-0.2966610987 0 0.7604114653)
(-0.253337483 0 0.791034985)
(-0.2214039251 0 0.8996697163)
(-0.1925336974 0 0.9656690208)
(-0.1762044265 0 0.9387028463)
(-0.1790143602 0 0.9780035712)
(-0.1698640694 0 0.7385287293)
(-0.1606277741 0 0.9029970158)
(-0.2249802003 0 0.4836766038)
(-0.2349409871 0 0.437731909)
(-0.1973684206 0 0.6481638113)
(3.633268846 0 2.298282507)
(3.934693357 0 2.42859532)
(4.034242202 0 2.496424661)
(3.986518867 0 2.452873334)
(3.972494672 0 2.472046371)
(4.012095493 0 2.524345596)
(3.930522142 0 2.48874744)
(3.874711538 0 2.497674199)
(3.897727533 0 2.544966629)
(3.811059427 0 2.495453928)
(3.740681135 0 2.48012186)
(3.756110421 0 2.513056474)
(3.6609177 0 2.449724615)
(3.5656804 0 2.401295588)
(3.559122363 0 2.407366143)
(3.447070179 0 2.331593672)
(3.297883568 0 2.239383825)
(3.227854664 0 2.19290038)
(3.112747518 0 2.127346777)
(2.886738696 0 2.005789909)
(2.711698523 0 1.8919472)
(2.562426846 0 1.594475337)
(2.638022851 0 2.627714214)
(0.9517541664 0 3.385291619)
(2.154512649 0 2.927557203)
(1.830467774 0 2.525953463)
(1.206990731 0 3.675766168)
(1.588742997 0 2.088991346)
(1.389743286 0 2.029365468)
(1.134592983 0 2.071740171)
(1.221031681 0 2.154223341)
(1.058090386 0 2.3076405)
(0.8921221883 0 2.275358821)
(0.8864771023 0 2.43716874)
(0.7089606124 0 2.518747487)
(0.662339419 0 2.609175186)
(0.5405915662 0 2.54605086)
(0.3974665977 0 2.525404557)
(0.4197391929 0 2.776064776)
(0.2893354552 0 2.467312229)
(0.2202209196 0 2.382977667)
(0.2499691131 0 2.768629593)
(0.187119012 0 2.284329879)
(0.1692538483 0 2.180550256)
(0.1833516769 0 2.650541324)
(0.1377993709 0 2.078817038)
(0.09455714806 0 1.97165155)
(0.2013811496 0 2.494895006)
(-0.5327376267 0 0.09643716844)
(-0.5002744918 0 0.2189349669)
(-0.5923127979 0 0.1699333243)
(-0.3980811544 0 0.6670219136)
(-0.2987850535 0 1.08992845)
(-0.2962109346 0 0.879340346)
(-0.2624525583 0 1.340531168)
(-0.2525437278 0 1.458638655)
(-0.213009302 0 1.091558664)
(-0.1853369651 0 1.266827968)
(-0.1770536278 0 0.2192778728)
(-0.1931650465 0 0.4656231733)
(-0.1711653044 0 0.2358770337)
(-0.2062020382 0 0.2863200543)
(-0.2362879502 0 0.3305429597)
(2.294848598 0 1.568066729)
(3.485097328 0 2.162876952)
(3.772341874 0 2.328666266)
(3.782128066 0 2.30629462)
(3.850531958 0 2.353033122)
(3.921130872 0 2.416520351)
(3.845923262 0 2.377741751)
(3.810247791 0 2.393098371)
(3.846062013 0 2.447167143)
(3.75835815 0 2.399728936)
(3.696174241 0 2.396306428)
(3.720698206 0 2.440919888)
(3.625277448 0 2.381395152)
(3.54432921 0 2.353568333)
(3.559225019 0 2.382200942)
(3.44997018 0 2.311649035)
(3.337865407 0 2.255509713)
(3.329556847 0 2.25679754)
(3.203579431 0 2.187193413)
(3.04328153 0 2.112472706)
(2.989701696 0 2.07406434)
(2.85246383 0 2.031476834)
(2.70111988 0 2.02793749)
(2.769860278 0 2.161609838)
(2.439553649 0 2.010282994)
(2.176983552 0 2.007590832)
(2.057496168 0 2.035279222)
(1.918654963 0 2.056587464)
(1.646510888 0 2.125971388)
(1.574442652 0 2.085738841)
(1.361882557 0 2.16858673)
(1.092783539 0 2.164085002)
(1.124812143 0 2.286866254)
(0.867724652 0 2.119623524)
(0.6963557034 0 2.048876552)
(0.7010554031 0 2.309896682)
(0.5665844287 0 1.960997352)
(0.4566019323 0 1.861658442)
(0.4243543169 0 2.171809051)
(0.345335966 0 1.747873494)
(0.181726299 0 1.604372142)
(0.2744797007 0 1.964281107)
(-0.1456789214 0 1.387473068)
(-0.6837893852 0 1.121064845)
(0.08568219045 0 1.68309802)
(-0.8923799242 0 1.038027335)
(-0.8243832322 0 0.9816232203)
(-0.4819090002 0 1.055233307)
(-1.59950824 0 1.138530604)
(-1.333121104 0 1.050679925)
(-1.13504628 0 0.9021044124)
(-0.08383043519 0 0.5797010998)
(-0.1041039087 0 0.4755511398)
(-0.2914531779 0 0.2403958016)
(-0.05037903528 0 0.3877483613)
(0.1489145093 0 0.5234622861)
(0.1120716914 0 0.872133388)
(0.2934772244 0 0.6580542932)
(0.3861085686 0 0.7070742928)
(0.3012758828 0 0.9997288851)
(0.01845162635 0 0.3809757407)
(-0.03203178434 0 0.1195021355)
(-0.09849940315 0 0.07850772117)
(-0.07047238402 0 0.2218943626)
(-0.1157828588 0 0.2666006416)
(-0.1612894401 0 0.2649687572)
(0.4481030014 0 0.5882677577)
(2.03015979 0 1.393173523)
(2.931193752 0 1.860211963)
(3.096840151 0 1.917692948)
(3.522486985 0 2.13411015)
(3.736680398 0 2.268400973)
(3.662504499 0 2.221080109)
(3.690662837 0 2.261467209)
(3.762616432 0 2.333230908)
(3.670406454 0 2.281871165)
(3.625530818 0 2.289839266)
(3.665800378 0 2.346347536)
(3.565434215 0 2.28714327)
(3.493337248 0 2.273972848)
(3.522635462 0 2.317236122)
(3.40914837 0 2.250405366)
(3.310754326 0 2.217265499)
(3.330501756 0 2.241254337)
(3.194820606 0 2.176949935)
(3.05754284 0 2.134319034)
(3.063053873 0 2.130718041)
(2.895486248 0 2.097014491)
(2.706998186 0 2.075436628)
(2.706150814 0 2.045843976)
(2.478842843 0 2.069945375)
(2.176122307 0 2.059992221)
(2.224666769 0 2.055372954)
(1.814047507 0 2.014129797)
(1.468564934 0 1.933870548)
(1.586391697 0 2.075972198)
(1.193666583 0 1.84749051)
(0.9929471768 0 1.769154188)
(1.025273107 0 1.95658106)
(0.83466936 0 1.691753503)
(0.6830131095 0 1.610595913)
(0.6969697257 0 1.790350144)
(0.500354581 0 1.507770043)
(0.2600786843 0 1.307029285)
(0.3957185797 0 1.582830701)
(-0.02665773182 0 0.8146969735)
(-0.1050863702 0 0.5322858442)
(-0.1967365976 0 1.14601315)
(-0.08319796293 0 0.4573687807)
(-0.06983643899 0 0.3985065302)
(-0.2414245137 0 0.5260091094)
(-0.06452249302 0 0.3535873276)
(-0.06157516858 0 0.3319239708)
(-0.1400508392 0 0.3883279145)
(-0.8579191435 0 0.9341728968)
(-0.8141344957 0 0.9973607744)
(-1.214722797 0 1.068808529)
(0.8508319565 0 -0.6790327385)
(0.1906823788 0 0.3369936257)
(-0.08392091433 0 1.410136899)
(-0.4315663546 0 -0.2896716604)
(-0.01597819261 0 0.3466194989)
(-0.09787046131 0 1.165730095)
(-0.1963674523 0 0.1196816447)
(-0.2167894788 0 0.2045349536)
(-0.1183053895 0 0.3815533089)
(-0.2183943713 0 0.2934703132)
(-0.229488022 0 0.3956071809)
(-0.1901665439 0 0.3833399179)
(-0.1524242136 0 0.4322016352)
(-0.09454809602 0 0.4122013829)
(-0.06373622314 0 0.287901521)
(-0.0428290322 0 0.4018105426)
(-0.003696826013 0 0.433020832)
(-0.04908590986 0 0.3939319981)
(0.003295292639 0 0.4244790382)
(0.6846355348 0 0.6808416631)
(1.229541822 0 0.9899048347)
(1.821666415 0 1.247847535)
(2.687880511 0 1.671625823)
(3.15976813 0 1.92888485)
(3.165017585 0 1.915110049)
(3.384858323 0 2.042376836)
(3.571921615 0 2.167518598)
(3.467060957 0 2.109152038)
(3.478001712 0 2.144675801)
(3.56699402 0 2.223886002)
(3.450095005 0 2.162033739)
(3.397679886 0 2.166601387)
(3.453420423 0 2.22379989)
(3.325576701 0 2.160725157)
(3.233774489 0 2.146378721)
(3.279650885 0 2.185405004)
(3.119995328 0 2.126582115)
(2.981084905 0 2.106017081)
(3.031651509 0 2.126162788)
(2.812300343 0 2.088336235)
(2.595656332 0 2.063392721)
(2.674843132 0 2.086076088)
(2.281974824 0 1.984961281)
(1.854383277 0 1.832547347)
(2.035183553 0 1.981910599)
(1.530699419 0 1.713710213)
(1.291333931 0 1.62065186)
(1.37558612 0 1.785036191)
(1.066941093 0 1.52479184)
(0.8327673013 0 1.399135051)
(0.9610825265 0 1.589024951)
(0.5911103343 0 1.214343291)
(0.314361524 0 0.9077373131)
(0.6853462766 0 1.366618747)
(-0.06197245994 0 0.3928853786)
(-0.05999566254 0 0.3252894132)
(0.02383128307 0 0.7321597817)
(-0.04200054695 0 0.3072618309)
(-0.0340618782 0 0.2958393339)
(-0.05733470703 0 0.3585195432)
(-0.03114957152 0 0.2891209764)
(-0.02965695459 0 0.2875187796)
(-0.04457862056 0 0.2908390423)
(-0.2585557351 0 0.7977289907)
(-0.2923049616 0 0.9361267581)
(-0.1961922514 0 0.6173047704)
(-0.3159986547 0 1.036887915)
(-0.3373866025 0 1.115853188)
(-0.4289421247 0 0.9795755258)
(-0.3605192792 0 1.168841038)
(-0.3920019918 0 1.190341676)
(-0.5678755397 0 1.107010216)
(-0.1562560447 0 -0.4394142325)
(-0.0764704135 0 -0.4113563703)
(0.4581163157 0 -0.5780960971)
(0.2647285838 0 -0.4646085934)
(-0.1689093704 0 -0.3007861186)
(-0.2526483316 0 -0.3172467013)
(-0.1817508232 0 -0.2176115895)
(-0.1549780936 0 -0.1091909077)
(-0.1045849101 0 0.06920984346)
(0.09746010082 0 0.1344359679)
(0.1298559906 0 0.1645060913)
(-0.1597193301 0 0.2927958037)
(0.142004825 0 0.1864080395)
(0.1279875153 0 0.1902602656)
(-0.07904210671 0 0.3552736591)
(0.1526788079 0 0.2257227937)
(0.1776899363 0 0.2560965761)
(0.04887290751 0 0.3078971654)
(0.1970683122 0 0.2889836087)
(0.2060531179 0 0.3335825664)
(0.1049379122 0 0.3350899449)
(0.2008796972 0 0.406378447)
(0.1070283259 0 0.4322239761)
(0.3252399587 0 0.4780444037)
(0.8675692147 0 0.7056418953)
(1.752289999 0 1.152390223)
(2.209644171 0 1.406714873)
(2.402020562 0 1.486361823)
(2.809625633 0 1.708012746)
(3.126017124 0 1.886634069)
(3.040333546 0 1.849033199)
(3.153779411 0 1.937881369)
(3.345014042 0 2.049876856)
(3.182954944 0 1.988814066)
(3.140572115 0 2.008962985)
(3.310917344 0 2.100843013)
(3.042348696 0 2.007308547)
(2.903853453 0 1.992997145)
(3.142178798 0 2.094399359)
(2.735237081 0 1.971893784)
(2.540128306 0 1.944745805)
(2.855999588 0 2.062493392)
(2.314639845 0 1.897239975)
(2.035430187 0 1.79233915)
(2.407135111 0 1.982887651)
(1.70854137 0 1.59982261)
(1.365206683 0 1.376394523)
(1.642147936 0 1.635017164)
(1.226331536 0 1.25715635)
(1.027122882 0 1.185962199)
(1.189256278 0 1.413065843)
(0.6879555224 0 1.228672918)
(0.1388838649 0 1.471104395)
(0.548773601 0 1.245260895)
(-0.318338739 0 1.790609573)
(-0.2993343725 0 1.712932858)
(-0.3227242168 0 0.9815567892)
(-0.1995551977 0 1.36135634)
(-0.1566424052 0 0.7276485421)
(-0.183306855 0 0.725538956)
(-0.1746540523 0 0.643330355)
(-0.1837589123 0 0.6279229327)
(-0.1156312522 0 0.5470612533)
(-0.1851256646 0 0.6293231022)
(-0.1838200924 0 0.6225413715)
(-0.08327771755 0 0.4465359185)
(-0.1541844544 0 0.7073475403)
(-0.1261823947 0 0.9011380742)
(-0.2370117759 0 1.02596223)
(-0.1351753893 0 1.118579256)
(-0.1530326148 0 1.263338467)
(-0.2722218314 0 1.23837898)
(-0.1620040462 0 1.334239942)
(-0.1648294985 0 1.340784812)
(-0.2943984219 0 1.294565758)
(-0.1615704071 0 1.267856163)
(-0.1297495446 0 1.054166317)
(-0.3790748076 0 1.13675516)
(-0.1712429599 0 -0.4455267441)
(-0.1568635837 0 -0.4039719997)
(-0.1726813884 0 -0.3575854848)
(-0.1170326975 0 -0.353613233)
(-0.05743200411 0 -0.295664972)
(-0.1634487523 0 -0.317202445)
(0.002940376565 0 -0.2353095803)
(0.06385346436 0 -0.1566549214)
(-0.1200052892 0 -0.2254975038)
(0.0798794208 0 -0.09331073266)
(0.1173999682 0 -0.05106702662)
(0.08428092567 0 -0.02364575551)
(0.1718266958 0 0.03920707774)
(0.172940651 0 0.09338835084)
(0.160363697 0 0.1502740085)
(0.1967308293 0 0.1356385558)
(0.2200728672 0 0.1873811395)
(0.190992329 0 0.2217170137)
(0.22716232 0 0.2457119806)
(0.2017334912 0 0.2949396139)
(0.2032321935 0 0.303384507)
(0.223787189 0 0.2938520366)
(-0.9459805064 0 0.3668051669)
(-0.4637143973 0 0.3674578526)
(-0.4009495486 0 0.4737990416)
(0.7676795378 0 0.6666057867)
(1.289275304 0 0.8775752881)
(1.660458297 0 1.051390149)
(2.164023606 0 1.329771659)
(2.466252594 0 1.515041612)
(2.461880694 0 1.514414477)
(2.59327001 0 1.601667435)
(2.895963186 0 1.795591982)
(2.542981681 0 1.589820097)
(2.372943778 0 1.536628156)
(2.80478316 0 1.826380127)
(2.187510216 0 1.496845206)
(2.017617715 0 1.463598436)
(2.455740009 0 1.773755582)
(1.844863048 0 1.42411104)
(1.637751153 0 1.363656811)
(2.060080745 0 1.704355326)
(1.377334525 0 1.249598671)
(1.067712994 0 1.055478386)
(1.570248365 0 1.5004635)
(0.7288305159 0 0.7564833893)
(0.4648484253 0 0.4884059345)
(0.9170711742 0 1.028044007)
(0.1511916297 0 0.3589096809)
(0.05212090554 0 0.3426719809)
(0.6333385176 0 0.7649207416)
(0.01162305047 0 0.3784301088)
(-0.02799563581 0 0.4155720923)
(0.5686877642 0 0.8298530903)
(-0.06437476224 0 0.4571841177)
(-0.09515386176 0 0.5071012705)
(0.3179250914 0 0.5596033315)
(-0.1431625289 0 0.5631528374)
(-0.1676250251 0 0.6034006289)
(-0.1979444522 0 0.5618431203)
(-0.1855627994 0 0.630930123)
(-0.1994161685 0 0.6546817431)
(-0.2242359534 0 0.6225641462)
(-0.2070206532 0 0.6756606003)
(-0.2128268926 0 0.6816022621)
(-0.2230577629 0 0.6590856962)
(-0.211308524 0 0.6779200692)
(-0.1977945289 0 0.6892004517)
(-0.07987724507 0 0.7627002673)
(-0.1775242257 0 0.708785488)
(-0.1586129429 0 0.710919265)
(0.1628179637 0 0.8724142604)
(-0.1457675092 0 0.6787620405)
(-0.1255850834 0 0.6008436202)
(0.1499796909 0 0.5179614688)
(-0.07196388055 0 0.4417594306)
(-0.02716098008 0 0.2570936576)
(0.04871366677 0 0.203850947)
(-0.2696845364 0 -0.68500072)
(-0.2481624669 0 -0.6850800554)
(0.2432802119 0 -0.5372924898)
(-0.1768613171 0 -0.6195170348)
(-0.1756708079 0 -0.5224828643)
(0.265017325 0 -0.3261749329)
(-0.2366125173 0 -0.405593275)
(-0.04669621919 0 -0.2309324784)
(0.2718673583 0 -0.1805985591)
(0.1723522477 0 -0.1563675746)
(0.2862311751 0 -0.09190582006)
(0.3211011539 0 -0.01640405359)
(0.3321836231 0 0.03651625239)
(0.3173747662 0 0.121272716)
(0.3393181128 0 0.1086403238)
(0.2209378806 0 0.10564695)
(0.08402868319 0 0.05815212015)
(0.3411503519 0 0.2303021794)
(-0.0003101801926 0 0.001157509691)
(0.08570888003 0 -0.3003128917)
(0.3237323296 0 -0.2582504954)
(0.4424706705 0 -0.6558447709)
(1.410003665 0 0.1974112435)
(0.6408898692 0 0.3850447641)
(-0.2804448072 0 -0.09740037491)
(-0.4461968885 0 -0.1621974653)
(0.3039574155 0 1.29735859)
(0.8230250771 0 0.7042576786)
(1.541414656 0 0.9599775447)
(1.87256085 0 1.177341139)
(1.8398181 0 1.117110449)
(1.922882198 0 1.154641548)
(2.273065879 0 1.379001906)
(1.823579527 0 1.116112549)
(1.598254407 0 1.028239952)
(2.003896066 0 1.269565713)
(1.269865906 0 0.855732355)
(0.8784102628 0 0.6073574661)
(1.612569778 0 1.153957114)
(0.4808205652 0 0.3492142893)
(0.2426039617 0 0.1649997353)
(1.017480442 0 0.9108368967)
(0.1593575671 0 0.1507724465)
(0.1548131046 0 0.2316287828)
(0.3697041359 0 0.5000279474)
(0.159309972 0 0.2787205157)
(0.177657862 0 0.3746256023)
(0.09390615134 0 0.3615036702)
(0.1218186527 0 0.463528323)
(0.04758675306 0 0.5124776266)
(-0.06081746763 0 0.4246983874)
(-0.04441327416 0 0.5353829487)
(-0.1290490617 0 0.5489257381)
(-0.06982293038 0 0.408633688)
(-0.1868345154 0 0.5677809315)
(-0.2126418775 0 0.5923230848)
(-0.09178002685 0 0.4599015396)
(-0.207463943 0 0.614312624)
(-0.1749561986 0 0.6211861563)
(-0.1049922364 0 0.5385509277)
(-0.125758757 0 0.60851563)
(-0.08459014317 0 0.5953805938)
(-0.1164545162 0 0.6240126144)
(-0.07638351036 0 0.6031276529)
(-0.09608984506 0 0.6268856624)
(-0.1458316559 0 0.6853864433)
(-0.121165412 0 0.6518359027)
(-0.1394982988 0 0.6718788442)
(-0.1386042714 0 0.7098923993)
(-0.1482971653 0 0.6861744764)
(-0.1472803505 0 0.6950201393)
(-0.1372845787 0 0.7045487925)
(-0.1375956884 0 0.6971070586)
(-0.1239317005 0 0.6903636866)
(-0.1451906348 0 0.6724975587)
(-0.1124049209 0 0.6730873485)
(-0.1045408588 0 0.6385528367)
(-0.1143503612 0 0.5350789575)
(-0.2785415075 0 -0.5111483509)
(-0.274472094 0 -0.5223267571)
(-0.3779334426 0 -0.5965341476)
(-0.2490199662 0 -0.5253750472)
(-0.2024252517 0 -0.5208974856)
(-0.3532847781 0 -0.5940976667)
(-0.1561258706 0 -0.5218409973)
(-0.1654003111 0 -0.5690774164)
(-0.4009684396 0 -0.5950078821)
(-0.257751464 0 -0.5880961963)
(-0.3114621729 0 -0.3725801883)
(-0.4386688575 0 -0.3122498883)
(-0.2898358886 0 -0.1731565874)
(-0.2424884476 0 -0.2684396186)
(-0.3102110368 0 -0.2469563929)
(-0.2532830883 0 -0.2542318911)
(-0.2582054429 0 -0.2385271125)
(-0.3113623249 0 -0.2214773309)
(-0.2605671284 0 -0.2228086162)
(-0.26938932 0 -0.2224196169)
(-0.314762087 0 -0.1822421238)
(-0.2962215413 0 -0.2334283856)
(-0.3259623735 0 -0.2339824707)
(-0.3311261113 0 -0.1969922776)
(-0.2502755325 0 -0.2104864716)
(0.8165694526 0 -0.02262601688)
(1.426245571 0 0.1009317395)
(-0.4160047876 0 -0.1997291847)
(-0.4911031435 0 -0.2525401535)
(-0.474777744 0 -0.2116812678)
(-0.5905553136 0 -0.3113811962)
(-0.6448004498 0 -0.3207023849)
(0.4692923017 0 0.3498769065)
(-0.4224786273 0 -0.1926979426)
(0.07234865435 0 0.01239980577)
(1.346067588 0 0.823172464)
(-0.02976977284 0 -0.1356796306)
(-0.1162412919 0 -0.4152647856)
(0.8241735359 0 0.4982121282)
(-0.09280245357 0 -0.4361318638)
(-0.06558811345 0 -0.3346950896)
(-0.1475845259 0 -0.08703712248)
(-0.09818906959 0 -0.1678003613)
(0.07361836054 0 -0.04610053833)
(-0.1764335494 0 0.119654337)
(0.2806663697 0 0.2207833795)
(0.2254368994 0 0.2942251536)
(0.03856744766 0 0.2257824837)
(0.2507431991 0 0.3030389622)
(0.3108748388 0 0.362297423)
(-0.141937141 0 0.3311830079)
(0.3373560208 0 0.4756437795)
(0.2889392586 0 0.6092451077)
(-0.2560967583 0 0.3588105948)
(0.1861386773 0 0.7140476021)
(0.07660809269 0 0.7849568556)
(-0.2278158002 0 0.4721823818)
(-0.02195954485 0 0.830226745)
(-0.1062672453 0 0.8533937726)
(-0.2548547044 0 0.6084510655)
(-0.1780411676 0 0.8579424234)
(-0.2317559543 0 0.8499373702)
(-0.27629657 0 0.7217581832)
(-0.2591164377 0 0.8325598539)
(-0.250866361 0 0.7945061137)
(-0.1924611433 0 0.7200334002)
(-0.2023938575 0 0.7221919429)
(-0.137392713 0 0.6402418997)
(-0.08945445835 0 0.6463320382)
(-0.09616102986 0 0.5998334432)
(-0.08502901445 0 0.6069211724)
(-0.106935253 0 0.6630575863)
(-0.08505038295 0 0.6306838341)
(-0.08530574733 0 0.6523112992)
(-0.1195080534 0 0.6904504417)
(-0.08464783493 0 0.6673897793)
(-0.08511808174 0 0.6758159021)
(-0.1073572878 0 0.6996208295)
(-0.0881361049 0 0.6773012117)
(-0.09302638011 0 0.6704313197)
(-0.09465450096 0 0.6636390818)
(-0.09762864049 0 0.6528081253)
(-0.1008298394 0 0.6245809401)
(-0.1080356189 0 0.563712934)
(-0.2168825308 0 -0.5004718128)
(-0.1952062535 0 -0.4861314763)
(-0.2123584961 0 -0.4755165837)
(-0.1660782188 0 -0.4806602441)
(-0.134112004 0 -0.4780653385)
(-0.1329647481 0 -0.4742401875)
(-0.1045314441 0 -0.4682027638)
(-0.07809885156 0 -0.4438692901)
(0.02609112212 0 -0.4629342577)
(-0.05620061884 0 -0.4078523473)
(-0.08347236877 0 -0.3652229683)
(0.02941787267 0 -0.4311749961)
(-0.1843674854 0 -0.3219084108)
(-0.1757287563 0 -0.3215284393)
(-0.2100912779 0 -0.2946150643)
(-0.1766048696 0 -0.3149131674)
(-0.1906302858 0 -0.3110063408)
(-0.2201439304 0 -0.2686814927)
(-0.2238890412 0 -0.3093273226)
(-0.264301627 0 -0.306399518)
(-0.2642877288 0 -0.2671341713)
(-0.2987034888 0 -0.2965399654)
(-0.3247594304 0 -0.2775717811)
(-0.3312210317 0 -0.258732388)
(-0.3449162439 0 -0.2507279956)
(-0.3682213506 0 -0.2255106772)
(-0.2815953789 0 -0.2020123878)
(-0.4168840332 0 -0.2358702406)
(-0.5060816385 0 -0.3015020808)
(-0.5069254013 0 -0.2806548906)
(-0.5835438458 0 -0.355821613)
(-0.6231520454 0 -0.3594876425)
(-0.6420316961 0 -0.3474671326)
(-0.6308684592 0 -0.3279485259)
(-0.6195241285 0 -0.2804316579)
(-0.6511515324 0 -0.2637734559)
(-1.94131205 0 1.141267403)
(-1.821017618 0 1.447344411)
(-1.191338037 0 0.696022519)
(-1.540957292 0 1.452789547)
(-1.261685104 0 1.227085044)
(-0.7335921529 0 0.402192234)
(-1.369732442 0 0.9423299668)
(-1.38210027 0 0.7053958283)
(-1.257895544 0 0.5002590648)
(-1.237910395 0 0.6867619094)
(-1.044245079 0 0.7024568747)
(0.1999333266 0 0.2579341449)
(-0.9367012943 0 0.7703356729)
(-0.887362116 0 0.8643376707)
(0.1903244164 0 0.5198773607)
(-0.8669326828 0 0.9443477752)
(-0.8384239237 0 0.9934905008)
(-0.1733793499 0 0.7436571685)
(-0.7799066903 0 0.9683448235)
(-0.7252820517 0 0.849558553)
(-0.3233399704 0 0.9019163497)
(-0.7180310641 0 0.824621308)
(-0.7385087676 0 0.9757734198)
(-0.3164779953 0 0.983949976)
(-0.6652198119 0 1.080590044)
(-0.5054793551 0 1.003023705)
(-0.304051622 0 0.9431454262)
(-0.373313644 0 0.9064518168)
(-0.2842157095 0 0.8444611951)
(-0.2962874282 0 0.8571838545)
(-0.2169352319 0 0.79201505)
(-0.1577937827 0 0.7320079865)
(-0.205658437 0 0.7268494798)
(-0.1059857656 0 0.6738000934)
(-0.07138706378 0 0.6388073134)
(-0.09760108544 0 0.6382137527)
(-0.05798392621 0 0.6318846165)
(-0.0585141664 0 0.6397789729)
(-0.07459738607 0 0.6545578195)
(-0.06457227019 0 0.6503483247)
(-0.07117223478 0 0.6589550666)
(-0.07721025181 0 0.6653939408)
(-0.07579643744 0 0.6646323761)
(-0.07743728758 0 0.6664914414)
(-0.08130301207 0 0.6518123276)
(-0.07667009601 0 0.6625120693)
(-0.07410667421 0 0.6564225007)
(-0.08177610642 0 0.6258191194)
(-0.1526058591 0 -0.6498235168)
(-0.1413195763 0 -0.5953405112)
(-0.1701068747 0 -0.5019470239)
(-0.1341352337 0 -0.5466230514)
(-0.1318217108 0 -0.5046598945)
(-0.1479862341 0 -0.4241210431)
(-0.1337613595 0 -0.4677191576)
(-0.1369704242 0 -0.4349292877)
(-0.1310265079 0 -0.3807217919)
(-0.1358168376 0 -0.4095398197)
(-0.1281096356 0 -0.3962613485)
(-0.1502581456 0 -0.3588640243)
(-0.1200607226 0 -0.3956036954)
(-0.1252938248 0 -0.4059056631)
(-0.1419614928 0 -0.3566926595)
(-0.1610366948 0 -0.4284747714)
(-0.2084841241 0 -0.4506141894)
(-0.1842673682 0 -0.3601941398)
(-0.2435221942 0 -0.455332953)
(-0.2634236954 0 -0.4367349423)
(-0.263558896 0 -0.3523871932)
(-0.275232863 0 -0.3979214647)
(-0.2860971471 0 -0.3470001769)
(-0.3095391587 0 -0.3022681568)
(-0.3011080475 0 -0.2951918374)
(-0.327341597 0 -0.260326017)
(-0.3514478123 0 -0.2389785616)
(-0.3781417016 0 -0.2716622187)
(-0.4518245729 0 -0.3273344073)
(-0.4870948937 0 -0.3158350492)
(-0.5153360549 0 -0.3732904196)
(-0.5571617504 0 -0.3717456139)
(-0.59233183 0 -0.3644962157)
(-0.6125602364 0 -0.3306371027)
(-0.8625297238 0 -0.2330332593)
(-0.6416930776 0 -0.2731632304)
(-1.981874557 0 1.519484979)
(-2.050344977 0 2.253149659)
(-2.106439607 0 1.987786739)
(-1.889227679 0 2.571301242)
(-1.6637174 0 2.497664846)
(-1.556544076 0 1.954496258)
(-1.508505531 0 2.279121163)
(-1.372694138 0 1.88365509)
(-1.342013264 0 1.2111822)
(-1.16092795 0 1.305471697)
(-0.9145672108 0 0.9783828713)
(-1.031890021 0 0.8293804705)
(-0.7415983125 0 0.9093284023)
(-0.6195167944 0 0.7679439127)
(-0.7596001236 0 0.8384481174)
(-0.557211129 0 0.5559167786)
(-0.5504969847 0 0.3881367439)
(-0.6455040171 0 0.7007339879)
(-0.558621513 0 0.2671095092)
(-0.6057349351 0 0.2195404352)
(-0.6226441573 0 0.4592518534)
(-0.6211832042 0 0.2365234456)
(-0.6259752449 0 0.307677922)
(-0.6678730815 0 0.5159466107)
(-0.6423105283 0 0.4414518891)
(-0.6297313117 0 0.5967622647)
(-0.657668102 0 0.8574414292)
(-0.5320467361 0 0.6779126356)
(-0.3931262791 0 0.6816950596)
(-0.3646363164 0 0.7868937331)
(-0.2744256532 0 0.6608342539)
(-0.1897501818 0 0.635090197)
(-0.1808845964 0 0.7014836579)
(-0.1330101006 0 0.6135969138)
(-0.09569953583 0 0.6059464285)
(-0.08520905429 0 0.6368405162)
(-0.07113146956 0 0.6136764167)
(-0.05469484917 0 0.6304908781)
(-0.05084192854 0 0.6401277663)
(-0.0433666994 0 0.6496435845)
(-0.03516672905 0 0.6671765077)
(-0.04117097354 0 0.6624773175)
(-0.02883640952 0 0.6811160964)
(-0.02354036294 0 0.6901560525)
(-0.03742223401 0 0.6731076029)
(-0.01897692485 0 0.6943093607)
(-0.01494283839 0 0.6945418393)
(-0.03936057716 0 0.672880119)
(-0.1330185757 0 -0.7633303163)
(-0.117910236 0 -0.7161944418)
(-0.1299820754 0 -0.6810410067)
(-0.1043488038 0 -0.6770426865)
(-0.09234982581 0 -0.6522692423)
(-0.1066475278 0 -0.6194309216)
(-0.07966992498 0 -0.6446610393)
(-0.0589462294 0 -0.6499074846)
(-0.08997900816 0 -0.5944428984)
(-0.0241795327 0 -0.6542247118)
(-0.03575351351 0 -0.6431903457)
(-0.09254055262 0 -0.4913509573)
(-0.1402417609 0 -0.6542983179)
(-0.2347871773 0 -0.7015015851)
(-0.1618954493 0 -0.5312462833)
(-0.2880506611 0 -0.7532161677)
(-0.3092564008 0 -0.7888658673)
(-0.2602854937 0 -0.6141348689)
(-0.3052816572 0 -0.7968712361)
(-0.2821565897 0 -0.7668502087)
(-0.2699698669 0 -0.5817568149)
(-0.2488812114 0 -0.690586627)
(-0.2215380929 0 -0.5741328861)
(-0.2559015789 0 -0.4308224065)
(-0.2185793326 0 -0.4465873712)
(-0.2455164149 0 -0.3523126408)
(-0.2928066585 0 -0.2940415626)
(-0.2889762926 0 -0.3475252173)
(-0.3562928003 0 -0.3848006626)
(-0.4055883158 0 -0.3433790809)
(-0.4408955581 0 -0.4535143734)
(-0.541537743 0 -0.4836588352)
(-0.5401487495 0 -0.4016242181)
(-0.8219509347 0 -0.3584142008)
(-1.176923613 0 -0.1995372642)
(-1.122291274 0 -0.1942533974)
(-1.118701561 0 1.247678724)
(-1.155801762 0 1.712889029)
(-1.72578258 0 2.230369956)
(-1.250763355 0 2.305230598)
(-1.290287619 0 2.699726212)
(-1.587588146 0 2.843249181)
(-1.306427548 0 2.844427502)
(-1.250741066 0 2.67347465)
(-1.367164518 0 2.416398742)
(-0.9295458917 0 1.915002617)
(-0.525688708 0 0.935956103)
(-0.7598256504 0 1.118115484)
(-0.4826305549 0 0.583900939)
(-0.5252201872 0 0.3677597134)
(-0.53311735 0 0.6030644383)
(-0.5567107774 0 0.2155185028)
(-0.598298766 0 0.09925408509)
(-0.5608754022 0 0.20206462)
(-0.6057312797 0 0.02086694644)
(-0.6392309798 0 0.06126833847)
(-0.6297732031 0 0.1077581281)
(-0.6459266537 0 0.06522169467)
(-0.6276091235 0 0.06630703643)
(-0.6263396566 0 0.1747056535)
(-0.6090901619 0 0.1267530703)
(-0.5702953399 0 0.2268742974)
(-0.5900344123 0 0.3931788669)
(-0.4871718502 0 0.3269905701)
(-0.3608969763 0 0.4026880798)
(-0.3845917506 0 0.5477635148)
(-0.2371992269 0 0.4499494099)
(-0.1434797744 0 0.4794590064)
(-0.1732261109 0 0.5609366349)
(-0.08025427136 0 0.5021729576)
(-0.0363446549 0 0.5229809924)
(-0.06323471283 0 0.5660864922)
(-0.004063683193 0 0.5427809552)
(0.01815147609 0 0.5629143509)
(-0.01016306026 0 0.5959433666)
(0.03240726261 0 0.5824552183)
(0.04147063321 0 0.5997837613)
(0.01322695825 0 0.6270058163)
(0.04744447711 0 0.614269942)
(0.05160270266 0 0.62574304)
(0.01927037629 0 0.651843441)
(0.0545944225 0 0.6353834686)
(0.05662051276 0 0.6445702693)
(0.01964544418 0 0.6712245314)
(-0.09264756925 0 -0.7084960088)
(-0.08742363254 0 -0.6869014484)
(-0.08083666514 0 -0.7146268083)
(-0.08462622846 0 -0.6608734729)
(-0.08412283045 0 -0.6353961354)
(-0.04942211186 0 -0.6397730554)
(-0.08836040226 0 -0.6189444062)
(-0.1028618161 0 -0.6197760932)
(-0.02792908496 0 -0.5830686369)
(-0.1315228116 0 -0.6401359449)
(-0.1740058674 0 -0.6814618678)
(-0.1395779061 0 -0.6394289789)
(-0.2267910462 0 -0.7458828862)
(-0.2822064395 0 -0.8266971858)
(-0.281031076 0 -0.7902535239)
(-0.326340252 0 -0.9072077365)
(-0.3409234889 0 -0.9670465286)
(-0.33513841 0 -0.9200381743)
(-0.3126597864 0 -0.9905001739)
(-0.2508456519 0 -0.9784138044)
(-0.2866267203 0 -0.9279202073)
(-0.1819444819 0 -0.9450228623)
(-0.1264237052 0 -0.9209776997)
(-0.1860214312 0 -0.7786179842)
(-0.06753114339 0 -1.005281455)
(0.119436711 0 -1.211819251)
(-0.1806360912 0 -0.4990518145)
(0.1692229652 0 -1.362839025)
(0.222439349 0 -1.496105957)
(-0.2884893972 0 -0.5196715888)
(0.2805850355 0 -1.61068123)
(0.3341753628 0 -1.707966346)
(-0.4952599417 0 -0.7096015894)
(0.3885281606 0 -1.745545139)
(0.4466762473 0 -1.639146355)
(-0.6888525942 0 -0.5986632192)
(0.4586991615 0 -1.134499678)
(-0.08123564532 0 0.6516602452)
(-0.3834991998 0 -0.09392920509)
(-0.2012273557 0 0.4349898022)
(-0.2399662181 0 0.4576225455)
(-0.3423807742 0 0.09960706051)
(0.08876196528 0 0.5565939982)
(0.3160932887 0 0.5963761818)
(-0.3981419454 0 0.830145798)
(-0.3028886561 0 0.3139912673)
(-0.4761780963 0 0.1791552447)
(-0.4047607647 0 0.4085012465)
(-0.5421966811 0 0.07192627388)
(-0.5357699978 0 0.02918982318)
(-0.5471839889 0 0.157861284)
(-0.5447351623 0 0.004469271313)
(-0.5825062127 0 -0.05840320045)
(-0.6088458902 0 0.02539810087)
(-0.5629691287 0 -0.07583483015)
(-0.5697413826 0 -0.01489263583)
(-0.6170706404 0 0.03437086942)
(-0.628837396 0 -0.09971053029)
(-0.6697425783 0 -0.1776678674)
(-0.632810279 0 -0.04540772521)
(-0.6575892805 0 -0.1579153643)
(-0.6301448374 0 -0.09782326538)
(-0.57941151 0 0.0657182393)
(-0.5781235822 0 -0.02846475148)
(-0.4639263566 0 0.07679437397)
(-0.3678977224 0 0.2410151954)
(-0.2758628984 0 0.1855062199)
(-0.1048307617 0 0.277891608)
(-0.1071632501 0 0.3851442288)
(-0.01344167506 0 0.3642698961)
(0.02745190963 0 0.4147617415)
(0.01006908612 0 0.4743300335)
(0.06107779001 0 0.4517987365)
(0.078379472 0 0.4877783647)
(0.04784820578 0 0.527642638)
(0.08404330533 0 0.5173877284)
(0.08597057393 0 0.5403947948)
(0.06524175158 0 0.5645196203)
(0.08729321862 0 0.5592648993)
(0.0884486832 0 0.5756975806)
(0.0713811578 0 0.596119803)
(0.08942164334 0 0.5913330616)
(0.08996538005 0 0.6077971048)
(0.07337473625 0 0.6243142404)
(-0.1052617958 0 -0.575501364)
(-0.10467039 0 -0.6224390155)
(0.02351798649 0 -0.7903596477)
(-0.09900696611 0 -0.6589030147)
(-0.09456390358 0 -0.6629324131)
(0.02637090738 0 -0.7549321194)
(-0.09507689895 0 -0.6479688189)
(-0.1043011473 0 -0.6319782936)
(-0.01688673928 0 -0.6898799843)
(-0.1257865845 0 -0.6268631918)
(-0.1588160351 0 -0.6389204903)
(-0.1103639106 0 -0.6497327636)
(-0.1988143295 0 -0.6687315514)
(-0.2412857418 0 -0.7138334471)
(-0.263141061 0 -0.7219053893)
(-0.2888020987 0 -0.7813320646)
(-0.3553149268 0 -0.892149556)
(-0.325490779 0 -0.8672142103)
(-0.4531496459 0 -1.038734891)
(-0.5846921252 0 -1.153599252)
(-0.1181830189 0 -0.9451097328)
(-0.7160501673 0 -1.107282062)
(-0.5626839981 0 -0.7609920269)
(0.04539610558 0 -0.9059612711)
(-0.01758537097 0 -0.4827156082)
(0.197493397 0 -0.4687829475)
(0.2124585633 0 -0.816292733)
(0.2560553818 0 -0.444774602)
(0.3036482307 0 -0.3871949494)
(0.2437523231 0 -0.8894345427)
(0.2666895234 0 -0.3042202987)
(0.1265874564 0 -0.1855878321)
(0.4814460166 0 -1.004261085)
(-0.08784295029 0 -0.008746802514)
(-0.06626235345 0 0.006835206433)
(0.7479363701 0 -0.8391989624)
(0.2964459381 0 -0.3904384287)
(-0.231602404 0 0.4208639244)
(-0.1706244026 0 0.3805521463)
(-0.2915923492 0 0.4392476792)
(-0.3927774455 0 0.3443600711)
(-0.2796005687 0 0.4113659566)
(-0.4478956939 0 0.1843921408)
(-0.4473089239 0 0.05926985374)
(-0.3450057732 0 0.2724164028)
(-0.4470875029 0 -0.03423920571)
(-0.4606069573 0 -0.1293153712)
(-0.5004327319 0 0.08618093374)
(-0.4617856141 0 -0.1994012861)
(-0.4668418202 0 -0.2422335518)
(-0.4917478008 0 -0.0805881272)
(-0.5177180505 0 -0.2694060656)
(-0.6005120602 0 -0.2924466613)
(-0.5586818105 0 -0.1711486811)
(-0.6746891711 0 -0.3298957176)
(-0.7630051942 0 -0.3872006363)
(-0.5604495841 0 -0.1381467576)
(-0.8173204786 0 -0.3998202342)
(-0.7922894429 0 -0.3591505752)
(-0.7413547334 0 -0.3029286811)
(-0.7520315555 0 -0.3106308862)
(-0.7019153137 0 -0.2641114822)
(-0.6754887919 0 -0.2103298113)
(-0.6370391851 0 -0.2052246468)
(-0.5626256699 0 -0.1256134225)
(-0.5493356697 0 -0.05151739257)
(-0.465071499 0 -0.004375694385)
(-0.365549411 0 0.1317569255)
(-0.2370545343 0 0.16688621)
(-0.2713059083 0 0.2130179983)
(-0.08879065333 0 0.2138533711)
(0.04242875505 0 0.3516626086)
(0.05173420821 0 0.3134152739)
(0.08189412477 0 0.4101336099)
(0.07706976826 0 0.4485263512)
(0.0776506454 0 0.4598608174)
(0.08680587479 0 0.4855223345)
(0.1042186006 0 0.5042065333)
(0.09947836724 0 0.5082360194)
(0.1087955633 0 0.5322522233)
(0.1048003854 0 0.5546646884)
(0.1146125687 0 0.5567573613)
(0.1187063529 0 0.5822719479)
(0.1032093816 0 0.5961814876)
(0.1632823901 0 -0.4887856104)
(0.1240687499 0 -0.5178028828)
(0.006051326842 0 -1.285880471)
(0.05872956809 0 -0.519598287)
(0.005789757553 0 -0.585680873)
(0.05552051499 0 -1.503785691)
(0.03179658028 0 -0.8098649617)
(0.0896911644 0 -1.008517094)
(0.07535237503 0 -1.444725632)
(0.1434095933 0 -1.120422951)
(0.1812689814 0 -1.153460413)
(0.1022083807 0 -1.462102561)
(0.207352881 0 -1.141448867)
(0.2447343925 0 -1.157765399)
(0.1579781199 0 -1.761982392)
(0.3112641434 0 -1.241319642)
(0.4145391213 0 -1.370108648)
(0.2373553735 0 -2.191591092)
(0.5631948478 0 -1.503837931)
(0.7661485961 0 -1.592124416)
(0.357774431 0 -2.61175063)
(1.024862633 0 -1.563952861)
(1.29065406 0 -1.308598613)
(0.6047182132 0 -2.610264211)
(1.078887288 0 -0.5689629258)
(-0.2583545151 0 0.3377058281)
(0.07127117284 0 0.6327450102)
(-0.3993260133 0 0.3845262864)
(-0.4492241384 0 0.3919465946)
(-0.265530339 0 0.4584892757)
(-0.6725682483 0 0.4350509049)
(-0.6510437797 0 0.5225746072)
(-0.3739821855 0 0.3903887735)
(-0.5209099603 0 0.5577809857)
(-0.3828179264 0 0.5203429926)
(-0.2579250496 0 0.3291197612)
(-0.3118201507 0 0.4333782163)
(-0.3961049637 0 0.3184451785)
(-0.2341946589 0 0.4824764056)
(-0.493444391 0 0.1564872018)
(-0.5285287394 0 -0.02461630679)
(-0.4907030446 0 0.2171413256)
(-0.4961365355 0 -0.1943955594)
(-0.4770689466 0 -0.2962157818)
(-0.4843800359 0 -0.1432024817)
(-0.5223309123 0 -0.3578926559)
(-0.5936341842 0 -0.3921650959)
(-0.4866606805 0 -0.2788746677)
(-0.6798746871 0 -0.4260931333)
(-0.7624226593 0 -0.4581163355)
(-0.6099839369 0 -0.3683194247)
(-0.814096692 0 -0.4724162644)
(-0.8473302943 0 -0.4691135315)
(-0.7840553307 0 -0.4415284414)
(-0.8641197902 0 -0.4552020705)
(-0.8604016755 0 -0.433600547)
(-0.8667895422 0 -0.4400106418)
(-0.8493937642 0 -0.4080970019)
(-0.8312567565 0 -0.3802715531)
(-0.8150771493 0 -0.3708021277)
(-0.8001748142 0 -0.3479827929)
(-0.7518739315 0 -0.307896305)
(-0.7259083668 0 -0.2905359203)
(-0.6849196006 0 -0.2574715637)
(-0.6001206563 0 -0.1934948042)
(-0.5741644767 0 -0.1639430678)
(-0.5010684608 0 -0.1122314675)
(-0.3628945543 0 0.02249926406)
(-0.3578437261 0 0.07065908923)
(-0.2858480126 0 0.1152410751)
(-0.2533732992 0 0.1867596773)
(-0.2640960003 0 0.2538437095)
(-0.2392738654 0 0.2569773376)
(-0.193276852 0 0.3329983107)
(-0.004136422388 0 0.2953044036)
(-0.1000885325 0 0.360030905)
(0.04541682484 0 0.3694763198)
(0.09909644136 0 0.4501008979)
(0.109890549 0 0.4243404396)
(0.1247878912 0 0.4828525322)
(0.09820077127 0 0.5229215586)
(0.1271805012 0 0.5241619853)
(0.1294389467 0 0.5574313575)
(0.1163541219 0 0.5726823239)
(0.1317867477 0 -0.4253669692)
(0.08729593322 0 -0.4257619315)
(0.05902537104 0 -0.4156421281)
(0.03990142706 0 -0.4285417533)
(-0.01038015292 0 -0.4436672223)
(-0.05170815542 0 -0.4052233763)
(-0.06842104657 0 -0.4677582533)
(-0.1159983807 0 -0.497896641)
(-0.1154341402 0 -0.4227784517)
(-0.1421561568 0 -0.5252417663)
(-0.1562331775 0 -0.5448762077)
(0.04307953786 0 -0.6890181821)
(-0.04577166722 0 -0.5903163759)
(0.1813587071 0 -0.6709826769)
(0.286312421 0 -0.8839544414)
(0.3694213119 0 -0.695236321)
(0.528080385 0 -0.6599424407)
(0.4852353143 0 -0.8857030249)
(0.6452016201 0 -0.5858344585)
(0.7131939547 0 -0.4991658369)
(0.7949341546 0 -0.895415788)
(0.745429954 0 -0.4157506773)
(0.7211574538 0 -0.3622579379)
(1.161889484 0 -0.7419695578)
(0.9275418125 0 -0.3250971477)
(-0.1923879816 0 0.3167657528)
(-0.2355947503 0 0.336369697)
(-0.4668963352 0 0.2834300967)
(-0.4792883186 0 0.2227993716)
(-0.4670141902 0 0.32675798)
(-0.8051870325 0 0.333038506)
(-0.8882276985 0 0.5240944797)
(-0.8376518923 0 0.5105002342)
(-0.7355621427 0 0.668393797)
(-0.6267989003 0 0.5498363572)
(-0.6267890436 0 0.5715527949)
(-0.6069479007 0 0.198844481)
(-0.5318040813 0 -0.09211614301)
(-0.5555714191 0 0.1102605666)
(-0.4806936174 0 -0.251747957)
(-0.4948929218 0 -0.3638975893)
(-0.4967085123 0 -0.2331440417)
(-0.5433067195 0 -0.43196527)
(-0.5835166203 0 -0.4502314859)
(-0.5522758845 0 -0.4130041953)
(-0.6242369643 0 -0.4488609929)
(-0.6641178411 0 -0.439945716)
(-0.6768636533 0 -0.4477234883)
(-0.7002363579 0 -0.4280862683)
(-0.7355974632 0 -0.4231357204)
(-0.7761008825 0 -0.4514928675)
(-0.7707360491 0 -0.4396702941)
(-0.80787498 0 -0.4517388934)
(-0.8278567402 0 -0.4580051289)
(-0.8333724667 0 -0.4400914296)
(-0.8471054252 0 -0.4189152463)
(-0.855066705 0 -0.4284060425)
(-0.8532227762 0 -0.3987213462)
(-0.8508770659 0 -0.3792962798)
(-0.843934911 0 -0.3823676527)
(-0.836854297 0 -0.3575564013)
(-0.8065189758 0 -0.3302413362)
(-0.7797108244 0 -0.3209582334)
(-0.7542511594 0 -0.293949623)
(-0.6749569863 0 -0.244352816)
(-0.6345105861 0 -0.220410898)
(-0.5679504546 0 -0.1755305683)
(-0.4398214356 0 -0.08088588899)
(-0.3994752967 0 -0.03134712419)
(-0.2747518572 0 0.07948641604)
(-0.2303662036 0 0.14153865)
(-0.23203392 0 0.160854202)
(-0.1888741918 0 0.2018989895)
(-0.1516108696 0 0.2533637391)
(-0.1777150213 0 0.2725723201)
(-0.1234638584 0 0.2984245303)
(-0.1146295613 0 0.340884853)
(-0.141077884 0 0.3869431371)
(-0.114462341 0 0.3888561416)
(-0.09166945062 0 0.4316186947)
(0.07104264532 0 0.4335133802)
(-0.00576725494 0 0.4611130034)
(0.06910418869 0 0.4736692137)
(0.146455139 0 0.5095208601)
(0.06680841738 0 -0.3138509788)
(0.05439935415 0 -0.2867453809)
(0.03462202705 0 -0.4448533028)
(0.08056839575 0 -0.274759202)
(0.1360517887 0 -0.3034510808)
(-0.09184726118 0 -0.5695354366)
(0.1734457896 0 -0.3459172307)
(0.1869316211 0 -0.3537587302)
(-0.1704011986 0 -0.720385746)
(0.3470746682 0 -0.3791076594)
(0.3590943369 0 -0.2170504479)
(-0.2070900026 0 -0.6922859498)
(-0.1400838595 0 -0.07983067161)
(-0.2120965141 0 0.2500059201)
(0.212815154 0 -0.3776411761)
(-0.2802851609 0 0.3461423496)
(-0.3472973369 0 0.4352183273)
(0.3451533142 0 -0.25773991)
(-0.3981187845 0 0.5027785394)
(-0.3645791121 0 0.4479442215)
(0.2985518817 0 0.03058274323)
(-0.2285762954 0 0.3627134371)
(-0.396378374 0 0.4457946225)
(-0.1879519396 0 0.3135472187)
(-0.5035635873 0 0.1603377797)
(-0.4493591396 0 -0.1659481137)
(-0.4582584537 0 0.0579214258)
(-0.7405949937 0 0.2539135035)
(-0.6383195599 0 0.7454471049)
(-0.8719412631 0 0.5643981069)
(-0.4779560065 0 0.5942075168)
(-0.5131534268 0 0.3552709109)
(-0.5986278054 0 0.4712397821)
(-0.4468713001 0 -0.04799409926)
(-0.4025602888 0 -0.3052937906)
(-0.4456157467 0 -0.216946132)
(-0.4554383825 0 -0.4496125145)
(-0.4918060334 0 -0.4720307167)
(-0.5038733374 0 -0.4412313807)
(-0.5095474481 0 -0.461934541)
(-0.5241769475 0 -0.4370559279)
(-0.5632240359 0 -0.4527941737)
(-0.5469513279 0 -0.4100271602)
(-0.5826307347 0 -0.3852928989)
(-0.6220220302 0 -0.4135582304)
(-0.6314101257 0 -0.3678294069)
(-0.6873203638 0 -0.3673111383)
(-0.709096397 0 -0.3952226121)
(-0.7320890914 0 -0.4079272916)
(-0.7636963206 0 -0.4262218199)
(-0.7897983093 0 -0.4420300145)
(-0.7886283516 0 -0.4085577326)
(-0.8119818708 0 -0.3886134042)
(-0.8322985919 0 -0.4044885178)
(-0.8331477957 0 -0.3759556151)
(-0.8487900242 0 -0.365927663)
(-0.8524463033 0 -0.3734575663)
(-0.8550798672 0 -0.3541234714)
(-0.8472983947 0 -0.3376127934)
(-0.8296210081 0 -0.3356898721)
(-0.8189205958 0 -0.3137840339)
(-0.7614581434 0 -0.2787689252)
(-0.7184959394 0 -0.2639255657)
(-0.66584544 0 -0.2262576617)
(-0.5252935173 0 -0.1471341347)
(-0.4786316571 0 -0.1178373542)
(-0.3149496588 0 0.009892953456)
(-0.2273057868 0 0.1114982614)
(-0.2301646674 0 0.1257797572)
(-0.1861857964 0 0.1764277105)
(-0.1482821794 0 0.2296887641)
(-0.1491178535 0 0.2397507054)
(-0.1105239599 0 0.2762466516)
(-0.07406136759 0 0.3178494436)
(-0.08146365348 0 0.3265652204)
(-0.0417612608 0 0.3554546921)
(-0.01587369799 0 0.390358872)
(-0.05662005579 0 0.4008554651)
(0.05669718525 0 -0.1814119666)
(0.05159841668 0 -0.134488434)
(0.03598643638 0 -0.176192932)
(0.00308644713 0 -0.1278906341)
(-0.2686255316 0 -0.2213391054)
(-0.02384268064 0 -0.2152812686)
(-0.5257098024 0 -0.2530143719)
(-0.6907839214 0 -0.2451948145)
(-0.5053118134 0 -0.2638273482)
(0.4140277844 0 -0.1798053697)
(0.5366601924 0 -0.1697322373)
(0.4753261224 0 -0.1762634397)
(-0.2400977174 0 0.3297983076)
(-0.3000793971 0 0.4189188319)
(-0.263795397 0 0.3337524474)
(-0.3647912004 0 0.4955768329)
(-0.4327335773 0 0.5569752966)
(-0.4124536938 0 0.4911641134)
(-0.4976092223 0 0.6014902438)
(-0.5579513879 0 0.6306632839)
(-0.5469819491 0 0.5938653278)
(-0.6123547582 0 0.6497010563)
(-0.6390669049 0 0.6572317326)
(-0.5695262414 0 0.5226683786)
(-0.5945551338 0 0.6283213869)
(-0.5882801761 0 0.6109613123)
(-0.5119181465 0 0.1428158481)
(-0.197525755 0 0.6564918977)
(0.1299482131 0 0.4744010305)
(0.04806070055 0 0.9141111237)
(-0.3958326144 0 -0.04761100887)
(-0.2104596925 0 -0.1475142418)
(-0.3403142915 0 0.1805007578)
(-0.2817800587 0 -0.4332066154)
(-0.392489114 0 -0.5220785834)
(-0.4025429061 0 -0.3967000851)
(-0.4205969091 0 -0.4982322711)
(-0.4283297043 0 -0.4635282815)
(-0.4630364853 0 -0.4750968225)
(-0.4316947763 0 -0.4275294152)
(-0.4427774433 0 -0.3949914956)
(-0.4812475161 0 -0.4157185819)
(-0.4662621449 0 -0.3629766514)
(-0.5048718354 0 -0.3333296609)
(-0.5450149157 0 -0.3583338012)
(-0.5590785721 0 -0.3145714009)
(-0.6226238326 0 -0.3136686726)
(-0.6598697827 0 -0.3392076267)
(-0.6720294484 0 -0.3683341096)
(-0.6968918754 0 -0.3882523122)
(-0.7315457943 0 -0.4072625808)
(-0.7271103997 0 -0.3730705827)
(-0.7615753867 0 -0.3574191563)
(-0.7882117238 0 -0.3728721286)
(-0.7957570666 0 -0.3503317756)
(-0.8263054911 0 -0.3462243998)
(-0.840035888 0 -0.3568812653)
(-0.8501593646 0 -0.3409274604)
(-0.8637277832 0 -0.3323001404)
(-0.858752763 0 -0.3364057436)
(-0.8612423348 0 -0.3185269769)
(-0.8338976038 0 -0.296170691)
(-0.8006474083 0 -0.2893521887)
(-0.7698179327 0 -0.2587902554)
(-0.6525473155 0 -0.1984069136)
(-0.5848493441 0 -0.1746577801)
(-0.44214529 0 -0.1022271458)
(-0.1954490808 0 0.1070136431)
(-0.2173108239 0 0.1033013905)
(-0.1575670696 0 0.1638778792)
(-0.1269767827 0 0.2164063884)
(-0.1414033263 0 0.2217496603)
(-0.09721447065 0 0.2626433635)
(-0.06567072181 0 0.3054117691)
(-0.07181128136 0 0.3111221727)
(-0.03168173747 0 0.345212086)
(0.004766371108 0 0.3781750358)
(-0.001732484193 0 0.3854373082)
(0.1116905252 0 -0.1674696615)
(0.07415276141 0 -0.1340112522)
(0.07204544213 0 -0.1246767389)
(-0.0006476266361 0 -0.1248004275)
(-0.2056266727 0 -0.1552753671)
(-0.2569602772 0 -0.1854335735)
(-0.5026965967 0 -0.1999294888)
(-0.7587308815 0 -0.2450301488)
(-0.7242340779 0 -0.2368068976)
(0.2913726208 0 -0.113165813)
(-0.1772519783 0 0.343611044)
(0.4937286526 0 -0.1694471443)
(-0.6530812631 0 0.4170436346)
(-0.5196732241 0 0.5618878266)
(-0.3555498999 0 0.499676214)
(-0.4618388365 0 0.6554325761)
(-0.48787984 0 0.7084115678)
(-0.4523809803 0 0.6314114118)
(-0.5428882713 0 0.731466791)
(-0.596798527 0 0.7331401706)
(-0.5737239783 0 0.6825586868)
(-0.6381976548 0 0.7185447035)
(-0.661275382 0 0.693580916)
(-0.6519564503 0 0.6708414865)
(-0.6580399268 0 0.6859436073)
(-0.6205111762 0 0.6765403049)
(-0.6134785969 0 0.6453963665)
(-0.4899769573 0 0.3352466472)
(-0.4040820711 0 -0.07810582314)
(-0.2806982547 0 0.2610349597)
(-0.2470114697 0 -0.2437708599)
(-0.340794316 0 -0.4699757241)
(-0.2579979955 0 -0.2981572514)
(-0.4031849871 0 -0.6208262567)
(-0.4601249716 0 -0.5939900168)
(-0.3921833374 0 -0.5540856021)
(-0.4825110989 0 -0.5362250197)
(-0.4824292078 0 -0.4761382774)
(-0.4250609177 0 -0.4603466056)
(-0.4705230418 0 -0.4269246668)
(-0.4542558612 0 -0.3837367672)
(-0.4257175321 0 -0.3819227283)
(-0.4422738177 0 -0.3423938917)
(-0.4431195971 0 -0.3046941798)
(-0.4658727693 0 -0.3135817916)
(-0.4687555724 0 -0.2838923785)
(-0.5264871458 0 -0.2840197668)
(-0.5765192745 0 -0.294197455)
(-0.5969123961 0 -0.3435910755)
(-0.6254505657 0 -0.3555032313)
(-0.6613462701 0 -0.3708002277)
(-0.6587895068 0 -0.3412256475)
(-0.7000114544 0 -0.3276154419)
(-0.7321412637 0 -0.3422015579)
(-0.7429047738 0 -0.32185383)
(-0.7846239613 0 -0.3201505523)
(-0.8077506732 0 -0.3339183356)
(-0.8225394935 0 -0.3185312283)
(-0.8542716307 0 -0.3155744456)
(-0.8622047639 0 -0.3253619001)
(-0.8754528532 0 -0.3103902066)
(-0.8783185407 0 -0.3000150375)
(-0.8599347159 0 -0.2996158974)
(-0.8510951418 0 -0.2754354552)
(-0.7787150612 0 -0.2258771877)
(-0.7191905562 0 -0.2150894573)
(-0.6150486746 0 -0.1529344437)
(-0.1388425234 0 0.1271096157)
(-0.1673744216 0 0.1173132523)
(-0.1046338677 0 0.1650581218)
(-0.08084475837 0 0.2106911783)
(-0.1063070413 0 0.2129284486)
(-0.05756007829 0 0.2544613495)
(-0.03300420564 0 0.2972166446)
(-0.05312971803 0 0.3011386875)
(-0.005455190784 0 0.3326993015)
(0.01586440458 0 0.3571505186)
(0.004790750551 0 0.3706781171)
(0.08038582425 0 -0.1054740408)
(-0.05515992611 0 -0.119639586)
(-0.1157128029 0 -0.1297648887)
(-0.469757602 0 -0.2173202604)
(-1.028773712 0 -0.4291961845)
(-0.8484333702 0 -0.2916036398)
(-0.2246889345 0 0.4710344895)
(-0.1917598786 0 0.3469430695)
(-0.1484297975 0 0.3900291437)
(-1.142863575 0 0.2629292179)
(-0.9280161859 0 0.5902024554)
(-0.773041183 0 0.5891924775)
(-0.7378997293 0 0.7694937576)
(-0.6522917957 0 0.8370292101)
(-0.5653072653 0 0.7771065068)
(-0.6443752018 0 0.8355002059)
(-0.6675874338 0 0.7990157598)
(-0.6277767431 0 0.7723217595)
(-0.6892318162 0 0.7492612192)
(-0.6906732811 0 0.7032653034)
(-0.6764705648 0 0.7056138402)
(-0.65554234 0 0.7027285118)
(-0.5479086329 0 0.4324714637)
(-0.5826916482 0 0.6418959173)
(-0.5447580615 0 -0.3283998289)
(-0.3072275146 0 -0.4191097209)
(-0.377784553 0 -0.3494978298)
(-0.3595300978 0 -0.4671170975)
(-0.4603716286 0 -0.6086120245)
(-0.4277288505 0 -0.5661731359)
(-0.5221977017 0 -0.644798474)
(-0.5495992235 0 -0.6083795922)
(-0.5285602862 0 -0.609475128)
(-0.5592581671 0 -0.5485595746)
(-0.5621609283 0 -0.4916542459)
(-0.5406680272 0 -0.4896653577)
(-0.5563054379 0 -0.4418490935)
(-0.540380275 0 -0.39711711)
(-0.5056863024 0 -0.3927998018)
(-0.5138575595 0 -0.3578293606)
(-0.4800453619 0 -0.324854355)
(-0.4506721043 0 -0.310185031)
(-0.4553016769 0 -0.3034425214)
(-0.4711931652 0 -0.2967828468)
(-0.4845174768 0 -0.2856268929)
(-0.5375791883 0 -0.3271894224)
(-0.5632857867 0 -0.3248540652)
(-0.5908088791 0 -0.3415464269)
(-0.5889263076 0 -0.3147401697)
(-0.6301986737 0 -0.305416301)
(-0.6656168609 0 -0.3147834533)
(-0.6772306103 0 -0.2954436133)
(-0.726639541 0 -0.2907621927)
(-0.7573603171 0 -0.305440326)
(-0.7745099044 0 -0.2884425282)
(-0.8199764375 0 -0.287546204)
(-0.8400956408 0 -0.3029264649)
(-0.8610160453 0 -0.2886096832)
(-0.892261283 0 -0.2915410231)
(-0.8890833236 0 -0.2974296497)
(-0.900962093 0 -0.2827504734)
(-0.8715951665 0 -0.2384434304)
(-0.8295167755 0 -0.2331821403)
(-0.7632743126 0 -0.1615439824)
(-0.07034304262 0 0.1478670097)
(-0.1076123722 0 0.1366600476)
(-0.03627650101 0 0.1728874005)
(-0.01200269597 0 0.2115274796)
(-0.05038062009 0 0.2099130568)
(0.009441438176 0 0.2495246234)
(0.02119254167 0 0.2783707712)
(-0.002425552828 0 0.2922347135)
(-0.5353398404 0 0.5853305572)
(0.01221301093 0 0.02700390496)
(0.9333087678 0 -1.173588853)
(-0.3431504244 0 -0.2004879597)
(-0.3569314 0 -0.4137503723)
(-0.2981281726 0 -0.1787984296)
(-0.8235612188 0 0.06580054889)
(-0.664262011 0 0.7085365103)
(-0.9118386598 0 0.614192661)
(-0.5666616495 0 0.9890181988)
(-0.5757069911 0 1.049152498)
(-0.6752820967 0 0.9234790548)
(-0.6323216571 0 0.9935213904)
(-0.6900484045 0 0.8800345922)
(-0.6985644886 0 0.831215877)
(-0.7156550016 0 0.7585937602)
(-0.6959137926 0 0.6845385323)
(-0.6997687198 0 0.6924265279)
(-0.6208036062 0 0.6140723148)
(-0.4533558329 0 -0.2802531711)
(-0.5261388262 0 0.01350859416)
(-0.2632940793 0 -0.5151698648)
(-0.2536142067 0 -0.476800625)
(-0.262703251 0 -0.4409507269)
(-0.3583055741 0 -0.5902855865)
(-0.465146272 0 -0.6418198678)
(-0.4625488435 0 -0.6321281466)
(-0.515377641 0 -0.6366512349)
(-0.5368847999 0 -0.5880023929)
(-0.5421071335 0 -0.6009330932)
(-0.5533839134 0 -0.5338367662)
(-0.5687568551 0 -0.4811152115)
(-0.5627500146 0 -0.4875914918)
(-0.5795527299 0 -0.4306436157)
(-0.5815177602 0 -0.3858917235)
(-0.5594104418 0 -0.3944057735)
(-0.5710632578 0 -0.3521759119)
(-0.5520062016 0 -0.3284030256)
(-0.5158030475 0 -0.3357203943)
(-0.5374387103 0 -0.306657658)
(-0.5385107807 0 -0.2828567513)
(-0.49777249 0 -0.3019731259)
(-0.5537706322 0 -0.2675457542)
(-0.5692204701 0 -0.2564167602)
(-0.5541119661 0 -0.2976622039)
(-0.5723986926 0 -0.2684360596)
(-0.5813601667 0 -0.2919339025)
(-0.5978527861 0 -0.3001013015)
(-0.6063351216 0 -0.2881512325)
(-0.6602031926 0 -0.2696332987)
(-0.6934698869 0 -0.2777895659)
(-0.7116359557 0 -0.2563566)
(-0.7648039781 0 -0.2510913438)
(-0.7945050473 0 -0.2699056723)
(-0.8184548557 0 -0.2507986695)
(-0.87501025 0 -0.2665505886)
(-0.8877029583 0 -0.2816393586)
(-0.9216199849 0 -0.2837845914)
(-0.932112671 0 -0.2458018029)
(-0.9055347076 0 -0.2424948987)
(-0.8630921588 0 -0.154767897)
(0.06769816554 0 0.168545544)
(-0.005191142897 0 0.1726063705)
(0.04902759121 0 0.1649962367)
(0.05144131964 0 0.1978529456)
(0.0283564328 0 0.2072050323)
(-1.004294765 0 1.002037537)
(-0.7892723988 0 0.940800415)
(-0.5055259968 0 0.483867989)
(-0.6229534403 0 0.8645781091)
(-0.6689303851 0 0.7889023508)
(-0.3498409224 0 -0.0750367609)
(0.008546192929 0 0.6114115427)
(0.1785364932 0 0.6882041497)
(-0.1593279774 0 0.8593341215)
(-0.06536758269 0 0.7567334357)
(-0.3973208848 0 0.7734646003)
(-0.3887017914 0 1.072435028)
(-0.6346034334 0 0.7430966627)
(-0.726885648 0 0.6905339883)
(-0.6557712686 0 0.8767350648)
(-0.7163395431 0 0.6343179404)
(-0.6576689156 0 0.602309167)
(-0.6786232234 0 0.6634994573)
(-0.577242733 0 0.469090718)
(-0.3042331651 0 -0.3735874424)
(-0.353002578 0 -0.3807263904)
(-0.1997500883 0 -0.4426163178)
(-0.3379498117 0 -0.4881535859)
(-0.2541871821 0 -0.4961853537)
(-0.4892414016 0 -0.5804842556)
(-0.5771556966 0 -0.5854307813)
(-0.4978746661 0 -0.6287271125)
(-0.6179407164 0 -0.5540452768)
(-0.6454288464 0 -0.5133626729)
(-0.5672760915 0 -0.5640544514)
(-0.6593635888 0 -0.470423016)
(-0.6594946697 0 -0.4213653352)
(-0.6057017534 0 -0.4677585447)
(-0.6476397759 0 -0.369592448)
(-0.6265691744 0 -0.3233516381)
(-0.6122754525 0 -0.3679459525)
(-0.6005661561 0 -0.2887312028)
(-0.5758266275 0 -0.2640585577)
(-0.5730785193 0 -0.3022031335)
(-0.5609310954 0 -0.2414234705)
(-0.5626579655 0 -0.2137025946)
(-0.5594154018 0 -0.2475431429)
(-0.5805204149 0 -0.1943085712)
(-0.6166267 0 -0.1728009393)
(-0.5967080075 0 -0.2103751071)
(-0.6510379712 0 -0.1622686149)
(-0.6609348824 0 -0.1912617562)
(-0.6025238908 0 -0.2600005258)
(-0.6190440335 0 -0.2931847556)
(-0.7088638376 0 -0.2989155873)
(-0.640687602 0 -0.2733199249)
(-0.640913795 0 -0.2334262167)
(-0.7010032868 0 -0.2189676166)
(-0.7327653193 0 -0.2330977136)
(-0.7540774217 0 -0.2005562588)
(-0.8224918955 0 -0.2136362114)
(-0.8535217709 0 -0.2445712063)
(-0.9137939584 0 -0.2771304799)
(-0.9667211583 0 -0.2509231033)
(-0.9521956451 0 -0.2486079913)
(-0.9208078847 0 -0.1407777895)
(-0.1721125177 0 0.1124299673)
(0.07523115116 0 0.1715415106)
(0.03432882355 0 0.1153750333)
(0.07866687224 0 0.1519988663)
(0.06780184775 0 0.1805435857)
(-1.192411401 0 1.016866104)
(-1.153736634 0 1.012921172)
(-1.05198733 0 0.9889844603)
(-1.080307417 0 0.9719317882)
(-1.004413344 0 0.8676284812)
(-0.7107436086 0 0.8742133643)
(-0.9517026683 0 0.7993096938)
(-0.9000527314 0 0.7526421041)
(-0.8276767424 0 0.7882344092)
(-0.8387434536 0 0.7061418846)
(-0.764783647 0 0.649356541)
(-0.7816446755 0 0.6698527634)
(-0.6765534634 0 0.5795776881)
(-0.574013122 0 0.5116777045)
(-0.6243866332 0 0.5621526395)
(-0.4355099945 0 0.2426401924)
(-0.2258383685 0 -0.3937549192)
(-0.2832749861 0 -0.3765060913)
(-0.2927771719 0 -0.4306982016)
(-0.4026567783 0 -0.4926128159)
(-0.4294291065 0 -0.5054976827)
(-0.4579909205 0 -0.4995323733)
(-0.4996094946 0 -0.4733694154)
(-0.5806092156 0 -0.5211060429)
(-0.5290766336 0 -0.4354098028)
(-0.5514686745 0 -0.394382077)
(-0.6341973633 0 -0.4340181374)
(-0.5805675699 0 -0.3600102786)
(-0.6038385345 0 -0.3238718951)
(-0.6369796851 0 -0.3428348483)
(-0.5992898545 0 -0.2770304803)
(-0.5758622486 0 -0.2247588118)
(-0.6016392244 0 -0.2602698028)
(-0.5603912934 0 -0.1802878344)
(-0.5533209713 0 -0.1555572508)
(-0.5665493464 0 -0.2151549754)
(-0.5398970459 0 -0.1483046346)
(-0.5272693812 0 -0.1429124326)
(-0.5509331926 0 -0.1810111628)
(-0.5469609509 0 -0.1413918637)
(-0.5953793198 0 -0.1264626971)
(-0.6168065598 0 -0.1469519981)
(-0.6520998849 0 -0.08404569259)
(-0.7340948146 0 -0.0400221234)
(-0.7176195594 0 -0.1072546186)
(-0.8632311948 0 -0.2133975073)
(-1.186929895 0 -0.2876393957)
(-0.9439592625 0 -0.3183659311)
(-0.5627589804 0 -0.2173022911)
(-0.6479234415 0 -0.216282985)
(-0.6721902638 0 -0.2124179471)
(-0.695046647 0 -0.1637990218)
(-0.7348854333 0 -0.1232295889)
(-0.7819293513 0 -0.1723693335)
(-0.8668122342 0 -0.253604616)
(-0.9812155008 0 -0.258985017)
(-0.9764713859 0 -0.2544610173)
(-0.962728632 0 -0.1270610175)
(-0.5830583957 0 0.03873956593)
(-0.4633915332 0 0.06981313022)
(-0.9666508221 0 0.810664541)
(-0.9053230183 0 0.7725257408)
(-0.9012937296 0 0.7573448927)
(-0.8175813408 0 0.7034801017)
(-0.6998795971 0 0.6037931455)
(-0.7412731219 0 0.6343724191)
(-0.5505322525 0 0.4730853266)
(-0.3733869999 0 0.3161057631)
(-0.5000482549 0 0.4390776068)
(-0.1943326727 0 -0.102390064)
(-0.1534306788 0 -0.3531548532)
(-0.1756318954 0 -0.3851612028)
(-0.2137171693 0 -0.396031084)
(-0.2660642304 0 -0.4130296891)
(-0.3305292281 0 -0.4550643071)
(-0.3166458201 0 -0.4165978837)
(-0.3642572585 0 -0.4057727761)
(-0.4232979731 0 -0.4376054477)
(-0.4042276909 0 -0.3878416484)
(-0.4546035348 0 -0.3786112877)
(-0.4913089953 0 -0.3817638439)
(-0.5235180531 0 -0.3767224778)
(-0.60017132 0 -0.3689605398)
(-0.5945709213 0 -0.3423643708)
(-0.6567973495 0 -0.3400706559)
(-0.6724503598 0 -0.2865604108)
(-0.6038204969 0 -0.2414813745)
(-0.6674841826 0 -0.2160944938)
(-0.6735298366 0 -0.1133677315)
(-0.54338656 0 -0.09153895175)
(-0.6198109528 0 0.1319403475)
(-0.5268019693 0 0.06730196625)
(-0.5018713658 0 -0.08346236919)
(-0.4340238962 0 -0.05644945833)
(-0.4892667693 0 -0.07715662277)
(-0.5535132143 0 -0.1040265155)
(-0.5395708321 0 -0.00590955381)
(-0.6333792067 0 -0.01565281952)
(-0.6990515247 0 -0.007270588246)
(-1.006704578 0 -0.2533960869)
(-1.402195739 0 -0.1572831473)
(-1.336599816 0 -0.2249313643)
(-0.6949099385 0 -0.07337186841)
(-0.6095514801 0 -0.2492707087)
(-0.6278270445 0 -0.2300651026)
(-0.6705798355 0 -0.1618980697)
(-0.6631272831 0 -0.05448280411)
(-0.6906454484 0 -0.07767738234)
(-0.04065236538 0 -0.1733394725)
(0.03177301984 0 -0.158712242)
(-0.6002559365 0 0.5193731532)
(0.04776125086 0 -0.1373728379)
(0.02086313091 0 -0.1516362957)
(-0.145162907 0 0.06660618384)
(-0.03104557616 0 -0.2004265625)
(-0.0795222787 0 -0.2451773706)
(-0.1259429722 0 -0.311119558)
(-0.124422949 0 -0.2883244228)
(-0.1773438719 0 -0.3280106235)
(-0.209692287 0 -0.3705976901)
(-0.2369314004 0 -0.3563501482)
(-0.2937402928 0 -0.3753009069)
(-0.317841438 0 -0.3800633003)
(-0.3508685757 0 -0.3879879192)
(-0.4170350262 0 -0.39774771)
(-0.4316923308 0 -0.3841345559)
(-0.5011780136 0 -0.4119006054)
(-0.61156943 0 -0.4284007221)
(-0.6082177075 0 -0.398166204)
(-0.725299306 0 -0.4248178107)
(-0.79626609 0 -0.3822035546)
(-0.7407136546 0 -0.3348565481)
(-0.8264166324 0 -0.3146012886)
(-0.8882456652 0 -0.2367299604)
(-0.804980386 0 -0.2001223044)
(-0.8053727617 0 0.6827881205)
(-0.6753675644 0 0.7378671548)
(-0.585767067 0 0.3716214116)
(-0.5118409294 0 0.4739542034)
(-0.2968359362 0 0.1380634059)
(-0.3828546923 0 -0.04262944378)
(-0.3677744491 0 0.1221811606)
(-0.6712435292 0 -0.2642519182)
(-0.5955982424 0 -0.08732070619)
(-1.075125563 0 -0.470393542)
(-1.360937313 0 -0.08009534576)
(-1.402434197 0 -0.1034293762)
(-1.197745449 0 0.0527877248)
(-0.5567464048 0 -0.2834452699)
(-0.5919164617 0 -0.2649344175)
(0.1920411661 0 -0.4711691227)
(0.218599084 0 -0.5895779239)
(-0.06582327992 0 -0.2536557678)
(0.2729140172 0 -0.7553054385)
(0.2454173185 0 -0.7674746535)
(-0.2868293147 0 -0.3867010128)
(-0.0360037856 0 -0.5739903475)
(-0.3184382344 0 -0.4510877336)
(-0.4018480663 0 -0.4159111526)
(-0.4255916816 0 -0.4392635128)
(-0.5620736628 0 -0.4770722057)
(-0.6011726437 0 -0.455976756)
(-0.7259225154 0 -0.515105782)
(-0.8681905038 0 -0.5064776182)
(-0.8384087808 0 -0.4349391985)
(-0.9466797067 0 -0.4124816672)
(-0.9275884601 0 0.01959544381)
(-0.921638079 0 -0.1758399795)
(-0.6276052696 0 0.9396213013)
(-0.5530926739 0 0.9852338577)
(-0.6327131896 0 0.9229980551)
(-0.4874106028 0 0.855144517)
(0.3627177263 0 0.1764600393)
(-0.3390884782 0 0.5553783728)
)
;

boundaryField
{
    dominio_ascii
    {
        type            zeroGradient;
    }
    wallFilmFaces_top
    {
        type            fixedValue;
        value           uniform (0 0 0);
    }
    region0_to_wallFilmRegion_wallFilmFaces
    {
        type            slip;
    }
}


// ************************************************************************* //
