/*--------------------------------*- C++ -*----------------------------------*\
| =========                 |                                                 |
| \\      /  F ield         | OpenFOAM: The Open Source CFD Toolbox           |
|  \\    /   O peration     | Version:  2.1.x                                 |
|   \\  /    A nd           | Web:      www.OpenFOAM.org                      |
|    \\/     M anipulation  |                                                 |
\*---------------------------------------------------------------------------*/
FoamFile
{
    version     2.0;
    format      ascii;
    class       volScalarField;
    location    "1.7";
    object      deltaf;
}
// * * * * * * * * * * * * * * * * * * * * * * * * * * * * * * * * * * * * * //

dimensions      [0 1 0 0 0 0 0];

internalField   nonuniform List<scalar> 
2828
(
3.941666179e-07
4.978294125e-07
1.168761292e-06
2.170480591e-06
3.097276598e-06
8.314498732e-10
9.069618065e-10
7.097612437e-11
6.37841137e-09
3.514999162e-08
1.440724805e-07
6.270863636e-07
1.150230746e-06
1.904861298e-06
2.999370154e-06
5.858802009e-06
9.988497934e-06
7.748881393e-11
2.468200674e-10
4.525976383e-10
7.262843933e-10
9.400951325e-11
8.401960014e-12
1.925691899e-10
6.50262377e-08
2.213167487e-07
3.172134087e-07
6.959269031e-07
1.564191982e-06
3.464075183e-06
7.973132743e-06
1.708598648e-05
2.063198214e-05
1.30328932e-09
1.20452485e-10
3.649847559e-10
2.374682302e-10
1.224090931e-10
1.864167757e-10
1.31033347e-11
2.238995769e-11
6.242894685e-08
3.284933729e-08
2.313823779e-08
1.009996009e-07
6.67038753e-07
2.708105531e-06
9.56201682e-06
2.111050692e-05
3.742113113e-05
5.90165727e-05
2.881779392e-05
2.615744041e-16
1.004142358e-09
2.468036304e-09
2.9335024e-09
1.037579209e-09
1.327808629e-09
7.812000086e-10
2.899945526e-11
3.735850132e-11
1.388071498e-09
1.970438074e-10
1.163476549e-10
5.016068322e-09
3.968604848e-07
5.24702621e-06
1.133422134e-05
1.449280708e-05
1.671500628e-05
2.184243142e-05
2.590042243e-05
1.979582209e-05
8.751204253e-14
5.170506358e-16
4.618691458e-12
3.675464779e-11
7.696681419e-11
1.063494735e-10
1.101610899e-10
1.203911553e-10
1.18484119e-10
7.824907107e-11
3.649978641e-11
9.35812431e-12
3.251238007e-12
3.193984436e-10
2.775133946e-06
1.029471259e-05
1.919267012e-05
2.259146821e-05
1.44654484e-05
1.17282806e-05
1.93208703e-05
2.469715955e-05
1.508178269e-05
1.181976522e-09
8.298298495e-14
1.494886958e-15
2.219365404e-12
4.773552387e-09
2.183739068e-07
1.378536673e-06
3.404018553e-06
1.29868932e-05
1.676616192e-05
9.438029019e-06
2.437032932e-06
2.473906277e-07
5.426416076e-08
1.197119011e-06
6.31285663e-06
1.433353805e-05
2.386582076e-05
3.550675423e-05
3.909922213e-05
1.738095871e-05
1.276134356e-05
1.969764579e-05
1.520231073e-05
9.083871729e-09
1.038246154e-09
6.283380983e-14
3.815389792e-15
2.37982858e-14
1.611259935e-11
2.980642082e-09
7.762228949e-08
5.89595022e-07
7.794951556e-05
2.91195764e-05
2.537040327e-05
2.221265042e-05
2.236439945e-05
2.988967926e-05
5.186009528e-05
2.334482662e-05
1.528033795e-05
1.649316202e-05
2.280450366e-05
3.381894662e-05
3.060896352e-05
1.265528221e-05
1.567151907e-05
1.402222976e-05
8.207432105e-06
2.938022466e-09
2.348559326e-10
1.856952419e-14
4.580456076e-15
1.304918039e-14
7.293763432e-11
1.06998736e-08
1.974081896e-07
1.902301035e-06
3.587521204e-05
3.15233731e-06
1.175116587e-06
8.020059127e-06
2.658820545e-05
5.230520029e-05
5.197441089e-05
3.587961241e-05
1.568279323e-05
1.082334566e-05
1.266001422e-05
1.870867582e-05
2.252221388e-05
1.212955776e-05
1.264728001e-05
1.369265177e-05
9.177373502e-06
6.351448773e-06
3.806700346e-10
4.441780663e-11
7.419502061e-12
4.262261756e-15
2.848488553e-16
1.557587352e-15
2.996413631e-09
1.244549764e-07
7.30886583e-07
5.572367394e-05
7.501978241e-06
1.19017829e-06
4.505739057e-07
2.862368919e-06
8.025665454e-06
1.992191596e-05
4.06124133e-05
4.095064983e-05
1.455493693e-05
9.242331969e-06
9.533538822e-06
1.108175125e-05
1.170457487e-05
7.522650945e-06
9.373095012e-06
1.299309419e-05
1.560141779e-05
1.122667124e-05
3.520477862e-12
2.028727107e-12
6.34176231e-13
7.229709978e-15
4.251599164e-17
4.782757588e-16
2.033339351e-08
4.955553566e-07
1.578125014e-06
3.986800166e-05
4.852460518e-06
4.8287434e-07
3.763946118e-07
2.808530167e-06
6.184875418e-06
1.03253787e-05
1.879620161e-05
2.440655552e-05
1.565581986e-05
1.68878989e-05
1.417559868e-05
8.368664758e-06
4.915516527e-06
4.449174538e-06
6.529963013e-06
9.025874518e-06
1.313087671e-05
1.430667558e-05
2.578693779e-12
3.677922655e-12
8.911994095e-13
2.045783394e-14
1.185757483e-16
9.372629988e-17
4.780171088e-08
6.432160228e-07
1.238651867e-06
2.403725428e-05
3.608118187e-06
1.646147506e-07
1.542502999e-06
1.249449108e-05
1.583106897e-05
6.528518156e-06
4.861170211e-06
6.248425583e-06
1.054137178e-05
1.934552199e-05
2.775916041e-05
2.523077674e-05
1.977640625e-05
1.721070506e-05
1.487444993e-05
7.362890045e-06
3.455233365e-06
3.516820422e-06
4.087015481e-06
1.285049747e-12
3.363511155e-12
1.420231678e-12
5.77787857e-14
3.07833877e-16
8.03888726e-17
6.52910096e-08
3.851554397e-07
5.351986255e-07
7.214887245e-06
2.05877904e-06
5.365809837e-08
1.809465055e-07
1.181975873e-06
2.217066561e-06
3.084557006e-06
4.521964818e-06
5.943875859e-06
7.299643953e-06
1.120193101e-05
1.946402938e-05
2.651325307e-05
2.748600638e-05
2.433711189e-05
1.361294418e-05
3.010492456e-06
1.830103869e-06
2.014606033e-06
2.25801987e-06
5.913351555e-12
5.385018961e-12
1.524423647e-12
6.819862651e-13
3.81259957e-14
5.022657827e-16
1.491458863e-16
6.686450091e-08
3.211721782e-07
1.247218805e-06
2.698362715e-05
3.9401946e-05
5.636701077e-09
8.316926507e-07
1.036495941e-06
1.131640496e-06
2.509230204e-06
5.325846384e-06
7.496825564e-06
6.519818736e-06
6.241621308e-06
9.292000158e-06
2.589141133e-05
5.613021256e-05
4.710654425e-05
1.151044521e-05
1.610972751e-06
7.506420764e-07
7.057981973e-07
8.274962852e-07
1.703563834e-06
1.249931657e-06
8.275465662e-07
1.179973895e-06
1.510293887e-05
3.558554968e-05
2.267883391e-05
1.516805492e-05
6.206001373e-06
1.349951339e-05
3.713252449e-05
3.0992351e-05
1.600384289e-09
8.452044328e-09
2.774672613e-08
3.089210181e-07
1.962665142e-06
5.918106124e-06
1.099000242e-05
8.264111392e-06
4.789596692e-06
6.267788371e-06
2.689071168e-06
3.743604839e-06
1.328170802e-05
1.552871591e-05
4.78127155e-06
1.449681835e-06
9.885867391e-07
8.558570286e-07
5.266761949e-06
1.271976276e-05
7.668017793e-06
7.356821492e-06
8.055212631e-06
3.150592831e-06
4.452968594e-06
1.017801631e-05
1.285836075e-05
1.550885529e-05
1.06802571e-05
2.860675622e-06
8.134084317e-12
2.878902045e-08
1.489293779e-10
8.445876566e-08
3.110718223e-07
7.213877633e-07
2.318005256e-06
4.155334658e-06
4.555428873e-06
6.974842421e-06
8.04038785e-06
1.371230039e-06
2.607908701e-06
5.3908941e-06
8.818399947e-06
1.485192934e-05
1.590684918e-05
4.768643947e-06
1.484164055e-05
2.710278818e-05
1.876492296e-05
1.144487212e-05
7.044732836e-06
4.584348536e-06
4.555050424e-06
1.007950194e-05
1.752339712e-05
1.038713725e-05
3.098472291e-06
2.743310909e-07
3.392292964e-09
1.683033734e-06
6.356532677e-09
7.022101736e-07
8.758530561e-07
1.699777847e-06
2.962317114e-06
3.371779334e-06
4.975886346e-06
3.32258124e-05
7.625547615e-05
9.182618515e-06
3.673608273e-06
6.366302015e-06
1.298654023e-05
2.640879297e-05
3.26395395e-05
1.826577723e-05
5.270329006e-06
1.470431264e-05
2.243978181e-05
1.742248685e-05
1.226070202e-05
8.649952813e-06
6.398833502e-06
7.360506842e-06
9.992623347e-06
7.580535047e-06
1.405885505e-05
2.67626011e-05
1.694107174e-05
8.592421814e-06
1.509853777e-05
2.444712754e-06
3.049556664e-07
3.724826198e-07
1.178476341e-06
2.154103328e-06
4.17098362e-06
6.676480541e-06
1.957334053e-05
5.046350919e-06
6.744236863e-06
1.201019963e-05
2.501842239e-05
4.220474451e-05
3.830432145e-05
2.761582166e-05
3.818428242e-06
5.935681369e-06
1.355852118e-05
2.511726982e-05
2.458022751e-05
1.355091897e-05
6.804017853e-06
4.341689735e-06
4.370224305e-06
2.118668543e-05
5.207648495e-05
3.347668841e-05
7.690533302e-06
5.452614668e-05
2.448907377e-05
3.524753811e-07
2.808572288e-07
9.455942149e-07
1.944225409e-06
4.231072709e-06
7.904072642e-06
9.345580945e-06
1.09482139e-05
1.51699184e-05
2.322767978e-05
3.309587023e-05
2.877536203e-05
2.131601658e-05
2.26698991e-05
6.491034238e-06
3.406339349e-06
4.807326498e-06
2.874699333e-05
5.287502187e-05
3.937252717e-05
1.64444815e-05
6.001839843e-06
2.7487899e-06
4.716785722e-06
1.911745761e-05
1.598493121e-05
1.869487591e-06
3.574047019e-06
1.411907443e-05
1.185166915e-06
4.649448715e-07
1.178179874e-06
2.30797378e-06
5.101801693e-06
1.062695205e-05
1.469658768e-05
1.684992888e-05
1.782140525e-05
9.771826037e-06
1.791475715e-05
8.878983803e-06
7.864685705e-06
1.44889005e-05
1.075675762e-05
5.521698149e-06
3.915091284e-06
9.553190823e-06
4.0223345e-05
6.644980864e-05
4.787787251e-05
2.275350383e-05
8.17666763e-06
3.215661506e-06
3.053050208e-06
2.914779257e-06
7.542649199e-07
6.589227945e-07
2.663286793e-05
5.323248358e-06
1.700065157e-06
1.983040993e-06
3.226323688e-06
6.975550554e-06
1.479443608e-05
2.062889825e-05
2.163095245e-05
1.802387595e-05
9.094898709e-06
2.10051845e-05
4.704699232e-05
5.129009463e-05
1.142712423e-05
6.194920848e-06
5.894907189e-06
1.319133464e-05
3.034679159e-05
4.223195113e-05
4.397413927e-05
2.607610129e-05
7.312855048e-06
3.810155849e-06
2.154881365e-06
5.569814912e-07
1.573503428e-07
9.932702552e-06
1.043706208e-05
4.079015589e-06
3.53043932e-06
5.123153881e-06
1.090319699e-05
2.162535885e-05
2.874661811e-05
3.122848081e-05
2.864605258e-05
1.435313313e-05
4.356286459e-05
6.249469932e-05
3.14035828e-05
2.308924747e-05
1.379032809e-05
1.041263588e-05
1.303565935e-05
1.004983888e-05
9.952082222e-06
3.646017617e-05
4.105188858e-05
1.24360143e-05
5.625515699e-06
2.551258149e-06
4.474225417e-07
9.81828411e-08
1.759062077e-06
7.296685216e-06
6.806672952e-06
6.841931194e-06
1.000516702e-05
1.966093232e-05
3.231448224e-05
3.982210769e-05
4.623806553e-05
4.844687844e-05
4.331241463e-05
5.031209064e-05
4.572989839e-05
3.595438701e-05
2.273796418e-05
1.736055425e-05
6.825504577e-06
7.994040828e-06
3.625782219e-05
3.801007066e-05
1.393736386e-05
4.757997631e-06
1.598022247e-06
6.64415588e-07
4.436723031e-08
1.137913215e-06
3.289833209e-06
1.091152556e-05
1.492451713e-05
2.244726457e-05
3.532737333e-05
4.500142067e-05
5.244761203e-05
6.275403208e-05
6.862162744e-05
6.649189321e-05
6.171654723e-05
5.700980992e-05
4.906520141e-05
3.732221946e-05
1.823375094e-05
7.974137143e-06
1.767724481e-05
4.55775513e-05
2.912510321e-05
1.445576387e-05
2.639394982e-05
3.22488342e-05
1.089088721e-05
4.41394069e-08
1.076794151e-06
9.839342004e-07
1.02366037e-05
2.359830538e-05
3.648064659e-05
4.57710307e-05
5.029653398e-05
5.855407884e-05
6.780815467e-05
6.880420861e-05
5.79090673e-05
3.940822341e-05
4.002075106e-05
1.986245796e-05
1.276695193e-05
2.679626849e-05
6.453003552e-05
2.834186634e-05
1.082352528e-05
2.934336593e-05
5.56000417e-05
1.867513639e-05
2.41306555e-07
1.152474383e-06
6.594766801e-07
3.321923763e-06
1.397864125e-05
2.517666783e-05
3.190404842e-05
3.861218096e-05
4.611493734e-05
4.669332491e-05
3.575453519e-05
1.791817851e-05
2.849922556e-05
2.168422618e-05
2.222189382e-05
7.320868341e-05
5.190685841e-05
1.527141142e-05
1.034382888e-05
2.646669868e-05
1.432740704e-05
9.615517584e-07
1.307645959e-06
8.225898104e-07
1.569330301e-06
4.086959135e-06
8.195438509e-06
1.468284792e-05
2.213114194e-05
2.239102191e-05
1.533786948e-05
1.153359569e-05
1.426892742e-05
2.104423457e-05
5.521314524e-05
2.510387758e-05
5.967438376e-06
1.875932356e-06
1.233714968e-06
1.127166822e-06
1.729918782e-06
1.051074046e-06
1.481369636e-06
2.659001633e-06
5.54167378e-06
1.102193484e-05
1.092378109e-05
6.688162409e-06
5.726475882e-06
6.338805182e-06
6.961494258e-06
6.599342412e-06
1.11125064e-06
4.585042312e-07
7.603731424e-07
1.527933036e-06
2.634780925e-06
1.368134133e-06
2.051500259e-06
3.366237376e-06
7.174297782e-06
1.468207037e-05
5.027514754e-06
3.07228314e-07
1.485594478e-07
1.394822912e-06
2.42419994e-06
3.620083667e-06
2.14786971e-06
3.44250804e-06
5.221873445e-06
1.038720549e-05
4.648621699e-10
6.141151292e-11
4.031927377e-11
4.061950415e-08
1.148283945e-07
1.705440609e-07
1.69042254e-07
2.219967539e-07
5.103791022e-07
2.933939186e-07
5.058048041e-07
6.637747931e-07
9.025969056e-07
1.299775047e-06
1.699846634e-06
1.671204985e-06
2.077260798e-06
2.579404293e-06
2.825426217e-06
3.486304827e-06
4.096582582e-06
4.953661791e-06
6.266349195e-06
7.530415301e-10
1.437852328e-09
7.393510124e-10
7.588668027e-10
8.963816846e-10
8.660132485e-10
7.388365008e-10
6.197644614e-10
4.379223869e-06
6.279567311e-06
7.950905e-06
8.752532484e-06
1.209679257e-05
1.196307601e-05
1.587712602e-05
2.049139895e-05
2.335439865e-10
6.016875909e-11
2.237997198e-11
8.302026142e-11
3.624632982e-05
8.414321113e-05
8.195102206e-05
7.943659521e-05
4.096963469e-09
5.292387195e-09
2.404498717e-09
7.256994927e-09
5.509437429e-09
6.174593874e-10
2.141081774e-05
1.744025628e-05
4.272918978e-05
1.719537282e-05
1.776463015e-05
4.333326623e-14
2.934175202e-15
1.265492636e-15
2.335701287e-05
1.847400121e-05
5.52224707e-10
5.207355218e-11
2.686709993e-11
1.505514624e-05
1.200014548e-05
6.751625886e-09
2.154465878e-09
2.877751161e-11
3.692861241e-11
1.452410615e-05
1.066129001e-05
1.129465731e-05
9.162117633e-06
6.851854601e-09
3.2955793e-09
6.705319538e-09
8.020134302e-06
6.587702612e-06
7.366646218e-06
1.125581314e-09
3.343423095e-09
7.602601916e-06
2.147098204e-11
7.877594183e-12
3.41957266e-10
1.546285753e-05
1.21462364e-05
9.888514087e-06
3.450261216e-12
2.511924586e-12
1.875094136e-12
1.772340518e-12
9.837202803e-06
7.534165971e-06
1.165097785e-05
6.422179404e-06
7.356668871e-13
2.225670705e-12
3.448118949e-06
6.208586578e-13
6.141196602e-13
1.033012465e-12
1.069451471e-06
1.080026143e-06
1.729706067e-07
2.814803674e-07
6.185153665e-12
7.023877453e-07
7.227393353e-07
8.632809345e-07
6.052070256e-06
4.761424299e-06
1.333454349e-06
1.662061293e-06
1.272609748e-06
8.20753455e-07
1.295327984e-05
2.02297019e-05
1.174513926e-05
1.124321076e-05
5.228830326e-06
2.376572558e-06
9.566665499e-06
1.896464942e-05
2.50156324e-05
2.411879531e-05
1.824870148e-05
1.107261033e-05
4.63375909e-06
7.277467911e-06
2.661121539e-05
2.428946941e-05
5.762473672e-06
4.896527185e-06
1.795648843e-05
7.279313958e-06
8.562337914e-06
5.649960306e-06
4.261808619e-06
3.353229126e-05
2.75002746e-05
1.191458457e-05
1.343845936e-05
1.192956349e-05
7.802403473e-06
4.249078128e-05
2.947937802e-05
3.457161055e-05
1.921919579e-05
1.561548499e-05
3.434858147e-05
2.873115793e-05
2.937957128e-05
1.867317491e-05
5.609154658e-05
5.581506397e-05
4.770518364e-05
3.673118426e-05
4.417261379e-05
3.775554349e-05
2.72147409e-05
5.76240806e-05
5.100677368e-05
5.793334187e-05
4.872499013e-05
4.68714282e-05
2.222672232e-05
3.701678028e-05
3.126701709e-05
3.011098343e-05
1.149563403e-05
1.432021479e-05
2.725993014e-05
2.548553202e-05
2.43276598e-05
2.181997344e-05
1.995792837e-05
8.168654606e-06
9.326646541e-06
1.300138092e-05
1.021411251e-05
1.111633081e-05
1.977228905e-05
1.16801547e-05
8.581830954e-06
1.183184719e-05
4.165530705e-06
4.073042999e-06
5.166092471e-06
5.704786112e-06
3.077236454e-06
2.709018636e-06
9.654892117e-06
1.734863525e-06
6.436602411e-07
1.758228892e-06
1.010109504e-05
1.945048974e-05
1.248656214e-05
1.974689144e-05
1.211659003e-05
9.135572182e-06
3.869759555e-06
5.144908407e-07
1.583398857e-07
1.321316855e-07
1.403335564e-07
1.941048033e-06
2.666380214e-06
2.064663721e-06
3.105469078e-06
3.463814404e-06
2.857395821e-06
4.15543378e-06
3.177582704e-06
2.550590238e-06
2.722842692e-06
2.952674193e-06
2.466369228e-06
3.677386926e-06
4.342592261e-06
6.695869548e-06
8.202555119e-11
2.338555049e-11
3.160102867e-11
2.058954824e-10
1.23058134e-09
1.823067535e-08
3.648454829e-09
1.033157866e-08
5.794806717e-08
7.947612989e-08
2.513637417e-07
3.568160674e-07
3.978117642e-07
5.227868369e-07
8.838386528e-07
6.785266156e-07
9.112410464e-07
1.476274972e-06
1.244879083e-06
1.673536394e-06
2.404941445e-06
2.21710492e-06
3.014190208e-06
3.901028863e-06
5.664542831e-11
9.950747097e-10
1.14141556e-09
2.435740413e-10
2.264755452e-10
4.937736993e-10
4.813381572e-10
1.118537245e-09
8.884669421e-10
1.113260599e-10
8.668853516e-12
9.483205378e-12
8.561024497e-12
9.584332827e-12
3.331412571e-11
2.338254917e-11
3.402450107e-10
1.569886437e-09
6.826785893e-08
1.10173141e-07
1.743291577e-07
1.008748436e-07
9.28787054e-08
2.52914164e-07
1.067318795e-07
1.647848975e-07
4.536244835e-07
3.081011353e-07
5.85794123e-07
1.058851074e-06
1.044770714e-06
1.760245996e-06
2.300119911e-06
2.90315674e-06
4.773873301e-06
5.261057415e-06
8.042262214e-06
1.27462644e-05
1.166938119e-05
1.90697044e-05
2.894633013e-05
2.305801564e-05
9.108304874e-10
4.360419522e-24
1.994098384e-18
1.059223171e-15
1.320988118e-10
1.759753496e-09
6.744411034e-10
3.867854436e-09
1.763602953e-11
4.22086398e-08
9.980712577e-09
2.653738046e-09
4.567398772e-10
5.364952632e-11
1.617504624e-11
1.839450036e-11
1.704064008e-11
1.211291843e-11
2.846771064e-11
1.038359782e-10
1.449695926e-10
2.339167852e-08
1.062925759e-08
5.247119796e-08
5.234451216e-09
3.137054305e-09
2.334026849e-08
2.718663125e-09
5.308343726e-09
3.899126503e-08
2.431132205e-08
1.181902384e-07
2.77789981e-07
4.392206787e-07
1.268598943e-06
1.386565257e-06
3.394806621e-06
7.026200973e-06
5.255135403e-06
1.120135311e-05
1.499106976e-05
1.478832754e-05
1.814109108e-05
1.913465068e-05
3.625012646e-05
1.491113025e-05
2.91618313e-05
5.140851284e-05
2.80552932e-16
2.004917954e-11
3.50642994e-10
6.586557661e-11
1.142325581e-10
1.715016911e-09
1.704368608e-10
2.369406735e-10
2.925835756e-09
2.991201005e-10
3.290082108e-10
2.081869314e-09
3.169626157e-10
2.80518741e-10
5.166137938e-10
2.624235082e-10
2.579962881e-10
1.726140138e-09
2.485045252e-10
2.4347566e-10
6.650415356e-11
1.251535788e-10
8.032549499e-11
3.063475706e-11
4.693065861e-11
4.979656418e-11
8.288103114e-11
3.489972428e-11
1.197381033e-11
3.823063602e-10
6.513174833e-12
3.783964717e-12
1.255488794e-10
2.977270938e-12
1.877846597e-11
3.720065038e-10
1.223897304e-09
2.528248792e-08
5.185889487e-08
9.633540307e-07
4.00544565e-06
1.983590835e-06
7.325140755e-06
1.048849147e-05
8.577929375e-06
1.304939035e-05
1.437539041e-05
1.323452772e-05
1.417786762e-05
1.308625614e-05
1.550642789e-05
1.247836033e-05
1.33498522e-05
2.057969809e-05
1.580558931e-05
1.960987652e-05
2.383215195e-05
2.394953023e-05
2.654328467e-05
2.372084038e-05
7.924831097e-14
6.174128747e-15
4.183810123e-15
1.183046905e-15
4.968019959e-14
1.043147059e-12
4.363694141e-13
8.955581439e-12
1.983847877e-11
2.187904157e-11
3.798765303e-11
5.613788583e-11
5.742272044e-11
7.860320141e-11
9.509536412e-11
9.893423112e-11
1.163234886e-10
1.098891617e-10
1.30837612e-10
1.435587795e-10
1.100726543e-10
1.682206612e-10
2.006313444e-10
1.266381468e-10
2.582059693e-10
4.259248877e-10
1.18487804e-10
7.849807592e-10
1.399491763e-09
5.227302261e-11
2.248838601e-09
2.930373077e-09
2.188235103e-11
2.375948209e-09
1.438321179e-09
4.804317722e-12
6.38940613e-10
4.769921755e-10
3.490096652e-12
2.059961354e-08
2.038952721e-06
1.146930639e-07
4.576819105e-06
8.454954648e-06
6.212182264e-06
1.32534153e-05
1.863586861e-05
1.484553933e-05
2.430981427e-05
2.970695455e-05
2.223953314e-05
3.346363283e-05
3.315094609e-05
1.945045423e-05
2.673469369e-05
1.704008455e-05
1.135157491e-05
1.141809488e-05
1.167688517e-05
1.473874615e-05
1.519952012e-05
1.969747465e-05
2.366820333e-05
2.235237538e-05
2.05964955e-05
1.980601417e-05
7.795549953e-14
1.061920382e-14
8.281191961e-15
2.38697745e-15
1.159131234e-15
3.608822011e-16
6.521181017e-14
5.747829999e-12
2.159614887e-10
1.777908023e-10
2.531658516e-09
4.467651712e-08
1.966901024e-08
9.299453035e-08
6.531389732e-07
2.931221904e-07
6.731467586e-07
2.318927966e-06
1.235354982e-06
3.195470205e-06
4.825699554e-06
4.077088355e-05
3.818854115e-05
1.786417883e-05
3.182387179e-05
3.001054909e-05
1.354205738e-05
2.751685435e-05
2.337904547e-05
5.540419153e-06
1.930449153e-05
1.620053279e-05
8.787860814e-07
1.448583969e-05
1.446035734e-05
4.400057687e-08
1.695735362e-05
2.280718941e-05
5.03736352e-07
2.695938014e-05
1.935608442e-05
2.888340138e-06
1.277651907e-05
1.259746049e-05
1.015952235e-05
1.458896369e-05
1.712057754e-05
1.883034609e-05
2.033568182e-05
2.459216549e-05
2.956632833e-05
3.006688081e-05
3.618697851e-05
3.991542927e-05
4.045864018e-05
3.798845045e-05
2.992477294e-05
2.650414899e-05
1.501237487e-05
1.163425492e-05
1.208392801e-05
1.445930323e-05
1.65466029e-05
1.747872294e-05
1.780466646e-05
1.929028524e-05
5.684695349e-10
8.543475649e-12
1.681169525e-11
3.995561501e-14
1.28284512e-14
1.255601095e-14
8.047928459e-15
6.248844737e-15
3.758580572e-15
3.335231725e-14
7.568964903e-13
4.758459093e-13
2.660761185e-11
5.08520937e-10
2.942039208e-10
5.235607649e-09
3.195432909e-08
1.863820229e-08
1.258694866e-07
3.478069554e-07
2.295817821e-07
1.093729847e-06
6.596098954e-05
1.436903295e-05
7.572975349e-05
2.411038844e-05
4.132866202e-05
1.369061164e-05
1.289787415e-05
2.747745062e-05
1.194730145e-05
1.216521418e-05
2.336520474e-05
1.424803809e-05
1.882001236e-05
2.195694212e-05
2.650191871e-05
3.83196782e-05
2.413245906e-05
5.349791686e-05
5.882581617e-05
4.217624806e-05
4.870736058e-05
3.798421365e-05
4.051247378e-05
2.856481787e-05
2.094600254e-05
1.684784514e-05
1.60135734e-05
1.368108274e-05
1.530293279e-05
1.329318223e-05
1.436367283e-05
1.893221669e-05
1.676790297e-05
2.058051266e-05
2.812002742e-05
2.548858941e-05
2.946521345e-05
3.630355856e-05
2.813562483e-05
2.0065502e-05
1.908524206e-05
1.306244924e-05
1.21848882e-05
1.314998712e-05
1.413005325e-05
1.516564429e-05
1.641330394e-05
1.369948667e-05
1.069504194e-05
1.053106742e-05
3.547597088e-10
1.801765676e-10
1.112973207e-09
5.101487942e-11
4.350859438e-12
7.204976938e-12
6.426910229e-15
1.560776462e-15
6.313641128e-15
1.151240394e-15
9.540822268e-16
3.377624335e-15
4.709875374e-15
1.499557494e-11
1.930402707e-12
5.327808886e-10
5.951221128e-09
1.212366152e-09
3.539243569e-08
1.352165217e-07
5.664947662e-08
3.676223107e-07
8.005297596e-07
5.016633366e-07
5.970497928e-06
7.787457361e-05
0.0001029882456
1.251055782e-05
4.109389577e-06
8.447524985e-06
1.746918244e-06
4.208420242e-07
8.652149518e-07
8.87589776e-07
2.403559541e-06
3.621972653e-06
4.62698333e-06
7.929938672e-06
1.526441993e-05
1.302762305e-05
2.073428442e-05
4.162549671e-05
3.104573005e-05
4.225288796e-05
5.445337636e-05
5.086622438e-05
5.148598942e-05
4.672571165e-05
4.041217307e-05
2.487144492e-05
2.37717718e-05
1.452745814e-05
1.031848124e-05
1.192360318e-05
9.263253818e-06
9.468054041e-06
1.12118417e-05
1.031276882e-05
1.182020265e-05
1.5174943e-05
1.405815916e-05
1.636367069e-05
2.217933995e-05
1.667407339e-05
1.348403403e-05
1.759209564e-05
9.997269599e-06
9.548229124e-06
1.105360308e-05
1.106596499e-05
1.272538203e-05
1.399410906e-05
1.369577681e-05
1.367220158e-05
1.179549441e-05
1.239370497e-05
1.003822191e-05
6.86737782e-06
4.475976718e-12
2.898254183e-12
2.337278154e-11
1.181565983e-12
2.448870788e-13
9.572489256e-13
4.957828464e-15
2.978015474e-16
4.836021364e-16
5.79134997e-17
3.3784047e-17
2.322153588e-16
7.708340693e-16
2.782931071e-10
8.041817715e-11
9.487826671e-09
7.958092656e-08
2.812663306e-08
2.989222309e-07
6.945018355e-07
3.492006795e-07
1.222914895e-06
3.129322666e-06
1.623671939e-06
6.657574903e-05
1.696348595e-05
3.338491616e-05
5.902952293e-06
2.056175607e-06
2.978323053e-06
7.789241738e-07
1.730411597e-07
2.549281988e-07
3.454531207e-07
1.138069365e-06
1.38838503e-06
2.402497922e-06
4.077240656e-06
4.95255414e-06
6.254891097e-06
9.252516186e-06
1.27573907e-05
1.366925286e-05
2.01979462e-05
2.974704514e-05
2.86898895e-05
3.580283141e-05
4.680021048e-05
3.495103788e-05
2.516984295e-05
2.618330826e-05
1.559044633e-05
1.19222796e-05
1.006605882e-05
1.162140806e-05
1.147284232e-05
9.337586455e-06
1.05091166e-05
9.508036622e-06
1.00337152e-05
9.244768461e-06
9.051606493e-06
1.212838298e-05
7.762769075e-06
5.966149243e-06
9.326113848e-06
5.494290993e-06
6.373276954e-06
7.85886791e-06
7.789365462e-06
9.448670162e-06
1.116875213e-05
1.140845112e-05
1.371145205e-05
1.467444438e-05
1.596510925e-05
1.699760373e-05
1.473449784e-05
2.662783725e-12
1.900468643e-12
1.466873046e-12
6.797414261e-13
1.25553557e-13
1.532324413e-13
1.113321474e-14
8.187057469e-16
4.581604887e-16
7.358064869e-17
1.272070398e-17
5.653844125e-18
1.844078877e-16
8.315893095e-10
5.970251173e-10
3.358605896e-08
2.17257299e-07
1.508215258e-07
6.261453565e-07
1.126081641e-06
1.0066158e-06
1.580692624e-06
5.076260723e-06
5.134712816e-06
3.10058773e-05
1.209673023e-05
1.356344337e-05
4.139561412e-06
7.762916089e-07
1.332180769e-06
2.848026464e-07
1.169060303e-07
1.329296873e-07
6.401110531e-07
2.728613779e-06
1.356149551e-06
5.388006694e-06
7.543588038e-06
4.458784692e-06
8.708393644e-06
8.752671933e-06
8.011338726e-06
8.546098677e-06
9.187249221e-06
1.381295566e-05
1.098465109e-05
1.304257384e-05
2.367166541e-05
1.346246105e-05
1.276620623e-05
1.987151213e-05
1.398432449e-05
1.76963718e-05
1.538092744e-05
2.208991738e-05
2.438141856e-05
1.691135872e-05
2.204826507e-05
1.544913004e-05
1.047485794e-05
1.002760015e-05
9.452156618e-06
7.067815529e-06
1.032711719e-05
9.875673385e-06
3.939242778e-06
8.452026095e-06
7.620358069e-06
5.457630268e-06
7.652524209e-06
7.864708899e-06
7.646925678e-06
8.27075565e-06
9.226396233e-06
1.09027559e-05
1.055381298e-05
1.114360151e-05
1.478357828e-05
1.609298093e-12
3.209838187e-12
3.676993102e-12
4.028380031e-12
2.995599844e-12
2.392761493e-12
1.283771127e-12
3.09205101e-13
1.782428847e-13
4.023477225e-14
2.885120183e-15
1.482545164e-15
1.815515571e-16
2.710378914e-17
2.694750602e-17
7.382694518e-17
1.092375744e-09
9.614959958e-10
6.065387279e-08
2.608157989e-07
2.58057482e-07
5.479064559e-07
7.462196918e-07
1.014550303e-06
8.026992057e-07
1.857282353e-06
3.421381411e-06
1.623213446e-05
1.116545093e-05
1.146638185e-05
3.054194938e-06
1.807636133e-07
3.960127261e-07
9.60075981e-08
1.166227808e-07
1.13794994e-07
6.583058909e-07
2.60330437e-06
6.31449203e-06
4.720445832e-06
5.513433537e-06
1.661586661e-05
4.932161353e-06
4.211953639e-06
1.087399561e-05
3.990658464e-06
4.23694316e-06
4.933655138e-06
4.730837714e-06
5.316307226e-06
5.324849056e-06
5.933099145e-06
6.705308169e-06
7.905884354e-06
7.973457988e-06
1.021370862e-05
1.438170716e-05
1.380925942e-05
1.86192839e-05
2.443238929e-05
2.351596953e-05
2.672201311e-05
2.794217909e-05
2.731950788e-05
2.622511847e-05
2.187802698e-05
2.483895275e-05
2.351970647e-05
1.833783018e-05
2.195162081e-05
1.934514508e-05
1.630115357e-05
1.448800869e-05
8.194668785e-06
1.167103325e-05
4.010034733e-06
2.589150815e-06
4.474040852e-06
2.416215542e-06
2.605936693e-06
3.34634534e-06
2.872209349e-06
3.138455214e-06
3.792820924e-06
1.064996176e-12
1.53072042e-12
2.440368462e-12
1.819216157e-12
1.494686219e-12
2.854609306e-12
8.201058039e-13
2.784896671e-13
3.97391233e-13
3.088086994e-14
2.319127002e-15
4.890096294e-15
2.303929564e-16
5.285569269e-17
2.901010054e-17
1.037919159e-16
1.402003531e-09
1.241861738e-09
6.193006591e-08
1.611331139e-07
2.22055469e-07
2.478052851e-07
3.572097107e-07
4.705956966e-07
5.683191736e-07
1.125154193e-06
1.193146498e-06
4.612765686e-06
2.159490001e-05
1.034901815e-05
1.675200642e-05
6.916218816e-08
8.31410854e-08
4.494187733e-08
1.173991812e-07
8.646903563e-08
2.874139021e-07
7.118954195e-07
6.015455068e-07
1.059993388e-06
1.30837676e-06
1.777003445e-06
1.578324438e-06
2.011199697e-06
2.5973343e-06
2.689557253e-06
3.623967025e-06
3.742927759e-06
4.717320829e-06
5.73151702e-06
5.291764136e-06
6.391670263e-06
6.63780622e-06
6.524092182e-06
6.740769298e-06
7.190335659e-06
8.71494027e-06
8.392867564e-06
1.048133591e-05
1.492271517e-05
1.313771725e-05
1.755993474e-05
2.371693995e-05
2.428735685e-05
3.052876982e-05
2.765642598e-05
3.35352584e-05
3.253871327e-05
2.639921054e-05
2.822284381e-05
2.11475778e-05
2.036737545e-05
1.229444492e-05
5.232407526e-06
6.624978352e-06
2.172058026e-06
1.25059081e-06
1.970725464e-06
9.912223638e-07
9.009715114e-07
1.909953883e-06
8.600327192e-07
8.934173534e-07
2.107216015e-06
3.236684897e-07
2.505763441e-07
3.343815507e-12
1.209580783e-07
3.05284951e-08
8.288083893e-13
2.584611156e-09
1.293001095e-11
3.643060564e-13
9.351252516e-12
2.314609719e-11
3.404820917e-15
3.565611115e-11
2.516876906e-11
1.958148972e-16
3.249090594e-12
5.562136688e-09
1.634444595e-09
3.010130105e-05
1.702279653e-06
1.556941527e-07
2.160511782e-06
2.505956776e-06
5.998696506e-07
5.381585434e-06
1.937119449e-05
4.693066114e-06
3.961212655e-05
3.928005584e-05
3.58864466e-05
4.57327082e-05
1.298721135e-07
5.898295268e-08
3.51180413e-07
9.21099705e-07
2.279535727e-07
1.070210905e-06
7.585037232e-07
1.126119436e-06
5.083417335e-07
4.745654842e-07
9.658307356e-07
6.993222826e-07
1.307159116e-06
1.627016431e-06
2.407293233e-06
4.040906478e-06
3.783514401e-06
6.12642553e-06
8.209191941e-06
6.754444127e-06
9.286555956e-06
8.525838633e-06
7.286264703e-06
6.564920297e-06
5.055740044e-06
5.978037636e-06
4.850591584e-06
6.22524893e-06
7.414073644e-06
7.647475798e-06
9.092534793e-06
1.49952693e-05
1.1160771e-05
1.694650171e-05
4.154017419e-05
2.972295376e-05
4.731109639e-05
5.933209064e-05
5.873165504e-05
5.367691465e-05
2.773551208e-05
3.544623033e-05
1.747003914e-05
3.804180702e-06
6.97057728e-06
2.828652836e-06
9.811259302e-07
1.466315907e-06
9.684873537e-07
6.85110136e-07
7.686442174e-07
7.023083655e-07
7.681168846e-07
3.608900453e-06
2.670327768e-06
1.217029192e-06
1.898442532e-06
1.430592612e-06
4.912478686e-07
3.949276659e-06
1.293670454e-05
4.650069693e-06
2.120541778e-05
2.026886689e-05
2.997158746e-05
1.38682611e-05
9.690035599e-06
3.065644761e-05
8.602285272e-06
9.604148862e-06
1.658415757e-05
1.02220467e-05
8.930848622e-06
5.135675774e-06
1.046386908e-05
1.232933948e-05
7.646755286e-06
1.789906373e-05
2.695680474e-05
2.874726084e-05
2.423124089e-05
1.55438764e-05
3.02646902e-05
1.16969882e-05
1.635497566e-08
3.465108867e-08
2.961370885e-11
2.400481362e-11
3.046551254e-09
1.923236636e-09
1.796548635e-09
1.38601277e-08
2.714685028e-09
1.026124158e-08
8.600631924e-08
5.5258425e-08
2.123123238e-07
8.888181123e-07
5.83951282e-07
1.277172733e-06
3.612836076e-06
2.445159911e-06
4.169509706e-06
8.704513042e-06
6.086747278e-06
7.158132584e-06
1.101534558e-05
6.671221143e-06
5.397294791e-06
5.531798122e-06
4.861521807e-06
7.296769338e-06
5.881794646e-06
7.438928145e-06
3.831078021e-06
4.286310207e-06
1.670212604e-06
1.00764651e-06
2.367968647e-06
8.749839465e-07
1.250644914e-06
7.650723579e-06
2.681883719e-06
4.872116305e-06
1.69117013e-05
6.459846382e-06
6.896276403e-06
9.904696276e-06
7.03425253e-06
7.785862586e-06
2.34444253e-06
9.136128489e-06
9.169338854e-06
1.12297824e-06
6.014319046e-06
2.885789618e-06
9.06697191e-07
2.038413387e-05
1.692756605e-05
9.805397251e-06
1.341824617e-05
1.095008072e-05
6.890221262e-06
9.316899116e-06
8.031654205e-06
8.732264048e-06
6.50893135e-06
4.955612654e-06
4.914746445e-06
4.1097181e-06
4.072575978e-06
3.240924558e-06
4.934697784e-06
7.228772508e-06
6.93456467e-06
1.130868767e-05
1.503377308e-05
1.231441872e-05
1.481188573e-05
1.259119594e-05
1.309033159e-05
1.14387917e-05
9.43868753e-06
1.742815455e-05
4.46589957e-06
1.955796887e-06
5.264308867e-06
8.52314015e-07
2.815642283e-08
9.220096839e-09
6.464508991e-10
3.202854843e-09
1.412957732e-10
4.28916993e-07
2.147054144e-09
4.197537452e-10
1.57576671e-09
8.312188559e-08
9.438015179e-09
4.915707509e-07
9.275018998e-07
1.990608048e-07
1.097537949e-06
1.97960603e-06
4.607830619e-07
2.837805766e-06
3.291162891e-06
1.288709643e-06
3.493273456e-06
3.697720441e-06
3.491558822e-06
3.938048001e-06
4.311915235e-06
4.338778739e-06
6.930263707e-06
3.010093004e-05
7.322819548e-06
5.245498958e-05
8.901298764e-05
3.217240599e-05
7.10552925e-05
3.924522593e-05
2.016944452e-06
1.453478084e-05
4.418142314e-06
1.72760657e-06
3.178464715e-06
4.077106476e-06
3.922202023e-06
5.541734217e-06
7.569927933e-06
6.919745052e-06
1.052631619e-05
1.483627216e-05
1.151779534e-05
2.027502679e-05
2.486307809e-05
1.714331853e-05
2.509895219e-05
1.947023895e-05
1.042165935e-05
2.647671276e-05
2.699513915e-05
2.360189571e-05
2.321945136e-05
1.853943139e-05
1.461286202e-05
1.446300513e-05
1.126062514e-05
9.005022511e-06
8.807677143e-06
6.963450288e-06
5.539313148e-06
5.655134187e-06
4.879237542e-06
4.207732739e-06
4.767761183e-06
5.720546195e-06
6.165465e-06
8.510433295e-06
1.302314209e-05
1.575886286e-05
1.512992236e-05
1.22567099e-05
1.399988976e-05
8.232058306e-06
4.378656121e-06
6.672064127e-06
2.071808871e-06
1.608614342e-06
1.159259547e-06
1.713715797e-06
1.736259645e-06
1.910288324e-08
1.254089187e-06
4.844297574e-08
3.067864689e-08
3.572488468e-06
1.673026292e-08
6.631219843e-09
2.810443462e-08
1.1325707e-06
1.871008632e-07
1.572982384e-06
1.081717662e-06
1.112258921e-06
4.462006252e-07
2.984972572e-07
1.008908145e-06
6.019881908e-07
1.109276629e-06
2.521450606e-06
1.666828112e-06
2.111858349e-06
3.113474189e-06
2.595539566e-06
3.35649871e-06
3.93844711e-06
4.446058821e-06
7.009793147e-06
1.47248448e-05
1.131849669e-05
9.610471411e-05
0.0001170695732
4.831799647e-05
1.480245719e-05
3.317369303e-05
4.850559161e-06
3.992870454e-06
3.643126563e-06
4.698798799e-06
6.033905389e-06
4.70961135e-06
8.222250229e-06
1.18063396e-05
8.942497604e-06
1.749361853e-05
2.554980227e-05
1.898570829e-05
3.440664247e-05
3.976841599e-05
3.239474468e-05
3.777861781e-05
3.072952168e-05
2.639160866e-05
5.607856662e-06
9.549656402e-06
2.10498699e-05
1.399557202e-05
1.660138874e-05
2.043576959e-05
1.75742296e-05
1.789973652e-05
1.46002409e-05
1.781545776e-05
1.685146348e-05
1.031850195e-05
1.468327039e-05
1.17903808e-05
7.274922421e-06
9.13104817e-06
7.374269673e-06
6.338556521e-06
6.601852818e-06
6.419179837e-06
9.160866039e-06
6.118435804e-06
5.487550561e-06
8.634491414e-06
6.367198662e-06
1.188719969e-05
9.230869057e-06
2.315777315e-05
3.750597263e-05
2.077211404e-05
4.961539625e-05
4.998850356e-05
2.686127693e-05
3.111447527e-05
5.577478745e-06
3.859198191e-06
9.30098988e-06
1.455148972e-05
3.078506498e-08
0.0001975904558
0.0002377386573
7.640040283e-06
0.0001452632003
4.812875675e-05
1.023211422e-06
4.41396413e-06
1.578765673e-07
1.601741659e-07
2.996624224e-07
5.969196242e-07
7.253936405e-07
9.942743957e-07
1.434129201e-06
1.633605347e-06
1.965180414e-06
2.789864062e-06
2.956110979e-06
4.096436458e-06
5.953864105e-06
5.981802469e-06
6.930485277e-06
1.924901978e-05
5.272795808e-05
8.853973073e-06
6.983553196e-06
6.652309976e-06
7.406004023e-06
8.542495543e-06
5.559901414e-06
1.042746754e-05
1.34077261e-05
8.733918599e-06
1.799109249e-05
2.454901902e-05
1.726889281e-05
3.253733999e-05
3.947970011e-05
3.446039217e-05
4.152505286e-05
3.742735673e-05
4.359302459e-05
3.149939411e-05
2.816410142e-05
3.195570672e-05
4.383624144e-06
3.49017324e-06
4.137058586e-06
3.391962916e-06
4.423228373e-06
9.067685096e-06
8.162438972e-06
1.7682328e-05
1.950992726e-05
3.077166589e-05
3.910771008e-05
2.71771568e-05
3.882727283e-05
3.190277625e-05
1.915552219e-05
2.261396283e-05
1.458162122e-05
9.365498529e-06
9.192914943e-06
6.024326162e-06
5.328683446e-06
4.186515626e-06
3.108606661e-06
3.686804406e-06
2.884196507e-06
4.858044993e-06
9.255252016e-06
1.207660108e-05
2.510127486e-05
3.772722693e-05
3.787604052e-05
4.093129367e-05
5.358697869e-05
2.640361343e-05
2.557103337e-06
3.911451045e-06
3.654433268e-06
7.444532908e-07
2.047688369e-06
9.934279015e-06
1.95550472e-05
5.69909199e-05
8.976436653e-06
2.357547403e-06
4.291430293e-06
4.501766029e-07
1.420295968e-07
1.129943446e-07
3.146483038e-07
6.103147358e-07
5.643668909e-07
1.001979034e-06
1.463111676e-06
1.387472643e-06
2.061094103e-06
3.007235146e-06
2.816527886e-06
4.564791214e-06
6.842669239e-06
6.261120407e-06
9.133600311e-06
1.088447898e-05
1.007708545e-05
1.197174257e-05
1.305102173e-05
9.845199777e-06
1.441538359e-05
1.614109085e-05
1.267000169e-05
1.818985076e-05
2.040477417e-05
1.866911907e-05
2.141659076e-05
2.932737657e-05
2.938854591e-05
2.953544621e-05
2.220600052e-05
3.287798099e-05
1.538989001e-05
1.294192926e-05
2.373148959e-05
1.364277732e-05
1.578961581e-05
2.17076468e-05
4.205497843e-06
3.537835169e-06
3.28104022e-06
3.730608209e-06
6.967968934e-06
1.225379429e-05
1.873103127e-05
3.782243977e-05
4.520728266e-05
5.494338507e-05
6.316613959e-05
4.995949889e-05
5.90641074e-05
4.5817159e-05
2.66895577e-05
3.100318774e-05
1.933949039e-05
9.827201975e-06
1.161102291e-05
6.912626007e-06
3.862877388e-06
4.225341817e-06
2.876830642e-06
2.661025837e-06
2.628310113e-06
3.838408162e-06
1.075261369e-05
6.720825909e-06
9.061340587e-06
2.297474318e-05
7.088056948e-06
1.44897512e-06
1.852359886e-06
1.117054752e-06
7.176298881e-07
1.024383471e-06
1.666030169e-06
1.575622578e-05
1.804847843e-05
2.195584143e-05
9.482057838e-06
4.818592364e-06
2.785493493e-06
9.639502452e-07
3.109394476e-07
8.857321885e-07
1.121581603e-06
7.729777431e-07
1.500125731e-06
1.98812803e-06
1.661049366e-06
2.688637501e-06
3.865890233e-06
3.3528222e-06
5.877330734e-06
8.912350786e-06
7.707352702e-06
1.246718888e-05
1.553315858e-05
1.306024177e-05
1.749008524e-05
1.851336233e-05
1.58601054e-05
1.886788951e-05
1.838477861e-05
1.759537005e-05
1.679873033e-05
1.402566709e-05
1.728850209e-05
9.688772751e-06
9.136359913e-06
1.302971153e-05
1.387512829e-05
2.00349551e-05
1.525532096e-05
2.603196912e-05
3.131298404e-05
6.485070312e-06
7.730114797e-06
5.688416909e-06
4.346714158e-06
4.726945741e-06
4.596076573e-06
4.703773524e-06
6.021214007e-06
1.125151885e-05
2.209461269e-05
2.210921742e-05
3.771214608e-05
5.790031584e-05
5.271779724e-05
5.810097156e-05
6.10707273e-05
5.390169851e-05
4.558044024e-05
3.409551487e-05
3.623485249e-05
2.604672967e-05
1.416209249e-05
1.573713512e-05
8.270801029e-06
4.722200368e-06
4.906792811e-06
3.593320795e-06
2.7898493e-06
3.005169204e-06
2.610435218e-06
3.480066024e-06
2.036962838e-06
1.193996442e-06
1.230816867e-06
5.978462708e-07
2.305507703e-07
4.113338625e-07
1.98882562e-07
2.50391177e-06
7.272037357e-06
2.063346516e-05
1.88330514e-05
1.533992023e-05
8.609967957e-06
4.369278907e-06
2.416397415e-06
2.833564054e-06
2.490369968e-06
1.698766647e-06
2.640626855e-06
3.102610625e-06
2.456384025e-06
3.98711681e-06
5.646602051e-06
4.593897782e-06
8.558008415e-06
1.286927172e-05
1.057129985e-05
1.778405272e-05
2.186535461e-05
1.841300541e-05
2.43379412e-05
2.551431694e-05
2.160610194e-05
2.571217912e-05
2.464067346e-05
2.050552981e-05
2.204772945e-05
1.849927084e-05
1.457302175e-05
8.966793227e-06
1.503160447e-05
1.141888476e-05
3.051546839e-05
4.924125794e-05
3.409297382e-05
6.317799621e-05
6.331212018e-05
5.49602215e-05
1.775431626e-05
1.202181147e-05
7.977656458e-06
8.870884008e-06
7.450995239e-06
5.523555127e-06
7.395928323e-06
8.776479e-06
8.085117677e-06
1.16542563e-05
1.46404833e-05
2.108234777e-05
1.593564397e-05
1.852434672e-05
3.815085461e-05
2.259828072e-05
3.105839479e-05
4.413435425e-05
4.208118434e-05
4.650501492e-05
3.855627729e-05
3.569773924e-05
1.882944847e-05
1.338206654e-05
1.003346977e-05
6.525937139e-06
4.959445939e-06
4.777184957e-06
3.544415507e-06
2.983335164e-06
2.415068145e-06
1.339017335e-06
1.272945966e-06
5.20183781e-07
1.559222822e-07
1.880910891e-07
1.316328246e-07
4.259492696e-07
8.53931073e-07
3.720410871e-06
1.169928095e-05
1.727446998e-05
9.656973051e-06
6.910175831e-06
6.026203156e-06
5.348072225e-06
4.760860695e-06
3.482586962e-06
4.818175796e-06
5.462882034e-06
4.028172396e-06
6.945253897e-06
9.785942769e-06
7.244320601e-06
1.443550798e-05
2.050068896e-05
1.60727576e-05
2.647035308e-05
3.093625189e-05
2.601850573e-05
3.391694311e-05
3.62635274e-05
3.038517782e-05
3.81441723e-05
3.881483902e-05
3.078969594e-05
3.764277361e-05
3.494090509e-05
2.527923715e-05
2.729648742e-05
3.758597302e-05
2.383151518e-05
5.099855176e-05
5.406592322e-05
6.033921624e-05
4.600348137e-05
3.818673841e-05
4.805161234e-05
2.243710619e-05
1.756855385e-05
1.108832259e-05
1.548354207e-05
1.534081382e-05
1.135317556e-05
1.52986907e-05
1.275513676e-05
1.31900959e-05
7.697281117e-06
6.305092782e-06
9.192937659e-06
6.581372772e-06
1.490872952e-05
1.834505744e-05
3.437817994e-05
4.788201223e-05
4.900692864e-05
4.129053232e-05
2.436554201e-05
2.284283746e-05
1.390535253e-05
8.960670925e-06
7.977246659e-06
6.13100807e-06
4.125533518e-06
3.976463414e-06
2.479153189e-06
1.162025142e-06
1.302355362e-06
3.715487219e-07
8.655002491e-08
1.179709346e-07
6.429180306e-08
3.7058555e-07
3.478135442e-07
1.260585748e-06
3.40794191e-06
6.310239469e-06
4.935282242e-06
7.674443904e-06
7.289919077e-06
8.707450554e-06
9.250148509e-06
6.570133689e-06
1.010177922e-05
1.183634438e-05
7.847211449e-06
1.504434361e-05
2.016844388e-05
1.38822422e-05
2.684575521e-05
3.356098622e-05
2.638689745e-05
3.879825466e-05
4.259764026e-05
3.656057779e-05
4.62233215e-05
5.04782554e-05
4.307994322e-05
5.487381896e-05
5.820022652e-05
4.82937311e-05
5.958033238e-05
5.905068813e-05
4.685285109e-05
5.723910577e-05
5.693321184e-05
4.78984987e-05
5.615207224e-05
5.552610194e-05
4.820680519e-05
3.076447447e-05
2.49286945e-05
2.026474827e-05
1.83855983e-05
1.089573865e-05
1.193038471e-05
6.955132963e-06
6.952156948e-06
5.914865939e-06
1.205197459e-05
2.608014232e-05
1.884184298e-05
4.019014874e-05
4.276805569e-05
4.532140589e-05
3.339624444e-05
2.129616056e-05
2.344817686e-05
1.446377961e-05
1.253100711e-05
8.515411706e-06
1.298322896e-05
1.319732747e-05
2.563049422e-06
1.213129364e-05
9.102188075e-06
1.262247637e-06
4.353417434e-06
6.928000871e-07
5.946878724e-08
4.126228982e-08
4.519834564e-07
4.121968106e-07
1.107180362e-06
1.729607694e-06
2.259916865e-06
1.919519101e-06
6.814279543e-06
8.028868339e-06
1.223379241e-05
1.646589027e-05
1.287431099e-05
2.048558819e-05
2.517624574e-05
1.790648424e-05
3.093371302e-05
3.725611048e-05
2.859525702e-05
4.281848297e-05
4.666649611e-05
4.100572168e-05
4.941717202e-05
5.262601761e-05
4.835693419e-05
5.71793664e-05
6.266835305e-05
5.755269758e-05
6.785580324e-05
7.144043577e-05
6.673411199e-05
7.260284612e-05
7.117046137e-05
6.834881637e-05
6.758066229e-05
6.266054464e-05
6.411581781e-05
4.077587667e-05
2.866504664e-05
2.782903864e-05
1.812161148e-05
1.17229626e-05
1.059895595e-05
9.875393956e-06
1.173981451e-05
9.072946742e-06
2.33789751e-05
4.449368374e-05
3.486624923e-05
5.341703073e-05
4.286434649e-05
4.137055516e-05
2.675606718e-05
1.60930461e-05
1.857025498e-05
1.273855777e-05
1.841355285e-05
1.780214863e-05
3.400951183e-05
4.805174514e-05
3.26375229e-05
5.014585018e-05
3.763121933e-05
2.402458007e-05
1.640976648e-05
1.30869323e-06
1.473340164e-06
7.07880868e-08
5.492772913e-07
4.9154889e-07
1.091540765e-06
6.9474099e-07
9.273705598e-07
6.830427154e-07
1.768096294e-06
3.462745056e-06
6.094132566e-06
1.331197853e-05
1.712751119e-05
2.101882415e-05
2.83072073e-05
3.007090854e-05
3.452948363e-05
3.899185533e-05
4.200525481e-05
4.168877648e-05
4.373195312e-05
4.804972773e-05
4.648026207e-05
5.041082152e-05
5.377372805e-05
5.491153106e-05
5.878091269e-05
6.367876488e-05
6.079249393e-05
6.00065043e-05
6.976765522e-05
5.581885282e-05
4.821350041e-05
6.468925494e-05
3.838532087e-05
2.678885925e-05
4.979436057e-05
2.502860865e-05
1.919313243e-05
1.455495431e-05
1.681098302e-05
1.697235995e-05
1.436686443e-05
2.59600779e-05
5.377097522e-05
5.279687108e-05
7.517894309e-05
6.301691255e-05
4.968076964e-05
3.656152647e-05
1.869979251e-05
1.54469085e-05
1.124552674e-05
1.001509825e-05
1.387193365e-05
1.744426575e-05
3.483708696e-05
4.898604018e-05
4.63630589e-05
3.925923683e-05
4.307369542e-05
1.811226694e-05
8.457939828e-07
7.526602019e-07
6.671651073e-07
9.011924387e-07
6.843147802e-07
1.234101758e-06
9.948383629e-07
7.964989035e-07
7.143335327e-07
1.032122057e-06
1.239019989e-06
2.092454935e-06
4.256530611e-06
7.879118356e-06
7.476010488e-06
1.108402144e-05
2.007386447e-05
1.455448674e-05
1.789805573e-05
2.896907092e-05
2.142644603e-05
2.53486547e-05
3.492062258e-05
2.941566307e-05
3.270116017e-05
4.268190789e-05
3.397939065e-05
3.249590237e-05
4.773187579e-05
2.855855908e-05
2.345794381e-05
4.267839266e-05
1.802633585e-05
1.319487327e-05
2.694365704e-05
1.827060586e-05
2.325684328e-05
4.17948553e-05
4.978413552e-05
7.255334956e-05
7.638854102e-05
6.412959254e-05
4.043201564e-05
2.786676715e-05
2.202345755e-05
1.252305865e-05
1.031274479e-05
8.97252768e-06
7.646639882e-06
1.67745839e-05
7.951961654e-06
8.981643589e-06
2.670513237e-05
6.082737662e-06
9.92126957e-07
1.056718249e-06
1.039613339e-06
1.185470154e-06
1.054916167e-06
1.445166834e-06
1.383393623e-06
1.251040814e-06
9.42870756e-07
1.027897799e-06
9.733601671e-07
1.406275974e-06
2.033807851e-06
2.620339952e-06
2.87677593e-06
4.067173187e-06
5.921476231e-06
5.891861185e-06
8.550886332e-06
1.109374781e-05
1.172641055e-05
1.466622266e-05
1.866011366e-05
1.636334327e-05
1.575630717e-05
2.367915447e-05
1.293853242e-05
9.816184705e-06
1.895325865e-05
8.483807063e-06
1.591772423e-05
4.463379223e-05
2.765967809e-05
2.842824989e-05
4.341836384e-05
1.787200814e-05
6.334711066e-06
1.183624314e-05
2.796546308e-06
1.209107156e-06
2.824257467e-06
7.846542442e-07
3.587443818e-07
1.199576491e-06
6.496215805e-07
9.015249338e-07
8.36163543e-07
1.286149405e-06
1.81233704e-06
1.433351437e-06
2.152816857e-06
1.477714931e-06
1.398797413e-06
1.17854176e-06
1.358201191e-06
1.163732843e-06
1.713401019e-06
2.207843699e-06
1.974606933e-06
2.892121188e-06
4.013642955e-06
3.728250733e-06
6.060648236e-06
9.60935946e-06
8.35061567e-06
1.191987479e-05
1.015907824e-05
1.18871074e-05
7.015382548e-06
4.681316419e-06
8.848128545e-06
4.76059603e-07
3.479853365e-07
6.965324472e-07
2.678994861e-07
1.774724612e-07
2.372787674e-07
1.023619864e-06
1.550820543e-06
1.158335316e-06
1.896417759e-06
2.489520425e-06
2.189249594e-06
3.127809825e-06
2.044304374e-06
1.6896124e-06
1.666364353e-06
1.958806745e-06
1.612879819e-06
2.482562309e-06
3.144380586e-06
2.61465253e-06
4.012560217e-06
5.519838042e-06
4.628565635e-06
)
;

boundaryField
{
    dominio_ascii
    {
        type            zeroGradient;
    }
    wallFilmFaces_top
    {
        type            zeroGradient;
    }
    region0_to_wallFilmRegion_wallFilmFaces
    {
        type            zeroGradient;
    }
}


// ************************************************************************* //
