/*--------------------------------*- C++ -*----------------------------------*\
| =========                 |                                                 |
| \\      /  F ield         | OpenFOAM: The Open Source CFD Toolbox           |
|  \\    /   O peration     | Version:  2.1.x                                 |
|   \\  /    A nd           | Web:      www.OpenFOAM.org                      |
|    \\/     M anipulation  |                                                 |
\*---------------------------------------------------------------------------*/
FoamFile
{
    version     2.0;
    format      ascii;
    class       surfaceScalarField;
    location    "1.7";
    object      phi;
}
// * * * * * * * * * * * * * * * * * * * * * * * * * * * * * * * * * * * * * //

dimensions      [1 1 -1 0 0 0 0];

internalField   nonuniform List<scalar> 
5536
(
3.690004465e-14
-5.142434897e-12
2.08292493e-12
-3.707423899e-12
-8.472938088e-12
5.671518361e-12
-9.842486161e-12
-4.450865084e-11
1.701519378e-11
-2.48524299e-11
-7.533108648e-11
3.255226684e-11
-4.554444806e-11
-1.27926488e-10
-1.408678622e-13
-8.937771977e-14
8.842413413e-14
-1.98391833e-13
-5.070972552e-14
1.612497856e-14
7.59864502e-15
-2.066880592e-14
-1.760253757e-15
2.835766988e-13
-4.349598234e-17
-1.090577963e-14
4.431566425e-14
1.221522617e-12
-1.896691593e-13
-1.411602349e-13
5.080452245e-13
4.377352634e-12
-1.06933649e-12
-2.395026426e-12
2.880185644e-12
3.290271971e-11
-6.828567268e-12
-2.253173389e-11
1.130459363e-11
5.328801391e-11
-1.569041976e-11
-3.327737676e-11
2.052668429e-11
7.674924991e-11
-2.736006534e-11
-5.173604644e-11
3.865858588e-11
1.091880883e-10
-5.464712048e-11
-7.497437144e-11
7.286077491e-11
1.572517003e-10
-1.048680368e-10
1.733292139e-10
-9.985863111e-11
-2.369629972e-10
-1.938354499e-10
2.801843873e-10
-4.730923065e-15
-6.028216257e-15
1.871033674e-14
7.38360378e-15
-7.597020743e-16
-1.381276908e-14
8.744945741e-14
4.058300565e-14
-5.190436229e-14
-7.011610117e-14
2.035584788e-13
1.214363975e-13
-1.642927834e-13
-1.52593188e-13
2.860436237e-14
1.568942129e-14
-4.222427853e-14
-9.907784542e-16
5.299801596e-16
1.647493345e-16
-6.312307258e-16
1.441679645e-16
7.844268823e-15
-1.137646942e-15
-9.620597391e-16
8.20339601e-15
1.808941152e-12
-6.656389862e-14
-1.725964922e-12
2.087264762e-12
1.37522141e-11
-4.040146099e-12
-7.031656662e-12
4.943661411e-12
1.703562488e-11
-5.626334699e-12
-6.503544017e-12
7.018208738e-12
3.018789402e-11
-1.009117537e-11
-1.422304285e-11
1.605362177e-11
4.96117079e-11
-2.600114947e-11
-3.079155904e-11
4.09160058e-11
7.535514647e-11
-6.372962779e-11
-5.402152836e-11
1.021213385e-10
1.464030145e-10
-1.648879001e-10
-1.286913254e-10
2.585666825e-10
3.448230934e-10
-3.804033677e-10
-4.250137986e-10
5.832662652e-10
-5.325624456e-09
2.94992313e-09
8.983230151e-12
1.098351326e-13
-2.491233235e-13
-4.750530203e-14
8.189651568e-15
8.09834292e-15
-2.633215383e-14
-5.027478963e-23
1.428556088e-15
-2.426074975e-23
-2.515004274e-21
5.149342912e-15
2.57598896e-14
-2.341326448e-14
2.171117252e-16
2.774854127e-15
2.293559448e-14
-1.862827021e-16
9.037124061e-17
-2.147657931e-14
6.317450764e-14
1.87469663e-14
-7.864319654e-14
-1.407933476e-15
1.114042217e-15
-1.009193457e-16
-1.786444854e-15
7.289585441e-16
9.397813313e-16
-1.123430215e-15
-1.247319188e-15
1.774648551e-15
1.540555741e-12
-8.240870108e-15
-8.085129474e-13
2.194059691e-12
2.64762282e-12
-1.574614596e-12
-5.082212809e-13
1.036022835e-12
1.646173813e-12
-7.484979095e-13
-2.295625684e-13
7.272682886e-13
5.009889325e-12
-1.190310342e-12
-1.26775828e-12
3.04607791e-12
1.77341893e-11
-8.360009913e-12
-9.823461531e-12
1.975759692e-11
4.157781266e-11
-3.998751616e-11
-4.594127265e-11
7.797796824e-11
1.688389803e-10
-1.64743086e-10
-3.01585893e-10
3.449788119e-10
6.37645197e-10
-6.226260383e-10
-7.884119702e-10
2.440405659e-10
9.18382659e-09
3.556705739e-09
-2.59045841e-09
1.875225468e-09
3.689156511e-08
-5.439857712e-09
1.768036041e-08
-1.566762495e-08
-1.161287572e-08
-3.80566946e-09
2.067233092e-19
-1.998295165e-19
-3.751851713e-19
6.874855325e-19
-4.256377192e-13
-5.912345806e-13
1.329410406e-13
9.070025506e-13
-1.0791754e-14
-8.832630867e-13
1.684024362e-13
7.695224595e-13
-5.895430889e-21
-6.893220228e-13
1.340883075e-13
5.338876233e-13
-2.454683337e-15
-3.01097665e-13
3.418322257e-14
1.226684502e-13
-1.067247097e-13
-5.135419557e-14
3.534971193e-14
1.171970694e-13
7.601120566e-14
-6.032046898e-14
-8.408582217e-15
-4.302883468e-16
3.291278642e-15
-6.893940983e-16
-6.750148033e-15
2.226053936e-15
1.723860428e-15
-3.781435321e-15
-2.315285772e-15
3.907823443e-15
8.323564437e-14
-4.118630913e-15
-3.397156566e-15
3.079596008e-14
2.384478801e-14
-1.766873834e-14
-9.813427676e-16
1.008597136e-14
1.169575174e-14
-6.447515545e-15
-3.498975917e-16
5.713941832e-15
2.497527954e-13
-1.70894864e-14
-4.308950911e-14
2.127526892e-13
6.570380922e-12
-1.947394188e-12
-1.02497009e-11
1.253312461e-11
1.019255841e-10
-6.26704088e-11
-2.639511818e-10
2.093552898e-10
4.702750757e-10
-4.2780064e-10
-8.279384256e-10
6.620624458e-10
8.13229066e-10
-8.639264834e-10
-1.011648296e-09
1.031640531e-09
1.131651185e-09
-1.19611004e-09
-8.929495364e-10
1.389053058e-09
1.122062257e-09
-1.814350621e-09
-1.21141552e-09
2.008887845e-09
1.874738102e-09
-2.206430036e-09
-1.800805247e-09
2.309511818e-09
-1.373637293e-09
-2.025301996e-09
1.060928947e-16
1.076078776e-16
-9.379203821e-17
-8.30084782e-18
8.012195822e-19
1.176930115e-18
-1.794543278e-18
2.836583748e-19
-1.119183872e-14
-3.685389752e-15
5.186970948e-16
1.449122888e-14
-7.522718636e-14
-5.209601779e-14
3.425430778e-14
9.367986067e-14
-1.20417778e-13
-1.395957279e-13
7.665355237e-14
1.846365045e-13
-1.148756512e-13
-2.168646683e-13
1.04638792e-13
2.273704756e-13
-8.195670764e-14
-2.175968742e-13
9.932118944e-14
1.997858592e-13
-6.377649885e-14
-1.804548824e-13
9.351669441e-14
1.507657497e-13
-1.687727281e-14
-1.139537389e-13
5.822750862e-14
7.167533507e-14
-6.749665961e-16
-4.181391563e-14
1.46049656e-14
2.615745563e-14
9.263628623e-16
-1.667243724e-14
5.090048772e-15
8.575638712e-15
7.140833724e-16
-3.574542029e-15
5.933739139e-16
1.607539052e-15
1.397109386e-16
-8.108630076e-16
1.548020489e-16
4.683520549e-16
4.351543829e-16
-3.699500085e-16
5.256669378e-15
2.147379873e-14
4.243765085e-11
-4.837122933e-12
-1.533684506e-10
1.205784331e-10
6.724094591e-10
-4.036454381e-10
-1.386394304e-09
9.273303453e-10
1.971556538e-09
-1.653171917e-09
-3.58960912e-09
2.413715758e-09
2.395255015e-09
-2.92626206e-09
-5.11105128e-09
2.872955454e-09
1.191016157e-09
-2.198696987e-09
-3.1050762e-09
1.40665548e-09
8.657782827e-10
-1.033172118e-09
-8.385125348e-10
1.101544718e-09
1.438922757e-09
-1.442689418e-09
-1.078960836e-09
1.905963362e-09
1.590019711e-09
-2.246184629e-09
-1.426481985e-09
2.12270551e-09
-6.756850558e-10
-1.513349123e-09
3.457309294e-13
-4.577951849e-13
-2.08404583e-14
9.437586628e-17
9.153557423e-17
-7.993848663e-17
-1.470145644e-17
2.241087733e-18
3.098085336e-18
-3.507069018e-18
-1.336778654e-19
4.784333771e-17
-4.648496899e-19
-7.167101008e-18
2.206035811e-15
-1.176446555e-14
-1.69254608e-13
-8.141498918e-15
2.992500781e-12
-3.606677555e-14
-2.267576727e-11
-4.633308938e-13
9.19467841e-11
-6.412657696e-14
-2.382720773e-10
-3.798654336e-12
4.601725796e-10
-8.022479786e-14
-7.450747833e-10
-7.949979503e-12
1.093727083e-09
-8.321657731e-14
-1.370514225e-09
-6.158558878e-09
3.187039208e-09
-8.545443608e-14
-4.780361183e-09
-3.83827109e-09
5.048021377e-09
-1.467584114e-13
-4.109235201e-09
-2.645024345e-10
2.457341789e-09
-3.662465447e-13
-1.12824605e-09
1.143912399e-10
4.060238668e-10
-2.218641824e-13
-1.141557456e-10
1.159467566e-11
2.013620216e-11
-2.085395956e-14
-2.107428808e-12
1.20987244e-12
1.814746432e-12
-1.111671819e-13
-1.214728928e-11
1.645803969e-11
3.801178332e-11
3.78115508e-10
-1.638488123e-10
-9.533533709e-10
5.423267298e-10
1.960884492e-09
-1.164632613e-09
-2.210475328e-09
2.010817928e-09
4.241404556e-09
-3.069313019e-09
-3.865782027e-09
4.342006357e-09
6.648490751e-09
-5.774841687e-09
-6.137682515e-09
7.131206917e-09
6.158871688e-09
-7.816922462e-09
-7.456812906e-09
6.935866989e-09
1.533481354e-09
-4.324633805e-09
-3.08797712e-09
1.922462223e-09
8.392171273e-10
-1.110413157e-09
-7.422709623e-10
1.208286673e-09
1.189815062e-09
-1.540790683e-09
-9.631389624e-10
1.699656139e-09
6.874755147e-10
-6.032695079e-10
9.30529723e-10
-1.434553399e-09
-6.041217816e-13
-1.2946515e-12
2.238465422e-13
2.810781613e-13
-1.086503519e-13
-8.759926319e-15
6.004076814e-17
6.79445792e-17
-3.633750582e-17
-1.992555383e-17
5.282908047e-18
7.019308322e-18
-8.699726443e-18
7.706760826e-19
8.979496771e-21
-7.130464884e-18
3.453146031e-18
3.076383338e-17
-1.469825522e-15
-5.146611586e-16
1.745881167e-15
1.492284849e-14
-1.743817284e-13
-2.344282171e-13
2.170116634e-13
2.046218904e-12
-2.251044341e-12
-1.104529025e-11
3.886356496e-12
3.997231608e-11
-8.172396546e-12
-1.04125049e-10
2.14589919e-11
1.635295546e-10
1.955647225e-08
-8.398875394e-10
-2.191251736e-08
-7.360444407e-11
6.302487379e-09
-2.092718341e-09
-3.375291696e-09
3.734376511e-09
3.413601147e-09
-5.254928975e-09
-2.107691337e-09
6.407254928e-09
1.147358277e-09
-7.434779959e-09
-1.282736074e-09
8.598007047e-09
-9.1892305e-11
-9.962486118e-09
-5.064541239e-10
1.141615033e-08
-6.534647695e-10
-1.322193405e-08
5.423869299e-10
1.633623587e-08
-7.849794109e-10
-2.010437221e-08
-1.179829588e-09
1.781128754e-08
1.801912017e-09
-8.277485821e-09
-2.758335486e-09
3.036089892e-09
2.33256538e-09
-2.109311472e-09
-2.365151053e-09
2.191309018e-09
3.113204215e-09
-2.523401965e-09
-2.368564584e-09
3.069806768e-09
4.697886614e-09
-3.88127741e-09
-3.280233859e-09
4.9905393e-09
6.592020513e-09
-6.301041919e-09
-4.890263748e-09
7.344441989e-09
4.257070325e-09
-7.089725172e-09
-4.138650643e-09
4.828794623e-09
7.686185244e-10
-2.22333266e-09
-8.139892213e-10
1.177124371e-09
7.6372782e-10
-1.131895242e-09
-5.90747882e-10
1.245835554e-09
5.165766567e-10
-1.125617335e-09
-4.341453881e-10
7.81448528e-10
2.157862828e-10
-1.947693907e-10
3.505730871e-10
-4.817769383e-10
2.010854669e-13
6.055637684e-13
-3.589038272e-14
-2.440891818e-13
3.961374094e-14
6.592442456e-14
-8.131095144e-15
-3.06921587e-15
1.749299093e-17
2.081179352e-17
-6.375310534e-18
-1.136184899e-17
4.755020397e-18
8.844424196e-18
-1.450740585e-18
-6.877596055e-18
-6.343128366e-18
5.048284259e-18
2.975424972e-18
1.330733127e-17
-5.369312298e-15
-1.318797671e-15
2.34004037e-14
4.531543096e-14
-6.426709153e-13
-6.703125242e-13
1.972740474e-12
5.200296302e-12
-1.027154401e-11
-2.414268914e-11
2.354790894e-11
7.438611019e-11
-6.296620796e-11
-1.650295292e-10
1.272290603e-10
2.065470203e-10
1.113635536e-08
3.654380567e-09
-3.842005764e-09
-1.059339585e-09
7.934275862e-10
3.834741178e-10
-4.403901454e-10
-9.343536872e-11
1.649499959e-10
-7.614413366e-12
-1.166071495e-10
1.564392972e-10
8.851752232e-10
-5.76405262e-10
-6.097978913e-10
1.511127451e-09
2.233197725e-09
-3.265809082e-09
-1.861412735e-09
6.07826375e-09
3.68592269e-09
-9.648134837e-09
-4.464435195e-09
1.179203294e-08
5.330689784e-09
-1.132319995e-08
-6.896003681e-09
9.36212221e-09
4.248350175e-09
-7.090387322e-09
-5.195186365e-09
4.765587244e-09
2.218579237e-09
-3.020230251e-09
-1.945260937e-09
2.105454642e-09
1.755030715e-09
-1.786513652e-09
-1.320294508e-09
1.818382114e-09
2.233895106e-09
-2.079992891e-09
-1.569785989e-09
2.538063754e-09
3.322173961e-09
-3.187089076e-09
-2.18498163e-09
3.924524069e-09
3.198601126e-09
-4.331704275e-09
-2.107097373e-09
3.700731908e-09
7.351112039e-10
-2.16153884e-09
-5.183420489e-10
1.106437296e-09
4.364868059e-10
-8.652976117e-10
-2.978780303e-10
9.082494937e-10
3.601916035e-10
-8.929201828e-10
-2.89556284e-10
7.465553278e-10
1.927449856e-10
-5.399931526e-10
-2.310362611e-10
3.622519145e-10
-1.276795886e-10
-2.830783941e-10
-2.195115069e-15
-7.69680164e-14
9.951859655e-15
4.966644896e-15
-5.610455644e-16
-6.125312385e-15
1.214234637e-15
2.325771105e-15
-2.091198255e-16
-3.737468469e-16
4.141365574e-18
4.728311482e-18
-4.371921351e-18
-9.538789812e-19
3.817087696e-19
6.544831392e-19
-7.820841537e-20
-6.294873726e-19
-1.736537702e-18
6.83193995e-19
8.985347727e-19
1.952018168e-18
-2.091402211e-13
-2.746438024e-14
1.213583223e-12
7.886594384e-13
-8.211599645e-12
-6.358311002e-12
3.058196788e-11
2.564313433e-11
-5.712338873e-11
-6.776928879e-11
1.276086044e-10
1.358382647e-10
2.177125461e-09
-1.049273716e-10
-1.148677324e-08
-3.532415903e-09
2.08072125e-09
1.115356917e-09
-1.444997453e-09
-3.877305474e-10
3.040314795e-10
1.426611803e-10
-2.053107471e-10
-3.232505845e-11
8.10537615e-11
-3.71519886e-12
-6.646000548e-11
7.828231579e-11
3.921065997e-10
-2.625825811e-10
-3.005431932e-10
5.92341494e-10
1.134799484e-09
-1.149794093e-09
-7.686288922e-10
2.099765602e-09
2.981101617e-09
-3.680542086e-09
-1.86608544e-09
6.076689851e-09
5.906533097e-09
-9.077683009e-09
-4.040607133e-09
1.161200285e-08
5.487358283e-09
-1.168704093e-08
-4.588818626e-09
8.356912343e-09
1.794795261e-09
-4.232059027e-09
-1.714578826e-09
2.040004232e-09
1.108068426e-09
-1.429931399e-09
-1.128318962e-09
1.408090891e-09
1.197999831e-09
-1.515097663e-09
-1.034701077e-09
1.626181119e-09
1.428269755e-09
-1.759524609e-09
-9.220564878e-10
1.910070959e-09
1.198602608e-09
-1.898530797e-09
-5.500663064e-10
1.473475606e-09
2.776813003e-10
-8.594432874e-10
-1.110638854e-10
5.517407485e-10
1.810236912e-10
-5.407443243e-10
-9.365796459e-11
6.36606442e-10
2.124916781e-10
-7.490253383e-10
-1.315870952e-10
8.528033777e-10
2.60948772e-10
-9.259324858e-10
-2.167089973e-10
9.167469001e-10
1.086552191e-10
-2.324612562e-10
5.950834006e-10
-7.71163166e-10
3.634443935e-16
-6.87320654e-17
-5.00651247e-16
6.550107075e-16
3.035449357e-16
-2.745389175e-16
-5.334371941e-16
1.268559812e-16
2.624558402e-16
-1.08711316e-16
-7.366472442e-17
5.240971312e-18
6.537712382e-18
-5.791238489e-18
-7.23239176e-19
5.404500747e-20
9.029693157e-20
-8.32171375e-20
-1.367804511e-20
-5.355071991e-19
-6.952135412e-22
3.521479921e-19
7.374783638e-19
-3.751599099e-12
-1.944955426e-13
7.774857536e-12
4.840593495e-12
-7.162414333e-11
-2.761363964e-11
1.139469395e-10
7.468028028e-11
-2.169070585e-10
-1.329843798e-10
2.726259582e-10
1.652362184e-10
7.701938098e-09
8.338816859e-10
-5.368075371e-09
-1.791453854e-09
1.059292331e-09
6.47317623e-10
-7.989451042e-10
-1.690592941e-10
1.334094547e-10
6.130745684e-11
-8.356631406e-11
-1.815747916e-11
6.711804721e-11
-3.626380814e-12
-8.193655772e-11
7.467676306e-11
2.853480885e-10
-2.663955595e-10
-3.666866376e-10
5.613766629e-10
6.077994001e-10
-9.437284946e-10
-6.106385286e-10
1.416503831e-09
1.176706915e-09
-2.004162016e-09
-7.643273635e-10
2.797679826e-09
2.350388905e-09
-3.915365339e-09
-1.130385112e-09
5.246452727e-09
2.91797144e-09
-6.019803208e-09
-1.350812066e-09
5.192656915e-09
1.494511022e-09
-3.363695508e-09
-1.166561422e-09
2.267719613e-09
1.352424716e-09
-2.164063217e-09
-1.589677407e-09
2.387890912e-09
1.035402594e-09
-2.359204047e-09
-1.174015856e-09
1.918879107e-09
5.587925367e-10
-1.346906354e-09
-2.544558602e-10
9.363620366e-10
1.584044458e-10
-5.894278773e-10
-1.970349578e-11
3.010275642e-10
3.112316599e-11
-2.178983648e-10
-7.539187928e-12
2.504559166e-10
3.804797508e-11
-3.189226725e-10
-3.073997875e-11
3.981619939e-10
6.527529872e-11
-4.868187081e-10
-3.711892742e-11
5.952967597e-10
1.267528816e-10
-7.291593033e-10
-5.681117972e-11
8.590897102e-10
1.699387763e-10
-7.22410237e-11
7.669318676e-10
-9.005685269e-10
7.534206037e-18
3.234915032e-16
-2.785317245e-17
-6.060511371e-16
1.434827201e-16
8.24119778e-16
-1.276119316e-16
-7.297359547e-16
8.149330208e-17
3.658738598e-16
-8.055897031e-17
-9.679701969e-17
6.088989107e-18
1.460285405e-17
-5.513862646e-18
-1.430580848e-18
1.051528534e-19
1.697527384e-19
-8.437307095e-20
-5.86160153e-20
-2.822959089e-19
3.222013136e-20
2.549513704e-19
1.036796355e-19
-1.227675667e-11
-2.514814925e-13
1.616712544e-11
9.880782441e-12
-1.373805428e-10
-4.323760003e-11
1.323589218e-10
8.95185785e-11
-2.594318808e-10
-1.221252687e-10
1.882621924e-10
1.186412925e-10
3.489006737e-09
3.460339885e-10
-1.807043531e-09
-1.293219591e-09
6.020663442e-10
4.24601621e-10
-4.237056404e-10
-5.288884945e-11
5.180054022e-11
2.457603149e-11
-3.246875601e-11
-1.555985145e-11
1.059426632e-10
-5.312633412e-13
-8.221371555e-11
2.016662634e-10
6.102987611e-10
-8.290068815e-10
-4.212795469e-10
1.70662499e-09
7.496741981e-10
-2.203707446e-09
-3.002697936e-10
1.820219806e-09
4.708452977e-10
-9.878798471e-10
-2.709191054e-10
5.045027955e-10
3.944322539e-10
-3.841998719e-10
-3.200957031e-10
4.041036829e-10
5.065698299e-10
-4.766407256e-10
-4.042395206e-10
6.090854962e-10
8.223135533e-10
-8.426062365e-10
-5.614208837e-10
1.214652638e-09
1.342782896e-09
-1.746614629e-09
-8.483282558e-10
2.393872706e-09
1.182224675e-09
-2.973881854e-09
-7.865453355e-10
3.221122098e-09
6.589120519e-11
-3.016203584e-09
-2.245767831e-12
2.499511737e-09
-1.08927239e-10
-1.991482005e-09
2.99488864e-10
1.658877325e-09
-3.256920339e-11
-1.399781382e-09
1.848539209e-10
1.1714562e-09
5.314787049e-11
-9.777859696e-10
1.586470817e-11
7.750774184e-10
3.890256964e-11
-5.100673619e-10
-3.237348923e-11
2.692263491e-10
1.857759182e-11
-1.481835373e-10
-2.118555483e-11
1.117608853e-10
2.633597059e-11
-1.085570584e-10
-2.62548964e-11
1.160277255e-10
4.63976968e-11
-2.833573996e-11
-1.281270604e-10
1.416998698e-16
1.721997086e-17
-1.549556024e-17
-3.636948873e-16
8.083784746e-17
6.797619667e-16
-4.629704249e-17
-7.765500415e-16
6.112248516e-17
5.162524268e-16
-3.443031141e-17
-1.920931432e-16
4.43991143e-18
3.713697996e-17
-2.096808006e-18
-4.140204101e-18
4.852750294e-20
3.457559108e-19
-2.580318978e-20
-4.299560601e-20
-2.252394286e-19
6.38346838e-20
2.370885898e-19
1.737982265e-20
-1.877075026e-11
-2.965891173e-13
1.918052852e-11
8.681561099e-12
-1.023729556e-10
-2.805932402e-11
6.24540237e-11
4.341937916e-11
-1.103654169e-10
-4.657573734e-11
6.584763655e-11
4.702072569e-11
3.382504411e-10
-3.533849925e-11
2.575390276e-10
-5.870586063e-10
2.240554336e-10
1.897604884e-10
-6.572322288e-12
-1.307142746e-11
1.917657038e-11
1.131629798e-11
-9.905497651e-12
-1.463355143e-11
4.284589331e-11
4.115171664e-12
-5.073036921e-11
1.434828009e-11
1.439059812e-10
-3.753110278e-11
-1.00798751e-10
6.746533651e-11
1.716513525e-10
-1.054290498e-10
-1.081361109e-10
1.43581873e-10
1.98912442e-10
-1.834717106e-10
-1.481339327e-10
2.341497707e-10
2.663414226e-10
-3.012596943e-10
-2.30140475e-10
3.819884781e-10
3.471801108e-10
-4.652635058e-10
-3.098225576e-10
5.412422792e-10
4.297980637e-10
-6.155384559e-10
-3.28241308e-10
7.167014309e-10
5.495667169e-10
-8.928359932e-10
-3.135308657e-10
1.191711643e-09
4.546046193e-10
-1.628164724e-09
-1.621508391e-10
2.140400571e-09
-1.104615369e-10
-2.573387483e-09
2.423073617e-10
2.782346683e-09
-4.450154062e-10
-2.76260947e-09
5.244426893e-10
2.567313082e-09
-3.472494311e-10
-2.247834851e-09
4.965993109e-10
1.823682118e-09
-6.492343757e-11
-1.272748361e-09
9.41436229e-11
6.583487178e-10
2.660255617e-11
-2.504372948e-10
-1.768052445e-11
1.023155679e-10
1.603116412e-11
-6.533745935e-11
-6.456881578e-12
5.988805029e-11
1.59389461e-11
-6.21674709e-11
-2.879694497e-12
6.535473226e-11
1.158861074e-11
1.123446303e-11
-6.757013215e-11
3.59961543e-17
4.527164716e-17
-4.864453363e-16
4.950247817e-16
6.975099244e-18
7.235943837e-17
-3.574454493e-16
4.356575078e-18
1.911606842e-16
3.1158339e-17
-1.233703727e-16
3.610485231e-18
1.221799401e-16
2.240712818e-17
-8.037637068e-17
-3.653787959e-19
1.488535562e-17
9.592856086e-18
-2.218325462e-18
-4.030897276e-21
4.584575581e-19
2.01610078e-19
-1.282260107e-19
-3.023619531e-19
1.40168996e-20
4.284467276e-19
3.194222364e-20
-1.681407297e-11
-3.915368534e-13
1.067899623e-11
6.069252709e-12
-3.200234393e-11
-1.04245232e-11
2.912641513e-11
2.174929206e-11
-6.031416804e-11
-4.091858337e-11
1.179147384e-10
6.166729192e-11
-3.502530928e-10
-3.341267716e-11
2.250688274e-09
-7.500577824e-10
-1.634508852e-09
-8.886020144e-11
4.158797314e-09
-5.011537055e-12
1.674135358e-13
5.207622713e-13
4.340722948e-14
2.287504578e-13
5.785269038e-11
-1.466511063e-11
-4.766623689e-11
5.06930266e-11
7.852229146e-11
-6.895676974e-11
-3.7938085e-11
7.072386356e-11
6.863181913e-11
-7.371367136e-11
-3.494644803e-11
9.141854809e-11
1.117678709e-10
-1.343042268e-10
-8.212589088e-11
2.11553501e-10
2.063037261e-10
-3.29297124e-10
-1.850677133e-10
4.782434346e-10
2.867951344e-10
-6.150925651e-10
-2.668016675e-10
6.754114388e-10
2.426810747e-10
-6.373351351e-10
-1.590533847e-10
5.511037576e-10
1.402894544e-10
-4.913055559e-10
-1.432441131e-11
5.068335941e-10
-2.147435058e-11
-6.087820163e-10
1.245295067e-10
8.151407553e-10
-1.280570447e-10
-1.485472894e-09
-1.525392196e-10
2.863774707e-09
-1.549492894e-10
-4.866115118e-09
-7.003479535e-10
6.527177484e-09
-3.418297712e-10
-6.327983207e-09
-4.328341857e-10
4.194358052e-09
-7.579331436e-11
-1.857809281e-09
2.530909041e-11
5.683501508e-10
5.49831895e-13
-1.81607637e-10
9.992460676e-12
8.769471379e-11
-1.767177602e-12
-5.570921737e-11
5.994155162e-12
4.210002905e-11
-2.930352417e-12
-3.742792864e-11
5.444725129e-12
3.758185766e-11
-1.73221761e-12
4.940658265e-12
4.191126304e-11
-3.998051492e-11
-6.114055488e-13
-1.677623552e-11
-4.764319001e-11
5.405301911e-11
-2.539664273e-12
-3.023203466e-12
-6.481857655e-11
-1.735729082e-12
5.272937833e-11
3.250698494e-12
-3.781852476e-11
-1.012534393e-13
1.16003756e-10
5.417384101e-11
-5.80505192e-10
-4.559566665e-16
2.400380176e-09
7.168908373e-10
-5.797616981e-09
-1.311859104e-15
7.507428657e-09
-1.604026057e-10
-6.492608485e-09
-3.959764363e-16
4.526477432e-09
1.496557165e-10
-2.95245299e-09
-1.951260752e-09
2.394663894e-09
8.357033762e-10
-6.117190631e-10
-1.55994535e-10
4.851725952e-10
4.523092237e-10
-4.27970666e-10
-5.080556058e-10
4.849697466e-10
1.277085211e-09
-7.874040217e-10
-3.454478033e-09
1.095009975e-09
3.153077431e-09
-8.547848364e-10
-4.911970285e-09
1.922716124e-10
3.112887369e-09
-3.502365559e-12
5.548462756e-14
2.103804492e-13
-2.491566715e-15
3.291191465e-14
6.819710563e-13
-3.285257368e-13
-2.556763135e-13
1.101717775e-12
2.003741727e-12
-1.898068642e-12
-2.46118226e-13
3.665977446e-12
1.182532402e-11
-9.962604749e-12
-2.605515444e-12
3.106605084e-11
5.301996697e-11
-8.14832925e-11
-1.802914952e-11
1.745041821e-10
1.445655804e-10
-3.265604012e-10
-5.77682136e-11
5.53502984e-10
2.186460363e-10
-8.294046849e-10
-8.191544403e-11
1.021311177e-09
5.50844483e-11
-9.314456706e-10
6.971199793e-11
6.033960491e-10
-7.181396401e-11
-3.667560809e-10
1.189023602e-10
3.232021106e-10
-1.604134973e-10
-4.205207777e-10
2.024573421e-10
4.901421758e-10
8.724138622e-11
-3.96297056e-10
4.74407528e-11
2.902119106e-10
1.70797405e-10
-2.744644095e-10
7.242549187e-12
4.457901402e-10
2.409284717e-10
-9.096844793e-10
6.137363711e-11
1.502410268e-09
-6.071892297e-11
-1.7392856e-09
2.683452561e-10
1.387102687e-09
-6.063474625e-11
-7.537438795e-10
1.339315451e-10
3.406427509e-10
-1.76515757e-11
-1.72506326e-10
4.432222352e-11
1.091707997e-10
-9.829299736e-12
-8.400328525e-11
1.951522392e-11
7.187753035e-11
-7.930448775e-12
1.276262823e-11
5.60617838e-11
-6.290078444e-11
-3.751493387e-12
1.453854281e-10
-1.728339601e-09
2.986898369e-09
-8.080609028e-11
8.12216419e-10
-2.736880184e-09
-5.366727013e-11
2.21754825e-09
5.266913142e-10
-1.933033996e-09
-2.057804717e-10
1.924034639e-09
4.767844585e-10
-2.090517709e-09
-7.344127216e-10
1.840718283e-09
4.243724753e-10
-1.126102202e-09
-1.722991754e-11
7.188938707e-10
1.548238505e-10
-6.992063499e-10
-1.420776711e-10
8.324213109e-10
2.274476416e-10
-1.060364361e-09
-5.238807368e-10
1.311709131e-09
5.891504019e-10
-1.414583632e-09
-7.389446409e-10
1.339207394e-09
8.562688484e-10
-1.170374489e-09
-1.592597691e-09
1.111494892e-09
1.209934445e-09
-1.027303598e-09
-1.837727264e-09
6.432273634e-10
6.881224445e-10
-4.078104616e-10
-1.0783124e-09
2.954980961e-10
2.457506235e-10
-1.434979129e-12
2.235760328e-17
1.138225371e-15
8.065864421e-16
-1.787494891e-16
3.706362341e-13
-9.420613485e-15
2.775764156e-12
-8.207996012e-15
2.717108677e-15
3.326156322e-15
1.206475554e-14
7.502052623e-15
4.031572756e-13
-4.692436286e-13
4.233105424e-12
3.705265964e-12
-1.917765731e-12
-9.676637035e-12
1.388961691e-11
1.721118568e-11
-8.672430818e-12
-2.758745976e-11
2.604971051e-11
4.404458469e-11
-4.199912145e-11
-7.783591444e-11
7.380405816e-11
1.377338209e-10
-1.485333951e-10
-2.037870717e-10
1.494778628e-10
2.415810739e-10
-1.543872853e-10
-2.577107614e-10
2.306232145e-10
2.937001149e-10
-3.470038899e-10
-4.198769549e-10
1.354325268e-09
5.965868171e-10
-7.015341273e-11
-3.897088174e-09
1.936783901e-09
1.038986295e-09
-5.916693349e-11
-3.057952319e-10
2.521452455e-10
2.225052222e-10
-1.183954512e-10
-2.795770526e-10
1.767438947e-10
4.203859996e-10
-2.880744269e-10
-6.474032031e-10
3.532554674e-10
9.35002043e-10
-3.801942204e-10
-1.275119294e-09
6.439352398e-10
1.708726799e-09
-5.025630818e-10
-2.26255103e-09
1.108995302e-09
2.781480064e-09
-2.155445535e-10
-2.809682449e-09
9.173970246e-10
2.002447017e-09
-2.714824109e-11
1.185567764e-10
2.713561956e-10
-8.609150939e-10
-7.013062415e-10
8.334246466e-10
-6.485293921e-09
8.628278012e-09
-1.706059633e-09
2.474267994e-09
-8.268063727e-09
-1.141561662e-09
6.748103179e-09
1.830645553e-09
-5.137434954e-09
-7.148632591e-10
3.807312507e-09
1.032471799e-09
-2.780790292e-09
-4.362933834e-10
2.00118632e-09
5.694780816e-10
-1.443388817e-09
-2.619761034e-10
1.093906219e-09
3.460319695e-10
-9.107719162e-10
-3.133654925e-10
8.645029367e-10
3.258354519e-10
-9.605137967e-10
-7.002525156e-10
1.245604939e-09
6.273405917e-10
-1.701625772e-09
-9.488774033e-10
1.893984712e-09
1.091398468e-09
-1.525559514e-09
-7.496903227e-10
1.090476986e-09
5.898838631e-10
-6.677324531e-10
-2.271704915e-10
3.105288401e-10
1.323522809e-10
-1.282134699e-10
-4.251702314e-11
3.874200313e-11
1.040796517e-11
-4.049044874e-12
-6.920073458e-14
5.536460452e-13
2.256684917e-13
-3.152450402e-13
-3.211372766e-11
-1.045629686e-12
1.143096708e-10
-1.836508225e-13
-1.382118811e-13
2.684416096e-14
5.511173845e-13
3.709503845e-13
-2.431958895e-11
-7.896094717e-12
4.476199226e-11
2.500341285e-11
-5.5279593e-11
-3.942046215e-11
8.176293987e-11
4.62779247e-11
-6.875060483e-11
-6.870117874e-11
7.848377807e-11
1.086753339e-10
-1.254982713e-10
-1.465680595e-10
1.523079201e-10
1.619791467e-10
-1.67322163e-10
-1.69187313e-10
1.757825835e-10
1.888054487e-10
-3.872625024e-10
-2.298253214e-10
2.437740237e-10
7.000220457e-11
-1.577345402e-08
3.997826662e-09
6.355962045e-09
-8.58215187e-10
-3.590771889e-08
-2.873506649e-08
4.001613143e-08
2.285079133e-08
-3.646571813e-09
-8.564377994e-09
1.51190858e-09
1.693487821e-09
-2.645991286e-10
-5.845404782e-10
3.485995191e-10
6.260333344e-10
-4.587652193e-10
-8.680632531e-10
6.301102589e-10
1.281215749e-09
-9.549426455e-10
-1.961230196e-09
1.396567544e-09
3.034812847e-09
-1.84988071e-09
-4.525881484e-09
2.745259563e-09
6.057345726e-09
-1.796305168e-09
-6.676346328e-09
2.575686649e-09
5.597716022e-09
-4.175388052e-10
8.257127052e-10
1.802955536e-09
-3.508656667e-09
-5.286766548e-10
-8.510416403e-10
2.418501128e-09
-2.326221517e-09
1.160145191e-09
-4.818243221e-09
-2.405870954e-09
6.061403835e-09
2.292037076e-09
-5.900589493e-09
-1.456111937e-09
5.065840307e-09
1.848920326e-09
-4.109888349e-09
-8.136750528e-10
3.256504144e-09
1.234532398e-09
-2.545094838e-09
-4.778317436e-10
1.960817765e-09
7.974466346e-10
-1.5014442e-09
-3.605853705e-10
1.187715972e-09
5.120942346e-10
-1.040430562e-09
-5.267536789e-10
1.056463359e-09
4.774256128e-10
-1.177206482e-09
-9.053816679e-10
1.219225886e-09
5.891865216e-10
-1.04108591e-09
-4.840093784e-10
9.392267589e-10
5.124981546e-10
-1.307803987e-09
-1.962814699e-10
2.394788878e-09
2.150407087e-09
-3.937900308e-09
-2.007653634e-10
5.146243595e-09
4.921286564e-09
-4.915545343e-09
-1.224078307e-10
2.746809244e-09
3.093841468e-09
-1.723835867e-10
-2.681175266e-10
-1.501382438e-10
6.901914029e-10
-5.32058426e-13
-8.000245081e-13
-6.489391319e-12
9.991664972e-10
4.696454672e-09
-1.256968245e-10
-4.068015958e-10
2.706991318e-10
-5.356891856e-11
-6.387672825e-11
2.673621714e-11
4.511707647e-11
1.710974551e-12
-7.157028183e-11
-1.844209494e-11
6.275012741e-11
3.797385676e-11
-1.435961095e-10
-6.654773495e-11
1.31319785e-10
9.925182593e-11
-1.761724956e-10
-1.2618573e-10
1.766835194e-10
1.530267136e-10
-2.529633459e-10
-2.00131372e-10
2.763831043e-10
2.829400636e-10
-1.012867192e-09
-3.96766146e-10
4.278448018e-10
7.296343096e-10
-2.083232364e-08
-8.374000364e-09
4.639127869e-09
2.807831173e-09
-5.32650156e-10
-8.531817448e-10
5.181330492e-10
7.089104704e-10
-4.968237019e-10
-8.796212475e-10
7.734820677e-10
1.197525723e-09
-9.398481219e-10
-1.734216479e-09
1.501565028e-09
2.631774532e-09
-2.111405497e-09
-4.057739297e-09
3.141070242e-09
6.041497838e-09
-3.783124692e-09
-8.131600882e-09
4.508130183e-09
9.214979649e-09
-3.004155276e-09
-8.340919626e-09
2.853604068e-09
6.204691765e-09
-1.197230049e-09
9.499903914e-10
3.918525129e-09
-4.433072009e-09
3.585334183e-10
-4.284532261e-10
3.034992455e-10
-3.646492967e-10
-1.348327779e-09
5.600508137e-10
5.580059453e-10
-1.043511705e-09
-1.891995976e-09
1.938325507e-09
1.464411331e-09
-3.326273363e-09
-1.897597958e-09
4.883498067e-09
2.784115097e-09
-5.767965377e-09
-1.476667264e-09
5.462643548e-09
2.674475338e-09
-4.285176865e-09
-8.14652431e-10
2.933662848e-09
1.377812303e-09
-1.891259598e-09
-4.809009698e-10
1.251677056e-09
5.798541863e-10
-8.918599922e-10
-3.875551857e-10
6.729354838e-10
3.136544484e-10
-5.442120892e-10
-4.570672535e-10
6.367979049e-10
3.218388678e-10
-1.416482443e-09
-3.627416384e-09
3.591393066e-09
2.99618563e-09
-6.917532573e-09
-9.631612408e-09
9.689731554e-09
1.003754991e-08
-9.565276285e-09
-6.120479637e-09
5.389059505e-09
6.678446607e-09
-2.65507955e-10
-6.880306167e-10
-8.912595011e-12
5.845842461e-10
-1.086763894e-10
-3.579989062e-08
-7.506881276e-10
1.003862389e-08
4.17223552e-08
-1.927308952e-08
-3.365353938e-08
2.768567828e-09
6.535810928e-09
-5.857608432e-10
4.355983453e-12
4.009344108e-11
1.546602109e-12
-5.554541774e-11
-9.878925878e-12
5.108140085e-11
2.452062358e-11
-1.225965116e-10
-4.767598888e-11
1.203743585e-10
7.731232876e-11
-1.807126033e-10
-1.092862196e-10
1.921413456e-10
1.475048534e-10
-3.101491302e-10
-2.098238164e-10
3.589377545e-10
3.191887829e-10
-5.00860651e-10
-4.84779496e-10
6.51218302e-10
6.467641791e-10
-9.30125071e-10
-8.943307771e-10
8.136607175e-10
9.296900057e-10
-7.61206352e-10
-1.137618485e-09
1.095498292e-09
1.4652635e-09
-1.23003906e-09
-1.936972662e-09
1.709155709e-09
2.601123289e-09
-2.269219601e-09
-3.507361447e-09
2.70231118e-09
4.638495237e-09
-3.891986352e-09
-6.00406626e-09
3.025821407e-09
6.621402476e-09
-3.916823987e-09
-6.16182337e-09
2.16435716e-09
4.898439024e-09
-2.108904418e-09
-3.710667669e-09
1.294955372e-09
3.213634742e-09
-1.365733065e-09
1.297322391e-09
-3.279981933e-09
5.866816711e-10
6.321276212e-10
-3.476098257e-10
-3.705452213e-10
2.459771249e-10
-3.314349077e-10
3.552681238e-10
-2.047463006e-10
-8.948492694e-10
2.702912544e-10
5.439288891e-10
-9.519310675e-10
-3.486159851e-09
3.72286342e-09
3.264558984e-09
-7.961215238e-09
-4.431789537e-09
1.074268521e-08
6.068652815e-09
-1.088072818e-08
-2.535182089e-09
8.834058685e-09
4.579265483e-09
-5.973446189e-09
-9.178302687e-10
3.537099691e-09
1.828924828e-09
-1.950949823e-09
-3.486854789e-10
1.069423433e-09
5.768908278e-10
-6.180083168e-10
-2.260594404e-10
4.049964469e-10
2.359779266e-10
-3.714340332e-10
-1.354963218e-09
6.405168928e-10
4.425106793e-10
-1.506696062e-09
-6.666127399e-09
2.847351714e-09
2.693804677e-09
-3.453236597e-09
-4.975958803e-09
2.230694454e-09
2.518113948e-09
-1.947869268e-10
-3.524751144e-10
1.616346191e-10
2.248524356e-10
-1.107785728e-10
-1.455427484e-09
2.149082898e-10
4.252976457e-10
-2.192830957e-10
-9.357722304e-10
4.685600138e-10
1.527607577e-09
-1.736333756e-10
-4.330814791e-11
3.253916407e-11
1.011242715e-10
8.810022461e-12
-5.222754581e-11
-1.492460166e-11
6.750026619e-11
2.882714525e-11
-1.275525172e-10
-5.197043222e-11
1.480202202e-10
8.265064995e-11
-2.146085544e-10
-1.201085176e-10
2.51417703e-10
1.717293123e-10
-4.282627221e-10
-2.595816803e-10
5.258788693e-10
4.168600023e-10
-8.485799034e-10
-6.627745118e-10
1.102405673e-09
9.463622473e-10
-1.09473887e-09
-1.195964281e-09
1.445996803e-09
1.399578402e-09
-1.382549815e-09
-1.602393929e-09
1.590123926e-09
1.830393247e-09
-1.841512667e-09
-2.05586509e-09
1.624914233e-09
2.223529706e-09
-2.117775039e-09
-2.261938225e-09
1.349931532e-09
2.44111947e-09
4.604283872e-10
-4.984438306e-09
1.63572754e-09
6.605889168e-09
-4.656005033e-10
-4.206108501e-09
1.618005463e-09
1.575577767e-09
1.47092102e-09
1.177094699e-09
-8.084151651e-10
-9.265091795e-10
-1.216696792e-09
-2.171111978e-09
-8.599286467e-10
1.051713474e-09
-6.993186216e-10
4.184716745e-10
-4.697425157e-10
6.606353349e-10
-2.744139358e-10
-4.398552943e-10
2.03535359e-10
4.864242279e-10
-2.048424653e-10
-2.143901537e-09
5.00569895e-10
1.142934378e-09
-1.949581851e-09
-6.079328352e-09
5.108709607e-09
4.212245021e-09
-8.71394793e-09
-6.72827615e-09
1.095178505e-08
6.995680677e-09
-1.065249754e-08
-3.572380006e-09
8.567837248e-09
5.396600714e-09
-6.03333133e-09
-1.247513559e-09
3.843797671e-09
2.575727019e-09
-2.22139275e-09
-4.099263456e-10
1.166572638e-09
9.030667106e-10
-6.064178318e-10
-2.516204441e-10
3.759972871e-10
3.356474067e-10
-3.047421607e-10
-7.451895875e-10
3.176788987e-10
3.181176677e-10
-3.497762097e-10
-8.662645725e-10
2.843855394e-10
3.133659699e-10
-1.199680846e-10
-1.465020726e-10
7.876772946e-11
9.90785505e-11
-4.770340937e-11
-1.812176674e-10
2.811367095e-11
7.093894713e-11
1.514312608e-11
-2.371688984e-09
1.870358159e-10
2.701027929e-09
-2.575502478e-10
-2.244591629e-10
8.644676753e-12
4.241732927e-10
8.20183655e-11
-1.125720081e-10
-7.622316527e-11
1.971693101e-10
7.639193679e-11
-1.860210612e-10
-9.196992544e-11
2.452345202e-10
1.210372804e-10
-3.066634496e-10
-1.648356627e-10
3.87838779e-10
2.366078238e-10
-6.643662377e-10
-3.697454419e-10
8.653130913e-10
6.141168422e-10
-1.430439874e-09
-9.949279572e-10
1.858039254e-09
1.44238652e-09
-1.862902552e-09
-1.817822488e-09
2.366810281e-09
2.045688038e-09
-1.834698084e-09
-2.154978187e-09
2.226176089e-09
2.172553092e-09
-1.493294433e-09
-2.066804223e-09
1.683414698e-09
1.823358995e-09
-1.695483033e-09
-1.506426389e-09
1.225120255e-09
2.859965486e-09
-5.221872028e-09
-7.180377825e-09
1.015011262e-08
1.648957935e-08
-1.074677262e-08
-2.907535477e-08
2.171667668e-08
4.008041777e-08
-1.111840517e-08
1.587201754e-08
3.163223028e-08
-4.259323977e-08
8.481027352e-10
-1.011551969e-09
1.610546456e-09
-5.231756181e-10
-6.310254732e-10
3.430288868e-10
9.058687697e-10
-2.535140751e-10
-7.7213214e-10
2.270879312e-10
8.174075777e-10
-2.950294292e-10
-2.299031292e-09
5.834972046e-10
1.461966574e-09
-1.243021106e-09
-4.787432541e-09
2.296487959e-09
2.278074222e-09
-3.59918178e-09
-5.64974297e-09
4.698859297e-09
3.847408429e-09
-5.349036039e-09
-4.132583327e-09
5.482025424e-09
4.936727065e-09
-4.857464494e-09
-1.916479867e-09
3.349010955e-09
3.400079335e-09
-1.742902468e-09
-5.656947302e-10
9.152215733e-10
9.258163722e-10
-5.688730344e-10
-3.22846234e-10
4.0304289e-10
4.247407186e-10
-2.975224095e-10
-2.174242044e-10
2.080781847e-10
2.295363887e-10
-1.243817648e-10
-7.684041236e-11
5.998866622e-11
7.204407891e-11
-2.626181764e-11
-3.766186255e-11
2.236289518e-11
3.865536371e-11
-3.237147634e-11
-1.793347112e-09
-2.232720799e-11
7.169630027e-10
7.294709928e-11
-6.724387982e-10
-2.367120358e-10
7.62480726e-10
2.476302017e-10
-3.166693869e-10
-1.923119804e-10
4.587709998e-10
1.665490488e-10
-3.313433969e-10
-1.722276612e-10
4.592717062e-10
2.039349407e-10
-5.109223875e-10
-2.673523265e-10
7.098940397e-10
3.888121438e-10
-1.165359986e-09
-6.236581518e-10
1.623134609e-09
1.037646516e-09
-2.414412436e-09
-1.627411562e-09
3.124619275e-09
2.2536135e-09
-2.972191573e-09
-2.740574689e-09
3.678216838e-09
3.048697527e-09
-2.803255564e-09
-3.254709403e-09
3.561462135e-09
3.387638204e-09
-2.198662126e-09
-3.383698708e-09
3.002547736e-09
3.206939073e-09
-9.184623672e-10
-2.890389846e-09
1.4360753e-09
4.141186908e-09
-1.510467583e-08
-1.248887318e-08
1.695690664e-08
2.603844246e-08
-2.659299077e-08
-3.524940372e-08
1.800268823e-08
3.11214932e-08
-7.230564954e-09
4.248591427e-09
-1.69614231e-08
3.232012988e-09
-1.381877692e-09
-2.970899309e-09
8.802401729e-10
-1.429280907e-09
2.388854448e-09
-6.089793319e-10
-1.119027301e-09
4.978588481e-10
1.713544439e-09
-4.872734743e-10
-1.394544171e-09
5.273295506e-10
1.639358399e-09
-5.165287194e-10
-1.038510975e-09
3.830415793e-10
6.282520806e-10
-3.50066338e-10
-1.668646872e-09
4.113199093e-10
6.314222327e-10
-1.019842514e-09
-4.650607801e-09
2.907453184e-09
4.129908336e-09
-5.008411341e-09
-4.936005383e-09
4.934394802e-09
6.002960771e-09
-3.076415862e-09
-1.366669196e-09
1.708027258e-09
1.777771673e-09
-1.014943626e-09
-5.507542594e-10
6.469794913e-10
6.644287332e-10
-4.201576017e-10
-2.571921115e-10
2.573393794e-10
2.7373162e-10
-1.349531736e-10
-7.114683167e-11
5.466881278e-11
6.79191325e-11
-1.948348471e-11
-2.552573317e-11
9.069467581e-12
1.520127238e-11
2.805201814e-12
-2.604844266e-10
-1.52696687e-11
1.337838973e-10
5.851235722e-11
-6.372391294e-10
-1.728183154e-10
4.366615536e-10
2.207766493e-10
-6.210608494e-10
-2.674544014e-10
8.211187277e-10
3.022476936e-10
-6.640903409e-10
-3.466159494e-10
1.010912371e-09
4.241976811e-10
-1.05172274e-09
-5.678819976e-10
1.647489857e-09
8.345867424e-10
-2.319396701e-09
-1.29900167e-09
3.328552108e-09
1.987577337e-09
-3.991582371e-09
-2.784143502e-09
4.965736011e-09
3.483038145e-09
-4.466036416e-09
-3.99709291e-09
5.291394677e-09
4.422469268e-09
-4.472035737e-09
-4.869317065e-09
5.467858322e-09
5.312491381e-09
-4.054240149e-09
-5.627256277e-09
5.245580504e-09
5.734219963e-09
-2.812487987e-09
-5.674684147e-09
4.477622055e-09
6.138259898e-09
-1.153247987e-08
-8.20292092e-09
6.38946807e-09
8.996699549e-09
5.170129788e-09
7.602389255e-09
-7.350552116e-09
-8.238296084e-09
1.443216368e-09
7.487620464e-09
-1.747050093e-09
-4.028940645e-09
1.382363405e-09
-2.701420244e-09
4.017035102e-09
-1.112286138e-09
-1.952300582e-09
8.448644363e-10
2.160504969e-09
-5.132631997e-10
-4.910154153e-10
2.62446349e-10
4.579758785e-10
-2.019015365e-10
-4.399451217e-10
2.790509129e-10
6.330014112e-10
-1.054412801e-09
-4.207163097e-09
3.232982087e-09
4.879852838e-09
-5.213870275e-09
-6.348985719e-09
5.088707874e-09
6.095998367e-09
-3.435877542e-09
-2.038152106e-09
2.041322261e-09
2.124315099e-09
-1.147693686e-09
-7.316094276e-10
5.759238429e-10
9.764287808e-10
-2.847028624e-10
-2.731487609e-10
1.744212989e-10
4.061036613e-10
-1.586825212e-10
-5.939046611e-11
1.19011083e-10
1.776756693e-10
-1.284418516e-11
-9.744588752e-12
3.211598563e-12
6.922648901e-12
2.647554005e-12
-1.014075899e-10
-1.883052615e-11
9.445378842e-11
4.494279663e-11
-2.84350463e-10
-7.927238969e-11
2.024388929e-10
1.119632507e-10
-1.072481665e-09
-3.211402792e-10
1.321374162e-09
5.430932484e-10
-1.581837209e-09
-7.697757954e-10
2.388990199e-09
1.045400014e-09
-2.619837863e-09
-1.436277385e-09
3.952605588e-09
2.007109384e-09
-4.629438835e-09
-2.764282168e-09
5.964938226e-09
3.587945341e-09
-5.911280155e-09
-4.291418047e-09
6.601429708e-09
4.815144306e-09
-6.070040182e-09
-5.28818819e-09
6.660159473e-09
5.858385023e-09
-6.418509802e-09
-6.53472197e-09
7.113269182e-09
7.186566296e-09
-6.355638591e-09
-7.656168413e-09
7.071000705e-09
7.868848939e-09
-5.788273545e-09
-7.858817284e-09
6.42407888e-09
7.731415844e-09
5.79870405e-09
7.532862026e-09
-5.730057675e-09
-7.611667115e-09
-5.449532665e-09
-7.91997071e-09
-7.103245088e-09
-3.069504024e-09
2.601532373e-09
-5.157454226e-09
5.681632369e-09
-1.695968747e-09
-2.151588005e-09
9.761708315e-10
1.98310422e-09
-4.993893353e-10
-4.987945445e-10
3.301856546e-10
6.14244624e-10
-3.481934634e-10
-1.117560062e-09
9.298450583e-10
1.798913362e-09
-3.013224539e-09
-5.884087105e-09
5.442602284e-09
7.104782879e-09
-5.871238479e-09
-5.550646536e-09
4.531802312e-09
5.01203208e-09
-2.969222386e-09
-2.343029245e-09
2.319911454e-09
2.384463317e-09
-3.40316283e-09
-4.125354139e-09
6.939984634e-09
9.113545315e-09
-1.074152069e-08
-5.076741027e-09
1.159909232e-08
1.438431806e-08
-8.674991659e-09
-1.74047911e-09
3.674680264e-09
4.727050471e-09
-3.20424724e-10
-6.099763056e-12
1.233564477e-12
5.685829831e-12
2.367691176e-12
-9.313097933e-11
-2.164359218e-11
8.983590466e-11
4.545062977e-11
-1.781021067e-10
-5.887173614e-11
1.644113394e-10
6.256556816e-11
-1.384664775e-09
-1.506743098e-10
1.087217836e-09
5.002369454e-10
-3.195591396e-09
-1.023024648e-09
3.42245973e-09
1.648908846e-09
-5.242247016e-09
-2.364380368e-09
5.676293836e-09
3.12408712e-09
-6.793467666e-09
-3.814435817e-09
6.549881181e-09
4.327918046e-09
-6.777387384e-09
-4.689931622e-09
6.264945549e-09
5.054490744e-09
-6.860493612e-09
-5.544523439e-09
6.468210447e-09
6.145609295e-09
-7.290489963e-09
-6.727973162e-09
6.732583458e-09
7.133908133e-09
-7.073197982e-09
-7.246747452e-09
6.146554152e-09
7.016425488e-09
-6.050751537e-09
-6.455407979e-09
4.521819578e-09
5.649013573e-09
-4.780896258e-09
2.431359469e-09
3.91449702e-09
-4.762728882e-09
-1.556595451e-09
-6.079913143e-09
1.135894885e-09
-1.879958161e-09
2.035240604e-09
-7.524875999e-10
-8.110936776e-10
5.762208791e-10
1.093452178e-09
-5.860562614e-10
-2.413464749e-09
1.440208205e-09
2.56797323e-09
-4.714375095e-09
-8.597660051e-09
8.23232031e-09
1.026961687e-08
-7.728009568e-09
-4.781656984e-09
4.866966347e-09
5.211062674e-09
-2.653212978e-09
-2.024904109e-09
1.726168982e-09
1.680712016e-09
-2.303822192e-09
-1.115606532e-08
6.511437871e-09
7.919948739e-09
-1.437294861e-08
-2.228738538e-08
1.867250856e-08
2.310532354e-08
-1.501682288e-08
-7.306926644e-09
6.288567925e-09
8.030942411e-09
-1.314839242e-10
-7.515630123e-12
-5.484650021e-12
2.072412994e-11
9.491716107e-12
-8.795368995e-11
-2.625813695e-11
8.738710108e-11
3.947813215e-11
-1.450595425e-10
-4.797945778e-11
1.298534845e-10
5.875524624e-11
-7.05680935e-10
-9.524754006e-11
4.558183946e-10
1.982627052e-10
-2.719697446e-09
-4.429518009e-10
1.599066211e-09
8.575952267e-10
-4.707025752e-09
-1.351909528e-09
2.882657076e-09
1.820087843e-09
-5.164317489e-09
-2.209137307e-09
3.305851142e-09
2.543916102e-09
-5.10591116e-09
-2.895626967e-09
3.640044402e-09
3.301375005e-09
-5.421020291e-09
-3.717556003e-09
3.924727681e-09
4.039395435e-09
-5.384097634e-09
-4.151843868e-09
3.448114249e-09
3.971888572e-09
-4.298147446e-09
-3.477246729e-09
2.090822271e-09
2.720327404e-09
6.148217985e-10
1.184225905e-09
-2.27706044e-09
-1.863827338e-09
-1.181285041e-09
-2.740343269e-09
9.867942352e-10
1.783759936e-09
-7.602028832e-10
-1.447298554e-09
7.843351835e-10
-2.115051982e-09
1.45029645e-09
-2.271656055e-09
-1.114688214e-08
6.920927804e-09
9.231398231e-09
-9.954466145e-09
-6.641228492e-09
7.935732754e-09
8.724372068e-09
-4.550481322e-09
-1.774825619e-09
2.420544172e-09
2.392833779e-09
-1.466225774e-09
-3.266835773e-09
1.345898115e-09
1.336647424e-09
-2.531699248e-09
-1.59130129e-08
5.320619605e-09
5.620791182e-09
-6.332899517e-09
-6.657552893e-09
3.339843622e-09
3.282361706e-09
-1.095422351e-10
-4.608660659e-11
-1.974696984e-11
5.265629494e-11
2.646187571e-11
-8.622606057e-11
-3.205944607e-11
8.313494069e-11
3.799264356e-11
-1.225816626e-10
-5.8854512e-11
1.279519556e-10
5.865203913e-11
-3.111515763e-10
-7.250631883e-11
2.313757872e-10
1.098214445e-10
-8.18652707e-10
-1.662142372e-10
4.705410405e-10
2.39161012e-10
-1.427039848e-09
-3.365610346e-10
7.83803008e-10
4.697991343e-10
-1.878618191e-09
-6.500831872e-10
1.202733221e-09
8.829298028e-10
-2.364805811e-09
-1.146658659e-09
1.573892475e-09
1.369227709e-09
-2.395634492e-09
-1.438748752e-09
1.287799745e-09
1.298523543e-09
6.235065959e-10
7.962322403e-10
-1.58156016e-09
-1.032413965e-09
-6.424805974e-10
3.730033722e-10
5.884535441e-10
-7.425420007e-10
3.213277778e-10
5.572678638e-10
-2.544259281e-10
-9.116187728e-10
7.288484905e-10
-4.458012585e-09
1.027407451e-09
-2.914563237e-09
-9.226088082e-09
5.035318602e-09
6.051638917e-09
-4.549192881e-09
-3.154940535e-09
2.76644533e-09
2.93321391e-09
-1.254143686e-09
-8.875198708e-10
5.046317451e-10
4.806101702e-10
-1.414564833e-10
-9.013151088e-10
1.319619875e-11
2.518676943e-10
1.398282033e-11
-5.572932852e-10
-3.384901201e-12
5.396954996e-11
1.201822554e-11
-4.652675666e-11
-1.038353621e-11
4.485622776e-11
2.01373223e-11
-8.329132152e-11
-3.347824828e-11
9.062443639e-11
4.617367118e-11
-1.40151531e-10
-6.310289375e-11
1.503898121e-10
6.692175439e-11
-2.001680673e-10
-7.624721913e-11
2.037950357e-10
9.683042315e-11
-3.50651293e-10
-1.275464913e-10
3.362554315e-10
1.680509039e-10
-6.158342097e-10
-2.304011511e-10
6.46631682e-10
3.35025942e-10
-1.018134783e-09
-4.801251138e-10
1.088011563e-09
5.860708942e-10
-1.106436403e-09
-6.002756816e-10
7.839224594e-10
5.421955604e-10
4.296876893e-10
3.222916277e-10
-6.883333639e-10
-4.335860482e-10
-3.276026243e-10
-2.4021049e-10
-7.675624049e-11
-2.280682832e-10
1.023977186e-10
2.045173987e-10
-2.807006691e-10
-1.794298412e-09
2.236144243e-10
2.575434832e-10
-4.04133463e-11
-1.360267742e-09
1.698793111e-11
-2.082651105e-10
7.372153887e-11
-1.725047735e-11
-1.421266425e-10
-2.310258057e-12
8.429656007e-11
1.594885533e-11
-2.61338981e-11
-4.358357624e-12
2.853546443e-11
6.244137936e-12
-4.791540242e-11
-1.118028114e-11
5.409891173e-11
1.901481609e-11
-1.032591651e-10
-3.770716047e-11
1.165701533e-10
5.941853217e-11
-1.585076399e-10
-6.639155951e-11
1.684821975e-10
7.653690294e-11
-2.296321778e-10
-9.594590908e-11
2.697118646e-10
1.278153374e-10
-3.783774264e-10
-1.706887869e-10
4.59505528e-10
2.264671183e-10
1.037608285e-09
4.995342603e-10
-7.859320937e-10
-3.188608745e-10
-8.097869847e-10
1.915600259e-09
7.831080066e-10
-1.362402791e-09
-3.248712592e-10
2.61695218e-10
-5.933061741e-10
4.244899664e-12
-2.674673125e-12
-2.733074419e-11
-1.711703732e-12
1.014873525e-11
-4.537205763e-11
-1.8098918e-12
4.462028971e-11
8.716385494e-12
-3.577618483e-11
-1.686108279e-11
7.973413941e-11
2.482840739e-11
-6.428124623e-11
-3.871068063e-11
1.409880372e-10
6.554023895e-11
-1.284645154e-10
-8.059923446e-11
2.162616557e-10
9.98936176e-11
-1.851275865e-10
-1.319610682e-10
4.996924171e-10
1.490020292e-10
-3.223041129e-10
-2.644791757e-10
3.506600833e-10
-5.820626788e-10
-1.785333155e-09
-5.065811782e-10
-6.205699774e-15
-1.473036861e-13
-1.912136054e-15
2.308165821e-16
-2.118213044e-15
6.04781203e-13
5.238304656e-12
6.657960172e-13
-7.207513943e-13
1.429799292e-12
6.717978834e-12
2.472306943e-12
-1.968501333e-12
4.424281238e-12
2.715971066e-11
8.890495379e-12
-2.102299723e-11
1.522441451e-11
6.067496526e-11
2.170468849e-11
-4.314275332e-11
2.800802536e-11
8.913384662e-11
3.5985895e-11
-6.441069972e-11
4.075934051e-11
6.984732994e-11
-9.053806341e-11
8.967621831e-11
1.139351597e-10
-1.28799934e-10
-6.350910238e-14
-4.537275052e-14
-1.206879294e-13
-8.759148058e-14
1.642305348e-13
-1.168237536e-13
-1.266281343e-13
-1.018998723e-13
1.813048423e-13
-1.080276846e-14
-2.639008068e-13
1.290300731e-10
-8.09560297e-11
1.393824913e-10
1.983290177e-10
-1.011856146e-10
2.840337601e-10
2.025444518e-10
4.413967421e-10
-2.003601593e-10
4.833859163e-10
-7.047647876e-10
-3.742561304e-15
-4.76795718e-14
-1.326464691e-15
1.976443203e-16
-1.14201869e-15
-4.341976471e-23
2.91258348e-09
1.482166451e-09
5.996013977e-08
2.259113514e-08
-3.032024228e-08
2.223010475e-12
3.526954237e-13
1.467201096e-12
6.350265229e-13
8.595637395e-13
1.859254067e-13
1.383483513e-13
1.317718855e-13
2.312712079e-09
-4.237729751e-09
4.290218265e-09
1.485517931e-09
-1.724349404e-09
1.365644269e-09
-1.474264932e-09
-6.38625978e-18
4.437546472e-18
-6.821217538e-19
-6.371683158e-18
1.961039979e-09
-2.405163049e-09
-1.046920355e-09
-3.160566067e-14
2.083283966e-14
-1.518120283e-14
-9.455866068e-17
9.717583877e-10
-1.55009529e-09
-4.233523708e-10
-6.677885525e-13
-6.685909963e-13
-1.554582206e-14
1.191149316e-14
-8.664611121e-17
-7.038841266e-15
8.494310977e-10
-1.278274792e-09
3.284796824e-10
5.581897947e-10
-3.273766977e-10
-6.666854923e-13
3.620216559e-13
-1.577701771e-13
-1.311114162e-13
3.079296059e-10
-4.683328651e-10
1.458828628e-10
-1.065656172e-10
9.808133978e-14
-2.364651399e-14
-7.177615331e-14
-4.179271845e-10
-1.858913347e-15
8.57168405e-16
-2.366149131e-16
-1.17235564e-15
8.309459083e-10
-1.042823993e-09
2.021301408e-10
-1.152355622e-10
-3.018890742e-16
-5.391300996e-17
-2.240533683e-16
8.283489497e-17
-4.587296035e-16
2.89678775e-17
4.280113703e-10
-5.569280131e-10
5.346802003e-12
3.403376278e-10
-3.462368541e-11
9.527093873e-18
-4.015263713e-18
-1.887244629e-16
-1.015021978e-10
-1.404179671e-16
-1.127489121e-17
-1.505405915e-17
-1.44192295e-16
6.04401245e-11
-4.143129878e-11
-3.967279724e-12
-1.563390666e-11
-6.618864192e-17
1.48293738e-12
-2.121490051e-11
3.700137632e-11
-3.812771141e-11
-3.955380627e-12
7.166863438e-12
-2.018371725e-10
1.078932132e-11
6.544643665e-11
-1.476187938e-10
9.721210826e-11
-1.760161937e-10
-1.072915731e-11
1.644313438e-11
-5.241986642e-09
-6.020538048e-10
1.523400957e-09
-6.408559673e-09
8.31403308e-10
-2.242963784e-09
-3.417747282e-11
1.137221563e-10
-3.622491865e-09
-1.970836753e-09
1.317360825e-09
-7.005285019e-09
2.793388282e-09
-4.248837256e-09
-3.625509615e-10
8.505359885e-10
-3.751288101e-10
2.96910806e-10
-5.541027238e-10
-4.018436638e-09
-3.390085162e-10
4.236316011e-10
-4.158761298e-10
-2.465622547e-09
-4.772795309e-10
-4.2710642e-10
6.165025825e-10
-3.081710496e-10
-3.177352117e-10
2.185647118e-08
-2.52662821e-08
-1.161247256e-09
5.772025729e-09
-9.958975531e-10
-9.086946291e-10
-8.946915508e-10
1.597662127e-09
-5.719863414e-10
1.942180508e-08
-3.804122818e-08
-7.627686154e-09
-1.885801301e-09
-1.062070762e-09
-8.076098164e-09
-1.731026506e-09
-3.036147028e-09
5.166780425e-09
-1.448105485e-09
-1.911437523e-09
8.759881619e-09
-7.844913179e-09
-5.092965394e-09
-4.142633461e-09
-3.026599664e-09
-5.115672301e-09
6.57310562e-09
-2.1231024e-09
-3.236250549e-09
6.348185964e-09
-6.820090798e-09
-4.934040776e-09
3.939167676e-09
-5.65851125e-09
-7.962720939e-09
-2.11603585e-09
-2.166464007e-09
-3.71008856e-09
-1.268263008e-09
-3.557855707e-09
-7.511472954e-10
-1.215067503e-09
-2.47546519e-09
-1.018511114e-09
-1.795871484e-09
-5.649370906e-10
-1.44872937e-09
1.529198872e-09
-5.276416385e-10
-1.337474186e-09
3.6945754e-10
-4.195228043e-10
-4.916903053e-10
3.945887082e-10
-1.137606734e-09
-3.90707318e-10
-1.539168217e-10
-3.710640634e-10
-1.258065587e-10
-1.192762763e-09
2.25786984e-10
-2.456369823e-10
-3.225746703e-10
-4.615152277e-10
-6.568245609e-10
-3.252487102e-11
-3.820325415e-10
-1.836337222e-11
-2.264350535e-09
-3.911245458e-12
-6.357645554e-11
2.649743689e-11
-5.892561056e-12
-3.448388431e-10
5.382812291e-10
-4.001841919e-10
-1.754963158e-09
1.165589401e-09
-1.207543888e-09
1.161374832e-09
-1.188472393e-09
-9.757677892e-10
-4.32635798e-10
-4.03242394e-11
-2.160778141e-11
1.263586491e-13
-2.102682234e-11
9.340496499e-12
-6.532862222e-11
1.913948398e-11
-5.155796146e-11
2.784200076e-11
-9.867024054e-11
3.967377254e-11
-8.770283964e-11
6.226356078e-11
-1.169722201e-10
8.344463404e-11
-9.938379604e-11
1.092034832e-10
-2.95888672e-10
1.579490733e-10
-2.458355918e-10
-4.247173086e-10
-8.380448682e-10
-1.695491913e-15
2.205775309e-15
-1.31012541e-15
-1.549290048e-15
2.072145378e-15
5.537669637e-14
2.267180024e-14
-1.69687506e-15
9.328240127e-14
3.720057807e-13
3.07218339e-13
-5.473745177e-14
2.089567725e-12
1.612824547e-11
5.270253356e-12
-1.199697965e-11
7.863611014e-12
2.735621839e-11
1.020317379e-11
-1.461255379e-11
1.325177264e-11
4.149565533e-11
1.822227882e-11
-2.21934633e-11
2.648527617e-11
6.273293651e-11
3.881996699e-11
-3.96727258e-11
5.54394828e-11
8.86249653e-11
-6.053685658e-11
5.312458249e-16
6.405985615e-14
-1.603437248e-14
-1.958870244e-14
-3.828916612e-14
6.979059517e-14
-1.025279198e-13
-2.971354941e-15
-2.385461579e-13
3.908331937e-13
-2.338351662e-14
-5.935883585e-13
-1.257067301e-15
2.291755917e-15
-2.909291277e-16
-3.289584839e-15
2.8236296e-16
5.263801492e-16
5.862285622e-16
-6.783434657e-16
1.453538695e-15
1.12316986e-14
1.785712787e-14
-4.838927013e-15
2.44021062e-12
8.020463026e-12
2.868482373e-12
-4.045375281e-12
2.631407499e-12
6.121497016e-12
2.44228074e-12
-1.809123428e-12
2.773227964e-12
8.942755087e-12
4.227797414e-12
-2.402594389e-12
7.998842869e-12
2.196926519e-11
1.573927254e-11
-1.030036339e-11
2.900459295e-11
4.053539958e-11
5.005451916e-11
-2.694415378e-11
8.486226218e-11
7.7948622e-11
1.467001953e-10
-7.698283364e-11
2.583148488e-10
2.151079515e-10
4.350313532e-10
-3.357282666e-10
6.004359132e-10
1.291087064e-09
-3.281103593e-09
-6.684842288e-30
1.463868601e-28
1.765994587e-28
-8.331508351e-30
3.737393604e-20
-1.499445801e-15
3.765923712e-15
5.8572504e-16
1.573605618e-14
-1.474121948e-17
7.51507918e-14
1.174806948e-14
4.224766916e-13
5.669941758e-13
-2.035673967e-15
-3.219734163e-14
-2.466391325e-16
5.073346749e-15
4.30078659e-16
-7.518187582e-15
1.254065058e-15
9.638938706e-16
1.888755183e-15
-1.781468259e-15
2.603369226e-15
3.663083945e-15
5.504522274e-15
-3.131150587e-15
6.49459386e-13
9.375963173e-13
3.795951875e-13
-4.432596265e-14
2.06896915e-13
2.927872084e-13
1.257699864e-13
-1.428091007e-14
1.056368708e-13
3.730044112e-13
1.971601394e-13
-2.892238253e-14
8.685227453e-13
4.098791772e-12
4.010868151e-12
-1.455732914e-12
1.369519279e-11
1.9565855e-11
3.657503899e-11
-2.426837177e-11
1.046679822e-10
1.322560617e-10
2.667228922e-10
-2.678240027e-10
5.211370951e-10
5.310579973e-10
8.202323786e-10
-6.575246128e-10
1.141293071e-09
1.765916343e-09
1.338345084e-09
-9.58517678e-10
1.765185552e-09
7.376258556e-09
-5.200472104e-10
1.337225353e-20
-5.727691367e-14
5.430588335e-14
3.749062131e-15
1.778018447e-13
-1.655887768e-13
2.913774762e-13
5.379271836e-14
3.873582421e-13
-1.630749432e-13
4.558600203e-13
9.94422616e-14
4.736890414e-13
-7.9490322e-14
4.268459944e-13
1.263889581e-13
3.426279575e-13
-1.518057682e-14
2.586106796e-13
9.484181518e-14
2.090482205e-13
-4.288679432e-14
1.773685367e-13
7.376967769e-14
1.053244886e-13
1.217053335e-14
5.238215604e-14
3.730076981e-14
2.316431276e-14
4.840028822e-15
1.144067887e-14
1.270460333e-15
5.971702278e-15
2.074587498e-15
2.731688622e-15
7.810535838e-16
8.464098781e-16
1.88150549e-15
7.73476241e-16
-2.092313272e-15
4.533810033e-16
5.233986932e-16
2.631765848e-16
-2.686033716e-16
1.933090782e-16
1.384458388e-15
1.085669798e-15
-6.133056819e-17
6.139264592e-14
4.494043156e-13
1.000953414e-12
-1.323941821e-13
3.30066108e-11
7.478111535e-11
1.705370163e-10
-2.407065829e-10
4.211838967e-10
5.448860736e-10
7.522162894e-10
-1.302194467e-09
1.066613774e-09
1.002694598e-09
1.233507023e-09
-2.421884908e-09
1.204430802e-09
9.247031311e-10
1.092054743e-09
-1.859511496e-09
1.065115166e-09
9.87579847e-10
1.205393154e-09
-8.441701836e-10
1.504689019e-09
1.517051798e-09
1.91219889e-09
-1.107874464e-09
2.304223048e-09
1.846815289e-09
-1.675878051e-09
-1.156992235e-17
8.936356031e-18
-2.596760383e-18
-1.121580054e-17
-1.15098657e-18
-1.043242571e-16
1.051503443e-16
-2.919730752e-20
7.503530887e-16
-1.653529671e-14
1.387005793e-14
3.684594643e-15
3.686929983e-14
-5.458109011e-14
6.978230973e-14
2.253733633e-14
1.116062742e-13
-9.509474489e-14
1.573369677e-13
5.077558482e-14
1.992106031e-13
-1.043400887e-13
2.30765067e-13
7.402958759e-14
2.511487699e-13
-9.284829083e-14
2.621915452e-13
8.350864049e-14
2.733419737e-13
-7.393819528e-14
2.718803858e-13
7.728832106e-14
2.559468373e-13
-2.958959856e-14
2.793192769e-13
8.792354353e-14
4.029320763e-13
-8.38822541e-15
6.057351086e-13
2.511063514e-13
7.611955327e-13
-1.293174092e-15
7.40030529e-13
3.345720464e-13
4.950982661e-13
-3.045583326e-16
2.395188271e-13
8.080546443e-14
7.876766628e-14
-1.08100055e-16
3.901820071e-14
7.231738299e-15
9.921636549e-13
4.657107845e-12
8.115629102e-11
-6.211533082e-11
2.862315381e-10
5.938555546e-10
7.959746897e-10
-1.053460072e-09
1.619993968e-09
2.436516245e-09
2.701250317e-09
-3.032605331e-09
3.934113951e-09
4.61066601e-09
5.095010229e-09
-5.520675334e-09
5.754835768e-09
4.623898939e-09
5.326864662e-09
-7.107939792e-09
3.644896182e-09
1.529693767e-09
1.847169226e-09
-3.727268105e-09
1.08245421e-09
8.273032484e-10
1.115559847e-09
-8.006375576e-10
1.482623169e-09
1.354997839e-09
1.876645822e-09
-1.064987247e-09
1.959466666e-09
1.156676102e-09
-1.037795025e-09
-1.809646547e-17
1.349084922e-17
-4.870174717e-18
-1.460890428e-17
-3.722488908e-19
1.939268518e-19
1.652057819e-18
-8.956421576e-19
7.665566456e-17
3.94173321e-16
5.663152918e-15
3.169540613e-17
1.47694073e-13
8.187929619e-14
1.77854712e-12
2.293916242e-14
1.172388465e-11
1.620343166e-12
4.744449907e-11
7.739180752e-13
1.304111436e-10
6.394475817e-12
2.688224028e-10
4.750319707e-12
4.47879888e-10
1.438924498e-11
6.584793606e-10
-9.952303301e-10
3.312788202e-09
6.132045797e-09
5.118046212e-09
-1.071682457e-08
6.707542026e-09
2.026772822e-09
8.410327524e-09
-4.859222126e-09
9.382456533e-09
-1.5653529e-10
9.204390686e-09
-2.132945454e-09
8.465736105e-09
-4.513712688e-11
7.683253297e-09
-4.121010414e-10
7.275511191e-09
-1.193317099e-12
7.54162386e-09
3.624089577e-10
8.710233979e-09
-8.906175683e-12
1.028497261e-08
9.770028394e-10
8.876526185e-09
2.523826359e-10
3.653461068e-09
-2.972914102e-10
1.497787387e-09
1.538613883e-09
1.553176803e-09
-2.114324398e-09
2.124914758e-09
2.972639013e-09
2.879833792e-09
-2.647159329e-09
3.840284015e-09
4.932905374e-09
5.055857753e-09
-3.787118168e-09
6.486893255e-09
7.211381265e-09
7.824588757e-09
-5.764823745e-09
8.254362687e-09
5.967724496e-09
6.709983315e-09
-6.3076021e-09
3.619072595e-09
1.154240847e-09
1.55973463e-09
-1.772378274e-09
1.118672688e-09
8.465968975e-10
1.297787598e-09
-6.897961508e-10
1.45633656e-09
8.752212939e-10
-7.123378273e-10
-4.827343376e-15
3.749663124e-15
-4.583618093e-17
-2.668213012e-15
-1.932226412e-17
1.309971512e-17
-1.111873227e-17
-6.544520314e-18
-5.81192578e-18
2.949345088e-18
1.859707772e-18
-3.440190015e-18
3.716384507e-17
-6.251724249e-17
7.129670845e-16
2.079004539e-16
2.140058294e-14
-2.611570096e-14
3.501835195e-13
7.888137366e-14
3.094320053e-12
-1.120233213e-12
1.628834538e-11
3.167762089e-12
5.594851901e-11
-9.734784838e-12
1.362131189e-10
2.39169497e-11
1.891155244e-10
1.16722445e-08
-3.265822854e-09
-2.556981267e-08
-1.559057896e-09
7.23548633e-09
-2.00272009e-10
-2.570159285e-09
9.05688302e-10
2.758747947e-09
1.531398321e-09
-2.013983688e-10
1.92578387e-09
1.622235709e-09
2.511958864e-09
-4.582482375e-10
3.693469152e-09
9.734401903e-10
5.882767594e-09
-1.474556924e-09
9.415101124e-09
-1.807835049e-10
1.382814202e-08
-2.984021315e-09
1.632098371e-08
-2.155883909e-10
1.271281987e-08
-4.674717753e-09
7.240805326e-09
2.197422213e-09
4.571028913e-09
-5.173243234e-09
3.320837427e-09
2.652362281e-09
2.588486577e-09
-3.071970516e-09
2.2164824e-09
2.252573675e-09
2.155531769e-09
-1.821336838e-09
2.364364313e-09
2.709293523e-09
2.829641341e-09
-1.906629928e-09
3.564399626e-09
4.065897796e-09
4.551095185e-09
-2.730058877e-09
5.56870315e-09
5.181400756e-09
5.923288238e-09
-3.681305534e-09
4.705310095e-09
2.089237122e-09
2.495322489e-09
-1.821901535e-09
1.225879268e-09
5.677558406e-10
1.003816499e-09
-4.457608268e-10
1.06587156e-09
5.614376158e-10
9.924871877e-10
-4.240975555e-10
7.35372148e-10
2.9054673e-10
-2.730840221e-10
-4.308683922e-14
2.229687744e-14
-1.487067564e-14
-3.091184309e-15
-1.638754471e-15
1.082862797e-15
-7.159223158e-18
-2.043495288e-16
-3.015240115e-18
1.798794464e-18
-2.458007796e-18
-5.709935814e-19
-2.199654542e-18
1.385807068e-18
-2.107828435e-18
-3.778320645e-19
4.555298776e-18
-8.984775497e-16
6.026741558e-15
8.444635855e-15
1.980415093e-13
-2.889555465e-13
2.097254873e-12
1.75825975e-12
1.164700163e-11
-8.296653964e-12
4.109244356e-11
2.534249161e-11
1.033545117e-10
-5.004001721e-11
1.885494189e-10
1.051713872e-10
1.917925909e-10
2.151973e-08
-1.752446039e-09
-9.380217819e-09
-5.577567725e-10
1.138407149e-09
-2.096950021e-10
-7.51237701e-10
-5.007498355e-11
1.10532203e-10
3.655849401e-12
-7.512674575e-11
1.343245937e-10
3.093035285e-10
4.175396092e-10
-2.051764244e-10
9.28075711e-10
1.092098503e-09
1.829584351e-09
-6.773014036e-10
3.360467413e-09
2.999062612e-09
5.717101032e-09
-1.869829338e-09
8.694956951e-09
5.953330948e-09
1.135770483e-08
-4.441762918e-09
1.226613428e-08
6.703626041e-09
1.043678336e-08
-6.534067884e-09
6.655607515e-09
3.24000397e-09
3.45696963e-09
-3.367149489e-09
1.941767236e-09
1.425846542e-09
1.487013654e-09
-1.208787917e-09
1.475039094e-09
1.394266023e-09
1.643956622e-09
-1.139462732e-09
1.917706366e-09
1.842867559e-09
2.293361143e-09
-1.29421288e-09
2.722168744e-09
2.404008046e-09
2.94385613e-09
-1.474115757e-09
2.502201718e-09
1.232081778e-09
1.501987417e-09
-6.476572016e-10
8.370488457e-10
3.108119415e-10
7.021739149e-10
-1.831919806e-10
7.669306845e-10
3.003984649e-10
8.228903551e-10
-1.932946191e-10
8.125824647e-10
2.68293518e-10
7.323664047e-10
-2.398727806e-10
5.873221279e-10
1.775019163e-10
-2.460212842e-10
-8.655932862e-16
4.245334712e-16
-4.14118928e-16
-2.510836543e-16
-1.03739082e-16
5.422233815e-17
-5.1552943e-18
-3.691549194e-17
-5.510899653e-19
3.382026172e-19
-1.316766077e-19
-4.618794714e-19
-8.98521684e-20
5.590919818e-20
-9.868827021e-20
-7.986404195e-21
1.155272366e-18
-4.555510346e-14
9.337548089e-14
1.519577182e-13
2.316217978e-12
-8.659008875e-12
1.526272853e-11
2.382457947e-11
4.846183056e-11
-7.118920426e-11
1.014224341e-10
1.403597581e-10
1.635967766e-10
-2.428113067e-10
1.285022482e-11
4.172730489e-10
-2.235084218e-09
4.409809363e-09
-8.252345542e-10
-3.061518078e-09
-2.62730537e-10
4.991082657e-10
-9.502573389e-11
-3.187287997e-10
-2.301888518e-11
5.52061078e-11
3.650116428e-12
-4.523531067e-11
6.624939357e-11
1.645680644e-10
2.277649856e-10
-1.667203325e-10
5.037607502e-10
4.890310394e-10
9.271350146e-10
-4.268187869e-10
1.573970998e-09
1.199762463e-09
2.574462457e-09
-8.444937719e-10
4.105839708e-09
2.841462635e-09
6.253739331e-09
-1.674388592e-09
8.598041434e-09
4.918191223e-09
9.669636695e-09
-2.94653691e-09
7.89072032e-09
3.074329403e-09
4.484665944e-09
-2.176836662e-09
2.308385961e-09
1.199075866e-09
1.698726193e-09
-1.308551725e-09
1.705786833e-09
1.110624414e-09
1.730878981e-09
-1.290771891e-09
1.617631333e-09
9.574396737e-10
1.465594603e-09
-7.432087347e-10
1.352265568e-09
8.272990171e-10
1.131808929e-09
-3.805813894e-10
7.286250625e-10
2.422946158e-10
4.226378743e-10
-5.453871595e-11
3.525806516e-10
8.826185379e-11
4.11735076e-10
-3.154579266e-11
5.168314843e-10
1.075836152e-10
6.443597939e-10
-4.860290411e-11
7.920104543e-10
1.693178495e-10
9.484460351e-10
-9.117412131e-11
1.063801443e-09
2.500681135e-10
-1.615385239e-10
-4.930781939e-16
2.454313248e-16
-2.645240868e-16
-1.489394663e-16
-7.155708549e-17
2.973307524e-17
-9.129629642e-18
-2.998465663e-17
-1.0014077e-18
6.583120012e-19
-1.338386736e-19
-7.607169649e-19
-2.976502112e-20
1.584764924e-20
1.613652418e-21
-3.253902772e-20
2.84978806e-19
-3.454706211e-13
2.401376963e-13
6.047653392e-13
7.659596994e-12
-4.333041653e-11
3.847345987e-11
5.940174301e-11
9.11748752e-11
-1.965348237e-10
1.426055663e-10
2.097875786e-10
1.492261192e-10
-5.461250112e-10
-7.677495812e-10
5.400957342e-10
-1.497420334e-09
2.330224712e-09
-5.220412005e-10
-1.824758995e-09
-1.000362378e-10
1.876441544e-10
-3.857083432e-11
-9.91541821e-11
-1.601919414e-11
4.179114817e-11
2.865771213e-12
-4.184050797e-11
1.124542917e-10
2.239517454e-10
4.511659781e-10
-3.636552524e-10
9.143119057e-10
4.935595123e-10
1.33198584e-09
-7.284441329e-10
1.600591242e-09
6.947839803e-10
1.706114095e-09
-6.422638111e-10
1.790142409e-09
8.9730979e-10
2.014652734e-09
-3.880426891e-10
2.356855697e-09
1.356311586e-09
2.4867787e-09
-4.356666132e-10
2.111208966e-09
1.179480443e-09
1.714409955e-09
-6.277012707e-10
1.826192455e-09
1.368959019e-09
2.36732829e-09
-1.087453689e-09
2.963084366e-09
1.561893583e-09
3.14387797e-09
-1.424102286e-09
2.570701427e-09
6.212301687e-10
1.500471582e-09
-6.422477099e-10
7.999952815e-10
1.154036629e-10
6.726929971e-10
8.071547075e-11
6.804328435e-10
-2.887641192e-12
5.933413467e-10
8.170269369e-11
4.668758458e-10
2.150958762e-11
4.035990189e-10
-1.071097609e-11
4.033421531e-10
3.468470145e-11
4.224773269e-10
-5.674865426e-11
4.577349334e-10
4.43361523e-11
5.181557461e-10
-2.353782087e-11
5.764533973e-10
6.859902833e-11
-2.030298021e-11
-5.028190128e-16
7.422049114e-17
-8.574997721e-16
-4.370609576e-17
-8.628701289e-16
1.328631797e-16
-4.96028066e-16
-9.201444262e-17
-1.58438673e-16
2.787278046e-17
-2.712547493e-17
-2.269493863e-17
-2.571218327e-18
6.749251689e-19
-2.197371298e-19
-5.124313061e-19
-5.699727438e-20
2.776319753e-20
-7.377955883e-20
2.03954219e-20
4.144208325e-20
-8.95159946e-13
2.700581406e-13
1.206406791e-12
1.027956911e-11
-6.563288939e-11
3.934197179e-11
5.934897379e-11
7.040140933e-11
-1.766943151e-10
8.286025368e-11
1.180195539e-10
7.638013374e-11
-4.022942443e-10
-3.338145972e-11
2.19532724e-10
-1.094241802e-09
1.399672444e-09
-3.260491755e-10
-9.441783229e-10
-2.565869499e-11
4.81408465e-11
-1.659846941e-11
-2.43467287e-11
-1.631494617e-11
4.259527063e-11
-1.405482611e-11
-3.157035229e-11
4.113773267e-11
2.837629124e-10
1.484254347e-10
-1.006132209e-10
2.629402255e-10
3.871197771e-10
3.111132276e-10
-1.654011754e-10
2.969739885e-10
2.637249744e-10
2.788601092e-10
-1.803407141e-10
2.893146655e-10
2.912612702e-10
3.313136696e-10
-2.282848075e-10
3.942967641e-10
3.576578154e-10
4.692087501e-10
-3.077292116e-10
5.535368757e-10
4.671286623e-10
6.626579634e-10
-3.852209776e-10
8.361663749e-10
6.975701787e-10
1.129146026e-09
-4.889314132e-10
1.577616735e-09
9.194529758e-10
2.135148358e-09
-5.610681759e-10
2.629652896e-09
4.262925997e-10
2.855229158e-09
-2.067656255e-10
2.764094793e-09
-2.357539008e-10
2.504113457e-09
3.455409709e-10
2.219927469e-09
-2.651185398e-10
1.927561253e-09
4.34558571e-10
1.600121243e-09
-9.549811677e-11
1.202669267e-09
2.140112525e-10
7.210006106e-10
3.380549187e-11
3.189280791e-10
-2.547005525e-11
1.355815624e-10
2.289375913e-11
8.458865883e-11
-1.819030157e-11
7.795803818e-11
2.314800826e-11
8.374802227e-11
-1.583707132e-11
9.24483126e-11
2.875186663e-11
-1.606542658e-11
-2.54052605e-16
2.944131339e-17
-4.080762066e-16
-5.477856886e-18
-4.399310992e-16
4.953443563e-17
-3.000349191e-16
-3.615472836e-18
-1.209246043e-16
1.475630229e-17
-1.984093052e-17
-2.146660871e-18
-2.147526341e-18
2.001006073e-19
-2.737505477e-19
3.053332686e-20
-5.386048611e-20
-7.479237562e-20
-3.304356332e-20
1.149898743e-19
2.168389207e-20
-1.534722988e-12
3.366386913e-13
1.864615168e-12
6.741805447e-12
-4.335831213e-11
1.561107108e-11
2.569266607e-11
2.290163397e-11
-6.542102898e-11
3.051193921e-11
4.134466372e-11
4.64630723e-11
-1.309142116e-10
6.916682219e-11
1.140658946e-10
3.85853647e-11
7.756420126e-11
8.185863186e-11
1.595052891e-09
-4.201776006e-12
1.476917308e-11
-5.032326772e-12
-6.454913812e-12
-9.904919063e-12
3.510075401e-11
-4.417480263e-12
-3.186608893e-11
1.841103609e-11
9.046677323e-11
4.212949648e-11
-8.356081622e-11
6.41031338e-11
1.022117886e-10
8.612248881e-11
-6.792085248e-11
1.13104132e-10
1.227779677e-10
1.534929443e-10
-8.34345058e-11
2.153612329e-10
1.847868737e-10
3.027226673e-10
-1.536030389e-10
4.084887105e-10
2.75674191e-10
5.086007624e-10
-2.575860692e-10
5.742196774e-10
3.263445221e-10
6.00028838e-10
-2.805720742e-10
6.141009685e-10
3.24707673e-10
6.638957556e-10
-1.922420362e-10
7.890732194e-10
2.710277564e-10
1.001037422e-09
-7.486720914e-11
1.272937157e-09
-2.034689399e-12
1.732994366e-09
1.23481733e-10
2.418317135e-09
-4.192862172e-10
2.980151979e-09
1.043936816e-10
3.090215287e-09
-5.579965346e-10
2.722768516e-09
2.710662792e-10
2.059302482e-09
-3.217072028e-10
1.267383771e-09
2.619765506e-10
5.676098115e-10
2.020930564e-11
1.989594845e-10
-5.100722282e-12
7.937032222e-11
9.713986929e-12
4.613731499e-11
1.324373801e-12
3.80268593e-11
4.374940331e-12
3.752725881e-11
2.407625606e-12
3.913135144e-11
2.086594379e-12
3.059192265e-12
-1.929185946e-11
-5.57235246e-17
-1.097327453e-11
2.72869282e-12
-3.31826199e-12
-2.08468185e-17
-3.449000242e-13
6.074178556e-13
-2.196303481e-15
-2.592780173e-17
-1.932521473e-15
1.343976061e-15
-4.374451238e-15
-1.227596792e-18
-5.22294109e-15
-1.390114661e-16
-3.383294703e-15
-2.235199027e-19
-1.09278192e-16
1.289585085e-15
6.194557814e-16
-2.202375097e-12
4.003468022e-13
3.812242396e-12
-2.039492165e-10
-1.556500415e-11
-1.36162742e-10
1.01806949e-10
-9.346575139e-11
-5.604257269e-11
-5.376501492e-11
2.128947275e-10
-1.126081072e-10
-4.59361502e-10
-7.425147312e-10
1.904389168e-09
-9.477293134e-10
-3.003653429e-09
2.87590384e-11
3.399717981e-09
-5.95656988e-12
6.942476399e-12
-9.515290944e-12
5.554453924e-12
2.136813836e-11
3.004119203e-11
5.593209e-11
-2.186896087e-13
6.885406095e-11
5.074359796e-11
5.642849573e-11
-1.272394531e-12
4.472798946e-11
3.034892639e-11
4.442204126e-11
-4.48287303e-12
6.369466682e-11
5.21242533e-11
1.148500075e-10
-2.727340089e-11
2.109084945e-10
1.267374377e-10
3.642277591e-10
-9.175143268e-11
5.715836841e-10
2.423186643e-10
7.755664903e-10
-1.989896882e-10
8.539837083e-10
2.353776058e-10
7.316678548e-10
-1.659718957e-10
5.118883234e-10
7.479950429e-11
3.647563866e-10
2.849127124e-11
3.480116964e-10
-5.004909735e-11
4.681676984e-10
1.170687122e-10
6.471656404e-10
-6.141904079e-11
9.225911982e-10
1.646527802e-11
1.329183637e-09
4.148683438e-10
2.215575885e-09
-1.183834525e-10
3.984168047e-09
7.607024416e-10
6.251377707e-09
-2.476870399e-10
7.433690499e-09
2.37114716e-11
6.215418484e-09
-1.109668736e-10
3.478892938e-09
-1.263930153e-11
1.306872082e-09
1.191083754e-10
3.923870488e-10
-7.086461745e-12
1.439240096e-10
2.915907986e-11
7.693604842e-11
-5.538553773e-12
5.250041318e-11
1.243058457e-11
4.214538508e-11
-5.33602489e-12
8.517459843e-12
-1.081141954e-10
-1.288135735e-12
-7.843741635e-11
7.027294671e-11
-6.348759302e-11
-5.651716879e-12
-2.473679205e-10
4.657702566e-11
-1.545238254e-09
-4.356627381e-10
-3.832958435e-09
7.86329937e-10
-4.273354767e-09
-1.933850294e-10
-3.048329584e-09
1.787241197e-10
-2.032303311e-09
9.901269228e-11
-1.616902876e-09
5.42244368e-11
-1.57556297e-09
-5.516042365e-10
-1.445152148e-09
3.273533962e-10
-1.025759427e-09
-3.137642254e-10
-9.550422915e-10
5.558509525e-10
-8.924965411e-10
-6.501522017e-10
-9.626512577e-10
9.937341188e-10
-1.14436967e-09
-2.796226855e-09
-1.014923925e-09
2.458754117e-09
-6.817325579e-10
-2.502782263e-09
-4.081523174e-10
1.153865542e-09
-2.002973986e-12
-4.005151832e-12
-4.219378714e-15
2.348921653e-12
8.345803089e-16
3.423903365e-15
3.451491962e-15
3.745247272e-17
3.317443986e-13
2.238334061e-13
3.177802143e-13
-8.06327717e-16
4.373565908e-13
6.701049319e-13
1.391898513e-12
-1.25558686e-13
6.25315306e-12
7.835788962e-12
2.081935962e-11
6.106720226e-14
5.185371928e-11
3.439555441e-11
1.071611247e-10
5.323906532e-12
2.002860485e-10
8.173962243e-11
3.365840325e-10
1.615137819e-11
4.72675706e-10
2.967826545e-11
5.134214488e-10
9.64173224e-11
4.359848617e-10
-1.096286019e-10
3.363968139e-10
1.579333055e-10
3.179151752e-10
-1.531562414e-10
4.603406666e-10
2.374394073e-10
4.491162011e-10
-1.197530691e-10
3.560243136e-10
1.395082562e-11
2.467242329e-10
-1.735287886e-11
1.772683656e-10
7.858789388e-11
1.487544473e-10
-7.384142231e-12
1.910488475e-10
6.654502377e-11
3.805852426e-10
-1.838373687e-10
6.817113854e-10
2.047986351e-10
9.28905463e-10
-2.276502227e-10
1.0459532e-09
3.398567458e-10
1.116803694e-09
-7.275379202e-11
1.223606621e-09
4.411386925e-10
1.274595729e-09
-2.962239871e-11
9.681194934e-10
4.379290703e-10
4.444595445e-10
-1.434127105e-11
7.011875486e-11
-5.76499047e-09
-6.732070369e-10
-4.61538616e-09
1.463462432e-09
-3.631760446e-09
-4.613988907e-10
-2.902060801e-09
8.906963703e-10
-2.321986016e-09
-5.401603847e-10
-1.750161727e-09
5.776036771e-10
-1.248455324e-09
-2.254175171e-10
-9.652351849e-10
3.167927406e-10
-8.685063987e-10
-1.674692733e-10
-9.066488444e-10
2.612661156e-10
-1.085174604e-09
-3.640520758e-10
-1.415402796e-09
4.486595567e-10
-1.723809862e-09
-7.75386225e-10
-1.646578227e-09
9.485341084e-10
-1.30584334e-09
-9.484906081e-10
-1.043897607e-09
8.206730032e-10
-7.584457899e-10
-1.378388308e-09
-3.631147099e-10
5.910759314e-10
-1.816240745e-10
-3.565887711e-10
-9.028246023e-11
9.748319042e-11
-3.539635368e-12
-1.210101093e-12
-7.212609201e-14
1.532203392e-12
-3.380766905e-14
-2.055606558e-14
1.506394307e-13
3.894325412e-13
-5.905155391e-14
-5.638159621e-14
-1.930858092e-14
3.114583129e-13
8.620468653e-14
-5.521309162e-13
3.492719009e-12
4.828961567e-12
1.72237406e-11
-9.220947139e-12
3.316398531e-11
4.417666518e-11
4.227397883e-11
-1.866580381e-11
8.239208506e-11
5.276364423e-11
1.27944837e-10
-4.239127881e-11
1.590221488e-10
9.648132276e-11
1.781162579e-10
-1.160571027e-10
1.969844742e-10
1.496929651e-10
2.196721873e-10
-1.639699072e-10
1.825648155e-10
1.859969968e-10
-2.321034909e-09
-9.890453867e-10
-1.161652692e-08
5.306462298e-09
-2.288583656e-09
-7.773048467e-09
2.467975507e-08
5.236985749e-08
2.577269478e-08
-4.944573791e-10
1.367145668e-08
1.606018413e-08
3.642688748e-09
-1.580497247e-10
7.736584002e-10
4.727573668e-10
5.346653982e-10
-2.530739361e-10
7.221766586e-10
3.316478482e-10
1.051526671e-09
-4.770967533e-10
1.5472419e-09
6.544902496e-10
2.285947158e-09
-8.713589813e-10
3.298824288e-09
1.38114414e-09
4.35997649e-09
-1.178942203e-09
4.807030974e-09
2.08955049e-09
3.979041172e-09
-4.341288651e-10
1.069740277e-09
-8.426686714e-09
-2.289513381e-09
-7.780460347e-09
2.674443538e-09
-6.275782489e-09
-1.384185572e-09
-4.738610243e-09
1.91899834e-09
-3.4674969e-09
-7.681354603e-10
-2.502041898e-09
1.08832899e-09
-1.80574716e-09
-4.293183762e-10
-1.331059802e-09
6.150128108e-10
-1.035455532e-09
-3.113351268e-10
-8.946564834e-10
3.930509664e-10
-9.080526954e-10
-4.11864228e-10
-1.102335843e-09
3.932136472e-10
-1.466666032e-09
-9.688988293e-10
-1.680897464e-09
7.752592837e-10
-1.384557232e-09
-8.476832657e-10
-9.185590782e-10
7.087863586e-10
-4.813059732e-10
-3.364774606e-10
-2.405317468e-10
3.244244343e-10
-2.255877278e-10
-4.729646093e-11
-2.960112886e-10
1.741828494e-10
-3.06060182e-10
-3.790808103e-13
-1.924292706e-10
1.934220929e-10
-2.715396275e-12
-3.32323375e-12
1.138949544e-12
5.509942374e-12
-4.070964813e-13
-9.806865126e-13
-1.440159176e-14
2.41002835e-12
1.075949489e-12
-1.158628053e-11
-9.787506319e-12
5.816961096e-11
-3.268077527e-11
-7.699529398e-11
-2.47981222e-11
1.031237503e-10
8.688026439e-12
-6.437826616e-11
3.189553134e-11
5.037896495e-11
5.541668773e-11
-1.155481536e-10
8.83012665e-11
1.068977979e-10
1.203471815e-10
-1.679327851e-10
1.417355471e-10
1.639874477e-10
1.647793866e-10
-1.966103699e-10
2.096256606e-10
2.02959003e-10
2.763741355e-10
-1.268963319e-09
1.128523124e-10
3.998566323e-10
8.340797476e-10
-7.683071005e-08
1.988490854e-08
5.980960612e-08
1.058628661e-08
-1.169829406e-08
2.559615794e-09
3.160621711e-09
7.117969822e-10
-3.596107101e-10
6.28640988e-10
4.111362944e-10
8.134742689e-10
-4.51445441e-10
1.154669629e-09
6.609613701e-10
1.740811046e-09
-9.259662207e-10
2.725652395e-09
1.402406437e-09
4.254687286e-09
-2.056152693e-09
6.228216753e-09
3.015483538e-09
7.928245847e-09
-3.04443032e-09
8.123977076e-09
3.844444733e-09
6.43307029e-09
-1.611914886e-09
1.919818935e-09
-1.234980353e-09
-1.955893579e-09
-2.428753778e-09
8.218463985e-10
-3.43995035e-09
-2.166841342e-09
-3.94756588e-09
1.725584913e-09
-4.129447405e-09
-1.518175705e-09
-4.108193053e-09
1.934789647e-09
-3.83084035e-09
-9.983111044e-10
-3.249439104e-09
1.751379122e-09
-2.493211299e-09
-6.308918834e-10
-1.801162299e-09
1.130390126e-09
-1.327717888e-09
-4.578833492e-10
-1.074544055e-09
5.970042825e-10
-9.518974318e-10
-5.54962088e-10
-8.462044593e-10
4.290814187e-10
-7.310287046e-10
-4.98809299e-10
-8.64799234e-10
3.412731582e-10
-1.811961942e-09
-1.003278856e-09
-4.080150149e-09
1.328920977e-09
-7.159097873e-09
-3.639905937e-09
-9.536297145e-09
6.829921235e-09
-9.146136684e-09
-4.995032576e-09
-5.075167615e-09
9.938425417e-09
-2.912236029e-10
-4.383573669e-10
1.556151799e-10
5.164038318e-10
1.366549385e-09
-4.29927432e-12
9.523474969e-09
1.801067879e-09
2.079918912e-07
-7.06134482e-10
2.479093937e-07
3.647406153e-08
1.299085843e-07
-1.178117497e-10
2.00017488e-08
5.564321885e-09
3.537319473e-10
-3.847781785e-11
1.672780056e-11
4.016345258e-11
2.930449637e-11
-9.595765176e-11
5.438545511e-11
8.768862479e-11
8.518973767e-11
-1.567492753e-10
1.149438446e-10
1.522879892e-10
1.472138097e-10
-2.118630484e-10
2.004481613e-10
2.271754712e-10
2.94141288e-10
-3.836930704e-10
4.343347204e-10
4.378743682e-10
6.534995778e-10
-2.391029699e-08
2.087193719e-09
4.113659459e-09
9.408109717e-10
-7.513787823e-10
8.392467971e-10
6.579297589e-10
1.030281345e-09
-6.048422384e-10
1.358286016e-09
9.48150296e-10
1.87263236e-09
-1.050651871e-09
2.676785472e-09
1.653154044e-09
3.893469957e-09
-2.199446457e-09
5.556391267e-09
3.073427799e-09
7.376683e-09
-4.089294391e-09
8.551610567e-09
4.305481066e-09
8.19575434e-09
-3.967662513e-09
6.515549314e-09
2.936395604e-09
4.871813803e-09
-1.989830796e-09
1.759347638e-09
-2.929447151e-10
-3.547544695e-10
-2.536484997e-10
-3.080248385e-10
-9.272571292e-10
-6.51990382e-10
4.621105511e-10
-2.065561851e-09
-2.156257138e-09
-5.047263649e-09
1.980618398e-09
-7.778090711e-09
-2.992613184e-09
-8.522484277e-09
4.454476123e-09
-7.315571918e-09
-2.037545703e-09
-5.198775092e-09
3.632320695e-09
-3.227454448e-09
-8.820680769e-10
-1.883494613e-09
1.568406003e-09
-1.115389216e-09
-4.124047201e-10
-7.031571983e-10
5.472323202e-10
-4.862602925e-10
-2.586311405e-10
-4.334207365e-10
2.455182976e-10
-7.215185259e-10
-8.998534929e-10
-1.87212974e-09
4.140250517e-10
-4.19841695e-09
-6.598803435e-09
-6.569532894e-09
3.751276237e-09
-6.916966098e-09
-1.075615305e-08
-4.073100904e-09
7.729975552e-09
-2.349941436e-10
-3.106185299e-10
-1.619516221e-10
2.264179795e-10
-7.246351982e-11
-2.930133995e-10
9.27776028e-11
1.278335319e-10
2.318661923e-09
-7.413362471e-09
5.208743838e-10
1.989236159e-09
-7.408188878e-11
-4.246373644e-10
-2.056424823e-11
2.269306994e-10
2.441234366e-12
-2.569913729e-11
9.340350121e-12
2.550885564e-11
2.345599826e-11
-8.411481523e-11
4.631188602e-11
8.80932433e-11
7.618138027e-11
-1.546623539e-10
1.107550092e-10
1.672713249e-10
1.553414958e-10
-2.525146372e-10
2.290254776e-10
2.917483479e-10
3.591219367e-10
-5.216120936e-10
5.595401847e-10
6.390850159e-10
7.734329757e-10
-9.463544865e-10
9.679843058e-10
1.001147939e-09
1.156035037e-09
-9.128266344e-10
1.409600807e-09
1.212622808e-09
1.759298922e-09
-1.356551759e-09
2.211303799e-09
1.600009374e-09
2.750975643e-09
-2.163786811e-09
3.323045615e-09
2.063583827e-09
3.983682834e-09
-2.835696015e-09
5.832901719e-09
-1.404652082e-10
5.294881298e-09
-2.8619211e-09
3.45967406e-09
-1.095290098e-10
2.210170139e-09
-1.532738853e-09
1.850640536e-09
6.975014608e-10
2.033706397e-09
-1.334599828e-09
-2.200174833e-10
-3.583606673e-10
-1.933605454e-10
4.067409924e-10
-3.660606787e-10
-1.395265315e-09
-1.63193146e-09
8.218841055e-10
-5.223364121e-09
-5.153916924e-09
-9.444561139e-09
4.217281812e-09
-1.201566199e-08
-5.782155037e-09
-1.183851113e-08
7.057181219e-09
-9.409206101e-09
-3.076981738e-09
-6.336008361e-09
5.301975218e-09
-3.791029568e-09
-1.024302641e-09
-2.100257934e-09
2.17177194e-09
-1.120303173e-09
-3.452307796e-10
-6.090585302e-10
7.039802813e-10
-3.757899306e-10
-2.296284113e-10
-3.200282012e-10
2.724148721e-10
-4.475060892e-10
-1.243269873e-09
-7.848219249e-10
3.851071829e-10
-1.080268452e-09
-3.621295573e-09
-8.088906939e-10
1.099895041e-09
-1.477942285e-10
-1.915030677e-10
-1.143169058e-10
1.61753944e-10
-8.214744825e-11
-1.693949535e-10
-9.264106413e-11
1.182045709e-10
-7.249553047e-11
-1.712870601e-09
-5.525262628e-10
1.321445711e-09
-2.523420831e-10
-4.780775706e-10
-3.570846724e-11
9.678329921e-10
3.051831025e-11
-4.205020815e-11
3.543171554e-11
1.040878054e-10
4.582042083e-11
-1.055043537e-10
6.699210093e-11
1.444002608e-10
9.749055e-11
-1.932128434e-10
1.377882024e-10
2.35622676e-10
1.97861386e-10
-3.494964083e-10
3.044270397e-10
4.329707103e-10
4.98266258e-10
-8.010697725e-10
8.031221892e-10
1.025130609e-09
1.164359963e-09
-1.325742392e-09
1.475790764e-09
1.731300954e-09
1.684859494e-09
-1.52032292e-09
1.82003086e-09
1.879497793e-09
1.902524033e-09
-1.639692851e-09
1.898526464e-09
1.715103654e-09
1.76316681e-09
-1.513816787e-09
1.527181415e-09
1.171229434e-09
2.788987626e-09
-1.055206292e-09
5.202106643e-09
2.882390981e-09
1.020545771e-08
-1.961236128e-09
1.659049983e-08
8.140541354e-09
2.236296323e-08
-1.331608825e-09
1.219835762e-08
-3.622776231e-10
-5.320248204e-10
-2.507849758e-10
7.579980831e-10
-2.00431543e-10
-5.843322779e-10
-2.320597604e-10
6.084533598e-10
-5.544080277e-10
-2.463245598e-09
-1.680760784e-09
1.32820745e-09
-3.842229595e-09
-5.937358907e-09
-6.376886092e-09
3.492825209e-09
-7.932593212e-09
-6.722906396e-09
-7.933778045e-09
5.723027416e-09
-6.864620743e-09
-3.871374022e-09
-5.364618925e-09
5.007802455e-09
-3.719945915e-09
-1.589425758e-09
-2.156950137e-09
3.075019001e-09
-1.071684152e-09
-5.066083007e-10
-5.860306e-10
1.005869673e-09
-3.946994861e-10
-2.893701522e-10
-3.098087233e-10
3.965476801e-10
-2.571556578e-10
-3.680397979e-10
-1.95591655e-10
2.765295808e-10
-1.159420001e-10
-1.399763414e-10
-6.267330494e-11
1.344288317e-10
-2.874065343e-11
-6.680584866e-11
-9.046539393e-12
3.804618412e-11
8.430515709e-12
-5.52206221e-10
3.267339471e-11
2.121927929e-10
-1.207532161e-10
-1.549815341e-09
1.199598828e-10
1.787771213e-09
1.683711718e-10
-2.326239752e-10
1.335421623e-10
4.05697049e-10
1.177420801e-10
-2.098586198e-10
1.263479782e-10
3.0368044e-10
1.546436537e-10
-2.989709321e-10
2.04820714e-10
3.929589296e-10
2.950297394e-10
-5.555259723e-10
4.680757541e-10
7.430765585e-10
7.834416022e-10
-1.338232781e-09
1.25982618e-09
1.779407335e-09
1.799114404e-09
-2.22893652e-09
2.236128523e-09
2.834881496e-09
2.49836829e-09
-2.342266456e-09
2.633639518e-09
2.934090662e-09
2.674292457e-09
-2.011217293e-09
2.579501566e-09
2.563519352e-09
2.333635899e-09
-1.289728979e-09
1.975006499e-09
1.77659114e-09
2.901848011e-09
-4.670382898e-09
9.400731524e-09
6.441968031e-09
2.263963997e-08
-1.670465152e-08
3.792782083e-08
2.355161914e-08
4.600015532e-08
-2.218220382e-08
2.104621732e-08
-8.142585207e-10
-1.167605199e-09
-5.243391091e-10
-3.714053042e-10
-7.933702573e-10
-3.1282154e-10
1.178211359e-09
-3.32375538e-10
-1.039330261e-09
-4.396723228e-10
1.223951492e-09
-6.011348395e-10
-1.87911996e-09
-7.430988904e-10
1.341310814e-09
-1.05463244e-09
-3.1244896e-09
-1.636034562e-09
1.23391065e-09
-2.73904837e-09
-4.50529067e-09
-4.237379151e-09
2.849898616e-09
-5.162983073e-09
-4.682429565e-09
-4.342560044e-09
5.832511371e-09
-2.474133129e-09
-1.80000338e-09
-1.318590691e-09
2.724114292e-09
-7.905396609e-10
-5.842103637e-10
-5.267882576e-10
8.137223966e-10
-3.630584863e-10
-3.206063939e-10
-2.373931119e-10
3.857596462e-10
-1.336909116e-10
-1.417714281e-10
-5.897807792e-11
1.500089945e-10
-2.376903634e-11
-3.426959087e-11
-1.725469449e-11
3.230370465e-11
-6.718808738e-12
-8.290539735e-11
1.715929185e-11
4.303253902e-11
8.910917516e-11
-1.451709112e-09
2.442545924e-10
8.311665693e-10
2.643757318e-10
-5.592900253e-10
2.362961537e-10
6.527024481e-10
2.244945614e-10
-4.319750976e-10
2.389263414e-10
6.157584747e-10
2.83738209e-10
-5.40351187e-10
3.742279303e-10
7.901637891e-10
5.498876108e-10
-1.044472806e-09
8.7953236e-10
1.543305486e-09
1.422516716e-09
-2.398388982e-09
2.130062971e-09
3.241656997e-09
2.818368312e-09
-3.553663315e-09
3.332802464e-09
4.366981382e-09
3.695088369e-09
-3.655113702e-09
4.009172605e-09
4.485096666e-09
4.285345062e-09
-3.354473663e-09
4.430456207e-09
4.345092449e-09
4.38307009e-09
-2.574560791e-09
4.180282189e-09
3.663140536e-09
5.602860728e-09
-8.111080792e-09
1.226361983e-08
7.592647093e-09
1.829704506e-08
-2.157913245e-08
1.733573437e-08
1.087890497e-08
1.147317594e-08
-1.009050696e-08
-1.03917703e-09
-1.919573544e-09
-8.362056363e-10
-7.50363162e-10
-1.69461757e-09
-6.842619841e-10
2.38559832e-09
-5.222943547e-10
-1.229058161e-09
-2.887981958e-10
1.157789256e-09
-2.151705339e-10
-5.517196731e-10
-2.074880355e-10
3.855856742e-10
-6.67293972e-10
-1.598589993e-09
-2.603120489e-09
1.422423026e-09
-4.992723378e-09
-6.46743099e-09
-5.157410806e-09
6.748727165e-09
-3.413281571e-09
-3.47392788e-09
-1.981507131e-09
3.822608459e-09
-1.182392705e-09
-1.035245157e-09
-7.288451377e-10
1.186275946e-09
-4.480068421e-10
-4.370298007e-10
-2.574560502e-10
4.577610663e-10
-1.26555172e-10
-1.510064606e-10
-4.937352312e-11
1.435500316e-10
-1.561410459e-11
-2.773164194e-11
-4.7643092e-12
2.246916797e-11
3.561396792e-12
-3.541355634e-11
1.677341547e-11
3.817786129e-11
4.760064079e-11
-4.017839272e-10
1.099423973e-10
2.225232998e-10
1.601257076e-10
-7.021470412e-10
2.982805045e-10
7.319193099e-10
4.127203459e-10
-8.965403291e-10
5.223640381e-10
1.317903832e-09
6.700263829e-10
-1.23144562e-09
9.102706052e-10
1.978535181e-09
1.313873426e-09
-2.353763712e-09
1.938686477e-09
3.55409285e-09
2.744269334e-09
-4.311636451e-09
3.551255542e-09
5.494121441e-09
4.190653766e-09
-5.219582916e-09
4.683509365e-09
6.006909981e-09
5.18126089e-09
-5.376979603e-09
5.762261962e-09
6.233841514e-09
6.349241981e-09
-5.445255966e-09
6.794214492e-09
6.47999669e-09
7.012352898e-09
-4.92650619e-09
7.045466942e-09
6.095123531e-09
7.078442813e-09
-5.841042596e-09
7.394586856e-09
5.806800088e-09
7.603214595e-09
-5.753222643e-09
-1.484062569e-09
-3.150213404e-09
-9.489603228e-10
3.694421599e-09
-4.905598293e-10
-1.028411723e-09
-2.76622644e-10
9.077886148e-10
-2.478846833e-10
-3.883378443e-10
-5.277190078e-10
5.000582692e-10
-1.897611038e-09
-2.081729941e-09
-4.245313586e-09
3.231120184e-09
-5.506471443e-09
-6.839118483e-09
-4.83188705e-09
6.875273559e-09
-3.267832882e-09
-3.747104157e-09
-2.229320573e-09
3.440428402e-09
-2.121801551e-09
-1.401534736e-09
-2.939380245e-09
2.7341076e-09
-3.892416205e-09
-6.099841178e-10
-4.012125246e-09
5.114413399e-09
-3.026420659e-09
-3.319016656e-10
-1.349032165e-09
3.844715219e-09
-1.456417809e-10
-1.669292058e-11
-1.253461509e-12
1.812871646e-10
2.386077595e-12
-4.308376918e-11
2.050787603e-11
4.688086532e-11
4.420263885e-11
-1.580583775e-10
6.492228397e-11
1.347786839e-10
6.800622651e-11
-7.085545204e-10
2.682883986e-10
5.486492984e-10
6.149731864e-10
-1.852406201e-09
1.006113717e-09
2.285179289e-09
1.46317009e-09
-3.059206893e-09
2.036264946e-09
4.181830108e-09
2.748894458e-09
-5.012545247e-09
3.5348778e-09
6.205115777e-09
4.239449473e-09
-6.49721314e-09
4.75778298e-09
6.907188348e-09
5.168401333e-09
-6.571273828e-09
5.642588035e-09
6.721968692e-09
6.259518448e-09
-6.886967429e-09
6.944962229e-09
7.103676281e-09
7.538041704e-09
-7.193090968e-09
7.892478072e-09
7.297097877e-09
7.947334297e-09
-6.78697222e-09
7.728119151e-09
6.636945386e-09
7.310690023e-09
-6.092784987e-09
5.390005097e-09
-1.744723229e-09
-3.796877256e-09
-1.003288186e-09
-5.793995303e-10
-8.954228844e-10
-4.27322083e-10
1.039062602e-09
-4.756388765e-10
-7.077491222e-10
-1.325667573e-09
9.552538412e-10
-4.128730596e-09
-4.635004265e-09
-6.823614592e-09
6.038932594e-09
-6.516464044e-09
-7.028712167e-09
-4.42705608e-09
7.58253837e-09
-2.66885921e-09
-3.021206843e-09
-2.044969009e-09
2.663155835e-09
-3.436257904e-09
-4.254367611e-09
-8.733722754e-09
4.018708484e-09
-1.556474645e-08
-1.348484452e-08
-1.791815132e-08
1.942419171e-08
-1.365595734e-08
-1.092648085e-08
-5.654726764e-09
1.729187575e-08
-2.659215225e-10
-2.879930312e-10
-9.599539269e-13
1.680184735e-10
3.317885045e-12
-4.886093877e-11
2.295050942e-11
5.047861967e-11
4.193818783e-11
-1.212581296e-10
4.805166758e-11
1.156579416e-10
6.116705322e-11
-3.904443818e-10
1.117572515e-10
2.909130415e-10
3.085597673e-10
-2.196730761e-09
7.609181569e-10
1.561665901e-09
1.38927011e-09
-4.629044869e-09
2.09180841e-09
3.856446335e-09
2.762183993e-09
-6.355788832e-09
3.297141377e-09
5.120084724e-09
3.675261628e-09
-6.415433692e-09
3.996369773e-09
5.089327388e-09
4.382315465e-09
-6.289999633e-09
4.865863648e-09
5.247586173e-09
5.367120569e-09
-6.663488651e-09
5.748998409e-09
5.500724823e-09
5.880175887e-09
-6.578030062e-09
5.676091169e-09
4.998162887e-09
5.106078732e-09
-5.437058315e-09
4.208542799e-09
3.327218936e-09
3.149187251e-09
-3.555293833e-09
-1.015183753e-09
-1.348581929e-09
-7.786128711e-10
-6.766950837e-10
-1.169057647e-09
-1.169183129e-09
-4.045197589e-09
-6.857773596e-09
-8.761380773e-09
6.076839449e-09
-9.367643591e-09
-8.866956147e-09
-6.177253524e-09
1.079480649e-08
-3.248571416e-09
-2.648867846e-09
-1.817229251e-09
3.283008882e-09
-1.483474809e-09
-2.452317513e-09
-2.969075362e-09
1.483316703e-09
-8.107033929e-09
-1.77305871e-08
-1.339180143e-08
9.479799665e-09
-1.227643781e-08
-1.890686321e-08
-5.557241714e-09
1.48097053e-08
-1.228975444e-10
-5.841432784e-11
1.598453497e-11
4.50226839e-11
2.221306293e-11
-5.646684856e-11
3.098014155e-11
6.54437974e-11
3.801908122e-11
-1.084854182e-10
5.103102969e-11
1.000619233e-10
5.66215609e-11
-2.231220646e-10
8.141181194e-11
1.776423482e-10
1.423425701e-10
-9.082680238e-10
2.524665546e-10
5.252334102e-10
4.32566801e-10
-2.334280763e-09
6.686901335e-10
1.142012053e-09
9.24275578e-10
-3.169955923e-09
1.192109797e-09
1.657454194e-09
1.492849197e-09
-3.443039117e-09
1.835138271e-09
2.126457809e-09
2.184670438e-09
-3.837616617e-09
2.450618281e-09
2.48998438e-09
2.524584743e-09
-3.806619514e-09
2.349814449e-09
2.056155831e-09
1.96716026e-09
-2.863762047e-09
1.488824696e-09
1.034495473e-09
-1.302458358e-09
-7.928115133e-10
-3.519295972e-09
-3.214798974e-09
-7.408001261e-09
-1.176074903e-08
-8.051133431e-09
9.101956563e-09
-5.586843816e-09
-4.712796251e-09
-3.098610419e-09
6.05717749e-09
-1.643953098e-09
-1.421434415e-09
-1.005727773e-09
1.555344878e-09
-7.16499155e-10
-2.679499529e-09
-7.285265575e-10
6.326071962e-10
-9.324664015e-10
-6.575320696e-09
-5.410876534e-10
8.955851609e-10
-2.716902232e-11
-4.975942195e-11
1.497998548e-11
4.370058151e-11
2.285502901e-11
-6.675546335e-11
3.168417549e-11
6.52323374e-11
4.061673573e-11
-9.455554157e-11
6.378423681e-11
8.930228399e-11
6.301298998e-11
-1.562612464e-10
7.149126577e-11
1.554789346e-10
9.557715063e-11
-3.422905748e-10
1.318309282e-10
2.688747187e-10
1.760820499e-10
-6.138576952e-10
2.380974488e-10
4.567354536e-10
3.367493618e-10
-9.834817384e-10
4.789645527e-10
8.267500349e-10
6.433576944e-10
-1.42276454e-09
7.944739127e-10
1.122471138e-09
8.692109653e-10
-1.543072323e-09
7.935010278e-10
9.43909903e-10
5.947848838e-10
-9.188634696e-10
-4.767947939e-10
-3.7230921e-09
-1.431941007e-09
-1.94914628e-09
-5.225075526e-09
-1.334667319e-09
-4.031506621e-10
-1.095072416e-09
-1.102974807e-10
-3.683017758e-11
-2.995346148e-10
3.144568446e-12
1.823895837e-10
2.480660491e-11
-8.170276439e-11
5.796975975e-12
3.773578501e-11
6.011400806e-12
-3.402879278e-11
9.730253244e-12
3.393163211e-11
1.904169933e-11
-6.827084761e-11
3.643339699e-11
7.504095172e-11
5.324162106e-11
-8.418712325e-11
6.317237922e-11
8.325734822e-11
7.090790323e-11
-1.676526032e-10
8.459606056e-11
1.871196121e-10
1.086513218e-10
-2.601915985e-10
1.42370564e-10
2.90888502e-10
1.87946764e-10
-4.520094971e-10
2.617921951e-10
5.221287004e-10
3.929526112e-10
-9.212610062e-10
5.823529173e-10
6.273889477e-10
-9.952357085e-10
4.9192214e-10
3.623770434e-10
-5.916055643e-10
-7.329124956e-12
-9.516545497e-11
1.28805743e-12
8.859902021e-12
-2.73362926e-11
2.973997634e-12
7.368032198e-12
-4.076461076e-11
1.361632317e-11
2.076954796e-11
-8.165997924e-11
3.74194128e-11
6.344555476e-11
-8.8388866e-11
7.234279018e-11
8.540673413e-11
-2.123301424e-10
1.11137395e-10
1.537192002e-10
-3.469431009e-10
2.120334322e-10
2.817562823e-10
-6.486489436e-10
)
;

boundaryField
{
    dominio_ascii
    {
        type            calculated;
        value           nonuniform List<scalar> 
168
(
9.811443046e-12
1.391159817e-11
5.626519013e-11
9.706589509e-11
1.964386337e-10
2.352936825e-13
1.71228379e-13
2.700502952e-10
1.187760612e-14
1.238505327e-09
1.225137269e-13
1.588005686e-08
2.773273402e-09
1.770255038e-09
4.915425636e-13
2.50235153e-12
3.702357383e-10
1.214705454e-13
8.368848598e-16
1.297586318e-10
6.12672668e-11
3.788852475e-16
5.659048958e-11
5.109275061e-10
3.330990372e-09
8.277467064e-10
3.349742605e-09
3.669193648e-09
1.114761552e-09
7.73549051e-09
2.510635892e-09
1.334214345e-08
1.102020052e-08
7.851424949e-09
4.500572779e-09
5.162778868e-10
2.439857761e-10
4.189171933e-10
1.549470537e-11
1.848418022e-11
7.683434306e-10
2.653575535e-09
1.563396144e-13
1.29978573e-14
2.346944111e-15
1.323004766e-12
7.767333708e-12
1.425455567e-11
3.411127567e-11
7.827189455e-11
1.049944227e-10
1.222896711e-10
1.545120004e-10
1.718855094e-10
3.248275776e-10
9.537591017e-14
1.366471098e-13
1.714305821e-13
2.084892292e-10
5.556853736e-10
4.027483798e-10
1.218967349e-09
3.134063742e-14
4.770560363e-15
8.082397167e-08
7.630703205e-08
-2.110760784e-12
4.709476963e-13
1.795150693e-08
2.449555666e-09
1.440544014e-16
5.160673301e-18
2.450456298e-09
4.814624854e-13
3.227549926e-14
1.198278955e-09
2.340427766e-12
5.836775493e-10
7.171791051e-10
1.084366439e-12
2.211556926e-10
4.825400177e-10
1.841641818e-13
9.562235033e-13
2.550503196e-10
4.562756662e-15
5.450861707e-10
6.745640873e-10
4.786841178e-16
4.890428045e-10
3.576786079e-10
7.086610433e-17
2.288042495e-16
1.067410685e-10
1.703503767e-16
8.062373596e-17
6.7966487e-11
8.709360942e-12
3.669807564e-11
3.801297056e-11
2.625464886e-10
7.32762011e-11
5.223066478e-11
2.931961921e-09
2.992478508e-10
1.244958595e-10
1.408854886e-09
1.879996553e-09
9.352977132e-10
4.042048843e-10
3.314477282e-09
4.592426509e-09
5.808144683e-10
4.870011422e-10
2.709171582e-09
1.23337451e-09
8.269802678e-10
1.339530243e-08
2.415973794e-09
1.760614006e-08
1.715529174e-08
3.572580585e-09
1.525031666e-09
1.100219172e-08
5.805390911e-09
1.473625455e-08
7.543525135e-09
8.01338748e-09
5.484451752e-09
5.544291115e-09
1.061389043e-08
2.96493292e-09
6.363619e-09
5.409737036e-09
9.691743828e-10
1.442705127e-09
3.832578601e-09
1.684510729e-09
3.80979747e-10
7.727155852e-10
8.787697264e-10
1.799694846e-09
6.431962973e-10
2.140927553e-10
3.044633856e-10
4.952929201e-10
1.231216063e-10
1.095141259e-10
6.387523523e-11
4.032669459e-11
2.648002539e-09
2.53736173e-09
2.30277489e-09
5.980004789e-10
2.759753801e-11
1.61880481e-11
1.984555322e-11
5.179229624e-11
8.09017606e-11
1.010600338e-10
1.193596389e-10
1.59439736e-10
1.429523692e-10
2.62721331e-10
3.320098858e-10
7.40070712e-10
5.433273608e-10
1.011242547e-09
)
;
    }
    wallFilmFaces_top
    {
        type            calculated;
        value           uniform 0;
    }
    region0_to_wallFilmRegion_wallFilmFaces
    {
        type            calculated;
        value           uniform 0;
    }
}


// ************************************************************************* //
