/*--------------------------------*- C++ -*----------------------------------*\
| =========                 |                                                 |
| \\      /  F ield         | OpenFOAM: The Open Source CFD Toolbox           |
|  \\    /   O peration     | Version:  2.1.x                                 |
|   \\  /    A nd           | Web:      www.OpenFOAM.org                      |
|    \\/     M anipulation  |                                                 |
\*---------------------------------------------------------------------------*/
FoamFile
{
    version     2.0;
    format      ascii;
    class       volVectorField;
    location    "1.7";
    object      Uf;
}
// * * * * * * * * * * * * * * * * * * * * * * * * * * * * * * * * * * * * * //

dimensions      [0 1 -1 0 0 0 0];

internalField   nonuniform List<vector> 
2828
(
(-0.1360233905 0 0.03059945509)
(-0.137152835 0 0.04244441463)
(-0.2305223069 0 0.07715100993)
(-0.2121449012 0 0.07996050039)
(-0.1999392359 0 0.0891992832)
(-0.8139833317 0 -0.4620430954)
(-0.9822514573 0 -0.5209478649)
(-1.10919752 0 -0.5170642938)
(-0.2303976641 0 0.01876300034)
(-0.1719381107 0 0.06210414246)
(-0.1483639817 0 0.09966821188)
(-0.2603841218 0 0.08903962632)
(-0.2272785325 0 0.08759723951)
(-0.2008334318 0 0.09340620386)
(-0.1653482778 0 0.1103996147)
(-0.1216202167 0 0.1326149726)
(-0.1027144086 0 0.1535635605)
(-0.397226383 0 -0.3538673025)
(-0.1350514753 0 0.1951266805)
(-0.9995658674 0 -0.5939892715)
(-1.469032905 0 -0.8229774047)
(-1.62277775 0 -0.7774716038)
(-0.3262530654 0 0.03031601055)
(-0.1905578877 0 0.1976588117)
(-0.1238264569 0 0.1973797182)
(-0.3126464133 0 0.1093649023)
(-0.2722253933 0 0.1083122911)
(-0.2154524879 0 0.108081338)
(-0.1473556249 0 0.1205405656)
(-0.09638791249 0 0.136334757)
(-0.07665863571 0 0.1551308991)
(-0.09567818586 0 0.156810502)
(-0.4382864384 0 -0.03191286976)
(-0.4349823558 0 -0.3954293682)
(-0.3289774683 0 -0.2947302868)
(-0.03264286913 0 0.06766846392)
(0.00138825535 0 0.05959300933)
(0.001497305961 0 0.04836731634)
(-1.238813544 0 -0.8363560115)
(-0.4344287608 0 0.05408879663)
(-0.199323482 0 0.4142751492)
(-0.1186322928 0 0.1998670188)
(-0.4166290902 0 0.1500912458)
(-0.369708482 0 0.1548261851)
(-0.2475081577 0 0.144985874)
(-0.1197675126 0 0.1433120929)
(-0.06519181982 0 0.1358593384)
(-0.09482042818 0 0.1610635759)
(-0.1717493079 0 0.2195100179)
(-1.361252718 0 -0.8171899601)
(-2.528033633 0 1.688037333)
(-1.462198874 0 1.198318666)
(-5.129919805 0 15.55682314)
(0.2119777926 0 5.374312477)
(0.05308682457 0 1.703441064)
(0.03716292818 0 0.9785547356)
(0.02322098027 0 0.6195909858)
(0.01627479228 0 0.4378602532)
(-0.5206634592 0 -0.07309219284)
(-0.5915928538 0 0.08781012127)
(-0.223889961 0 0.5381687036)
(-0.3628504213 0 0.01090477617)
(-0.6454633739 0 0.243265184)
(-0.5234766542 0 0.244545719)
(-0.2245412756 0 0.2129677578)
(-0.06383439079 0 0.1656002231)
(-0.1218505534 0 0.1657766398)
(-0.2348429867 0 0.2617300469)
(-0.2931439403 0 0.3281746478)
(-0.3399381301 0 0.3854757144)
(-0.3699083122 0 0.4322128663)
(-0.3546910379 0 0.4464188755)
(-0.2943036747 0 0.3841795815)
(-5.855429932 0 -8.535158709)
(-7.19891899 0 -11.48903032)
(0.5421900516 0 17.35146809)
(3.526827381 0 12.35367041)
(3.391180198 0 11.75512299)
(3.130983946 0 10.60856036)
(2.722372906 0 9.086258857)
(2.253450008 0 7.416001281)
(1.221920465 0 4.048190184)
(0.3874414813 0 1.636555795)
(0.3289143937 0 1.492158856)
(0.06620573808 0 0.8038292704)
(0.1894182533 0 0.7737705214)
(0.09979350214 0 0.4072487667)
(-0.1081959051 0 0.1670503057)
(-0.4024269935 0 0.3731354628)
(-0.6111123258 0 0.5772166254)
(-0.6250214779 0 0.6333250022)
(-0.4425348705 0 0.4980275143)
(-0.3429707959 0 0.438333268)
(-0.3503423328 0 0.4788179522)
(-0.311656698 0 0.4421280469)
(-0.2332383393 0 0.3282671043)
(-1.352149501 0 -2.215994995)
(-5.085680345 0 -7.726370551)
(-7.036509831 0 -10.57034242)
(-0.5400270052 0 5.393922865)
(-0.1770279929 0 3.342749723)
(-0.07757196284 0 2.189773083)
(-0.03756212218 0 1.647811019)
(-0.008624709754 0 1.526495702)
(-0.3684051411 0 1.168571389)
(-0.2383890816 0 1.381549194)
(0.3940757894 0 1.406028396)
(0.5505590973 0 0.8629021955)
(0.3531382483 0 0.5106157305)
(0.04762569778 0 0.1889657536)
(-0.005493652506 0 0.09938965285)
(-0.360894513 0 0.3386132519)
(-0.7108267804 0 0.613561272)
(-0.8990906502 0 0.8311220919)
(-0.9557330799 0 0.9597871325)
(-0.8384071244 0 0.912077326)
(-0.4852890422 0 0.5977819677)
(-0.3007640804 0 0.4534617534)
(-0.2781869192 0 0.4391382756)
(-0.2104594463 0 0.3257550104)
(-0.4330428377 0 -0.8374499641)
(-0.9890973785 0 -1.667061264)
(-4.434223683 0 -7.048641358)
(-6.235655441 0 -9.470374814)
(0.5371858432 0 6.841622456)
(0.3481936624 0 4.791433494)
(0.2318643819 0 3.539815929)
(0.1588669016 0 2.635182901)
(0.1160294717 0 2.044620627)
(-1.322474932 0 -0.04861590625)
(-1.156759043 0 0.455335995)
(-0.8038145053 0 1.059094127)
(-0.3937439833 0 1.689018595)
(-0.03470491474 0 2.328249192)
(0.2027746941 0 2.686168336)
(0.1432865521 0 2.015681469)
(-0.3847696794 0 0.6827107772)
(-0.7215736391 0 0.6358361388)
(-0.8863708236 0 0.8415804326)
(-0.9734600472 0 1.022556841)
(-0.9400486557 0 1.073295186)
(-0.7017121059 0 0.864346039)
(-0.2945738638 0 0.4698051192)
(-0.217909883 0 0.4039306495)
(-0.1660321995 0 0.2985000081)
(-0.1262051701 0 0.200676053)
(-0.4526754349 0 -0.9197205368)
(-0.7687143981 0 -1.525622983)
(-4.742109413 0 -8.196646916)
(-5.831783376 0 -9.45935291)
(0.9836421247 0 6.390575113)
(1.260528961 0 3.14363456)
(0.7205863032 0 2.485559873)
(0.4664364069 0 1.909928009)
(0.3219843997 0 1.449692599)
(-1.523812805 0 -0.5704500538)
(-1.204808586 0 -0.536050238)
(-0.4585318238 0 0.5823796486)
(-0.5885863546 0 0.8316785284)
(-0.655549065 0 1.076301021)
(-0.6459416559 0 1.106476989)
(-0.6065721026 0 0.9386611352)
(-0.5939362739 0 0.666533609)
(-0.6617271353 0 0.6111271472)
(-0.7327554164 0 0.7602563556)
(-0.7897811211 0 0.9281090822)
(-0.803261494 0 1.02000143)
(-0.6531235935 0 0.8819289496)
(-0.2784896573 0 0.4854765518)
(-0.147831619 0 0.3617446953)
(-0.1136059252 0 0.284511812)
(-0.0935615152 0 0.2005809992)
(-0.08439147676 0 0.1746228051)
(-0.4584502593 0 -0.944167424)
(-0.5645104553 0 -1.15682327)
(-0.8092606559 0 -1.649954697)
(-4.541620663 0 -8.545943)
(-6.593578157 0 -11.66623287)
(2.335627824 0 10.13917139)
(1.953093619 0 1.374164916)
(1.18247754 0 1.020533177)
(0.8160889709 0 0.9066687359)
(-0.6882548401 0 -0.251448186)
(-1.23808692 0 -0.6601923644)
(-1.23663023 0 -0.5618042573)
(-0.9231626822 0 0.7916983886)
(-0.6383604165 0 0.938944717)
(-0.6409356895 0 1.180413419)
(-0.7010874208 0 1.437607436)
(-0.7006345299 0 1.438791739)
(-0.645413234 0 1.092008226)
(-0.5600171757 0 0.6857066875)
(-0.5157326751 0 0.7038999393)
(-0.5355522734 0 0.7990653685)
(-0.5493485825 0 0.8453008749)
(-0.4238431049 0 0.6940574107)
(-0.1353812701 0 0.3712031094)
(-0.0747622261 0 0.3279629557)
(-0.06747368618 0 0.3197302437)
(-0.07495333061 0 0.2953331712)
(-0.07661632871 0 0.2302008587)
(-0.6021113004 0 -1.255639994)
(-0.7886326292 0 -1.63513364)
(-1.027657375 0 -2.115877851)
(-3.031013903 0 -6.176744501)
(-5.831149715 0 -11.40514718)
(3.468633253 0 12.97692603)
(1.860435734 0 1.302097359)
(1.124047291 0 0.7769679005)
(0.8431509023 0 0.5994259118)
(-0.8862221338 0 -0.6008131514)
(-0.9840620185 0 -0.6126244327)
(-1.357898895 0 -0.6130978484)
(-0.7883537139 0 0.9554384244)
(-0.4133854966 0 0.93640092)
(-0.4052818564 0 1.049047251)
(-0.485102553 0 1.251343457)
(-0.549372698 0 1.370970735)
(-0.5330429551 0 1.13339388)
(-0.4209161842 0 0.7171009641)
(-0.3529618338 0 0.6775741948)
(-0.2924966337 0 0.6598046094)
(-0.2339566095 0 0.5952114433)
(-0.05411648783 0 0.3224307657)
(-0.00891359249 0 0.2658233615)
(-0.01543914677 0 0.2864947528)
(-0.02649504499 0 0.3124230462)
(-0.03792995844 0 0.3217439752)
(-0.04647975489 0 0.2801503021)
(-0.08764524068 0 -0.6701245624)
(-0.176807965 0 -1.239884668)
(-0.3748820798 0 -2.253971046)
(-0.9009861201 0 -3.891584768)
(-3.492755491 0 -8.363889059)
(11.07996169 0 9.178517435)
(1.699162767 0 1.09343934)
(1.023066211 0 0.7191712054)
(0.7605225324 0 0.53939841)
(-0.6187166095 0 -0.5139198352)
(-0.7336365231 0 -0.5601466803)
(-1.561166428 0 -0.7104783859)
(-0.2202575929 0 0.6423239355)
(-0.2291987316 0 0.6475262278)
(-0.1870887292 0 0.609507887)
(-0.3196706075 0 0.3785159623)
(-0.3416774934 0 0.3841417659)
(-0.349177851 0 0.4452399161)
(-0.3693945419 0 0.532396739)
(-0.3289246065 0 0.592150332)
(-0.1906773729 0 0.5730977944)
(-0.01581394615 0 0.4960000369)
(0.06498056185 0 0.4192703208)
(0.03644183643 0 0.3468911671)
(-0.0110539125 0 0.2693114206)
(-0.03401604516 0 0.1886214177)
(-0.03755883552 0 0.1555251722)
(-0.04446183991 0 0.1557846691)
(-0.04428116998 0 0.1612320258)
(-0.05881968605 0 -0.6093779277)
(-0.1059067668 0 -1.114361262)
(-0.1867184228 0 -1.990238686)
(-0.3254351598 0 -3.517389297)
(-0.5540808448 0 -6.167662682)
(14.24918319 0 0.4183713983)
(1.424396101 0 0.6385322125)
(0.841953801 0 0.5754271071)
(0.6217856646 0 0.443723641)
(-0.001932414203 0 -0.1134859727)
(-0.4475987133 0 -0.4526154329)
(-1.744444426 0 -0.9655791403)
(-1.290791893 0 0.4359833499)
(-0.5397687578 0 0.2738210735)
(-0.344952465 0 0.295260123)
(-0.2870735393 0 0.3514352403)
(-0.2578603267 0 0.3952584118)
(-0.2561995422 0 0.428280197)
(-0.2590964057 0 0.4598304981)
(-0.2105478116 0 0.5008060135)
(-0.09405903553 0 0.5271376513)
(0.02374462754 0 0.5133669359)
(0.09145709077 0 0.4650811439)
(0.08508021549 0 0.3858825583)
(0.02175939588 0 0.2665071909)
(-0.04124936697 0 0.1655841798)
(-0.03757811207 0 0.1577699943)
(-0.0329135282 0 0.1566226293)
(-0.02899831996 0 0.1559526452)
(0.05834638675 0 -0.3478333859)
(0.07964371434 0 -0.4638456571)
(0.1132311846 0 -0.6444259351)
(0.167421047 0 -0.9364583959)
(0.441489871 0 -2.561862592)
(0.6891445193 0 -5.06520339)
(13.91842443 0 0.3102752533)
(1.211473477 0 0.5449547676)
(0.5260048223 0 0.3168400333)
(0.460033081 0 0.3215247001)
(0.3838778713 0 -0.08312343423)
(0.4901298726 0 0.141459218)
(0.08016126289 0 0.07366432537)
(-0.2674138165 0 0.3009699514)
(-0.3547223404 0 0.3036310751)
(-0.2696422017 0 0.3809292183)
(-0.1862634753 0 0.3977643271)
(-0.1617014005 0 0.4238563724)
(-0.1584528572 0 0.4360403065)
(-0.1493587759 0 0.4110411193)
(-0.06819971048 0 0.3887462154)
(0.03969533115 0 0.3975489276)
(-0.0130620305 0 0.5061484641)
(-0.04601249413 0 0.5688156879)
(0.005885059467 0 0.4763424025)
(0.01424152702 0 0.265098653)
(0.03339712195 0 0.2489760599)
(0.04192810482 0 0.270563844)
(0.03342157856 0 0.2551406312)
(0.02667404877 0 0.2416972933)
(-0.005115819953 0 -0.1601557734)
(0.01953406935 0 -0.2302631122)
(0.05443087224 0 -0.329084878)
(0.2306180895 0 -0.5318766552)
(0.3443249131 0 -0.8590555119)
(0.07312855104 0 -1.028233249)
(0.113826018 0 -0.9118413685)
(0.2993501168 0 -0.7192314644)
(0.3490205997 0 -0.3273803325)
(0.458910614 0 -0.1355906785)
(0.4202146983 0 -0.1557264752)
(0.5077252514 0 0.05602708613)
(-0.3252018287 0 -0.2314860946)
(-0.6132824286 0 0.6032750752)
(-0.3316154293 0 0.6662170104)
(-0.1577716541 0 0.5104084099)
(-0.1183420923 0 0.4254349116)
(-0.1064360975 0 0.4396452927)
(-0.07390535001 0 0.4565769899)
(0.01872762513 0 0.3765455725)
(0.1017675088 0 0.3123685354)
(0.1121283292 0 0.3508523708)
(-0.1927205203 0 0.4873189808)
(-0.2568003917 0 0.56377197)
(-0.099100276 0 0.5619648608)
(0.008371434113 0 0.4633595922)
(0.05774754094 0 0.3364500452)
(0.08195086525 0 0.358249264)
(0.0838706637 0 0.3538286609)
(0.07533725097 0 0.3256889813)
(0.03031714793 0 -0.4673913519)
(0.2458831435 0 -1.28427844)
(0.2921937768 0 -1.377492796)
(0.2910366565 0 -1.194542776)
(0.2203563893 0 -1.09055489)
(0.197702563 0 -1.081750892)
(0.2098365719 0 -0.8063692147)
(0.2622676749 0 -0.5764532501)
(0.3273148495 0 -0.4738475223)
(0.4049586817 0 -0.303978068)
(0.3333302199 0 -0.3163903682)
(0.4289397465 0 -0.5635069403)
(0.4535654133 0 -0.4130171107)
(0.535511773 0 0.2367283642)
(0.3610961534 0 0.2102930003)
(0.2474127973 0 0.2039687658)
(0.2082974996 0 0.249349214)
(0.1534825092 0 0.2928554656)
(0.120905584 0 0.2866353695)
(0.1510435263 0 0.2766120565)
(0.1681121192 0 0.2887217009)
(0.2484958238 0 0.219868046)
(0.03996783525 0 0.5587750243)
(0.3732691005 0 0.7726418309)
(0.2804263043 0 0.7683075739)
(0.2717440777 0 0.8050563549)
(0.3101053748 0 0.9085405126)
(0.3199386565 0 0.9345467028)
(0.240055608 0 0.7118590987)
(0.08615604766 0 0.2969685957)
(0.3187535719 0 -1.071459454)
(0.4432327088 0 -1.633740034)
(0.4511657357 0 -1.722228361)
(0.4059945317 0 -1.539434525)
(0.3585879952 0 -1.301861118)
(0.3381636288 0 -1.091491225)
(0.3290990611 0 -0.8361404706)
(0.3008926891 0 -0.5276531656)
(0.3031127527 0 -0.528591248)
(0.2854763463 0 -0.4902725849)
(0.2033728041 0 -0.4915588824)
(0.08397042333 0 -0.7845798928)
(0.5289644 0 -0.3176403128)
(0.3294074047 0 0.1065955695)
(0.4252616651 0 0.3312144481)
(0.2412625224 0 0.1766118849)
(0.2629539152 0 0.1750105326)
(0.03970050836 0 0.3210695521)
(0.1599316231 0 0.2655335057)
(0.2133553403 0 0.2623126743)
(0.218496141 0 0.2849144529)
(1.26645288 0 -1.003357854)
(2.5721882 0 1.413174516)
(1.015392351 0 1.016424102)
(0.4290089982 0 0.7866989765)
(0.4377029985 0 0.9202306088)
(0.4805668437 0 1.094272864)
(0.4801347175 0 1.141408324)
(0.3775198932 0 0.9198679138)
(0.2106210636 0 0.5452641802)
(0.2613072002 0 -0.4889128246)
(0.4076744518 0 -0.9876865266)
(0.5054198676 0 -1.37085611)
(0.5043293679 0 -1.384931423)
(0.4684059873 0 -1.23043295)
(0.4241406252 0 -1.038107775)
(0.3681299553 0 -0.8386021484)
(0.2974586964 0 -0.6409114645)
(0.2795999571 0 -0.5785967502)
(0.3045782163 0 -0.6102981657)
(0.7012834332 0 -0.8843033628)
(0.8420989934 0 -0.9100443799)
(0.826244375 0 -0.7104307622)
(0.3978024496 0 0.08938409789)
(-0.1336110102 0 2.272312611)
(0.3949481447 0 -0.1935217822)
(0.7397060311 0 -0.5316074824)
(0.7353883588 0 0.5163952795)
(0.4922784239 0 0.4188526002)
(0.3639578043 0 0.3521673384)
(0.2940959101 0 0.3203039897)
(0.2913221067 0 0.3052941143)
(1.674687605 0 0.7769620738)
(0.4891700045 0 0.6318124735)
(0.5324271064 0 0.8021842381)
(0.5837877218 0 1.004399825)
(0.6046286881 0 1.158286428)
(0.5332238908 0 1.108978075)
(0.3771181815 0 0.8553765063)
(0.2584941268 0 0.6373357392)
(0.3618567457 0 -0.4199926995)
(0.4416166697 0 -0.4878904185)
(0.5150099068 0 -0.7553744916)
(0.5224661281 0 -0.9841057691)
(0.50375795 0 -1.079410564)
(0.4558650053 0 -1.009821775)
(0.373662819 0 -0.8372243854)
(0.3213168577 0 -0.7184456621)
(0.3443839121 0 -0.7000409429)
(0.7363777282 0 -0.8571788559)
(0.9399112225 0 -0.8828465131)
(0.9609785916 0 -0.7152379829)
(0.3373204754 0 -0.04335379273)
(0.9541641304 0 3.974369533)
(0.5978042769 0 2.302982501)
(0.5940957562 0 -0.370124065)
(0.8972348911 0 0.4244586546)
(0.6058886367 0 0.3974182968)
(0.4590711157 0 0.3688878629)
(0.3844995784 0 0.3558378669)
(0.3695533482 0 0.3749563216)
(0.4103308229 0 0.441422125)
(0.4898706278 0 0.5955686068)
(0.5631772045 0 0.7784653682)
(0.5931204377 0 0.9363840798)
(0.5452090731 0 0.9812413321)
(0.4095533723 0 0.8601743021)
(0.2960494535 0 0.7262081415)
(0.2880962246 0 0.7205875295)
(0.4419674581 0 -0.4259362544)
(0.4804362706 0 -0.3207421406)
(0.529892154 0 -0.2613250294)
(0.5452296151 0 -0.7597566122)
(0.5544846967 0 -1.019878312)
(0.5554642188 0 -1.082895947)
(0.513282863 0 -0.999060609)
(0.4268064678 0 -0.8038081482)
(0.3895956348 0 -0.6823983145)
(0.4566397292 0 -0.6458364164)
(0.7797193501 0 -0.7298719924)
(0.8554964386 0 -0.6269721991)
(0.5328958351 0 -0.448110323)
(0.5918333727 0 0.01129609882)
(0.5118657755 0 -0.1905808934)
(0.4262229773 0 -0.1084936378)
(0.7453482856 0 0.2795846406)
(0.6060607799 0 0.3296802851)
(0.5098026345 0 0.3503069617)
(0.4705184255 0 0.3792279454)
(0.4702216734 0 0.4203076984)
(0.4522081484 0 0.4445048317)
(0.4499239746 0 0.5002385134)
(0.4533936306 0 0.5791101918)
(0.4253559593 0 0.6370447546)
(-0.5707632147 0 1.916949598)
(-0.01698013634 0 1.020899776)
(0.2893571862 0 0.6858615911)
(0.3246799508 0 0.7648710556)
(0.5231959826 0 -0.4183003318)
(0.554721455 0 -0.317678289)
(0.578315021 0 -0.2180484126)
(0.5543838389 0 -0.3059068519)
(0.5147991485 0 -0.6798085517)
(0.5324648247 0 -0.8174231592)
(0.5516265348 0 -0.8607254466)
(0.5351020807 0 -0.7835054004)
(0.4964312697 0 -0.647300673)
(0.4751057449 0 -0.5371665658)
(0.4924319143 0 -0.4875873681)
(0.5175988997 0 -0.4594449226)
(0.6370854671 0 -0.526153503)
(0.4941673748 0 0.1756396222)
(0.5104302134 0 -0.1110286566)
(0.3808380545 0 0.0346228848)
(0.5724183523 0 0.1889318373)
(0.5905973105 0 0.2769207312)
(0.559041972 0 0.3349387583)
(0.5659726259 0 0.4032808055)
(0.5755725225 0 0.4614505532)
(0.5300511175 0 0.473357149)
(0.4773845471 0 0.4789726486)
(0.4316339275 0 0.4824994829)
(0.7786720388 0 0.5012473527)
(2.159614217 0 3.51213808)
(2.191399701 0 4.156519283)
(1.647729825 0 3.401781281)
(0.6642148485 0 -0.3324389623)
(0.6700455619 0 -0.2358093065)
(0.6379115728 0 -0.1661352728)
(0.5080210658 0 -0.2420451745)
(0.3942043042 0 -0.4040565932)
(0.4760400445 0 -0.5663963876)
(0.5434089142 0 -0.5993209308)
(0.6051708047 0 -0.622674708)
(0.5796676057 0 -0.5739140636)
(0.5234503841 0 -0.4885308463)
(0.5103323497 0 -0.4583164446)
(0.6101108104 0 -0.5541256256)
(1.276209782 0 -0.5781469327)
(0.371651681 0 0.03528879996)
(0.3657319746 0 0.09580501228)
(0.532144589 0 0.1740587693)
(0.6081431634 0 0.2564611582)
(0.6352424416 0 0.3386821104)
(0.6823013377 0 0.4360939288)
(0.6732078489 0 0.4942668552)
(0.6008949831 0 0.5050506202)
(0.536021176 0 0.5155129097)
(0.4924863009 0 0.5292852719)
(0.4699106336 0 0.5516193502)
(2.279196761 0 2.80439997)
(1.806786259 0 2.675861427)
(0.7828999836 0 1.287971682)
(0.7374041257 0 -0.3425731823)
(0.8162214177 0 -0.2799648164)
(0.7587242029 0 -0.2097796745)
(0.5929234146 0 -0.1865202545)
(0.2996679953 0 -0.179432671)
(0.3115316947 0 -0.2110602125)
(0.5271600646 0 -0.4423694628)
(0.6808906286 0 -0.6149860339)
(0.6717459265 0 -0.6404136633)
(0.5600449612 0 -0.5235596667)
(0.5102439742 0 -0.4778255733)
(0.6813603506 0 -0.6558561371)
(0.7809585443 0 0.04139660199)
(0.3508658615 0 0.1883461664)
(0.2980879183 0 0.131993903)
(0.5672754846 0 0.1935172319)
(0.6825043108 0 0.2732944329)
(0.7587230895 0 0.3723322008)
(0.7958028678 0 0.4694054902)
(0.7339208885 0 0.5115475629)
(0.6367814129 0 0.5264293279)
(0.5666476109 0 0.5456189751)
(0.5201829865 0 0.5616879408)
(0.4988637508 0 0.5885906307)
(0.7111294592 0 0.8716676051)
(0.5728704674 0 0.7932637988)
(0.8620449869 0 -0.3305251635)
(0.8473909328 0 -0.2654859915)
(0.6114759297 0 -0.2128746636)
(0.3124887774 0 -0.1736271463)
(0.3447426106 0 -0.1815554238)
(0.6145987233 0 -0.499881069)
(0.7530916341 0 -0.6805286153)
(0.7063502734 0 -0.6796108321)
(0.5717557243 0 -0.548178118)
(0.5380828791 0 -0.5299817546)
(0.7587833167 0 -1.042282068)
(0.7495604133 0 0.3342537446)
(0.392874483 0 0.2002267752)
(0.2768062933 0 0.1577999893)
(0.5916726043 0 0.2149000171)
(0.7673981057 0 0.3107022209)
(0.8498277481 0 0.4077737146)
(0.8262485893 0 0.4770135964)
(0.7217113938 0 0.5065919468)
(0.6219959293 0 0.5292080816)
(0.5543657771 0 0.5471804219)
(0.5047868013 0 0.5495978697)
(0.4766015683 0 0.5528350881)
(0.4697892277 0 0.5784793857)
(0.4821533889 0 0.6346098612)
(0.8098999262 0 -0.3423835696)
(0.7898108642 0 -0.2957932722)
(0.5441007416 0 -0.2358838711)
(0.3579355162 0 -0.1836728396)
(0.4747688473 0 -0.3209705631)
(0.7277135356 0 -0.6375468438)
(0.8083729931 0 -0.7683214539)
(0.7978303334 0 -0.7737172482)
(1.649895322 0 -1.461064078)
(2.114172877 0 -1.755312659)
(2.028206084 0 -1.530656691)
(0.6707023738 0 0.2887789949)
(0.4034288562 0 0.196740294)
(0.5762186837 0 0.4010100269)
(0.5160180066 0 0.2081882257)
(0.7285723547 0 0.312110342)
(0.786558062 0 0.3956744487)
(0.7285496433 0 0.4451998355)
(0.6300803435 0 0.4746155122)
(0.5547836701 0 0.4997211168)
(0.4975129278 0 0.5067246475)
(0.4510380268 0 0.4947100553)
(0.4098328298 0 0.4733479347)
(0.3630934385 0 0.4542701263)
(0.6439947167 0 -0.3106746893)
(0.4936290647 0 -0.2612620805)
(0.4083814002 0 -0.1990147501)
(0.489304328 0 -0.3246419915)
(0.776023326 0 -0.6920188592)
(0.8711555609 0 -0.8463519893)
(0.7400604922 0 -0.727526556)
(1.485161071 0 -1.261857043)
(2.101470984 0 -1.670460167)
(2.138721249 0 -1.560849168)
(0.4536597496 0 0.1897499266)
(0.3760746192 0 0.1807837547)
(1.01024355 0 0.4311189275)
(0.6084957678 0 0.3125445356)
(0.5789253404 0 0.2788028331)
(0.601599743 0 0.3359901312)
(0.5438264056 0 0.3741295183)
(0.4885542225 0 0.405000005)
(0.4422221643 0 0.4205094644)
(0.3939926133 0 0.4140194109)
(0.3317928118 0 0.3824897535)
(0.2237774731 0 0.3137094116)
(0.4861005067 0 -0.2623889408)
(0.4181662763 0 -0.2023752328)
(0.3516395286 0 -0.1734587807)
(0.6718918884 0 -0.5593535322)
(0.8489019922 0 -0.7756194105)
(0.7631083532 0 -0.7270851886)
(0.6934910128 0 -0.6111287464)
(1.410444197 0 -1.092098795)
(1.543431851 0 -1.059906883)
(0.2926304154 0 0.1213649429)
(0.319084419 0 0.1493832476)
(0.7685242191 0 0.323193579)
(0.7198342948 0 0.3521991154)
(0.5324699686 0 0.2880449434)
(0.4437756764 0 0.2717986545)
(0.3905567725 0 0.2845783163)
(0.3554544 0 0.2980259982)
(0.3025927062 0 0.2876984516)
(0.217686507 0 0.2516247825)
(0.1574549874 0 0.236026865)
(0.200147352 0 -0.1046189907)
(0.3221349792 0 -0.233269526)
(0.6170655354 0 -0.483034619)
(0.6334465136 0 -0.5295228329)
(0.4026226491 0 -0.3246265428)
(0.4555304331 0 0.08488587861)
(0.2182399941 0 0.04166082477)
(0.1968848864 0 0.06833175133)
(0.2623719832 0 0.1217954252)
(0.7036844347 0 0.3007433515)
(0.6730729198 0 0.3156438209)
(0.5977391178 0 0.3055866641)
(0.5286733339 0 0.2932015017)
(0.4367929801 0 0.2652478661)
(0.3217533471 0 0.2402676903)
(0.2593991196 0 0.2342281854)
(0.2178031497 0 0.2251939499)
(0.1094293019 0 -0.06710156374)
(0.1733535963 0 -0.1081189754)
(0.246282625 0 -0.1531316454)
(0.3437413583 0 -0.08002005848)
(0.901737792 0 0.1823897086)
(0.1831617587 0 0.03857584263)
(0.1729181239 0 0.05279367454)
(0.2202965065 0 0.09875549997)
(0.6225173827 0 0.2635596153)
(0.6443108579 0 0.2935565689)
(0.6386900349 0 0.3134603994)
(0.653321582 0 0.3376432842)
(0.582397513 0 0.2854963585)
(0.4479695917 0 0.2377710332)
(0.2589908821 0 -0.05896990213)
(0.7682270314 0 0.1286016805)
(0.1571257077 0 0.03125527191)
(0.1605618296 0 0.04623731283)
(0.1899363837 0 0.07650884743)
(0.5031826337 0 0.212143503)
(0.6451680572 0 0.2881147983)
(0.7064055874 0 0.3366990947)
(0.757367362 0 0.374828501)
(-0.9960230374 0 -0.4970187453)
(-1.029375257 0 -0.4756857037)
(-0.310542332 0 0.005631374981)
(-0.1971442843 0 0.01415463352)
(-0.1663572307 0 0.0266206758)
(-0.157251542 0 0.02447505115)
(-0.1512672319 0 0.03889879083)
(-0.1543421663 0 0.05301374728)
(-0.1396414374 0 0.03769151536)
(-0.1448619028 0 0.06066702814)
(-0.2712403461 0 0.08808230065)
(-0.2497447392 0 0.07952818556)
(-0.2429314725 0 0.0823701979)
(-0.2265030792 0 0.08142755296)
(-0.2182892015 0 0.07742415757)
(-0.2170029803 0 0.0830506714)
(-0.2089490046 0 0.08579896458)
(-0.2073537642 0 0.08322216197)
(-0.1982916178 0 0.09025063255)
(-0.189086557 0 0.09914022715)
(-0.1759321477 0 0.1092864076)
(-0.1583738572 0 0.1191748727)
(-0.137115831 0 0.1309885834)
(-0.3927459273 0 -0.1574335433)
(-0.506740048 0 -0.2803779354)
(-0.8351258151 0 -0.4816845104)
(-1.106657987 0 -0.6245479523)
(-0.9404326543 0 -0.5167258356)
(-1.214184603 0 -0.6591200191)
(-1.292754884 0 -0.6662339304)
(-1.043912395 0 -0.5277475612)
(-0.1116618987 0 0.1348275419)
(-0.09665443759 0 0.145045074)
(-0.1118081721 0 0.1426915377)
(-0.08860046426 0 0.1556356606)
(-0.08589947895 0 0.1644818634)
(-0.09722456778 0 0.1622096291)
(-0.09532824467 0 0.1626605523)
(-0.1424587505 0 0.1556971394)
(-0.3419280445 0 -0.3089349142)
(-0.3266463568 0 -0.3116707075)
(0.1074985725 0 -0.2799013222)
(-0.1684826811 0 -0.4118984642)
(-1.023736702 0 -0.5307404477)
(-3.11979695 0 1.33025624)
(-3.157169997 0 1.288356078)
(-2.844548445 0 1.623882502)
(0.07365334211 0 2.59858095)
(0.1126452188 0 2.120585458)
(-0.496591181 0 -0.4552347272)
(0.03687205409 0 0.6403995909)
(0.04097328896 0 0.4576858984)
(-0.3988668564 0 -0.3598372737)
(-0.1097405873 0 0.5905919038)
(-0.3076079128 0 0.4277936863)
(-2.084926838 0 1.575177609)
(-0.3254101903 0 0.3918543604)
(-0.3026420901 0 0.3695671026)
(-6.5504908 0 -9.428274855)
(-7.488015524 0 -10.77567144)
(-8.130998142 0 -11.63579558)
(-0.3073233156 0 0.4153141389)
(-0.2698932466 0 0.3681738416)
(-1.570846677 0 -2.569899555)
(-1.935681871 0 -3.152671967)
(-2.197813043 0 -3.523255672)
(-0.2232134552 0 0.3253179949)
(-0.1961230433 0 0.2815679091)
(-0.5807477074 0 -1.030007025)
(-1.105688801 0 -1.816025959)
(-2.006129178 0 -3.280415567)
(-1.993605435 0 -3.255073301)
(-0.1899426167 0 0.3126135454)
(-0.1610030314 0 0.2462308689)
(-0.1805150997 0 0.2662181933)
(-0.1479079111 0 0.2212609295)
(-0.4317163812 0 -0.8627273032)
(-0.5520535795 0 -1.081882237)
(-0.4935394894 0 -0.9098434919)
(-0.1080301234 0 0.191039599)
(-0.101229619 0 0.1775300245)
(-0.1184392055 0 0.1897094957)
(-0.4363809775 0 -0.8934881779)
(-0.4192711475 0 -0.8541006933)
(-0.07885668908 0 0.1880426858)
(-0.5151167166 0 -1.067143649)
(-0.5679425563 0 -1.173167077)
(-0.4738389818 0 -0.9743259098)
(-0.06619687261 0 0.2795945689)
(-0.06759435583 0 0.2408531002)
(-0.07253762122 0 0.2126070853)
(-0.07663797506 0 -0.4495806043)
(0.08930543152 0 -0.4677741954)
(0.2753822067 0 -0.6465964192)
(-0.7028224188 0 -1.461124746)
(-0.02747163381 0 0.2240888622)
(-0.04076767886 0 0.1877003329)
(-0.05285796355 0 0.2404238349)
(-0.04578248732 0 0.175946824)
(-0.05359596057 0 -0.4998270454)
(-0.06874946034 0 -0.5408786518)
(-0.03856547447 0 0.1558464912)
(0.1038764841 0 -0.940632797)
(-0.09092760152 0 -0.6085744279)
(-0.04438653044 0 -0.4565119465)
(-0.004547060576 0 0.2105963887)
(-0.004646347382 0 0.2113533495)
(0.04465032466 0 -0.2498593548)
(0.05230961432 0 -0.2884856737)
(0.06790361498 0 -0.3987179535)
(0.04184696922 0 0.2572973329)
(0.03955265587 0 0.2515196942)
(0.02611324524 0 0.2374662838)
(-0.02396037294 0 -0.2087564733)
(-0.02475055463 0 -0.1987393378)
(0.003485246307 0 -0.1851253121)
(0.07221735135 0 0.2868140449)
(0.06924168955 0 0.2793803628)
(0.07078023872 0 0.3109895859)
(0.2614256734 0 -1.079268093)
(0.3367212758 0 -1.411177258)
(0.158000927 0 -0.9696887118)
(0.1550046635 0 0.4396644512)
(0.08525281946 0 0.2719005964)
(0.06728021007 0 0.2512120585)
(0.2878977209 0 -0.7517779167)
(0.3871521941 0 -1.136759414)
(0.3993496258 0 -1.417945999)
(0.2448321969 0 0.6057365975)
(0.2057072981 0 0.5253961273)
(0.1481699383 0 0.4009808386)
(0.3072711854 0 -0.4578867254)
(0.3069178499 0 -0.6183557573)
(0.2766036462 0 0.6867284094)
(0.2385234093 0 0.6002901675)
(0.3819761485 0 -0.4510317196)
(0.3425753776 0 -0.4517443778)
(0.300845274 0 0.743397492)
(0.4247384575 0 -0.4492318639)
(0.4817405697 0 -0.4271787496)
(0.4960704816 0 -0.3701061953)
(0.4561236806 0 -0.369824792)
(1.505336869 0 3.637217111)
(1.08825923 0 2.62384047)
(0.32137273 0 0.7505845112)
(0.559324554 0 -0.4051558662)
(0.5878795934 0 -0.3745644628)
(0.5426046373 0 -0.3722513456)
(1.313535783 0 2.385576147)
(0.928645169 0 1.737648838)
(1.195197463 0 2.494961194)
(0.6501176623 0 -0.3610211215)
(0.6220154435 0 -0.3689051065)
(0.5812532819 0 0.8990276903)
(0.7564170188 0 -0.3470551186)
(0.8188130932 0 -0.3377626566)
(0.7972945399 0 -0.3182071454)
(0.5191165298 0 0.6956170296)
(0.5301629431 0 0.7324867221)
(0.5508429714 0 0.7940920797)
(0.8118998286 0 -0.3466744589)
(0.8437565057 0 -0.3383970361)
(0.8720760327 0 -0.3121771741)
(0.8899284947 0 -0.2956756231)
(0.4303057016 0 0.5238137447)
(0.4220410839 0 0.5289705434)
(0.469565926 0 0.6008117311)
(0.7539990769 0 -0.3302725222)
(0.8099249988 0 -0.3266723779)
(0.2700861819 0 0.3688701489)
(0.3625380491 0 0.4653254503)
(0.539170092 0 -0.2899996741)
(0.5671498239 0 -0.2877570068)
(0.1519716902 0 0.2574845662)
(0.1898118518 0 0.2941724452)
(0.4380735419 0 -0.2232425362)
(0.4534895971 0 -0.2327554141)
(0.3928299641 0 -0.1925934173)
(0.3235360851 0 -0.1566546107)
(0.3722968609 0 -0.1691574558)
(0.1714748932 0 0.2002012042)
(0.1613231647 0 0.2095168927)
(0.1827421013 0 0.2405132716)
(0.1557030314 0 0.2215932802)
(0.1481136601 0 0.2410826274)
(0.2782982413 0 -0.1408392785)
(0.1613591737 0 -0.09646610106)
(0.1281356465 0 -0.08180595931)
(0.1718389944 0 -0.1014565967)
(0.3519903448 0 0.2812531088)
(0.3194025841 0 0.2737187623)
(0.2497298432 0 0.2359236386)
(0.1133225768 0 -0.06744188082)
(0.1029682661 0 -0.05667268912)
(0.1174362981 0 -0.05974831644)
(0.2632717112 0 -0.1692039152)
(0.1243086822 0 -0.05451249446)
(0.1618405616 0 -0.05015264789)
(0.1823066712 0 -0.06700746089)
(0.7384936903 0 0.3656039143)
(0.71806977 0 0.3476065113)
(0.640048409 0 0.3317826933)
(0.6488489122 0 0.3018144486)
(0.5721336188 0 0.2498533659)
(0.4981607376 0 0.2234680707)
(0.4341607911 0 0.2797026366)
(0.1680489218 0 -0.04879159857)
(0.5181863009 0 -0.1117896206)
(0.5236199171 0 0.1133056768)
(0.5414742502 0 0.1248081297)
(0.1452299361 0 0.0276639432)
(0.1512727717 0 0.03570257526)
(0.1550001621 0 0.03776786099)
(0.1594180434 0 0.04365841232)
(0.1674412536 0 0.05230092194)
(0.1669824399 0 0.05488306872)
(0.1835642165 0 0.0687358425)
(0.2125076629 0 0.09038041037)
(0.2234790885 0 0.09949098651)
(0.4561603513 0 0.1917789097)
(0.5710930268 0 0.2450491174)
(0.5965184511 0 0.257547346)
(0.634656622 0 0.2815212475)
(0.682278987 0 0.3150891504)
(0.7297378141 0 0.3583124789)
(-1.285440642 0 -0.6025706647)
(-0.5639179447 0 -0.08564908901)
(-0.3440545434 0 -0.007491685554)
(-0.2770233999 0 0.02422301289)
(-0.2260317541 0 0.06879048021)
(-0.1945127135 0 0.04242198698)
(-0.1875150179 0 0.1102230267)
(-0.1697910446 0 0.1434275478)
(-0.1693839883 0 0.08613835287)
(-0.1392444473 0 0.1513577202)
(-0.3191509755 0 0.1079846364)
(-0.2961910691 0 0.09821053399)
(-0.2826478034 0 0.09767119447)
(-0.2613244103 0 0.0957540023)
(-0.2403965506 0 0.08705940219)
(-0.2444338649 0 0.09555670533)
(-0.2264077055 0 0.09605586801)
(-0.2150636758 0 0.08949991927)
(-0.2055823626 0 0.09862445868)
(-0.181966573 0 0.1047645351)
(-0.1838576049 0 0.1005874113)
(-0.1569040626 0 0.1139293074)
(-0.1325229322 0 0.124146223)
(-0.1445360136 0 0.1213169513)
(-0.006572947458 0 0.0866058989)
(-0.1076993895 0 0.004772094469)
(-0.5089720842 0 -0.2727011058)
(-1.037270906 0 -0.6388991545)
(-1.609948256 0 -0.9878689026)
(-1.328155596 0 -0.7756641298)
(-1.794503632 0 -1.052799496)
(-1.793717063 0 -0.9887554684)
(-1.552090256 0 -0.8220599615)
(-2.010626865 0 -1.021634898)
(-1.532304715 0 -0.3650947027)
(-1.003998328 0 -0.2188476211)
(-0.3788655603 0 0.03768300388)
(-0.2630977326 0 0.2760371564)
(-0.2527869123 0 0.1315409697)
(-0.1909816317 0 0.3122881505)
(-0.1512080765 0 0.2905672335)
(-0.1558302521 0 0.218517924)
(-0.1142115929 0 0.220682602)
(-0.3564582236 0 0.1280877109)
(-0.3392117343 0 0.1175135825)
(-0.3547333532 0 0.1258547899)
(-0.3391642125 0 0.1282685948)
(-0.2929598936 0 0.1088841581)
(-0.3135128973 0 0.1275310896)
(-0.2767453975 0 0.1245547271)
(-0.2464482676 0 0.1072513777)
(-0.2307230945 0 0.1231321995)
(-0.181134029 0 0.1258271143)
(-0.1812828636 0 0.1128495331)
(-0.1360196515 0 0.1305393473)
(-0.1020827032 0 0.1341673809)
(-0.118048253 0 0.1285830904)
(-0.08061376476 0 0.1372210484)
(-0.06972480041 0 0.1417363921)
(-0.08307488108 0 0.1444820775)
(-0.07076343733 0 0.1525045288)
(-0.08262961805 0 0.1573154629)
(-0.07540814327 0 0.1598448302)
(-0.1153657599 0 0.1723894591)
(-0.2620403447 0 0.1314740742)
(-0.1580536484 0 0.1759437313)
(0.05156502217 0 -0.2188763631)
(-0.002982369754 0 0.2015650334)
(-0.3194972608 0 0.05126753069)
(0.008024728616 0 0.188122698)
(0.006439952311 0 0.1513626415)
(-0.0001523420813 0 0.06866606133)
(0.005544457522 0 0.1226954027)
(0.004944017869 0 0.1011932172)
(0.001462863496 0 0.05278023163)
(0.004394481388 0 0.08482322396)
(-0.195389439 0 0.01045236147)
(-0.3499976443 0 -0.1264785164)
(-0.4129514159 0 -0.05415303699)
(-0.4868563256 0 0.008598922703)
(-0.4196678913 0 0.003713510732)
(-0.4949938707 0 0.06623418309)
(-0.269471677 0 0.5852758546)
(-0.2617741306 0 0.4768646356)
(-0.2106582375 0 0.4788374161)
(-0.1707466279 0 0.4022520194)
(-0.1599881059 0 0.3512854508)
(-0.2102345317 0 0.1099785345)
(-0.4628414996 0 0.1586218446)
(-0.3800805682 0 0.1414671543)
(-0.5124075552 0 0.1871645663)
(-0.4904068154 0 0.1955021584)
(-0.4038581623 0 0.1561560554)
(-0.4405074467 0 0.1922511023)
(-0.3591212604 0 0.1828623163)
(-0.3162186023 0 0.1492586098)
(-0.2545302035 0 0.174678251)
(-0.1576748408 0 0.1680575575)
(-0.176556007 0 0.1443734586)
(-0.09541530073 0 0.1566046111)
(-0.06369765242 0 0.1413063245)
(-0.08390926894 0 0.1394427898)
(-0.06340001333 0 0.1341141523)
(-0.1104385757 0 0.1606971395)
(-0.06794025179 0 0.1392366044)
(-0.1605906062 0 0.2029676504)
(-0.2049330898 0 0.2435465931)
(-0.1318865157 0 0.18577623)
(-0.2424885569 0 0.2824240472)
(-0.2761387197 0 0.3227997591)
(-0.6105571564 0 -0.1090279883)
(-0.3075021155 0 0.3499584778)
(0.1205556669 0 0.7885186031)
(-2.539278401 0 1.292935332)
(-7.633482696 0 -12.64593976)
(0.594506682 0 13.08847623)
(0.455518383 0 11.05036149)
(0.5252672112 0 13.20184352)
(0.4982836094 0 12.72649725)
(0.1237072177 0 3.199725817)
(0.456013278 0 11.68865528)
(0.3935769343 0 10.08268452)
(0.04872166226 0 1.281390504)
(0.3303293636 0 8.362303911)
(0.2802244621 0 6.822159346)
(0.02898119156 0 0.7681946527)
(0.2477911613 0 5.614864253)
(0.2270510686 0 4.741300621)
(0.01914670227 0 0.513645472)
(0.214027243 0 4.08275527)
(0.2091509499 0 3.536563386)
(0.01425770699 0 0.4059264553)
(0.1910030528 0 3.036519935)
(0.1181477635 0 1.015862253)
(-0.5969795107 0 0.009481385864)
(0.07769801528 0 1.042984884)
(-0.2919069808 0 0.7298648415)
(-0.2795181817 0 0.6462080957)
(-0.2429654542 0 0.6361759225)
(-0.2089447841 0 0.5863558591)
(-0.1853393642 0 0.4679851837)
(-0.5684630553 0 -0.05875044975)
(-0.8570101431 0 0.2919966893)
(-0.6455562795 0 0.202990515)
(-0.796226302 0 0.3304103542)
(-0.7255351257 0 0.340428023)
(-0.5991084123 0 0.2510438602)
(-0.6031513881 0 0.3295103549)
(-0.3204088879 0 0.2951547507)
(-0.3875172061 0 0.2287217916)
(-0.1144927703 0 0.2599929907)
(-0.05860408516 0 0.2207543257)
(-0.1128236466 0 0.1937639507)
(-0.03842719256 0 0.1582018166)
(-0.1253409474 0 0.169626305)
(-0.05331040532 0 0.1363332939)
(-0.222666749 0 0.2378363755)
(-0.3092395911 0 0.3126416016)
(-0.1871716475 0 0.2160292464)
(-0.3711205204 0 0.3743546849)
(-0.3974018177 0 0.4091991785)
(-0.2688508078 0 0.2984771343)
(-0.388501445 0 0.4138058131)
(-0.3611792999 0 0.4012737762)
(-0.3142396692 0 0.3554323928)
(-0.3446486204 0 0.3995385353)
(-0.350991753 0 0.4192140073)
(-0.3562533255 0 0.4121967901)
(-0.360314228 0 0.4462223284)
(-0.3654681189 0 0.4671876973)
(-0.3673370007 0 0.4470359599)
(-0.3598576135 0 0.4729245623)
(-0.341425251 0 0.4582768688)
(-0.3267409541 0 0.4199560339)
(-5.471404383 0 -8.155336647)
(-6.700625365 0 -9.901540125)
(-7.168277347 0 -10.46002157)
(-7.303864912 0 -11.24513678)
(-0.1379834425 0 11.12710633)
(0.769517227 0 16.86328957)
(0.1814404973 0 9.363846913)
(4.163095113 0 7.197110672)
(3.659978428 0 12.85219378)
(5.270643393 0 7.669055792)
(5.74883997 0 8.494070787)
(3.454976529 0 12.09423397)
(6.051369222 0 9.121483299)
(6.20249979 0 9.512102471)
(3.285263933 0 11.24741327)
(6.209507145 0 9.671061992)
(6.088213713 0 9.617996987)
(2.93701333 0 9.872824852)
(5.858991606 0 9.380348572)
(5.548447321 0 8.996980226)
(2.495619833 0 8.270279445)
(5.17023713 0 8.486872297)
(4.241609781 0 7.070730476)
(1.350801131 0 4.567571914)
(3.493540193 0 5.90919019)
(1.95005231 0 3.59073242)
(0.4496357517 0 1.748694921)
(1.407563949 0 2.698818291)
(1.177512087 0 2.227750756)
(0.3650949877 0 1.573651073)
(1.00987995 0 1.928959328)
(0.6230683724 0 1.322957952)
(-0.05635563177 0 0.7676008522)
(0.5399345324 0 1.103427831)
(0.4154952948 0 0.8981783936)
(0.1891179759 0 0.8482414454)
(0.2638427042 0 0.7005557191)
(0.144924282 0 0.4821166833)
(0.1496992481 0 0.609175186)
(0.05685662988 0 0.3020193359)
(-0.06895659434 0 0.1594256334)
(0.04685385134 0 0.2367239858)
(-0.2129124716 0 0.2218485977)
(-0.4270107593 0 0.3771093819)
(-0.2457354105 0 0.2489660573)
(-0.5990759705 0 0.5243731107)
(-0.7214183831 0 0.6460759751)
(-0.5297714273 0 0.4894447732)
(-0.8016300849 0 0.7421669229)
(-0.8407578824 0 0.8080577185)
(-0.6437173598 0 0.6279182545)
(-0.8358618911 0 0.8354089967)
(-0.7811383241 0 0.8129758614)
(-0.552972711 0 0.5861711395)
(-0.6679867234 0 0.727400638)
(-0.4983285149 0 0.5797050106)
(-0.3591585532 0 0.4346060845)
(-0.3575890188 0 0.4603078941)
(-0.3259706807 0 0.4502642905)
(-0.3495120968 0 0.4636836036)
(-0.3274437702 0 0.4686953851)
(-0.3209053572 0 0.4705957855)
(-0.3377463381 0 0.4726244217)
(-0.2999708822 0 0.4469936515)
(-0.2663142589 0 0.397547527)
(-0.2705673623 0 0.3817726447)
(-4.75739194 0 -7.40429594)
(-5.909505585 0 -8.999536602)
(-6.268296333 0 -9.38173516)
(-7.029313729 0 -10.62796273)
(-0.890136457 0 7.609439702)
(-0.8135288877 0 7.088334097)
(-0.6050394139 0 6.193078444)
(-0.4359478471 0 5.160278334)
(-0.298011854 0 4.206256152)
(-0.3225354076 0 4.334755505)
(-0.2421198787 0 3.656861564)
(-0.1144816956 0 2.683901806)
(-0.1829933852 0 3.092340743)
(-0.13912828 0 2.628687923)
(-0.05400735803 0 1.850103271)
(-0.1068522045 0 2.264540183)
(-0.08331337784 0 1.999877506)
(-0.02373407427 0 1.55085181)
(-0.06536842992 0 1.825898862)
(-0.06495883255 0 1.64594389)
(0.01266995641 0 1.549816937)
(-1.083629243 0 0.3272617941)
(-1.109549274 0 0.4502418414)
(-0.4316801704 0 1.180475534)
(-0.9183582898 0 0.8326752864)
(-0.7089604672 0 1.185942171)
(0.06231789016 0 1.502586968)
(-0.4848470087 0 1.499181998)
(-0.2722565651 0 1.769220414)
(0.5442117141 0 1.091267293)
(-0.1002053417 0 2.006076789)
(0.02200791206 0 2.200159417)
(0.4699679336 0 0.7363197827)
(0.09506497921 0 2.349085367)
(0.1377796231 0 2.468241342)
(0.1211872014 0 0.2705379833)
(0.1650078832 0 2.532897058)
(0.168887347 0 2.391020644)
(-0.0004118315025 0 0.1317384203)
(0.1371025862 0 1.930304147)
(0.01278693484 0 1.223590922)
(-0.1371923105 0 0.204833371)
(-0.3535064759 0 0.584161311)
(-0.6035115851 0 0.5384878204)
(-0.566110879 0 0.4841436621)
(-0.7398921378 0 0.641982511)
(-0.8419387697 0 0.7524831925)
(-0.8202017493 0 0.7296973971)
(-0.9202265084 0 0.8578937912)
(-0.9737531183 0 0.9503407731)
(-0.9458241496 0 0.9112265445)
(-0.9975682394 0 1.01852034)
(-0.9839703587 0 1.047899012)
(-0.9225101699 0 0.9645007605)
(-0.9244987944 0 1.023443365)
(-0.810179377 0 0.9316751971)
(-0.6922924665 0 0.7881619293)
(-0.6287659185 0 0.7616158462)
(-0.4039101586 0 0.54840234)
(-0.3309627144 0 0.4641073773)
(-0.2863635556 0 0.4497668581)
(-0.2654115762 0 0.4408127487)
(-0.2948318668 0 0.4577938993)
(-0.2498814953 0 0.4235477946)
(-0.2236278433 0 0.3795677392)
(-0.2484072544 0 0.3931403171)
(-0.8531811992 0 -1.585641047)
(-2.19402921 0 -3.848360723)
(-2.036622335 0 -3.349452287)
(-4.317173315 0 -7.172802034)
(-4.551142118 0 -7.296958476)
(-5.254728383 0 -8.213255975)
(-4.125720858 0 -5.971766785)
(-3.080246745 0 -2.94725871)
(-1.472568166 0 11.49847033)
(0.815145038 0 5.836081279)
(0.7921574942 0 4.893078834)
(0.4278263456 0 5.621117795)
(0.653173418 0 4.167462542)
(0.5336256366 0 3.562003944)
(0.2842503026 0 4.113880543)
(0.4380873724 0 3.050493023)
(0.3624212579 0 2.620632409)
(0.190867704 0 3.048542993)
(0.3031236205 0 2.267723835)
(0.258164618 0 1.993073559)
(0.1342915869 0 2.301116025)
(0.2220148461 0 1.759325456)
(-1.092077105 0 -0.1019203905)
(-0.6062327917 0 0.6110065774)
(-1.451639072 0 -0.3093077401)
(-1.499361542 0 -0.3102784609)
(-1.377097409 0 0.03007388625)
(-1.206340309 0 0.1713471555)
(-1.063861366 0 0.4624037275)
(-0.9857593566 0 0.7728925647)
(-0.8861503562 0 0.674930525)
(-0.6756278823 0 0.8693398503)
(-0.6013922187 0 1.360919704)
(-0.4681850758 0 1.109219167)
(-0.2937450604 0 1.37497142)
(-0.2014362696 0 2.021777145)
(-0.148322099 0 1.620631672)
(-0.0294421694 0 1.783839726)
(0.10117088 0 2.565389632)
(-0.02839432463 0 1.674194542)
(-0.191091791 0 1.24879278)
(0.2411057879 0 2.551511386)
(-0.3744840935 0 0.8211543751)
(-0.4721672164 0 0.602764507)
(-0.08099402666 0 1.273985825)
(-0.5391803076 0 0.549645879)
(-0.6141222087 0 0.5633632802)
(-0.5979942304 0 0.5627604371)
(-0.6922857452 0 0.6195867491)
(-0.7620592653 0 0.705213522)
(-0.8138978062 0 0.7369335065)
(-0.8189023743 0 0.8028899297)
(-0.8643105605 0 0.8997150574)
(-0.94053302 0 0.9403404327)
(-0.897919653 0 0.9862390085)
(-0.9126335639 0 1.049181129)
(-0.9770529635 0 1.072992196)
(-0.8950895558 0 1.068766459)
(-0.8303007287 0 1.02435313)
(-0.8518425081 0 1.007461454)
(-0.7056890991 0 0.9022114145)
(-0.5118892508 0 0.7011115552)
(-0.4844637094 0 0.6484741179)
(-0.3019238238 0 0.4921820337)
(-0.2096548904 0 0.4096127144)
(-0.2369836888 0 0.4244843608)
(-0.1838015778 0 0.3827048935)
(-0.1623134303 0 0.3427854701)
(-0.1943072253 0 0.361462602)
(-0.1396596772 0 0.2862159713)
(-0.1206019877 0 0.2293412748)
(-0.1412395764 0 0.2372962026)
(-0.5143228933 0 -1.050225934)
(-0.6106959714 0 -1.244193348)
(-0.5792229276 0 -1.16861321)
(-0.764179237 0 -1.551614411)
(-1.02238957 0 -2.061362388)
(-1.371098969 0 -2.563005844)
(-4.790361227 0 -8.627441842)
(-5.659351792 0 -9.901092508)
(-5.404492482 0 -9.074144108)
(-6.253275116 0 -10.57841513)
(-7.235484103 0 -11.53559882)
(-6.681448208 0 -10.08056546)
(1.184208635 0 7.263184037)
(2.633949729 0 2.023226165)
(1.821841641 0 3.413277709)
(1.806370602 0 1.819839397)
(1.341752679 0 1.738931211)
(0.9332895956 0 2.819525071)
(1.037025964 0 1.636953565)
(0.8223925838 0 1.516019455)
(0.5724338709 0 2.175905768)
(0.6688990082 0 1.395591133)
(0.558399754 0 1.297753172)
(0.3908415682 0 1.701443488)
(0.3133462036 0 0.9572541963)
(-1.360877144 0 -0.6459867043)
(-1.287093159 0 -0.4059825309)
(-1.417498921 0 -0.6960011628)
(-1.237687508 0 -0.6011973662)
(-1.415203188 0 -0.6280864089)
(-1.209158061 0 -0.5474169505)
(-1.349020996 0 -0.5913055089)
(-1.165812008 0 -0.497808317)
(-0.800115442 0 0.6750518423)
(-0.6964595689 0 0.7745724751)
(-0.5360608152 0 0.6928880562)
(-0.6733486481 0 0.889388178)
(-0.6874511832 0 1.031866963)
(-0.6310240915 0 0.9734559788)
(-0.712281278 0 1.178045934)
(-0.7283137485 0 1.292585508)
(-0.656426932 0 1.113941538)
(-0.7304604746 0 1.348250731)
(-0.7176462729 0 1.333941568)
(-0.6304066679 0 1.052907714)
(-0.6903156393 0 1.24012669)
(-0.6584386141 0 1.068868688)
(-0.5870144579 0 0.7863408304)
(-0.6359112296 0 0.8718693827)
(-0.6237874897 0 0.7047057887)
(-0.6227470887 0 0.6049377338)
(-0.619719393 0 0.6257103766)
(-0.6223985812 0 0.653577006)
(-0.6999034859 0 0.673807748)
(-0.6307762367 0 0.7257626799)
(-0.6458547632 0 0.7984979335)
(-0.762528971 0 0.8478889444)
(-0.6658668777 0 0.8639092476)
(-0.6829126666 0 0.9168754503)
(-0.8079828612 0 0.9915591894)
(-0.6830976528 0 0.9415526453)
(-0.6478131772 0 0.9136593281)
(-0.7573751794 0 0.9896720921)
(-0.5560526966 0 0.8105365098)
(-0.3953381786 0 0.6282453895)
(-0.4793822287 0 0.6933655139)
(-0.2181312579 0 0.440417958)
(-0.135091855 0 0.3636384352)
(-0.1770709878 0 0.390688476)
(-0.1107330006 0 0.3429813406)
(-0.09763754555 0 0.3229971564)
(-0.1293778161 0 0.3284677829)
(-0.08966594376 0 0.2983021315)
(-0.08656155707 0 0.2716573446)
(-0.1018733107 0 0.2390015196)
(-0.08534021088 0 0.242908709)
(-0.08227725355 0 0.2124353244)
(-0.08765077455 0 0.1768732199)
(-0.6422316858 0 -1.322506267)
(-0.7463492201 0 -1.532436751)
(-0.6617488157 0 -1.353032985)
(-0.8907412278 0 -1.822918606)
(-1.096399246 0 -2.235576294)
(-1.029348847 0 -2.091889755)
(-3.920856573 0 -7.731230989)
(-5.222524546 0 -10.00746397)
(-5.67052326 0 -10.36612345)
(-6.350982651 0 -11.7911033)
(-7.498926499 0 -13.70894868)
(-8.353003061 0 -14.32654501)
(3.180892523 0 12.49742367)
(2.664660677 0 1.880114962)
(2.761375077 0 1.887524609)
(1.926116315 0 1.325192262)
(1.462041068 0 1.007366781)
(1.486208896 0 1.140956685)
(1.170254323 0 0.8255723295)
(0.9818315463 0 0.7242122555)
(0.9695635443 0 0.9505099318)
(0.8547336132 0 0.6721767718)
(0.734085581 0 0.6066345274)
(0.6966705869 0 0.8719056245)
(-0.9640437382 0 -0.5651886883)
(-1.157761161 0 -0.6965209225)
(-1.330887436 0 -0.7611971203)
(-1.105655656 0 -0.6394433792)
(-1.146393523 0 -0.5826386472)
(-1.177479026 0 -0.5847762754)
(-1.286689896 0 -0.5840985242)
(-1.581631763 0 -0.6883279782)
(-1.4723755 0 -0.6513448635)
(-0.9197058842 0 0.891284985)
(-0.6660079713 0 0.9453651099)
(-0.718962646 0 0.8723885135)
(-0.5594916903 0 0.9711197484)
(-0.5264568463 0 1.036711714)
(-0.6217239546 0 1.042926064)
(-0.5351052668 0 1.140628771)
(-0.566615276 0 1.268773556)
(-0.6740783282 0 1.325047047)
(-0.6047813971 0 1.395273955)
(-0.6346813859 0 1.480467132)
(-0.7106264392 0 1.483091835)
(-0.6458396183 0 1.483777273)
(-0.636527368 0 1.385312457)
(-0.6765796497 0 1.298729979)
(-0.6096292243 0 1.200269966)
(-0.5616174367 0 0.9609867569)
(-0.606205175 0 0.8615243264)
(-0.491683595 0 0.7446617173)
(-0.4353255654 0 0.672742613)
(-0.5263428448 0 0.6559047657)
(-0.4123559536 0 0.6913554328)
(-0.4043790706 0 0.714159014)
(-0.5208872018 0 0.7547175332)
(-0.4055056453 0 0.7308023179)
(-0.4123003352 0 0.7438009727)
(-0.5503124459 0 0.8346735584)
(-0.4043497737 0 0.7332343216)
(-0.3594305702 0 0.6687230661)
(-0.5147819456 0 0.8063923242)
(-0.2540962573 0 0.5300477266)
(-0.1191918238 0 0.3702827203)
(-0.269416439 0 0.5130622457)
(-0.0581952964 0 0.3098487105)
(-0.04445928331 0 0.3066841311)
(-0.08841604051 0 0.3332150739)
(-0.04082275938 0 0.3141545755)
(-0.04077472643 0 0.3235635112)
(-0.06874829786 0 0.3247678231)
(-0.04333929794 0 0.3319936605)
(-0.04811037462 0 0.3355633602)
(-0.07023988232 0 0.3109784424)
(-0.05474163816 0 0.3298927944)
(-0.06195849284 0 0.3115603893)
(-0.07808116747 0 0.2691876716)
(-0.2001498422 0 -1.005059642)
(-0.3442558364 0 -1.484492975)
(-0.8938977032 0 -1.847365594)
(-0.506441063 0 -2.250376491)
(-1.056608618 0 -3.21794643)
(-1.214490027 0 -2.489599447)
(-1.955286629 0 -4.646403556)
(-3.265173123 0 -7.081253089)
(-4.442222952 0 -8.955585697)
(-5.007067647 0 -10.35737445)
(-5.902455837 0 -12.0750503)
(-6.032058698 0 -11.78809712)
(3.583273234 0 13.29628641)
(2.976869749 0 1.519008182)
(2.564151281 0 1.810989443)
(1.800752419 0 1.239490969)
(1.346011701 0 0.9407709816)
(1.404752952 0 0.9730972625)
(1.077499721 0 0.7522456316)
(0.9161306606 0 0.6399965369)
(0.9531076419 0 0.6636852608)
(0.810613951 0 0.5709384913)
(0.475793637 0 0.3315618265)
(0.5422381997 0 0.4014496591)
(-0.7704236946 0 -0.5679302561)
(-0.8410490443 0 -0.616435847)
(-1.002652905 0 -0.6627973441)
(-0.8631439527 0 -0.5894112214)
(-1.169748416 0 -0.6429256489)
(-1.143868656 0 -0.6010037275)
(-1.450456412 0 -0.6520613119)
(-1.745776551 0 -0.6580612544)
(-1.675551114 0 -0.6931795264)
(-0.4378452648 0 0.8937449126)
(-0.274720081 0 0.7882594127)
(-0.5114709404 0 0.9444389455)
(-0.2383733046 0 0.7946899216)
(-0.2365026386 0 0.829810872)
(-0.3898649827 0 0.977347148)
(-0.2657099152 0 0.8604906456)
(-0.317474436 0 0.8989411478)
(-0.441829006 0 1.143581874)
(-0.370083874 0 0.9669229862)
(-0.4093960324 0 1.038086027)
(-0.5242836221 0 1.342482696)
(-0.4341333131 0 1.060847742)
(-0.4407388126 0 0.9928073928)
(-0.5530646839 0 1.300988296)
(-0.4260330938 0 0.8321862432)
(-0.3976795995 0 0.6688043086)
(-0.4855608383 0 0.903248092)
(-0.3765449386 0 0.6165320076)
(-0.3615466965 0 0.6334514839)
(-0.3778602536 0 0.6695074947)
(-0.3347703766 0 0.6472705639)
(-0.2871350944 0 0.6372481756)
(-0.3249736265 0 0.6764887874)
(-0.2162203082 0 0.597916335)
(-0.1183530327 0 0.5193064714)
(-0.265833167 0 0.6372228219)
(-0.008445355354 0 0.4118715823)
(0.03892512227 0 0.3536155543)
(-0.1554461713 0 0.4775230457)
(0.03606489243 0 0.3295441791)
(0.02031650326 0 0.3030123335)
(-0.01330223844 0 0.2654855304)
(0.0001183013571 0 0.2738165444)
(-0.0162929949 0 0.256520537)
(-0.01119585541 0 0.2749874044)
(-0.02362840161 0 0.2519684826)
(-0.02226841535 0 0.2541081394)
(-0.02066052773 0 0.299452341)
(-0.01723935596 0 0.2618052711)
(-0.01445560679 0 0.2698968666)
(-0.03243792381 0 0.3216844259)
(-0.01476740933 0 0.2697737695)
(-0.01836619654 0 0.2549406578)
(-0.04247867853 0 0.3085903803)
(-0.06846099753 0 -0.6405566188)
(-0.09305966017 0 -0.8673225586)
(-0.1238862402 0 -0.9065412876)
(-0.1267997264 0 -1.176008778)
(-0.17219995 0 -1.586619441)
(-0.2561888332 0 -1.684698767)
(-0.2321160497 0 -2.118427565)
(-0.3110627593 0 -2.794962434)
(-0.5600890626 0 -2.956599912)
(-0.4205350487 0 -3.669838264)
(-0.5946921021 0 -4.876040399)
(-1.655451985 0 -5.364373513)
(-0.9681407209 0 -6.729732905)
(-4.154112264 0 -13.43208989)
(-5.667792032 0 -12.49009175)
(14.9668779 0 3.838304797)
(4.928213183 0 1.521223466)
(3.986708741 0 1.404138154)
(1.539434892 0 0.8404504665)
(1.163398422 0 0.7804169081)
(1.271848635 0 0.8831129677)
(0.9470508691 0 0.6623998805)
(0.7999305102 0 0.5665559981)
(0.8673834865 0 0.6117273203)
(0.694384857 0 0.495440896)
(0.5828596679 0 0.4145139316)
(0.542638712 0 0.3764290275)
(-0.4466024414 0 -0.43421385)
(-0.5176362353 0 -0.5035608182)
(-0.6818199835 0 -0.5652842224)
(-0.5937410002 0 -0.5176754087)
(-1.32195836 0 -0.8398432896)
(-1.226496747 0 -0.7170186707)
(-1.675192615 0 -0.8132227566)
(-1.722199129 0 -0.5240853412)
(-1.772970692 0 -0.5967022434)
(-0.9754113962 0 0.3209282556)
(-0.766553539 0 0.2777299406)
(-0.2768788127 0 0.6092605548)
(-0.6251375443 0 0.2682513742)
(-0.4893263424 0 0.2649676157)
(-0.1828450725 0 0.6599570051)
(-0.3956230306 0 0.2750735159)
(-0.3516962165 0 0.3011108396)
(-0.2473844642 0 0.4909378445)
(-0.3297285621 0 0.3323797079)
(-0.3147769125 0 0.3612724813)
(-0.3427350808 0 0.3609837389)
(-0.3054561772 0 0.386898338)
(-0.301831903 0 0.4105669669)
(-0.3415854058 0 0.4112683011)
(-0.3023910002 0 0.4339002015)
(-0.304718786 0 0.4588176651)
(-0.3615205777 0 0.4874999795)
(-0.3040125521 0 0.4869190281)
(-0.2916851645 0 0.5167777844)
(-0.3615018312 0 0.5704120476)
(-0.2585542808 0 0.5414768851)
(-0.2020712094 0 0.5523493876)
(-0.2700911216 0 0.5926702352)
(-0.1290588713 0 0.5459152185)
(-0.05159926504 0 0.5254072065)
(-0.1008179664 0 0.5386978376)
(0.01519225948 0 0.4986003022)
(0.05996956172 0 0.4713364167)
(0.04324775021 0 0.4540106294)
(0.07988245066 0 0.4442510316)
(0.07936139871 0 0.4128388343)
(0.05870037194 0 0.385641811)
(0.06580926957 0 0.3731402933)
(0.04576936389 0 0.3259073377)
(0.009586323676 0 0.3062954723)
(0.02044988791 0 0.2702340138)
(-0.01540748461 0 0.206907843)
(-0.02482872627 0 0.2306981543)
(-0.043748196 0 0.1663335069)
(-0.04822811819 0 0.1580459352)
(-0.03669283872 0 0.1622154529)
(-0.04645971372 0 0.1554716676)
(-0.04428460977 0 0.1541966699)
(-0.04046952417 0 0.1545491613)
(-0.04210023963 0 0.1542761084)
(-0.04010068444 0 0.1547242864)
(-0.04565712894 0 0.1583905493)
(-0.09010728148 0 -0.6781695466)
(-0.111514824 0 -0.9106192938)
(-0.07893163 0 -0.8250388107)
(-0.1432689474 0 -1.238114968)
(-0.1821496598 0 -1.581618412)
(-0.1411843262 0 -1.493642328)
(-0.2222688229 0 -1.923336727)
(-0.2710274716 0 -2.236713991)
(-0.2442864548 0 -2.642341607)
(-0.3354607151 0 -3.918015649)
(-0.4177505528 0 -4.952436014)
(-0.4201869335 0 -4.596531745)
(-0.5309111667 0 -6.430125697)
(13.345603 0 -3.312545141)
(11.34509147 0 -8.028921329)
(14.00363577 0 0.280336466)
(6.190442912 0 1.722840426)
(5.64880147 0 1.645186059)
(1.389640663 0 0.575223608)
(0.8544932012 0 0.4664659387)
(1.015625377 0 0.6334693685)
(0.710835302 0 0.4605579656)
(0.6168016819 0 0.4236768976)
(0.7142373893 0 0.5029793127)
(0.5560529243 0 0.3935032293)
(0.5017419602 0 0.3886202132)
(0.5485391459 0 0.3965936991)
(0.3434414491 0 0.199132053)
(0.3214893661 0 -0.1191217942)
(-0.3553810206 0 -0.4293242226)
(0.4440026133 0 0.1547356173)
(-0.5630172238 0 -0.7365405754)
(-1.480026818 0 -1.051151433)
(-0.364268117 0 -0.3345773956)
(-1.089168203 0 -0.4721697289)
(-1.771427355 0 -0.6523284042)
(-0.3983117998 0 0.3257234473)
(-0.3819488283 0 0.2874469468)
(-0.8339956606 0 0.3235274166)
(-0.3700337199 0 0.2789593953)
(-0.3462377091 0 0.2997528341)
(-0.4011063476 0 0.2724859511)
(-0.3104110487 0 0.3300568996)
(-0.2714375677 0 0.3555405396)
(-0.3124483356 0 0.3243980146)
(-0.2396485276 0 0.3745830365)
(-0.219068332 0 0.39146318)
(-0.2685475679 0 0.374810509)
(-0.2086408747 0 0.407698959)
(-0.2055957217 0 0.4207692531)
(-0.2543094788 0 0.4129589831)
(-0.2073343845 0 0.4282791264)
(-0.210197535 0 0.4313568067)
(-0.259981116 0 0.4430506055)
(-0.2066099463 0 0.4336667144)
(-0.1870717754 0 0.4382211403)
(-0.2448334706 0 0.4798267845)
(-0.1467158222 0 0.4455716255)
(-0.08989757025 0 0.4545415874)
(-0.1573308942 0 0.5177161905)
(-0.02386476412 0 0.4600279306)
(0.03240355598 0 0.4679973919)
(-0.03146846157 0 0.5262294138)
(0.06374843196 0 0.4774298555)
(0.07874435209 0 0.4764747914)
(0.06618995981 0 0.4923053762)
(0.09072525879 0 0.4586884107)
(0.1045575425 0 0.4240325842)
(0.09714880643 0 0.4301609074)
(0.1096791408 0 0.3774512988)
(0.0912565241 0 0.3212313916)
(0.05946396976 0 0.3321584959)
(0.04395610082 0 0.2524180521)
(-0.01557027599 0 0.1895557626)
(-0.02194590252 0 0.1968407274)
(-0.03724734448 0 0.174807467)
(-0.03448411952 0 0.175569254)
(-0.04046574832 0 0.1604918627)
(-0.0253965117 0 0.1781491588)
(-0.0122890332 0 0.1892880098)
(-0.03496125064 0 0.1566193182)
(-0.000497987882 0 0.2084954698)
(0.005820556029 0 0.2232448616)
(-0.03119773891 0 0.1568319563)
(0.06172833443 0 -0.3376036506)
(0.07300451658 0 -0.3950194225)
(0.09453709811 0 -0.5440568179)
(0.0872926722 0 -0.4680893313)
(0.1068708826 0 -0.5670613227)
(0.13684993 0 -0.771328247)
(0.1489516928 0 -0.7051142043)
(0.4741592546 0 -0.913513842)
(0.2100009944 0 -1.169816492)
(1.976253672 0 -1.048254235)
(2.926001331 0 -0.7396183647)
(0.5353893635 0 -3.669672618)
(3.161097626 0 -0.6457725824)
(3.442511601 0 -0.6297208272)
(7.508910386 0 -1.189203881)
(13.63084023 0 0.3248823747)
(6.362803715 0 1.51049739)
(6.555143294 0 1.749348355)
(0.3208764807 0 -0.8065111886)
(0.2848245484 0 -0.3414820711)
(0.6729242001 0 0.3239039397)
(0.3426757233 0 -0.2617767583)
(0.4032228485 0 -0.0955383528)
(0.4915076121 0 0.3311498336)
(0.4452173113 0 -0.0004544385713)
(0.4686537468 0 -0.05556509113)
(0.4686580771 0 0.1511663863)
(0.4147154789 0 -0.1238839256)
(0.4156063728 0 -0.1079129964)
(0.3856798242 0 -0.117674505)
(0.5201319741 0 0.1153893459)
(-0.02738860562 0 -0.5564673235)
(-0.4837160372 0 -0.957319341)
(-0.006593747672 0 0.2975043213)
(-0.06386027671 0 0.2846513338)
(-0.248378529 0 0.3147256469)
(-0.1588549308 0 0.2963169904)
(-0.3120346826 0 0.3192282268)
(-0.3280531976 0 0.2823289692)
(-0.359198851 0 0.3925004672)
(-0.2852183196 0 0.4491912108)
(-0.3264474379 0 0.3492154628)
(-0.2082344808 0 0.4461582179)
(-0.1623032948 0 0.4250003976)
(-0.2189495958 0 0.3918576403)
(-0.1398956499 0 0.4153909947)
(-0.1307263329 0 0.4226243326)
(-0.1690961026 0 0.4087495719)
(-0.1270849356 0 0.4395861142)
(-0.123161873 0 0.4529507173)
(-0.1590216652 0 0.4352408928)
(-0.1162350297 0 0.4509441029)
(-0.1059909998 0 0.4289594113)
(-0.1580228093 0 0.4260078888)
(-0.08234664447 0 0.3922697228)
(-0.02095940177 0 0.354004424)
(-0.120479926 0 0.3979447675)
(0.04009937161 0 0.3366154237)
(0.07135813813 0 0.3502775035)
(-0.006555805533 0 0.3886812933)
(0.08879923514 0 0.3697902735)
(0.004158379538 0 0.4404957787)
(0.03510907633 0 0.4425283147)
(-0.1181405053 0 0.5309917634)
(-0.1896603087 0 0.6092495014)
(-0.04566272936 0 0.5531632179)
(-0.1808725325 0 0.6425661971)
(-0.1302860808 0 0.6410166471)
(-0.02457191565 0 0.5448664007)
(-0.07650520474 0 0.6242223082)
(-0.03033049426 0 0.5873969504)
(0.02652179028 0 0.3760759427)
(0.007057631477 0 0.5206064955)
(0.02960300092 0 0.4181667965)
(0.002098545439 0 0.2075010446)
(0.02598647934 0 0.2970322583)
(0.02542769261 0 0.2407323186)
(0.04403986828 0 0.270797456)
(0.03542955534 0 0.244668248)
(0.04182451914 0 0.2551029538)
(0.03752617067 0 0.2631095338)
(0.04431107047 0 0.2605778285)
(0.04402346779 0 0.2610046093)
(0.02962489347 0 0.2477148604)
(-0.02679315025 0 -0.1941941077)
(-0.02548767358 0 -0.1940209561)
(0.0366740985 0 -0.2796554315)
(-0.01547459435 0 -0.2015966247)
(0.02515154961 0 -0.2228788244)
(0.0872507418 0 -0.4057793568)
(0.2152387175 0 -0.3757814513)
(0.3047604153 0 -0.7658597997)
(0.6020093687 0 -0.6572192021)
(0.1137062503 0 -0.962078316)
(-0.08535327696 0 -1.054470401)
(0.1467228775 0 -0.9896162069)
(-0.1855373126 0 -1.048465081)
(-0.1618562417 0 -0.9583025866)
(0.06270191808 0 -0.9981915083)
(-0.05115217174 0 -0.8404131049)
(0.1050961015 0 -0.7296347389)
(0.2135125241 0 -0.7920096264)
(0.229084647 0 -0.6235715176)
(0.2972145404 0 -0.4758565387)
(0.2882455906 0 -0.4210098906)
(0.3492408722 0 -0.3978264852)
(0.4039225877 0 -0.2951678516)
(0.4104968754 0 -0.2085532182)
(0.4471178229 0 -0.2197253197)
(0.4586240863 0 -0.1865279404)
(0.472759961 0 -0.1266577406)
(0.3927373324 0 -0.2145068522)
(0.3786597508 0 -0.2053634498)
(0.4129917723 0 -0.115104089)
(0.453558989 0 -0.1284875035)
(0.6693638197 0 -1.044117754)
(0.4370860753 0 -1.026072028)
(-0.4798682389 0 -0.3189521899)
(-0.7416966108 0 0.5886964028)
(-0.6231604189 0 0.4284498295)
(-0.6586715898 0 0.7866936944)
(-0.6256338535 0 0.8631062579)
(-0.5662734161 0 0.6436460923)
(-0.5355693095 0 0.8284709934)
(-0.4112533924 0 0.7120763943)
(-0.2132727488 0 0.5973723351)
(-0.2930557109 0 0.5849071275)
(-0.2218213002 0 0.4971257249)
(-0.1310447855 0 0.451298782)
(-0.1768839801 0 0.4406005888)
(-0.1455085857 0 0.4086490083)
(-0.1120531312 0 0.4249254229)
(-0.1195450728 0 0.3938890244)
(-0.09218212563 0 0.3896659233)
(-0.09536470921 0 0.4550471203)
(-0.05486659423 0 0.3826358218)
(-0.001694070378 0 0.3604006229)
(-0.03796913316 0 0.4326423506)
(0.06207761677 0 0.3259662838)
(0.1147552385 0 0.2994867238)
(0.07504038434 0 0.3222737394)
(0.1359818848 0 0.2970417484)
(0.140689635 0 0.3289403192)
(0.1087928863 0 0.3336213054)
(0.1975122968 0 0.2750546667)
(0.2542413596 0 0.3027220646)
(0.01322787202 0 0.3977830684)
(0.361872905 0 0.5869677254)
(0.3597204987 0 0.8270090035)
(-0.2895223047 0 0.5458515243)
(0.2753006129 0 0.8568613869)
(0.1904749586 0 0.7702445455)
(-0.1811210356 0 0.5761651903)
(0.1436846339 0 0.6915640053)
(0.1388739007 0 0.6661212561)
(-0.03424446936 0 0.5206456871)
(0.1579515984 0 0.6721760397)
(0.1861191213 0 0.7027310575)
(0.03552835828 0 0.3908896055)
(0.2132057025 0 0.7469203781)
(0.2270068541 0 0.770134075)
(0.07436394544 0 0.3438999385)
(0.2165497939 0 0.7314937189)
(0.1745526282 0 0.6021223784)
(0.08471081941 0 0.3601434854)
(0.1115213608 0 0.4083109244)
(0.07711222769 0 0.3004018987)
(0.08015807908 0 0.341802361)
(0.3747500208 0 -1.599701975)
(0.3861211033 0 -1.663904499)
(0.283588658 0 -1.391970295)
(0.3778297667 0 -1.631416458)
(0.3595426885 0 -1.544752662)
(0.29240135 0 -1.307020233)
(0.3382006783 0 -1.437138342)
(0.315386662 0 -1.329920414)
(0.283624653 0 -1.095143587)
(0.2887549105 0 -1.243346529)
(0.2721924756 0 -1.167568057)
(0.1702221279 0 -1.101176724)
(0.2753792246 0 -1.080200869)
(0.2808631002 0 -0.9609360049)
(0.2158512909 0 -0.9825688534)
(0.2806119096 0 -0.7977261368)
(0.2817689697 0 -0.6393206918)
(0.221903512 0 -0.6571331196)
(0.2927347223 0 -0.5588478803)
(0.3041877724 0 -0.538801853)
(0.299243368 0 -0.5231319927)
(0.3106328322 0 -0.5253984881)
(0.325881606 0 -0.4673615028)
(0.3680749647 0 -0.3819793784)
(0.3420944804 0 -0.4061056977)
(0.3425530174 0 -0.3629246353)
(0.4146818197 0 -0.2600898407)
(0.2834996203 0 -0.4152250072)
(0.3163933109 0 -0.473418599)
(0.3319722659 0 -0.4248991521)
(0.3932307086 0 -0.5401379956)
(0.5507591573 0 -0.662604011)
(0.7051688085 0 -0.9256171537)
(0.4952537147 0 -0.40465969)
(0.6354523644 0 0.3039480221)
(0.7566294482 0 0.4010597589)
(0.386934965 0 0.1461085681)
(0.677437763 0 -0.4090393163)
(0.6072629361 0 -0.4237470409)
(0.4136830283 0 0.2920664867)
(0.2753547943 0 0.2311824189)
(0.2840508346 0 0.2714146255)
(0.2318262821 0 0.1706634115)
(0.2183840435 0 0.164382206)
(0.2245735631 0 0.2154902019)
(0.2187447021 0 0.1775132219)
(0.2021026332 0 0.1908156719)
(0.1853880887 0 0.2797887939)
(0.1919853932 0 0.207235013)
(0.1854839149 0 0.2240096895)
(0.12925336 0 0.2911850156)
(0.1837780975 0 0.238206292)
(0.1875032002 0 0.2496145113)
(0.1306169078 0 0.2818817116)
(0.1932744397 0 0.2601119275)
(0.1963776793 0 0.2737080953)
(0.1653846999 0 0.2797557933)
(0.3165425275 0 0.1312364885)
(1.123392409 0 -0.8692809807)
(0.1706407043 0 0.3284477904)
(1.612758914 0 -1.251376789)
(2.5340202 0 1.004663973)
(-0.2193111574 0 0.5998608891)
(2.269666711 0 1.649000377)
(1.963040921 0 1.823213416)
(0.3878001111 0 0.6785639051)
(1.390762431 0 1.512013299)
(0.5580383842 0 0.8877970672)
(0.3202225004 0 0.7804921276)
(0.3708576894 0 0.7887646572)
(0.355377252 0 0.8216345692)
(0.2654795697 0 0.7742364532)
(0.3598033976 0 0.8741403614)
(0.3761215767 0 0.9425731818)
(0.2897299525 0 0.8541944062)
(0.3968672084 0 1.014730517)
(0.4111803928 0 1.065578543)
(0.3234467035 0 0.94510043)
(0.4075068177 0 1.065489576)
(0.3789747781 0 0.9968617101)
(0.2929814326 0 0.8583780373)
(0.3243074157 0 0.8582344613)
(0.2462393054 0 0.6622429679)
(0.1606358789 0 0.4950404258)
(0.4571980214 0 -1.426383241)
(0.4911186353 0 -1.585257456)
(0.4578368674 0 -1.727484284)
(0.4985286935 0 -1.639782733)
(0.4879382785 0 -1.613105258)
(0.4312993508 0 -1.64864359)
(0.4674896901 0 -1.531968978)
(0.4438006652 0 -1.42181962)
(0.3805570986 0 -1.418936764)
(0.4213123476 0 -1.301805199)
(0.4025369663 0 -1.183637067)
(0.3440607192 0 -1.193588967)
(0.3879583295 0 -1.071780775)
(0.3751812227 0 -0.9614112042)
(0.335770161 0 -0.9812788661)
(0.357552756 0 -0.8361355152)
(0.3271060866 0 -0.6842587553)
(0.3136236637 0 -0.655655996)
(0.2957209797 0 -0.5562291732)
(0.2886381884 0 -0.5221659391)
(0.3004397432 0 -0.5061613905)
(0.2933997159 0 -0.5415121254)
(0.2813864336 0 -0.5399697384)
(0.2983671836 0 -0.5146205179)
(0.2581275393 0 -0.5281738652)
(0.2255758653 0 -0.5239943352)
(0.2569988671 0 -0.4676059058)
(0.2052141468 0 -0.5872187188)
(0.2295532776 0 -0.7549552526)
(0.1605447373 0 -0.5668879903)
(0.2785627382 0 -0.8980376025)
(0.2195193689 0 -0.788684894)
(-0.03036331998 0 -1.243732089)
(0.1073037635 0 -0.6794675568)
(0.5085571933 0 0.1433938716)
(0.5280669174 0 0.219682078)
(0.3204129835 0 0.08185289718)
(0.7044937601 0 -0.3144347318)
(0.7100215096 0 -0.3713385531)
(0.4043219419 0 0.3098051155)
(0.3123608843 0 0.05651785686)
(0.2802275361 0 0.2270591701)
(0.3684574515 0 -0.1160431876)
(0.4249899508 0 -0.1730723807)
(0.2370976547 0 0.1639214768)
(0.6300538726 0 -0.3588226981)
(0.557406357 0 0.5447168659)
(0.05278476114 0 0.3303328125)
(0.4018447909 0 0.4772994563)
(0.3433678301 0 0.4032616097)
(0.09492337019 0 0.2905765732)
(0.3319365224 0 0.3581842331)
(0.3162215167 0 0.3324852109)
(0.1998692261 0 0.2575905383)
(0.2855368194 0 0.3095800993)
(0.2612659213 0 0.2978452559)
(0.2165092776 0 0.2734969424)
(0.2504579994 0 0.2997851663)
(0.2610453383 0 0.2953229286)
(0.5644233685 0 -0.1503408339)
(0.5659684021 0 -0.1428783812)
(3.183690976 0 0.849238166)
(3.102508827 0 0.9341122092)
(2.455459103 0 1.128120543)
(1.420237099 0 0.9697279834)
(1.959487212 0 1.456073049)
(0.5635221654 0 0.6865368978)
(0.4781377932 0 0.7191755699)
(0.4690705293 0 0.7501089399)
(0.482307941 0 0.7893449478)
(0.4943513617 0 0.8699405576)
(0.4271193905 0 0.8457604248)
(0.5148818715 0 0.9648414685)
(0.5396966363 0 1.066119975)
(0.4582809609 0 1.008535287)
(0.5576455935 0 1.150022377)
(0.5561620924 0 1.186997885)
(0.4915977563 0 1.147790036)
(0.5284428444 0 1.15869311)
(0.474069416 0 1.063156615)
(0.4417253593 0 1.063784485)
(0.3969674306 0 0.9122337447)
(0.3118709653 0 0.74055965)
(0.2945671353 0 0.7312631056)
(0.3470465784 0 -0.5238029064)
(0.4161744371 0 -0.7385238604)
(0.4734541032 0 -1.240108759)
(0.4743654945 0 -0.940951112)
(0.5058546417 0 -1.05658147)
(0.5126439357 0 -1.410465689)
(0.5157257716 0 -1.104265014)
(0.5115633554 0 -1.112141266)
(0.4880298908 0 -1.318184002)
(0.4993085711 0 -1.101306311)
(0.4822853714 0 -1.07939925)
(0.4471619988 0 -1.135113195)
(0.4610317205 0 -1.042555008)
(0.4338048666 0 -0.9844309639)
(0.398369128 0 -0.9399255128)
(0.3993862042 0 -0.9059779832)
(0.3604259748 0 -0.8191912667)
(0.3320060109 0 -0.7338742773)
(0.3239850085 0 -0.740113412)
(0.2985615317 0 -0.680295375)
(0.2816040917 0 -0.589759165)
(0.2848650062 0 -0.6442472668)
(0.2806712763 0 -0.6313785662)
(0.2721816928 0 -0.5758582054)
(0.3422885842 0 -0.6689931497)
(0.5565292402 0 -0.7900213321)
(0.4834544743 0 -0.7457803321)
(0.7623271118 0 -0.8959723008)
(0.8703028251 0 -0.9302985798)
(0.806354185 0 -0.92956587)
(0.9173632408 0 -0.9084735127)
(0.9331251606 0 -0.8417046104)
(0.8460831375 0 -0.8404832724)
(0.9209352355 0 -0.7184720365)
(0.5071900501 0 0.2192570925)
(0.5799968589 0 0.2835200537)
(0.3706854823 0 0.04885126189)
(0.6627545969 0 1.354310542)
(0.6736278078 0 -0.2546556771)
(0.774892938 0 4.914183533)
(0.7165969979 0 5.158070461)
(0.176011223 0 0.703468733)
(0.6676179142 0 4.819285681)
(0.6145060114 0 3.73808174)
(0.4868839263 0 -0.307568593)
(0.6757732068 0 0.2392264058)
(1.241180654 0 0.5271657576)
(1.056981876 0 0.5846682078)
(0.8762763766 0 0.4859717926)
(0.6870529039 0 0.4491875769)
(0.5785090681 0 0.458607274)
(0.573888281 0 0.4221317453)
(0.4913707471 0 0.3973639224)
(0.4267472219 0 0.3867307835)
(0.4208903533 0 0.3692971098)
(0.3684395995 0 0.3473096943)
(0.3174105823 0 0.3274615098)
(0.3400792541 0 0.3400757627)
(0.3289152948 0 0.3470077739)
(0.2850220693 0 0.3289568964)
(0.3221811855 0 0.3510368564)
(1.56609798 0 0.5504836992)
(2.776638616 0 0.7403633754)
(0.5956323123 0 0.4861739881)
(0.456185374 0 0.5312111898)
(0.6258716646 0 0.5964872225)
(0.4947181789 0 0.6197435379)
(0.5333814789 0 0.7130265516)
(0.5094408996 0 0.7139849862)
(0.5674287874 0 0.81078069)
(0.5964901282 0 0.910914263)
(0.5576717747 0 0.9001409848)
(0.6162912138 0 1.003926947)
(0.6199615893 0 1.072848464)
(0.6030452919 0 1.098673137)
(0.6012384104 0 1.100734631)
(0.5579817641 0 1.078396264)
(0.581688276 0 1.163785985)
(0.4920348492 0 1.005956597)
(0.4108653959 0 0.8962666285)
(0.4617650528 0 0.9991396325)
(0.336475007 0 0.7859906556)
(0.293566648 0 0.716958871)
(0.3043211032 0 0.7246930956)
(0.3977790461 0 -0.4148977587)
(0.4217318364 0 -0.3739255795)
(0.3951283016 0 -0.41699461)
(0.4536196914 0 -0.337042942)
(0.4883404862 0 -0.3282115406)
(0.4868559346 0 -0.6182675383)
(0.5169187038 0 -0.4364616103)
(0.5331534504 0 -0.6829358484)
(0.5246750386 0 -0.8815871501)
(0.5396923043 0 -0.889478799)
(0.5407828255 0 -1.017429833)
(0.5148982687 0 -1.051649461)
(0.5393931735 0 -1.087006868)
(0.5338901813 0 -1.111260008)
(0.4856489964 0 -1.065195328)
(0.5183319284 0 -1.092287908)
(0.4867326234 0 -1.028958988)
(0.4152903694 0 -0.9253354557)
(0.4422456069 0 -0.9343169211)
(0.3993226837 0 -0.8395218099)
(0.3413514521 0 -0.7661168236)
(0.3698260051 0 -0.7693724468)
(0.3566562207 0 -0.7287812031)
(0.3143144577 0 -0.6951750317)
(0.3598979318 0 -0.7102283491)
(0.4169820667 0 -0.7117458873)
(0.5130255454 0 -0.7650439015)
(0.616576946 0 -0.7720552696)
(0.8014010791 0 -0.8283527154)
(0.872021169 0 -0.8971953529)
(0.9041291147 0 -0.8309218622)
(0.9514685887 0 -0.7855295925)
(0.9689141527 0 -0.8245253314)
(0.9477775902 0 -0.690106499)
(0.380997439 0 -0.1890643255)
(0.3790376046 0 0.06591827285)
(0.3899297883 0 -0.2346530878)
(0.8464213212 0 -0.6967082628)
(0.5223437461 0 -0.4647306163)
(0.8106563048 0 1.889877608)
(0.5031065326 0 0.3444897898)
(0.7446351067 0 3.348559519)
(0.485498013 0 -0.08969064757)
(0.4566504423 0 -0.2111176779)
(0.4904310669 0 0.2515139634)
(0.4945792085 0 -0.2263553597)
(0.9834813272 0 0.2777608493)
(1.192794568 0 0.4114499901)
(0.8431151848 0 0.3509348847)
(0.7077183243 0 0.3618571362)
(0.7184987851 0 0.4103961172)
(0.6122430294 0 0.3637516026)
(0.5419436794 0 0.363284242)
(0.5247225775 0 0.3844787734)
(0.486654084 0 0.360629403)
(0.4471908198 0 0.3602270831)
(0.4108018492 0 0.3568434249)
(0.4273921069 0 0.3682788412)
(0.4223593466 0 0.38436305)
(0.3749723918 0 0.3659342698)
(0.4190360377 0 0.3980040862)
(0.4184441316 0 0.412279905)
(0.4806213019 0 0.4079695213)
(0.4231699816 0 0.4388488359)
(0.4417101756 0 0.4854906204)
(0.4460731601 0 0.5109622502)
(0.468373157 0 0.5486532433)
(0.4954023321 0 0.6201860924)
(0.5301314618 0 0.6864644495)
(0.5161950055 0 0.6922202088)
(0.5249473932 0 0.7570292998)
(0.5855612443 0 0.8651520933)
(0.5216815585 0 0.8038521614)
(0.3450366783 0 0.9800847798)
(0.5803698889 0 0.9792810261)
(0.3312183023 0 0.9276203931)
(0.3469186503 0 0.7918038445)
(0.4863879055 0 0.9393266701)
(0.3094799235 0 0.7021593746)
(0.2798203572 0 0.6738197276)
(0.3361808783 0 0.7742783042)
(0.2809721456 0 0.6928652864)
(0.2931908317 0 0.723528498)
(0.2879622351 0 0.7176472982)
(0.5130482064 0 -0.3169030867)
(0.533686508 0 -0.265800307)
(0.5085668862 0 -0.2723609512)
(0.5510346993 0 -0.2201384997)
(0.5509184765 0 -0.2753652936)
(0.5380747647 0 -0.4793957675)
(0.542039061 0 -0.5548461872)
(0.541515817 0 -0.7664905277)
(0.5506910086 0 -0.9273734188)
(0.5452489791 0 -0.8801314602)
(0.5517084254 0 -0.9427533444)
(0.557028122 0 -1.067768)
(0.5583613299 0 -0.9783089725)
(0.5605609507 0 -0.9899705837)
(0.5430659585 0 -1.062170183)
(0.5509296031 0 -0.9684361133)
(0.5272490873 0 -0.9097472599)
(0.4697791313 0 -0.9030821853)
(0.4924729778 0 -0.8230772119)
(0.4559963709 0 -0.7291367745)
(0.3986498577 0 -0.7285346775)
(0.4313161311 0 -0.6511053091)
(0.4271451402 0 -0.5993937029)
(0.3980224205 0 -0.6540215889)
(0.4405914368 0 -0.565999915)
(0.4778471981 0 -0.5497098944)
(0.6282725644 0 -0.6950781685)
(0.5684947997 0 -0.567694104)
(0.6527235944 0 -0.5729939637)
(0.8555200186 0 -0.7080314961)
(0.6518771365 0 -0.5188780634)
(0.5229448589 0 -0.4571328389)
(0.4662119271 0 -0.379109566)
(0.6179140537 0 -0.5222187274)
(0.7858500776 0 -0.5733365469)
(0.7964651485 0 -0.5867330037)
(0.5470121557 0 0.0411616023)
(0.4379466346 0 -0.0850569498)
(0.4702248423 0 -0.1272752371)
(0.5235801803 0 -0.1557861062)
(0.4850610522 0 -0.09931435076)
(0.4645391167 0 -0.1544792848)
(0.3904957961 0 -0.02348912996)
(0.5590575979 0 0.1281018714)
(0.7353133149 0 0.1792723622)
(0.6441574357 0 0.2233266146)
(0.6327198804 0 0.2713076819)
(0.6736516237 0 0.3132158848)
(0.5964615702 0 0.2998176047)
(0.5612009769 0 0.3216071526)
(0.5521416757 0 0.3411196421)
(0.5327983901 0 0.3410858811)
(0.5163900763 0 0.362582146)
(0.4812723441 0 0.3612408722)
(0.5160415519 0 0.3904399909)
(0.5232671499 0 0.4203261386)
(0.4715548127 0 0.4023454863)
(0.5227397495 0 0.4415780431)
(0.509721616 0 0.4518168512)
(0.4619628569 0 0.4317056696)
(0.4896274699 0 0.4571377774)
(0.4698536494 0 0.4645769165)
(0.4478177384 0 0.4669068928)
(0.453596946 0 0.4762068949)
(0.4384525081 0 0.4889580791)
(0.4538604333 0 0.5398422891)
(0.4197697484 0 0.4996443159)
(0.3948637716 0 0.5052463626)
(0.4437920796 0 0.6161527158)
(0.8971708502 0 0.5348593758)
(1.222227455 0 2.220327132)
(-0.4436592435 0 1.762822271)
(1.449320583 0 3.236427048)
(1.644416718 0 3.812816905)
(-0.4095699211 0 1.631795764)
(1.76338614 0 4.122622188)
(1.72900099 0 4.112372278)
(0.2371753439 0 0.6828123678)
(0.6069684466 0 -0.3239183898)
(0.6135245797 0 -0.2718199915)
(0.5671693131 0 -0.2659986644)
(0.6162582972 0 -0.2237331616)
(0.6133673494 0 -0.1835141019)
(0.5787792959 0 -0.1889184654)
(0.5927344582 0 -0.1772860656)
(0.5419051368 0 -0.2886676559)
(0.5267445017 0 -0.5354538062)
(0.4887065456 0 -0.4360824723)
(0.4637144728 0 -0.5383490591)
(0.5184782958 0 -0.7617423665)
(0.4755415084 0 -0.6199343852)
(0.5066423822 0 -0.6880603928)
(0.547077784 0 -0.8540719498)
(0.5269452378 0 -0.7221369538)
(0.5392528507 0 -0.7205222032)
(0.5469707931 0 -0.8346608088)
(0.5476559718 0 -0.6972769003)
(0.5554984106 0 -0.6700399257)
(0.5178917127 0 -0.7185663539)
(0.5599090369 0 -0.6419194408)
(0.5477632197 0 -0.5981965479)
(0.4784537099 0 -0.5818665164)
(0.5234618166 0 -0.5447442823)
(0.5104616277 0 -0.5064236491)
(0.4819672021 0 -0.5081384668)
(0.5046120558 0 -0.4801548134)
(0.503185038 0 -0.4625833452)
(0.5088032803 0 -0.4742150302)
(0.511187864 0 -0.4563936268)
(0.5430892264 0 -0.4730493052)
(0.5452291739 0 -0.4733704883)
(0.6200157216 0 -0.5305009417)
(0.7639421951 0 -0.6630169611)
(0.7904266704 0 -0.5839424037)
(0.5364636832 0 0.2276102309)
(0.3623231951 0 0.1782754334)
(0.3646041615 0 0.0442732479)
(0.4602214388 0 -0.05307665103)
(0.4752101474 0 -0.008494489688)
(0.4919547657 0 -0.05023705631)
(0.3819553693 0 0.06930450558)
(0.4470342647 0 0.1178550246)
(0.4745534055 0 0.1127241009)
(0.5378773346 0 0.1745303516)
(0.5830035825 0 0.2229038642)
(0.599687016 0 0.2407655092)
(0.5933880138 0 0.2622843545)
(0.5919951567 0 0.2977217626)
(0.5733406818 0 0.3067136773)
(0.5919161179 0 0.3335332333)
(0.6020893103 0 0.3739823759)
(0.5556482871 0 0.3662654822)
(0.6216034455 0 0.4185533411)
(0.6341697449 0 0.4566696611)
(0.5777551807 0 0.4385326497)
(0.6267650023 0 0.4793041676)
(0.6016498374 0 0.4879778265)
(0.5572653495 0 0.4709524347)
(0.5684304091 0 0.4899798797)
(0.5359108518 0 0.4918737907)
(0.5020837979 0 0.475319687)
(0.5081231193 0 0.4956357281)
(0.4844438878 0 0.4995637368)
(0.4548731885 0 0.4820756726)
(0.4630570354 0 0.5021332619)
(0.4429933585 0 0.5108379772)
(0.4051401253 0 0.4857931475)
(0.51260142 0 0.5100783464)
(2.121617579 0 2.584859113)
(1.801893948 0 2.505435964)
(2.478784746 0 3.396304914)
(2.455986513 0 3.697438218)
(2.251386948 0 3.999906486)
(2.248802153 0 3.666044113)
(1.895438851 0 3.295388276)
(1.994572806 0 3.980724374)
(0.707741626 0 -0.3411241497)
(0.7422324718 0 -0.3004951576)
(0.6744118872 0 -0.2835075904)
(0.7412004638 0 -0.2554332662)
(0.7226041048 0 -0.2137534915)
(0.6592547422 0 -0.1945003646)
(0.6931461558 0 -0.1833697012)
(0.6428025805 0 -0.1712532546)
(0.5900096869 0 -0.1758465471)
(0.5546818923 0 -0.1829995932)
(0.4307666839 0 -0.2052975566)
(0.4238394249 0 -0.3193988635)
(0.3252080258 0 -0.2387714987)
(0.3480546619 0 -0.3052349723)
(0.4362630625 0 -0.4990970702)
(0.3959081116 0 -0.3873296535)
(0.465034176 0 -0.4566187308)
(0.5118554099 0 -0.5941232843)
(0.5309182584 0 -0.5069698998)
(0.5882489259 0 -0.5553547086)
(0.5739381159 0 -0.6065393811)
(0.6425822836 0 -0.6087896137)
(0.6713532449 0 -0.6487793038)
(0.6157875355 0 -0.6237623695)
(0.6318835927 0 -0.6089500883)
(0.581758731 0 -0.5504612809)
(0.5455900057 0 -0.5238434982)
(0.5434391319 0 -0.5049784261)
(0.5179677598 0 -0.4755137485)
(0.5105745045 0 -0.4659813914)
(0.5091923457 0 -0.4655431225)
(0.5315844035 0 -0.4904881213)
(0.5344574901 0 -0.4771157474)
(0.6279701772 0 -0.5953486171)
(0.9284831196 0 -0.8648245851)
(0.8154995396 0 -0.7829345189)
(1.075495125 0 -0.3908670684)
(0.480484707 0 0.2397727514)
(0.4489034201 0 0.215107643)
(0.3193674477 0 0.1461247955)
(0.3709227855 0 0.08344578578)
(0.4335365703 0 0.03520123759)
(0.3336846733 0 0.1164601247)
(0.4466918833 0 0.1457390785)
(0.4419149453 0 0.1313606451)
(0.5448411878 0 0.1816707236)
(0.6032426879 0 0.2201211451)
(0.5845937988 0 0.2165995907)
(0.6377372061 0 0.260087926)
(0.6639493564 0 0.3032523153)
(0.6208481547 0 0.2960014533)
(0.6919817389 0 0.3519246043)
(0.7229019428 0 0.4052348754)
(0.6581088358 0 0.3870101957)
(0.7435657152 0 0.4541781892)
(0.7393633541 0 0.4879797055)
(0.6897806264 0 0.4737275381)
(0.7106086916 0 0.5053348144)
(0.6682916515 0 0.5126035985)
(0.6397665536 0 0.5020643783)
(0.6244707864 0 0.5174824217)
(0.5866865103 0 0.5244047941)
(0.5652902911 0 0.5091485303)
(0.5562743663 0 0.5331438886)
(0.5316159103 0 0.5419310289)
(0.5121349849 0 0.5225067781)
(0.5120820449 0 0.5507762559)
(0.4990660736 0 0.5644032196)
(0.4775556802 0 0.5424707633)
(0.4902365232 0 0.5813387844)
(1.276278521 0 1.383695288)
(1.993158006 0 2.207839871)
(1.465048408 0 1.739232909)
(1.29797897 0 1.695207159)
(2.146482128 0 2.913624946)
(0.9695544453 0 1.375261785)
(0.6560809364 0 0.9871207594)
(1.317430007 0 2.092671048)
(0.8674711094 0 -0.3039020297)
(0.8646035522 0 -0.271046785)
(0.7989589177 0 -0.2411092403)
(0.8179769426 0 -0.2395234429)
(0.7359217464 0 -0.2167460718)
(0.6945417707 0 -0.1923818735)
(0.6133055553 0 -0.2002691201)
(0.4461979588 0 -0.1842589895)
(0.4479956283 0 -0.1822427851)
(0.300109656 0 -0.1713689674)
(0.2854167678 0 -0.1533819114)
(0.2904200631 0 -0.1834089554)
(0.2971447187 0 -0.1468410686)
(0.4216017711 0 -0.2805181086)
(0.4136645903 0 -0.3202752899)
(0.5578297444 0 -0.4435667555)
(0.6512729727 0 -0.5541229714)
(0.6123128496 0 -0.5353428242)
(0.7189855495 0 -0.6415235847)
(0.7423353802 0 -0.6996509439)
(0.7132796239 0 -0.6741766397)
(0.6964247252 0 -0.6644533113)
(0.6305574799 0 -0.5987204394)
(0.6116100451 0 -0.5773801531)
(0.5705812132 0 -0.5393847437)
(0.5283536575 0 -0.5004219835)
(0.5238169732 0 -0.4880162948)
(0.5170367212 0 -0.4941574208)
(0.569298722 0 -0.5491724905)
(0.5408793835 0 -0.5146230517)
(0.772118122 0 -0.7241936006)
(1.195814641 0 -1.004995084)
(1.054877784 0 -0.9265683901)
(0.7012409766 0 0.2945279858)
(0.4880096636 0 0.2364395669)
(0.4866305116 0 0.2323689921)
(0.3771502399 0 0.1974886043)
(0.3003746329 0 0.1645497605)
(0.309181383 0 0.1304498964)
(0.2748950343 0 0.1447312206)
(0.4646059858 0 0.1663234046)
(0.45774161 0 0.1579202701)
(0.5881056311 0 0.2061803542)
(0.6716287115 0 0.2479594294)
(0.6355212287 0 0.23171819)
(0.7329978189 0 0.292882226)
(0.7818973261 0 0.3421155865)
(0.7216721995 0 0.3200141944)
(0.8191040214 0 0.3938843424)
(0.8366963066 0 0.4417134058)
(0.7880366466 0 0.425513636)
(0.8265827894 0 0.4778791732)
(0.7903567525 0 0.4999900145)
(0.7754830445 0 0.4973337521)
(0.7384879596 0 0.5121457444)
(0.6839233055 0 0.520935996)
(0.6838988855 0 0.5190830453)
(0.6361672565 0 0.5308318394)
(0.5976893053 0 0.5416963611)
(0.597928878 0 0.5358366487)
(0.5661242084 0 0.5508840136)
(0.5393209031 0 0.5569539003)
(0.5408038963 0 0.5540006349)
(0.5174150696 0 0.5611120125)
(0.5018842863 0 0.5666431023)
(0.5063988056 0 0.5722402057)
(0.4933355816 0 0.577271198)
(0.5070462009 0 0.6094638136)
(0.6648305768 0 0.7702610951)
(0.5115431238 0 0.6383658033)
(0.5114149066 0 0.663867906)
(0.6411608014 0 0.8428191309)
(0.8367354623 0 -0.2832491664)
(0.739259474 0 -0.2537506301)
(0.7533460784 0 -0.2378629576)
(0.585892801 0 -0.2239559639)
(0.4035738145 0 -0.1997453338)
(0.4257802838 0 -0.1909273556)
(0.3326443375 0 -0.1777770725)
(0.3293475974 0 -0.1615814155)
(0.3019360444 0 -0.1510666663)
(0.4158106154 0 -0.2565000856)
(0.5660363825 0 -0.4397335476)
(0.4933135851 0 -0.3532947342)
(0.6748042653 0 -0.5717769337)
(0.7466133833 0 -0.6615293433)
(0.6984718872 0 -0.6014335671)
(0.7821262331 0 -0.7244070898)
(0.7699851944 0 -0.7451785904)
(0.759207764 0 -0.7225993233)
(0.7523799638 0 -0.7307563153)
(0.9389439116 0 -0.8906154037)
(0.6366146444 0 -0.610787982)
(1.393382565 0 -1.277455722)
(1.745549448 0 -1.547434181)
(0.5340107136 0 -0.515541816)
(1.896493577 0 -1.621299361)
(1.905256518 0 -1.565747469)
(0.6137749779 0 -0.6746195677)
(1.803021742 0 -1.406136064)
(1.398032947 0 -0.6111605303)
(1.290191707 0 -1.028728688)
(0.7436721956 0 0.3191245715)
(0.5022528511 0 0.2357055921)
(0.498058177 0 0.2379702738)
(0.4016232669 0 0.1998174209)
(0.3448465359 0 0.183460401)
(0.3247222324 0 0.1786630229)
(0.3124801479 0 0.1768444101)
(0.3965058124 0 0.1632113778)
(0.4487761495 0 0.1686751682)
(0.56846432 0 0.2146121285)
(0.685350704 0 0.2675409424)
(0.6933550466 0 0.2622445785)
(0.7666285078 0 0.3182668835)
(0.8174665124 0 0.3661370043)
(0.8199684905 0 0.3601821513)
(0.8379381565 0 0.408585983)
(0.8280621207 0 0.4423717621)
(0.8522147903 0 0.4481080828)
(0.7921778835 0 0.4660848712)
(0.740054044 0 0.4818521299)
(0.7787315852 0 0.4949352402)
(0.6843392007 0 0.4943839514)
(0.6349513265 0 0.5071600424)
(0.6672891085 0 0.5173687856)
(0.5946138354 0 0.5196201777)
(0.5609420035 0 0.528867705)
(0.5853746923 0 0.540059097)
(0.5313992502 0 0.5329133389)
(0.5052436992 0 0.5318831022)
(0.5273762709 0 0.549827515)
(0.4828270317 0 0.5275584639)
(0.4645184085 0 0.5223862739)
(0.4876903306 0 0.5495178859)
(0.4501664699 0 0.5187508934)
(0.4388222248 0 0.5176439389)
(0.472102532 0 0.5624030613)
(0.7027053573 0 -0.307313443)
(0.6316404319 0 -0.2784413981)
(0.6950286538 0 -0.2662105466)
(0.5077097759 0 -0.2495123082)
(0.4157455299 0 -0.221176424)
(0.399340485 0 -0.2102152302)
(0.384913741 0 -0.1912894336)
(0.3885483996 0 -0.1958312568)
(0.3630136158 0 -0.182220023)
(0.5027078544 0 -0.3476826599)
(0.6527664188 0 -0.5421758966)
(0.621731791 0 -0.5068965381)
(0.7653653059 0 -0.6830786335)
(0.8335631048 0 -0.774914172)
(0.7925452607 0 -0.7226933166)
(0.8377271223 0 -0.8111319162)
(0.7804785881 0 -0.7780004744)
(0.7756522527 0 -0.7633289448)
(0.7803243844 0 -0.7596998227)
(1.138102046 0 -1.027554723)
(1.149929423 0 -1.056947063)
(1.657972221 0 -1.431634472)
(1.992688064 0 -1.671044663)
(1.967646289 0 -1.691437479)
(2.162538657 0 -1.753536734)
(2.218179337 0 -1.727230235)
(2.143151333 0 -1.707010231)
(2.133061141 0 -1.581423958)
(0.764414158 0 -0.371491489)
(1.108167088 0 -0.5577365557)
(0.5613192685 0 0.240593705)
(0.4606885615 0 0.2099610216)
(0.490223102 0 0.2262967749)
(0.3949820553 0 0.1919709686)
(0.8501895825 0 0.1777851764)
(0.4011619445 0 0.2088648115)
(1.024394017 0 0.4877406462)
(0.7057295117 0 0.3731971851)
(0.3748221649 0 0.2095911454)
(0.5019092361 0 0.2339930309)
(0.5847013417 0 0.2521182367)
(0.644684234 0 0.2607867565)
(0.6617986353 0 0.2962915319)
(0.7010289754 0 0.3374333514)
(0.7747261616 0 0.3576952728)
(0.7050005536 0 0.3707446109)
(0.6817467716 0 0.395752576)
(0.7684740484 0 0.4246558948)
(0.6428492776 0 0.4144934646)
(0.6007187544 0 0.4304429114)
(0.6785259418 0 0.4605478376)
(0.5633236679 0 0.4455510203)
(0.5316249574 0 0.458580579)
(0.5890679977 0 0.4884123602)
(0.5033604279 0 0.4671492572)
(0.4771595226 0 0.4701084962)
(0.5246803712 0 0.5060784994)
(0.4527334129 0 0.4676949024)
(0.4293599536 0 0.4605721447)
(0.4730703305 0 0.5024531978)
(0.4050159282 0 0.4488906751)
(0.3766774832 0 0.4318458223)
(0.4304673125 0 0.4847975518)
(0.3409995818 0 0.4085769894)
(0.2923962834 0 0.3791648372)
(0.3877086599 0 0.4623410247)
(0.4921158052 0 -0.2647489789)
(0.4553827733 0 -0.2362945945)
(0.4396744337 0 -0.2312265718)
(0.4212956378 0 -0.2043607192)
(0.3898896716 0 -0.1795678565)
(0.3963702026 0 -0.1917888455)
(0.4323943527 0 -0.2549969535)
(0.5971755851 0 -0.4684552725)
(0.6486856859 0 -0.5326504686)
(0.7478938898 0 -0.6513226597)
(0.8482373824 0 -0.7767788552)
(0.8587491691 0 -0.800858868)
(0.886154507 0 -0.8454520972)
(0.8366763467 0 -0.8207450453)
(0.8016598163 0 -0.8002107494)
(0.7444453786 0 -0.727472707)
(0.7407684226 0 -0.690494006)
(0.9512045246 0 -0.8628890491)
(1.101407807 0 -0.9386647537)
(1.588878098 0 -1.289207808)
(1.883706409 0 -1.548143893)
(1.888637387 0 -1.478224085)
(2.024908679 0 -1.522517955)
(2.191338406 0 -1.674517347)
(1.990581915 0 -1.427634108)
(0.2773627261 0 0.02745190681)
(0.4655978645 0 -0.1200608944)
(0.3668870081 0 0.1544417606)
(0.3706785924 0 0.1667611297)
(0.4182039906 0 0.1889342174)
(0.349467455 0 0.1651802811)
(0.5605284861 0 0.1323477202)
(0.7430626113 0 0.1494074561)
(0.8766869558 0 0.3628549305)
(0.8555786226 0 0.4012141783)
(0.8715952031 0 0.4264929311)
(0.7081297149 0 0.3577605091)
(0.5658234585 0 0.2956088449)
(0.5401512361 0 0.2605626039)
(0.5183168509 0 0.2732492111)
(0.5098386186 0 0.2812541829)
(0.60512025 0 0.3093880355)
(0.4956317732 0 0.2966723686)
(0.4715898493 0 0.3116734425)
(0.5764882248 0 0.3567099652)
(0.4480858117 0 0.3267584312)
(0.4298435029 0 0.3416334639)
(0.5138365564 0 0.3904540948)
(0.4136559554 0 0.3534733901)
(0.3954188974 0 0.3599086637)
(0.4653585072 0 0.4154817497)
(0.372989077 0 0.3600839701)
(0.3450327162 0 0.3534533398)
(0.4186426874 0 0.4199765988)
(0.3108869351 0 0.3395835334)
(0.2713672219 0 0.3194217419)
(0.366253718 0 0.4021209175)
(0.2253371824 0 0.2930311749)
(0.173231721 0 0.2649804495)
(0.2861849034 0 0.3528153416)
(0.2756145629 0 -0.1255968167)
(0.321318823 0 -0.2025742289)
(0.4870842977 0 -0.3501649323)
(0.5352961063 0 -0.4194810386)
(0.6821665556 0 -0.5638718936)
(0.7899728743 0 -0.6941896104)
(0.7554450606 0 -0.6447292847)
(0.7736626592 0 -0.683365766)
(0.8392769382 0 -0.791747027)
(0.7319410921 0 -0.664941489)
(0.6417364768 0 -0.5905670967)
(0.6762338994 0 -0.6333448659)
(0.5450924197 0 -0.4806049701)
(0.5111495344 0 -0.4146869842)
(1.023145145 0 -0.8327759602)
(0.6335096624 0 -0.4616402172)
(0.7689706947 0 -0.5342898715)
(1.603452939 0 -1.183405702)
(0.662069063 0 -0.3229466163)
(0.2179189224 0 0.05758241721)
(0.2312212999 0 0.0590258652)
(0.2298255325 0 0.08871774924)
(0.2812346493 0 0.1247730351)
(0.3233399927 0 0.1448790099)
(0.2893142603 0 0.1349027406)
(0.3216960945 0 0.138011885)
(0.4024284681 0 0.1318947097)
(0.7238168232 0 0.3091905826)
(0.7460069795 0 0.3373958768)
(0.796317335 0 0.3652374059)
(0.6975227138 0 0.3331898916)
(0.6364282661 0 0.3195909349)
(0.6189562275 0 0.3200299839)
(0.5727795969 0 0.3012022564)
(0.5159794816 0 0.2844717989)
(0.4781638973 0 0.2724035293)
(0.4723694107 0 0.2758275428)
(0.4332172035 0 0.2714450155)
(0.4148305904 0 0.2771831107)
(0.3923802418 0 0.2655286031)
(0.3561729697 0 0.2616574919)
(0.3724408821 0 0.2926399391)
(0.3246798999 0 0.2596698733)
(0.2901391615 0 0.252079763)
(0.3334272053 0 0.2970845303)
(0.2487029884 0 0.2334946164)
(0.2052439305 0 0.211299824)
(0.2619279797 0 0.2704225255)
(0.1322443908 0 -0.08560205945)
(0.2812202275 0 -0.1950790344)
(0.5170068471 0 -0.3962181085)
(0.4286353485 0 -0.3057825944)
(0.4898441457 0 -0.3567025101)
(0.6530238267 0 -0.5260563081)
(0.4795436734 0 -0.3573288821)
(0.338989561 0 -0.2505051793)
(0.5450952123 0 -0.4831980788)
(0.3686970314 0 -0.1273096024)
(0.7348515994 0 -0.1635363323)
(0.2836146113 0 -0.1533583199)
(0.8272350435 0 0.1849981052)
(0.4561677673 0 0.1125770707)
(0.1926118747 0 -0.01506621821)
(0.1975543802 0 0.04286043015)
(0.1854272115 0 0.04779506875)
(0.2016330076 0 0.05272683592)
(0.1824573706 0 0.05845261521)
(0.2107165545 0 0.086920883)
(0.2444067803 0 0.1060189969)
(0.2393055446 0 0.1098884199)
(0.2802931868 0 0.1318999848)
(0.2973340842 0 0.1382887815)
(0.6720511451 0 0.2858365158)
(0.6795799855 0 0.3004501268)
(0.7092415297 0 0.3169924637)
(0.6550256687 0 0.3025019663)
(0.6346591735 0 0.3053977701)
(0.6356618204 0 0.3117679689)
(0.6167382777 0 0.308355248)
(0.6005517814 0 0.311091397)
(0.5606967723 0 0.2982281716)
(0.5886888699 0 0.3139642596)
(0.5637987856 0 0.3071552134)
(0.4913596582 0 0.285601792)
(0.5046107863 0 0.2723486769)
(0.4251514045 0 0.2349872767)
(0.3749190525 0 0.2464272111)
(0.3647580122 0 0.2329207452)
(0.3632150006 0 0.2679009008)
(0.2828126097 0 0.238486141)
(0.2893292897 0 -0.06626623274)
(0.5995875654 0 -0.1296292193)
(0.7131383208 0 -0.1541182841)
(0.8547920127 0 0.1613415862)
(0.5387697176 0 0.1353049279)
(0.5383483277 0 0.1402876632)
(0.169953283 0 0.03458879796)
(0.1622303258 0 0.04039486254)
(0.1720862814 0 0.04361827836)
(0.1657603893 0 0.04893470766)
(0.1723468051 0 0.05971828934)
(0.1853784612 0 0.07019790677)
(0.2038706803 0 0.08736242549)
(0.241116464 0 0.1110727009)
(0.2606463539 0 0.1221648455)
(0.562883276 0 0.237743172)
(0.6249286578 0 0.2715802314)
(0.6522788039 0 0.2855783486)
(0.6397867159 0 0.2884370583)
(0.6520254663 0 0.3046149187)
(0.639647339 0 0.3027753839)
(0.6667720529 0 0.3223709376)
(0.6872745524 0 0.3436970253)
(0.641893014 0 0.3260272264)
)
;

boundaryField
{
    dominio_ascii
    {
        type            zeroGradient;
    }
    wallFilmFaces_top
    {
        type            fixedValue;
        value           uniform (0 0 0);
    }
    region0_to_wallFilmRegion_wallFilmFaces
    {
        type            slip;
    }
}


// ************************************************************************* //
