/*--------------------------------*- C++ -*----------------------------------*\
| =========                 |                                                 |
| \\      /  F ield         | OpenFOAM: The Open Source CFD Toolbox           |
|  \\    /   O peration     | Version:  2.1.x                                 |
|   \\  /    A nd           | Web:      www.OpenFOAM.org                      |
|    \\/     M anipulation  |                                                 |
\*---------------------------------------------------------------------------*/
FoamFile
{
    version     2.0;
    format      ascii;
    class       volScalarField;
    location    "0.6";
    object      deltaf;
}
// * * * * * * * * * * * * * * * * * * * * * * * * * * * * * * * * * * * * * //

dimensions      [0 1 0 0 0 0 0];

internalField   nonuniform List<scalar> 
2828
(
0.0001104721208
6.187287621e-05
3.928995921e-05
2.315944385e-05
1.914481028e-05
0.0001523774827
0.0001616553574
0.0001776631117
0.0001729972374
0.0001362233702
7.920161328e-05
6.225005641e-05
5.01712924e-05
2.18483867e-05
8.555199774e-06
4.770059583e-06
2.668834989e-05
0.0001569653022
0.0001574711716
0.0001534917074
0.0001587052192
0.0001642874205
0.0001505830695
0.000109557946
6.198846928e-05
6.945047072e-05
8.015190573e-05
5.093420854e-05
1.437799344e-05
1.060309502e-05
6.183748812e-05
3.247439427e-05
0.0001105192592
0.000132237421
0.0001635134003
0.0001602405285
0.000147657324
0.0001408520919
0.0001337924561
0.0001046693672
6.408945728e-05
3.880670932e-05
6.65886592e-05
9.304101805e-05
8.162223767e-05
3.060349869e-05
3.917186001e-05
7.374881006e-05
4.389685968e-05
7.69078874e-05
7.87845779e-05
5.749848715e-05
7.343648519e-05
0.0001266590601
0.0001456258344
0.0001385056496
0.0001228129937
0.0001113134718
0.0001498415062
8.691641665e-05
4.008743247e-05
3.754024846e-05
7.196324471e-05
9.716351077e-05
9.465714195e-05
3.861877547e-05
6.223692499e-05
5.780952424e-05
3.369573389e-05
5.876120612e-05
7.986237007e-05
4.117980401e-05
3.606098297e-05
2.935498101e-05
6.326166387e-05
9.121367706e-05
9.967367138e-05
9.247439399e-05
8.047631731e-05
7.472435593e-05
7.607024117e-05
5.993950738e-05
4.686542848e-05
6.09251218e-05
0.000120546409
0.0001008192
8.632961633e-05
5.347063103e-05
5.407933689e-05
3.314743658e-05
1.466883123e-05
3.236460073e-05
7.425527678e-05
7.489906781e-05
3.658049184e-05
7.071685574e-05
2.23140747e-05
2.997293943e-05
4.527156272e-05
5.337939423e-05
5.208050803e-05
4.580113487e-05
4.542210409e-05
6.338350131e-05
7.624785761e-05
6.738890288e-05
6.382018104e-05
0.0001116965165
9.331471602e-05
5.724832715e-05
3.205363253e-05
0.0001000326887
3.309568807e-05
1.502106249e-05
6.247223864e-06
2.346352428e-05
5.10316265e-05
0.0001119850232
8.914604778e-05
7.499615955e-05
2.750951458e-05
2.63779309e-05
2.945785877e-05
3.369550801e-05
3.350970094e-05
2.813530314e-05
2.463061074e-05
4.029877369e-05
5.463565214e-05
4.309840995e-05
3.611715939e-05
7.189917591e-05
7.010484698e-05
1.767289848e-05
2.128232062e-05
9.375000441e-06
8.758902847e-05
4.496236529e-05
5.892292947e-06
8.416443418e-06
4.850647314e-05
4.223147818e-05
8.891549701e-05
0.0001276351961
9.548345357e-05
0.0001172877166
3.147864236e-05
2.617263855e-05
2.54814733e-05
2.889341342e-05
2.964055181e-05
2.485047462e-05
2.937127761e-05
4.089027787e-05
2.646970589e-05
1.295837133e-05
1.954096487e-05
4.884655078e-05
2.53552578e-05
3.855301837e-06
8.573759874e-06
8.494819919e-06
3.381812272e-05
0.0001011413605
4.059683137e-06
2.817047345e-05
9.694967885e-05
4.960362491e-05
4.590289684e-05
6.697954723e-05
3.52409369e-05
4.902765749e-05
3.925904282e-05
3.708782801e-05
2.691141648e-05
1.94451575e-05
2.206858238e-05
3.114716923e-05
3.295049017e-05
2.97614503e-05
3.725936681e-05
2.567754306e-05
1.106876927e-05
5.658326369e-06
7.511858972e-06
1.760166374e-05
2.137861666e-05
5.068641002e-06
4.117263048e-06
4.94490458e-06
2.938774667e-05
7.705919971e-05
3.962296699e-06
5.425714701e-05
0.0001084618315
4.349810312e-05
2.024259544e-05
2.097215021e-05
1.672183117e-05
2.908355837e-05
4.272097606e-05
3.845173445e-05
2.081299136e-05
1.637474765e-05
2.596539836e-05
3.436711018e-05
2.967331439e-05
2.653609601e-05
2.708516006e-05
1.297181144e-05
6.786675236e-06
3.825390739e-06
2.331484192e-06
3.590929284e-06
2.171997014e-05
0.0002280012649
4.444831399e-05
1.954910193e-05
0.0001111219682
1.888339222e-05
6.570665655e-06
1.246825529e-05
5.222008517e-05
7.648924728e-05
1.861330415e-05
1.634702907e-05
2.611376589e-05
3.801778148e-05
2.186560193e-05
4.380854664e-05
2.56037321e-05
2.671869673e-05
3.553899589e-05
2.924015669e-05
1.746408878e-05
1.654050869e-05
1.16287968e-05
3.903383336e-06
1.839285479e-06
1.199501299e-06
2.296857078e-06
1.166871076e-05
9.672323668e-05
0.0002385529575
0.0002063916802
0.000187989828
9.409937812e-05
3.743154336e-05
1.687318852e-05
2.073697601e-05
4.660284834e-05
7.764932924e-05
2.425862281e-05
2.860359154e-05
4.476140628e-05
5.09523613e-05
9.476258189e-06
1.644565856e-06
6.350274149e-05
5.713823544e-05
6.210650936e-05
4.993554929e-05
2.416537764e-05
8.433309455e-06
8.278358754e-06
2.852298722e-05
1.073663358e-05
3.259860278e-06
3.455061382e-06
1.193117361e-05
6.793348836e-05
0.0001601211012
0.0001809301035
0.0001877436484
0.0001750059486
0.0001628464778
6.477046023e-05
4.822462093e-05
4.949342957e-05
6.096372289e-05
6.660093403e-05
5.282942142e-05
6.463249836e-05
9.160899324e-05
3.107891991e-05
5.21150289e-07
6.37906558e-08
7.65508605e-05
8.563961994e-05
9.96835558e-05
8.918930257e-05
4.632920544e-05
1.454740158e-05
4.251441308e-06
1.759500539e-06
1.396463773e-05
5.098018562e-05
3.339901676e-05
2.332636762e-05
4.18381573e-05
0.0001116870896
8.650560084e-05
0.0001450681233
0.0001794890154
0.0002023503408
0.0001833149454
0.000136714104
8.856624505e-05
6.59808259e-05
5.980372771e-05
5.390827452e-05
4.949916277e-05
4.846391501e-05
4.815651075e-05
3.990745769e-05
7.86352814e-06
2.57069802e-06
5.551520196e-05
8.542838768e-05
9.97227126e-05
6.331485123e-05
1.928182808e-05
3.831114303e-06
1.482220286e-06
1.20274911e-06
4.596462841e-07
4.663807902e-06
8.950699364e-05
0.0001336352769
5.403947497e-05
6.698715796e-06
1.024598097e-06
0.0001605859562
0.0001574591161
0.0001371783682
4.118274013e-05
0.0001632756602
0.0001212071927
6.930054674e-05
6.26771196e-05
5.308139668e-05
4.015981321e-05
2.758380774e-05
1.913385269e-05
1.620233154e-05
1.259462858e-05
4.074347548e-05
3.642784572e-05
8.627632773e-05
6.937417733e-05
2.472409524e-05
3.883663002e-06
3.596682809e-07
1.298066228e-07
1.097159934e-06
5.786266552e-06
4.539561037e-06
2.75672501e-05
2.367603722e-05
2.716296972e-05
2.023477402e-05
1.659950569e-05
6.588417336e-05
0.0001377499816
6.969611237e-05
3.831347851e-06
6.22622041e-05
0.0002023851475
8.072474133e-05
7.764201603e-05
6.913729798e-05
5.396101601e-05
3.597016489e-05
2.098009711e-05
2.091637776e-05
5.677567016e-05
4.081872079e-05
1.088150325e-05
1.359601706e-05
2.611215108e-05
3.907442742e-05
2.159435563e-05
8.891434886e-06
1.06844415e-05
2.579759336e-05
5.256776639e-05
4.359810636e-05
1.659148598e-05
3.403356454e-06
7.789430508e-06
1.948941482e-05
2.135221939e-05
3.962951311e-05
9.449361341e-05
2.570002004e-05
1.238906167e-06
1.993474448e-05
0.0002813988293
9.016217977e-05
8.416361558e-05
8.276897151e-05
7.342103749e-05
5.719310408e-05
4.452061447e-05
5.156505724e-05
4.37830236e-05
3.137930163e-05
4.661187774e-06
2.249088383e-06
6.702300817e-06
4.254995873e-05
6.638556608e-05
4.078935705e-05
2.887722772e-05
1.94768036e-05
8.568886487e-06
1.224086151e-05
1.220660422e-05
2.76657675e-06
1.710224192e-06
3.992797512e-06
9.002281433e-06
6.577433302e-06
1.877098046e-05
2.636520638e-05
1.419045982e-05
2.140690338e-05
9.367278035e-05
0.0001229059564
7.43266898e-05
8.202883419e-05
8.551484093e-05
8.317123193e-05
7.897624465e-05
4.552477592e-05
1.62662089e-05
5.925213177e-05
4.412672486e-06
1.655749763e-05
5.508340835e-05
7.311022827e-05
6.350080693e-05
4.229646273e-05
1.998206319e-05
6.793731402e-06
2.464913551e-06
2.302115263e-06
1.421420159e-06
6.675142818e-07
8.533762234e-07
1.39201619e-06
1.566266753e-05
4.045147055e-05
1.358849854e-05
3.491936187e-05
1.314158389e-07
4.760821478e-06
0.000246167425
5.319277127e-05
6.34553904e-05
7.756950974e-05
8.861161922e-05
8.827787123e-05
7.063012348e-05
2.886677891e-05
7.512479033e-10
1.272967726e-05
3.489941467e-05
6.112744289e-05
5.617423853e-05
4.237240661e-05
3.580695218e-05
2.038638665e-05
7.740833899e-06
2.928101528e-06
1.516590972e-06
1.102225475e-06
6.730483631e-07
7.090989016e-07
9.565827663e-07
2.174856757e-05
8.870181765e-05
6.307078488e-05
3.845870435e-05
3.473132752e-05
9.722666307e-05
3.377092334e-05
3.153542955e-05
3.549014135e-05
4.780918385e-05
6.804904124e-05
9.243924641e-05
0.0001118605666
9.899420906e-05
5.910033658e-10
2.577641319e-05
3.667643348e-05
5.098331302e-05
5.07044596e-05
3.621879019e-05
2.517637294e-05
1.903504048e-05
1.063957287e-05
6.749585565e-06
7.253055266e-06
9.299876487e-06
4.696499306e-06
9.6571807e-07
1.128238628e-06
2.847720333e-05
6.922368037e-05
7.769492431e-05
6.554292875e-05
3.324404773e-05
3.388057035e-05
3.219188574e-05
2.62709295e-05
1.873235106e-05
1.648722732e-05
2.417045943e-05
4.389471897e-05
7.998920039e-05
0.0001314822696
2.80173695e-05
4.130332273e-05
5.117495164e-05
4.278916729e-05
2.644073028e-05
1.744704725e-05
1.372048301e-05
1.272901733e-05
1.66238834e-05
2.281929213e-05
3.248047794e-05
3.713129877e-06
2.114510867e-06
4.00094401e-05
8.15978401e-05
9.263695399e-05
8.073831281e-05
9.8395922e-05
3.189753487e-05
3.253977284e-05
3.067869691e-05
2.31797381e-05
1.16415766e-05
2.249247487e-06
2.636530646e-07
1.498318146e-09
3.476120773e-06
1.706978153e-05
3.518274444e-05
5.340465749e-05
5.461958874e-05
3.799385034e-05
2.096671306e-05
1.423654093e-05
1.307048453e-05
1.550064504e-05
1.779104349e-05
1.522023303e-05
4.00441797e-05
3.25396673e-06
4.313238688e-05
0.0001103802644
0.0001317210278
2.99864989e-05
2.595040998e-05
2.648407683e-05
2.792053834e-05
3.073447032e-05
2.935657828e-05
2.027851029e-05
7.256194304e-06
4.507459641e-07
1.603970882e-06
1.828066032e-05
4.27136219e-05
5.882606582e-05
5.262583468e-05
3.268818243e-05
1.835672894e-05
1.215403901e-05
8.548595652e-06
6.294702248e-06
2.033763485e-06
6.119705739e-05
6.654316355e-06
4.61083719e-05
0.0001208863478
0.0001398891566
1.230340273e-05
3.337859631e-06
2.198770974e-05
2.140291203e-05
2.357925723e-05
2.926607511e-05
2.867940372e-05
1.569330784e-05
1.614898875e-07
5.707526539e-07
9.727065721e-06
1.697792297e-05
3.908208391e-05
5.367944645e-05
4.448708567e-05
2.658084361e-05
1.322383927e-05
4.030390713e-06
6.343068565e-07
1.056543251e-07
1.999394448e-05
2.955850507e-05
8.243930646e-05
0.0001139578899
9.878045398e-05
1.318946688e-05
8.028744803e-06
1.980076781e-05
3.635818306e-05
1.573438079e-05
1.878506164e-05
3.150455799e-05
3.341513508e-05
1.09689753e-07
8.07314003e-06
9.69556279e-06
1.971929804e-05
2.748890364e-05
2.008473849e-05
7.987328458e-06
1.544330668e-06
1.477881285e-07
3.446828699e-09
4.069349866e-06
0.0001024236269
0.0001363336418
9.57832152e-05
4.612812115e-05
4.242592242e-06
1.28841903e-06
1.416664956e-06
1.645417824e-05
3.24577468e-05
2.69092414e-06
1.728498842e-05
5.231956579e-05
6.460407711e-06
6.134234839e-06
6.131763312e-06
5.251781475e-06
2.988803962e-06
1.144819387e-06
1.684744464e-07
7.404431242e-10
8.230179087e-07
0.0001645608115
0.0001292546921
6.855642921e-05
8.117375504e-06
1.070145851e-06
5.402293619e-07
4.41649011e-07
7.904369797e-07
2.746725025e-06
7.472642376e-06
1.814033612e-05
2.573335558e-06
1.266932939e-06
4.966472277e-07
1.787441303e-07
1.202128833e-07
2.987170392e-08
8.405004908e-08
0.0001156145162
8.327653004e-05
2.648394527e-05
1.979099013e-06
5.188667746e-07
2.508987062e-07
5.835335341e-07
2.68001647e-06
9.417810795e-06
2.26859283e-05
3.401047501e-07
1.189471176e-07
3.961651125e-08
8.303546944e-08
5.044523487e-07
2.367342801e-06
2.706382253e-05
4.930498226e-05
1.068303333e-05
8.386475559e-07
4.087258602e-07
6.859843743e-07
2.310924866e-06
6.909333167e-06
2.013273637e-07
6.959798813e-06
2.109325574e-05
4.27842937e-06
2.522413679e-05
1.948484728e-05
4.32715752e-06
1.62325828e-06
1.410992205e-06
0.0001695465878
0.0001733688656
0.0001724944301
0.0001650864994
0.0001484628596
0.0001352734091
0.0001286502715
0.0001002525132
8.321696533e-05
7.506071682e-05
6.06673754e-05
4.897062603e-05
5.203545252e-05
4.353742092e-05
2.978947094e-05
3.452566744e-05
2.746113181e-05
2.173010586e-05
1.875965149e-05
1.466408242e-05
1.127537853e-05
7.56493078e-06
4.787509534e-06
0.0001546760366
0.0001525902262
0.0001521863084
0.0001564686888
0.0001557330099
0.0001624235522
0.0001694538606
0.000169884349
5.42747998e-06
9.541999683e-06
6.756166821e-06
4.448381394e-05
1.460409685e-05
1.263032829e-05
2.417650252e-05
5.104772453e-05
0.0001483254726
0.0001596159441
0.0001642464859
0.000159161688
8.638349205e-05
0.0001235585789
0.0001429576213
8.553877847e-05
7.843294536e-05
0.000106517057
0.0001106281994
0.0001346255204
0.0001509735122
0.000149064299
7.574007192e-05
5.753026048e-05
6.303708129e-05
4.954703306e-05
4.585395667e-05
3.109679325e-05
4.554743323e-05
4.939494565e-05
3.234548391e-05
4.075371698e-05
2.164859518e-05
2.314195729e-05
2.333174692e-05
7.775917372e-05
8.82226251e-05
2.418079747e-05
2.38160744e-05
2.588882673e-05
2.442054586e-05
7.916211937e-05
9.094356034e-05
8.711299191e-05
0.0001055702421
2.986995504e-05
2.87080409e-05
2.657898525e-05
0.0001006333215
0.0001387366363
0.0001316458417
3.439911134e-05
3.323605251e-05
4.156169868e-05
3.777403458e-05
3.043849117e-05
3.362566765e-05
2.828625998e-05
3.508395283e-05
5.526942619e-05
4.779712203e-05
4.124013846e-05
2.869985541e-05
2.848956266e-05
1.635502314e-05
7.338796105e-06
1.742155686e-05
5.286219588e-06
6.274767121e-05
5.430004075e-05
3.386216038e-07
7.905056927e-05
7.871522043e-05
7.131576168e-05
5.991969854e-07
7.264443226e-07
6.917518357e-05
7.847519826e-05
8.040906009e-05
1.136535661e-05
2.613283505e-05
5.131961105e-06
4.289517879e-05
5.895714696e-05
6.915560083e-05
7.17460236e-05
5.427549778e-05
6.566335297e-05
8.135046262e-06
1.628395141e-05
6.533485037e-05
2.289128258e-05
2.245358446e-05
2.091289023e-05
9.442427218e-06
7.652318938e-06
1.33532785e-05
4.333910842e-05
4.636590459e-05
3.642677879e-05
1.780579386e-06
3.590925099e-06
1.825199243e-05
5.152980821e-05
5.719261256e-06
3.080349609e-06
4.26501322e-10
9.697814383e-06
1.929791122e-05
2.551097421e-05
2.153397826e-05
0.0001419860869
0.0001487262227
5.610866824e-05
2.996870243e-05
3.151946751e-05
2.931538943e-05
9.907133014e-05
0.0001480083119
0.0001508561172
1.951921941e-05
2.694849197e-05
4.69125217e-06
1.517914024e-05
1.884117179e-05
2.506145815e-05
1.447711238e-06
1.939225688e-06
1.91493516e-06
1.387586405e-05
1.217853961e-05
1.941987367e-05
3.038739389e-05
3.197746596e-08
6.770687864e-08
4.324758435e-07
8.982481305e-06
1.118025775e-05
8.897007762e-07
1.05136578e-13
7.086611584e-06
8.195768248e-06
1.366489412e-05
8.529157825e-05
6.473542899e-06
6.289571911e-06
6.374930593e-06
6.081062463e-06
6.099361993e-06
1.531662276e-05
1.976042149e-05
1.131570471e-05
2.423183591e-05
2.408626201e-05
4.428434589e-06
1.516209625e-06
9.252165006e-07
1.815268315e-06
1.548315469e-05
1.963107557e-05
1.711308821e-05
2.096304213e-07
9.078889883e-08
5.626763307e-08
7.057684372e-08
3.345909717e-08
2.984328855e-08
3.368649427e-08
1.190845135e-06
1.898875846e-06
1.29794562e-06
2.86317899e-06
4.304598881e-06
4.24439331e-06
1.07918296e-05
3.498456647e-08
1.423200094e-06
3.040155551e-05
2.04859136e-05
2.803678381e-05
1.044021037e-05
8.689721756e-06
5.279003405e-06
9.643267412e-06
1.486616766e-05
1.720973034e-05
3.114757728e-05
3.550678576e-05
2.442049928e-05
1.063531883e-05
6.161999355e-06
6.476531213e-06
2.466153383e-06
1.276821586e-06
0.000174401686
0.0001739695489
0.0001786105102
0.0001670514022
0.0001521480888
0.0001587155564
0.0001286522599
9.838926697e-05
0.0001057162126
7.39081839e-05
6.567010629e-05
6.646206026e-05
6.806267943e-05
7.101707466e-05
5.843718194e-05
6.66745021e-05
5.474311018e-05
3.839857144e-05
3.345546285e-05
1.516691734e-05
1.224024073e-05
9.080264804e-06
6.388904926e-06
5.920010941e-06
0.0001613957728
0.000156310909
0.0001554556747
0.0001522396591
0.0001508871
0.0001548343132
0.0001514699192
0.0001517432013
0.0001629098871
0.0001492451075
0.0001436231453
0.0001606847932
0.0001282239242
0.0001094132891
0.0001335169864
8.607968097e-05
6.207242596e-05
8.166691344e-05
4.867835036e-05
5.279348844e-05
5.993940539e-05
6.820227752e-05
8.343107095e-05
7.932329691e-05
8.884570563e-05
8.440579191e-05
7.14837321e-05
6.87492154e-05
3.833355647e-05
2.457278543e-05
2.295485051e-05
1.893698285e-05
1.088720317e-05
2.247513843e-05
3.580448093e-05
1.862878655e-05
7.192283733e-05
3.160783711e-05
2.291808766e-05
3.997311497e-05
5.634047304e-05
6.295017302e-05
0.0001590407501
0.0001584752344
0.0001648647421
0.0001529175783
0.0001454012549
0.0001535881036
0.0001380946637
0.0001319758289
0.0001436284771
0.000126830884
0.0001231163513
0.0001376163224
0.0001293018028
0.0001776542345
0.0001396115301
8.538202702e-05
6.573074406e-05
8.531076247e-05
4.797703528e-05
3.578285444e-05
4.551155431e-05
3.508384418e-05
4.698784599e-05
4.775273556e-05
6.673255617e-05
8.539178547e-05
8.464159584e-05
9.480379823e-05
9.652905335e-05
9.208050537e-05
8.922539899e-05
6.269617831e-05
5.141910277e-05
3.544923374e-05
3.45731103e-05
2.736827952e-05
5.388744436e-05
6.768277654e-05
5.516917416e-05
6.835717634e-05
4.323838967e-05
3.902466232e-05
4.13794878e-05
5.076147886e-05
5.528168016e-05
6.913327472e-05
8.517619029e-05
0.0001005506681
7.159436441e-05
9.42020849e-05
0.0001049599925
0.0001111030686
0.0001212719973
0.0001401710235
0.000124900234
0.0001230751374
0.0001442531293
0.0001175500535
0.0001102183414
0.000130740528
0.0001027537656
9.692203585e-05
0.0001158209119
9.986487845e-05
0.0001325221662
0.0001180556972
0.0001704414254
0.0001475916269
0.0002073158548
0.0001250367385
6.644219197e-05
5.630144276e-05
4.100711751e-05
3.794025827e-05
3.373377497e-05
4.533286595e-05
6.40595501e-05
5.137996665e-05
8.975563906e-05
0.000105496474
9.03458152e-05
0.0001013186135
0.0001064681395
0.0001013235355
9.700682053e-05
9.659594105e-05
7.744698697e-05
4.292350774e-05
4.534368759e-05
4.080095396e-05
6.19514741e-05
6.081668534e-05
6.917929121e-05
4.509975729e-05
3.933872078e-05
4.328557232e-05
2.371175677e-05
3.004207483e-05
4.140676585e-05
4.512665344e-05
6.464568798e-05
7.618664668e-05
8.028677556e-05
7.688447008e-05
6.264273242e-05
5.099778974e-05
3.245528523e-05
3.618250791e-05
3.026782216e-05
4.14693609e-05
4.516420395e-05
5.385455327e-05
6.406134445e-05
7.949709052e-05
7.083077449e-05
7.40306222e-05
9.787479091e-05
7.398241658e-05
7.135174362e-05
9.744483522e-05
6.715459884e-05
6.278407702e-05
8.629392141e-05
6.001987793e-05
6.071781435e-05
7.641222484e-05
6.55524381e-05
7.247610004e-05
7.409894675e-05
7.854477167e-05
8.529055733e-05
0.0001033699768
6.96567037e-05
6.13811369e-05
5.411120248e-05
5.565931704e-05
6.108441447e-05
4.67284604e-05
8.830793637e-05
0.0001230209023
9.186089273e-05
0.000130110296
0.0001102020198
0.000122420118
8.494157161e-05
7.92342445e-05
0.0001021092076
5.952062374e-05
8.09105945e-05
0.0001020713812
7.517240517e-05
5.156735613e-05
4.805118923e-05
4.273181061e-05
3.163021139e-05
4.669957689e-05
2.302819313e-05
2.363106954e-05
3.199175637e-05
8.751183128e-06
1.482178036e-05
2.036644194e-05
2.4370179e-05
3.888022855e-05
5.089792835e-05
6.292709204e-05
9.203892197e-05
8.937696919e-05
9.944688912e-05
7.653779184e-05
4.778570211e-05
5.614282949e-05
5.796255162e-05
5.01933767e-05
2.990119875e-05
3.465215192e-05
3.780555838e-05
3.853081275e-05
4.067535727e-05
5.061763829e-05
4.090637916e-05
3.943057327e-05
5.372652657e-05
3.672589014e-05
3.359192325e-05
4.909832327e-05
3.138245913e-05
3.239084307e-05
4.380787117e-05
3.924789995e-05
5.127154202e-05
5.246351651e-05
6.231067951e-05
6.666368663e-05
7.282611201e-05
6.4026227e-05
5.802417592e-05
7.345653623e-05
5.343255484e-05
5.547820221e-05
6.225281143e-05
7.036565908e-05
9.557102735e-05
8.163071034e-05
0.0001028496705
7.704262779e-05
0.0001181271232
4.529243414e-05
2.97884408e-05
6.747263463e-05
3.401562369e-05
3.071267e-05
4.940539389e-05
1.593594927e-05
2.472816756e-05
4.901125235e-05
0.0001065327745
8.366298798e-05
6.1739355e-05
3.088061927e-05
1.09893193e-05
1.921861859e-05
9.327201278e-06
1.333551048e-05
1.702130604e-05
6.26839659e-06
1.936643018e-05
1.432097535e-05
3.121303888e-05
3.53470414e-05
3.280592875e-05
4.34211659e-05
6.974588059e-05
8.391440872e-05
0.0001073979555
0.0001234722585
0.0001064893875
0.0001224849394
8.321603517e-05
6.516176544e-05
2.742261098e-05
2.719676332e-05
2.733499927e-05
2.79161608e-05
2.921581769e-05
3.186692674e-05
3.048995273e-05
3.099550415e-05
3.434309792e-05
3.012791081e-05
2.781149803e-05
3.12650868e-05
2.474925171e-05
2.266660836e-05
2.523355948e-05
2.462185428e-05
3.293159899e-05
2.940646056e-05
4.277079761e-05
4.566873318e-05
5.105049334e-05
4.062952761e-05
3.204364833e-05
5.06625677e-05
2.418376494e-05
2.029044513e-05
3.663700917e-05
2.48538024e-05
4.281106201e-05
4.766566061e-05
6.382568437e-05
6.363038275e-05
8.69413215e-05
4.10574652e-05
1.853016727e-05
3.842545452e-05
7.207442291e-06
3.931754631e-06
1.120270526e-05
1.397966867e-05
2.775771888e-05
2.620447365e-05
7.654621384e-06
4.847917294e-06
1.120700676e-05
5.792000796e-05
0.000104408243
0.0001058787247
7.743111412e-05
5.685508634e-06
6.690568155e-06
4.370422081e-06
1.337196902e-05
1.232382818e-05
1.436724091e-05
4.648308418e-05
3.041999723e-05
7.273830379e-05
6.976818196e-05
4.78785691e-05
4.589040207e-05
4.432495207e-05
5.549374318e-05
6.616225011e-05
8.920535003e-05
0.0001143728501
9.790287844e-05
9.158511457e-05
0.0001109496985
8.086025857e-05
8.615356575e-05
0.0001094419676
3.030627766e-05
2.589654286e-05
2.852088869e-05
2.30342069e-05
2.207368442e-05
2.513205003e-05
2.314464084e-05
2.589338419e-05
2.697898721e-05
2.915466465e-05
3.124365869e-05
3.009086235e-05
3.107783669e-05
2.902072406e-05
2.74971675e-05
2.711576388e-05
2.877645843e-05
2.43791591e-05
3.508305522e-05
3.891258526e-05
3.787699625e-05
3.41203102e-05
2.482279862e-05
3.547666266e-05
1.65187273e-05
1.090552907e-05
1.831173835e-05
7.863980501e-06
8.066454707e-06
1.20045542e-05
1.444854971e-05
2.631933876e-05
3.682201963e-05
3.272727351e-05
2.849554991e-05
4.239131988e-05
1.983608147e-05
1.217189601e-05
1.155866912e-05
3.219923509e-06
9.713931109e-07
1.490497822e-06
4.978532127e-06
1.592409882e-05
2.46568424e-05
8.073989111e-06
1.418361582e-06
2.22056752e-06
2.343272447e-05
5.99418851e-05
8.346243728e-05
9.853227893e-05
1.36599418e-05
9.245750824e-06
3.984992608e-06
1.922332997e-05
1.598001495e-05
4.774557042e-05
7.710521887e-05
6.419160292e-05
0.0001121609972
0.0001209132303
9.671724101e-05
4.801708076e-05
2.501247236e-05
3.492540599e-05
3.058773689e-05
3.711161246e-05
6.061776617e-05
4.020946262e-05
2.998154389e-05
5.599502048e-05
2.052575798e-05
2.326975832e-05
3.618915355e-05
3.072445436e-05
3.501879476e-05
6.324798917e-05
2.319784687e-05
1.852896266e-05
2.20245465e-05
1.686485671e-05
1.842065637e-05
1.9437194e-05
2.301910327e-05
2.902664147e-05
2.662433382e-05
3.35816838e-05
3.480322892e-05
3.34944758e-05
3.302455942e-05
3.041746e-05
3.073781e-05
3.012097436e-05
3.322575774e-05
3.29078107e-05
3.405217387e-05
2.751450029e-05
3.469836106e-05
1.841401203e-05
1.199570393e-05
1.686670179e-05
8.45581029e-06
6.284214736e-06
7.649944096e-06
4.561776843e-06
3.21367007e-06
5.149495531e-06
2.522424763e-06
2.694495894e-06
1.307234199e-05
4.273070722e-06
9.439623551e-06
1.922695673e-05
2.787265638e-05
8.943221988e-05
2.540404115e-05
3.737615288e-05
7.584102339e-06
1.264450174e-06
9.610898035e-06
6.597900994e-06
8.366485734e-06
4.023813226e-06
2.398392289e-06
1.304647859e-06
6.01129192e-05
4.122737035e-05
4.569128075e-05
4.62272106e-05
7.305517882e-06
1.16112242e-05
4.791558788e-06
1.083364783e-05
1.884576164e-05
3.364761835e-05
5.030768648e-05
7.465726305e-05
8.11834262e-05
0.0001135530045
0.0001319141633
5.715127698e-05
2.090274299e-05
1.686822002e-05
2.388556883e-05
2.037866169e-05
2.329522889e-05
1.241553903e-05
1.285509298e-05
1.261280914e-05
1.964140442e-05
2.745384568e-05
2.320810117e-05
3.305287067e-05
3.936740131e-05
3.695073717e-05
2.100872326e-05
1.777201544e-05
1.672260299e-05
1.906944872e-05
2.416819772e-05
1.981781377e-05
3.022383264e-05
3.351251928e-05
3.179061554e-05
3.251491906e-05
2.840830554e-05
3.313444591e-05
2.357433173e-05
2.046278494e-05
2.661705231e-05
2.055249112e-05
2.170222794e-05
2.869316352e-05
1.906523387e-05
1.318564403e-05
2.000160746e-05
8.422545242e-06
5.939759562e-06
8.899026537e-06
4.597808597e-06
3.525231104e-06
5.246714618e-06
2.655175846e-06
2.262886172e-06
2.765350806e-06
2.451195313e-06
3.173608961e-06
2.507845939e-06
5.324598418e-06
1.299174006e-05
6.471880962e-06
4.525597418e-05
0.0001917416273
0.0001906927273
0.0002453271103
0.0002101867591
7.29419194e-05
0.0001558552976
0.0001558150216
2.991278072e-05
0.0001693452493
0.0001903957389
2.305484919e-05
0.0001049583083
5.368469707e-05
4.360703783e-05
3.047107948e-05
1.702986525e-05
9.625887775e-06
1.035512277e-05
9.506252733e-06
7.091557292e-06
1.322469419e-05
2.27510499e-05
2.70223314e-05
4.350701035e-05
8.057479339e-05
9.072212038e-05
8.424863497e-05
2.671981632e-05
2.345397621e-05
1.86015004e-05
1.856266784e-05
1.570814111e-05
2.249119671e-05
2.755666068e-05
1.97883632e-05
3.422345292e-05
4.142811711e-05
3.329037368e-05
4.431815113e-05
4.011755387e-05
4.005786863e-05
5.211155559e-05
4.246587685e-05
3.273782235e-05
3.725221432e-05
3.749685758e-05
2.37019335e-05
4.135002367e-05
4.430674462e-05
3.210381724e-05
4.24834302e-05
3.563396386e-05
3.436342837e-05
2.646192367e-05
1.827576408e-05
2.271598715e-05
1.409385276e-05
1.741405388e-05
1.555267794e-05
2.558293937e-05
2.528128513e-05
1.59107872e-05
1.575161417e-05
7.638927606e-06
6.840363416e-06
3.568828925e-06
1.899612681e-06
2.547333326e-06
1.305334941e-06
1.252155841e-06
1.381942056e-06
1.563053787e-06
2.257841375e-06
1.441806634e-06
3.83116704e-06
9.198190166e-06
4.49827798e-06
3.14952763e-05
7.948863779e-05
3.681583306e-05
0.0001332296376
0.0001817952805
0.0001954558594
0.0002083692913
0.0001982538636
0.0002165220145
0.0001923044096
0.0001799892834
0.0002002107965
0.000160312098
0.0001365778105
0.0001516420527
0.000110490784
8.014282265e-05
6.094014701e-05
4.395555373e-05
3.285357962e-05
2.394494832e-05
2.883747861e-05
2.962210403e-05
1.643911107e-05
3.409216442e-05
4.169152828e-05
2.985342645e-05
5.419240427e-05
7.091984688e-05
7.438735719e-05
7.092819355e-05
4.851745027e-05
3.62675604e-05
3.766459879e-05
3.6163356e-05
2.418845294e-05
4.077307564e-05
5.146186605e-05
3.488202868e-05
6.643035676e-05
6.788177894e-05
5.348637449e-05
4.88443148e-05
2.227228312e-05
3.742477057e-05
3.008778834e-06
3.248048673e-07
1.877026244e-06
7.598939818e-05
7.706381867e-05
5.814300077e-05
8.104003136e-05
8.432366574e-05
5.98415961e-05
8.151895892e-05
7.014142161e-05
5.924130681e-05
5.274897155e-05
3.475330907e-05
3.688217447e-05
2.05455563e-05
1.138382487e-05
1.449345194e-05
6.186326763e-06
3.534468724e-06
5.739573717e-06
3.268773652e-06
9.160675678e-06
2.012697302e-05
2.599032224e-05
3.449900675e-05
2.061744571e-05
2.598922159e-05
1.571889992e-05
5.350417254e-06
9.764672783e-06
7.475616699e-06
2.814952489e-06
7.776124844e-06
1.105538713e-05
5.631171722e-06
2.033939121e-05
4.434954751e-05
2.994170569e-05
9.534828005e-05
0.000145963881
0.000121354158
0.000153424438
0.0001347956237
0.0001629184397
0.0001602220042
0.0001735437203
0.0001834650244
0.0001842301271
0.0001902479353
0.0001833882426
0.000197822952
0.000209009791
0.0001703737426
0.0002068094553
0.0001726857321
0.0001266944825
0.0001010458699
8.282171215e-05
5.306208967e-05
7.053819145e-05
6.391901973e-05
4.750060705e-05
6.129007285e-05
6.116034732e-05
5.378717623e-05
6.265083707e-05
6.347340101e-05
6.839116255e-05
6.083617009e-05
5.698072921e-05
5.668025512e-05
5.666602805e-05
5.808146438e-05
5.466573578e-05
6.047523125e-05
6.280479053e-05
8.352199867e-05
6.371702632e-05
5.962007478e-05
6.714331633e-05
4.717932503e-05
2.955259958e-05
9.112081258e-06
3.924685817e-06
8.928457727e-07
5.764305768e-08
9.014358594e-05
0.0001015064506
9.305203542e-05
0.0001068467277
0.0001005337272
9.9811352e-05
8.180592326e-05
5.646733485e-05
6.92506939e-05
3.300717346e-05
1.688952721e-05
2.710000935e-05
8.238961379e-06
4.302828117e-06
7.710959092e-06
2.596288914e-06
1.746262037e-06
2.461669882e-06
1.182158156e-06
1.094902625e-06
3.409474789e-06
2.697500556e-06
1.334085581e-05
3.930540452e-05
4.70057596e-05
7.529968647e-05
4.379273379e-05
7.634539669e-05
6.762813635e-05
2.589659441e-05
5.225518502e-05
5.001591763e-05
2.764372848e-05
5.423747566e-05
5.725023578e-05
7.499944882e-05
4.583142613e-05
2.932238136e-05
0.0001071768543
2.42274435e-05
6.264460809e-05
0.0001016918499
0.0001417170187
0.0001629631484
0.0001649539375
0.0001679045561
0.0001800417868
0.0001922074687
0.0001760752306
0.0001433795297
0.0002017890277
0.0001059122749
0.0001171164689
0.0001686244334
0.0001582269695
0.0001444399692
0.000113153465
0.0001028792662
7.724549764e-05
7.329904952e-05
6.684475135e-05
6.228219468e-05
6.227159767e-05
5.874901308e-05
5.488489482e-05
5.71839273e-05
5.052194021e-05
4.595279667e-05
5.101762064e-05
4.147444227e-05
3.727044351e-05
4.869529728e-05
3.365855671e-05
3.079937794e-05
4.846765861e-05
2.869814591e-05
2.715912992e-05
4.603800281e-05
2.541341641e-05
2.173629067e-05
2.927458789e-05
9.277211973e-06
4.788327655e-06
2.270366502e-06
7.448279188e-05
8.298707389e-05
9.817548377e-05
7.941735358e-05
6.368828473e-05
8.676977177e-05
4.177510505e-05
2.214617494e-05
3.823959846e-05
9.67842703e-06
3.737424201e-06
8.596910224e-06
1.484083951e-06
8.183825044e-07
2.041705612e-06
7.469985661e-07
1.009153226e-06
1.348372843e-06
1.768668336e-06
1.868816035e-06
8.570939508e-07
4.474010209e-07
3.217376728e-07
8.821679635e-07
6.188714457e-07
3.176318267e-06
3.022992582e-05
2.555117002e-05
0.0001008672282
0.0001423347521
0.000113705892
6.606710421e-05
9.718188191e-05
4.017923713e-05
2.234469793e-05
2.068125167e-05
1.330406187e-05
1.010013542e-05
2.502165615e-06
1.303528865e-05
3.696242796e-05
3.088955398e-05
8.536360315e-05
0.0001160772996
0.0001917694798
0.000144874708
0.0001468233025
0.0001629844998
0.0001010462802
3.962656531e-05
7.962229408e-05
1.235597454e-05
1.841317802e-05
6.065812045e-05
0.0001378317711
0.000274084887
0.0001925929261
0.0001525675156
9.00261064e-05
8.175502889e-05
7.470364176e-05
7.220158793e-05
6.571821168e-05
7.00304923e-05
6.598531982e-05
5.845642341e-05
6.024313307e-05
5.317709717e-05
4.684306826e-05
4.527133623e-05
3.713305035e-05
3.355730409e-05
2.941170897e-05
2.270479279e-05
2.268108724e-05
1.749373646e-05
1.417624868e-05
1.703566885e-05
1.354333113e-05
1.871981788e-05
1.600370702e-05
3.00462716e-05
3.527821319e-05
1.333665598e-05
3.278737845e-05
5.336662968e-05
8.623729784e-05
6.233188429e-05
5.277371853e-05
4.590693101e-05
3.61460561e-05
2.103931095e-05
1.078863656e-05
1.063459229e-05
5.039900738e-06
1.187771842e-06
2.764441801e-06
2.298721138e-06
1.639127425e-07
3.244056118e-06
9.218711163e-06
1.522390665e-07
3.713347918e-05
7.581062144e-05
2.702805903e-05
7.145056178e-05
5.667446e-05
1.91812835e-06
4.182716482e-05
2.641606855e-05
1.500814358e-05
1.371735228e-05
6.635995474e-06
2.66873228e-05
5.303998726e-06
9.620955549e-06
2.772700821e-05
1.591469422e-05
2.07681259e-05
2.392093296e-05
2.420655356e-05
2.435204255e-05
1.740413865e-05
1.969662199e-05
1.603725234e-05
2.360218656e-05
5.277570028e-05
9.607015749e-05
0.0001057472959
0.0001235910966
9.85056388e-05
0.0001272183356
4.382178289e-05
1.084154957e-05
1.995358029e-05
1.89228672e-06
6.663030454e-07
1.351197229e-06
2.892176819e-05
0.0003055283916
0.0003485749572
0.0002607425716
0.0001100582153
0.0001003541035
8.550569703e-05
8.283578032e-05
7.87667005e-05
8.285189883e-05
8.106852045e-05
7.438784729e-05
7.722286787e-05
7.14225096e-05
6.219500491e-05
6.387748429e-05
5.499253223e-05
4.499078985e-05
4.544377232e-05
3.63105969e-05
2.766984955e-05
2.950686183e-05
2.882144937e-05
1.738189432e-05
3.896722443e-05
5.42457497e-05
3.820160933e-05
5.69096421e-05
1.989500959e-05
4.347948422e-05
6.035649609e-06
7.062381124e-06
1.65852345e-05
1.261756244e-05
2.556108454e-05
3.768901506e-05
4.148608445e-05
4.764239747e-05
3.189789006e-05
4.048659821e-05
2.872884388e-05
1.31606527e-05
2.109735889e-05
1.846419822e-05
8.297450317e-06
1.950853111e-05
2.114845088e-05
1.584607445e-05
2.057842124e-05
1.857338252e-05
4.261858206e-05
1.988255263e-05
2.786815675e-05
5.294034121e-05
3.132723848e-05
2.589051846e-05
2.960462519e-05
1.637386626e-05
7.956076493e-06
7.65240912e-06
2.928163782e-06
1.780231561e-06
3.757919147e-06
3.558338484e-06
6.090580964e-06
1.284790923e-05
9.693251968e-06
1.414264505e-05
2.539219264e-05
1.689373517e-05
7.096872762e-06
1.088776512e-05
2.294468999e-05
4.93940894e-05
8.001343155e-05
5.321551132e-05
3.471592473e-05
6.417189998e-05
1.672159802e-05
5.800112962e-06
6.764017177e-06
9.761901725e-07
1.461506993e-06
8.11965856e-07
1.918709393e-05
0.0001032830063
0.0001937337338
0.0002124373253
0.0001263541278
0.0001196657743
9.941823237e-05
8.289260683e-05
8.373308882e-05
8.115627773e-05
8.348233182e-05
8.438506844e-05
8.461553323e-05
8.391728182e-05
7.912250979e-05
8.116556222e-05
7.642632493e-05
6.587442995e-05
7.05335213e-05
6.551180539e-05
4.903828941e-05
6.330059948e-05
6.090108117e-05
4.667203485e-05
5.142776941e-05
3.79167359e-05
5.027844762e-05
2.980061264e-05
3.107519962e-05
1.868269769e-05
2.214342312e-06
3.07105276e-06
3.12645441e-06
5.263913682e-06
1.31202702e-05
1.818535824e-05
3.755757082e-05
7.221369233e-05
6.446619017e-05
8.557801845e-05
7.687128361e-05
5.310993499e-05
6.17545271e-05
4.790666784e-05
3.294899736e-05
3.758191651e-05
2.830680236e-05
2.511646442e-05
1.952774006e-05
1.204127297e-05
1.300530425e-05
6.910065518e-06
4.485490948e-06
8.850993125e-06
4.111234186e-06
5.092017138e-06
1.448222608e-05
5.724736335e-06
4.521362466e-06
7.110626538e-06
2.242348151e-06
7.827366427e-07
1.057406423e-06
9.508627169e-07
1.176473633e-06
2.66985642e-06
1.526926798e-06
2.084181565e-06
5.494232796e-06
3.039259291e-06
2.435338839e-06
3.757615013e-06
4.374121004e-06
1.085812422e-05
1.036834285e-05
2.242083255e-05
2.00444359e-05
2.168348931e-05
1.160449913e-05
2.547172869e-05
3.093669928e-05
3.260518896e-05
1.084333175e-05
4.529222836e-06
1.028447149e-06
2.105913381e-05
6.723263845e-05
4.248861803e-05
0.000114616113
0.0001218938387
0.0001694201426
8.537298102e-05
8.308740693e-05
6.469973131e-05
6.889651572e-05
7.81643065e-05
7.479270861e-05
8.019291717e-05
8.458845067e-05
8.471919338e-05
8.809762202e-05
8.478403735e-05
9.043438408e-05
9.136993499e-05
8.187778433e-05
8.68681197e-05
7.013032867e-05
6.710241228e-05
4.35519541e-05
1.938581187e-05
2.599400396e-05
8.123258157e-06
2.380763296e-05
4.032497197e-05
8.523844021e-06
1.581574774e-05
7.946397742e-06
2.93157102e-05
4.737618529e-05
3.343278739e-05
6.290513217e-05
6.885896484e-05
7.051890439e-05
6.347048043e-05
5.520727979e-05
6.929708677e-05
5.266825705e-05
4.894473076e-05
5.391125455e-05
4.125901948e-05
3.065422092e-05
3.036497908e-05
2.037779742e-05
1.236854078e-05
1.203806223e-05
7.086241297e-06
4.041092214e-06
3.872173251e-06
2.385935067e-06
1.585862469e-06
2.112578615e-06
1.315674303e-06
1.214928189e-06
2.201765582e-06
9.539104394e-07
6.12730428e-07
6.445793313e-07
5.716688797e-07
6.05442208e-07
7.123775102e-07
7.240586449e-07
8.723140186e-07
1.096227016e-06
1.069257429e-06
2.225136052e-06
2.306528065e-06
2.319003507e-05
6.537765824e-05
4.240965334e-05
7.050680854e-05
4.88803199e-05
2.335316022e-05
2.901529248e-05
2.480887139e-05
1.944029119e-05
3.343299439e-05
2.704613702e-05
1.974685042e-05
2.319854331e-07
1.095850724e-05
8.057032918e-07
0.0001223794147
0.000329861668
7.941779854e-05
9.447401076e-05
4.037215041e-05
8.046365588e-05
3.976715114e-05
4.411218637e-05
5.688560294e-05
4.955499503e-05
5.653842497e-05
7.048433214e-05
6.482761852e-05
7.391987446e-05
8.394967503e-05
8.313425758e-05
9.175735695e-05
9.039206861e-05
9.945840645e-05
0.0001068884121
8.187918405e-05
0.0001148556623
0.0001170405215
5.139597145e-05
8.476054891e-05
2.398248021e-05
1.014409981e-05
3.631071026e-05
4.797126902e-05
5.010589319e-05
5.63380304e-05
5.785940361e-05
6.292387462e-05
5.279719438e-05
4.467345282e-05
4.748649346e-05
3.721397481e-05
3.218974477e-05
3.946928026e-05
2.939961615e-05
2.576014459e-05
2.892140985e-05
1.99130897e-05
1.367705873e-05
1.290977767e-05
8.898831934e-06
5.908297224e-06
4.664630774e-06
4.214151531e-06
3.338767075e-06
1.982703121e-06
2.978724206e-06
2.88731676e-06
1.296909379e-06
2.749418484e-06
2.240859241e-06
8.467448726e-07
1.425428857e-06
8.662591199e-07
6.378601641e-07
7.670115318e-07
8.073690355e-07
8.043631278e-07
9.564100616e-07
2.157051801e-06
1.894088698e-06
2.283471793e-05
6.090518878e-05
6.874268093e-05
7.980848172e-05
8.402648339e-05
8.158976795e-05
7.937662796e-05
6.646011255e-05
4.648827869e-05
4.954492349e-05
3.692269864e-05
3.410465182e-05
2.542345592e-05
5.063901753e-05
0.0001285501288
3.979750161e-05
3.444584169e-05
5.637743821e-05
3.081167992e-05
2.924292405e-05
3.122947869e-05
2.670777924e-05
2.476411677e-05
3.257973843e-05
2.434232323e-05
2.603490242e-05
4.0562204e-05
3.018536657e-05
3.696166157e-05
5.708309027e-05
4.645153664e-05
5.869647079e-05
8.013109122e-05
7.363337923e-05
9.092207226e-05
0.0001036807302
0.000109615816
0.000127739578
0.0001130739322
3.407219102e-05
3.920736511e-05
4.461480845e-05
4.536719837e-05
4.990245618e-05
5.336146168e-05
5.007051035e-05
4.566708372e-05
4.41586594e-05
3.83262242e-05
3.040920435e-05
2.935234318e-05
2.426156113e-05
2.057696366e-05
2.251961617e-05
1.800770328e-05
1.522493232e-05
1.457949933e-05
1.252030526e-05
1.068800107e-05
8.043264206e-06
1.008636374e-05
1.080829879e-05
6.539088747e-06
1.281029494e-05
1.547526337e-05
8.529093681e-06
1.694808181e-05
1.496790694e-05
8.028955288e-06
9.8291016e-06
4.611607071e-06
1.864892043e-06
1.625029508e-06
1.084214904e-06
8.804641133e-07
1.541895053e-06
6.659278419e-06
3.882333013e-06
3.496998956e-05
6.380426986e-05
5.859214802e-05
7.049793613e-05
6.969366753e-05
7.247834765e-05
7.951114237e-05
7.773478043e-05
7.501505491e-05
8.362240005e-05
7.808160541e-05
4.897419586e-05
5.930120627e-05
3.707090917e-05
4.155388142e-05
3.377145899e-05
3.321828321e-05
3.260765633e-05
3.293648682e-05
3.132724992e-05
2.976073011e-05
2.85012707e-05
2.441220381e-05
2.230654021e-05
1.940976973e-05
1.425751738e-05
1.653698266e-05
1.015828831e-05
8.161755346e-06
1.897473516e-05
8.525665895e-06
1.117849512e-05
3.232018703e-05
1.628580071e-05
2.475600356e-05
5.95826988e-05
3.856170591e-05
6.133441225e-05
0.0001048918302
2.031326063e-05
2.885857498e-05
3.31444497e-05
3.865242269e-05
4.758068407e-05
4.83119874e-05
5.292998932e-05
5.328134152e-05
4.903927484e-05
4.868041139e-05
4.050973481e-05
3.440426192e-05
3.122545329e-05
2.335647688e-05
2.075540209e-05
1.82084487e-05
1.542964779e-05
1.534527157e-05
1.402157175e-05
1.342468045e-05
1.272685601e-05
1.361332851e-05
1.482275368e-05
1.400079367e-05
1.72127642e-05
2.007594871e-05
2.000447972e-05
2.256511615e-05
2.602547845e-05
2.538038509e-05
2.92017692e-05
3.140266687e-05
6.014917507e-05
1.558259186e-05
2.578111281e-06
1.567501665e-06
2.709211942e-06
9.770578434e-06
8.953161927e-06
4.275832296e-05
8.557936625e-05
7.372600103e-05
9.680458618e-05
9.67293207e-05
7.959964122e-05
0.0001126795719
8.450159294e-05
7.883481744e-05
4.800264033e-05
6.220890263e-05
0.0001052061971
9.002284157e-05
2.598721018e-05
3.187014027e-05
2.915706284e-05
3.010576005e-05
3.212960925e-05
3.081124952e-05
3.152642019e-05
3.216643948e-05
3.157029402e-05
3.004962384e-05
2.765492654e-05
2.676692483e-05
2.189312122e-05
1.763218446e-05
1.596417522e-05
9.872130475e-06
6.131237001e-06
4.684994951e-06
1.304094145e-06
5.956015929e-07
4.811533642e-07
1.980171142e-06
3.144117826e-07
3.243001515e-06
1.138075575e-06
1.351796042e-09
2.883926599e-05
4.008295811e-05
4.553864023e-05
5.049171223e-05
5.727863147e-05
5.671800969e-05
5.871035657e-05
5.441002266e-05
4.769406026e-05
4.569166116e-05
3.52493197e-05
2.833992976e-05
2.593653892e-05
1.935897734e-05
1.649660869e-05
1.548052298e-05
1.340326896e-05
1.326047387e-05
1.228738156e-05
1.18213583e-05
1.371783006e-05
1.226240327e-05
1.311684579e-05
1.742199633e-05
1.22720401e-05
9.916406477e-06
1.791122402e-05
5.593105943e-06
9.643579455e-07
2.573154242e-06
6.202299511e-05
1.195349005e-05
5.162673196e-06
4.147923091e-06
8.328869597e-06
9.234310881e-06
4.27841116e-05
0.0001063500418
9.68375713e-05
0.0001186379002
0.0001204029569
0.0001126766467
0.0001422966435
9.026612737e-05
9.32172639e-05
1.935549972e-05
3.191291998e-06
1.090013093e-05
1.275891827e-05
1.441953333e-05
2.101650191e-05
2.398780215e-05
2.50789303e-05
2.750086142e-05
2.440816272e-05
2.545994418e-05
2.922633554e-05
2.800787937e-05
2.995835141e-05
3.096186256e-05
3.039919476e-05
2.87581015e-05
2.573489885e-05
2.467580868e-05
1.830475332e-05
1.369499308e-05
1.07300771e-05
4.012445181e-06
2.447126505e-06
3.683563827e-07
1.111699108e-06
1.231321054e-06
3.03297937e-05
4.27493613e-05
5.305266355e-05
5.29434038e-05
5.790394831e-05
5.860268427e-05
5.642743273e-05
4.951517797e-05
4.297715461e-05
3.982846215e-05
3.026865925e-05
2.419972906e-05
2.257873048e-05
1.696513049e-05
1.46558059e-05
1.273019441e-05
9.105845313e-06
1.015990891e-05
5.810755104e-06
3.238378145e-06
7.493198537e-06
2.153588299e-06
1.644233739e-06
4.508027839e-06
6.108461096e-07
4.252978929e-07
6.284547234e-07
4.038124031e-05
4.874440173e-05
2.628174357e-05
1.351244093e-05
1.549118417e-05
9.048518649e-06
5.857752231e-05
0.0001220866261
0.0001145011721
0.0001188842068
0.0001099276168
0.0001184423434
0.0001234313325
5.545549606e-05
7.510846752e-05
1.31608842e-05
6.541694925e-06
4.793787932e-06
4.813821821e-06
5.337680617e-06
5.602495298e-06
9.744335313e-06
2.674438081e-05
2.388294308e-05
2.182107372e-05
1.83885329e-05
2.10233112e-05
1.844827021e-05
2.136471856e-05
2.674129984e-05
2.541672321e-05
2.923041844e-05
3.023573857e-05
3.141118451e-05
2.989177196e-05
2.377168249e-05
2.296505719e-05
1.130601881e-05
6.549705543e-06
9.705460003e-06
1.314334423e-05
2.679690536e-05
2.047742859e-05
3.09777539e-05
4.925921614e-05
4.006330375e-05
4.383550132e-05
5.152994802e-05
4.161973578e-05
3.515670078e-05
3.536727216e-05
2.696092495e-05
1.893291199e-05
1.921954795e-05
1.194247926e-05
6.340961697e-06
8.172793668e-06
2.565701614e-06
8.192609789e-07
1.480479317e-06
2.399439571e-07
8.135826965e-08
3.778663839e-07
1.885623323e-08
1.206261836e-07
2.424140073e-07
8.904712892e-06
0.0001011107663
7.536846273e-05
5.976944059e-05
6.770226429e-05
3.40225002e-05
0.0001125412083
0.0001359175666
0.0001295992086
0.0001060630353
8.563100366e-05
9.850514153e-05
7.296461272e-05
3.308802179e-05
4.127008472e-05
1.109194913e-05
5.563981092e-06
8.215280883e-06
4.240707189e-06
4.935942518e-06
1.125480704e-05
1.065832679e-05
3.061731234e-05
3.28724797e-05
5.728298281e-05
6.561504463e-05
2.639452361e-05
2.827707163e-05
8.795772826e-06
1.468562314e-05
1.032784195e-05
1.675773524e-05
2.48445329e-05
2.714893079e-05
3.868471647e-05
3.576765177e-05
4.617879623e-05
4.144266525e-05
2.105704054e-05
6.972502066e-06
7.362883211e-06
1.357142455e-05
8.515032495e-06
1.037597696e-05
2.53180742e-05
1.1999756e-05
1.204769629e-05
2.533724137e-05
1.013780722e-05
7.147171967e-06
1.3742819e-05
4.298389188e-06
2.325641903e-06
3.817742251e-06
1.15533505e-06
4.750560338e-07
5.475273871e-07
1.354803555e-07
2.022978744e-08
2.737238074e-08
6.599509679e-10
2.190775694e-08
5.410604139e-08
1.883865506e-06
0.0001254521029
0.0001202187376
0.0001438302172
0.0001349270996
0.0001074881693
0.0001422736503
0.0001308064979
0.0001371559483
8.286893684e-05
4.792520066e-05
6.936480041e-05
2.048645292e-05
6.251880997e-06
1.848709091e-05
2.035552195e-06
1.074430671e-06
1.778974588e-06
8.097995902e-07
6.503480965e-07
1.082393675e-06
5.646218547e-07
6.043314516e-07
5.015629782e-06
1.105063969e-06
1.989460438e-06
3.29288479e-05
2.542802404e-06
3.174348565e-06
7.44383065e-06
4.123825509e-06
5.485206361e-06
6.557137859e-06
7.498016522e-06
1.187929392e-05
3.245487819e-05
5.410543571e-06
4.875142087e-06
5.949592868e-06
4.239363137e-06
3.435707076e-06
4.151518186e-06
2.474506496e-06
1.430904095e-06
1.971150169e-06
7.826520514e-07
7.844254779e-07
5.320228804e-07
3.154258149e-07
8.105445172e-08
2.79593454e-08
1.013194614e-08
2.208953795e-09
7.704315759e-09
3.067203446e-07
8.266464318e-05
0.0001117376932
0.000153568056
0.000118918465
0.0001377900114
0.0001062299131
9.994827201e-05
0.0001174465867
4.880021966e-05
9.529360866e-06
2.428910922e-05
3.640629174e-06
2.072942311e-06
3.378280481e-06
6.794679087e-07
3.961408603e-07
6.04985399e-07
3.666804786e-07
3.430900905e-07
4.822232021e-07
3.686203014e-07
5.711464832e-07
4.839141742e-07
1.171912267e-06
2.414616178e-06
1.53032898e-06
4.572541132e-06
8.307410797e-06
4.607493387e-06
5.267050808e-07
3.164411806e-07
7.826061337e-07
1.882805238e-07
1.100568803e-07
3.125297992e-07
6.236006671e-08
5.111164884e-08
1.546934224e-07
8.002909039e-08
9.540360508e-08
6.132649882e-08
1.739895743e-07
5.635424643e-07
4.217329589e-09
2.555239249e-07
2.062229541e-05
4.931821942e-05
6.748992496e-05
6.396806125e-05
9.073977952e-05
6.445805198e-05
6.306298626e-05
8.094683426e-05
1.307871851e-05
1.81343695e-06
3.90075147e-06
1.133127374e-06
8.035955676e-07
1.289083092e-06
4.117579276e-07
2.758755317e-07
2.898913284e-07
3.596030956e-07
6.902164977e-07
3.128771499e-07
1.374181885e-06
2.662322337e-06
1.274794876e-06
5.21877238e-06
1.083434875e-05
5.206599243e-06
9.933544167e-08
3.544158115e-07
1.559813425e-07
1.897907834e-06
7.110588666e-06
2.107118505e-06
9.02692836e-06
4.716025116e-06
5.409851675e-06
7.552760564e-06
2.577623891e-05
4.217746407e-05
3.643015159e-05
4.10680779e-05
4.95747338e-05
1.416111775e-05
2.700252322e-06
1.299298967e-06
1.542028985e-06
1.047093715e-06
6.243890261e-07
7.387089373e-07
7.341584494e-07
3.954105505e-07
)
;

boundaryField
{
    dominio_ascii
    {
        type            zeroGradient;
    }
    wallFilmFaces_top
    {
        type            zeroGradient;
    }
    region0_to_wallFilmRegion_wallFilmFaces
    {
        type            zeroGradient;
    }
}


// ************************************************************************* //
