/*--------------------------------*- C++ -*----------------------------------*\
| =========                 |                                                 |
| \\      /  F ield         | OpenFOAM: The Open Source CFD Toolbox           |
|  \\    /   O peration     | Version:  2.1.x                                 |
|   \\  /    A nd           | Web:      www.OpenFOAM.org                      |
|    \\/     M anipulation  |                                                 |
\*---------------------------------------------------------------------------*/
FoamFile
{
    version     2.0;
    format      ascii;
    class       volScalarField;
    location    "0.7";
    object      deltaf;
}
// * * * * * * * * * * * * * * * * * * * * * * * * * * * * * * * * * * * * * //

dimensions      [0 1 0 0 0 0 0];

internalField   nonuniform List<scalar> 
2828
(
4.271789214e-05
5.005023892e-05
2.575831631e-05
1.357337631e-05
1.133506697e-05
3.650047337e-05
2.886365024e-05
1.471023746e-05
4.743665265e-06
8.549401187e-06
1.756048014e-05
8.286925045e-06
2.805801553e-06
3.394494735e-06
1.261251821e-05
6.288784712e-05
0.0001607383087
2.030017746e-05
2.098394458e-05
1.769956744e-05
2.090458809e-05
2.018876518e-05
1.005905801e-05
9.320305309e-06
7.675884089e-06
5.968118773e-06
9.746322974e-06
2.422553426e-05
5.838528011e-05
0.0001180488604
0.0001103220704
1.333855617e-06
2.231276227e-06
1.554256343e-05
9.282221264e-06
7.281158674e-06
9.471691053e-06
2.443643341e-05
3.343130328e-05
2.055200632e-05
1.412565572e-05
1.147300112e-05
1.56822e-05
3.534422208e-05
7.902993676e-05
0.0001067634664
0.0001110799561
6.292281045e-05
5.755263273e-06
7.44387766e-06
1.577366039e-07
6.281357918e-08
2.340364072e-05
7.584727147e-06
6.088541271e-06
6.463020362e-06
1.004569684e-05
4.219834508e-05
5.799561949e-05
3.016596813e-05
2.28308824e-05
2.498313807e-05
4.794690094e-05
8.660730707e-05
0.0001029746118
0.0001162374093
9.823507503e-05
4.366945671e-05
3.722076891e-05
3.134473145e-05
1.07218157e-06
1.203521023e-07
4.580601436e-08
6.609334901e-05
1.955891435e-05
6.637216663e-06
6.24584066e-06
1.534604393e-05
7.193489067e-05
0.0001764571616
0.0003287001638
0.0002918104138
0.0003164069413
0.0004922084333
0.0006480582506
0.0006567877159
0.0003535137548
0.0001687452994
0.0001891110621
0.0001501932044
8.827797991e-05
3.881517691e-05
3.792267644e-06
1.306057656e-06
1.535900177e-06
4.173185386e-05
6.337998258e-05
5.868899919e-05
3.299768593e-05
2.119737937e-05
1.490432811e-05
3.857067753e-05
0.0002460808154
0.0005161655921
0.0006373958869
0.0007355505679
0.0008978672636
0.0008831158736
0.0006365673913
0.0005262633584
0.0008268703323
0.0007550165692
0.0002289796042
6.490980554e-05
2.197512034e-05
2.039515646e-05
2.8254058e-05
3.617388126e-05
4.387051106e-05
4.928054909e-05
1.797024408e-05
2.853792519e-05
4.988519022e-05
8.565040394e-05
0.0001353836549
0.0001524403035
0.0001532318933
0.0002313492953
0.0003479749661
0.0005829811464
0.0007810486555
0.0008437992899
0.0006902714095
0.0003190747642
0.0001292481297
0.0001906979548
0.0001927087166
0.0001191073763
5.473119209e-05
4.109458087e-05
4.200968401e-05
4.54460747e-05
4.376338664e-05
3.560342843e-05
2.355359455e-05
1.876984506e-05
8.391600131e-06
1.745292317e-05
4.926139129e-05
0.0001235789228
0.0002158360271
0.0002664498552
0.0002766622247
0.0003100228404
0.000224682213
0.0002392285822
0.0001698410705
0.0001023813003
0.0001356978554
0.00017198931
0.0002136127956
0.0002388033584
0.0002376431293
0.0002670316183
8.10770549e-05
8.860505906e-05
7.892362172e-05
4.095763003e-05
2.882188738e-05
1.552823215e-05
6.047628601e-06
2.528800144e-06
3.312637596e-07
6.778186997e-06
7.081362103e-06
1.342060182e-05
5.055986166e-05
0.000143085349
0.0002264570103
0.0002880894959
0.0003018930565
8.588024853e-05
0.0001823642347
0.0001583081476
4.273536606e-05
5.970743465e-05
0.0001434001951
0.0002048939652
0.0002620595384
0.0003166661573
0.0003433991159
0.0003818264589
0.000162474004
5.506092815e-05
6.159792761e-05
4.825615227e-05
1.888041713e-05
9.909697199e-06
1.417162661e-05
2.999370576e-05
7.3438883e-05
7.786422989e-06
8.838826717e-06
2.168283439e-05
7.287791368e-05
0.0001559353624
0.0002136303166
0.0002192986996
0.0001891948017
9.759226143e-05
0.0001009854031
4.784000754e-05
3.406013738e-05
8.691273209e-05
0.0001855362326
0.0002548325368
0.0003082728691
0.0003697830212
0.0004115687794
0.0003742723837
4.624948533e-05
1.459860803e-05
1.080482072e-06
2.716523858e-05
0.0001195356579
4.045211837e-05
5.857273103e-05
8.376722292e-05
0.0001061213227
9.023203195e-06
1.929649808e-05
4.759575879e-05
8.713273697e-05
0.0001188479186
0.0001272053032
9.970314716e-05
5.491965374e-05
0.0001215840327
4.592133928e-05
2.944980233e-05
3.917256776e-05
9.947990876e-05
0.0001678057785
0.000244079725
0.0003195452853
0.0004058562889
0.0004760457319
0.0002610339735
5.68039896e-06
8.443773193e-05
4.299685959e-05
7.442474505e-05
8.144193304e-05
6.652341513e-05
7.488638204e-05
7.004975876e-05
4.093102315e-05
4.934154122e-07
6.142953563e-05
6.449207579e-05
6.807574271e-05
7.445637874e-05
7.003320942e-05
4.777154153e-05
2.2488054e-05
3.003552506e-05
5.261426536e-05
3.923045626e-05
1.582115116e-05
2.070177952e-05
5.792056371e-05
6.989670148e-05
0.0001250640865
0.0002536472435
0.0004105167515
0.0004882069297
0.0003356613241
0.0001093403142
8.779716994e-05
8.154356532e-05
8.440126694e-05
7.779776537e-05
7.629024943e-05
6.872812417e-05
4.793397779e-05
1.697371444e-05
1.982678688e-07
0.0001334252909
0.0001244627085
0.0001078424565
8.888197679e-05
7.001315826e-05
5.525162226e-05
6.874654941e-05
0.0001033265108
0.0001129233259
0.000101320365
5.178480145e-05
1.166531078e-05
3.194705118e-05
7.406425716e-05
1.802003969e-05
4.222801632e-05
0.0001825571502
0.000464509892
0.0005844784365
0.0004111158773
0.0001905117055
0.0001144370983
0.0001038036686
8.984709689e-05
8.375192775e-05
7.367947057e-05
5.962175618e-05
6.509403231e-05
8.686691818e-05
7.996787712e-05
0.0001716974207
0.0001486531388
0.0001124490971
7.880896188e-05
5.964392458e-05
7.559969248e-05
0.0001329957748
0.000187704273
0.0002023653802
0.000162387453
6.742588431e-05
1.869482304e-05
6.599100202e-05
7.908548324e-05
8.043456084e-06
1.892585784e-05
0.0002257975703
0.0003963425615
0.0004140612573
0.0004885022175
0.0002362037994
0.0001269188027
0.0001072967759
7.722993556e-05
6.122183161e-05
4.482604322e-05
1.764997034e-05
9.37688426e-07
0.0001266736378
7.66849037e-05
0.0001182063305
0.00010354265
6.630502372e-05
3.695278987e-05
4.079191024e-05
8.852122853e-05
0.0001742791404
0.0002316656979
0.000244381644
0.0002162690234
0.0001390260414
8.41306643e-05
4.01403561e-05
4.372716027e-05
7.708796281e-05
0.0002596448742
0.0004566899312
0.0005030837708
0.0001768566814
0.0003566940215
0.000427806168
0.0001346055113
0.0001034769191
0.0001362680858
0.0002617926107
0.0002100167896
8.376490655e-05
2.587864375e-07
0.0001455293676
7.314993023e-05
2.033233305e-05
1.665578877e-05
1.044056766e-05
1.049243837e-05
2.799585345e-05
8.381660179e-05
0.000154533525
0.000190190828
0.0001864348676
0.0001699948259
0.0001577897802
0.0001218940936
8.039560043e-05
0.000171168453
0.0003021157958
0.0004150532309
0.0005722827832
0.0005345236307
0.0004151891283
0.0004365971418
0.0006124017068
0.0004095413054
0.0005776496691
0.0006570286919
0.0004742839031
0.0003419321674
0.0002154852469
0.0001200565806
0.0001371840332
6.991774266e-05
2.563515872e-05
1.148068686e-05
5.596948501e-06
8.764700099e-06
2.428037216e-05
6.711574617e-05
0.0001142471897
0.0001221229671
9.172246161e-05
5.944526736e-05
7.007132812e-05
0.0001475861288
0.0002788914963
0.0002991766625
0.000322147607
0.0001962353761
0.0001338532586
0.0002461058686
0.0003869784066
0.0004859251902
0.0005666129768
0.000678703407
0.0007369074206
0.0005789330713
0.0004021881692
0.0002910900484
0.0002008315828
0.0001603821387
0.0001185216757
5.217664602e-05
2.681693112e-05
1.547439255e-05
2.127326928e-05
3.622515704e-05
5.635695325e-05
7.060656244e-05
6.186859671e-05
3.840458082e-05
1.697206351e-05
2.161446195e-05
0.000148367419
0.0003579390771
0.0004001737359
0.0002377278413
5.412553017e-05
6.546124268e-05
8.526876993e-05
0.0001164367899
0.000208725712
0.0003347525204
0.0003522074227
0.0002668288368
0.0002031376595
0.0001735583436
0.0001502314042
0.0001442898685
0.0001504447515
7.672822285e-05
8.439962839e-06
6.437764865e-05
3.445253181e-05
2.769369576e-05
3.115133315e-05
3.608018504e-05
3.334327376e-05
2.065833261e-05
6.781064329e-06
2.150836847e-06
3.491407807e-06
8.576875325e-06
2.433736306e-05
3.579539742e-05
8.11996019e-06
2.427744762e-05
6.104498003e-05
8.76504501e-05
6.67361469e-05
3.607394347e-05
6.309278396e-05
0.0001146650516
5.899901474e-05
6.11892428e-05
8.683457782e-05
0.000129749194
0.0001744053657
0.000200615755
0.0001603318371
2.846752187e-07
8.490304363e-05
5.050440262e-05
2.76443061e-05
2.389584887e-05
2.795590327e-05
2.208370228e-05
1.189391294e-05
5.672520293e-06
4.959236354e-06
9.012129216e-06
1.449203484e-05
7.218683753e-06
2.555382417e-06
3.195520578e-06
9.380072406e-06
3.33885635e-05
6.573040623e-05
5.258808797e-05
3.047043702e-05
4.63801108e-05
4.665345347e-05
1.705293899e-05
2.103037016e-05
2.71120283e-05
4.416801056e-05
7.69066799e-05
0.0001301931867
0.0002106364571
5.094906014e-05
2.297158088e-05
1.285897982e-05
1.912106209e-05
2.36267918e-05
1.649965413e-05
9.356934775e-06
7.98632645e-06
1.418079549e-05
1.98746162e-05
2.398613922e-06
1.660197039e-06
2.128421889e-06
3.366993321e-06
9.314547635e-06
3.324612194e-05
7.333461446e-05
0.0001013527076
5.022678932e-05
1.869026014e-05
1.238407355e-05
1.819831506e-05
1.350333857e-05
7.826979198e-08
8.963750758e-08
4.662501023e-07
5.270359163e-07
2.088663468e-05
8.614420884e-06
4.014359697e-06
5.712767195e-06
1.090120459e-05
2.405203667e-05
7.72465469e-05
7.406568049e-05
2.731738128e-05
4.867603255e-06
1.415003772e-06
1.228694824e-06
1.378724826e-06
1.534005388e-06
2.773663406e-06
1.42547828e-05
3.488442577e-05
4.369693068e-05
3.338533033e-05
2.529334312e-05
2.33531177e-05
2.546762789e-05
1.256376471e-05
1.365758072e-07
7.114051764e-08
7.176672106e-08
2.282392491e-06
1.845580414e-06
3.123552164e-06
5.820499677e-06
1.412728156e-05
3.659856558e-05
4.978374012e-05
3.785416799e-05
1.274629536e-05
7.72705283e-07
2.080167167e-06
3.426070312e-06
2.181103248e-06
1.993328358e-06
3.511180105e-06
1.505282551e-05
2.983642402e-05
3.844371952e-05
4.438747014e-05
4.302884837e-05
3.243917532e-05
1.245108523e-05
3.543670465e-13
1.792253185e-08
2.868550424e-06
1.151716898e-06
1.365869854e-06
2.515183115e-06
4.793204296e-06
8.059353852e-06
1.952299292e-05
2.539563299e-05
1.407227526e-05
6.364361412e-06
3.228138162e-06
2.786495022e-06
3.79429066e-06
3.425716869e-06
1.619880784e-06
5.270186449e-07
5.423838799e-07
1.57253175e-05
2.411697638e-05
3.538841132e-05
4.173072827e-05
4.248700949e-05
2.534547636e-05
1.082899573e-07
8.788965636e-06
1.186492411e-06
2.01600316e-06
3.20950747e-06
3.982805696e-06
6.140747161e-06
9.559999851e-06
7.121404293e-06
4.277538085e-06
3.788577161e-06
3.007348774e-06
3.886931488e-06
3.70784082e-06
9.959270451e-07
2.895996536e-07
3.053674076e-07
6.329626054e-07
4.590928563e-07
1.544967585e-05
2.439252203e-05
4.172740802e-05
4.957602553e-05
4.771581013e-07
2.079562799e-06
3.241233322e-06
3.910795837e-06
4.267579751e-06
4.454695401e-06
4.011506056e-06
3.61408618e-06
3.652496188e-06
3.000653369e-06
3.137393385e-06
3.298567042e-06
8.583438737e-07
4.716101342e-07
3.959220973e-07
6.30823807e-07
8.94578368e-07
4.788511952e-06
5.188122651e-06
1.549623364e-05
5.718441698e-05
5.533753118e-06
4.397800194e-06
3.676934759e-06
3.396820246e-06
3.315614638e-06
3.306410097e-06
2.850832327e-06
2.440642889e-06
1.986256127e-06
1.071145724e-06
7.937087258e-07
7.512355455e-07
1.071574796e-06
1.603619002e-06
3.070474081e-06
2.937673078e-06
1.766074972e-06
5.851300727e-06
5.305593096e-06
4.499341693e-06
3.809139145e-06
3.0748108e-06
2.514879611e-06
2.147068053e-06
1.15181039e-06
1.165262308e-06
1.177335437e-06
1.289688617e-06
1.740231459e-06
2.409819683e-06
4.223360107e-06
5.039986099e-06
3.536874769e-06
2.154313241e-06
1.827829324e-06
7.105473428e-07
1.16001364e-06
1.490123874e-06
1.759761793e-06
2.087463469e-06
1.85655693e-05
1.310979208e-05
7.685486971e-06
5.472849227e-06
8.482214912e-06
2.472068376e-05
1.948466737e-05
3.393191129e-05
5.351844638e-05
3.667412935e-05
2.793586761e-05
3.79313808e-05
1.756882698e-05
1.020771225e-05
1.785719562e-05
5.447144403e-06
2.184360328e-06
1.157889196e-05
1.240645613e-07
1.016494522e-07
1.677991554e-07
3.143418606e-07
5.773746443e-07
2.854087351e-05
3.012274996e-05
3.133401895e-05
2.648655393e-05
3.316105931e-05
2.410098836e-05
2.085813209e-05
2.028555607e-05
0.0001021558162
0.0001526285415
0.0001606037912
0.0001390580599
0.0001027281729
0.0001567848177
7.416274823e-07
3.725801276e-06
1.722831697e-05
1.499030474e-05
1.200247101e-05
2.074791032e-05
3.706440913e-06
1.858124056e-07
1.57945484e-07
1.240110657e-07
2.399376299e-05
1.583051711e-05
1.868292792e-05
1.009943295e-05
8.127673155e-06
1.290728455e-05
3.507253019e-07
1.467625318e-07
8.499076864e-08
7.746271673e-08
5.971400178e-08
5.934697384e-05
4.141881585e-05
3.734853584e-05
1.021466341e-07
1.97109253e-07
7.68081283e-05
7.757507172e-05
7.882377162e-05
4.104116403e-05
4.267708307e-05
3.730600578e-05
4.49845404e-05
5.173312827e-05
6.568820552e-05
2.733885937e-05
1.543716078e-05
4.976403837e-05
9.663881167e-06
1.174443508e-05
1.549285132e-05
2.229733234e-05
1.139587096e-05
1.092262832e-05
2.058669189e-05
6.530586495e-06
7.356853208e-06
1.106609293e-07
7.399343092e-06
7.113728203e-06
6.54616534e-06
9.842592965e-05
0.0001125199507
0.0001095075506
7.877500301e-06
7.949980611e-06
8.726183178e-06
7.673720113e-06
6.977276633e-05
4.250350824e-05
0.0001107808483
8.865095407e-07
1.224804672e-05
7.614552792e-06
2.769090542e-07
8.71735382e-05
8.229001994e-05
5.227877912e-05
6.186010584e-05
8.17280166e-05
0.0001675419467
0.0001620410678
0.0001307001427
8.060246658e-05
7.535637826e-05
8.231250676e-05
0.0001593296276
0.0001527424945
0.0001634746816
7.34221996e-05
5.777153461e-05
6.436040693e-05
5.75973174e-05
5.822495892e-05
0.0001151510033
7.297074675e-05
6.025013827e-05
5.74416744e-05
1.802140297e-05
1.304909994e-05
1.911500894e-05
6.046185557e-05
5.678299377e-05
6.131582473e-05
2.986366958e-05
2.248735916e-05
2.848524683e-05
5.176593159e-05
5.004170347e-05
3.82045203e-05
1.59400335e-06
6.715319631e-05
7.88913661e-05
5.831908935e-05
4.501225395e-05
0.0002320121699
0.0002422848573
9.631893913e-05
8.407335506e-05
7.460830992e-05
6.834532099e-05
0.0001550065071
0.0002351954612
0.0002427575515
4.866183131e-05
6.669327851e-05
2.571351863e-07
1.114346194e-05
7.04956588e-06
1.494851834e-05
4.70462637e-08
5.113958386e-08
7.466987546e-08
3.632063414e-06
1.447210641e-06
1.347005839e-06
1.754746212e-06
4.702917311e-06
2.1289013e-05
3.325180433e-06
1.039605733e-06
1.126443076e-06
2.516283127e-06
2.250930836e-05
1.493217328e-06
1.486809609e-06
5.093117239e-07
1.628649768e-06
3.202286233e-06
2.709122743e-06
4.006916348e-06
4.71128752e-06
3.650962049e-06
1.512547687e-07
1.056943008e-07
2.894311313e-05
5.758737804e-07
0.0001171124508
5.494209272e-06
6.101609968e-06
5.845806183e-06
4.898297416e-06
4.93010011e-06
4.305069144e-06
2.312954568e-06
5.506000784e-06
5.987613559e-06
5.905539054e-06
4.712066834e-06
5.910821242e-06
5.481316676e-06
4.213195788e-06
2.026293341e-06
2.351962572e-06
2.048535027e-06
2.718186205e-06
3.257344725e-06
3.200902911e-06
4.972129135e-06
5.840670503e-06
4.298957972e-06
2.616884821e-06
2.721357953e-06
2.030307055e-06
1.736964177e-06
1.928927149e-06
1.618615399e-06
1.485812571e-06
1.657060552e-06
6.033477784e-07
7.158749421e-07
8.019955541e-07
1.114516266e-06
1.395350563e-06
1.368663704e-06
1.517376875e-06
1.633300609e-06
1.915531836e-06
1.664676433e-05
8.59132674e-06
7.658052554e-06
5.662850632e-06
6.307004199e-06
4.856513655e-06
7.842740376e-06
9.411404187e-06
1.494842269e-05
9.414656922e-06
7.430942626e-06
1.37337437e-05
5.172918303e-06
4.129758107e-06
4.638271064e-06
4.553383711e-06
6.758036602e-06
2.377571925e-06
1.145027002e-05
1.984454438e-05
6.439117032e-06
3.442947856e-05
6.031068624e-05
2.720636981e-05
1.085088235e-05
1.056309915e-05
1.799817615e-05
1.174741888e-05
1.521294595e-05
1.869255945e-05
2.112412814e-05
2.738331449e-05
2.294519797e-05
2.68293164e-05
2.009262445e-05
1.287495691e-05
1.521378265e-05
1.28546407e-05
9.41361402e-06
1.137045755e-05
9.900884348e-06
8.731570003e-06
8.716153234e-06
8.351741383e-06
6.491873651e-06
9.409995532e-06
1.249447769e-05
6.879683149e-06
1.822087631e-05
2.737374459e-05
1.52177978e-05
4.070026129e-05
5.829957192e-05
3.80509035e-05
7.926142322e-05
0.0001015386103
8.640341142e-05
0.0001189686069
0.0001168155231
0.0001366749854
8.399280993e-05
4.059249058e-05
6.349038279e-05
2.717542392e-06
7.412156424e-06
3.987476298e-06
6.993227254e-06
6.33601514e-06
7.915929129e-06
6.119224454e-06
6.627666857e-06
7.528101948e-06
8.934484047e-06
1.610887085e-05
1.48176962e-05
3.119428059e-05
4.335675264e-05
3.363067264e-05
3.842465112e-05
3.066775078e-05
2.66787812e-05
2.45896942e-05
1.995568491e-05
1.665894823e-05
1.686853447e-05
1.503742331e-05
1.228673572e-05
1.493132576e-05
1.754767858e-05
1.233361295e-05
2.472070353e-05
3.97941624e-05
2.274559446e-05
6.702347229e-05
0.0001067742187
5.487694956e-05
0.0001469181511
0.0001626633158
9.916659942e-05
0.0001411741717
0.0001102618884
0.0001074472992
9.934661401e-05
7.784508605e-05
9.649002538e-05
4.741361302e-05
2.081628293e-05
2.749859334e-05
1.455312318e-05
2.902782192e-05
1.498365111e-05
1.63169901e-05
1.421748673e-06
4.241733464e-07
1.95648002e-05
9.748153599e-06
1.138375899e-05
6.441809702e-06
5.684825731e-06
6.441760422e-06
5.916032595e-06
6.843360915e-06
6.091782114e-06
8.818075732e-06
1.269642183e-05
7.450530944e-06
1.963629053e-05
3.173418455e-05
1.798298178e-05
6.235716358e-05
0.0001546097288
7.893703639e-05
0.000151195157
8.901712136e-05
3.73444458e-05
7.165801686e-05
6.562356365e-05
2.550869872e-05
6.782566951e-05
7.811723137e-05
2.225210145e-05
0.0001006476855
0.0001360870126
3.305002296e-05
0.000174420865
0.0001944295655
6.773890714e-05
0.0001794133552
0.0001360049176
9.876712316e-05
9.502375183e-05
7.815212056e-05
0.0001058085904
0.0001042732636
0.0001632956638
0.0001228885177
0.0001302432487
8.662227308e-05
6.83066138e-05
7.119814203e-05
0.0001121342191
2.510610493e-05
8.38488472e-05
7.139833817e-05
5.034152256e-05
4.286507896e-05
1.530643078e-05
5.75307454e-06
3.822342192e-06
1.127997985e-06
2.973031959e-07
3.982540795e-07
1.85712393e-07
6.364393711e-08
6.172217762e-05
4.017906361e-05
3.883044345e-05
2.32755792e-05
1.392627247e-05
1.014982207e-05
9.606988697e-06
7.758214601e-06
5.742525005e-06
7.765636066e-06
1.180546242e-05
8.539590978e-06
3.063715701e-05
9.676748353e-05
3.400274237e-05
0.0002200241073
0.0003286431562
0.0001206902022
0.0003966724079
0.0004449397418
0.0002698778947
0.0004816732034
0.0005015075122
0.0003208245653
0.0005225720528
0.0005655642267
0.0002828423792
0.0006412173464
0.000723897863
0.0003913753203
0.0007752789631
0.0007881860712
0.0005855408218
0.0007941821645
0.0008305383358
0.0006767946233
0.0009008384701
0.0009394540928
0.0005526761869
0.0009652867605
0.000836125753
0.0001966100372
0.0004519130655
0.0003027689
0.0002227974156
0.0002105773507
0.0002098563114
0.0001387681368
0.0001494648043
0.0001262216354
0.0001293750547
2.87203669e-05
6.781028286e-06
6.211557477e-05
7.995938222e-06
1.046138504e-05
1.603517042e-05
1.371230926e-05
1.693922283e-05
1.475884782e-06
2.068882364e-05
2.502964223e-05
1.310323172e-06
3.004607148e-05
3.593249638e-05
2.496463995e-05
5.508866979e-05
5.400822792e-05
4.518830232e-05
5.312952196e-05
5.568485512e-05
2.554781784e-05
5.897760354e-05
5.7365402e-05
1.744577553e-05
5.14802244e-05
5.329397829e-05
1.822136827e-05
7.76575836e-05
0.0001394476366
0.0001071482002
0.0002564036086
0.0004015341319
0.0003937539331
0.0005026226058
0.0005981627795
0.0006026764455
0.0006759963617
0.0007603730718
0.0006739637991
0.0008513550518
0.0009225205947
0.000818515443
0.0009539568074
0.0009258862252
0.0009268003095
0.000834823897
0.0006860271805
0.0007818813585
0.0004952253039
0.0002765795865
0.0005595860263
0.0001460247643
0.000227509435
0.0006713190479
0.0003185119261
0.00045352043
0.0009414865744
0.0004706485061
0.0002820067909
0.0005774124972
0.0001117001305
2.050597629e-05
4.255150978e-05
4.40486207e-05
4.884501646e-05
8.072639769e-05
3.140654423e-05
2.86841241e-05
1.663344748e-05
3.245945261e-05
3.617963474e-05
2.440144059e-05
3.921833054e-05
4.15390645e-05
3.216630656e-05
4.290201392e-05
4.283585814e-05
4.013837227e-05
4.071814846e-05
3.579234999e-05
4.709583686e-05
2.239995034e-05
3.399845488e-05
3.782019132e-05
5.239866423e-05
7.968376321e-05
6.526921245e-05
0.0001163535508
0.0001584866513
0.0001110320631
0.0001967973021
0.0002212865722
0.0001500447767
0.0002284175806
0.0002247769598
0.000148928136
0.0002245134054
0.000241590063
0.0001777493831
0.0002745973927
0.0002939800805
0.0003050571528
0.0002427576619
0.0002895079724
0.0004531356945
0.00034792108
0.0003914224291
0.0006952748999
0.0004017920827
0.0003863525527
0.0008313463053
0.0003653977036
0.0003389972155
0.0008011804952
0.0002973283952
0.0002438368025
0.0005228902162
0.0001951668749
0.0001715938252
0.0001713807746
0.0001795467876
0.0001955108387
0.000164352649
0.0002018584976
0.0002141922536
0.0002279168959
0.0001836200417
0.0002160712895
0.0001837625879
0.0001780534871
6.697534082e-05
4.203437684e-05
6.015790975e-05
5.885723896e-05
5.281050115e-05
5.235830625e-05
5.073822175e-05
3.942038092e-05
5.018506458e-05
4.820802966e-05
4.42106148e-05
4.5463501e-05
4.279137451e-05
4.539144924e-05
3.829049668e-05
3.23864914e-05
4.048812758e-05
2.573763308e-05
1.930810074e-05
2.956931272e-05
1.433760128e-05
1.183232679e-05
1.944948963e-05
7.372250806e-06
9.479473962e-06
1.150440374e-05
1.457159426e-05
2.612785638e-05
2.893552461e-05
4.941639567e-05
8.755813686e-05
8.106432848e-05
0.0001365700575
0.0001868997558
0.0001711826219
0.0002306619739
0.0002642523368
0.0002495971837
0.0002877017566
0.0003072494615
0.0002695197482
0.0003225867077
0.0003030056383
0.000300127321
0.0002305081214
0.0001739446027
0.0002816616159
0.0002263598196
0.0002623300113
0.000247589336
0.0001946814996
0.000136406062
0.0002157097006
8.333547509e-05
5.553080036e-05
0.0001233438153
5.926291096e-05
8.562559666e-05
0.0001117296669
0.0001220339791
0.0001549110892
0.0001574584902
0.0001798529188
0.0002046473535
0.0001881225421
0.0002368537346
0.0002639029063
0.0002313357971
0.0002776900502
0.0002964084662
0.0002544745767
0.000299101864
0.0003141409194
0.0002715061314
0.0003389689352
0.0001540690735
9.687323722e-05
0.000116130518
0.0001043982989
8.538491058e-05
0.0001170895087
0.0001256262156
8.820706116e-05
0.0001216135347
0.0001003742847
5.978228694e-05
4.595321066e-05
2.854881873e-05
3.497702456e-05
2.063944591e-05
1.309184437e-05
2.223809296e-05
7.588816867e-06
3.773711343e-06
9.903859054e-06
1.766774744e-06
8.929920047e-07
3.927287184e-06
4.65518108e-07
1.797514114e-07
7.86738159e-07
7.530852866e-06
9.617166947e-06
8.779998105e-06
1.535074938e-05
2.964701974e-05
2.509618586e-05
5.922151816e-05
0.0001041038075
9.260297386e-05
0.0001533955309
0.0001961828654
0.0001897418623
0.0002311498009
0.0002694226659
0.0002557698659
0.000320593816
0.0003315958953
0.0003214129023
0.0002262385988
8.271407901e-05
0.0001957359422
1.553642722e-05
4.780114537e-06
5.157998902e-05
8.91091114e-05
0.0003243581409
0.0003002328408
0.000125493068
4.320998083e-05
7.863519825e-05
2.914169544e-05
3.861346216e-05
3.854869161e-05
7.092516491e-05
0.0001176815251
9.879824784e-05
0.0001670536154
0.0002061201947
0.0001798622491
0.0002318907329
0.0002547036804
0.0002287090729
0.0002858568094
0.0003228031436
0.0002972597701
0.0003458714038
0.0003686910597
0.0003363102164
0.0003893389132
0.0004150978568
0.0003535212608
0.000430549106
0.0002656835259
0.0002455775324
0.0001220103036
4.719921964e-05
6.929005159e-05
1.871049269e-05
5.339154478e-06
4.93913504e-05
2.148406538e-06
2.801256379e-06
7.454805144e-05
4.393576258e-05
3.832629107e-05
2.938725452e-05
0.0001306662217
3.926436651e-05
1.116108908e-05
2.299086452e-05
2.748532566e-05
1.099893324e-05
3.584340792e-05
4.708164004e-05
2.006835096e-05
6.166872796e-05
7.942556437e-05
4.634050206e-05
1.184322083e-05
1.91677222e-05
1.257592818e-05
3.358447563e-05
5.629176044e-05
4.087949959e-05
8.452083845e-05
0.0001143651995
0.0001139323852
0.0001429084211
0.0001667912599
0.0001909668507
0.0001820425436
0.0001862643003
0.0002221566571
0.0001804757489
0.0001704555804
0.0002091368385
0.000168283329
0.0001784718797
0.0001519391073
0.0001678888642
0.0001177827931
6.794175799e-05
5.956836819e-05
4.868918782e-05
7.944837876e-05
3.857266191e-05
3.572720231e-05
3.561146073e-05
4.129726412e-05
5.946225567e-05
4.826223137e-05
9.950595471e-05
0.0001432717417
0.0001355503884
0.0001886202818
0.0002298676429
0.0002265461385
0.00026213106
0.0002900672812
0.000278574915
0.0003224076456
0.0003614154331
0.0003438132119
0.0004011602901
0.0004489468388
0.0003940678294
0.0004735417648
0.0004265234451
0.0004179405859
0.000249768691
1.467267196e-05
0.0001348547343
6.884736529e-07
2.348993058e-05
5.030900908e-05
6.096939174e-05
8.943008388e-05
4.17299299e-06
5.8660678e-05
2.225571858e-05
9.862626183e-07
5.617151912e-05
8.502372852e-05
5.692622832e-05
9.963041192e-05
6.206805614e-05
5.463695649e-05
5.615506122e-05
6.376982066e-05
4.785335673e-05
7.22022955e-05
7.92851943e-05
7.07405446e-05
8.328793528e-05
8.147089741e-05
9.630953343e-05
1.884955969e-05
2.768829612e-05
1.249301729e-05
3.850313406e-05
5.054788467e-05
3.088836289e-05
6.288395849e-05
7.44369933e-05
6.732988474e-05
8.410442316e-05
9.085271396e-05
0.0001048606089
9.357482683e-05
9.101632646e-05
0.0001270373754
8.225046342e-05
6.727984272e-05
0.0001179706088
4.806201158e-05
2.938477396e-05
7.554335312e-05
2.00811044e-05
2.863463882e-05
6.538138755e-05
5.062676175e-05
6.028018651e-05
0.0001323745463
3.985804986e-05
2.944890584e-05
3.681140195e-05
2.106658834e-05
1.977953989e-05
2.868186048e-05
3.003476411e-05
5.447955746e-05
6.322749898e-05
8.325905916e-05
0.0001032595884
0.0001327158158
0.0001225116208
0.0001527580997
0.0002064619165
0.0001951314774
0.0002436697461
0.0002801269282
0.0002961156866
0.0003524118601
0.0003631344166
0.000408557111
0.0004572391516
0.0004495241607
0.000478835925
0.0004498346187
0.0004402580172
0.0003037073466
9.496601949e-05
3.763226401e-05
4.209227192e-05
8.132433204e-05
4.489893132e-05
8.648143727e-05
6.785025181e-05
7.906872034e-05
5.933190972e-05
7.209124164e-05
4.75802295e-05
8.125684239e-05
7.940938754e-05
8.473608581e-05
7.519698168e-05
7.101785553e-05
6.675432315e-05
7.176992964e-05
7.265544655e-05
7.152561062e-05
7.056871884e-05
6.461592701e-05
7.488581171e-05
5.437681042e-05
4.022584168e-05
5.891393377e-05
2.39254166e-05
9.166036251e-06
1.850012463e-05
8.654089275e-05
8.40525227e-05
6.364807075e-05
7.981283711e-05
7.560354647e-05
6.560438849e-05
7.203150114e-05
6.899622563e-05
7.161355096e-05
6.594625663e-05
6.16070652e-05
7.443053917e-05
5.504750568e-05
4.681573608e-05
6.087497096e-05
3.931084085e-05
3.763723505e-05
3.352044524e-05
4.544563882e-05
5.733547507e-05
2.054863378e-05
6.690720919e-05
7.197532828e-05
4.428423194e-05
7.079309049e-05
6.105113695e-05
5.042823891e-05
4.360299682e-05
2.508595812e-05
2.569534889e-05
1.301573891e-05
1.022329384e-05
1.335088214e-05
1.929031915e-05
2.75753369e-05
3.734579349e-05
4.710784672e-05
3.924059866e-05
6.603023521e-05
3.479082707e-05
4.198884765e-05
8.607985499e-05
7.041757429e-05
0.00012889309
0.0001846747969
0.0002117252538
0.0003133822053
0.0003291565665
0.0004298686177
0.0005170659705
0.0004742067309
0.0005323955447
0.0004756266576
0.0004498187945
0.0003560668059
0.0002375175514
0.0001757235284
0.0001652383958
0.00011357865
9.897300046e-05
9.979683482e-05
9.635943064e-05
7.973052523e-05
9.68784445e-05
9.491217381e-05
8.747017604e-05
8.818338491e-05
8.460020562e-05
7.981767584e-05
8.339785348e-05
8.208311154e-05
7.681463802e-05
7.962901285e-05
7.551697861e-05
7.397811461e-05
6.997587883e-05
6.359145344e-05
6.013227956e-05
5.703885844e-05
5.197572847e-05
3.25144394e-05
4.874574303e-05
5.446597851e-05
5.247497276e-06
0.0001506495786
0.0001367792747
0.0001167099605
0.000122099154
0.000107610524
9.847522777e-05
9.379386235e-05
8.109814432e-05
7.93078915e-05
7.042964787e-05
6.428407126e-05
6.150768885e-05
6.814944317e-05
8.519768751e-05
5.55561812e-05
0.0001092073611
0.0001323067954
8.890409145e-05
0.0001499818242
0.0001603230506
0.0001103710733
0.0001631418126
0.0001565779439
0.000111051241
0.0001364505342
0.000101614616
8.042442753e-05
6.02644603e-05
2.721751869e-05
2.595497242e-05
1.271328542e-05
2.19173117e-05
1.169454869e-05
5.280388791e-05
2.323896439e-05
2.666448078e-05
0.0001119446321
4.567576405e-05
3.013298297e-05
1.136945792e-05
1.42955862e-05
2.210202052e-05
3.382013041e-05
9.081828755e-05
9.184625274e-05
0.0002077626781
0.0003628552911
0.0003188026961
0.0004697047901
0.0005154978755
0.0005458419461
0.0005560092587
0.0005752127132
0.000552307829
0.0004921539569
0.0003198138107
0.0002759555215
0.0001988504086
0.0001411419191
0.0001300623926
0.000125164887
0.0001165031714
0.0001086440081
0.0001067475059
9.553774488e-05
9.68590835e-05
8.636946945e-05
8.090484948e-05
8.650257287e-05
7.522272815e-05
6.759745258e-05
7.960435927e-05
5.795705071e-05
4.677897694e-05
6.65314493e-05
3.456638935e-05
2.080164781e-05
5.597012975e-05
1.142179094e-07
9.425164156e-05
6.433250711e-05
0.0001017773408
9.309283369e-05
8.1165839e-05
0.0001383502785
0.0001195217961
0.0001310003817
9.868710011e-05
7.866745244e-05
9.466648273e-05
6.182193511e-05
5.066269239e-05
6.633338514e-05
4.798544614e-05
5.632777683e-05
6.197862589e-05
7.748115916e-05
0.0001119952499
0.0001005142657
0.0001535258104
0.0001907403505
0.000164488488
0.0002165768674
0.000229916802
0.0002004620922
0.0002307333214
0.0002169783038
0.0001909298403
0.0001855229012
0.0001371324446
0.0001175701876
8.189146094e-05
3.971297276e-05
2.969329091e-05
3.466677784e-05
5.42119394e-05
3.868682511e-05
6.248692813e-05
1.125251056e-05
1.340054944e-05
2.598734113e-05
8.318639797e-05
9.960579529e-05
3.853418334e-05
2.020386728e-05
6.85946703e-06
5.542232337e-05
0.000176893768
7.661055043e-05
0.0003389286586
0.0004449698192
0.0003816540443
0.0004197605187
0.0003260627262
0.000373955944
0.0003166632676
0.0003719296643
0.0004638164009
0.000431837796
0.0004190624589
0.0003796141754
0.0003153692039
0.0001575414179
0.0001483469837
0.0001182816997
0.0001110385723
0.0001184368357
0.0001027811333
8.770112805e-05
9.200307751e-05
7.17307409e-05
6.825475149e-05
6.813491843e-05
7.133566833e-05
8.059609083e-05
5.425199455e-05
7.765700693e-05
5.442837733e-05
3.193062821e-05
2.291426124e-05
1.743205974e-06
5.622260341e-06
4.36815952e-07
8.43400455e-06
3.728617934e-05
0.0001443134088
0.0001013053832
9.770506864e-05
5.205894811e-05
4.127348141e-05
8.614918682e-05
2.93829918e-05
2.056116442e-05
4.855641259e-05
1.758831095e-05
2.163337778e-05
3.412286398e-05
3.444530446e-05
5.88921923e-05
5.808405896e-05
9.490263727e-05
0.0001360506765
0.0001304952746
0.000173479508
0.0002019952696
0.0002092029588
0.000220168972
0.0002290678589
0.0002428344027
0.0002311422246
0.0002285785485
0.0002362267056
0.0002226346334
0.0002158578533
0.0001827305769
0.0002182430697
0.0002243070863
0.00010028751
0.0001582880368
5.623995008e-05
6.326902149e-05
1.434289962e-05
9.821926897e-05
5.283176049e-05
0.0002131921643
0.0002381621414
4.681393721e-05
0.0002694745738
0.0003305759827
0.0001428134473
0.0003693190366
0.000440878384
0.0003731933331
0.0005362236613
0.0005437122339
0.00051342096
0.000467171722
0.0003686497181
0.0002956836869
0.0002536326199
0.0002547666813
0.0002341423401
0.0003187944966
0.0003528794331
0.0003542789541
0.0004568790129
0.0003458670458
0.000273041908
0.0001837497086
0.0001513400193
0.0001065740718
0.0001779618212
0.0003102213374
0.0001095320164
0.0005037174639
0.0004648195452
0.0002220515655
0.0003935588289
0.0003367774032
0.0002525077452
0.0002823756523
0.0002205407742
0.0001493234719
0.0001555211621
9.264087826e-05
2.079798766e-05
2.33813229e-07
2.250940512e-06
3.556094953e-06
0.0001320715628
8.827038626e-05
9.850878048e-05
8.530341305e-06
6.287596908e-06
1.338928574e-05
5.678578333e-06
6.3430023e-06
9.159672861e-06
8.553427578e-06
1.356276751e-05
1.576651772e-05
2.427922405e-05
4.442859198e-05
5.077310766e-05
7.441450385e-05
0.0001081822602
0.0001210351325
0.0001366002145
0.0001534819743
0.0001783256428
0.0001570250628
0.0001499127732
0.0001917711723
0.0001365346002
0.0001216943053
0.0001781018467
0.0001104538481
0.0001078414777
0.0001636875637
0.0001166056014
0.0001333981036
0.0001460888637
0.0001510210145
0.0001752171154
9.413720424e-05
0.0002183605144
0.0002045848717
0.0001048317021
0.0002592254081
0.0003186138778
0.0002400180734
0.0003806062886
0.0004471847803
0.0003592339719
0.0005046213322
0.0005884843414
0.0004969744909
0.0006945336756
0.0007264102016
0.0005673790866
0.0006451917506
0.0005333118723
0.0004752704431
0.000477915128
0.000513800785
0.0003922735778
0.0005806983933
0.0006206763323
0.0004982047778
0.0006506561099
0.000625510014
0.0005108791033
0.0006690483862
0.0007255781832
0.0004487765302
0.0007553590289
0.0007717081353
0.0006799434477
0.000711616141
0.0005773618373
0.0005680806969
0.0004773707812
0.0004115416613
0.0004023281254
0.0003514892924
0.0002936177381
0.0002782989638
0.000247471696
0.0002185611284
0.0001581797419
0.0002076138506
0.0002159347004
2.806087621e-05
0.0001598981503
7.320767072e-05
7.553053012e-05
1.738222518e-05
1.063756338e-05
6.932985627e-06
8.310712479e-06
9.298614252e-06
6.263712827e-06
1.310317282e-05
1.986633113e-05
1.402263692e-05
3.015808856e-05
4.440952918e-05
4.211600139e-05
6.154809831e-05
7.810135023e-05
9.371305635e-05
8.932890142e-05
9.183154249e-05
0.0001239049786
8.571980568e-05
7.381581348e-05
0.0001097908399
5.810358709e-05
4.311533996e-05
7.315162418e-05
3.256751916e-05
3.188864222e-05
5.650165513e-05
5.037992493e-05
9.522025568e-05
0.0001014845528
0.0001583850003
0.0002232625022
0.0002064188324
0.0002833772565
0.0003076370576
0.00026980116
0.000300823746
0.0002483123274
0.0003159852269
0.000179827683
0.000134793914
0.0003198236817
6.741819435e-05
5.610978638e-05
0.0001307880206
6.608594042e-05
8.132325164e-05
0.0001819213857
0.0001020094118
0.000139916389
0.0003167043827
0.0002036124855
0.0002863231265
0.0004442512418
0.0003726862439
0.0004547567256
0.0005286417908
0.0005205713069
0.0005717410172
0.0006109901979
0.0006030256067
0.0005855727487
0.0007293154796
0.0005209875142
0.0004375034081
0.0006935079294
0.0003641953554
0.0003179067615
0.0004667838135
0.0002814193113
0.0002421046788
0.0003475969042
0.0002037424118
0.0001731694878
0.0002394448045
0.0001545039297
0.000147169345
0.0001766747848
0.0001417067055
0.0001200994228
0.0001406298907
7.648617251e-05
3.736966832e-05
9.5416351e-05
4.103269678e-05
3.062613862e-05
1.860612788e-05
2.48790998e-05
2.386059024e-05
1.678774543e-05
2.60591963e-05
3.001361694e-05
2.791392392e-05
3.493968527e-05
4.044957902e-05
4.595825489e-05
4.595527156e-05
5.021646412e-05
6.550420889e-05
5.146901371e-05
4.824100963e-05
6.942861538e-05
4.03764074e-05
2.948027652e-05
5.03792935e-05
1.854680135e-05
1.155253294e-05
2.615499886e-05
7.525639896e-06
4.343356092e-06
1.330933699e-05
2.47637917e-06
2.681302297e-06
6.121688333e-05
6.92338681e-06
2.685759159e-05
0.0002635132828
8.928265714e-05
0.0001748386275
0.0004068871997
0.0002047298011
0.0001513483248
0.0003297469742
4.381057516e-05
3.376676609e-05
0.0002694721299
3.069608816e-05
4.968744938e-05
5.297303121e-05
6.808807678e-05
8.180013861e-05
7.71688006e-05
8.867690081e-05
8.874960941e-05
9.582257027e-05
8.45248534e-05
8.096460559e-05
0.0001535640864
8.45961807e-05
0.0001044502624
0.0002752128659
0.0001507768353
0.0002059474346
0.0003626142726
0.0001924207564
0.0001531119159
0.0003118038484
0.0001291380771
0.0001135280156
0.0002288571402
0.000107238675
0.0001091726332
0.0001868860823
0.0001168346472
0.0001265713367
0.0001609160445
0.0001369876641
0.0001487794421
0.0001438780101
0.0001628168885
0.0001761727051
0.0001501001077
0.0001784677905
0.0001555936137
0.0001272648368
0.0001047197305
4.431324926e-05
2.725174244e-05
4.314274469e-05
3.2759772e-05
2.910248068e-05
2.718326463e-05
2.522021129e-05
2.872604125e-05
2.576960388e-05
2.744836427e-05
3.40159474e-05
2.828674389e-05
2.680074684e-05
3.608467541e-05
2.303326963e-05
1.79953651e-05
2.793637212e-05
1.278951797e-05
8.352320136e-06
1.300353733e-05
5.374219648e-06
4.182868017e-06
3.20232861e-06
4.840160595e-06
7.849993203e-06
2.582629318e-06
1.495839834e-05
2.596911047e-05
4.818962538e-06
3.137507617e-05
2.369439894e-05
1.691145045e-05
1.497821456e-05
9.144121978e-06
3.882592864e-05
4.317054261e-06
2.999429406e-06
9.078061111e-06
4.267885541e-06
7.9558348e-06
1.372613607e-05
1.595100654e-05
2.960962158e-05
4.150233205e-05
4.829753946e-05
6.782896667e-05
7.845148556e-05
7.930045699e-05
7.411296962e-05
8.319845428e-05
5.539130981e-05
3.586466571e-05
4.804611841e-05
2.424872799e-05
2.375954391e-05
3.65261413e-05
4.33344568e-05
0.0001051995725
0.0001366891019
7.515315729e-05
3.653410526e-05
7.028097024e-05
2.901522328e-05
2.912063381e-05
5.671263918e-05
3.61889306e-05
4.700070281e-05
7.104078933e-05
5.710588134e-05
7.500125893e-05
0.0001072852449
9.706655595e-05
0.0001204577933
0.0001526315515
0.0001436374781
0.0001662949857
0.0001921786302
0.0001892568018
0.0002123220957
0.0001923722519
5.412304209e-05
3.81341062e-05
3.639521559e-05
2.710100301e-05
2.137675292e-05
2.377948313e-05
2.0455528e-05
2.341842405e-05
2.630494971e-05
2.734549901e-05
2.806757778e-05
2.643282383e-05
2.455194984e-05
1.906282962e-05
1.676410655e-05
1.378339332e-05
9.654022842e-06
8.11499511e-06
6.931676192e-06
5.684408004e-06
4.64207378e-06
5.935494642e-06
7.688356614e-06
6.478369004e-06
1.074279319e-05
1.393461799e-05
1.219506895e-05
1.4841553e-05
1.065190928e-05
1.206096144e-05
4.461700472e-06
2.551784838e-06
4.054670697e-06
1.873250582e-06
2.012641972e-06
2.358325216e-06
2.567805002e-06
3.545687022e-06
5.121057346e-06
5.478703331e-06
9.896798459e-06
1.827942982e-05
1.932705436e-05
3.426769129e-05
5.220068011e-05
4.953164526e-05
5.871618386e-05
6.499367864e-05
6.201989548e-05
6.207891345e-05
3.869465519e-05
5.982635495e-05
5.642600686e-05
3.176669688e-05
5.165963758e-05
4.354623849e-05
7.390918777e-05
2.680698712e-05
1.611635708e-05
2.255456379e-05
1.274479335e-05
1.241166068e-05
1.620008565e-05
1.662331724e-05
3.70452062e-05
3.414958775e-05
1.22396979e-05
8.754618483e-06
3.292981994e-05
1.171422618e-05
1.676404209e-05
5.86597052e-05
2.506151359e-05
3.839937175e-05
0.0001000942671
6.00018629e-05
9.560265098e-05
0.0001682761117
3.799950674e-05
2.594270065e-05
3.494373613e-05
1.585691432e-05
9.698630008e-06
1.573996519e-05
7.123335581e-06
7.68970444e-06
1.42401703e-05
1.098765958e-05
1.536745676e-05
2.338824441e-05
1.853124878e-05
1.97080539e-05
2.067586687e-05
1.886204285e-05
1.638405984e-05
1.244277482e-05
1.346446313e-05
1.14519192e-05
7.771843045e-06
1.122691763e-05
1.327260536e-05
1.012405183e-05
1.769173379e-05
2.087646525e-05
1.957847748e-05
1.61990699e-05
6.900228565e-06
1.054388248e-05
1.307866226e-06
1.562917994e-06
1.900921718e-06
1.523895805e-06
1.616269103e-06
1.819015433e-06
1.747970742e-06
1.935872735e-06
2.582705159e-06
2.257674951e-06
2.98933273e-06
5.073167965e-06
5.093390425e-06
1.110047621e-05
1.864613883e-05
2.306439733e-05
3.781342147e-05
5.112561433e-05
5.420341466e-05
6.79310461e-05
9.485620053e-05
6.994296353e-05
5.710088035e-05
8.278594013e-05
3.812704916e-05
2.505654436e-05
2.749512001e-05
1.948804319e-05
1.65635388e-05
1.417083948e-05
1.571165602e-05
1.690938317e-05
1.303117067e-05
2.176887866e-05
3.517979301e-05
3.961238698e-05
1.500527562e-05
5.873021712e-07
3.789989422e-07
7.146989258e-08
3.672598192e-08
4.843510333e-08
3.928826881e-08
1.304240276e-07
3.303860822e-07
1.978770428e-07
2.135626815e-07
3.995104256e-07
4.256803777e-06
2.78041764e-06
5.201900214e-06
2.515135182e-06
2.89835629e-06
4.324590856e-06
3.75166397e-06
5.0139606e-06
7.868025186e-06
6.983398104e-06
1.071208483e-05
1.547935715e-05
1.787170646e-05
3.108355223e-05
4.561052548e-05
5.341008934e-05
7.583277813e-05
8.899922926e-05
7.901328641e-05
6.202629394e-05
4.91664413e-05
3.897147278e-05
2.043241553e-05
1.267140156e-05
8.925504867e-06
2.852298721e-06
1.881782929e-06
5.469753442e-07
1.018184399e-06
1.047863837e-06
1.120118796e-06
1.446940653e-06
1.300203228e-06
1.791903798e-06
1.625773927e-06
1.445815897e-06
1.410881645e-06
1.560204808e-06
1.80854527e-06
2.104991065e-06
3.876936571e-06
6.064582399e-06
8.46326363e-06
1.629746797e-05
2.474404947e-05
2.518700591e-05
3.278748498e-05
4.230623545e-05
3.678646288e-05
3.703982318e-05
3.947051149e-05
3.626298724e-05
3.567704165e-05
2.838684638e-05
3.533339763e-05
3.495988566e-05
2.376506098e-05
3.401281886e-05
3.201821657e-05
2.380473193e-05
2.860885186e-05
2.249685035e-05
2.751738038e-05
1.100435921e-05
2.530764079e-06
1.095639871e-06
2.142648697e-13
1.543749832e-08
7.707842024e-08
2.659693556e-08
3.849412516e-08
7.121747955e-08
1.533906785e-06
1.998052531e-06
2.304656536e-06
2.810901583e-06
3.980213782e-06
4.287394546e-06
5.381906933e-06
7.327611305e-06
8.488141503e-06
1.111539024e-05
1.880746872e-05
2.429320405e-05
2.978645805e-05
3.570890028e-05
4.566553228e-05
3.299992146e-05
2.786854692e-05
4.759175688e-05
2.257472299e-05
1.694689901e-05
2.457351045e-05
1.144613767e-05
6.141948454e-06
4.558877234e-06
2.003222882e-06
2.973789872e-06
2.161056907e-06
2.533512276e-06
2.761762833e-06
2.575261703e-06
3.786865366e-06
4.18395531e-06
3.09390335e-06
3.02288319e-06
2.214626293e-06
1.972209979e-06
1.849268866e-06
1.492263624e-06
2.1434752e-06
1.213298626e-06
1.876707917e-06
8.13520394e-06
5.663494091e-06
1.193496065e-05
2.271378205e-05
2.207680081e-05
2.777615554e-05
3.41729609e-05
3.475558655e-05
4.130252665e-05
4.224294424e-05
4.47997105e-05
4.620842863e-05
4.473519304e-05
4.573420704e-05
4.307391347e-05
3.900770976e-05
3.761174574e-05
2.879261705e-05
2.318566426e-05
1.737519209e-05
6.438327452e-06
3.981121952e-06
1.497727626e-12
4.514702249e-07
5.62577379e-09
1.214959915e-06
1.621670377e-06
1.781119144e-06
2.216896259e-06
3.050842598e-06
3.576162726e-06
3.937663931e-06
4.70341684e-06
6.136437013e-06
5.431462716e-06
6.809732535e-06
1.188375292e-05
1.036224162e-05
1.541194631e-05
2.659128394e-05
1.668623254e-05
1.387499814e-05
1.975513238e-05
1.015519081e-05
6.846328575e-06
9.360667843e-06
4.701081997e-06
3.803351905e-06
4.677888853e-06
3.659357282e-06
3.686768779e-06
3.458458602e-06
2.93491403e-06
2.841220971e-06
2.797451023e-06
3.880100424e-06
4.832850869e-06
4.530217132e-06
3.576533998e-06
1.946169396e-06
2.197870662e-06
1.297120381e-06
9.449290498e-07
1.136303884e-06
3.15002644e-07
2.403708949e-07
3.393887412e-07
3.615458744e-07
5.101035016e-07
6.064776372e-07
9.301964653e-07
1.054582117e-05
1.8273171e-05
1.15250458e-05
2.09229103e-05
3.166975237e-05
2.36029731e-05
2.796101526e-05
3.868586125e-05
3.391858002e-05
4.01729511e-05
4.354225412e-05
4.465880221e-05
4.447762083e-05
3.66925968e-05
3.628566583e-05
1.901944197e-05
1.090199009e-05
1.29696917e-07
1.31970547e-06
2.075076014e-06
1.936462302e-06
2.494213237e-06
2.627798229e-06
2.950763814e-06
3.304190281e-06
3.622768366e-06
3.640678327e-06
4.085202603e-06
4.65988942e-06
4.73385774e-06
5.5147516e-06
8.363866796e-06
5.954017873e-06
5.712776248e-06
8.773080017e-06
5.096270672e-06
4.441040619e-06
5.460817089e-06
3.932144086e-06
3.729068549e-06
3.779458315e-06
3.76839897e-06
3.680659277e-06
3.73936526e-06
3.022579439e-06
2.772304053e-06
2.844664646e-06
3.601963342e-06
4.956022515e-06
5.116329863e-06
3.686938764e-06
1.338953694e-06
1.612506602e-06
8.373381481e-07
7.33402307e-07
8.088011584e-07
3.585991667e-07
2.784483838e-07
2.295303898e-07
3.178753964e-07
4.22576131e-07
4.354107356e-07
5.655857982e-07
5.125220864e-07
3.239995765e-07
6.592418686e-07
3.15850418e-06
1.578204583e-05
1.092660054e-05
1.011136439e-05
1.833982598e-05
1.405606344e-05
2.1179574e-05
3.261768415e-05
3.174653141e-05
4.593035744e-05
4.918353139e-05
6.114908101e-05
6.285231119e-05
3.416689072e-05
4.532742067e-06
4.376784929e-06
4.092435514e-06
4.170354713e-06
3.989023134e-06
4.431764504e-06
3.818159171e-06
3.636775276e-06
4.270157442e-06
3.50082028e-06
3.426160093e-06
3.784415944e-06
3.38692989e-06
3.417507843e-06
3.581681535e-06
3.485178514e-06
3.384559318e-06
3.554151189e-06
2.946701006e-06
2.592748402e-06
2.672807992e-06
2.719530086e-06
3.306289828e-06
4.215100626e-06
2.564938438e-06
1.199847453e-06
1.170375987e-06
9.710492555e-07
8.117172977e-07
7.358834759e-07
6.189127566e-07
5.343191879e-07
3.809551205e-07
5.416828443e-07
6.331258134e-07
4.855751935e-07
8.043106484e-07
9.796599748e-07
7.113623059e-07
1.217045501e-06
2.08546383e-06
2.250497122e-06
2.792840483e-06
1.441262582e-06
4.386589457e-06
7.076953321e-07
3.390519094e-07
8.661827645e-06
5.316074232e-06
4.434520502e-06
3.9681537e-06
4.052880121e-06
3.832740884e-06
3.490550135e-06
3.718711695e-06
3.600833884e-06
3.351565404e-06
3.446332694e-06
3.291217717e-06
3.305726879e-06
3.152697372e-06
2.974179388e-06
3.186265648e-06
2.703938657e-06
2.441389921e-06
2.52740798e-06
2.273253142e-06
2.199831501e-06
2.618708682e-06
1.52460674e-06
1.060266422e-06
1.153649777e-06
1.131686152e-06
1.056513387e-06
9.277411808e-07
9.843613249e-07
9.597182866e-07
7.317867021e-07
1.009065064e-06
1.154534465e-06
8.633111862e-07
1.398514092e-06
1.683822606e-06
1.315893188e-06
2.01033789e-06
2.653683208e-06
2.275543202e-06
3.620832247e-06
4.665075841e-06
3.199686567e-06
4.413799129e-06
3.737801339e-06
3.419665028e-06
3.141400811e-06
2.661899017e-06
2.777497306e-06
2.317660211e-06
2.127971033e-06
2.306996418e-06
2.006615567e-06
1.802690379e-06
1.958914281e-06
8.854305702e-07
8.864828055e-07
9.689546631e-07
1.176334201e-06
1.291356478e-06
1.181954396e-06
1.360680787e-06
1.448255781e-06
1.201820542e-06
1.565492653e-06
1.746056218e-06
1.465624886e-06
)
;

boundaryField
{
    dominio_ascii
    {
        type            zeroGradient;
    }
    wallFilmFaces_top
    {
        type            zeroGradient;
    }
    region0_to_wallFilmRegion_wallFilmFaces
    {
        type            zeroGradient;
    }
}


// ************************************************************************* //
