/*--------------------------------*- C++ -*----------------------------------*\
| =========                 |                                                 |
| \\      /  F ield         | OpenFOAM: The Open Source CFD Toolbox           |
|  \\    /   O peration     | Version:  2.1.x                                 |
|   \\  /    A nd           | Web:      www.OpenFOAM.org                      |
|    \\/     M anipulation  |                                                 |
\*---------------------------------------------------------------------------*/
FoamFile
{
    version     2.0;
    format      ascii;
    class       surfaceScalarField;
    location    "0.7";
    object      phi;
}
// * * * * * * * * * * * * * * * * * * * * * * * * * * * * * * * * * * * * * //

dimensions      [1 1 -1 0 0 0 0];

internalField   nonuniform List<scalar> 
5536
(
1.971129102e-09
7.208453959e-11
-3.18001767e-09
3.245410171e-09
8.787984207e-10
-2.569390358e-09
1.817592836e-09
5.922047447e-10
-1.252560169e-09
8.995638615e-10
3.290642005e-10
-6.938885274e-10
5.622256372e-10
1.973478092e-11
-6.756464099e-09
-3.15956862e-09
1.968728967e-09
-2.823691012e-09
-8.670269489e-10
7.926897275e-10
5.956243706e-10
-7.233065419e-10
-3.264442529e-10
2.733183234e-10
2.25799276e-10
-1.660316267e-10
-2.63184792e-10
5.003933064e-11
4.899282637e-10
8.733998078e-11
-9.013492756e-10
-7.080564593e-10
1.130485403e-09
4.185248337e-10
-9.316523437e-10
-3.885181908e-10
5.8451728e-10
2.629492256e-10
-3.366084363e-10
-1.64552827e-10
2.110692501e-10
1.833322869e-10
-1.920969727e-10
-8.958991716e-12
3.199434817e-10
5.051372065e-10
-7.951760887e-10
-1.855873532e-11
2.007453761e-09
2.978547722e-09
-4.910024577e-09
6.981335232e-11
1.699160593e-08
-2.868125e-08
1.188167429e-08
2.977852061e-08
4.748472745e-08
-2.992860245e-08
-3.397176261e-09
-3.417512626e-09
5.037520843e-09
3.041053049e-09
-2.313181736e-09
-2.567655146e-09
3.431018477e-09
2.18627583e-09
-2.118926925e-09
-1.937925142e-09
2.181712275e-09
1.78524471e-09
-1.668755928e-09
-1.594602467e-09
5.587684526e-10
1.299384791e-09
-1.983180091e-10
-9.032645237e-10
-4.056288561e-11
7.880631293e-10
3.295838854e-10
-7.735556823e-10
-2.457106755e-10
7.481298484e-10
4.163174774e-10
-6.798820477e-10
-3.427716193e-10
5.877598073e-10
4.187333596e-10
-4.987742937e-10
-2.899847789e-10
4.726562874e-10
5.163965421e-10
-5.879220156e-10
-5.127794848e-10
9.600077221e-10
1.446351845e-09
-1.799214261e-09
-2.150100505e-09
3.41015038e-09
5.049377128e-09
-6.161926111e-09
-8.451350182e-09
1.0418864e-08
1.456688499e-08
-1.628911734e-08
-2.785222792e-08
2.283569432e-08
3.207147741e-08
-2.67154986e-08
-4.010267709e-08
2.147360304e-08
3.099759915e-08
-1.218763493e-08
1.540219073e-10
1.193954667e-10
-3.188757127e-10
2.319480553e-13
-4.289624511e-10
-4.711223307e-13
9.69030071e-11
2.979938607e-09
-1.943200479e-09
-2.590145699e-09
1.883203563e-09
1.788266846e-09
-1.283398823e-09
-1.447619799e-09
1.434927369e-09
1.238133015e-09
-1.094137442e-09
-1.138382626e-09
1.510458066e-09
1.202022249e-09
-1.219231295e-09
-1.524402129e-09
1.194183824e-09
2.180419664e-09
-6.765008374e-10
-2.935487868e-09
-3.841214822e-10
3.037911166e-09
1.217321938e-09
-2.535826595e-09
-7.063885916e-10
2.007371792e-09
1.247659195e-09
-1.627017947e-09
-6.616351248e-10
1.344309646e-09
1.046913576e-09
-1.135758022e-09
-6.506423131e-10
1.046762686e-09
1.112842077e-09
-1.153255635e-09
-1.092631029e-09
1.587597356e-09
2.205928589e-09
-2.609220206e-09
-3.16658054e-09
4.649095631e-09
6.153069612e-09
-8.142563865e-09
-8.81967891e-09
1.287236423e-08
1.443348496e-08
-1.723955307e-08
-1.972533444e-08
1.932288187e-08
2.390520085e-08
-1.99097348e-08
-3.19800131e-08
2.079566369e-08
2.936095248e-08
-1.792661698e-08
-2.274755962e-08
1.14335599e-08
1.611154349e-08
-4.742431517e-09
5.587766044e-10
4.480501855e-10
-1.143791509e-09
7.604918923e-11
8.930352069e-10
-7.007933292e-11
-1.81792851e-09
-1.051313692e-11
3.302859154e-11
-7.385175628e-11
1.41645323e-11
-3.671738169e-12
-1.794175601e-11
-1.747883265e-11
3.36675833e-09
4.803796386e-09
-2.567571229e-09
-2.239720655e-09
1.288012651e-09
1.490952563e-09
-9.60351097e-10
-1.273819104e-09
1.018247727e-09
1.200205933e-09
-9.140173158e-10
-1.166415411e-09
1.017863936e-09
1.141758849e-09
-1.155864755e-09
-1.130551263e-09
1.096596417e-09
1.213183908e-09
-1.402436245e-09
-1.6187682e-09
2.218186083e-10
2.948063461e-09
-1.393289883e-10
-5.414125596e-09
-2.161617556e-09
5.063756162e-09
3.298267544e-09
-4.015146973e-09
-2.018533093e-09
3.375554687e-09
3.099266586e-09
-2.816203794e-09
-1.659589879e-09
2.468173517e-09
2.790658846e-09
-2.382752814e-09
-1.927739794e-09
2.751469722e-09
3.657296604e-09
-4.012658838e-09
-4.071397725e-09
6.828953719e-09
7.886190446e-09
-1.137331732e-08
-1.081692751e-08
1.63451257e-08
1.400500122e-08
-1.957680643e-08
-2.053251481e-08
1.998869693e-08
1.531220824e-08
-1.885399325e-08
-2.751919855e-08
1.844751691e-08
2.258707253e-08
-1.84822428e-08
-2.556132532e-08
1.589415813e-08
2.352420691e-08
-1.155180015e-08
-1.107069429e-08
6.802864168e-09
7.150356455e-09
-3.056242748e-09
2.602180765e-09
7.877949487e-10
-5.54635156e-09
2.240757332e-09
2.914319179e-09
-2.934545482e-09
-3.28249927e-09
7.061771418e-10
1.684132063e-10
-3.148480434e-10
-2.231686005e-10
1.435105295e-10
2.126529148e-11
-7.515194823e-11
-1.149571035e-11
4.675429701e-11
5.510371715e-13
-3.136899512e-11
5.933471401e-09
1.130916169e-08
-5.35663257e-09
-6.785839763e-09
2.184069168e-09
3.576167493e-09
-2.126373371e-09
-1.843873802e-09
8.39708139e-10
1.191591713e-09
-9.358330276e-10
-1.048185459e-09
9.026246008e-10
1.14380666e-09
-9.778197569e-10
-1.413217468e-09
1.569030866e-09
1.964641265e-09
-2.284419246e-09
-3.332778611e-09
2.968765081e-09
6.66231682e-09
-7.028277577e-09
-1.199075047e-08
8.352163208e-10
1.873558474e-08
-2.207072279e-09
-3.014505443e-08
-5.686842882e-09
3.720958657e-08
1.015146856e-08
-3.765454784e-08
-5.456447841e-09
3.866186309e-08
1.201750694e-08
-4.185711936e-08
-5.956138131e-09
4.994927985e-08
1.170652465e-08
-6.537503202e-08
-7.552863439e-09
8.593920153e-08
5.532264899e-09
-1.025922425e-07
-1.144158112e-08
1.07283458e-07
1.699999047e-09
-1.004392956e-07
-1.373525861e-08
8.606784183e-08
8.181920313e-09
-6.870918077e-08
-1.14997221e-08
4.721417874e-08
8.672016661e-09
-2.911163283e-08
-2.028515841e-08
2.374450794e-08
2.349378628e-08
-2.600319308e-08
-2.398284026e-08
2.096583423e-08
2.445167274e-08
-1.383632777e-08
-2.706277673e-09
5.931576708e-09
-7.162377238e-10
4.361224993e-09
4.751080418e-09
-7.591789316e-09
-8.572788529e-10
6.458357152e-09
2.427787617e-09
-4.95647062e-09
-9.188283299e-11
2.679059025e-09
8.550183954e-11
-6.313603525e-10
1.936750528e-12
8.402020631e-11
-1.226623481e-11
-4.150186326e-11
1.028011877e-11
4.725302831e-11
-4.704094969e-12
-5.509985873e-11
4.827637363e-12
9.620228115e-12
-3.056277325e-10
3.40959841e-09
4.044819383e-09
-2.102382009e-09
-7.679721637e-09
7.561260862e-09
4.246489817e-09
-3.124330176e-09
-6.180839509e-09
2.366818852e-09
4.523419129e-09
-2.948500069e-09
-3.327664124e-09
1.423125784e-09
2.580234449e-09
-2.951411572e-09
-2.045053054e-09
1.255557809e-09
1.734320793e-09
-2.537738512e-09
-1.979307952e-09
2.151070222e-09
3.468701615e-09
-3.86696824e-09
-8.393216221e-09
5.736834523e-09
2.013884718e-08
-5.475439057e-09
-3.34810391e-08
3.443278706e-09
4.425671297e-08
1.11352861e-09
-5.691517529e-08
-1.162184966e-08
6.733742818e-08
9.288342508e-09
-7.645392674e-08
-1.594712355e-08
8.831626158e-08
7.570446879e-09
-1.024061675e-07
-1.189390977e-08
1.140511451e-07
-6.867076939e-09
-1.120677194e-07
-1.838184705e-11
9.156612465e-08
-2.180700227e-08
-6.049886043e-08
2.620537157e-09
3.102231896e-08
-2.378108548e-08
-7.866077483e-09
-4.760459568e-09
7.28397768e-09
-1.286202564e-08
-3.329067855e-08
-5.302459947e-09
4.238933635e-08
-1.423907555e-08
-3.480026872e-08
-3.700657141e-08
4.917672475e-09
3.51888673e-08
7.254773262e-09
-2.200068994e-08
-8.836939637e-10
2.602458146e-09
-4.474134249e-10
1.552716487e-09
1.16071542e-09
-1.953012927e-09
-8.818304496e-10
-1.223771268e-10
1.061263339e-09
8.01708277e-10
-1.87116699e-09
-3.069108483e-10
2.609445844e-09
1.032877888e-09
-3.332383357e-09
-5.752639137e-10
4.107801211e-09
1.497132651e-09
-4.905855292e-09
-8.50867991e-10
5.709703843e-09
1.922204489e-09
-6.483250201e-09
-1.179673254e-09
7.182851999e-09
2.266601044e-09
-7.743604026e-09
-1.567693071e-09
2.240432592e-09
-7.932784236e-09
8.046063667e-09
-6.611350557e-10
-1.856704635e-09
1.54372636e-09
2.241919989e-09
-1.14208061e-09
-2.915313798e-09
2.280180933e-09
3.802264051e-09
-2.151308772e-09
-4.995851636e-09
3.901422764e-09
6.731030756e-09
-4.647512378e-09
-9.16142326e-09
6.36543179e-09
1.178405438e-08
-8.420235371e-09
-1.349156694e-08
6.851851619e-09
1.367408818e-08
-9.893025417e-09
-1.290506133e-08
7.715518075e-09
1.251298508e-08
-1.052331995e-08
-1.353969973e-08
8.9954014e-09
1.684243602e-08
-1.852993563e-08
-2.147741164e-08
1.695256374e-09
2.343023251e-08
-1.00540941e-08
-3.244833295e-08
-1.770272377e-09
4.615188672e-08
-1.316019096e-08
-5.623004257e-08
2.121119861e-09
6.023757323e-08
-1.370581204e-08
-5.909559079e-08
1.054392123e-08
5.531117292e-08
-1.367615318e-08
-4.867571149e-08
2.126634561e-08
3.865413245e-08
-1.785886226e-08
-2.666203778e-08
2.590793682e-08
1.724470968e-08
-2.20500521e-08
-1.134400137e-08
1.860431734e-08
7.795217156e-09
-2.213069335e-08
-6.660730387e-09
2.339459296e-08
6.053607712e-09
-2.312931876e-08
-5.120670173e-09
7.564728644e-09
4.524005732e-09
-1.626796615e-08
-9.431716049e-10
8.654227455e-09
-4.414283768e-09
-9.652672154e-09
-9.177450182e-10
-3.025942232e-10
4.210864584e-09
2.520878213e-09
-5.211517833e-09
-1.697293527e-09
5.066790501e-09
2.598238693e-09
-5.549630642e-09
-1.928076461e-09
6.152639489e-09
2.728477764e-09
-6.613822269e-09
-2.303612859e-09
6.878878753e-09
2.794318154e-09
-6.878483246e-09
-2.421363951e-09
6.566353691e-09
2.412046302e-09
-5.939535752e-09
-2.028500241e-09
5.025292072e-09
1.525611597e-09
-3.925879625e-09
-8.897137948e-10
2.847985741e-09
4.604656122e-10
-2.083819265e-09
2.924819896e-10
1.844637884e-10
-2.245739697e-09
1.855438624e-09
4.427697032e-10
7.718714717e-10
-4.090420653e-10
-9.213741779e-10
8.266539456e-10
1.318872559e-09
-6.354121678e-10
-2.100896269e-09
1.777660653e-09
3.577276947e-09
-1.502588923e-09
-6.090510755e-09
4.173136171e-09
9.748310482e-09
-4.137079478e-09
-1.415102814e-08
7.139500428e-09
1.849965992e-08
-7.118097362e-09
-2.187082683e-08
8.217133849e-09
2.339875119e-08
-7.842604612e-09
-2.323134159e-08
1.089490565e-08
2.370029235e-08
-1.526443839e-08
-2.751537916e-08
3.007648578e-08
3.114310816e-08
-3.086156412e-08
-2.586119546e-08
1.305710063e-08
1.55834041e-08
-1.337233868e-08
-1.705000225e-08
1.836432607e-08
1.795607706e-08
-1.545716872e-08
-1.601336292e-08
1.606665147e-08
1.27902061e-08
-9.761223973e-09
-9.989611749e-09
1.22185057e-08
9.375282037e-09
-8.622104281e-09
-1.115059476e-08
1.721921657e-08
1.363235829e-08
-1.664323914e-08
-1.487400181e-08
2.208689881e-08
1.430351033e-08
-2.194390904e-08
-1.292169706e-08
2.315043978e-08
1.150122119e-08
-2.455923264e-08
-1.036650523e-08
2.300129691e-08
1.057033734e-08
-2.454466057e-08
-9.124922517e-09
1.882364913e-08
7.200378319e-09
-2.059989723e-08
-3.890228029e-09
7.097354314e-09
2.025136561e-09
-3.93912471e-09
-6.691810314e-09
-3.636467095e-09
1.051778861e-08
4.616993367e-09
-1.202703738e-08
-3.156218402e-09
1.284542108e-08
3.33922861e-09
-1.296903982e-08
-3.024909596e-09
1.15337269e-08
1.77658909e-09
-8.647022285e-09
-2.876601601e-09
5.846995764e-09
2.56540175e-09
-4.836396613e-09
-2.022774544e-09
3.777804285e-09
1.545259178e-09
-2.726161814e-09
-9.865551508e-10
1.749535247e-09
5.713078137e-10
-1.002077806e-09
-2.72299945e-10
5.441198439e-10
1.445874876e-10
-3.252838334e-10
-1.809577689e-10
2.099698479e-10
5.413750221e-11
-7.544760623e-11
1.190829683e-11
-1.775063218e-11
-3.104665236e-10
-7.640282408e-10
7.155683826e-10
3.52948136e-10
-3.238771484e-10
-8.530543613e-10
5.323538893e-10
1.187453418e-09
-5.312086239e-10
-1.998785087e-09
1.296563117e-09
3.892411473e-09
-1.378793151e-09
-7.447750028e-09
3.886852697e-09
1.219698111e-08
-3.634490714e-09
-1.674399011e-08
6.704631505e-09
2.015110098e-08
-5.824726878e-09
-2.276131292e-08
9.220704646e-09
2.683368183e-08
-1.023025521e-08
-3.550205843e-08
1.9165286e-08
4.300005048e-08
-1.328163965e-08
-3.43994408e-08
1.39394873e-08
1.602041653e-08
-2.17785273e-09
-6.859589615e-09
1.051775791e-08
6.339312071e-09
-4.956832387e-09
-1.889398717e-09
1.152842307e-08
9.065861199e-09
-1.015045612e-08
-7.780279481e-09
4.808714779e-09
4.680794834e-09
-3.134080182e-09
-4.130525286e-09
7.289035247e-09
5.96523062e-09
-7.467791097e-09
-9.421484412e-09
1.70725491e-08
1.32462058e-08
-1.803289415e-08
-1.558256772e-08
2.328173001e-08
1.571007492e-08
-2.454638968e-08
-1.47557532e-08
2.666650151e-08
1.428464773e-08
-2.758371389e-08
-1.422086619e-08
2.657242192e-08
1.339912124e-08
-2.691416777e-08
-1.120995381e-08
2.016756846e-08
9.032288238e-09
-1.813432496e-08
-9.476978566e-09
-3.479504672e-09
1.036385023e-08
9.051635907e-09
-1.701553905e-08
-1.113906177e-09
1.878298969e-08
-9.101464042e-09
-8.032894716e-09
-2.55257002e-09
6.189747872e-09
1.452972092e-09
-4.711357978e-09
-7.207054531e-10
5.452029427e-09
8.07894151e-10
-7.086252336e-09
-2.629357909e-09
5.043178147e-09
2.461705198e-09
-3.234146087e-09
-9.044621684e-10
2.038911254e-09
2.954470258e-10
-1.192277413e-09
-3.550814543e-10
1.045336362e-09
6.780312035e-10
-1.26447706e-09
-1.037721966e-10
1.919623817e-09
1.350083834e-09
-3.137798133e-09
-3.143232462e-11
5.179660153e-09
3.403979213e-09
-8.530828129e-09
-3.386091093e-12
9.043211283e-09
-2.306652933e-08
1.402617788e-08
2.106117359e-10
-3.039285892e-11
-8.671167219e-10
9.991118128e-10
3.173674765e-10
-3.296875743e-10
-1.336275367e-09
6.461847591e-10
2.084302923e-09
-8.800604827e-10
-3.651618505e-09
1.839425972e-09
6.406734284e-09
-2.264903659e-09
-1.012606083e-08
3.495071546e-09
1.399262683e-08
-3.062530001e-09
-1.713844984e-08
4.296677381e-09
1.897802286e-08
-2.527216503e-09
-1.928228621e-08
4.018992837e-09
1.839765444e-08
-1.361097258e-09
-1.731312895e-08
2.929824101e-09
1.64504444e-08
2.425139444e-09
-1.453106497e-08
-7.17424167e-11
1.051142848e-08
1.136982696e-08
-7.807052503e-09
6.095296277e-09
1.11300866e-08
-6.447737239e-09
-9.33209276e-09
6.34216208e-09
6.632832505e-09
-7.865218585e-09
-4.716395547e-09
3.694300594e-09
3.800502345e-09
-4.898853864e-09
-4.713314053e-09
8.426212613e-09
8.133859412e-09
-9.169293622e-09
-1.256981983e-08
1.873638786e-08
1.694234367e-08
-1.802357821e-08
-1.981321637e-08
2.496065997e-08
2.030928236e-08
-2.369905992e-08
-1.921707347e-08
2.728667433e-08
1.802288972e-08
-2.57655507e-08
-1.710688213e-08
2.54185099e-08
1.575038237e-08
-2.285205072e-08
-1.461190312e-08
1.422278775e-08
1.562871669e-08
-7.531620731e-09
-1.925801696e-08
-1.288998629e-08
1.627812915e-08
1.829922157e-08
-7.017538066e-09
5.185811611e-09
3.480274515e-09
-5.009165801e-11
-5.450654853e-09
-6.480804858e-10
1.920500007e-09
4.071003175e-10
-5.08427814e-10
-9.658636046e-11
1.117285759e-10
7.275070749e-11
-1.960048408e-11
-2.20343078e-09
-2.907643946e-11
1.473907705e-09
6.435505172e-10
-4.731176684e-09
-1.034972256e-09
8.815065597e-09
-3.321692164e-09
-1.953749175e-09
5.534378404e-09
3.761660226e-09
-7.39380916e-09
-3.692023592e-09
9.554148714e-09
6.266602284e-09
-1.207785767e-08
-7.132823841e-09
1.480957676e-08
9.823845825e-09
-1.744268592e-08
-1.229542005e-08
1.321607694e-08
-2.035390711e-08
1.9488385e-08
1.564341781e-10
1.099940583e-09
-1.864007747e-10
-1.522961198e-09
3.868843594e-10
2.263367741e-09
-6.094385434e-10
-3.43379218e-09
1.090688503e-09
5.090062673e-09
-1.127383901e-09
-7.022299673e-09
2.084780116e-09
8.865799802e-09
-1.356074134e-09
-1.035472007e-08
2.358968713e-09
1.134372098e-08
-1.275523608e-09
-1.170229048e-08
1.661446434e-09
1.130830834e-08
-9.349418113e-10
-1.01262668e-08
8.156533052e-10
8.268333804e-09
-5.855532885e-10
-6.062674829e-09
6.214911241e-11
4.372386506e-09
-4.993159067e-10
-5.868681923e-09
-1.619091879e-08
1.335822027e-08
-1.38907382e-09
-1.627177779e-08
8.538507015e-09
6.624243316e-09
-8.542100995e-09
-6.054517086e-09
7.148952617e-09
4.487222024e-09
-5.333478895e-09
-3.680153708e-09
5.07606407e-09
4.140964439e-09
-4.032740063e-09
-5.93409486e-09
8.730426004e-09
9.048526262e-09
-6.872556176e-09
-1.178038738e-08
1.518719754e-08
1.444561427e-08
-1.062602052e-08
-1.737152055e-08
2.017202883e-08
1.964164292e-08
-1.467079877e-08
-2.061149847e-08
2.255560216e-08
2.076931058e-08
-1.783082809e-08
-2.064290997e-08
1.742597665e-08
2.044800879e-08
-1.177963476e-08
-2.204071791e-08
-6.412226739e-09
2.795620508e-08
1.441057249e-08
-3.189909298e-08
-1.656276322e-08
2.174189361e-08
2.30143572e-08
-4.703267846e-09
-6.668154697e-11
4.533812441e-10
1.280201493e-09
2.522044912e-10
-2.945170148e-09
-3.990950982e-09
7.38454594e-09
6.788304236e-09
-4.32938625e-09
-2.524983357e-09
4.124284795e-09
-1.399658178e-09
-3.750267716e-09
4.370294145e-09
5.816322363e-09
-6.078716601e-09
-8.279391523e-09
7.854756282e-09
7.124534016e-09
-8.680930657e-09
-5.480049462e-09
9.992209179e-09
6.63973924e-09
-1.114890195e-08
-7.865960174e-09
1.196086265e-08
8.136599158e-09
-1.218692901e-08
-9.74650174e-09
1.153678348e-08
7.998709727e-09
-9.751777735e-09
-8.398086149e-09
6.764318014e-09
4.670678284e-09
-3.016077525e-09
-6.046865493e-11
3.36899196e-11
3.165164615e-11
9.368103327e-09
6.86401958e-10
-8.962624281e-10
-9.409757736e-09
9.383001354e-10
9.077146468e-09
-5.185990972e-10
-8.74606607e-09
7.406882475e-10
8.584207385e-09
9.686977384e-11
-8.587815906e-09
2.879899604e-10
8.553520316e-09
7.235629545e-10
-8.234677733e-09
-1.265683909e-10
7.493648116e-09
1.068014559e-09
-6.331993364e-09
-2.695779325e-10
4.861169819e-09
7.153104428e-10
-3.35713642e-09
5.204945853e-11
2.247000079e-09
-5.717033587e-10
-2.218568642e-09
1.454131674e-09
3.927743871e-09
-4.516964838e-09
-6.97383825e-09
7.04806456e-09
9.236579362e-09
-9.051088519e-09
-9.338896581e-09
8.080314588e-09
7.36266205e-09
-7.999113902e-09
-4.659916885e-09
3.881316482e-09
2.572705203e-09
-2.942474012e-09
-1.763242643e-09
2.863999337e-09
2.164438172e-09
-3.286846923e-09
-3.477684999e-09
4.538414494e-09
5.290509253e-09
-3.682173814e-09
-6.030220739e-09
5.988660564e-09
6.143619914e-09
-2.893225155e-09
-7.050100752e-09
8.862216268e-09
9.96085954e-09
-4.751113347e-09
-1.46656202e-08
1.25875049e-08
1.957477161e-08
-8.377123211e-09
-2.393807631e-08
6.333868397e-09
2.829412095e-08
-4.855572797e-09
-3.186088141e-08
-1.776742561e-08
3.355849403e-08
1.59285278e-08
-3.343414952e-08
-3.072098277e-08
2.714410444e-08
3.371160663e-08
-1.631977002e-08
-8.369151976e-09
9.735795224e-09
1.790470433e-08
-7.763346107e-09
-8.501262918e-09
7.274597095e-09
8.642374704e-09
-7.054082307e-09
-5.810090886e-09
7.73060645e-09
7.704111303e-09
-8.752802824e-09
-6.686903873e-09
9.306383931e-09
6.922789766e-09
-9.831836232e-09
-6.711570268e-09
1.036213723e-08
6.801833152e-09
-1.072343754e-08
-7.08593888e-09
1.088582984e-08
7.060393535e-09
-1.065472811e-08
-7.379050364e-09
9.917923187e-09
6.265128476e-09
-8.615774627e-09
-5.79781578e-09
6.735728839e-09
3.692858647e-09
-4.401795265e-09
-2.400601495e-09
2.142352889e-09
9.040709768e-10
-5.621481739e-10
-1.829269478e-11
1.096059018e-11
9.609318936e-12
2.916930544e-09
1.402510799e-09
-2.261670804e-08
2.159645516e-08
-1.899559811e-10
1.752235693e-09
-2.000261583e-08
-5.657028742e-10
1.807345067e-08
1.599484946e-09
-1.596930582e-08
-1.037742014e-09
1.382151485e-08
1.543512723e-09
-1.1739512e-08
-1.34527888e-09
9.812800229e-09
1.278440801e-09
-8.138310873e-09
-1.145351473e-09
6.933555607e-09
1.838473564e-10
-6.861319776e-09
2.704780456e-10
9.032169179e-09
-3.770899676e-09
-1.28759056e-08
4.668788954e-09
1.600643388e-08
-8.614797355e-09
-1.771026922e-08
8.472769869e-09
1.855341882e-08
-1.183065386e-08
-1.872315217e-08
1.142968152e-08
1.764373533e-08
-1.321281771e-08
-1.449593933e-08
8.112675114e-09
9.580077885e-09
-7.776834043e-09
-4.786869085e-09
2.360339587e-09
1.988386252e-09
-2.360053973e-09
-1.620622315e-09
1.017565441e-08
3.309324697e-09
-2.883899241e-08
-1.333396957e-09
6.323835266e-09
6.603518679e-10
-1.046880714e-08
-1.647156989e-09
1.277732648e-09
1.90503319e-09
-5.296009447e-10
-2.153232965e-09
2.348011905e-09
3.638369575e-09
-7.411053653e-10
-7.741129989e-09
5.63109123e-09
1.620748997e-08
-1.360729219e-09
-3.065715366e-08
8.02554002e-09
4.701784391e-08
-7.946081233e-09
-5.309911384e-08
-8.203243311e-09
5.121733533e-08
4.243055334e-09
-4.251710746e-08
-3.093825285e-08
3.282250573e-08
2.718176899e-08
-2.760505496e-08
-2.146885855e-08
2.153608575e-08
2.016798536e-08
-1.526182192e-08
-9.387723999e-09
1.370632194e-08
1.013999052e-08
-1.276060641e-08
-8.645887234e-09
1.207842644e-08
8.68177186e-09
-1.147686485e-08
-7.03944881e-09
1.099309909e-08
6.946926228e-09
-1.081799606e-08
-6.910393654e-09
1.049445112e-08
6.51976993e-09
-9.866245063e-09
-6.639603618e-09
8.913929197e-09
5.553476088e-09
-7.695385155e-09
-5.147331372e-09
6.358457105e-09
3.745243984e-09
-5.153937982e-09
-2.512720752e-09
4.485471596e-09
-8.883565442e-13
-2.664597751e-09
-1.021068666e-09
2.93331382e-09
1.832421937e-09
-3.768503639e-09
-3.426616875e-09
4.506496983e-09
-6.615131066e-09
5.378246456e-09
-4.059970598e-09
6.117248952e-09
-2.503374976e-08
2.326692253e-08
-3.473448202e-09
5.239973271e-09
-2.080199356e-08
-2.450301678e-09
1.791899847e-08
3.268333921e-09
-1.495534094e-08
-1.311165971e-09
1.219515267e-08
1.301886546e-09
-9.939001843e-09
-7.951076339e-11
8.576259455e-09
-6.401559539e-11
-8.542168109e-09
1.615135644e-09
1.013913286e-08
-1.399280703e-09
-1.352328743e-08
5.645448014e-09
1.845883096e-08
-5.136634848e-09
-2.378863259e-08
1.013954506e-08
2.816367086e-08
-9.866272627e-09
-3.099231373e-08
1.309939999e-08
3.211135889e-08
-1.258385295e-08
-3.104377136e-08
1.291180885e-08
2.703189564e-08
-1.139495388e-08
-2.003008588e-08
6.704517343e-09
1.174171932e-08
-5.557254797e-09
-5.229019184e-09
3.652524586e-09
3.26723154e-09
-7.353455319e-09
-6.905004158e-09
4.560024251e-08
1.003849017e-08
-4.53998944e-08
-1.356246785e-10
6.883893035e-09
-1.226641082e-09
-1.691223718e-09
4.952973589e-09
1.350120933e-10
3.969451332e-10
-6.500447842e-11
-9.088867291e-10
8.30633358e-11
2.017167545e-09
-9.441339243e-10
-6.592015402e-09
2.298032099e-09
2.061898077e-08
-1.696133678e-08
-3.925631533e-08
1.806317079e-09
4.000378651e-08
-1.114806958e-09
-3.271198967e-08
-6.420073525e-09
3.435230902e-08
1.437439303e-08
-3.691456341e-08
-2.793656723e-08
3.495597618e-08
2.987520719e-08
-2.837372935e-08
-1.866649705e-08
2.230681443e-08
1.61559287e-08
-1.695210158e-08
-1.069196449e-08
1.491695025e-08
1.105241541e-08
-1.336208104e-08
-8.359088013e-09
1.183004518e-08
8.169850677e-09
-1.015833821e-08
-6.517944323e-09
8.591555339e-09
6.112094113e-09
-7.519870868e-09
-5.644583075e-09
6.555487559e-09
3.964062201e-09
-5.567314429e-09
-4.043968172e-09
4.369804759e-09
8.756838643e-10
-2.903497936e-09
-1.935162709e-09
1.442819193e-09
1.867252867e-10
-3.786817186e-10
4.375997519e-12
-1.851114547e-10
9.546641302e-11
4.769999738e-11
-1.711376372e-09
4.460058801e-09
3.629204102e-09
-4.437408172e-09
-4.31092367e-09
3.826533962e-09
-5.222160543e-09
4.805930339e-09
-6.922388148e-09
4.902675838e-09
-1.538142003e-08
1.395234159e-08
-6.169340839e-09
4.678896472e-09
-1.166017664e-08
-3.588967477e-09
8.971249374e-09
2.342169406e-09
-6.485088559e-09
-1.36533941e-09
4.773511137e-09
7.98769097e-10
-4.172740567e-09
-5.342231126e-10
4.710953063e-09
6.348148805e-10
-6.524731386e-09
3.671271354e-10
1.016508026e-08
1.226962323e-10
-1.594245738e-08
4.067893047e-09
2.281849421e-08
-2.781010786e-09
-2.885381934e-08
8.733175694e-09
3.295655154e-08
-7.03200917e-09
-3.505423037e-08
1.157206054e-08
3.532952679e-08
-1.046232744e-08
-3.377848357e-08
1.052298392e-08
3.019568437e-08
-1.017671511e-08
-2.45653198e-08
5.559289858e-09
1.782087815e-08
-6.330101048e-09
-1.319862284e-08
1.495989276e-08
1.626405938e-08
-1.933854249e-08
-1.832236617e-08
2.784277986e-08
9.316274297e-09
-7.953267907e-09
1.293521453e-09
6.195680498e-10
-4.849907765e-09
-5.85284775e-09
-1.574831309e-09
-6.105738147e-10
4.371691802e-09
1.487059232e-10
-9.043965666e-09
6.170857604e-09
1.813336614e-08
-8.729769902e-09
-2.588632741e-08
2.241415966e-08
2.850687953e-08
-1.41776128e-08
-3.108162303e-08
5.344602058e-09
2.592528026e-08
-9.040962086e-09
-1.316392668e-08
-1.897835373e-08
1.106138123e-08
4.231280006e-09
-1.78089237e-08
-2.811761757e-08
2.400696883e-08
1.288641941e-08
-1.409890312e-08
-8.70071338e-09
2.397109307e-09
1.658167338e-08
-1.461899854e-09
-1.09332412e-08
8.343177509e-09
1.24701392e-08
-9.521868511e-09
-8.626604568e-09
8.31003918e-09
8.759555543e-09
-7.621187832e-09
-4.21326562e-09
1.033531823e-08
-1.065022343e-08
-2.154823511e-08
4.073853286e-09
2.805285577e-08
-3.628957977e-08
-2.702218587e-08
1.400215857e-08
2.169931691e-08
-3.044893464e-08
-1.511592318e-08
5.560908878e-09
8.39132816e-09
-1.700642413e-08
-1.948943248e-09
-6.943525306e-11
2.980351937e-12
3.906850458e-11
1.682205289e-11
-6.88182605e-09
-5.387591447e-11
8.686405946e-09
-2.868432725e-09
-3.528140425e-09
3.547073471e-09
-3.851582522e-09
3.50348808e-09
-1.562546515e-09
3.509385029e-10
-2.130516775e-09
1.858129769e-09
-1.826119785e-09
4.299990091e-10
-1.48955725e-09
-8.540175842e-10
1.1547229e-09
3.022178126e-10
-1.009217789e-09
-4.347978614e-10
1.149785998e-09
3.629558629e-10
-1.702881696e-09
-6.832846366e-10
3.011015991e-09
7.673516927e-10
-5.63964087e-09
-7.567015465e-10
9.853219104e-09
1.295600958e-09
-1.501825394e-08
9.897940387e-10
1.992550697e-08
1.409094656e-10
-2.347379071e-08
4.873931486e-09
2.517669421e-08
-3.33046659e-09
-2.52773421e-08
8.325710834e-09
2.431205964e-08
-6.212979485e-09
-2.284557524e-08
8.176451858e-09
2.134162238e-08
-6.340003514e-09
-2.005600816e-08
3.531124548e-09
1.883268627e-08
-3.228165753e-09
-1.69501057e-08
2.136692841e-09
1.382592249e-08
5.952107579e-09
-1.051174754e-08
6.965395794e-10
8.245947169e-09
2.689103343e-08
-9.781288297e-09
5.315928984e-09
1.712676521e-08
2.887348129e-09
-2.555662408e-08
6.979997409e-09
3.108091452e-08
-1.470596524e-09
-3.537367311e-08
1.391951256e-08
3.942900746e-08
-5.006652832e-09
-4.709275253e-08
6.752595376e-09
5.389577464e-08
6.248553465e-10
-4.850676702e-08
4.919802674e-09
3.819338909e-08
1.47310065e-08
-2.731093174e-08
4.428234987e-09
2.336791386e-08
2.675766723e-09
-2.235743515e-08
-3.320577931e-10
2.229285132e-08
-1.920537853e-09
-1.77449081e-08
-2.543277624e-08
5.602360485e-09
1.191024591e-08
-9.385742882e-10
-9.363472538e-09
1.187324862e-08
-1.070333961e-08
-2.273200529e-08
-4.354362611e-09
3.792595975e-08
-2.381280746e-08
-5.073917827e-08
4.402323548e-08
4.689864466e-08
-4.603219722e-08
-4.841602019e-08
4.939984215e-08
5.476081073e-08
-5.218157974e-08
-5.4395146e-08
4.014405394e-08
4.842951501e-08
-4.459912689e-08
-3.991299895e-08
2.659457147e-08
3.044078308e-08
-3.370992357e-08
-2.106585625e-08
-2.18767692e-12
1.369379116e-08
-2.643890061e-08
-1.796330757e-09
-9.286055793e-09
5.244730838e-09
5.969827236e-09
-2.270685527e-09
-3.715075089e-09
3.740171264e-09
-2.957240943e-09
2.645018205e-09
-4.982517113e-10
-2.571904131e-09
1.102980668e-09
-2.338157035e-10
4.161687425e-10
-6.63028969e-10
-2.037490279e-10
5.291392423e-10
2.442380959e-10
-5.925122539e-10
-3.713454891e-10
8.322306652e-10
4.04338721e-10
-1.337467044e-09
-8.088382576e-10
2.357299689e-09
8.310501885e-10
-4.257642287e-09
-1.423859417e-09
7.147780196e-09
1.460756326e-09
-1.042624656e-08
-7.984581496e-10
1.302064211e-08
1.352827876e-09
-1.418305628e-08
1.783829359e-09
1.384300944e-08
-4.713666084e-10
-1.219554691e-08
3.938259788e-09
9.913391052e-09
-2.017837696e-09
-7.651649273e-09
3.978951276e-09
6.0053353e-09
-2.142097129e-09
-5.589071659e-09
2.925265486e-09
6.994619488e-09
-2.215913849e-09
-1.034750728e-08
-3.586051921e-09
1.516215896e-08
4.278657003e-10
-2.131432948e-08
-3.648702917e-08
2.943761272e-08
1.456040605e-08
-2.941278151e-08
-1.166804566e-08
3.44899302e-08
1.220394353e-08
-3.612237968e-08
-9.907059305e-09
3.377133111e-08
4.812992126e-09
-2.601969755e-08
5.787017273e-09
1.553839835e-08
-8.240485084e-09
-1.521546551e-08
4.945260184e-09
1.86808037e-08
-8.940506631e-09
-2.693541284e-08
6.309232605e-10
3.817262421e-08
-1.039140628e-08
-4.961117914e-08
3.300578399e-10
5.805714922e-08
-1.139413974e-08
-6.16825195e-08
6.386031564e-09
6.399112853e-08
-1.640339289e-08
-6.838729374e-08
1.223441932e-08
7.126944835e-08
-1.905758528e-08
-7.478519674e-08
1.947879152e-08
8.171256359e-08
-1.563316042e-08
-8.811617372e-08
2.605712289e-08
9.304353463e-08
-2.358732572e-08
-9.486351371e-08
4.149482597e-08
8.916690626e-08
-3.65531823e-08
-8.252978846e-08
4.845532102e-08
7.78947509e-08
-3.877775065e-08
-7.00777851e-08
4.12005149e-08
5.991126407e-08
-3.314902557e-08
-4.937405404e-08
3.132897637e-08
4.021253071e-08
-2.804150757e-08
-3.322401996e-08
2.419378744e-08
2.768606689e-08
-2.644178594e-08
-2.187312453e-08
5.205842377e-09
1.539748655e-08
-1.046053518e-08
-6.894417233e-09
-3.378248191e-09
4.229770582e-09
-3.626977329e-09
1.671914893e-09
2.81896137e-09
-8.072347537e-10
1.402335341e-09
-1.943052405e-09
-4.118126522e-10
1.615208278e-09
8.237548531e-10
-1.767008319e-09
-5.828026422e-10
2.278804056e-09
9.484717197e-10
-3.040423165e-09
-1.033417321e-09
3.982411476e-09
1.336834511e-09
-5.060019681e-09
-1.63019761e-09
6.18153114e-09
1.825353875e-09
-7.128647247e-09
-1.746801928e-09
7.57944468e-09
1.977212255e-09
-7.283846716e-09
-5.5347323e-10
6.266896136e-09
1.178064022e-09
-4.867409603e-09
7.268489529e-10
3.506311472e-09
-1.043887286e-11
-2.225402277e-09
9.259318537e-10
1.329934688e-09
-2.722724231e-10
-9.787051333e-10
9.451939886e-10
1.690721621e-09
-1.292033122e-10
-5.898323771e-09
2.7986211e-11
1.738578042e-08
-1.771792162e-10
-3.399549161e-08
-5.542745419e-09
4.564287912e-08
3.84232799e-09
-4.679166352e-08
-9.705224127e-09
3.883164351e-08
8.642430319e-09
-2.517920403e-08
-4.664351715e-09
1.697116165e-08
-4.257749702e-11
-1.127631075e-09
8.019261524e-09
3.199304785e-10
-4.283357973e-09
-6.045212075e-09
1.010451443e-08
8.635398396e-09
-9.891591269e-09
-1.037865082e-08
1.280879638e-08
1.194343751e-08
-1.414357922e-08
-1.399997026e-08
1.466234345e-08
1.757563854e-08
-1.513685023e-08
-2.332869356e-08
2.020542788e-08
3.105364494e-08
-1.505879008e-08
-3.955522688e-08
1.944116875e-08
4.684187117e-08
-1.777293775e-08
-5.167246659e-08
1.711935072e-08
5.396101437e-08
-1.801920747e-08
-5.204556193e-08
2.206834389e-08
4.862165994e-08
-1.58845053e-08
-4.543262172e-08
2.599787998e-08
4.35524237e-08
-1.592193901e-08
-4.290177796e-08
2.738169698e-08
4.217921571e-08
-1.962567434e-08
-4.067645184e-08
2.671401059e-08
3.85803521e-08
-2.42839754e-08
-3.665578899e-08
2.779463111e-08
3.588976483e-08
-3.07175793e-08
-3.641379292e-08
3.09329298e-08
3.612237214e-08
-3.681390755e-08
-3.090192882e-08
1.484511573e-08
1.919489521e-08
-2.245124352e-08
-6.850690385e-09
-1.582818176e-09
3.20948397e-10
9.916052677e-10
9.844959994e-09
2.117779353e-09
-6.108141751e-09
-2.210515482e-09
4.673610949e-09
-1.382031115e-09
1.931070338e-09
-3.870629032e-09
-1.205931374e-09
3.573071819e-09
1.292767124e-09
-3.602271993e-09
-1.312052996e-09
3.834654968e-09
1.134855923e-09
-4.165552659e-09
-1.492497093e-09
4.442735547e-09
1.14443059e-09
-4.478355731e-09
-1.504043998e-09
4.142550955e-09
1.012649037e-09
-3.43599117e-09
-9.287047993e-10
2.49313065e-09
5.691765828e-10
-1.540714102e-09
-2.168619892e-10
8.073224904e-10
1.766751905e-10
-4.074823831e-10
1.752287922e-13
3.123628899e-10
7.451018655e-11
-4.320620937e-10
1.67908079e-11
6.508594809e-10
8.050574088e-11
-9.10416058e-10
2.228509831e-10
1.298331362e-09
-5.726714323e-10
-1.64690006e-09
1.0973885e-09
1.565502972e-09
-1.002933832e-09
-1.583410114e-09
1.414023326e-09
1.259433789e-09
-3.037007815e-10
-5.908864824e-10
7.636541429e-10
7.475077814e-10
-4.62306484e-10
-1.32185514e-09
3.150450648e-09
2.48150547e-09
-1.944150284e-09
-4.716801938e-09
8.782489772e-09
7.704828963e-09
-6.877057577e-09
-1.100796328e-08
1.428906615e-08
1.386489431e-08
-1.290027496e-08
-1.499529675e-08
1.320797628e-08
1.339751811e-08
-1.052278324e-08
-9.99428232e-09
8.432065221e-09
6.892344652e-09
-5.358529752e-09
-5.474376387e-09
1.223744476e-08
6.675360222e-09
-9.904683771e-09
-1.214842455e-08
1.904436925e-08
1.385809016e-08
-1.757055767e-08
-1.080051196e-08
1.036247837e-08
9.113117615e-09
-6.788084344e-09
-9.069293416e-09
9.735022056e-09
1.105175614e-08
-6.116198079e-09
-1.506971278e-08
1.419943014e-08
2.082561159e-08
-8.807556999e-09
-2.771163776e-08
2.210861329e-08
3.505964061e-08
-1.622808056e-08
-4.243760362e-08
3.228486544e-08
4.942894316e-08
-2.669926442e-08
-5.53977788e-08
4.151303557e-08
5.897303713e-08
-3.962019589e-08
-5.778597673e-08
-5.210535043e-08
-2.94767362e-08
3.525144453e-08
4.900586612e-08
-4.812449954e-11
5.887820184e-12
-3.89346247e-09
5.314952532e-09
-1.038269824e-08
7.570141286e-09
-2.375926411e-09
2.712333717e-09
-5.300272645e-09
-1.23127735e-09
3.835733036e-09
1.199866623e-09
-3.123671958e-09
-9.272230183e-10
3.03674415e-09
8.267650348e-10
-3.389075591e-09
-1.012668471e-09
3.794714541e-09
1.103732467e-09
-3.803412598e-09
-8.777030166e-10
3.30780189e-09
1.051481719e-09
-2.54671402e-09
-4.955954028e-10
1.791407616e-09
6.178309277e-10
-1.197358242e-09
-2.306868892e-10
8.215256247e-10
3.269288594e-10
-6.653788696e-10
-2.539546048e-10
6.984750475e-10
3.300916173e-10
-8.604577312e-10
-2.091171225e-10
1.06926862e-09
2.977022889e-10
-1.291865084e-09
5.114245867e-10
1.481121843e-09
-4.121214722e-10
-1.265846975e-09
4.221184724e-10
7.682943169e-10
-2.169657743e-10
-4.335872296e-10
1.803393233e-10
2.825658742e-10
-1.241782635e-10
-2.742120233e-10
3.045581881e-10
3.82985128e-10
-2.299182632e-10
-5.992125088e-10
1.098282888e-09
1.031738686e-09
-6.269512884e-10
-2.004601145e-09
4.639361211e-09
4.059432413e-09
-2.556308908e-09
-7.435447336e-09
1.027955736e-08
1.114590906e-08
-7.193213925e-09
-1.294669348e-08
8.741077035e-09
1.17297325e-08
-8.810155841e-09
-8.92228538e-09
5.204378411e-09
6.587742239e-09
-8.090011977e-09
-5.845209213e-09
1.015975057e-08
6.856189644e-09
-1.062235565e-08
-9.135750457e-09
1.220133951e-08
6.893866745e-09
-7.023673529e-09
-3.891086288e-09
4.530861032e-09
2.54644629e-09
-3.381182793e-09
-1.897930512e-09
4.122910407e-09
1.859016586e-09
-3.768665465e-09
-2.748269582e-09
3.884778194e-09
3.743843795e-09
-1.49452739e-09
-7.008583509e-09
7.455620296e-09
1.091751585e-08
-1.857300018e-09
-1.58918632e-08
1.46406029e-08
2.220604343e-08
-4.774009277e-09
-3.027551183e-08
2.750217829e-08
4.077370832e-08
-1.266162522e-08
-5.410240509e-08
4.737175634e-08
-3.429486425e-08
-8.149899407e-08
6.917872017e-08
6.81780833e-09
-2.882999646e-09
2.678545827e-09
-4.509224266e-09
-1.136720416e-09
2.778939189e-09
9.034816942e-10
-1.734761698e-09
-6.367748586e-10
1.273100608e-09
3.623788884e-10
-1.331407177e-09
-1.058519305e-09
1.918432784e-09
7.563041242e-10
-2.723917196e-09
-1.345750944e-09
3.103611008e-09
1.453064788e-09
-2.886088974e-09
-8.767284465e-10
2.336997329e-09
1.216376738e-09
-1.734881394e-09
-4.86769422e-10
1.259587312e-09
7.564221879e-10
-9.979961431e-10
-4.466452325e-10
9.693407124e-10
6.291188753e-10
-1.160412495e-09
-3.821462474e-10
1.600747343e-09
2.725083178e-10
-2.536412033e-09
1.032891984e-09
3.51956085e-09
-1.745517863e-09
-2.421660495e-09
9.589650181e-11
4.484663299e-10
-4.069632295e-11
-2.455948487e-10
9.237039126e-11
2.35171891e-10
-6.912702728e-11
-2.840838669e-10
1.717451386e-10
3.620010078e-10
-1.152018813e-10
-4.636690781e-10
3.713274596e-10
6.033562372e-10
-2.148639351e-10
-8.236083257e-10
1.144224537e-09
1.248257813e-09
-5.65035544e-10
-2.197085943e-09
4.513211207e-09
4.149448371e-09
-3.044317831e-09
-7.438418505e-09
1.00508327e-08
1.253212252e-08
-8.549239192e-09
-1.839934242e-08
1.362814407e-08
2.130052927e-08
-1.200565808e-08
-1.817245515e-08
1.002734157e-08
1.129817456e-08
-7.915676512e-09
-6.198432676e-09
4.61950654e-09
4.001447683e-09
-4.382725276e-09
-2.689446547e-09
3.088658614e-09
1.959564703e-09
-3.62255407e-09
-1.586602604e-09
4.332717816e-09
1.482565008e-09
-5.165862029e-09
-1.68346943e-09
1.696463426e-09
7.772750617e-10
-2.390642882e-09
-1.957566494e-11
1.208851215e-11
-7.47782868e-12
-1.172643973e-11
7.279587462e-12
1.097554118e-11
-5.905689373e-12
-2.51322694e-12
8.693166346e-12
6.003388056e-11
-2.299890222e-11
-1.011635379e-11
3.423160421e-11
5.344575427e-11
6.907417775e-13
-3.403579251e-11
8.170081186e-10
-1.280429744e-09
-1.26319694e-09
6.608631704e-10
-5.477192289e-10
2.778082181e-10
-3.42747412e-10
-2.161522647e-10
2.568358371e-10
1.60194491e-10
-3.186636566e-10
-5.399517623e-10
5.230181457e-10
4.417288214e-10
-8.720257697e-10
-1.331955283e-09
1.33314248e-09
1.181929816e-09
-1.945239563e-09
-1.573814919e-09
3.396818434e-09
2.263875595e-09
-1.074278925e-08
-1.279797152e-09
3.429527482e-08
8.168387444e-09
-6.040444003e-08
-1.095658986e-09
6.288816099e-08
9.097265089e-09
-4.621483089e-08
-1.089255397e-09
2.620066197e-08
3.808786865e-09
-1.167139421e-08
4.525115532e-11
4.125391036e-09
7.444970262e-10
-1.388538049e-09
-3.546558302e-12
6.37557003e-10
4.318437578e-11
-2.12214727e-10
4.0496263e-11
2.281189209e-10
2.032698177e-13
-2.683390264e-10
6.087678428e-11
3.103576234e-10
-1.450270866e-11
-3.529598738e-10
9.320499706e-11
4.1090429e-10
5.373007812e-12
-5.091969211e-10
2.197439328e-10
6.839363513e-10
2.513062831e-11
-9.972316162e-10
1.7505344e-09
1.637042234e-09
-8.805031899e-10
-3.094972837e-09
5.845103054e-09
5.345458896e-09
-3.885990577e-09
-7.735202762e-09
8.585660552e-09
9.111198337e-09
-6.765024592e-09
-8.950309958e-09
6.934052165e-09
7.843440239e-09
-7.011310159e-09
-6.606919393e-09
5.236084378e-09
5.638590378e-09
-7.078109459e-09
-4.953529896e-09
5.12834236e-09
4.450196375e-09
-7.529408467e-09
-4.015957486e-09
6.018194722e-09
3.609302616e-09
-6.831122587e-09
-3.112255815e-09
2.290622459e-09
1.434435096e-09
-2.148574475e-09
-1.219250787e-10
1.629091347e-11
-7.890732305e-11
-3.16148662e-17
6.451498424e-11
-4.699320467e-13
-5.413909312e-11
8.300989581e-12
4.684413771e-11
6.032558952e-12
3.834736514e-11
-1.424801587e-12
-4.214117149e-11
1.399385174e-10
7.957837494e-11
-1.166885751e-10
-1.480386648e-10
1.483309998e-10
-1.345890214e-10
1.253045524e-10
-2.2297651e-10
-4.239562619e-10
3.570109709e-10
4.223615162e-10
-5.464008719e-10
-1.109769399e-09
7.504575178e-10
1.053060883e-09
-9.996819821e-10
-1.925704736e-09
1.463330602e-09
1.687605813e-09
-2.403466118e-09
-5.381934858e-09
4.095790855e-09
3.425334194e-09
-7.159658677e-09
-9.334546017e-09
1.240518146e-08
5.065789457e-09
-1.771368558e-08
-5.81170934e-09
1.828087144e-08
4.517843698e-09
-1.347235306e-08
-1.647753963e-09
7.070199125e-09
1.962765075e-09
-2.314057494e-09
-1.939034008e-11
1.95037678e-10
3.452332934e-11
-6.734417325e-11
-3.509234997e-11
6.217041919e-11
8.465239472e-11
-7.881637945e-11
-4.432238576e-11
1.183116221e-10
1.467674916e-10
-1.456983154e-10
-7.598735299e-11
1.489209932e-10
1.414226967e-10
-1.774240722e-10
-1.801547286e-10
2.070072243e-10
2.051891006e-10
-2.230467034e-10
2.120107365e-10
3.363800181e-10
1.245948387e-10
-7.845872877e-10
2.078277526e-09
1.779398568e-09
-6.62110104e-10
-3.394421631e-09
5.031837619e-09
5.220580199e-09
-3.356952281e-09
-6.672180897e-09
7.114435094e-09
8.08314947e-09
-6.29281186e-09
-9.257900692e-09
9.050422139e-09
9.973239671e-09
-9.470359358e-09
-1.018990971e-08
9.969246673e-09
9.837782618e-09
-1.118353282e-08
-8.883650262e-09
8.030422529e-09
7.295587218e-09
-9.863938454e-09
-5.079907164e-09
2.649480297e-09
2.590247614e-09
-4.194908739e-09
-7.209134245e-10
7.985976164e-17
-8.163622551e-17
-8.078888137e-17
9.688282075e-17
9.2631844e-13
4.489082475e-12
-3.209743928e-12
-2.195725915e-12
-1.232632189e-12
-6.191547058e-10
-6.654797921e-11
-8.825271163e-11
1.20897985e-10
-1.236738842e-10
1.224705133e-10
-1.760873436e-10
-4.027010224e-10
2.632421231e-10
3.53808846e-10
-3.711305096e-10
-9.252916102e-10
4.578855804e-10
7.011630476e-10
-5.016695315e-10
-1.294141798e-09
5.306560945e-10
7.824786692e-10
-6.440111809e-10
-2.486276155e-09
1.060816082e-09
1.382220816e-09
-1.724591234e-09
-2.996983351e-09
1.935059866e-09
2.051679934e-09
-1.647356607e-09
-2.023165458e-09
1.225800853e-09
1.089339569e-09
-8.156401794e-10
-1.134383935e-09
5.098297237e-10
4.570479708e-10
-3.020289234e-10
-9.674153366e-11
1.311175777e-10
1.600253774e-10
-9.051011386e-11
-1.223760127e-10
7.533943357e-11
1.483443066e-10
-8.234101561e-11
-2.278922794e-10
1.180942343e-10
2.788517956e-10
-1.603294384e-10
-2.214949832e-10
1.643780614e-10
2.977490843e-10
-1.382777495e-10
-2.03946895e-10
1.1508839e-10
2.01932083e-10
-8.760703935e-11
-1.632610429e-10
4.327670437e-11
9.822868899e-11
2.367060141e-11
-1.279243624e-10
-6.151734009e-11
9.302050032e-11
9.116789351e-11
2.107586594e-09
-8.753985185e-12
-1.761863643e-11
-2.390020291e-09
4.249406368e-09
3.831450749e-09
-1.892212967e-09
-5.80548553e-09
7.666696665e-09
7.239997245e-09
-5.020409392e-09
-8.702813695e-09
1.066233738e-08
1.006107525e-08
-8.848809859e-09
-1.105448927e-08
1.181452389e-08
1.118689866e-08
-1.298104723e-08
-9.849692518e-09
6.915130268e-09
6.792262307e-09
-1.084188522e-08
-2.816483937e-09
-1.612133163e-16
1.508943372e-11
8.738351615e-12
-2.461092183e-11
1.132196204e-10
-1.05992714e-10
-2.047505836e-10
9.979341148e-12
-1.202701116e-10
-1.198677858e-10
1.612693875e-10
-2.891764234e-10
2.327716115e-10
-1.873823121e-10
-4.572412756e-10
1.885955747e-10
2.904333623e-10
-1.701101045e-10
-4.177161813e-10
1.558127375e-10
2.622678236e-10
-1.642835349e-10
-6.454095464e-10
2.103447766e-10
3.663122142e-10
-3.046254061e-10
-1.179089311e-09
3.969462368e-10
6.170074453e-10
-4.024139318e-10
-7.247881032e-10
3.27097714e-10
4.731580117e-10
-2.31365245e-10
-3.097851061e-10
1.60751501e-10
2.604241479e-10
-1.227207203e-10
-1.827829878e-10
1.054986174e-10
1.893934179e-10
-9.662394896e-11
-1.648340623e-10
8.017676994e-11
1.740000988e-10
-8.018902807e-11
-3.095183737e-10
1.09717746e-10
3.181148205e-10
-1.493738948e-10
-3.555322129e-10
1.400996937e-10
4.003774674e-10
-8.035225857e-11
-2.094017429e-10
2.103831177e-11
2.115401067e-10
1.950984067e-12
-6.549086047e-11
-2.604215028e-11
6.307221548e-11
3.406352661e-11
-7.085589306e-11
-3.908149664e-11
6.02859149e-11
5.067124208e-11
-8.646856501e-11
-5.871987982e-11
6.854688044e-11
8.037472371e-11
1.962353709e-11
-4.934823344e-11
3.437702029e-11
9.149344741e-12
2.974086364e-09
2.247060825e-09
-1.699856548e-09
-3.432281456e-09
6.298404628e-09
5.507985038e-09
-3.452512187e-09
-8.292541928e-09
1.246597226e-08
1.151045352e-08
-9.585027294e-09
-1.430022164e-08
1.574507723e-08
1.482733493e-08
-2.018559248e-08
-1.031368527e-08
-6.657976174e-11
2.033599265e-11
-1.744146509e-12
6.112076918e-11
-1.135741809e-10
-2.023356237e-10
1.249997926e-10
2.057857329e-10
-1.263695316e-10
-2.162479331e-10
1.302491381e-10
-2.216497162e-10
2.287655986e-10
-1.352557009e-10
-2.792291764e-10
1.428836034e-10
2.487531003e-10
-1.53712354e-10
-3.686074672e-10
1.621581491e-10
2.653722842e-10
-1.599885275e-10
-3.153607204e-10
1.463953036e-10
2.299569334e-10
-1.277562485e-10
-2.199033524e-10
1.099580017e-10
1.876294574e-10
-9.794441513e-11
-1.881234916e-10
9.289399051e-11
1.817151767e-10
-8.845643951e-11
-1.778572582e-10
7.557715221e-11
1.779627644e-10
-6.785801051e-11
-2.970248309e-10
7.4803496e-11
2.589650722e-10
-8.344258538e-11
-4.28135039e-10
5.216091922e-11
4.222398695e-10
1.977297654e-12
-2.092205169e-10
-3.805356866e-11
2.276066151e-10
4.753225037e-11
-8.007753393e-11
-5.876262294e-11
1.057725252e-10
5.204342712e-11
-6.091481281e-11
-4.763902215e-11
7.255280838e-11
4.940173648e-11
-6.840460033e-11
-5.649972025e-11
7.931475643e-11
6.917419801e-11
-5.358192429e-11
-7.717292915e-11
7.541839843e-11
8.988682914e-11
3.153269232e-10
-1.473584986e-10
1.003471635e-10
-1.726490347e-10
1.113185788e-09
7.753381394e-10
-5.155178048e-11
-1.819634571e-09
-1.779760476e-11
-8.611089681e-09
4.614431302e-09
4.036804042e-09
1.794983524e-08
5.566597142e-11
-3.720623769e-08
1.928166487e-08
1.598580502e-10
3.317095414e-10
-1.600117467e-10
-2.592573984e-10
1.447203789e-10
-2.385659247e-10
2.443974264e-10
-1.319622321e-10
-2.163947209e-10
1.22335491e-10
1.968337583e-10
-1.131730943e-10
-1.86014328e-10
1.041330753e-10
1.6881121e-10
-9.494709439e-11
-1.658561416e-10
8.694196907e-11
1.554817045e-10
-8.195674792e-11
-1.721253251e-10
7.965553638e-11
1.611421759e-10
-7.581591718e-11
-1.745667271e-10
6.715211398e-11
1.670703917e-10
-5.778287741e-11
-2.230871533e-10
5.067710305e-11
1.973640598e-10
-4.188182217e-11
-3.565652879e-10
1.082010008e-11
2.864127398e-10
6.147634956e-11
-2.623255792e-10
-6.517191284e-11
2.928295752e-10
6.386765413e-11
-1.367084199e-10
-6.8140849e-11
1.707156622e-10
6.786664693e-11
-9.485418736e-11
-6.772926098e-11
1.264397999e-10
7.087936165e-11
-1.011746099e-10
-7.988939733e-11
1.325526585e-10
9.62329586e-11
-1.052209868e-10
-1.149147452e-10
1.406809564e-10
1.337646444e-10
-1.288181558e-10
-1.761574588e-10
1.680293337e-10
2.215116651e-10
1.118094215e-10
2.00117309e-10
-2.908783267e-11
-2.220852576e-10
-6.593155863e-12
-1.800306331e-10
-1.656499236e-10
-3.150106415e-10
1.321942167e-10
2.796522309e-10
-1.341812065e-10
-2.046527997e-10
1.236861326e-10
2.014787789e-10
-1.080011499e-10
-1.744273529e-10
9.207307401e-11
-1.568774699e-10
1.699388753e-10
-8.057784884e-11
-1.505733835e-10
7.117209611e-11
1.423851536e-10
-6.22890928e-11
-1.553410935e-10
5.422228158e-11
1.406506658e-10
-4.695355391e-11
-1.800347622e-10
3.899924198e-11
1.658247099e-10
-2.748238879e-11
-2.252984069e-10
8.278316683e-12
1.746694621e-10
2.941810537e-11
-3.113517957e-10
-5.109494126e-11
3.195935934e-10
6.386456873e-11
-2.053733085e-10
-7.302707321e-11
2.380319725e-10
8.11544991e-11
-1.643188781e-10
-8.964568245e-11
2.043323953e-10
9.835269318e-11
2.034173399e-10
1.312862395e-10
-1.688808371e-10
-1.106539494e-10
-1.538420907e-10
2.169770784e-10
1.726410212e-10
-1.782023318e-10
-2.220325768e-10
2.611384468e-10
-2.132787282e-10
1.129464503e-10
-8.870655017e-11
-1.958802165e-10
6.822097317e-11
-3.711891358e-11
-1.390426277e-10
3.996739444e-11
1.141238717e-10
-3.424319637e-11
-1.257047245e-10
2.942801267e-11
1.335516004e-10
-2.136771482e-11
-1.507117718e-10
5.400308172e-12
1.080593322e-10
1.606247768e-11
-1.35630153e-10
-4.057525607e-11
3.101135073e-10
6.064415642e-11
-3.188805135e-10
-7.388794802e-11
3.399308042e-10
4.162496436e-11
-2.664024155e-10
-8.838743079e-11
1.058200049e-10
-2.42523859e-10
-2.599212074e-10
-1.239527588e-10
-4.398802056e-10
-1.248647954e-09
-2.434062968e-10
-1.765017109e-10
-4.097769348e-10
-2.717198942e-10
1.482473464e-10
-8.981635633e-10
-2.150268006e-10
-1.916858515e-09
-7.335888719e-10
-2.395708107e-09
4.655338883e-10
-1.955727472e-09
-7.542499137e-10
-1.279493865e-09
5.800115593e-10
-7.453686541e-10
-4.391146769e-10
-3.847723949e-10
2.522002065e-10
-1.54062102e-10
-2.319618219e-10
-1.033525126e-11
9.339822413e-11
-1.383103883e-11
-2.062945077e-11
8.665398191e-12
-3.404062658e-11
-5.935868297e-11
3.313406402e-11
-3.981536555e-09
-3.113825041e-09
-3.801412612e-09
-2.656103236e-09
4.456728476e-09
-1.975507612e-09
-2.980445852e-09
-1.268789272e-09
1.088572344e-09
-8.570198002e-10
-9.664740487e-10
-3.034140476e-08
1.97906003e-08
-4.531682784e-08
-2.774105908e-08
4.305141323e-08
-2.013720574e-08
-4.972204539e-08
-2.360775265e-11
2.969512148e-08
2.372743694e-11
-5.095505244e-10
-2.756169241e-09
-2.706538008e-09
-2.130868064e-09
2.622680482e-09
-1.785652566e-09
-1.590821401e-09
-1.990181504e-12
3.942586581e-11
1.626300452e-11
1.169913079e-12
-2.895103256e-11
-3.238512119e-09
2.924553901e-09
-2.026385525e-09
-1.860096224e-09
-1.632847683e-09
1.51538043e-09
-1.369507657e-09
-1.090975859e-09
4.922006476e-11
-2.49570277e-11
3.396999195e-11
3.793364813e-11
-4.735170056e-11
2.945036196e-11
-8.414827715e-12
-8.026218616e-09
4.662002297e-09
-3.744821592e-09
-4.128783263e-09
1.578546495e-11
-2.169096427e-11
1.416222099e-11
-1.083663533e-08
5.668899332e-09
-4.507759409e-09
-9.091091968e-09
-7.727123667e-09
6.549961e-09
1.411283365e-09
-4.453312182e-09
-1.197039703e-09
-4.992415259e-09
2.911439574e-09
-5.627113487e-09
-1.850243324e-09
-1.987374636e-09
3.937472474e-09
-5.771652159e-10
-1.210258233e-09
2.426484906e-10
-1.211948119e-09
8.674608235e-10
-1.694346715e-09
-6.229945369e-10
-8.986067008e-10
9.603766873e-10
-2.855382896e-10
1.223787945e-10
3.476111123e-10
-2.429566492e-10
-6.793479706e-10
5.608048894e-12
-7.745418204e-10
2.915903582e-10
-2.670779194e-10
-8.202801476e-10
-2.176438949e-08
1.856309912e-08
-1.335216693e-08
1.310428722e-08
-1.146029088e-09
-2.000823785e-10
-1.038032865e-09
2.359791565e-10
-1.359847227e-09
-2.355926848e-10
-7.348600532e-09
1.220362977e-08
-1.237515599e-08
5.585630042e-11
4.989167345e-09
6.17364139e-11
5.708935191e-11
-2.743110296e-09
1.831522394e-11
-1.807348458e-08
-1.353443555e-09
-1.035191038e-10
-1.44425707e-08
-6.689678234e-09
3.980734216e-09
4.746832347e-09
-2.693689069e-08
-1.791219579e-09
3.964002264e-09
-2.55072141e-08
-6.249378149e-09
5.682471022e-09
-4.605754926e-09
3.857402757e-09
-2.158539928e-08
-6.099666706e-09
7.152919239e-09
-1.990892949e-08
-4.377404813e-09
4.025973775e-09
-2.982657746e-09
2.558884016e-09
-7.30357994e-09
-5.397765652e-09
2.014988875e-09
-6.56180829e-09
-3.431126041e-09
3.119535858e-09
-2.565969939e-09
2.770695066e-09
-1.326355279e-09
-4.393650105e-10
3.016131001e-10
-8.549800388e-10
-2.626865059e-09
2.394745935e-09
-2.769945633e-09
1.990244274e-09
-3.767893008e-10
1.137412483e-09
-1.678316332e-09
2.304864795e-09
-1.76285442e-09
2.73119719e-09
-4.915573754e-09
1.791830255e-10
-8.53831975e-09
-2.567755456e-09
3.336262328e-09
-6.284179255e-09
-1.737893186e-09
-7.767173902e-08
7.431121111e-08
4.908094062e-08
-5.065941941e-08
2.085185303e-08
-1.27643613e-08
-3.892121187e-09
2.802983701e-09
-7.883793773e-09
-8.512496047e-08
5.135313042e-08
5.077393424e-08
-3.784319919e-09
-5.229186828e-09
-6.825748484e-11
-4.817680884e-10
-5.472327516e-10
2.243553662e-10
-2.447220348e-10
-1.07382772e-09
2.310032533e-11
-1.826473067e-11
-6.382392663e-12
4.366757019e-12
-9.738973425e-11
-8.989646912e-11
8.175699195e-11
-1.323173774e-10
-1.140985412e-10
2.669993937e-10
-4.198861678e-11
6.328043567e-10
-4.293645831e-10
-2.404009102e-12
-7.751818853e-11
-1.050553239e-10
-1.587644405e-11
-1.741708419e-10
-1.21440678e-10
-1.87716556e-10
-8.653038499e-11
7.880424109e-11
-2.045306794e-10
-1.364583154e-10
-2.143113187e-10
-1.210197506e-10
-2.192100529e-10
3.03304136e-10
-1.471202015e-10
-2.150714939e-10
2.798136829e-11
-4.740904877e-11
1.099748604e-11
2.30868983e-12
9.383155504e-09
4.073240159e-08
-1.834972764e-10
-2.74742559e-10
-1.402214103e-10
-2.498274166e-10
2.476955558e-10
-2.977643583e-10
-6.999755305e-11
-1.730957052e-11
-2.323523349e-10
-1.59954078e-10
-2.229462149e-10
-1.426787009e-10
-1.878723318e-10
-1.085160698e-10
-1.850029959e-10
2.602676465e-10
-1.017758275e-10
-1.649138382e-10
1.208329024e-10
-1.195739181e-10
-2.058689564e-10
1.534854807e-10
-1.738537755e-10
1.73021794e-10
-2.413877712e-10
-1.890612794e-10
-2.174215807e-10
-1.66463882e-10
-1.426200887e-10
-3.90448966e-11
-1.260735149e-10
-2.729701281e-11
-1.186494332e-10
-2.278533928e-11
-1.340960707e-10
-1.712103757e-11
-1.50713494e-10
-4.438430089e-12
-1.685493903e-10
1.155643395e-11
-2.115134657e-10
3.272510584e-11
-2.374706908e-10
5.520687281e-11
-3.073852275e-10
8.947291575e-11
-2.959297274e-10
-2.444016102e-10
-2.417100562e-10
-4.670110521e-10
3.0442279e-10
-3.482909088e-10
-1.23631776e-10
-4.424220252e-10
6.22294754e-11
-5.662628964e-10
1.486184945e-10
-6.623349578e-10
-2.951561129e-10
-6.559889751e-10
3.126992479e-10
-5.261704536e-10
-3.657357067e-10
-3.791083353e-10
3.18768005e-10
-3.169071401e-10
-2.008031153e-10
-3.775560806e-10
3.270781933e-10
-6.558743585e-10
-2.413037743e-10
-1.384876255e-09
1.021761837e-09
-2.959716788e-09
-1.253561958e-09
-5.961593104e-09
4.357604448e-09
-1.128303794e-08
-7.111417446e-09
1.58437393e-08
-1.543589883e-09
2.146655831e-09
-1.465465805e-09
-1.408948052e-09
-1.572758258e-09
2.084501523e-09
-1.84719693e-09
-1.590758764e-09
-2.154755307e-09
7.028126104e-10
-2.114289595e-09
-1.641447782e-10
-1.701140016e-09
-2.011856005e-10
-1.357777871e-09
6.761216759e-10
-1.156731265e-09
-3.781057565e-10
-9.968719307e-10
6.825155835e-10
-8.417704887e-10
-4.230656925e-10
-7.274020211e-10
6.384945053e-10
-7.021422029e-10
-4.303094342e-10
-8.347786666e-10
7.646169901e-10
-1.240192971e-09
-7.928347521e-10
-2.100387501e-09
1.81535139e-09
-3.666035029e-09
-2.747335866e-09
-6.201581936e-09
5.413590059e-09
-9.828437391e-09
-8.803906392e-09
-1.433160105e-08
1.357861444e-08
-1.909115559e-08
-2.269340881e-08
-2.271507869e-08
2.662303772e-08
-2.231619219e-08
-3.811245084e-08
-1.587017419e-08
3.190699691e-08
-7.499961281e-09
-1.765041593e-08
-2.68990171e-10
1.041317331e-08
-8.358742816e-11
7.362500642e-10
-1.393032995e-09
-1.19649048e-09
1.152175982e-09
-1.082420558e-09
-9.989632229e-10
-1.040217339e-09
1.11499526e-09
-1.149162605e-09
-1.057840452e-09
-1.616277886e-09
1.263251023e-09
-2.713508314e-09
-1.015900598e-09
-3.912554723e-09
-5.405143672e-10
-3.770534667e-09
1.124826769e-09
-3.164505037e-09
-1.349080055e-09
-2.582675301e-09
2.287692861e-09
-2.080760951e-09
-1.125432246e-09
-1.716380595e-09
1.78588718e-09
-1.493279309e-09
-1.021431714e-09
-1.477882981e-09
1.672447915e-09
-1.810873592e-09
-1.443149224e-09
-2.815585271e-09
2.620714609e-09
-5.19796524e-09
-3.672922823e-09
-1.003213627e-08
6.718196088e-09
-1.772544934e-08
-9.826414307e-09
-2.577549964e-08
1.58315676e-08
-2.863806923e-08
-1.92742874e-08
-2.424847429e-08
2.456238755e-08
-1.92241126e-08
-2.787239874e-08
-1.800687981e-08
2.753320882e-08
-1.399733596e-08
-2.556817314e-08
-8.149238493e-09
1.973605523e-08
-3.157642553e-09
-6.09460763e-09
-6.567522992e-10
3.512925682e-09
6.622475081e-10
2.430430598e-09
9.642111567e-10
-3.828513858e-09
-3.065649226e-11
1.004928002e-10
-4.405226548e-10
-1.874584094e-09
1.366824682e-09
-1.230808969e-09
-1.179303374e-09
-1.099991748e-09
8.800684602e-10
-1.150711052e-09
-7.978996583e-10
-1.263616107e-09
1.011918955e-09
-1.39609713e-09
-1.150206127e-09
-1.579657107e-09
1.303668494e-09
-1.956079876e-09
-2.171266857e-09
-2.678350261e-09
1.216654875e-09
-4.274109557e-09
-3.265687323e-09
-9.294788778e-09
-1.626897981e-09
-1.104016647e-08
2.425621434e-09
-8.877503577e-09
-3.430818365e-09
-8.615994926e-09
5.461569483e-09
-8.291738895e-09
-2.864032545e-09
-8.490315062e-09
5.584522605e-09
-9.842847363e-09
-2.980822801e-09
-1.317366993e-08
6.537989709e-09
-1.936614491e-08
-5.206051352e-09
-2.790281297e-08
9.198097634e-09
-3.517261382e-08
-1.12281287e-08
-3.608564886e-08
1.344195618e-08
-2.920826535e-08
-1.52262425e-08
-2.0037139e-08
1.29673461e-08
-1.405312396e-08
-1.672586223e-08
-1.449373692e-08
1.273168487e-08
-1.940374499e-08
-2.887664492e-08
-1.736550487e-08
3.358300709e-08
-1.24341722e-08
-1.502498855e-08
-8.208222859e-09
1.120193346e-08
-3.911160217e-09
-9.909026098e-10
5.062534868e-09
-6.441625068e-09
5.672755882e-09
4.967223195e-09
5.240854932e-09
-3.596854299e-09
2.78989751e-09
1.172828005e-09
1.009139097e-09
-1.037606787e-09
3.149703858e-10
3.315052055e-11
1.084218351e-10
1.51136912e-11
4.244085462e-11
2.618730436e-12
8.18708599e-12
-6.451270578e-09
3.656493419e-09
-3.841696749e-09
-3.341179037e-09
-2.241386208e-09
1.267314301e-09
-1.490450203e-09
-1.731638473e-09
-1.201183732e-09
8.676814576e-10
-1.205058973e-09
-1.276768112e-09
-1.631025963e-09
1.37283733e-09
-3.320575906e-09
-1.4849315e-09
-9.442391145e-09
4.059663818e-09
-2.358788935e-08
-3.758378882e-09
-3.824573425e-08
8.477755478e-09
-4.989831608e-08
-6.553654375e-09
-6.121405627e-08
-4.680016613e-09
-6.863254598e-08
4.423618273e-09
-7.068201824e-08
-1.110355843e-08
-7.353467512e-08
1.477043121e-08
-8.130020544e-08
-1.215545624e-08
-9.687776269e-08
1.528247015e-08
-1.150492055e-07
-9.390964842e-09
-1.238736521e-07
5.843989564e-09
-1.178970228e-07
-2.247140108e-09
-1.046262389e-07
-3.408098282e-09
-9.495551891e-08
-2.94444377e-09
-8.913494587e-08
1.079731156e-11
-7.3765821e-08
-7.980913171e-09
-4.389501496e-08
3.693569497e-09
-4.168734085e-09
-1.416082967e-08
-8.064820996e-09
2.124840042e-08
-2.179553414e-08
-3.45489768e-08
-1.82478177e-08
3.141970252e-08
-8.681847593e-09
-8.623792165e-09
3.048502326e-09
3.256569259e-09
4.104453795e-09
4.28472663e-09
3.613168266e-09
-1.90803106e-09
-1.875501049e-10
1.671703245e-10
-7.120179324e-10
1.361270108e-10
-1.14796842e-09
1.015474177e-10
-1.706451488e-09
4.338773177e-10
-2.298797737e-09
-1.092847819e-11
-2.995080211e-09
7.077961649e-10
-3.794190438e-09
-8.575062715e-12
-4.688806318e-09
1.005687057e-09
-5.682346907e-09
-2.369324836e-10
1.384418755e-09
-5.657157127e-09
3.080538075e-09
-5.477995402e-09
-2.930014212e-09
-5.5097858e-09
2.929975698e-09
-5.631054535e-09
-5.172253656e-09
-5.381710158e-09
2.782718551e-09
-4.779909437e-09
-6.929986184e-09
-4.820806825e-09
2.755230415e-09
-6.60095435e-09
-6.906918107e-09
-1.120708545e-08
5.641283233e-09
-2.123886121e-08
-8.858554308e-09
-3.581013704e-08
1.650044415e-09
-4.611898739e-08
-6.712347975e-09
-5.530824646e-08
-5.98055537e-09
-6.201867823e-08
1.077531413e-10
-6.871872696e-08
-9.802799113e-09
-7.657655556e-08
-7.475388836e-11
-8.188083992e-08
-2.099983872e-09
-8.027584435e-08
-5.75243925e-09
-7.057393564e-08
1.588228995e-08
-5.474156017e-08
-1.627239703e-08
-3.628141771e-08
2.403421753e-08
-1.735332563e-08
-2.607994085e-08
-5.033247463e-09
1.693262714e-08
-3.682446082e-09
-1.985060264e-08
-7.404669675e-09
1.499217594e-08
-5.682972424e-09
-2.241966478e-08
-4.495201829e-09
5.189390231e-10
-4.759146857e-09
-1.889808259e-08
4.828524792e-09
-3.15166089e-09
6.319734734e-09
-1.867637154e-08
-8.946548648e-11
8.673068501e-10
-1.298272444e-09
-7.782097286e-10
-2.768503572e-09
-4.345601799e-10
-3.2637924e-09
2.152600617e-09
-3.784988069e-09
-7.917677273e-10
-4.569733429e-09
1.680679314e-09
-5.307876145e-09
-1.275856985e-09
-5.944248271e-09
2.145006966e-09
-6.433771198e-09
-1.712665775e-09
-6.714859188e-09
2.405731369e-09
-6.703721052e-09
-2.113685902e-09
-6.301010276e-09
2.309577511e-09
-5.402335217e-09
-2.335624119e-09
1.544808883e-09
-2.531934581e-09
1.542498436e-09
-3.93331892e-09
-1.176417961e-09
-6.175554159e-09
3.129131402e-09
-9.513346024e-09
-2.758057622e-09
-1.382003242e-08
6.59878567e-09
-1.814128317e-08
-5.794117155e-09
-2.092377725e-08
9.539902891e-09
-2.11251567e-08
-7.912290634e-09
-1.918525815e-08
9.96468523e-09
-1.704613731e-08
-8.654889096e-09
-1.737533521e-08
1.300906369e-08
-2.113242635e-08
-1.819763724e-08
-2.262590651e-08
2.215001609e-08
-1.587485382e-08
-3.434617326e-08
-1.844314009e-08
1.235324885e-08
-2.272296588e-08
-1.735115632e-08
-2.500546284e-08
1.420466327e-08
-2.462829485e-08
-1.836303843e-08
-2.284414891e-08
1.318266022e-08
-2.354993648e-08
-1.333894242e-08
-2.736436157e-08
1.558704061e-08
-2.929203421e-08
-1.384894424e-08
-2.564329662e-08
2.019210963e-08
-1.916463887e-08
-2.03733347e-08
-1.393150756e-08
2.195463473e-08
-1.046268317e-08
-2.242733749e-08
-8.133639764e-09
2.409400841e-08
-8.211913798e-09
-2.488797074e-08
-7.259293766e-09
2.195604558e-08
-5.786330601e-09
-2.195625155e-08
-1.72190662e-09
2.091796632e-08
3.205594475e-09
-1.807477031e-08
-3.294569621e-09
-1.276792344e-09
-6.551163026e-09
4.061201389e-09
-7.147373955e-09
-3.035075105e-09
-7.102198213e-09
3.599295086e-09
-7.362871649e-09
-2.557992594e-09
-7.455891361e-09
3.02369098e-09
-7.205459926e-09
-2.824674893e-09
-6.739527246e-09
2.985450835e-09
-6.213253137e-09
-2.658728612e-09
-5.390349121e-09
2.481560556e-09
-4.362015418e-09
-2.028359957e-09
-3.251047355e-09
1.504357294e-09
-2.223970842e-09
-9.627946195e-10
-1.460205474e-09
5.513215667e-10
-1.065343913e-09
-1.766392003e-10
1.679132516e-10
-8.331841481e-10
4.887155309e-10
-1.177507236e-09
-4.175101266e-10
-1.961061587e-09
9.21587266e-10
-3.675543309e-09
-7.641496504e-10
-6.842578923e-09
2.566875873e-09
-1.135984883e-08
-2.352137931e-09
-1.627156626e-08
5.84265192e-09
-2.053667457e-08
-5.471156043e-09
-2.362487336e-08
7.66524287e-09
-2.554784814e-08
-7.60694162e-09
-2.764723108e-08
9.367429331e-09
-3.206203249e-08
-1.355754596e-08
-3.547037376e-08
2.515124678e-08
-2.924950995e-08
-1.966542105e-08
-1.867729642e-08
2.781185501e-08
-1.598353762e-08
-9.448981663e-09
-1.617987688e-08
1.879894493e-08
-1.502868901e-08
-2.30549635e-08
-1.176396527e-08
1.317601849e-08
-7.675834738e-09
-7.270537232e-09
-5.496035961e-09
7.654184571e-09
-5.996173297e-09
-4.725584877e-09
-8.384198289e-09
1.216607157e-08
-1.139383123e-08
-1.189014412e-08
-1.342567189e-08
2.013854553e-08
-1.371522103e-08
-2.103996229e-08
-1.305218908e-08
2.304504958e-08
-1.267883351e-08
-2.484628938e-08
-1.257377967e-08
2.652170439e-08
-1.224668972e-08
-2.830491529e-08
-1.040316364e-08
2.252248157e-08
-8.300641586e-09
-2.381298544e-08
-7.858618228e-09
1.230555228e-08
-6.02470006e-09
-8.419727252e-09
-9.634138273e-09
-6.385620996e-09
-1.54006067e-08
6.632834656e-09
-1.47675704e-08
-4.246673542e-09
-1.532823038e-08
4.297741949e-09
-1.460420892e-08
-2.499895986e-09
-1.189386702e-08
9.553483468e-10
-8.386660702e-09
-1.705903424e-09
-4.636355505e-09
1.935692368e-09
-3.583425667e-09
-2.054867679e-09
-2.508060706e-09
1.563407605e-09
-1.451473271e-09
-9.918600089e-10
-7.631851944e-10
6.305224472e-10
-3.465206472e-10
-2.931899517e-10
-1.546093402e-10
1.964489475e-10
-8.026959881e-11
-8.116298909e-11
-4.64410553e-11
5.691361334e-11
-2.084675043e-11
-2.770853894e-11
1.288653879e-11
-1.002403764e-09
3.981276559e-10
-1.447423949e-09
-4.286480576e-10
-2.514391675e-09
7.980343177e-10
-4.856271736e-09
-1.084598182e-09
-8.806701544e-09
2.389947255e-09
-1.347550285e-08
-2.744686261e-09
-1.754566432e-08
4.795934052e-09
-2.087983035e-08
-3.997308639e-09
-2.582555468e-08
7.206723775e-09
-3.776124217e-08
-4.360119872e-09
-5.404314552e-08
1.423955834e-08
-5.064938113e-08
-3.353673848e-09
-2.407887642e-08
7.175510324e-09
-5.161392583e-09
-1.63530153e-09
-1.226453802e-09
7.540290647e-10
-7.721954552e-10
-8.589518981e-10
1.025165623e-08
2.133022577e-08
9.452911067e-12
-5.510987835e-09
-4.636874772e-09
4.529630874e-09
-3.442075526e-09
-5.045903282e-09
-4.01254023e-09
4.030541692e-09
-6.786621002e-09
-4.448195899e-09
-1.101796618e-08
1.259624658e-08
-1.536782379e-08
-1.357571684e-08
-1.798638647e-08
2.21690107e-08
-1.814010046e-08
-2.266772517e-08
-1.696955225e-08
2.610520432e-08
-1.611571894e-08
-2.630942443e-08
-1.570664778e-08
2.841105017e-08
-1.448327355e-08
-2.722799253e-08
-1.264612919e-08
2.388742475e-08
-1.204357036e-08
-2.180797866e-08
-1.554361935e-08
4.789323355e-09
-1.890371815e-08
-5.122313295e-10
-1.804518509e-08
1.608019659e-09
-1.022878654e-08
-4.808804368e-09
-4.777139283e-09
-2.851314655e-09
-2.372434231e-09
2.062640749e-09
-6.585798183e-10
-5.685547965e-10
-2.802550743e-10
1.619283971e-10
-5.984092227e-11
-8.79962795e-10
6.544817227e-11
1.451693575e-10
-4.736187395e-10
-9.153124694e-10
1.682308458e-09
9.318933155e-10
-4.457128458e-10
-6.763498081e-10
-2.656083903e-09
2.876453635e-09
-3.914629515e-09
-9.011525296e-10
-5.572647661e-09
2.602587984e-09
-7.875106356e-09
-2.120804299e-09
-1.088567651e-08
5.173675911e-09
-1.456380429e-08
-5.524346325e-09
9.580589276e-09
-2.038840136e-09
5.146069159e-10
-3.332050153e-09
-6.578485147e-10
-5.415139361e-09
1.505563233e-09
-8.033501582e-09
-1.620446186e-09
-1.069857398e-08
2.851220144e-09
-1.307871732e-08
-2.35104921e-09
-1.492298589e-08
2.914494882e-09
-1.593838356e-08
-2.105134778e-09
-1.594300966e-08
2.023460195e-09
-1.505381814e-08
-1.177145582e-09
-1.386960377e-08
2.278666054e-10
-1.387773446e-08
-5.713130592e-10
-1.632473709e-08
-7.63264526e-09
-1.75801825e-08
6.63483971e-09
-1.317944237e-08
-7.848689711e-09
-7.668633356e-09
1.18959659e-08
-7.371611316e-09
7.831911814e-09
-5.724957226e-09
-8.538477785e-09
-4.575576804e-09
6.487878858e-09
-4.418389994e-09
-5.921551374e-09
-5.641951827e-09
5.095730313e-09
-9.182125364e-09
-5.148079163e-09
-1.305316672e-08
1.36816146e-08
-1.682997944e-08
-1.209388153e-08
-1.985169616e-08
2.149367985e-08
-2.107582392e-08
-1.797721383e-08
-2.06584545e-08
2.501193801e-08
-1.975867983e-08
-2.174150148e-08
-1.90612055e-08
2.515759084e-08
-1.902915234e-08
-2.14370679e-08
-2.259432781e-08
1.794163708e-08
-3.117907347e-08
-8.619884121e-09
-3.46863517e-08
-5.919600148e-09
-2.287847617e-08
1.916427719e-08
-2.647060505e-09
5.872545261e-12
-4.750820884e-11
1.114897705e-09
9.739628585e-11
-1.693519568e-09
4.261901784e-09
1.203449336e-09
1.217140022e-08
-1.674354449e-10
1.537758245e-08
5.337437755e-09
5.615556254e-09
-1.003645123e-10
2.100433419e-10
1.911269944e-09
-1.935417647e-09
-2.911605846e-09
-4.560029128e-09
6.163397721e-09
-6.394173016e-09
-4.465767872e-09
-8.286296913e-09
5.515689687e-09
-1.005044115e-08
-4.815826282e-09
-1.179539269e-08
6.620349572e-09
-1.334267659e-08
-7.957319288e-09
-1.43242509e-08
8.988120423e-09
-1.41958363e-08
-1.168736956e-08
9.744313189e-09
-3.817519668e-09
3.670417754e-10
-5.025880688e-09
-8.852242982e-10
-6.277413288e-09
8.828422646e-10
-7.437654078e-09
-8.799475309e-10
-8.369900216e-09
1.288454075e-09
-8.971467749e-09
-5.304032169e-10
-9.189663115e-09
1.350359544e-09
-8.996781731e-09
-6.569943468e-11
-8.363962593e-09
1.126658592e-09
-7.279086991e-09
2.519571121e-10
-5.787868394e-09
7.458779855e-10
-4.070267464e-09
1.581556859e-10
-2.49763078e-09
4.602767641e-10
-1.835776145e-09
-3.73600716e-10
-3.29583948e-09
9.184922821e-10
-7.471700516e-09
-4.10055193e-09
-1.023316171e-08
2.888882688e-09
-7.133725891e-09
-8.539706138e-09
-5.16087857e-09
7.180355773e-09
-3.319219794e-09
-5.97243253e-09
-2.569126176e-09
4.291234016e-09
-3.156971987e-09
-2.912270734e-09
-5.094900712e-09
4.186670712e-09
-7.542285455e-09
-2.747678192e-09
-9.072766538e-09
8.977847309e-09
-1.028319874e-08
-5.521273643e-09
-1.246454428e-08
1.251831021e-08
-1.564437938e-08
-6.968781716e-09
-1.868478938e-08
1.669017393e-08
-2.094162091e-08
-1.115766679e-08
-2.263716007e-08
1.660946322e-08
-2.408866819e-08
-1.145108377e-08
-2.60702579e-08
1.707082927e-09
-2.96341974e-08
3.433524889e-09
-3.1662582e-08
-2.893290158e-08
-2.311957654e-08
3.267285647e-08
-8.964446974e-09
-4.98770084e-09
-3.218496043e-09
1.370165222e-08
-2.47902954e-09
-4.085740642e-09
-1.433033262e-09
8.180557101e-09
-1.990519392e-09
-7.17163454e-09
-3.526085024e-09
6.712771112e-09
-5.681465476e-09
-4.231632807e-09
-7.343262449e-09
6.481372243e-09
-8.39839952e-09
-6.930920927e-09
-9.320139569e-09
6.730363211e-09
-9.932075045e-09
-6.230894835e-09
-1.061538932e-08
6.691558709e-09
-1.098457438e-08
-7.48908914e-09
-1.082887074e-08
7.418678561e-09
-1.000332956e-08
-8.377014161e-09
-8.428641611e-09
6.858397504e-09
-6.182197195e-09
-6.789096216e-09
-3.590284694e-09
4.230417172e-09
-1.295592225e-09
-2.011499005e-09
7.527561552e-10
-1.310434506e-08
7.734048109e-10
-1.189232097e-08
3.579305618e-10
-1.082103121e-08
2.131976494e-10
-9.90253156e-09
8.02455378e-10
-9.11404891e-09
-4.1368721e-10
-8.374090818e-09
1.22667444e-09
-7.521826174e-09
-9.622338047e-10
-6.456999351e-09
1.348170523e-09
-5.272255761e-09
-9.989574597e-10
-4.288104628e-09
6.01179086e-10
-4.237658667e-09
-1.793484697e-10
-5.840268282e-09
-2.182025828e-09
-8.533583486e-09
2.116912764e-09
-1.096867539e-08
-6.680730419e-09
-1.251375847e-08
7.043084967e-09
-1.279800799e-08
-1.026751647e-08
-1.134061803e-08
9.564498012e-09
-8.196013731e-09
-1.082191729e-08
-4.612331149e-09
5.222956893e-09
-2.170484154e-09
-4.647112607e-09
-1.372129691e-09
2.213960925e-09
-1.945658402e-09
-2.75996377e-09
-2.255468217e-09
2.005210812e-09
-3.450019453e-09
-2.004520927e-09
-3.393269951e-09
3.063934019e-09
-3.424308044e-09
-1.932364816e-09
-3.718131419e-09
3.349460426e-09
-5.754428411e-09
-1.493108398e-09
-1.046035611e-08
6.828132867e-09
-1.731856937e-08
-3.874717338e-09
-2.51985747e-08
8.068304199e-09
-3.432643099e-08
-7.288019569e-09
-4.114307498e-08
-3.257784846e-09
-4.142441355e-08
-2.426548976e-09
-3.794819703e-08
-3.007756069e-08
-3.134966746e-08
2.137217791e-08
-2.396668897e-08
-2.297426122e-08
-1.72035706e-08
2.662593176e-08
-1.194807352e-08
-9.974278436e-09
-1.111426687e-08
1.080224137e-08
-1.064557053e-08
-7.775843194e-09
-1.062561615e-08
8.919293041e-09
-1.07055699e-08
-7.677640607e-09
-1.061074028e-08
7.957959195e-09
-1.081918707e-08
-6.707838375e-09
-1.100140642e-08
6.856638309e-09
-1.095638015e-08
-6.952970243e-09
-1.060970671e-08
6.886644828e-09
-9.908673539e-09
-6.876125976e-09
-8.867792046e-09
6.069486536e-09
-7.539257177e-09
-5.184306484e-09
-6.017632757e-09
3.9072499e-09
-4.519659012e-09
-2.171834927e-09
-3.236078483e-09
1.227244191e-09
-3.020099034e-09
-2.318484774e-10
2.104695961e-09
-2.33162744e-08
-1.660748584e-09
-2.074419008e-08
2.97832741e-09
-1.802578135e-08
-1.568571658e-09
-1.531628515e-08
1.892825161e-09
-1.275503251e-08
-1.471489317e-09
-1.055026455e-08
7.032114495e-10
-9.13717561e-09
-8.62617406e-10
-9.356479076e-09
-5.43813364e-10
-1.17326092e-08
1.193823221e-09
-1.549342612e-08
-3.372619112e-09
-1.944549896e-08
6.468284817e-09
-2.276920296e-08
-8.035137834e-09
-2.501784228e-08
1.032110921e-08
-2.60984559e-08
-1.184174e-08
-2.572733938e-08
1.304682419e-08
-2.313044657e-08
-1.364358949e-08
-1.782417366e-08
1.14081507e-08
-1.09035963e-08
-1.044871146e-08
-4.973570601e-09
4.026930206e-09
-2.199041063e-09
-3.417987954e-09
-3.367742177e-09
7.079541994e-09
-6.692918247e-09
-1.67953622e-08
-4.654260232e-10
2.021818045e-09
1.3680132e-09
-1.356097318e-09
7.070070973e-11
2.354771389e-09
-9.939803541e-10
-5.855981815e-09
-1.563087668e-09
5.564581606e-10
-3.148613491e-09
-8.463249571e-11
-8.061267355e-09
8.418947803e-10
-1.947859423e-08
-3.547967071e-10
-3.699599265e-08
5.024927523e-09
-4.984231192e-08
-6.036652092e-09
-5.215770044e-08
2.344952905e-09
-5.016709037e-08
5.273712264e-09
-4.168135629e-08
-1.540575826e-08
-3.121854265e-08
1.683496403e-08
-2.654057518e-08
-2.593537962e-08
-2.195171558e-08
2.453597361e-08
-1.717759553e-08
-1.170096324e-08
-1.513303107e-08
1.283368934e-08
-1.368204321e-08
-9.409373086e-09
-1.243807793e-08
9.503070775e-09
-1.124689495e-08
-7.734971821e-09
-1.028588104e-08
7.27057341e-09
-9.616813121e-09
-6.703470629e-09
-8.78301459e-09
6.098338188e-09
-7.673040711e-09
-6.163565224e-09
-6.320880824e-09
4.964465551e-09
-4.803854938e-09
-4.709885693e-09
-3.232479551e-09
2.995497106e-09
-1.673636497e-09
-2.865054234e-09
-1.078944305e-12
9.451278344e-10
5.024596627e-13
-9.425370052e-10
-3.559589137e-09
2.618983699e-09
-4.477940771e-09
-3.979524145e-09
4.739456469e-09
-1.740895763e-08
-4.284293225e-09
-1.441395576e-08
4.931959674e-09
-1.136012609e-08
-2.248356624e-09
-8.674501931e-09
2.334126449e-09
-6.774776324e-09
-5.170367928e-10
-6.044105421e-09
8.023165407e-10
-6.78122937e-09
5.588048118e-10
-9.298547154e-09
2.760309145e-10
-1.399331143e-08
2.916009073e-09
-2.038942026e-08
-1.859079497e-09
-2.680990864e-08
7.623394925e-09
-3.174276298e-08
-6.484466909e-09
-3.466021636e-08
1.158796668e-08
-3.541060688e-08
-1.053348933e-08
-3.363167604e-08
1.260316929e-08
-2.887095732e-08
-1.160271835e-08
-2.135264682e-08
8.876723294e-09
-1.275362177e-08
-8.368857226e-09
-6.260847057e-09
3.21644779e-09
-6.249211593e-09
-4.598448399e-09
-1.201495793e-08
2.563686032e-08
-1.149860186e-08
-2.666645243e-08
-1.967808576e-10
9.653890358e-10
9.785710299e-10
-4.191620316e-09
2.187205658e-09
4.611867286e-09
3.629148904e-09
4.71352261e-10
-4.616456784e-10
-1.981648872e-11
-2.5571323e-09
1.468140435e-10
-9.963093997e-09
7.28012144e-09
-2.438891575e-08
-1.79113917e-08
-3.416280139e-08
1.703066812e-08
-2.941432363e-08
-1.726320543e-08
-2.170471041e-08
-1.158829892e-08
-2.360603198e-08
1.009717546e-08
-2.95693725e-08
-2.1790093e-08
-3.285620434e-08
2.446690563e-08
-2.844589438e-08
-2.414484604e-08
-2.217998926e-08
2.407093086e-08
-1.501894179e-08
-1.353278019e-08
-1.338595207e-08
1.26877236e-08
-1.184993303e-08
-9.530165522e-09
-1.009793202e-08
9.588154419e-09
-8.370025225e-09
-6.960806097e-09
-6.941160158e-09
7.106944471e-09
-6.637438947e-09
-5.182939e-09
-6.759164448e-09
8.09415837e-10
-7.519675347e-09
-2.189244489e-09
-7.162338595e-09
-1.152549479e-08
-4.859395661e-09
-2.687963679e-10
-1.91016509e-09
-1.118869775e-08
-1.273951622e-10
-2.677011867e-10
3.514703738e-11
1.20037847e-12
3.505414654e-11
-2.023446315e-09
5.817404289e-11
8.530355589e-10
-3.531805696e-09
-4.905799063e-09
5.018524409e-09
-5.203072363e-09
-3.564235977e-09
-3.68874192e-09
1.354178562e-09
-2.539361183e-09
-1.351026417e-09
-2.100215691e-09
5.329843544e-10
-2.469103379e-09
-6.308795913e-10
-3.824883499e-09
5.085672374e-10
-6.660771788e-09
-5.6995931e-10
-1.132051591e-08
8.426754832e-10
-1.718601297e-08
1.049741863e-09
-2.289847945e-08
1.646020943e-10
-2.746315952e-08
4.830409319e-09
-3.050538065e-08
-2.748275374e-09
-3.205955163e-08
9.055389821e-09
-3.242048081e-08
-6.902209231e-09
-3.190481866e-08
1.089602996e-08
-3.075495256e-08
-8.805735479e-09
-2.963884878e-08
8.375053861e-09
-3.192914835e-08
-6.332005488e-09
-4.416409427e-08
8.021935012e-09
-4.961687933e-08
-1.60447619e-09
-2.412652131e-08
1.673510653e-08
-4.44071204e-09
-9.975573699e-10
1.395829438e-09
1.18415472e-08
2.553511384e-08
-6.391914144e-09
1.222812223e-08
-6.878240103e-10
-1.84308262e-08
-3.367386467e-09
-2.2223435e-08
4.482284619e-09
-1.792238383e-08
-1.086493919e-08
-1.51476066e-08
1.327930817e-08
-2.174238245e-08
-1.359431439e-08
-3.033834411e-08
1.05308256e-08
-2.762794096e-08
-1.853702244e-09
-1.672260811e-08
5.669448422e-09
-9.837116104e-09
-8.38664731e-09
-1.41865636e-08
-6.755798342e-09
-1.76483653e-08
-3.862057723e-09
-8.365604569e-09
-1.500994805e-08
2.088149226e-09
7.75440547e-09
-6.575310464e-10
-2.032266621e-08
-8.171960371e-09
1.510466963e-08
-9.852223716e-09
-9.757719884e-09
-9.648427222e-09
6.999899631e-09
-1.799963507e-08
-5.393330365e-09
-4.137110393e-08
-1.387031224e-08
-4.27242788e-08
3.48634473e-08
-3.970282837e-08
-5.256655468e-08
-3.795365935e-08
3.425555274e-08
-3.340183044e-08
-4.487753452e-08
-2.648367409e-08
2.43992325e-08
-1.860515943e-08
-3.381870453e-08
-1.060182092e-08
7.864336875e-09
-7.104238948e-12
-1.923072635e-08
1.071015811e-11
-4.626311685e-10
1.547798559e-11
1.539316589e-10
-2.471013866e-09
-4.994993032e-09
4.804467816e-09
-6.257948148e-10
-3.648471036e-10
-5.653086834e-10
1.962666769e-10
-6.375183965e-10
-2.925375723e-10
-8.670443356e-10
2.582020636e-10
-1.377559142e-09
-5.206395757e-10
-2.488228485e-09
5.520610715e-10
-4.719924211e-09
-1.079136204e-09
-8.356811606e-09
1.137640629e-09
-1.278033391e-08
-1.094684639e-09
-1.665867645e-08
1.402676022e-09
-1.894768686e-08
1.434691804e-09
-1.933804632e-08
-3.920144783e-10
-1.824399648e-08
5.05300444e-09
-1.631212547e-08
-3.091702186e-09
-1.420175277e-08
6.638726754e-09
-1.258440306e-08
-4.189056477e-09
-1.209875272e-08
5.303733677e-09
-1.303261066e-08
-3.577021489e-09
-1.482244364e-08
-5.651184036e-10
-1.644051496e-08
-1.157497432e-09
-1.881911131e-08
-1.453711628e-08
-2.335595464e-08
1.379640477e-08
-2.323837638e-08
-3.053198795e-09
-3.36007043e-08
9.646209658e-09
-4.316647582e-08
-1.204688727e-09
-5.101195676e-08
1.204550525e-08
-5.64480899e-08
4.441806677e-09
-5.537170148e-08
1.108853151e-09
-5.255191734e-08
4.701069823e-09
-6.085766189e-08
-4.947027372e-09
-7.36678812e-08
-1.229058331e-08
-6.911720331e-08
-2.767151998e-09
-5.809276428e-08
-9.549742234e-09
-5.098759452e-08
-3.812973534e-10
-4.77920948e-08
5.20124948e-10
-4.555440287e-08
-2.036456004e-09
-4.498338778e-08
-1.649544511e-09
-4.842396199e-08
-9.426032473e-09
-5.265010683e-08
6.425396806e-09
-6.093961229e-08
-1.885777499e-08
-6.078695337e-08
1.596856414e-08
-5.863417514e-08
-2.115477646e-08
-6.153456859e-08
3.257092955e-08
-6.689228626e-08
-3.089995259e-08
-7.180317019e-08
5.374054692e-08
-7.323727153e-08
-4.875169511e-08
-6.869618305e-08
4.920870475e-08
-6.03630903e-08
-4.57550501e-08
-5.078992448e-08
3.894746931e-08
-4.194062248e-08
-3.594929526e-08
-3.46659181e-08
2.972750134e-08
-2.859168813e-08
-2.782591081e-08
-2.23722701e-08
1.238547375e-08
-8.770303183e-09
-1.799167643e-08
-2.215438626e-09
-4.091638288e-09
2.567336735e-09
-1.016578546e-09
-2.765060242e-10
-7.801746491e-10
5.169635336e-10
-8.651298359e-10
-2.908563852e-10
-1.232532194e-09
4.486842134e-10
-1.919623155e-09
-5.829600996e-10
-3.01032096e-09
7.82789728e-10
-4.572635689e-09
-1.145757809e-09
-6.511985834e-09
1.328280406e-09
-8.428916777e-09
-1.603902338e-09
-9.721352416e-09
1.824671987e-09
-9.945328836e-09
-5.765435683e-10
-9.144929019e-09
1.299360853e-09
-7.706926555e-09
1.401851833e-09
-5.868696676e-09
-2.129450743e-10
-4.149897599e-09
2.223091831e-09
-2.967165437e-09
-9.636861175e-10
-2.844268859e-09
2.094826884e-09
-4.760607432e-09
-8.179241972e-10
-9.764446485e-09
1.719493746e-09
-1.658040342e-08
-1.05049689e-09
-2.215229414e-08
-4.873270485e-09
-2.592074866e-08
2.372980283e-09
-2.636714056e-08
-9.852966761e-09
-2.453744894e-08
7.525226001e-09
-1.894089029e-08
-1.127685396e-08
-1.16937913e-08
9.235834001e-09
-6.078242525e-09
6.645666274e-09
-5.235984386e-09
-5.44537622e-09
-7.158233634e-09
7.610529682e-09
-8.718913449e-09
-8.026369665e-09
-1.060928075e-08
9.948099416e-09
-1.348107773e-08
-1.195087712e-08
-1.901253379e-08
1.075053903e-08
-2.881257524e-08
-1.337337477e-08
-4.192102747e-08
1.31306747e-08
-5.506513421e-08
-1.720223685e-08
-6.624512316e-08
1.877308503e-08
-7.434337679e-08
-2.141780447e-08
-8.159105041e-08
1.675595431e-08
-8.806481397e-08
-1.611346982e-08
-8.918966326e-08
1.7485864e-08
-8.517571992e-08
-1.910380662e-08
-7.863344401e-08
3.029225129e-08
-7.199585518e-08
-2.430844219e-08
-6.760970116e-08
3.927191062e-08
-6.282889794e-08
-2.697318099e-08
-5.611407225e-08
3.647844408e-08
-4.834242215e-08
-2.720256185e-08
-4.097575836e-08
2.997277422e-08
-3.542367109e-08
-2.664276466e-08
-3.214692664e-08
2.751298359e-08
-2.960988411e-08
-3.004310923e-08
-2.440563336e-08
2.09686052e-08
-1.512653163e-08
-2.61694789e-08
-6.329385187e-09
1.413429804e-09
-3.967860282e-09
-3.689126318e-09
-1.009836601e-09
-3.000074331e-09
-2.860303274e-09
-8.294711732e-10
-3.094462994e-09
1.228403836e-09
-3.520971187e-09
-1.124296315e-09
-4.033825638e-09
1.244423017e-09
-4.577966611e-09
-1.57977939e-09
-5.086876716e-09
1.399258303e-09
-5.429025375e-09
-1.995695821e-09
-5.417101974e-09
1.55102422e-09
-4.903880335e-09
-1.692438317e-09
-3.909445473e-09
1.291535136e-09
-2.663656959e-09
-5.6902943e-10
-1.521789721e-09
5.244501606e-10
-8.476488749e-10
2.015367291e-10
-5.042206828e-10
5.965694502e-11
-2.772747145e-10
2.185492536e-10
-1.5727847e-10
-7.270833235e-12
-1.744254895e-10
1.258167907e-10
-3.931474293e-10
-6.208405365e-11
-1.120024254e-09
4.126270074e-12
-3.823250228e-09
-7.00602275e-10
-9.567485377e-09
-6.269683856e-09
-1.288906619e-08
-1.391945629e-09
-1.111600735e-08
-1.395845861e-08
-4.26839435e-09
-4.065249827e-10
-4.063473776e-09
2.556559131e-10
-3.768259296e-09
-1.41479849e-09
-6.072265373e-09
6.91607432e-09
-8.741163293e-09
-5.635645418e-09
-1.124893961e-08
1.241231186e-08
-1.320707802e-08
-1.194189571e-08
-1.447426229e-08
1.501590119e-08
-1.486847621e-08
-1.48221508e-08
-1.445375729e-08
1.490596877e-08
-1.40199978e-08
-1.053090721e-08
-1.499651035e-08
1.617984954e-08
-1.900545475e-08
-8.31167766e-09
-2.552624518e-08
1.86627922e-08
-2.70335669e-08
-2.236275771e-08
-2.442671127e-08
1.588753898e-08
-2.221601166e-08
-1.182945368e-08
-2.133679244e-08
1.563271645e-08
-2.237760584e-08
-9.624555646e-09
-2.517797211e-08
1.735310357e-08
-2.897361575e-08
-1.126974486e-08
-3.280648747e-08
2.196137841e-08
-3.633097377e-08
-1.790002018e-08
-3.974354192e-08
2.704185409e-08
-4.344876052e-08
-2.689402873e-08
-4.70410677e-08
3.48088577e-08
-4.814503114e-08
-3.768963243e-08
-4.293402567e-08
3.307557676e-08
-2.985146949e-08
-4.144690026e-08
-1.300635733e-08
8.968293785e-09
-4.659020163e-09
-1.518975422e-09
-3.705280297e-09
1.668579448e-09
-3.295191349e-09
-1.179907631e-09
-3.29713394e-09
1.001451931e-09
-3.559954498e-09
-1.133483401e-09
-3.815580213e-09
9.594482274e-10
-3.767712844e-09
-1.118988086e-09
-3.321017438e-09
9.95368033e-10
-2.607112992e-09
-8.166270301e-10
-1.83442878e-09
6.928553146e-10
-1.183119668e-09
-3.379620929e-10
-7.627051908e-10
3.326526455e-10
-6.074876508e-10
-9.429546758e-11
-7.135703355e-10
2.020718056e-10
-1.099943363e-09
-8.465576106e-11
-1.861194283e-09
3.348218786e-10
-2.897199176e-09
-5.951959056e-11
-3.262015923e-09
-1.767989592e-10
-2.332064788e-09
1.283952436e-09
-1.440409239e-09
-6.016406965e-10
-8.876558004e-10
5.633650707e-10
-4.35511893e-10
-2.555404017e-10
-3.178329786e-10
3.057026041e-10
-4.485096406e-10
-2.039079873e-10
-7.901119881e-10
9.067516673e-10
-1.588467542e-09
-5.410300045e-10
-3.229655635e-09
3.934318009e-09
-5.986775616e-09
-2.357063866e-09
-9.685567378e-09
1.029367736e-08
-1.323580857e-08
-7.720977302e-09
-1.445464739e-08
1.300963728e-08
-1.217728405e-08
-1.059662245e-08
-8.205007821e-09
7.369565055e-09
-5.103569808e-09
-6.448418786e-09
-3.906890849e-09
5.496451299e-09
-4.890949316e-09
-6.00570648e-09
-9.175800306e-09
2.325541955e-08
-9.33695038e-09
-1.773476393e-08
-5.934231824e-09
8.700973682e-09
-4.307006715e-09
-6.098241216e-09
-3.838074886e-09
6.065709516e-09
-4.874349909e-09
-3.935310617e-09
-7.807938961e-09
7.06377997e-09
-1.213939266e-08
-5.339958475e-09
-1.86477019e-08
1.205560912e-08
-2.607950311e-08
-5.182782978e-09
-3.406834922e-08
2.112195322e-08
-4.212137203e-08
-1.052645418e-08
-5.018122253e-08
3.290682087e-08
-5.856403437e-08
-2.015621358e-08
-6.710383406e-08
4.638560708e-08
-3.685199232e-08
-5.369263072e-09
-1.792987689e-09
-3.614439083e-09
1.842370445e-09
-2.652702087e-09
-8.970522023e-10
-2.381767946e-09
7.572260339e-10
-2.699421822e-09
-9.359725755e-10
-3.339747106e-09
7.497505935e-10
-3.733942605e-09
-1.161615593e-09
-3.500296504e-09
1.329907282e-09
-2.816182934e-09
-8.404068239e-10
-2.041603125e-09
1.144763467e-09
-1.400413633e-09
-4.388229459e-10
-9.744939395e-10
6.432416357e-10
-7.727918437e-10
-2.916208189e-10
-7.728102985e-10
4.225994618e-10
-9.345132195e-10
-3.827903923e-10
-1.20245468e-09
4.924993448e-10
-1.493697136e-09
-1.736472394e-13
-1.686667243e-09
-1.118481241e-10
-1.375369549e-09
5.018332406e-10
-5.588466125e-10
-8.597296329e-10
-2.959130812e-10
1.435622077e-10
-2.324585932e-10
-8.87013273e-11
-2.693792486e-10
1.533826831e-10
-3.649778455e-10
-1.217909328e-10
-5.141772516e-10
3.650919485e-10
-7.550989806e-10
-2.477306844e-10
-1.233339907e-09
1.227413331e-09
-2.333224322e-09
-6.048863764e-10
-4.563452852e-09
4.785427156e-09
-7.715123827e-09
-2.398116846e-09
-1.062895567e-08
8.603481274e-09
-1.250152199e-08
-7.120191015e-09
-1.315711816e-08
8.367387589e-09
-1.268984128e-08
-1.257094426e-08
-1.15656491e-08
8.972122679e-09
-9.994300855e-09
-1.28435021e-08
-7.942774896e-09
1.064164931e-08
-4.989880352e-09
-6.613619946e-09
-2.931047676e-09
4.301581003e-09
-1.937645791e-09
-3.520229698e-09
-1.429389717e-09
3.170512514e-09
-1.242303856e-09
-3.229944835e-09
-1.312362977e-09
7.012838708e-09
-6.646804684e-10
-8.732778275e-09
-1.10914907e-09
1.204957369e-09
-2.19027924e-09
-4.767642289e-11
-3.904817247e-09
2.952208025e-09
-6.68666989e-09
-6.056157834e-12
-1.121512934e-08
7.759311206e-09
-1.863388016e-08
-4.158610028e-11
-3.092673121e-08
2.077402879e-08
-4.865282703e-11
-2.89931104e-09
-1.615373067e-09
-1.617855558e-09
-8.657350797e-10
-5.091217216e-10
-5.460794431e-10
2.861727317e-10
-5.60179299e-10
-4.32812313e-10
-9.2463317e-10
2.859024784e-10
-1.603720549e-09
-1.202630742e-09
-2.2490602e-09
9.598013441e-10
-2.564511932e-09
-1.420148102e-09
-2.502487225e-09
1.536417182e-09
-2.154128985e-09
-9.658931347e-10
-1.7194696e-09
1.47055281e-09
-1.401251559e-09
-6.411647829e-10
-1.314558708e-09
1.123958138e-09
-1.550776556e-09
-6.198908178e-10
-2.435932193e-09
1.17450563e-09
-4.115640762e-09
9.618651702e-10
-4.441602404e-09
4.130981012e-10
-2.227381781e-09
9.321172799e-10
-3.086401985e-10
-3.652972778e-11
-2.268939119e-10
5.865002188e-11
-2.483199018e-10
-2.867687501e-11
-2.949594047e-10
8.844598829e-11
-3.525596393e-10
-5.001781109e-11
-4.22346142e-10
1.53613768e-10
-5.159150279e-10
-7.389734894e-11
-6.590793592e-10
3.224131195e-10
-9.14308463e-10
-1.278024749e-10
-1.461344244e-09
1.300490215e-09
-2.755217422e-09
-5.908488905e-10
-5.22816154e-09
5.548039162e-09
-8.991177768e-09
-3.615169868e-09
-1.312320513e-08
1.118964218e-08
-1.50657505e-08
-7.805568566e-09
-1.31669786e-08
1.05482479e-08
-9.049902827e-09
-8.060834278e-09
-5.848373283e-09
5.654221942e-09
-4.271303983e-09
-5.881387931e-09
-3.274487411e-09
3.74527645e-09
-2.689438578e-09
-5.016172935e-09
-2.367518897e-09
3.986982575e-09
-2.269663374e-09
-5.469021666e-09
-2.422394156e-09
8.111152542e-09
-1.215268817e-09
-6.377934595e-09
-4.845693999e-11
7.30016444e-11
7.300772116e-12
-1.232411627e-10
1.20851786e-11
3.244906422e-12
8.520597866e-12
2.322776257e-13
6.926049384e-12
7.03562134e-12
1.674916919e-11
1.38830411e-12
3.3924288e-11
3.802504413e-12
-1.685975723e-10
-1.684986489e-10
-1.786971565e-10
-2.522124902e-10
-2.321582898e-10
-4.044611098e-10
2.172303612e-10
-6.36755523e-10
-8.1663008e-10
-9.274306284e-10
7.767458982e-10
-1.334314719e-09
-1.525295551e-09
-2.105024951e-09
1.408769539e-09
-4.21769224e-09
-4.467545018e-09
-1.164630542e-08
3.07741915e-09
-2.883900947e-08
-1.016673336e-08
-4.471333652e-08
8.1956795e-09
-4.394038699e-08
-6.473241312e-09
-3.053628793e-08
8.154505364e-09
-1.612734983e-08
-1.842357485e-09
-6.556702788e-09
3.436093378e-09
-1.837654446e-09
-3.003310673e-10
-1.78817767e-10
5.695006855e-10
-5.245783285e-11
-3.35959772e-12
-4.507246309e-11
3.325065147e-11
-5.325842355e-11
5.927417685e-12
-6.944077326e-11
4.035402852e-11
-8.1089145e-11
1.221005052e-11
-1.064141452e-10
5.021874167e-11
-1.698369172e-10
-3.25626864e-11
-2.676271942e-10
1.294133306e-10
-4.415266592e-10
2.025974459e-10
-8.386201554e-10
9.338557497e-11
-1.816715805e-09
2.144361865e-09
-3.531529664e-09
-9.285903375e-10
-5.600160752e-09
5.6413829e-09
-7.228949395e-09
-3.551553039e-09
-7.968961368e-09
7.059787485e-09
-8.172776319e-09
-6.081557164e-09
-8.125509375e-09
6.974368406e-09
-7.957343078e-09
-8.154404861e-09
-7.677511342e-09
7.316620215e-09
-7.193539199e-09
-9.723851623e-09
-6.42356351e-09
7.460646732e-09
-5.327659691e-09
-9.490432236e-09
-3.813710189e-09
5.222194716e-09
-1.762324118e-09
-5.564698898e-09
-3.532398551e-10
3.034206716e-10
1.433784894e-17
-6.106577106e-10
7.410032272e-17
-1.145188566e-11
8.888848081e-12
2.674238804e-12
1.404038749e-11
-6.681681527e-12
-2.007659016e-10
-2.170903889e-10
-3.15510019e-10
2.156688542e-10
-4.687843425e-10
-7.489797147e-10
-6.148229847e-10
6.781394026e-10
-7.493275359e-10
-1.307447149e-09
-9.605995952e-10
1.096230441e-09
-1.435426906e-09
-2.387498173e-09
-2.339640852e-09
1.701124328e-09
-3.2501983e-09
-4.426653414e-09
-3.708013377e-09
3.12572991e-09
-4.112866859e-09
-5.135811003e-09
-4.461470167e-09
2.51713111e-09
-4.226604596e-09
-3.357465358e-09
-3.161888378e-09
1.573940905e-09
-1.559951682e-09
-7.469107652e-10
-2.561263994e-10
6.107134832e-10
-7.987715029e-11
-8.654726982e-11
-6.910582526e-11
1.338573628e-10
-8.0373016e-11
-1.078347441e-10
-1.184426099e-10
1.504244903e-10
-1.61424371e-10
-1.507153882e-10
-1.669524583e-10
2.675289422e-10
-1.646584968e-10
-1.722945301e-10
-1.623215128e-10
2.008582491e-10
-1.409099471e-10
-1.972320958e-10
-1.16813647e-10
1.837166153e-10
-1.615815571e-10
1.74906684e-10
-5.044570808e-10
1.177175047e-10
-1.413049288e-09
1.650102943e-09
-3.176503772e-09
-5.111426777e-12
-4.609060304e-09
4.643827768e-09
-6.548847587e-09
-2.833475062e-09
-8.476334759e-09
8.060390061e-09
-9.805590995e-09
-6.175841005e-09
-1.063785243e-08
1.055506434e-08
-1.091703018e-08
-9.181013227e-09
-1.056270092e-08
1.106364391e-08
-9.382471931e-09
-1.174031463e-08
-7.192762497e-09
7.438219186e-09
-4.228257948e-09
-1.026886045e-08
-1.436950279e-09
1.293666301e-09
3.304503417e-16
-2.713288745e-09
1.205315874e-16
-4.802476608e-13
-2.618876108e-11
-1.495458268e-10
-2.048856813e-10
-2.069199999e-10
-2.674144498e-10
-5.496479215e-10
-2.99330879e-10
3.989481554e-10
-2.894449413e-10
-7.596136557e-10
-2.629536144e-10
4.46296366e-10
-2.721115823e-10
-9.134705197e-10
-3.989871599e-10
4.497703083e-10
-6.954344114e-10
-2.015351585e-09
-9.1474625e-10
1.009749598e-09
-8.33518022e-10
-1.599176523e-09
-5.966479785e-10
1.010049467e-09
-3.592306083e-10
-6.903479237e-10
-2.084467446e-10
4.716228524e-10
-1.396988203e-10
-3.103017115e-10
-1.086103352e-10
2.257174286e-10
-9.617272445e-11
-1.661754228e-10
-7.937307109e-11
1.842337803e-10
-8.306385454e-11
-1.757374599e-10
-1.175049663e-10
1.905514497e-10
-1.591230783e-10
-3.620995735e-10
-1.536302829e-10
4.319866986e-10
-1.047896478e-10
-2.247105059e-10
-6.016124394e-11
2.344482014e-10
-4.042110514e-11
-1.541867051e-10
-7.87498073e-12
1.407470228e-10
2.753272159e-11
-7.372219345e-11
4.527655755e-11
5.44420206e-11
6.53383659e-11
-7.395373401e-11
6.718862988e-11
7.130449041e-11
-5.251901726e-11
1.448588922e-09
-1.479870062e-09
-4.679038154e-12
-3.193795961e-09
3.853219158e-09
-4.225873846e-09
-2.501361356e-09
-5.895485506e-09
6.687168739e-09
-8.033145258e-09
-4.208970933e-09
-1.031272089e-08
1.117824545e-08
-1.213288206e-08
-9.172054734e-09
-1.252126012e-08
1.324775051e-08
-1.037961525e-08
-1.529264457e-08
-5.41047216e-09
5.49784556e-09
-1.955653256e-11
-1.086170286e-08
-1.28141539e-11
5.367732789e-11
-1.416478112e-10
-2.798721692e-10
-1.367541697e-10
-1.281724537e-10
-2.7309433e-10
-1.278363569e-10
-1.378381802e-10
-2.852202052e-10
-1.59593533e-10
2.416111384e-10
-1.931589952e-10
-5.108671491e-10
-2.243163909e-10
3.313876313e-10
-2.294359625e-10
-5.862997087e-10
-2.043554984e-10
3.588101941e-10
-1.661722549e-10
-3.522132154e-10
-1.321366932e-10
2.644239353e-10
-1.101415586e-10
-2.080691948e-10
-9.971776604e-11
1.931675382e-10
-9.350161574e-11
-1.917406492e-10
-7.85159661e-11
1.921033356e-10
-7.426995623e-11
-1.958393965e-10
-9.309007997e-11
1.92526574e-10
-1.190287691e-10
-4.768577095e-10
-1.021011819e-10
4.714140647e-10
-4.388965304e-11
-2.276595482e-10
4.492232768e-12
2.254913544e-10
3.149173272e-11
-1.404704385e-10
4.855032242e-11
1.498446797e-10
4.30935356e-11
-5.13580057e-11
4.101076748e-11
6.044829872e-11
4.620102357e-11
-6.593045473e-11
5.436334481e-11
6.562468374e-11
6.785287497e-11
-3.240319175e-11
6.410130017e-11
5.310694318e-11
6.591251909e-11
1.775001839e-10
-2.572399398e-10
1.287763517e-10
-1.503654606e-09
2.081342351e-09
-2.84066059e-09
-7.020868862e-10
-5.143489623e-09
5.874744925e-09
-8.706159472e-09
-2.265404229e-09
-1.361917232e-08
1.467575184e-08
-1.88467247e-08
-1.967497443e-08
2.106899808e-08
-1.433194878e-10
-2.373927585e-10
-1.386573367e-10
-1.359554287e-10
-2.615961586e-10
-1.334900057e-10
2.285423238e-10
-1.269382488e-10
-2.519270178e-10
-1.166351027e-10
2.005654241e-10
-1.051578754e-10
-2.075297062e-10
-9.474600088e-11
1.74507757e-10
-8.825918651e-11
-1.777607148e-10
-8.601833939e-11
1.645155281e-10
-8.242517004e-11
-1.874581812e-10
-7.184872843e-11
1.788457537e-10
-6.245208206e-11
-1.855234787e-10
-6.038293885e-11
1.785219978e-10
-5.764997553e-11
-4.100183439e-10
-1.935601536e-11
3.277934107e-10
6.629296279e-11
-2.300499791e-10
6.3294859e-11
2.641199542e-10
5.890441954e-11
-1.67680153e-10
6.440404746e-11
1.943183888e-10
6.024359429e-11
-7.929567209e-11
5.697396609e-11
1.062566626e-10
5.831092155e-11
-7.47250193e-11
6.560044111e-11
9.50639075e-11
7.969694704e-11
-7.498762445e-11
9.433460855e-11
1.034922156e-10
1.1115583e-10
-1.274525081e-10
1.677908219e-10
1.34071946e-10
2.247950289e-10
6.449279832e-11
1.449213868e-10
5.975569218e-11
8.553369057e-11
3.053167899e-11
-1.420893894e-10
-2.17948649e-10
-1.278966156e-10
-1.164135573e-10
-1.806807128e-10
-1.067992217e-10
-9.600754027e-11
-1.608318929e-10
-8.619409554e-11
-7.92410571e-11
-1.552792337e-10
-7.436206288e-11
1.513527749e-10
-6.891116735e-11
-1.669520517e-10
-6.121889336e-11
1.528567791e-10
-5.282653931e-11
-1.713535097e-10
-4.416756253e-11
1.61987033e-10
-3.279955781e-11
-2.605084101e-10
-9.808477346e-12
2.161199906e-10
4.226992245e-11
-2.805653621e-10
5.74506704e-11
2.769033106e-10
6.455883482e-11
-2.244352998e-10
7.093176034e-11
2.530263093e-10
7.493945193e-11
-1.395387843e-10
7.88606773e-11
1.764138484e-10
8.49156249e-11
-1.25906569e-10
9.618374618e-11
1.638462665e-10
1.147191075e-10
-1.379005946e-10
1.354962563e-10
1.549731745e-10
-1.575942209e-10
1.939297243e-10
2.442152075e-10
-1.415727482e-10
-8.607613214e-11
-1.541558486e-10
-7.171932436e-11
-5.728196102e-11
-1.384094996e-10
-4.695024851e-11
-4.04898543e-11
-1.492739313e-10
-3.417495009e-11
-2.406312246e-11
-1.882520854e-10
-6.541164204e-12
2.140490197e-11
-2.606487921e-10
4.57996221e-11
6.256608711e-11
-2.774000331e-10
7.40972825e-11
8.568259571e-11
-2.130451954e-10
9.997430115e-11
1.096256944e-10
-2.038889521e-10
)
;

boundaryField
{
    dominio_ascii
    {
        type            calculated;
        value           nonuniform List<scalar> 
168
(
8.432067081e-11
-8.022855091e-10
-6.264116433e-10
-3.957755712e-10
-6.205383445e-10
1.158720387e-08
3.217297246e-09
-4.71312251e-08
8.132246407e-09
1.68140461e-10
3.349912732e-09
3.141792717e-11
2.739203603e-11
-3.67587555e-09
6.273502934e-09
2.518024876e-09
4.489622898e-12
1.093721936e-09
7.503514052e-10
8.908004014e-13
-2.088903864e-12
2.034865103e-08
2.595808882e-08
1.570320881e-08
2.243958899e-09
3.735457681e-09
1.268955316e-10
4.363449872e-11
1.192077648e-08
2.774946675e-11
1.624271602e-09
6.171982498e-10
1.431455446e-10
2.19074369e-10
2.998214255e-10
1.947203057e-10
5.222363287e-10
2.77670997e-10
2.168372666e-10
1.393248459e-10
2.630131559e-10
4.044376463e-10
1.799550762e-09
7.352867826e-10
4.584446844e-10
3.466393498e-10
1.054216425e-09
-5.92601853e-10
-7.328225274e-10
-4.838392833e-10
-3.47061863e-10
-1.384517826e-12
-2.197708069e-12
-3.141834529e-14
1.234076092e-11
1.084174635e-08
5.880775635e-09
5.304562727e-09
-4.387239034e-08
-7.957647407e-08
7.599873323e-11
4.281182754e-10
6.981499628e-09
4.546809691e-09
1.439706255e-11
2.604034408e-11
8.593805898e-09
7.183767091e-09
1.956216096e-11
3.311832761e-11
1.689710815e-08
1.208805264e-08
1.542687219e-12
1.558471364e-08
1.916988275e-08
-8.639825805e-09
5.632446666e-09
-6.269151615e-09
-8.988611667e-10
9.078209761e-10
-6.828390579e-10
-2.489060721e-09
5.519602323e-10
1.094560086e-09
2.937189685e-12
7.258980132e-10
-2.148801794e-08
-3.643377521e-08
1.372263566e-09
-1.958165894e-08
7.062447078e-12
1.68014924e-09
8.295230576e-10
-2.907247107e-12
2.181103045e-08
6.683040481e-09
-1.142397178e-08
2.704063041e-08
-6.532122548e-09
-6.863880954e-09
2.227336952e-08
-4.458813242e-09
-5.366382123e-09
7.194211831e-09
-3.39430029e-09
-3.863139329e-09
1.697301666e-09
-1.885094357e-09
-2.73853862e-09
2.59992602e-09
1.776013679e-11
-1.994161207e-09
5.719645164e-09
3.953522494e-09
6.919520469e-11
1.400290179e-08
1.034108422e-08
-7.506538545e-08
1.97304399e-08
-1.356078577e-07
-8.075154584e-08
9.51527638e-09
7.800054606e-09
8.666385349e-11
1.207730026e-09
2.95917145e-11
2.845127753e-11
3.323023861e-10
8.872188672e-11
3.542380823e-10
1.643448585e-10
-7.978377412e-11
-7.835150801e-10
2.737392459e-10
2.460349202e-11
-5.710778082e-11
3.438271603e-10
2.157734481e-10
1.674531951e-11
6.009534554e-11
-7.784536043e-08
5.096308417e-10
5.568848804e-10
2.969186192e-10
2.349975011e-10
3.386498166e-10
2.587051085e-10
4.789613521e-10
2.664450073e-10
2.443539569e-10
2.25161527e-10
2.47661136e-10
4.564181914e-10
5.436735809e-10
4.098668136e-10
1.879750788e-10
1.878326461e-10
1.006573404e-10
1.052718797e-10
1.169398497e-10
1.335997819e-10
9.120458522e-11
1.876694752e-10
2.941994079e-10
2.888191608e-10
4.43596271e-10
2.38130228e-10
2.554146062e-10
)
;
    }
    wallFilmFaces_top
    {
        type            calculated;
        value           uniform 0;
    }
    region0_to_wallFilmRegion_wallFilmFaces
    {
        type            calculated;
        value           uniform 0;
    }
}


// ************************************************************************* //
