/*--------------------------------*- C++ -*----------------------------------*\
| =========                 |                                                 |
| \\      /  F ield         | OpenFOAM: The Open Source CFD Toolbox           |
|  \\    /   O peration     | Version:  2.1.x                                 |
|   \\  /    A nd           | Web:      www.OpenFOAM.org                      |
|    \\/     M anipulation  |                                                 |
\*---------------------------------------------------------------------------*/
FoamFile
{
    version     2.0;
    format      ascii;
    class       volVectorField;
    location    "0.7";
    object      Uf;
}
// * * * * * * * * * * * * * * * * * * * * * * * * * * * * * * * * * * * * * //

dimensions      [0 1 -1 0 0 0 0];

internalField   nonuniform List<vector> 
2828
(
(0.02867713727 0 -0.3396992976)
(0.09591980153 0 -0.3546265592)
(0.1089337271 0 -0.3781285847)
(0.1141947994 0 -0.3512551986)
(0.1362203614 0 -0.3164014783)
(-0.9173809626 0 -0.507642676)
(-0.5799964984 0 -0.3069751076)
(-0.232573957 0 -0.2041158792)
(-0.2368084975 0 -0.2379568638)
(-0.03513103833 0 -0.294566404)
(0.09498601455 0 -0.328708008)
(0.1070605515 0 -0.3507782942)
(0.1964701824 0 -0.3860684578)
(0.6246569593 0 -0.5085252291)
(1.086466365 0 -0.8128457543)
(1.294715776 0 -0.9572497049)
(1.377697569 0 -0.9643257714)
(-1.073334337 0 -0.8667536331)
(-1.062698729 0 -0.7377240531)
(-0.9076564879 0 -0.5491484594)
(-0.4476261038 0 -0.3647128082)
(-0.0866352136 0 -0.3170419424)
(0.1157417165 0 -0.3911741512)
(0.1719692357 0 -0.3837635963)
(0.2113403629 0 -0.3741047732)
(0.3414012291 0 -0.3964085408)
(0.6495783473 0 -0.5237036422)
(0.9801415434 0 -0.7319729617)
(1.192811289 0 -0.8788953482)
(1.304106274 0 -0.9346345241)
(1.35295956 0 -0.9281947488)
(-0.6111259581 0 0.05490262445)
(-0.5651020358 0 -0.06633408883)
(-0.9516726777 0 -0.9685664252)
(-0.9282226946 0 -0.9118085729)
(-0.9001100015 0 -0.7813686869)
(-0.7077975175 0 -0.5458965077)
(-0.1585590048 0 -0.4121058718)
(0.1212127316 0 -0.444924571)
(0.2493827472 0 -0.4702503834)
(0.3063684585 0 -0.4509962836)
(0.4040307985 0 -0.442759808)
(0.6241711368 0 -0.5182878441)
(0.8897350857 0 -0.6797975616)
(1.049446856 0 -0.813696673)
(1.186357656 0 -0.8775903273)
(1.277870267 0 -0.8958722319)
(1.265125529 0 -0.8596079984)
(-0.4146314454 0 0.04729446069)
(-0.5777403645 0 -0.037945354)
(-1.01753193 0 0.342693746)
(-1.130964685 0 1.336491287)
(-0.6817061982 0 -0.9650496241)
(-0.7505450406 0 -0.9435363304)
(-0.7645808984 0 -0.9406096143)
(-0.6956289589 0 -0.7995377479)
(-0.4467140997 0 -0.5015800664)
(-0.002137613031 0 -0.3072779187)
(0.3097232991 0 -0.4900381984)
(0.4568196112 0 -0.5335391981)
(0.5423460198 0 -0.5138869256)
(0.7134910592 0 -0.5456876477)
(0.8541185706 0 -0.7494570932)
(0.7671977805 0 -0.9484182451)
(0.6263753621 0 -0.9055038427)
(0.9026487791 0 -0.7160498706)
(1.211206891 0 -0.8265317564)
(1.051901691 0 -0.6994976739)
(-0.3298108258 0 0.2696581069)
(-0.4001913745 0 0.2501477318)
(-0.5051843287 0 0.5571019625)
(-0.6130413448 0 1.72878321)
(-0.7185963448 0 2.2027629)
(-0.4442204545 0 -0.8037858485)
(-0.4843518845 0 -0.889518573)
(-0.5407633495 0 -0.8650120308)
(-0.6673709024 0 -0.8678703761)
(-0.4202160857 0 -0.5085241514)
(-0.1613850812 0 -0.4566653627)
(-0.02396996748 0 -0.523280988)
(0.1276013972 0 -0.5373166179)
(0.2133788229 0 -0.6830851364)
(0.2205861066 0 -0.7791131058)
(0.05336022093 0 -0.8524018679)
(-0.06035034417 0 -0.7608446762)
(-0.02262231651 0 -0.5924236625)
(0.3459091534 0 -0.6891551546)
(0.8998383291 0 -0.6081520591)
(0.6842436372 0 -0.5591054997)
(-0.1411251726 0 0.02966146626)
(-0.2096461127 0 0.3190525951)
(-0.2623407903 0 0.3828647066)
(-0.1642339256 0 0.09910690482)
(-0.08033099391 0 0.1576319757)
(-0.1081968389 0 0.2133042954)
(-0.04499549848 0 -0.4379722588)
(-0.2976113665 0 -0.5450879375)
(-0.3085552003 0 -0.6530458927)
(-0.2968559208 0 -0.6520437607)
(-0.2537585447 0 -0.5680681501)
(-0.2684334441 0 -0.5581174411)
(-0.2409550525 0 -0.378753197)
(-0.09253574623 0 -0.409469423)
(-0.0424448619 0 -0.4153105258)
(0.0700325458 0 -0.5258791419)
(0.1135844855 0 -0.589238992)
(0.04685832633 0 -0.6075276759)
(-0.05146482967 0 -0.4438757768)
(-0.1291448394 0 -0.1750409511)
(-0.1237205725 0 -0.1873601053)
(0.1047544799 0 -0.2150477127)
(0.3820899582 0 0.04927763989)
(0.4563488878 0 -0.0581549194)
(-0.3246216688 0 -0.1169304713)
(0.1215407301 0 -0.4806321544)
(0.2139266271 0 -0.6323101628)
(0.2300182445 0 -0.7187668774)
(0.2341349493 0 -0.7731615976)
(0.235695385 0 -0.798489404)
(0.2364327518 0 -0.8054173516)
(-0.2872538379 0 -0.3850407793)
(-0.2538162354 0 -0.3734781729)
(-0.2041280841 0 -0.3659475406)
(-0.2029945171 0 -0.3855731478)
(-0.2247548821 0 -0.428537994)
(-0.2239015723 0 -0.4258608513)
(-0.2452500795 0 -0.3772370232)
(-0.2674165117 0 -0.345366291)
(-0.1175615535 0 -0.32050683)
(-0.04048083831 0 -0.3922738832)
(-0.004739810693 0 -0.356008774)
(0.01316948221 0 -0.3025369794)
(-0.08277515411 0 -0.2578797193)
(-0.462126206 0 -0.2909841107)
(-0.6426125772 0 -0.2322079121)
(-0.6107591881 0 -0.1514651686)
(-0.434502498 0 -0.1703033685)
(-0.337846058 0 0.1004966706)
(0.1653153403 0 -0.4211005706)
(0.2893154414 0 -0.656268806)
(0.2993675841 0 -0.7118044103)
(0.2873320451 0 -0.7299813378)
(0.268490275 0 -0.7170298364)
(0.2210764643 0 -0.6648427297)
(0.1041609494 0 -0.549243421)
(0.01861540244 0 -0.4609416189)
(-0.279767901 0 -0.3968326231)
(-0.2179571476 0 -0.3515672822)
(-0.1568474939 0 -0.3525524318)
(-0.1458017231 0 -0.3890030188)
(-0.1342782196 0 -0.4181638099)
(-0.1047642685 0 -0.4196591133)
(-0.1752995412 0 -0.4143410394)
(-0.5493331994 0 -0.4966741989)
(-0.2777684041 0 -0.2896561365)
(-0.4024991912 0 -0.3548181816)
(-0.5677283312 0 -0.3660626224)
(-0.7496971984 0 -0.4671763849)
(-0.7008569166 0 -0.473560832)
(-0.6082515834 0 -0.3656759715)
(-0.5000781993 0 -0.2226773116)
(-0.4359448041 0 -0.2181577829)
(-0.3541292371 0 -0.171191575)
(-0.06973542617 0 -0.1029750642)
(0.3043402855 0 -0.6650787028)
(0.2624761226 0 -0.7046768365)
(0.255089749 0 -0.6968543743)
(0.3049286466 0 -0.6784293771)
(0.2474020354 0 -0.6106552368)
(0.1774359512 0 -0.5155955661)
(0.09747344467 0 -0.4076481899)
(0.09568063496 0 -0.4101762632)
(0.5156563985 0 0.3157044596)
(-0.20151285 0 -0.4902048296)
(-0.2244493437 0 -0.4808301433)
(-0.1797201972 0 -0.3980982557)
(-0.1113635883 0 -0.373481075)
(-0.1169938049 0 -0.4197689031)
(-0.1247754872 0 -0.4267572086)
(-0.1551948769 0 -0.4669518672)
(-0.3305489296 0 -0.7712885523)
(-0.822817029 0 -0.8727614599)
(-0.2657467968 0 0.07714454657)
(-0.3413061056 0 -0.4261330643)
(-0.5257213461 0 -0.5312737236)
(-0.5307279422 0 -0.4622693767)
(-0.5368090216 0 -0.4336520054)
(-0.5269739206 0 -0.3385213816)
(-0.4809344432 0 -0.2423705984)
(-0.3923294952 0 -0.1908377996)
(-0.2586840176 0 -0.1245554717)
(0.1349233611 0 -0.1178523468)
(-0.1430497471 0 -0.5493251262)
(0.1044809768 0 -0.5056542718)
(0.08913947045 0 -0.4382039106)
(0.2542669312 0 -0.5339119813)
(0.1457671175 0 -0.5189775546)
(0.2733606778 0 -0.5078747087)
(0.4323486313 0 -0.7031084666)
(0.542315412 0 -0.8580099956)
(0.6010980202 0 -0.9243963626)
(-0.1459174994 0 -0.5433462976)
(-0.1543072982 0 -0.5352525435)
(-0.133471005 0 -0.437095986)
(-0.1300436868 0 -0.4233894541)
(-0.1049654401 0 -0.4317543063)
(-0.07688042741 0 -0.4229460934)
(-0.04172753661 0 -0.3957056656)
(0.08536995831 0 -0.4337524115)
(0.5685028467 0 -0.5533684351)
(-0.284569999 0 -0.4971125289)
(-0.8377092903 0 -0.6839974169)
(-0.5342788915 0 -0.4853529987)
(-0.4504504776 0 -0.4457368115)
(-0.4697312908 0 -0.4321007053)
(-0.450985182 0 -0.358063132)
(-0.4042169728 0 -0.2573199137)
(-0.3056605432 0 -0.1896565706)
(-0.1480102337 0 -0.1989930399)
(0.1924155235 0 -0.1637884072)
(-0.4995911211 0 -0.3705615508)
(0.1806949238 0 -0.602803598)
(0.3937313847 0 -0.4267386898)
(0.2405067109 0 0.04695036039)
(0.3221822542 0 0.00238073922)
(0.4319626899 0 -0.7186125982)
(0.5055361983 0 -0.8004902981)
(0.5584562184 0 -0.8567823754)
(0.5959323717 0 -0.8811820041)
(-0.05477343779 0 -0.58733947)
(-0.07903731362 0 -0.5459110968)
(-0.102382825 0 -0.5059012071)
(-0.1031272967 0 -0.4814674158)
(-0.0898516013 0 -0.4497031037)
(-0.07036214865 0 -0.4187338506)
(-0.05634942988 0 -0.3906917098)
(-0.05852038994 0 -0.3852526114)
(0.3693717158 0 -0.5733710689)
(-1.01907486 0 -0.7878148445)
(-1.212168858 0 -0.6771175597)
(-0.6394310322 0 -0.4612918401)
(-0.4083909094 0 -0.4332099699)
(-0.4213082599 0 -0.4073384124)
(-0.3764779519 0 -0.3724896139)
(-0.314817434 0 -0.2902764377)
(-0.1728395012 0 -0.2288927947)
(0.1250897933 0 -0.3212681442)
(0.3733319218 0 -0.4294104027)
(1.124733892 0 0.01334146041)
(0.3748776773 0 0.4409103062)
(0.4471608656 0 -0.0249153666)
(0.3572984737 0 -0.3073535572)
(0.4113351506 0 -0.5440417949)
(0.4757582404 0 -0.7370530593)
(0.5236712176 0 -0.7741501509)
(0.5554832484 0 -0.7923731192)
(0.5661117085 0 -0.7844110859)
(0.3644206967 0 0.1017225179)
(-0.07445328032 0 -0.7312005794)
(-0.06738800059 0 -0.6577589468)
(-0.03610894025 0 -0.5877725065)
(0.01371782224 0 -0.5393507184)
(0.05332042969 0 -0.5046509914)
(0.06899517252 0 -0.4831546171)
(0.03623333466 0 -0.4810299309)
(-0.2870412274 0 -0.6987771583)
(-0.6461082608 0 -0.8718438982)
(-0.9409844558 0 -0.8947017015)
(-1.136890761 0 -0.7149921662)
(-0.6782442442 0 -0.4519914316)
(-0.3687052055 0 -0.4349737034)
(-0.4112552333 0 -0.4026189224)
(-0.3359669696 0 -0.3808164833)
(-0.2138216155 0 -0.3598581036)
(-0.04542697281 0 -0.3229959145)
(0.1888262215 0 -0.3390621903)
(0.4971811786 0 -0.400836388)
(0.8725003404 0 -0.3587195824)
(0.4789446049 0 -0.4031366439)
(0.4639625439 0 -0.4636860373)
(0.3974126642 0 -0.5624442469)
(0.4285251337 0 -0.6586267759)
(0.4660262462 0 -0.6889347532)
(0.485422371 0 -0.6930808853)
(0.4833347531 0 -0.6693220918)
(0.4243012327 0 -0.5864116857)
(0.2406044648 0 -0.01393154174)
(0.05882939597 0 -0.8190907188)
(0.06504053819 0 -0.8155575698)
(0.0669143695 0 -0.7863273208)
(0.09041247447 0 -0.7250696628)
(0.1174479361 0 -0.6508906434)
(0.106773633 0 -0.5863946765)
(-0.1115681248 0 -0.66187891)
(-0.2749885636 0 -0.7589550229)
(-0.3599398262 0 -0.7953711504)
(-0.5015200291 0 -0.8481071678)
(-0.6844669923 0 -0.8935036518)
(-0.9097158632 0 -0.7592550877)
(-2.095927305 0 -0.4222788409)
(-0.4365839598 0 -0.02256107641)
(-0.2939745141 0 -0.5044356906)
(-0.2221859252 0 -0.3967570602)
(-0.132894747 0 -0.4404691211)
(-0.1008047028 0 -0.4858636189)
(0.02559858736 0 -0.3906164333)
(0.368302256 0 -0.4242897033)
(0.5479884386 0 -0.5484998252)
(0.436889236 0 -0.5692812279)
(0.41393255 0 -0.5587742834)
(0.3766655696 0 -0.5959810943)
(0.3851714734 0 -0.5987625337)
(0.3789981783 0 -0.5710940199)
(0.3181841384 0 -0.4857357872)
(0.1737201376 0 -0.260657764)
(0.1214532476 0 -0.1783650437)
(0.2972037273 0 -0.3862885353)
(0.1646651344 0 -0.7385577348)
(0.1486274989 0 -0.7572373436)
(0.1186742217 0 -0.7595469701)
(0.05825038014 0 -0.7292825937)
(-0.04726537757 0 -0.6723789092)
(-0.1303250375 0 -0.6372450315)
(-0.1890530623 0 -0.6779636355)
(-0.2414988534 0 -0.730008448)
(-0.286009336 0 -0.7689436127)
(-0.3363482141 0 -0.8059546286)
(-0.4010776415 0 -0.8420209854)
(-1.002967092 0 -0.8292417713)
(-3.482171076 0 -0.5715778838)
(-0.3822097779 0 0.412758451)
(-0.01098797685 0 -0.6685175262)
(-0.05533202908 0 -0.4247662672)
(-0.1756963086 0 -0.4713619261)
(0.009223451774 0 -0.4631627047)
(0.06123406819 0 -0.4152132804)
(0.2733771496 0 -0.3313876855)
(0.4344848765 0 -0.5187715095)
(0.4067945964 0 -0.5507241969)
(0.363262823 0 -0.5259836129)
(0.3594647898 0 -0.533987955)
(0.359458995 0 -0.5026555018)
(0.3253297007 0 -0.4536383575)
(0.2538182445 0 -0.3660564524)
(0.2187975132 0 0.5904534153)
(0.08502701636 0 -0.2226936807)
(0.2521909178 0 -0.3753973819)
(0.2417840588 0 -0.6355557374)
(0.2336031072 0 -0.6476870725)
(0.1876823087 0 -0.6460744965)
(0.1115006708 0 -0.6034528345)
(0.07357823647 0 -0.5384992297)
(0.004625469357 0 -0.5625786795)
(-0.09098117119 0 -0.6465712011)
(-0.1657682638 0 -0.6882572952)
(-0.2170709105 0 -0.6903017629)
(-0.2132122559 0 -0.657918462)
(-0.1338961302 0 -0.5983448515)
(-0.6755876038 0 -1.185794865)
(-3.167987988 0 -0.6378888676)
(0.1019384288 0 -0.07393119964)
(0.1451322912 0 -0.2926122929)
(-0.1022911319 0 -0.3495212112)
(-0.1729557696 0 -0.287149595)
(-0.05551996667 0 -0.1899880989)
(0.2836273949 0 -0.3503338968)
(0.3172333084 0 -0.2606614015)
(0.05310360125 0 0.09788829892)
(0.4587735895 0 -0.4352843978)
(0.439394005 0 -0.3520723022)
(0.1465195309 0 -0.4181577517)
(-0.3968653675 0 -0.5221845834)
(-0.4982840527 0 -0.4866182669)
(-0.489069398 0 -0.4760288193)
(0.7763277015 0 0.3143413943)
(0.2718260165 0 -0.1504055223)
(0.2321221534 0 -0.3237112725)
(0.09393595788 0 -0.5319367126)
(0.1367062818 0 -0.5348649888)
(0.1267227493 0 -0.5285869779)
(0.141634082 0 -0.522595981)
(0.1148810128 0 -0.5178720738)
(0.06707310319 0 -0.5797222052)
(0.001238093888 0 -0.6262787348)
(-0.1051418177 0 -0.6335081587)
(-0.2119655574 0 -0.6201252207)
(-0.2381947236 0 -0.5939051194)
(-0.07989436302 0 -0.5633587533)
(0.3099613627 0 -0.5376606015)
(2.061076922 0 -0.451091361)
(0.03414762307 0 -0.5150526633)
(-0.1152235537 0 -0.4816188743)
(-0.1995152448 0 -0.4483827524)
(-0.04699078015 0 -0.4422197777)
(0.05603391661 0 -0.3016788445)
(-0.04889326275 0 -0.2899587321)
(-0.0117941122 0 -0.2292808613)
(0.2369180277 0 0.03938825666)
(0.0631368182 0 -0.2145302193)
(-0.1031649182 0 -0.3553305263)
(-0.334359809 0 -0.3345664529)
(-0.5055611998 0 -0.6255395637)
(-0.5850949219 0 -0.6877316415)
(-0.6238996007 0 -0.6689667424)
(-0.5844235935 0 -0.4802216729)
(0.383187237 0 -0.1765363969)
(0.2700932097 0 -0.2396010713)
(0.1253490781 0 -0.4712527301)
(0.1524873881 0 -0.4689255096)
(0.1924101634 0 -0.4557271723)
(0.2254133386 0 -0.4573264424)
(0.1711052774 0 -0.4723239066)
(0.1021826674 0 -0.523561143)
(0.04815238188 0 -0.5494969554)
(-0.04178871955 0 -0.5387059687)
(-0.1875004527 0 -0.5099745603)
(-0.3301925961 0 -0.4757229944)
(-0.2181067456 0 -0.4840994756)
(0.06165374038 0 -0.4911956446)
(0.4535501122 0 -0.5077080466)
(0.2939694463 0 -0.560105045)
(0.1648960261 0 -0.4700260693)
(-0.4255512106 0 -0.4643160022)
(-0.4885576305 0 -0.6877421047)
(-0.2794150749 0 -0.7545578084)
(-0.111409275 0 -0.6917539118)
(-0.1249458108 0 -0.6243434359)
(-0.1561077404 0 -0.5917661812)
(-0.07829455949 0 -0.5723640634)
(-0.1289214981 0 -0.6244597996)
(-0.4112517613 0 -0.7937237618)
(-0.6113800511 0 -0.9533728697)
(-0.725300998 0 -0.9953700422)
(-0.8138896498 0 -0.941420442)
(-0.8085841511 0 -0.8005546348)
(-0.4755497172 0 -0.5603551403)
(0.3050431455 0 -0.1096744852)
(0.2355343914 0 -0.4985399582)
(0.2456887758 0 -0.5014672104)
(0.2087887654 0 -0.5190981857)
(0.1712412573 0 -0.5285019799)
(0.1474645947 0 -0.5243415802)
(0.1224772391 0 -0.5100165415)
(0.07358996393 0 -0.4752775739)
(-0.03555177916 0 -0.4241044065)
(-0.2232618594 0 -0.3596345573)
(-0.2180118149 0 -0.4048593384)
(0.03402751307 0 -0.6026482863)
(0.1681654129 0 -0.5900250088)
(0.2343795746 0 -0.4169241491)
(0.2975270259 0 -0.3781372712)
(-0.6859191821 0 -0.4449390206)
(-0.6994771665 0 -0.6306430942)
(-0.7521223814 0 -0.6840012425)
(-0.7719402659 0 -0.7303827148)
(-0.6374919587 0 -0.7002318296)
(-0.3732908862 0 -0.663996115)
(-0.3107014025 0 -0.7658677097)
(-0.4870670493 0 -0.9120494806)
(-0.6719992708 0 -1.064269467)
(-0.8023606548 0 -1.193960276)
(-0.8675358841 0 -1.233382613)
(-0.9169040432 0 -1.176874944)
(-0.9848590533 0 -1.154378124)
(-0.9943334053 0 -1.220350727)
(0.2226152206 0 0.02990489265)
(0.2642722591 0 -0.6451035933)
(0.270924202 0 -0.6464178366)
(0.2253849793 0 -0.6088240176)
(0.1777073648 0 -0.5869348529)
(0.1485573096 0 -0.5934590419)
(0.1339646738 0 -0.5946281903)
(0.1109999417 0 -0.5723174526)
(0.08207124547 0 -0.5775521637)
(0.1218286107 0 -0.7495834467)
(0.234241583 0 -0.9322653985)
(0.03964877705 0 -0.5727098627)
(-0.3342169559 0 -0.2576333316)
(-0.3407212042 0 -0.2039800142)
(-0.5697292977 0 -0.4588568571)
(-0.5972439682 0 -0.5146618623)
(-0.6860690607 0 -0.6347322656)
(-0.7853278288 0 -0.8055496629)
(-0.9531398651 0 -1.002034741)
(-1.169836209 0 -0.839166608)
(-1.099933936 0 -0.4191823132)
(-1.006476955 0 -0.7332625478)
(-0.99396089 0 -0.7383178815)
(-0.7729346643 0 -0.9373777085)
(-0.7596944298 0 -1.203320405)
(-0.8016208082 0 -1.317536435)
(-0.8831093353 0 -1.368419841)
(-0.9948724969 0 -1.421148034)
(-1.072920473 0 -1.474569547)
(0.09539201775 0 0.4946531747)
(0.2796570265 0 -0.7274938911)
(0.2590088025 0 -0.7117659176)
(0.2122384731 0 -0.6468132782)
(0.1737430149 0 -0.6060426907)
(0.1879065877 0 -0.6724292414)
(0.2078754243 0 -0.7287930017)
(0.2176842057 0 -0.7159385391)
(0.2431315042 0 -0.6892932941)
(0.2922961264 0 -0.6648590432)
(0.1466074412 0 -0.5290738392)
(-0.127085642 0 -0.4933304442)
(-0.2531184002 0 -0.5074679049)
(-0.3462787404 0 -0.5422656693)
(-0.4438223511 0 -0.5764592907)
(-0.5510328351 0 -0.5092298399)
(-0.6532890065 0 -0.6231974018)
(-0.7251881498 0 -0.8827627647)
(-0.7255323618 0 -1.111189044)
(-0.6895545801 0 -0.9734710993)
(-1.00917393 0 -0.6268290501)
(-1.272562839 0 -0.8619635117)
(-1.298817319 0 -0.6387727589)
(-1.032414104 0 -0.3629308638)
(-0.6551892875 0 -0.9197484646)
(-0.8184755515 0 -1.249118709)
(-0.9292320702 0 -1.418181126)
(-1.016704147 0 -1.515716002)
(-1.0706057 0 -1.559485103)
(0.2566596383 0 -0.6356511129)
(0.1983329347 0 -0.5579038541)
(0.1404268061 0 -0.4506660671)
(0.1800002199 0 -0.5162978719)
(0.2765791687 0 -0.6590685403)
(0.3291585819 0 -0.6780175617)
(0.3639735737 0 -0.6312126317)
(0.3760477363 0 -0.5634263844)
(0.1705200977 0 -0.5470325335)
(-0.3604680895 0 -1.002445965)
(-0.1705377939 0 -0.5926105808)
(-0.2443615217 0 -0.7119641624)
(-0.3592004544 0 -0.8451953708)
(-0.5113893625 0 -0.8420142192)
(-0.5631897109 0 -0.5705740261)
(-0.6350922135 0 -0.6372113683)
(-0.6771386597 0 -0.880084495)
(-0.6779620341 0 -1.035113681)
(-0.9514496789 0 -1.087492374)
(-1.130032357 0 -0.977671119)
(-1.146887983 0 -0.6742195251)
(-1.142609654 0 -0.2870286394)
(-0.6887494239 0 -0.4380826445)
(-0.7795589302 0 0.2503762238)
(-0.2794988892 0 0.5253394086)
(-0.2305646067 0 0.2628465947)
(-0.05377994384 0 0.3760399812)
(0.2074387032 0 -0.426686742)
(0.1522475995 0 -0.3360847673)
(0.1613998026 0 -0.318577887)
(0.2718887929 0 -0.490235058)
(0.3756322015 0 -0.5995512653)
(0.4217414455 0 -0.748990373)
(0.4990149199 0 -2.748780521)
(0.549448262 0 -4.380005196)
(0.566304047 0 -4.559712206)
(0.5773269821 0 -3.853537515)
(0.1530737991 0 -1.101966615)
(-0.1255500875 0 -0.9407462874)
(-0.150879923 0 -1.120428308)
(-0.1820336439 0 -1.348019832)
(-0.2597295046 0 -1.012716746)
(-0.5477235574 0 -0.5372740773)
(-0.7709096741 0 -0.8066653204)
(-0.9128579595 0 -1.052378358)
(-0.951676433 0 -1.130800009)
(-0.9583064295 0 -1.036753704)
(-1.041506688 0 -0.8647783264)
(-1.133429868 0 -0.6039033028)
(-0.9098471337 0 -0.6157894951)
(-0.348978539 0 1.150589154)
(0.4528468984 0 3.35486696)
(0.3151931086 0 2.7251624)
(0.179949647 0 -0.2854440947)
(0.2917003822 0 -0.4231951852)
(0.6139011757 0 -0.5883504399)
(0.8617516653 0 -0.6014073462)
(0.5542362844 0 -0.4673634367)
(0.4652614426 0 -0.5923382015)
(0.5138269959 0 -1.477823005)
(0.6635608122 0 -2.53718932)
(0.8830473235 0 -2.598023891)
(0.201273367 0 -0.154796633)
(0.1731852576 0 -0.1426994271)
(0.1634592694 0 -0.1804264191)
(0.2999764665 0 -0.3836439421)
(0.4727400929 0 -0.5165201227)
(-0.1298805457 0 -0.4371982734)
(-0.6163375767 0 -0.6454507939)
(-0.7677995255 0 -0.889696402)
(-0.8722565955 0 -1.033448816)
(-0.9922469486 0 -1.08668259)
(-1.139734539 0 -1.094495525)
(-1.216736011 0 -1.066530281)
(-1.078189188 0 -0.9599077537)
(-1.094336765 0 0.6003311135)
(0.5088166102 0 1.70297601)
(0.1436170952 0 0.7857386888)
(0.2500226703 0 -0.3457748416)
(0.4159758074 0 -0.4523435185)
(0.6950847337 0 -0.5068624612)
(0.7782232948 0 -0.4276043496)
(0.5270871829 0 -0.2767398288)
(0.3693372341 0 -0.2787068707)
(0.4133701538 0 -0.3876489895)
(0.3862928139 0 -0.4229903366)
(0.3610457412 0 -0.3556663384)
(0.236044137 0 -0.1265880941)
(0.2461573141 0 -0.1350852217)
(0.3294539358 0 -0.1514483779)
(0.3805172282 0 -0.2723951437)
(0.5426536306 0 -0.3499923491)
(0.818701119 0 -0.3971753266)
(0.7196646378 0 0.9080764695)
(-0.5949612837 0 -0.5620624454)
(-0.8263015491 0 -0.8301514136)
(-1.042962481 0 -1.034716755)
(-1.244861464 0 -1.189421827)
(-1.367974709 0 -1.279865486)
(-1.381134933 0 -1.275844791)
(0.4754823676 0 -0.1461103626)
(-0.1705974476 0 -0.0195623001)
(0.4810189339 0 -0.4118562714)
(0.5959431354 0 -0.3693424378)
(0.489271654 0 -0.2488316425)
(0.3333163088 0 -0.1747676964)
(0.2881662064 0 -0.1650733414)
(0.3170514309 0 -0.2138079062)
(0.3290276235 0 -0.2141165844)
(0.3046511924 0 -0.1682634193)
(0.2398381684 0 -0.124129954)
(0.2743803075 0 -0.1323436226)
(0.3895384499 0 -0.1329770377)
(0.4997568497 0 -0.2156866734)
(0.8948035806 0 0.06150255884)
(1.026030041 0 0.3521610784)
(0.9553492831 0 0.8546755223)
(0.4764471538 0 0.5566956896)
(0.332420598 0 0.7994182945)
(-0.8494136668 0 -0.78864704)
(-1.219643675 0 -1.160377138)
(-1.443859203 0 -1.365898348)
(-1.559157289 0 -1.452456423)
(-0.2155074184 0 0.3181520446)
(0.4387207328 0 -0.2454878256)
(0.3261967954 0 -0.1731502761)
(0.2851931419 0 -0.1593229667)
(0.2814842098 0 -0.1629653053)
(0.2916285593 0 -0.1792680631)
(0.2851833068 0 -0.1695132122)
(0.2571897621 0 -0.1375138032)
(0.2394957496 0 -0.1194105354)
(0.2841542567 0 -0.1229281547)
(0.3954797832 0 -0.1084370449)
(0.5774054009 0 -0.06986625732)
(1.25390642 0 0.2391522728)
(1.080845774 0 0.4733753162)
(0.9006087285 0 0.6114593914)
(0.5976363545 0 0.530508396)
(0.3945038077 0 0.5206336136)
(0.006229026989 0 0.1857895195)
(-0.9228500236 0 -0.8741171509)
(-1.408066005 0 -1.351311595)
(-1.613908648 0 -1.544323234)
(0.2713421065 0 -0.1560682772)
(0.2711024807 0 -0.1592686319)
(0.2635487694 0 -0.1595034421)
(0.2447711051 0 -0.1412282193)
(0.2288205921 0 -0.1209753209)
(0.2366051927 0 -0.1143739318)
(0.2841523401 0 -0.1134564962)
(0.390745302 0 -0.09356510638)
(0.6828769147 0 0.008953160903)
(1.302080134 0 0.2568124353)
(1.05032661 0 0.3881907764)
(0.8228825347 0 0.4514164047)
(0.5980002108 0 0.4352491119)
(0.4137104601 0 0.4129573425)
(0.2463008599 0 0.3566719162)
(0.1699726932 0 0.3308133353)
(0.1959864922 0 0.3795887914)
(0.2555122432 0 -0.1522704067)
(0.2330120023 0 -0.1419364604)
(0.218415591 0 -0.126787109)
(0.2144350284 0 -0.1137425952)
(0.2287039461 0 -0.1082174191)
(0.2741707515 0 -0.1034309549)
(0.3750070833 0 -0.08144545533)
(0.7182912966 0 -0.0154734672)
(1.319024637 0 0.2499941567)
(0.9924460187 0 0.3173826845)
(0.7690307579 0 0.3600359234)
(0.5710746014 0 0.3625859379)
(0.4149005468 0 0.3554221588)
(0.2881141555 0 0.331321588)
(0.2062194544 0 -0.1086697762)
(0.2146710836 0 -0.09995160737)
(0.2587400635 0 -0.092654892)
(0.3544705401 0 -0.07223662006)
(0.7369136822 0 -0.02198570326)
(1.287145759 0 0.2530559949)
(0.9356880457 0 0.2753479861)
(0.7256973053 0 0.3056063745)
(0.5626618968 0 0.3233077932)
(-0.2763501843 0 -0.1785189287)
(-0.2623206346 0 -0.1676819449)
(-0.2806114225 0 -0.1622290117)
(-0.3421527033 0 -0.1755335398)
(-0.2970017177 0 -0.2057765736)
(-0.09640735821 0 -0.3027867571)
(-0.05395662519 0 -0.2691315046)
(0.06477590318 0 -0.318082571)
(0.08309788343 0 -0.351782137)
(0.09639845499 0 -0.3381335869)
(0.1006652324 0 -0.3479032562)
(0.1015451976 0 -0.3676254943)
(0.1013088332 0 -0.3585413993)
(0.1003468228 0 -0.3555703213)
(0.1117748227 0 -0.3691121553)
(0.09938298167 0 -0.351450271)
(0.1018087289 0 -0.3797405534)
(0.1217617963 0 -0.3376040274)
(0.1457755711 0 -0.5062164008)
(-0.0317581715 0 -0.5567173359)
(-0.05821221297 0 -0.5709221148)
(-0.1476837137 0 -0.5878586456)
(-0.3261671356 0 -0.8380981964)
(-1.060142311 0 -0.7010192843)
(-1.019538708 0 -0.6225205795)
(-0.9465283224 0 -0.537642135)
(-0.7933647464 0 -0.4408783687)
(-0.7922331421 0 -0.416687125)
(-0.5481761447 0 -0.3383074149)
(-0.2352473901 0 -0.2422353068)
(-0.2710494136 0 -0.1937559718)
(1.306262464 0 -0.9484230157)
(1.35111461 0 -0.9509350505)
(1.3488227 0 -0.9624115168)
(1.370876984 0 -0.9495053305)
(1.397690216 0 -0.955051005)
(1.39853798 0 -0.9801159648)
(-0.498772673 0 0.4073285725)
(-0.4755309388 0 -0.08938256746)
(-1.028388535 0 -0.9386790567)
(-1.030779657 0 -0.8984733594)
(-1.004953176 0 -0.8325351278)
(-1.075470556 0 -0.8074736019)
(-0.5807207082 0 -0.07373101368)
(-0.3296838147 0 -0.05800568672)
(-0.3800732211 0 -0.02578708815)
(-0.7282408117 0 0.1973657194)
(-0.7708411237 0 -0.9769892984)
(-0.8245732875 0 -0.9747421184)
(-0.9061543193 0 -0.9805477026)
(-0.8436958974 0 -0.9588805177)
(-0.8484724677 0 -0.9476525727)
(-0.9602902057 0 -0.9510451418)
(-1.011859357 0 0.4868137363)
(-1.021038492 0 0.8551169126)
(-1.213968848 0 0.765413063)
(-1.007051103 0 1.674525369)
(-0.9186731172 0 1.830360394)
(-0.5126846363 0 -0.8533712251)
(-0.5506544565 0 -0.909698673)
(-0.6314559446 0 -0.9376363168)
(0.5991906826 0 0.5915381407)
(0.5238757587 0 0.5369754166)
(-0.3387474034 0 -0.6189945183)
(-0.3573583028 0 -0.6733802218)
(-0.415170552 0 -0.7389423751)
(0.11573975 0 -0.8014671906)
(0.08778550071 0 -0.8143032709)
(-0.2832316774 0 -0.4278649949)
(-0.2706034553 0 -0.4452648766)
(-0.2471293027 0 -0.4819397769)
(-0.2998317946 0 -0.6030854471)
(0.2183305259 0 -0.6763863976)
(0.1375932205 0 -0.554673608)
(0.2384850559 0 -0.797116674)
(-0.05773060073 0 -0.4204669286)
(-0.2844018681 0 -0.3796346867)
(-0.2662362825 0 -0.3664572009)
(-0.2759669621 0 -0.3814077505)
(0.05430795627 0 -0.4020745369)
(0.06102603682 0 -0.4030523966)
(0.03955094641 0 -0.4595157137)
(-0.2538568143 0 -0.4486168793)
(-0.2781984663 0 -0.413417072)
(-0.1289552697 0 0.1186047903)
(-0.1700711457 0 -0.5180536772)
(-0.1801466009 0 -0.5253390031)
(-0.2151503869 0 -0.4865560829)
(0.5941866788 0 -0.8989694324)
(0.6079531053 0 -0.9048292603)
(0.6258277862 0 -0.923677727)
(-0.09855609713 0 -0.5637625571)
(-0.1078139393 0 -0.565683336)
(-0.1150621456 0 -0.567280064)
(-0.1504755007 0 -0.5539801471)
(0.5942740538 0 -0.8377383537)
(0.6038166389 0 -0.82599294)
(0.6073730686 0 -0.8782328759)
(0.578090584 0 0.2018318735)
(0.01100687036 0 -0.7314433169)
(-0.04469109084 0 -0.5802175677)
(0.3666052959 0 0.02628322561)
(-0.04743415904 0 -0.8366489224)
(-0.05770286331 0 -0.819975361)
(-0.06313751165 0 -0.7501136087)
(0.27015931 0 -0.3950740853)
(0.3317846877 0 -0.4209170456)
(0.1047654859 0 -0.7977656681)
(0.09710990195 0 -0.805940847)
(0.06675289117 0 -0.819048071)
(0.2791441821 0 -0.3810152325)
(0.295418789 0 -0.3999852949)
(0.3318203941 0 -0.4069086132)
(0.2173946713 0 -0.6793782095)
(0.2118384705 0 -0.6895862372)
(0.157901722 0 -0.7483376684)
(0.2341441131 0 -0.3561191866)
(0.234969174 0 -0.367001018)
(0.2580281133 0 -0.3891540016)
(0.1979295647 0 -0.592931892)
(0.2124217912 0 -0.6019412874)
(0.2423961888 0 -0.6449220445)
(0.2442158301 0 -0.2809433448)
(0.2436741482 0 -0.2844301688)
(0.2332415797 0 -0.32954072)
(0.08165225347 0 -0.4920612819)
(0.0991520275 0 -0.4819229559)
(0.1271990538 0 -0.533507707)
(0.2916116204 0 -0.2039530945)
(0.2748325973 0 -0.2078027461)
(0.2586453114 0 -0.2390944796)
(0.1870032303 0 -0.4810754761)
(0.1311162593 0 -0.4646648969)
(0.2880516678 0 -0.05535944291)
(0.2946546938 0 -0.1752712238)
(0.2484439303 0 -0.557747803)
(0.2276353128 0 -0.4986622704)
(0.18146872 0 0.1901644662)
(0.2605657485 0 -0.6314390458)
(0.2708883055 0 -0.7133418646)
(0.2740057651 0 -0.7045316911)
(0.2773846456 0 -0.6528279035)
(-1.072372885 0 -1.535648778)
(-1.086590399 0 -1.531844723)
(-1.09164555 0 -1.471927514)
(0.284753105 0 -0.7163390659)
(0.27556185 0 -0.7072998384)
(0.2699545609 0 -0.7226173721)
(-1.078075663 0 -1.595585494)
(-1.107334069 0 -1.591951011)
(-1.087179036 0 -1.565652775)
(0.2693753446 0 -0.5931251357)
(0.2814506002 0 -0.652426158)
(-0.01975479245 0 1.27059074)
(0.1788009012 0 -0.324374502)
(0.1646178724 0 -0.2787909789)
(0.1833759735 0 -0.3998094123)
(0.400974887 0 2.127981442)
(0.3731697777 0 2.085863403)
(0.2819167115 0 2.506969904)
(0.1717203479 0 -0.2593898137)
(0.2108166656 0 -0.3182391973)
(0.270008309 0 -0.3791913857)
(0.2218958595 0 -0.3507713457)
(0.03226266085 0 0.3981195479)
(-0.08683005885 0 0.1916322417)
(0.05480649099 0 0.6266585212)
(0.3611772261 0 -0.4011811031)
(0.3142554671 0 -0.3918748759)
(-0.1949579672 0 0.025907461)
(-0.1111724216 0 -0.06467377646)
(0.5274173794 0 -0.35337764)
(0.5519876725 0 -0.4010024303)
(-0.615507014 0 0.8845468794)
(-0.1987722557 0 0.02427050549)
(0.3292212904 0 -0.1772993797)
(0.3721840219 0 -0.1958821761)
(0.2961833416 0 -0.162505503)
(0.2798260376 0 -0.1569331926)
(0.297616843 0 -0.1628243081)
(0.4124191668 0 0.7310688084)
(0.5918095576 0 0.8590913427)
(-1.542502404 0 -1.47968228)
(0.9010224875 0 -0.5635373799)
(-1.6574691 0 -1.557649378)
(0.2751159244 0 -0.156130541)
(0.2695356424 0 -0.1564805287)
(0.2672708434 0 -0.1554793392)
(0.2711416277 0 -0.1571796217)
(0.1779806222 0 0.2742783625)
(0.1572275263 0 0.2581420747)
(0.1721512045 0 0.3446868052)
(0.2462501046 0 -0.1480179885)
(0.2267885726 0 -0.1383922586)
(0.2184898411 0 -0.1308520934)
(0.2257069027 0 -0.1347226408)
(0.2118659615 0 -0.1232616862)
(0.2059978947 0 -0.1150041275)
(0.214806963 0 -0.1191436959)
(0.5508513171 0 0.3343288596)
(0.4731772986 0 0.3353975659)
(0.4878846998 0 0.3593753768)
(0.4139569618 0 0.3369574367)
(0.3580254621 0 0.3356154398)
(0.3391886145 0 0.3436096956)
(0.2481037058 0 0.3128995701)
(0.2048152036 0 -0.1136878388)
(0.2087313329 0 -0.1053950348)
(0.2275177928 0 -0.09314054805)
(0.2269152606 0 -0.09473635952)
(0.2541931204 0 -0.08751982528)
(0.2898406441 0 -0.08079670084)
(0.2974909685 0 -0.08487028832)
(0.3452728203 0 -0.06984563454)
(0.4326881206 0 -0.05199293445)
(0.4429161717 0 -0.05184670784)
(0.7298570099 0 -0.02583609938)
(1.253876678 0 0.2267680091)
(1.272276649 0 0.2370888461)
(1.269359665 0 0.2605256769)
(1.073302736 0 0.2555464998)
(1.087865001 0 0.2601275306)
(0.9435627457 0 0.2687042826)
(0.8100786816 0 0.293171151)
(0.644405262 0 0.3158934076)
(-0.1747994858 0 -0.2539533455)
(-0.1166543088 0 -0.2645000115)
(-0.2170910638 0 -0.203443956)
(-0.06127864585 0 -0.3138044019)
(0.04845826491 0 -0.3508099532)
(-0.1803599282 0 -0.2744017016)
(0.1027270353 0 -0.3516473011)
(0.1153080496 0 -0.3445734651)
(0.06102039117 0 -0.314404623)
(0.1311100334 0 -0.3447586811)
(0.1529424491 0 -0.3520986853)
(0.1027912983 0 -0.3395461537)
(0.1970221781 0 -0.3668764367)
(0.2877657098 0 -0.3869413157)
(0.1299581744 0 -0.362844574)
(0.4449652552 0 -0.4302631781)
(0.6535606611 0 -0.5259063081)
(0.3588195566 0 -0.4260516938)
(0.859879048 0 -0.6516331835)
(1.032161497 0 -0.7701741321)
(0.8769868368 0 -0.6633002097)
(1.16213366 0 -0.8615851885)
(1.249223104 0 -0.9191647939)
(1.221558928 0 -0.9086110585)
(-0.9852268987 0 -0.7532134866)
(-0.9368033074 0 -0.6556753827)
(-1.007758597 0 -0.6447801433)
(-0.8149877171 0 -0.5464812459)
(-0.5845897034 0 -0.4487205641)
(-0.7183852129 0 -0.4515138154)
(-0.302391176 0 -0.388757301)
(-0.0747006984 0 -0.3619387732)
(-0.167579914 0 -0.2978427291)
(0.01791377247 0 -0.3891201784)
(0.1224749352 0 -0.4166669557)
(0.02501134268 0 -0.35071825)
(0.1866038377 0 -0.4319042165)
(0.2157025916 0 -0.4269898338)
(0.1501455904 0 -0.391056799)
(0.2369139094 0 -0.4165982015)
(0.2623086515 0 -0.407898956)
(0.187988883 0 -0.3768025788)
(0.303633694 0 -0.4050152986)
(0.3757513089 0 -0.4150747519)
(0.2564013499 0 -0.3789906883)
(0.4886553799 0 -0.4502383965)
(0.6330916874 0 -0.5173318434)
(0.4770915757 0 -0.4400246591)
(0.785972309 0 -0.6047140821)
(0.9269720559 0 -0.6945501598)
(0.8255679689 0 -0.629559169)
(1.044173489 0 -0.7752662984)
(1.135088098 0 -0.8403645969)
(1.102755077 0 -0.8170026051)
(1.204625392 0 -0.8852564636)
(1.257546267 0 -0.9089822072)
(1.256754606 0 -0.917089639)
(1.294335335 0 -0.9163365892)
(1.320438602 0 -0.910869968)
(1.340646214 0 -0.9334798069)
(1.31991543 0 -0.8995080743)
(1.290874903 0 -0.8788926175)
(1.36305229 0 -0.9257747106)
(-0.5213188377 0 -0.07767748136)
(-0.4711274284 0 -0.03525516188)
(-0.4902536528 0 -0.07009850195)
(-0.8385810414 0 -0.9288014095)
(-0.826810413 0 -0.8883991738)
(-0.9145499041 0 -0.8581861261)
(-0.8096850765 0 -0.8140302432)
(-0.7552764081 0 -0.6956832381)
(-0.852883113 0 -0.6754071957)
(-0.5950710124 0 -0.5406168488)
(-0.3086758448 0 -0.4224467154)
(-0.4370131728 0 -0.4427764061)
(-0.04236922571 0 -0.4104467254)
(0.1255134598 0 -0.4518019414)
(0.03299370234 0 -0.4211961288)
(0.2298836838 0 -0.4842572937)
(0.2854998645 0 -0.4994592625)
(0.1972365695 0 -0.4605861095)
(0.3259588068 0 -0.5029054977)
(0.3582676292 0 -0.4943794778)
(0.2794362538 0 -0.4632302777)
(0.3933078141 0 -0.4820602836)
(0.4434456792 0 -0.4743333138)
(0.3438081372 0 -0.4416580936)
(0.5187956243 0 -0.4817625458)
(0.619816051 0 -0.5168447036)
(0.4978515324 0 -0.4653223899)
(0.7234897888 0 -0.5860887046)
(0.787335585 0 -0.6785224661)
(0.7639495914 0 -0.5957135605)
(0.7879206558 0 -0.7686923688)
(0.7477482726 0 -0.8323004607)
(0.9835584505 0 -0.7550165822)
(0.7195994298 0 -0.8539972156)
(0.7686411477 0 -0.8334807173)
(1.110249172 0 -0.8535005867)
(0.9670693107 0 -0.8116892809)
(1.230744894 0 -0.8582175433)
(1.255364877 0 -0.8940431488)
(1.252556874 0 -0.8745531255)
(1.245256143 0 -0.8473576265)
(1.288859288 0 -0.8825089429)
(1.182856953 0 -0.8006366517)
(0.9598537249 0 -0.6557134119)
(1.160012957 0 -0.7975614228)
(-0.3399640764 0 0.2212213311)
(-0.3792374045 0 0.2178085076)
(-0.4246516425 0 0.07940453619)
(-0.4935188817 0 0.1010323917)
(-0.3605722626 0 -0.3066694378)
(-0.3144031956 0 -0.2097004504)
(-0.5835622966 0 -0.9409187405)
(-0.609988268 0 -0.9229125513)
(-0.7172585561 0 -0.9544506381)
(-0.6582769437 0 -0.920358427)
(-0.703349265 0 -0.9366425075)
(-0.7692960415 0 -0.9470465625)
(-0.7110930611 0 -0.9275786739)
(-0.6707383235 0 -0.8433605812)
(-0.742477175 0 -0.8971388637)
(-0.5564500501 0 -0.6756345663)
(-0.3785360886 0 -0.5178168242)
(-0.6011001109 0 -0.6576851466)
(-0.233609347 0 -0.4373901027)
(-0.136376571 0 -0.3713777921)
(-0.2280512792 0 -0.3618851558)
(-0.01890539292 0 -0.2882428298)
(0.07429750974 0 -0.2800753425)
(0.1276442977 0 -0.3462978583)
(0.2381126143 0 -0.4197039676)
(0.4448246509 0 -0.5372005314)
(0.4287977427 0 -0.5348679612)
(0.519780768 0 -0.6089709405)
(0.5738691716 0 -0.6001907374)
(0.4930374261 0 -0.5227120717)
(0.6182842635 0 -0.5996539028)
(0.6546369635 0 -0.6106087479)
(0.6158203968 0 -0.5154412177)
(0.6735417234 0 -0.6488664863)
(0.6850208202 0 -0.7216784755)
(0.8082414836 0 -0.6260235428)
(0.7084328279 0 -0.8191790783)
(0.7440406261 0 -0.9232866984)
(0.8340672599 0 -0.8714999602)
(0.7743949018 0 -1.013605833)
(0.7886832528 0 -1.052637501)
(0.6836345969 0 -0.9596409348)
(0.802616234 0 -0.9709795422)
(0.8425329375 0 -0.75324216)
(0.6801758648 0 -0.8035419195)
(0.9622291987 0 -0.5806796794)
(1.090463721 0 -0.5537752245)
(1.163816754 0 -0.7237960848)
(1.082665934 0 -0.7272563428)
(0.9250860047 0 -0.6474617942)
(1.181114357 0 -0.7930758049)
(0.5110606197 0 -0.4606919099)
(-0.2658776997 0 0.1336907918)
(0.6506642288 0 -0.4710993442)
(-0.3021845945 0 0.2935976337)
(-0.3157715355 0 0.3576798568)
(-0.3495061254 0 0.3092245535)
(-0.3344250434 0 0.345968275)
(-0.3578912862 0 0.2786453876)
(-0.3814092595 0 -0.03205196022)
(-0.04757688308 0 0.3531562953)
(0.2341059444 0 0.4382576601)
(-0.4871311675 0 0.7204910092)
(0.3885019792 0 0.5011009987)
(0.5145066829 0 0.5546983185)
(-0.7038223439 0 2.127700546)
(-0.3792383867 0 -0.7542029181)
(-0.3931913532 0 -0.7983890662)
(-0.4732730593 0 -0.8747155929)
(-0.3858795203 0 -0.795586149)
(-0.3709150766 0 -0.7579151314)
(-0.4929131242 0 -0.865544552)
(-0.3830221889 0 -0.7371990204)
(-0.445207536 0 -0.7515029579)
(-0.6180751902 0 -0.8887554518)
(-0.5334137837 0 -0.7377788037)
(-0.4951500248 0 -0.5867873995)
(-0.6161577995 0 -0.7189431344)
(-0.2913259386 0 -0.4530337764)
(-0.164537956 0 -0.483390746)
(-0.230748923 0 -0.4314600946)
(-0.1320383657 0 -0.5417893282)
(-0.1110729414 0 -0.5728087526)
(-0.1224999862 0 -0.4948826447)
(-0.01901333327 0 -0.6328728653)
(0.09421116196 0 -0.6850693704)
(0.07629273665 0 -0.5437682433)
(0.1667807301 0 -0.6774463549)
(0.1739216814 0 -0.6710192513)
(0.1533065847 0 -0.5859601323)
(0.1785993371 0 -0.6761439063)
(0.1691802931 0 -0.7013511096)
(0.2404154267 0 -0.7347032223)
(0.1319563989 0 -0.7467423493)
(0.08061445134 0 -0.7771398575)
(0.1475598308 0 -0.8246786144)
(0.05010891481 0 -0.7568228981)
(0.05053438442 0 -0.6812733996)
(-0.02151277503 0 -0.831727797)
(0.08048987334 0 -0.5846663356)
(0.1017609012 0 -0.5147407558)
(-0.06118048656 0 -0.666367118)
(0.1544108385 0 -0.4307029673)
(0.01567439918 0 -0.3283993399)
(0.1381227312 0 -0.5991377672)
(-0.07058637447 0 -0.1000562882)
(0.03244956072 0 0.05781620135)
(0.6959128441 0 -0.7339657331)
(0.4280092038 0 -0.251906233)
(0.584328156 0 -0.4271168989)
(0.8838190921 0 -0.5057313152)
(0.5498831531 0 -0.4036808427)
(0.3039583114 0 0.01719621533)
(0.3082038844 0 -0.4010331655)
(0.09260238064 0 0.1103361863)
(-0.1039393295 0 0.1604405575)
(-0.2166862864 0 0.244441087)
(-0.08007503094 0 0.1069643674)
(-0.004594270381 0 -0.3686762483)
(-0.2359509828 0 0.3824262946)
(0.148514251 0 -0.4856814098)
(0.1644443341 0 -0.5675726207)
(-0.2623191687 0 0.2788248547)
(0.1623212772 0 -0.628453453)
(0.1576025515 0 -0.6790368651)
(-0.09317096596 0 0.1133536963)
(0.1504131002 0 -0.7198264908)
(0.1411957771 0 -0.7485487008)
(-0.08317199263 0 0.1922931799)
(0.13065101 0 -0.7653752853)
(0.1222705224 0 -0.7751147158)
(-0.07023508992 0 -0.1705305908)
(-0.2370527612 0 -0.5052855131)
(-0.2350913163 0 -0.5070663527)
(-0.3108624087 0 -0.6728783906)
(-0.233025476 0 -0.4880388257)
(-0.2286913884 0 -0.4655056924)
(-0.2728149423 0 -0.6049045607)
(-0.2225858279 0 -0.45345589)
(-0.2119665907 0 -0.4486610395)
(-0.2496584185 0 -0.5598097662)
(-0.2013666461 0 -0.4436390884)
(-0.2111483239 0 -0.4247181701)
(-0.2824778025 0 -0.4839658145)
(-0.2339425972 0 -0.3902187183)
(-0.2127929098 0 -0.3807482357)
(-0.1706618785 0 -0.3734450507)
(-0.1062190293 0 -0.4135556306)
(0.01972393861 0 -0.4386283362)
(-0.05063673535 0 -0.4054688781)
(0.06818192252 0 -0.4422428226)
(0.08737980429 0 -0.4426401521)
(0.009151545565 0 -0.4876468494)
(0.0706176158 0 -0.4369351913)
(0.03039984727 0 -0.4283604991)
(0.1103434799 0 -0.5602930739)
(-0.01368247517 0 -0.4321189888)
(-0.06664894531 0 -0.4180145878)
(0.08995992817 0 -0.60877575)
(-0.1208321617 0 -0.3884563403)
(-0.1671522351 0 -0.3427594063)
(-0.003344188946 0 -0.5517780568)
(-0.2019511839 0 -0.2859447797)
(-0.2414438103 0 -0.2215037268)
(-0.0939211752 0 -0.2974881802)
(-0.3207166143 0 -0.1113815888)
(-0.4779280846 0 -0.06680992725)
(-0.1091876601 0 0.04582015558)
(-0.7232012691 0 -0.1803186567)
(-0.6504787038 0 -0.1229264967)
(0.009433556461 0 -0.2806916376)
(-0.5497518931 0 -0.05396872105)
(-0.2488144725 0 -0.03780441866)
(0.2103447029 0 -0.1264694092)
(0.04985877045 0 -0.0497510763)
(-0.429746615 0 0.1348431855)
(0.4476278014 0 0.05733514839)
(-0.3537682915 0 0.08385089111)
(-0.2186268359 0 -0.1262602269)
(-0.1768289304 0 -0.04507611317)
(-0.1008704457 0 -0.1537970256)
(0.1722359138 0 -0.3908328626)
(-0.1237587376 0 0.01279205648)
(0.2238224921 0 -0.6053250223)
(0.2567220778 0 -0.659902626)
(0.1932668272 0 -0.5956742752)
(0.2645785168 0 -0.6908101484)
(0.2685532654 0 -0.7180526353)
(0.2251708552 0 -0.6791077367)
(0.2701620663 0 -0.7389405073)
(0.2705366613 0 -0.7518511188)
(0.2324844681 0 -0.750097041)
(0.2691651154 0 -0.7568214259)
(0.2654622198 0 -0.7538642663)
(0.2352359455 0 -0.7888835109)
(0.258290657 0 -0.7423479507)
(0.2450330616 0 -0.7197212585)
(0.2350130737 0 -0.8035582179)
(-0.2381357081 0 -0.3577586693)
(-0.2106568996 0 -0.356748079)
(-0.2262886679 0 -0.3674248552)
(-0.1907039959 0 -0.3643515281)
(-0.1804937175 0 -0.3809368519)
(-0.1962867337 0 -0.3710215062)
(-0.179144368 0 -0.4056883284)
(-0.1815329412 0 -0.4331510141)
(-0.2157908617 0 -0.4082556721)
(-0.1829358823 0 -0.4532664331)
(-0.1846273651 0 -0.4555160808)
(-0.2261594953 0 -0.4354005482)
(-0.1892119056 0 -0.4328115432)
(-0.194796014 0 -0.3862810966)
(-0.2281666314 0 -0.4056555145)
(-0.202093604 0 -0.3418824337)
(-0.2510543055 0 -0.3476394058)
(-0.2634377671 0 -0.352735294)
(-0.3761444884 0 -0.3891220977)
(-0.4814075413 0 -0.3434479563)
(-0.2351141005 0 -0.3271602687)
(-0.2775796775 0 -0.2895070419)
(-0.3238756854 0 -0.3164613826)
(-0.08573157697 0 -0.3643638879)
(-0.3281375039 0 -0.3090163899)
(-0.3325677837 0 -0.3021598275)
(-0.02448321101 0 -0.3825382688)
(-0.3340572963 0 -0.2849046875)
(-0.3512358518 0 -0.2819907255)
(0.009667341233 0 -0.3250848822)
(-0.3886827236 0 -0.3354857537)
(-0.4438839512 0 -0.437769389)
(-0.01409976308 0 -0.2792761152)
(-0.5074907508 0 -0.5063991426)
(-0.5722477065 0 -0.50178613)
(-0.2307290771 0 -0.2303535512)
(-0.61892938 0 -0.4388249776)
(-0.5932860235 0 -0.3388863875)
(-0.6288178672 0 -0.3437370103)
(-0.5390481558 0 -0.2189948198)
(-0.5379507995 0 -0.1799151003)
(-0.643817152 0 -0.1546752214)
(-0.487827925 0 -0.2107684565)
(-0.44573902 0 -0.1116731331)
(-0.5344027101 0 -0.06088309781)
(-0.4066283533 0 -0.1952801208)
(-0.3954953066 0 0.1243175572)
(-0.5314065666 0 0.1278178825)
(-0.183746238 0 0.01679387949)
(0.2502847235 0 -0.4922435299)
(0.03869356333 0 -0.3125546625)
(0.2724653679 0 -0.5471378508)
(0.2977456221 0 -0.6169393682)
(0.2488965165 0 -0.5257440519)
(0.3116432638 0 -0.6833976933)
(0.3167316393 0 -0.7077204515)
(0.2998327576 0 -0.6932417217)
(0.3179410299 0 -0.7173335977)
(0.3138847849 0 -0.7171056426)
(0.2940558005 0 -0.7244531933)
(0.2982559301 0 -0.706489973)
(0.2784748259 0 -0.689050426)
(0.2798558466 0 -0.7275895421)
(0.257975084 0 -0.6650355716)
(0.2297667792 0 -0.6314116916)
(0.2502281194 0 -0.6968928313)
(0.1912584859 0 -0.5851051677)
(0.1405723127 0 -0.5243582667)
(0.1745760725 0 -0.6168057127)
(0.08556339563 0 -0.4560642942)
(0.05420915458 0 -0.4097488816)
(0.02808515971 0 -0.4783180846)
(-0.2566772307 0 -0.4363075913)
(-0.2413699385 0 -0.4056101503)
(-0.2552820538 0 -0.3724931589)
(-0.2016545089 0 -0.3685166036)
(-0.1582243097 0 -0.3512610008)
(-0.1809056655 0 -0.3446137327)
(-0.1352845687 0 -0.3628049527)
(-0.1340498331 0 -0.3878972369)
(-0.1471200611 0 -0.3694809938)
(-0.1439580118 0 -0.4112536663)
(-0.1544163847 0 -0.4252333208)
(-0.1437748408 0 -0.405957216)
(-0.1593786772 0 -0.4300808675)
(-0.1571009151 0 -0.4284256415)
(-0.1183574405 0 -0.423971726)
(-0.15388241 0 -0.4242567744)
(-0.1778998846 0 -0.4398320684)
(-0.1118607874 0 -0.4084756506)
(-0.2741284451 0 -0.5123365145)
(-0.461888536 0 -0.6069925325)
(-0.3284230187 0 -0.4634262555)
(-0.7336030457 0 -0.6088540367)
(-0.8516394679 0 -0.4214579279)
(-0.6843135673 0 -0.3800826491)
(-0.2848611638 0 -0.2488512101)
(-0.342659214 0 -0.3415686737)
(-0.344097218 0 -0.3646903539)
(-0.3567353518 0 -0.3995301782)
(-0.4449945791 0 -0.4246643062)
(-0.4783491711 0 -0.3552782296)
(-0.5518774831 0 -0.4578067122)
(-0.6362245121 0 -0.4896125931)
(-0.6803281296 0 -0.409970771)
(-0.6389977385 0 -0.4788086745)
(-0.6194896775 0 -0.4588292468)
(-0.7373972458 0 -0.4884221632)
(-0.6032792795 0 -0.4352730063)
(-0.5845736429 0 -0.3947746011)
(-0.6602120812 0 -0.4311536117)
(-0.5606171474 0 -0.3357688549)
(-0.5297372626 0 -0.2753730853)
(-0.5489989092 0 -0.2926970873)
(-0.4932877367 0 -0.2371416688)
(-0.4695192376 0 -0.2191015906)
(-0.4932866626 0 -0.2068379883)
(-0.4112399605 0 -0.2042329357)
(-0.3474961497 0 -0.1312311039)
(-0.3815008 0 -0.1231670254)
(-0.3054650862 0 -0.1353805805)
(-0.1335446197 0 -0.1074279036)
(-0.2430710262 0 0.03592334101)
(-0.04111761353 0 -0.05200181035)
(0.3009052341 0 -0.5615799392)
(0.3272731048 0 -0.5702789176)
(0.2369012098 0 -0.7010228497)
(0.1894626836 0 -0.655243667)
(0.2855878373 0 -0.6851556997)
(0.09827321479 0 -0.5995191307)
(0.02252482245 0 -0.5158189813)
(0.2502185827 0 -0.7051003918)
(-0.03811301059 0 -0.4237963215)
(0.0002160786461 0 -0.3781694326)
(0.2743211338 0 -0.6918781937)
(0.2931373951 0 -0.5938378295)
(0.286246879 0 -0.6089970376)
(0.2753513485 0 -0.6492190987)
(0.2670798927 0 -0.5575613276)
(0.2121208814 0 -0.5071778401)
(0.2157410905 0 -0.5679677087)
(0.1759142296 0 -0.4587504572)
(0.1498028596 0 -0.4232500763)
(0.1348585125 0 -0.4574802368)
(0.1322882158 0 -0.4172690275)
(0.1172348183 0 -0.4462662201)
(0.08053356001 0 -0.3885963249)
(0.1079716983 0 -0.5128241208)
(0.1190708539 0 -0.6033336719)
(0.2237472601 0 -0.5203521641)
(-0.1888384978 0 -0.5178294823)
(-0.1813430214 0 -0.4809304195)
(-0.2163394999 0 -0.4494698238)
(-0.1525695737 0 -0.4231829807)
(-0.124054353 0 -0.3906979086)
(-0.1344660327 0 -0.3657411817)
(-0.1122605017 0 -0.3965415325)
(-0.1100450547 0 -0.4155354512)
(-0.1102080161 0 -0.3990112447)
(-0.1099887916 0 -0.4279256352)
(-0.1114787508 0 -0.4309515504)
(-0.1223538087 0 -0.427894185)
(-0.1155919545 0 -0.4366766053)
(-0.1238388352 0 -0.4842695312)
(-0.1290437258 0 -0.4280679162)
(-0.1413866742 0 -0.6447306825)
(-0.1741115533 0 -0.9157486849)
(-0.2266809403 0 -0.5917414363)
(-0.2316857402 0 -1.235163497)
(-0.3355122643 0 -1.560159788)
(-0.4996191015 0 -0.9147458682)
(-0.5175766487 0 -1.620088517)
(-0.6043192588 0 -0.837263901)
(-0.9046059848 0 -0.4026456218)
(-0.2803368681 0 0.7441217905)
(-0.2171942317 0 0.390549541)
(-0.3946352151 0 -0.1318130182)
(-0.4320623849 0 -0.4188323336)
(-0.5632231862 0 -0.6001277112)
(-0.4407703628 0 -0.5171933064)
(-0.5032978481 0 -0.5290014975)
(-0.4612996033 0 -0.4660755246)
(-0.5377984075 0 -0.4942240611)
(-0.4772191583 0 -0.449849804)
(-0.4911764181 0 -0.4463347125)
(-0.5335132795 0 -0.4506872362)
(-0.4966198234 0 -0.4342253454)
(-0.4944905639 0 -0.4012240204)
(-0.5351827039 0 -0.3959457912)
(-0.4864277676 0 -0.3479937252)
(-0.4710421799 0 -0.2902266371)
(-0.5102359728 0 -0.2796686007)
(-0.4431442516 0 -0.2498200325)
(-0.4009770577 0 -0.2156169693)
(-0.4421165084 0 -0.2153360797)
(-0.353212819 0 -0.1862169577)
(-0.2900227206 0 -0.1423957786)
(-0.3306434984 0 -0.1279689857)
(-0.1866432194 0 -0.1545720182)
(-0.0114339111 0 -0.2057227082)
(-0.09640991001 0 -0.1352871288)
(0.09599368984 0 -0.2083260804)
(-0.1684347425 0 -0.4469098961)
(0.1127486918 0 -0.5526295215)
(-0.5770810883 0 -0.3590248839)
(0.1931605738 0 -0.6114687672)
(0.1992873955 0 -0.5681590032)
(0.1478995085 0 -0.60259617)
(0.06792349797 0 -0.5805551705)
(0.04282618541 0 -0.4108721485)
(0.03555821917 0 -0.6711282196)
(-0.07184758747 0 0.4647245084)
(0.182572782 0 -0.47144506)
(0.236039975 0 -0.2354550295)
(0.05654014251 0 0.1084585536)
(0.2389130687 0 -0.5203498394)
(0.01684844743 0 0.3297357203)
(0.3308903683 0 -0.450931326)
(0.2495349325 0 -0.5042818912)
(0.3826937898 0 -0.651018102)
(0.4358077524 0 -0.7134828247)
(0.3503550665 0 -0.5942668545)
(0.4822166862 0 -0.7750935035)
(0.5196173717 0 -0.8249291345)
(0.4957893613 0 -0.7930453133)
(0.5498163291 0 -0.861066459)
(0.5745145632 0 -0.8848783302)
(0.5762329396 0 -0.9005688976)
(-0.1147303183 0 -0.5330825573)
(-0.1130259807 0 -0.4877449965)
(-0.145288461 0 -0.4856194955)
(-0.1182554776 0 -0.4645229455)
(-0.1258632888 0 -0.4585589799)
(-0.1307519535 0 -0.4201290471)
(-0.127088594 0 -0.453409036)
(-0.1182490134 0 -0.4442327505)
(-0.1211625108 0 -0.429493757)
(-0.1009225661 0 -0.4339341679)
(-0.07879310902 0 -0.4245606801)
(-0.08892346626 0 -0.4296544563)
(-0.05574657127 0 -0.4155235944)
(-0.03616144254 0 -0.405731155)
(-0.06575191378 0 -0.4100698851)
(-0.02451692991 0 -0.3945549298)
(-0.014613039 0 -0.3862856183)
(0.01033717762 0 -0.3995358695)
(0.0425103944 0 -0.405052159)
(0.2398822948 0 -0.4710101396)
(0.2444961839 0 -0.4827964119)
(0.5521704073 0 -0.5335907639)
(0.6214334866 0 -0.5417249411)
(0.4863588252 0 -0.5517163464)
(-0.7590649516 0 -0.6938318491)
(-1.048986904 0 -0.7515935658)
(-0.4757676245 0 -0.6372606301)
(-1.111939467 0 -0.6681165606)
(-0.9474895783 0 -0.5565537358)
(-0.7908335816 0 -0.5828509475)
(-0.6006316765 0 -0.4667979912)
(-0.3991854283 0 -0.4415496038)
(-0.4206078119 0 -0.4496126332)
(-0.4310737334 0 -0.4409213725)
(-0.4464771983 0 -0.4312122889)
(-0.4671452406 0 -0.4418801008)
(-0.4445522511 0 -0.4227041887)
(-0.4316998691 0 -0.4038233529)
(-0.4630277926 0 -0.40508435)
(-0.4142538251 0 -0.3659375944)
(-0.3924226857 0 -0.3160764875)
(-0.4329460481 0 -0.3026390193)
(-0.3608352144 0 -0.2708248672)
(-0.3089245367 0 -0.2341060359)
(-0.3574897505 0 -0.2187620651)
(-0.2391227552 0 -0.2209106058)
(-0.1376636814 0 -0.2605088182)
(-0.2419209776 0 -0.1657491804)
(0.0005010990495 0 -0.3692735137)
(0.1409380383 0 -0.4075232079)
(-0.003696778524 0 -0.2431791854)
(0.2663188364 0 -0.471291444)
(0.172062046 0 -1.262757324)
(-0.1805977759 0 -0.3479667356)
(-0.1963880847 0 0.606737545)
(0.08940172106 0 0.7469125359)
(0.2281626289 0 -0.662815829)
(0.08924558801 0 0.9932434588)
(0.1713735813 0 0.9241037371)
(0.2192142429 0 -0.5636074266)
(0.2555318043 0 0.724179605)
(0.4033577766 0 0.1925830319)
(0.5707558664 0 0.2388346362)
(0.2816813419 0 -0.09686322833)
(0.313282196 0 -0.1203982461)
(0.1779548342 0 0.1803159553)
(0.3843962539 0 -0.3162615358)
(0.4114359456 0 -0.6724950283)
(0.3715745357 0 -0.5899884784)
(0.4591427305 0 -0.7404296711)
(0.4920039028 0 -0.7696561963)
(0.4721131407 0 -0.7614497518)
(0.5190654319 0 -0.795439665)
(0.5427353925 0 -0.8161024568)
(0.5340204455 0 -0.8329617726)
(0.5633589986 0 -0.8299040972)
(0.5807438045 0 -0.8369573124)
(0.5792219501 0 -0.8725975932)
(-0.03115943495 0 -0.6851092031)
(-0.05835603038 0 -0.6430401236)
(-0.06616209719 0 -0.5771154398)
(-0.07261103866 0 -0.6100952533)
(-0.07551253056 0 -0.581215559)
(-0.09243848354 0 -0.5200733402)
(-0.07024513448 0 -0.553189121)
(-0.06110384239 0 -0.5251904362)
(-0.1057517769 0 -0.4948026171)
(-0.05236858318 0 -0.4977966798)
(-0.04596407171 0 -0.4721990849)
(-0.09732817663 0 -0.4659104053)
(-0.04136548559 0 -0.4497639432)
(-0.03817266738 0 -0.4313875511)
(-0.08064615598 0 -0.4338638491)
(-0.03826912797 0 -0.4171162406)
(-0.04448476223 0 -0.407598246)
(-0.06098320931 0 -0.4044016311)
(-0.05921266752 0 -0.4041630098)
(-0.08712410993 0 -0.4105086433)
(-0.06129953843 0 -0.3785219471)
(-0.1764808072 0 -0.4653732845)
(-0.4111058246 0 -0.6367619463)
(0.1085979478 0 -0.4772281066)
(-0.6332828198 0 -0.7760952407)
(-0.8159103745 0 -0.8480081187)
(0.3513175514 0 -0.6015319239)
(-1.030597096 0 -0.8643098841)
(-1.161036148 0 -0.8118783103)
(-1.172581198 0 -0.7805374963)
(-1.210798305 0 -0.6949251863)
(-1.047499908 0 -0.5469150244)
(-1.028706317 0 -0.5496591066)
(-0.6453785954 0 -0.4583417748)
(-0.3554747799 0 -0.4360837619)
(-0.3794858056 0 -0.4367286601)
(-0.3810784685 0 -0.4304082897)
(-0.4064447861 0 -0.4105026747)
(-0.4253081806 0 -0.4164933474)
(-0.4086687327 0 -0.392876576)
(-0.382911396 0 -0.3878966558)
(-0.4012768213 0 -0.3977554697)
(-0.3428047433 0 -0.3791828111)
(-0.3049870305 0 -0.3548136472)
(-0.3503748505 0 -0.332031212)
(-0.261447858 0 -0.3222721213)
(-0.1946221738 0 -0.2926394236)
(-0.2563684885 0 -0.2538879654)
(-0.1029337572 0 -0.2719732548)
(0.01392127452 0 -0.2738479587)
(-0.04904179896 0 -0.2408923328)
(0.1650331084 0 -0.319018343)
(0.3406622701 0 -0.3521713525)
(0.2881576508 0 -0.3689991696)
(0.4707814521 0 -0.375282169)
(0.7087375737 0 -0.5337190642)
(0.558067398 0 -0.7721905392)
(1.032510404 0 -0.1947305842)
(0.4690605262 0 -0.09186350278)
(0.4042831639 0 0.4137618986)
(0.4619636362 0 -0.06776437439)
(0.4715892598 0 -0.2131624674)
(0.3970841919 0 0.3301866562)
(0.4737802612 0 -0.3547411676)
(0.4316791537 0 -0.3986627383)
(0.420062875 0 -0.2537236205)
(0.3907954625 0 -0.4668598091)
(0.403743436 0 -0.5466422897)
(0.3795085211 0 -0.379949401)
(0.4270992825 0 -0.6410337213)
(0.4543503329 0 -0.6995745029)
(0.4400075639 0 -0.7024377066)
(0.480451707 0 -0.718688292)
(0.5004737326 0 -0.731752534)
(0.5022221535 0 -0.7573030654)
(0.5160597516 0 -0.741166359)
(0.5276396607 0 -0.7456716557)
(0.5415792227 0 -0.7862215301)
(0.534200781 0 -0.7438603644)
(0.5336189203 0 -0.7331366476)
(0.5642819847 0 -0.7922830651)
(0.5202776385 0 -0.706502957)
(0.4804458956 0 -0.6393963989)
(0.5568394701 0 -0.7571074294)
(-0.03824669277 0 -0.7595614497)
(-0.02112556622 0 -0.7247945125)
(-0.0740130609 0 -0.6939165083)
(0.000584719503 0 -0.6972924911)
(0.02424672508 0 -0.6699146881)
(-0.05471193104 0 -0.6207769257)
(0.04694218986 0 -0.6439615053)
(0.06476834524 0 -0.6191179377)
(-0.01180523107 0 -0.5611700766)
(0.07738646591 0 -0.5956316265)
(0.08603203694 0 -0.5728285797)
(0.03626203496 0 -0.5205550877)
(0.09170705511 0 -0.5501391785)
(0.09263464459 0 -0.52830153)
(0.06386485719 0 -0.4920893573)
(0.07351551911 0 -0.5167145969)
(-0.0163086076 0 -0.5621663151)
(0.06639486049 0 -0.4767679147)
(-0.1569345408 0 -0.6686647334)
(-0.2652885637 0 -0.7565968277)
(-0.08758489068 0 -0.5536021768)
(-0.3589766923 0 -0.8133872907)
(-0.4627742562 0 -0.8514178191)
(-0.4744995975 0 -0.8087919401)
(-0.5782241558 0 -0.8791491498)
(-0.6975132073 0 -0.8986002784)
(-0.8018644346 0 -0.9006670258)
(-0.8147006601 0 -0.9000574451)
(-0.9289566501 0 -0.8590157194)
(-1.063344619 0 -0.8402143013)
(-1.026449559 0 -0.7359762891)
(-1.032478823 0 -0.5475160529)
(-1.039799941 0 -0.5478435473)
(-0.9522313195 0 -0.4167474441)
(-0.3466968968 0 -0.3655277088)
(-0.3485387515 0 -0.4386841002)
(-0.379904023 0 -0.3347105314)
(-0.3530874017 0 -0.4926674636)
(-0.393449958 0 -0.4386369771)
(-0.3839129252 0 -0.4488778839)
(-0.3704040097 0 -0.3984204987)
(-0.3923118411 0 -0.3812461021)
(-0.3094887396 0 -0.3837220172)
(-0.233367711 0 -0.3925706131)
(-0.2735537875 0 -0.3788231111)
(-0.1644705037 0 -0.3899871962)
(-0.1078197383 0 -0.3803210805)
(-0.1388667704 0 -0.3365893177)
(-0.06362726281 0 -0.3835868798)
(0.009565331274 0 -0.3764338797)
(0.0569313163 0 -0.3195375202)
(0.1233740053 0 -0.3689117757)
(0.2847308499 0 -0.3949801124)
(0.3531444042 0 -0.3714013673)
(0.4618728414 0 -0.4479489816)
(0.5781455388 0 -0.5168863631)
(0.6734367213 0 -0.4909450777)
(0.695620608 0 -0.477908427)
(0.4717384796 0 -0.5304771559)
(0.4925352486 0 -0.3904028048)
(0.4638290415 0 -0.5343063937)
(0.4572331423 0 -0.5233297357)
(0.4767029155 0 -0.4434958958)
(0.4407982419 0 -0.5266098595)
(0.4116119133 0 -0.5534626737)
(0.4291423445 0 -0.4941020491)
(0.3887329027 0 -0.5992652106)
(0.3973094437 0 -0.6258058659)
(0.4085179781 0 -0.6177469986)
(0.4100977238 0 -0.6383255938)
(0.4195850077 0 -0.6414113076)
(0.4489450957 0 -0.6797211402)
(0.4222884663 0 -0.6368200836)
(0.4142885182 0 -0.6230427115)
(0.4780925547 0 -0.6935806187)
(0.3898280549 0 -0.5951890038)
(0.3399217644 0 -0.5462113262)
(0.4876691372 0 -0.6857292347)
(0.2547178185 0 -0.4716624132)
(0.1755716064 0 -0.3682550753)
(0.4651816654 0 -0.640246847)
(0.08414682707 0 -0.2751156195)
(0.1429034042 0 -0.2644046712)
(0.2796030581 0 -0.4617033727)
(0.08883710027 0 -0.8111968076)
(0.08300708874 0 -0.8124084193)
(0.06259547374 0 -0.8061994813)
(0.07931675496 0 -0.8059588385)
(0.07745648268 0 -0.7910761468)
(0.0768075149 0 -0.7585210188)
(0.07648435236 0 -0.7672264275)
(0.07284681778 0 -0.7348699573)
(0.1049261031 0 -0.68851848)
(0.05721068368 0 -0.6968573614)
(0.01073799148 0 -0.6627303647)
(0.1230129487 0 -0.6142995362)
(-0.07540550936 0 -0.6513362274)
(-0.1631146735 0 -0.6668778964)
(0.02913317161 0 -0.5962178563)
(-0.2193500806 0 -0.691525578)
(-0.252030123 0 -0.7159670397)
(-0.217647005 0 -0.7247390497)
(-0.2764624282 0 -0.7377067897)
(-0.3023917872 0 -0.7564171067)
(-0.3145795994 0 -0.7778792631)
(-0.3342841853 0 -0.7752024362)
(-0.3748728139 0 -0.7977306069)
(-0.4225037333 0 -0.818715963)
(-0.4251003189 0 -0.8248720503)
(-0.4840632278 0 -0.854097837)
(-0.5903168296 0 -0.8769895331)
(-0.5504585807 0 -0.8775990446)
(-0.631461791 0 -0.8709893784)
(-0.7843377597 0 -0.8712386493)
(-0.8667200699 0 -0.783815707)
(-1.86528903 0 -0.6866143038)
(-1.226032412 0 -0.5663875286)
(-3.129811093 0 -0.5210298415)
(-0.4611264599 0 0.3225820655)
(-0.3722865253 0 -0.05790748731)
(-0.4538960257 0 0.2534468941)
(-0.2353948675 0 -0.2582038326)
(-0.2604999454 0 -0.5047856885)
(-0.1510711381 0 -0.5740948144)
(-0.09662518818 0 -0.4715605896)
(-0.2754523208 0 -0.4276368301)
(0.01354083998 0 -0.4192365168)
(0.08519768541 0 -0.4301574451)
(-0.171037609 0 -0.4097368821)
(0.07340364377 0 -0.4673524773)
(-0.01733219396 0 -0.5066143452)
(-0.1126892296 0 -0.4799728313)
(-0.05886453768 0 -0.5077411698)
(0.0124259439 0 -0.4618909676)
(-0.05286530644 0 -0.4470120936)
(0.04441515561 0 -0.4019701422)
(0.1213780481 0 -0.2883517459)
(0.1482140738 0 -0.3440936055)
(0.2690148665 0 -0.3186160138)
(0.4045884378 0 -0.4799971606)
(0.493559958 0 -0.5315511293)
(0.4637368402 0 -0.574809905)
(0.4224560288 0 -0.5889122188)
(0.439212319 0 -0.5760830108)
(0.4117357135 0 -0.5681537687)
(0.4004738425 0 -0.5563283243)
(0.4290729104 0 -0.5552362278)
(0.3873726676 0 -0.5592703214)
(0.3736555907 0 -0.567945731)
(0.3918190116 0 -0.5758938236)
(0.364954082 0 -0.572425847)
(0.3636735351 0 -0.5658557273)
(0.380154543 0 -0.6018778506)
(0.3626062067 0 -0.5526064465)
(0.3582787796 0 -0.5350928864)
(0.3861330128 0 -0.5893159498)
(0.3463764994 0 -0.5104477487)
(0.3234100836 0 -0.4746840448)
(0.3586276078 0 -0.5392701897)
(0.2877833245 0 -0.4232877869)
(0.2421742113 0 -0.3497266911)
(0.2522988109 0 -0.4014402172)
(-0.2627897419 0 0.253795082)
(0.1020885075 0 -0.1784808747)
(0.04924374065 0 -0.1446593519)
(0.08275951702 0 -0.1653173365)
(0.2536830496 0 -0.2970179748)
(0.2377077568 0 -0.2810277667)
(0.2027289757 0 -0.6962980872)
(0.1887588844 0 -0.7005428553)
(0.1360752317 0 -0.7622212259)
(0.1680557543 0 -0.6969256269)
(0.1390069928 0 -0.68339254)
(0.09371983279 0 -0.7486571396)
(0.1026695185 0 -0.6575420671)
(0.06552678931 0 -0.6206040347)
(0.009923766821 0 -0.7026891214)
(0.03406085082 0 -0.5836203666)
(-0.0004643684148 0 -0.5677094062)
(-0.09571843975 0 -0.6461753231)
(-0.04423580951 0 -0.5804518474)
(-0.090701456 0 -0.6151045044)
(-0.1600883556 0 -0.6505566333)
(-0.1324455706 0 -0.6557546475)
(-0.1667121252 0 -0.6895067912)
(-0.2168753334 0 -0.7064033283)
(-0.1953461883 0 -0.7134766008)
(-0.2191796051 0 -0.7296112168)
(-0.2638272102 0 -0.7501051163)
(-0.236500487 0 -0.7394676229)
(-0.2468196582 0 -0.7442012367)
(-0.3096788521 0 -0.7874501386)
(-0.2522708576 0 -0.7453649685)
(-0.253851022 0 -0.7450737482)
(-0.366704488 0 -0.8248060981)
(-0.2495066008 0 -0.7456176405)
(-0.3063307466 0 -0.7636221343)
(-0.4697803973 0 -0.843210708)
(-1.02790333 0 -0.9613602507)
(-2.23625647 0 -1.158465946)
(-2.289228183 0 -0.8785552511)
(-3.46983727 0 -0.5989328237)
(-0.3145847848 0 0.4272930871)
(-0.507157611 0 0.4681195705)
(-0.2421714863 0 0.403892413)
(-0.2094498624 0 0.4083287985)
(-0.3205087735 0 0.1892293478)
(-0.001391424062 0 0.003593832911)
(0.04629307828 0 -0.2216677019)
(-0.02070186797 0 -0.5946467007)
(-0.1144895633 0 -0.2215940222)
(-0.2597958112 0 -0.3158082857)
(-0.1344128547 0 -0.4012317398)
(-0.2984802773 0 -0.3699877612)
(-0.2297424555 0 -0.363156717)
(-0.1355524748 0 -0.5069156867)
(-0.03477124959 0 -0.3097797462)
(0.2240022112 0 -0.3291332949)
(0.07805801648 0 -0.3756399927)
(0.2784202141 0 -0.3814868564)
(0.3046959826 0 -0.3792325567)
(0.1517967369 0 -0.3482104396)
(0.3095861996 0 -0.3496640726)
(0.283543448 0 -0.2958701838)
(0.3311498873 0 -0.38733499)
(0.21949223 0 -0.3799558567)
(0.4181910985 0 -0.5379132411)
(0.4492329605 0 -0.5732603809)
(0.4270691909 0 -0.5393812277)
(0.3901775892 0 -0.4828649547)
(0.3811571725 0 -0.5295975931)
(0.3671459684 0 -0.4578424475)
(0.3704587226 0 -0.4557553282)
(0.3562461767 0 -0.5310998389)
(0.4016493432 0 -0.4706239526)
(0.3655015057 0 -0.4609315446)
(0.3609147312 0 -0.5226227356)
(0.2561951178 0 -0.4463911938)
(0.03508641442 0 -0.4456269602)
(0.3484046785 0 -0.48025578)
(-0.1392965859 0 -0.4360814398)
(-0.214148077 0 -0.4177031125)
(0.2942054095 0 -0.4177211485)
(-0.1524717538 0 -0.3793114159)
(0.2639652735 0 -0.319495849)
(0.1987056165 0 -0.2804646396)
(0.7742175765 0 0.508464934)
(0.371794429 0 0.2524282878)
(0.1617541036 0 -0.1083799664)
(0.1960245023 0 -0.1762475601)
(0.242274769 0 -0.1662834698)
(0.251213151 0 -0.2195333159)
(0.2072898746 0 -0.6039423099)
(0.1882393683 0 -0.6044891838)
(0.2158812882 0 -0.6499852554)
(0.1567808454 0 -0.5988701655)
(0.1207375792 0 -0.5839275122)
(0.1499540568 0 -0.6321695023)
(0.09836290963 0 -0.5588518661)
(0.09136510515 0 -0.5331846401)
(0.08768840157 0 -0.5659033957)
(0.07680313502 0 -0.5292752527)
(0.04710883553 0 -0.5528129267)
(0.04785989076 0 -0.536041308)
(0.009410972722 0 -0.5883475312)
(-0.02793701502 0 -0.6202603823)
(-0.04567060145 0 -0.6062078643)
(-0.0628545012 0 -0.6429706399)
(-0.09945733368 0 -0.658366746)
(-0.130106898 0 -0.6734847195)
(-0.1405642772 0 -0.6679164976)
(-0.1824407765 0 -0.6719178715)
(-0.1963859336 0 -0.6935951602)
(-0.2163756113 0 -0.6709084509)
(-0.2327436053 0 -0.6653799209)
(-0.2234241543 0 -0.6784646853)
(-0.2238208567 0 -0.6570874191)
(-0.1860723459 0 -0.6577185962)
(-0.1840620313 0 -0.6286430858)
(-0.1394252257 0 -0.7433677271)
(-0.1945808686 0 -1.137549087)
(-0.136236945 0 -0.6628443388)
(-0.4870915321 0 -1.863093272)
(-1.054585381 0 -2.245629142)
(-1.796464613 0 -1.584290402)
(-2.142531804 0 -0.719468202)
(-0.7086322953 0 1.653938258)
(-0.4428250138 0 0.9486656395)
(-0.3482748565 0 0.8374023486)
(-0.09384159118 0 -0.2947927726)
(0.2509045582 0 -0.2482092154)
(-0.1154318141 0 -0.3589567215)
(-0.1414974642 0 -0.2806096427)
(0.02154837837 0 -0.3147544574)
(-0.1279615596 0 -0.1870807875)
(-0.1058578224 0 -0.1426296418)
(-0.1902350467 0 -0.3133650278)
(-0.07760695814 0 -0.240730448)
(-0.09061217889 0 -0.2934287905)
(-0.0927150931 0 -0.2922612516)
(-0.1435974754 0 -0.2765311586)
(-0.209605677 0 -0.1516513962)
(0.06716969007 0 -0.24848693)
(-0.04882340642 0 -0.2250007886)
(-0.03822276936 0 -0.3056696349)
(0.3173731587 0 -0.3751176387)
(0.02273845209 0 -0.2219170937)
(0.1476718177 0 -0.01156245877)
(0.257759042 0 -0.1347125505)
(0.3064305158 0 0.07831769033)
(0.345562435 0 -0.100836565)
(0.3616152452 0 -0.1594633573)
(0.4246339054 0 -0.3293364369)
(0.4320881808 0 -0.2896591703)
(0.4382399994 0 -0.4164013632)
(0.3573119908 0 -0.2341826618)
(0.06073565724 0 -0.3241320074)
(0.4038223744 0 -0.3142607754)
(-0.3244918183 0 -0.4449232027)
(-0.4633229437 0 -0.4474177867)
(-0.2508947812 0 -0.5033924454)
(-0.4937861347 0 -0.5188550846)
(-0.5179726604 0 -0.5595406901)
(-0.4660208609 0 -0.5030182875)
(-0.5441533461 0 -0.573654894)
(-0.5629669121 0 -0.577947768)
(-0.5067540821 0 -0.4827108471)
(-0.5696228308 0 -0.5709013764)
(-0.5612917267 0 -0.5272103593)
(-0.2592874373 0 -0.4232633382)
(0.6940428778 0 0.223125596)
(0.6561304421 0 0.2257329858)
(0.6191585702 0 0.3078247083)
(0.3144004318 0 -0.1419792822)
(0.2574173909 0 -0.1309948246)
(0.2426097706 0 -0.1370537367)
(0.1170971326 0 -0.4799913112)
(0.1338563381 0 -0.4772100108)
(0.1326214987 0 -0.5319746756)
(0.1551321159 0 -0.4806974527)
(0.1783840517 0 -0.4860409229)
(0.1315484517 0 -0.5276009402)
(0.1931979983 0 -0.4881742797)
(0.1827797576 0 -0.4869061779)
(0.1362863563 0 -0.5121928075)
(0.1496911389 0 -0.4959028932)
(0.1142754361 0 -0.5220855651)
(0.09080981014 0 -0.5455711181)
(0.08223159368 0 -0.5534887045)
(0.04854440047 0 -0.5777535995)
(0.03922145343 0 -0.6080480987)
(0.008393772981 0 -0.5900488081)
(-0.04060750754 0 -0.592172081)
(-0.04835090968 0 -0.6339344156)
(-0.09778913357 0 -0.5873081083)
(-0.1601241321 0 -0.5782531928)
(-0.1626794118 0 -0.6285888826)
(-0.2238747272 0 -0.5660280737)
(-0.2807199356 0 -0.5517452956)
(-0.241727399 0 -0.6081748945)
(-0.3114059879 0 -0.5395614654)
(-0.2840503595 0 -0.5349634805)
(-0.1865007003 0 -0.5790739541)
(-0.1833358555 0 -0.5352114209)
(-0.03459735501 0 -0.528269585)
(0.07707171294 0 -0.5477280801)
(0.1624364414 0 -0.51370654)
(0.5260626655 0 -0.5152582224)
(0.9533978179 0 -0.5296680511)
(1.143836947 0 -0.5027362211)
(0.1629007525 0 -0.5901550454)
(0.1196745094 0 -0.4419048966)
(0.1356422519 0 -0.6463729536)
(0.1054240062 0 -0.6504608686)
(-0.05182062323 0 -0.5024601174)
(0.08451291539 0 -0.6319727969)
(0.07519854074 0 -0.5758006964)
(-0.1603204047 0 -0.4608613787)
(0.1231958997 0 -0.4733770824)
(0.107696779 0 -0.3817513533)
(-0.1599456971 0 -0.4571956317)
(0.09086497676 0 -0.4539809614)
(0.2001745692 0 -0.5141495445)
(0.04507793882 0 -0.379328399)
(0.2287249458 0 -0.5143413879)
(0.159539848 0 -0.5306340507)
(0.03867628964 0 -0.2478506532)
(0.1071387633 0 -0.491320825)
(0.05028941756 0 -0.3960856059)
(-0.0557232979 0 -0.2581778975)
(-0.01043100581 0 -0.3529191998)
(-0.0277655802 0 -0.342500382)
(0.06558297903 0 -0.1153550317)
(-0.05518124707 0 -0.36949633)
(-0.1733524874 0 -0.4401603754)
(0.07529069879 0 -0.06588271648)
(-0.2059485839 0 -0.4270793658)
(-0.2166691206 0 -0.3744389454)
(0.01422453192 0 -0.2692701797)
(-0.2069179437 0 -0.372078259)
(-0.1784275555 0 -0.3898365483)
(-0.2378906608 0 -0.3556837444)
(-0.2791280522 0 -0.5084850682)
(-0.461758922 0 -0.6864386045)
(-0.4295205175 0 -0.4804688309)
(-0.5443614598 0 -0.7828338206)
(-0.5954086771 0 -0.8164116417)
(-0.5531440658 0 -0.6701469337)
(-0.6349727235 0 -0.8312835566)
(-0.6681724821 0 -0.8303712008)
(-0.6086313073 0 -0.6892183307)
(-0.6885236168 0 -0.8003847475)
(-0.6894745288 0 -0.730265805)
(-0.6213823055 0 -0.6165453647)
(-0.6498036404 0 -0.6078034431)
(-0.5412870588 0 -0.4004156322)
(0.002608177023 0 -0.1595508197)
(0.04589434076 0 -0.1453682212)
(0.2596066597 0 -0.1304913307)
(0.2864505316 0 -0.11105904)
(0.1962880725 0 -0.4702169195)
(0.2119385046 0 -0.4590674483)
(0.1701706923 0 -0.4588105797)
(0.2259215902 0 -0.4489983838)
(0.2308251979 0 -0.4482349622)
(0.2147726677 0 -0.4570802639)
(0.2176317896 0 -0.4568612379)
(0.1902626466 0 -0.4713142377)
(0.2093078726 0 -0.4595191632)
(0.1581743279 0 -0.4864203565)
(0.1295219943 0 -0.500869371)
(0.1323736874 0 -0.4969656032)
(0.10729413 0 -0.5133000504)
(0.08806879563 0 -0.521027109)
(0.07649262181 0 -0.5423038733)
(0.06554624944 0 -0.5218901221)
(0.03387342151 0 -0.5159794212)
(0.01064328249 0 -0.5470985804)
(-0.01131530912 0 -0.506446282)
(-0.07274063001 0 -0.49400734)
(-0.1095141092 0 -0.525508122)
(-0.1455058205 0 -0.4740257788)
(-0.225894171 0 -0.4483847647)
(-0.2680945495 0 -0.4922204554)
(-0.2996606102 0 -0.42482119)
(-0.3057168153 0 -0.4301094188)
(-0.3231030611 0 -0.4720084908)
(-0.2022159173 0 -0.4753040255)
(-0.09350285457 0 -0.5063875427)
(-0.07768710084 0 -0.4922243922)
(-0.03346358052 0 -0.4954977645)
(-0.003458790557 0 -0.4550280367)
(0.2256632889 0 -0.4980307226)
(0.0374639096 0 -0.4206420248)
(0.05576874868 0 -0.398904766)
(0.287574995 0 -0.5402657127)
(0.08869332713 0 -0.3813241659)
(0.0750055358 0 -0.34913765)
(0.2565486902 0 -0.5338665527)
(-0.03301674746 0 -0.2734240928)
(-0.4426867012 0 -0.1602591931)
(-0.05040445631 0 -0.3016655392)
(-0.7347756321 0 -0.5801551273)
(-0.7759299397 0 -0.6403703858)
(-0.5030485001 0 -0.6477495796)
(-0.7809600662 0 -0.6219009611)
(-0.7579367316 0 -0.6264034002)
(-0.39019004 0 -0.7283161211)
(-0.683990993 0 -0.638220328)
(-0.5583995813 0 -0.6620239498)
(-0.177166696 0 -0.7430821557)
(-0.4296275937 0 -0.6917052919)
(-0.3441119798 0 -0.7088081902)
(-0.09609966933 0 -0.6377676083)
(-0.2907783766 0 -0.705078354)
(-0.2351798841 0 -0.6890286557)
(-0.152285524 0 -0.6131950506)
(-0.1855908533 0 -0.6785390986)
(-0.1475519615 0 -0.6878566153)
(-0.1254636495 0 -0.5797878371)
(-0.1620482111 0 -0.7097818921)
(-0.2130092922 0 -0.7490578428)
(-0.06840638639 0 -0.5845482755)
(-0.3072829937 0 -0.8177299445)
(-0.4266714543 0 -0.9048447684)
(-0.2431711212 0 -0.684363155)
(-0.5524263873 0 -0.9887632185)
(-0.6415758955 0 -1.047628999)
(-0.5418241556 0 -0.9007239534)
(-0.7106071077 0 -1.091987551)
(-0.7779694293 0 -1.130389528)
(-0.6685154064 0 -0.9796121891)
(-0.8367801569 0 -1.145706766)
(-0.8853038272 0 -1.126005594)
(-0.7760622832 0 -0.9853392365)
(-0.9272675164 0 -1.078259441)
(-0.9614007658 0 -1.026321999)
(-0.8302667061 0 -0.8736066263)
(-0.9765028653 0 -0.9929775966)
(-0.950165206 0 -0.9791025877)
(-0.7130190047 0 -0.7201581623)
(-0.827280819 0 -0.9509605165)
(-0.4626273703 0 -0.7114981051)
(0.09568233307 0 -0.1467791059)
(0.2598572739 0 -0.5677651608)
(0.2690918048 0 -0.575952483)
(0.2467608473 0 -0.5001076623)
(0.2618282625 0 -0.5762082234)
(0.2418826716 0 -0.5722550862)
(0.2305045729 0 -0.5092338764)
(0.2183665936 0 -0.566511571)
(0.198203973 0 -0.558799766)
(0.1881529292 0 -0.5260839601)
(0.1829160453 0 -0.548666575)
(0.171736853 0 -0.5369099662)
(0.1581345991 0 -0.5274454249)
(0.1632715898 0 -0.52471589)
(0.1555799247 0 -0.5120344115)
(0.1366188712 0 -0.5190524565)
(0.1459859326 0 -0.4971260341)
(0.1313428122 0 -0.4774506466)
(0.1022133601 0 -0.4955914605)
(0.1086763341 0 -0.450746546)
(0.07546465212 0 -0.4153541817)
(0.03237499407 0 -0.4507575062)
(0.02930831878 0 -0.3712389899)
(-0.04063451008 0 -0.3319822151)
(-0.1271360829 0 -0.3915243146)
(-0.1237372013 0 -0.3102831871)
(-0.1988576582 0 -0.3018294101)
(-0.2834712314 0 -0.345269383)
(-0.2817920402 0 -0.3071198462)
(-0.3777580485 0 -0.3163855121)
(-0.07269507644 0 -0.5190202386)
(-0.2864382612 0 -0.2276161146)
(-0.1394720777 0 -0.1738371676)
(0.1178215296 0 -0.6303481135)
(-0.08729971233 0 -0.2368472846)
(-0.06088113261 0 -0.2842720511)
(0.1931391346 0 -0.5113712388)
(-0.03849951389 0 -0.3177972577)
(0.09883113493 0 -0.3842886268)
(0.2961544435 0 -0.3134387567)
(-0.3224593485 0 -0.5544541834)
(-0.3913250967 0 -0.5956880139)
(0.2860165787 0 0.3609715066)
(-0.6455393704 0 -0.576218816)
(-0.6560647886 0 -0.5945216396)
(-0.675984623 0 -0.6334163407)
(-0.6905946728 0 -0.6342923709)
(-0.7264468747 0 -0.6816092243)
(-0.7256976148 0 -0.6560746134)
(-0.7743504783 0 -0.7433668401)
(-0.8455544615 0 -0.816966349)
(-0.7733739221 0 -0.7137702829)
(-0.9406622237 0 -0.8658648005)
(-1.033159765 0 -0.8417943375)
(-0.7272500871 0 -0.7230352844)
(-1.066047347 0 -0.7434541096)
(-0.9724202801 0 -0.6300995575)
(-0.5120075943 0 -0.6746117865)
(-0.7562319936 0 -0.5753514386)
(-0.5816922643 0 -0.608440574)
(-0.2839625994 0 -0.7011644709)
(-0.5824492245 0 -0.737456209)
(-0.6095591995 0 -0.790284143)
(-0.3798994085 0 -0.8331337157)
(-0.6876400348 0 -0.8561371796)
(-0.7287130105 0 -0.9435258719)
(-0.5887539457 0 -0.9891908304)
(-0.7499950434 0 -1.055014494)
(-0.7802015074 0 -1.154319926)
(-0.7421664361 0 -1.135097576)
(-0.8063336493 0 -1.221727561)
(-0.8190693058 0 -1.262257841)
(-0.8427532432 0 -1.229153898)
(-0.8303589528 0 -1.279923182)
(-0.8515224097 0 -1.28103141)
(-0.8888028565 0 -1.210787072)
(-0.8881325191 0 -1.277495722)
(-0.9357599456 0 -1.282399391)
(-0.9522768858 0 -1.153476561)
(-0.9831257522 0 -1.302837337)
(-1.021637445 0 -1.338258536)
(-1.003316196 0 -1.179783761)
(-1.046862349 0 -1.380633709)
(-1.0463086 0 -1.392636013)
(-0.8842698704 0 -1.172038616)
(0.2675473577 0 -0.6952381523)
(0.2492274988 0 -0.6691382596)
(0.2514905811 0 -0.628278745)
(0.2224655357 0 -0.63816666)
(0.1944564314 0 -0.6152527998)
(0.1997138751 0 -0.5939829317)
(0.1719906555 0 -0.6125622864)
(0.1593070746 0 -0.6323021891)
(0.1605299262 0 -0.5879461103)
(0.155739404 0 -0.6624982983)
(0.1565301777 0 -0.6869138267)
(0.1407057125 0 -0.5972604119)
(0.1568977278 0 -0.6969394333)
(0.1549781382 0 -0.6933215253)
(0.1247410663 0 -0.5851488218)
(0.1523723955 0 -0.6827265787)
(0.1539227377 0 -0.6758866218)
(0.09421353804 0 -0.5638621225)
(0.1663711738 0 -0.6849148548)
(0.1914200951 0 -0.7072053143)
(0.08923311037 0 -0.6421573333)
(0.2083815674 0 -0.7054939605)
(0.1416733069 0 -0.6369324863)
(0.1706114825 0 -0.8531661656)
(-0.01475259114 0 -0.5551805751)
(-0.1351075841 0 -0.5134058376)
(0.2531252451 0 -0.876759532)
(-0.2142334659 0 -0.4823387114)
(-0.2745113827 0 -0.461202194)
(-0.2466934388 0 -0.3593120407)
(-0.3082788069 0 -0.4599668556)
(-0.3098377568 0 -0.4698650611)
(-0.2790024436 0 -0.1329468926)
(-0.3302835944 0 -0.4962180313)
(-0.4440740489 0 -0.5183804977)
(-0.5290233571 0 -0.4208093877)
(-0.4687841706 0 -0.4879380897)
(-0.5110715082 0 -0.4629779655)
(-0.5815705543 0 -0.4637509643)
(-0.5695176985 0 -0.4904475057)
(-0.6281245429 0 -0.5537539506)
(-0.6434088887 0 -0.5732555476)
(-0.6763294446 0 -0.6327655616)
(-0.7219832057 0 -0.7338716936)
(-0.7299657967 0 -0.7080365961)
(-0.770925406 0 -0.8633762059)
(-0.8202720991 0 -1.003197822)
(-0.859004968 0 -0.9190067698)
(-0.8643024488 0 -1.100950132)
(-0.9019126124 0 -1.088551631)
(-1.063989486 0 -0.9882551052)
(-0.9447565129 0 -0.9252725403)
(-1.010468976 0 -0.647402305)
(-1.203871825 0 -0.5937198649)
(-1.088121393 0 -0.4332346973)
(-1.133490492 0 -0.3941119864)
(-0.9830963864 0 -0.4244299605)
(-1.23187441 0 -0.7955818027)
(-1.278072677 0 -0.7569580884)
(-1.001910863 0 -0.7373331803)
(-1.246004306 0 -0.6596205237)
(-1.098607549 0 -0.598641641)
(-0.8958637811 0 -0.7914222785)
(-0.8452098198 0 -0.6879666008)
(-0.7006234159 0 -0.9019452395)
(-0.7387306942 0 -1.094506191)
(-0.7176465574 0 -1.134627375)
(-0.7610637303 0 -1.247736366)
(-0.779019076 0 -1.271887625)
(-0.8002814964 0 -1.326685189)
(-0.8443393495 0 -1.382717098)
(-0.8354787052 0 -1.346660753)
(-0.8970247624 0 -1.425096586)
(-0.9546833083 0 -1.461747456)
(-0.9395202969 0 -1.391895034)
(-1.007516398 0 -1.495209283)
(-1.047062992 0 -1.521442828)
(-1.040730118 0 -1.451944008)
(0.2561503557 0 -0.6894258937)
(0.2338468523 0 -0.6609666346)
(0.2389574998 0 -0.6842557024)
(0.2044634802 0 -0.6187132022)
(0.1753967118 0 -0.5723943581)
(0.1869265011 0 -0.6138566915)
(0.1586693805 0 -0.5457242944)
(0.1652497036 0 -0.5614435574)
(0.1765073561 0 -0.6308780572)
(0.1909460917 0 -0.6116095013)
(0.2215803179 0 -0.6660265326)
(0.1995091604 0 -0.7091407607)
(0.247705241 0 -0.7029297103)
(0.2660506791 0 -0.7151819913)
(0.2130831235 0 -0.7292214155)
(0.2783968303 0 -0.7061006266)
(0.2900809898 0 -0.685201925)
(0.2261367643 0 -0.6993316657)
(0.3070124031 0 -0.6625503266)
(0.330274221 0 -0.6401686864)
(0.2694960409 0 -0.6844908744)
(0.3433840695 0 -0.6070236715)
(0.2992688094 0 -0.5570526479)
(0.2650297584 0 -0.6072698395)
(0.1684662882 0 -0.5149310382)
(0.005951587098 0 -0.5119006516)
(-0.006689486996 0 -0.4857160833)
(-0.1396829865 0 -0.5768344867)
(-0.247046951 0 -0.6600632994)
(-0.2052159249 0 -0.5120410026)
(-0.2135570479 0 -0.5397439396)
(-0.2449748181 0 -0.570884446)
(-0.2946289533 0 -0.5167475144)
(-0.2890968224 0 -0.6176094249)
(-0.345453853 0 -0.6642279137)
(-0.3845801096 0 -0.5712443011)
(-0.4135498735 0 -0.6970139167)
(-0.4854558671 0 -0.6917786346)
(-0.5002188226 0 -0.5439856424)
(-0.5441917677 0 -0.6281057917)
(-0.5810449056 0 -0.5652943786)
(-0.6058745741 0 -0.5407917255)
(-0.612512748 0 -0.5907239868)
(-0.6431138493 0 -0.684236463)
(-0.6932145551 0 -0.7402175583)
(-0.6642149218 0 -0.806843323)
(-0.6621374116 0 -0.9260799797)
(-0.7392618968 0 -1.023990753)
(-0.6328219887 0 -1.003582981)
(-0.5969051227 0 -1.025444327)
(-0.6921876098 0 -1.096075567)
(-0.6041199044 0 -1.005400716)
(-0.7218960807 0 -0.9567027522)
(-0.7994102902 0 -0.7875654177)
(-0.9588847141 0 -0.8944735079)
(-1.175626646 0 -0.8503800886)
(-1.165243741 0 -0.5517882625)
(-1.236222516 0 -0.9294920348)
(-1.245112186 0 -0.8084671569)
(-1.3111659 0 -0.7862046488)
(-1.242823215 0 -0.642857073)
(-1.219507836 0 -0.4538950716)
(-1.228145294 0 -0.477657655)
(-1.139978036 0 -0.2547890254)
(-1.015942183 0 -0.07274414399)
(-0.7970296237 0 -0.4015268185)
(-0.5147425231 0 -0.4433594268)
(-0.5713245262 0 -0.7680013227)
(-0.7476084573 0 -1.118866011)
(-0.7016571261 0 -1.023066439)
(-0.8121992864 0 -1.207866363)
(-0.8770909605 0 -1.345248699)
(-0.8991253319 0 -1.346170916)
(-0.9648875018 0 -1.447285787)
(-0.9765675076 0 -1.47413135)
(-1.014260243 0 -1.520485472)
(-1.05064728 0 -1.568371451)
(-1.047670795 0 -1.543396932)
(0.2462243995 0 -0.5595164729)
(0.2135336007 0 -0.5177654335)
(0.23007701 0 -0.603480927)
(0.1793624282 0 -0.462111542)
(0.1460330464 0 -0.3947950519)
(0.1649704357 0 -0.5003269632)
(0.1306670256 0 -0.341633468)
(0.150101042 0 -0.3585212954)
(0.1419827836 0 -0.447788374)
(0.1993726957 0 -0.4503214348)
(0.2602639562 0 -0.5524777765)
(0.2320662597 0 -0.60259147)
(0.3116243646 0 -0.6131998544)
(0.3486125593 0 -0.635798181)
(0.3078677888 0 -0.6810004368)
(0.3750799189 0 -0.636789656)
(0.3945135863 0 -0.6237479585)
(0.3462966336 0 -0.6590359159)
(0.4061590398 0 -0.600307657)
(0.4052160621 0 -0.5719363733)
(0.3803716855 0 -0.599052532)
(0.3745484558 0 -0.5493672609)
(0.2704014858 0 -0.569675084)
(0.3129121423 0 -0.5342094088)
(0.01062385316 0 -0.7495106517)
(-0.3821448861 0 -1.139557571)
(-0.06283591406 0 -0.6940896887)
(-0.6765067345 0 -1.487821376)
(-0.761774339 0 -1.604686227)
(-0.536441292 0 -1.198219891)
(-0.1288095397 0 -0.6554743185)
(-0.1576063241 0 -0.7349418217)
(-0.2028015921 0 -0.644743662)
(-0.1907619351 0 -0.8258550525)
(-0.2283792132 0 -0.9222692719)
(-0.2960651558 0 -0.7838641902)
(-0.2720316529 0 -1.009957152)
(-0.3268915861 0 -1.080192905)
(-0.4328139584 0 -0.8744023971)
(-0.3995536073 0 -1.109130687)
(-0.4721725918 0 -1.003120546)
(-0.5600976523 0 -0.7129294913)
(-0.4985485673 0 -0.7165359137)
(-0.5333007475 0 -0.5445124733)
(-0.5878747583 0 -0.5578337197)
(-0.6279421533 0 -0.5994486728)
(-0.7337052161 0 -0.7244951071)
(-0.6703162952 0 -0.7558484057)
(-0.832696232 0 -0.8636034767)
(-0.9098629009 0 -0.9855746557)
(-0.6678005079 0 -0.9764761839)
(-0.9665759276 0 -1.076254604)
(-1.009494015 0 -1.131219588)
(-0.7594453405 0 -1.066693128)
(-1.034858933 0 -1.141092984)
(-1.031856885 0 -1.09305481)
(-1.126899092 0 -1.070049537)
(-1.022555514 0 -1.004553147)
(-1.03135264 0 -0.8870855517)
(-1.134129726 0 -0.8372519519)
(-1.062429304 0 -0.7495049245)
(-1.104178415 0 -0.5867093805)
(-1.156347917 0 -0.4859280195)
(-1.13335202 0 -0.4047872235)
(-1.114219291 0 -0.2426215545)
(-1.097675084 0 -0.1069425028)
(-0.8385562874 0 -0.5253023386)
(-0.5575527447 0 -0.2593236703)
(-0.6343877362 0 -0.04968196425)
(-0.7933208693 0 0.3901667569)
(-0.4575985401 0 1.249698133)
(-0.3890882233 0 0.6543618581)
(-0.3363745303 0 0.9914243255)
(-0.2749662948 0 0.7111070488)
(-0.2483819643 0 0.4135835342)
(-0.2682202097 0 0.5323125702)
(-0.03898891729 0 1.172437592)
(-0.1377018892 0 0.4497633863)
(0.1581784053 0 -0.2726579996)
(0.1744142549 0 -0.3101699811)
(0.138079036 0 -0.2962884253)
(0.2227753435 0 -0.3734050901)
(0.3083675083 0 -0.4634280043)
(0.2071163405 0 -0.3898419492)
(0.4692272369 0 -0.571535397)
(0.6563831713 0 -0.6449569981)
(0.3376701883 0 -0.5746826002)
(0.6623999115 0 -0.6259827248)
(0.5464475746 0 -0.5665304446)
(0.3963336318 0 -0.6062646681)
(0.4775266603 0 -0.5617939634)
(0.468915357 0 -0.7392274142)
(0.4612692503 0 -1.512546969)
(0.4949812699 0 -1.353038053)
(0.5411875487 0 -2.294503424)
(0.5270942138 0 -3.763681616)
(0.6000934134 0 -3.131527422)
(0.6706505252 0 -3.65869412)
(0.56497496 0 -4.630765675)
(0.7471420891 0 -3.848455063)
(0.8169743379 0 -3.711148481)
(0.5590331651 0 -4.263322294)
(0.8761138542 0 -3.323323661)
(0.9524951375 0 -2.846080843)
(0.569104087 0 -3.212737658)
(0.1381438145 0 -0.2844398322)
(0.1357216089 0 -0.2090772885)
(-0.1055507416 0 -0.8377444658)
(0.1268605224 0 -0.1764804811)
(0.1010346666 0 -0.176288595)
(-0.140358875 0 -1.036558792)
(0.07337117867 0 -0.1951883079)
(0.09054045087 0 -0.2829860396)
(-0.1624663998 0 -1.219043414)
(0.2154706271 0 -0.4401256502)
(0.3764177448 0 -0.6034112419)
(-0.2041696618 0 -1.35011672)
(0.3464861042 0 -0.6151728826)
(-0.1009010216 0 -0.4761824085)
(-0.3993361911 0 -0.5627958816)
(-0.4483455093 0 -0.4732707434)
(-0.5947707802 0 -0.5945545472)
(-0.6648365187 0 -0.6606178169)
(-0.7055566205 0 -0.7482372613)
(-0.7903884904 0 -0.8871899027)
(-0.855509768 0 -0.9438377046)
(-0.8457477288 0 -0.994242627)
(-0.8786527773 0 -1.065628918)
(-0.9437457838 0 -1.118472187)
(-0.8971597382 0 -1.092356366)
(-0.9194199894 0 -1.088658266)
(-0.9500785692 0 -1.097675141)
(-0.9578016466 0 -1.068081311)
(-1.013508335 0 -1.034804708)
(-0.9894693875 0 -0.958610031)
(-1.078725671 0 -0.9899532964)
(-1.135027515 0 -0.9296592398)
(-1.098524425 0 -0.7477073656)
(-1.157021336 0 -0.8503881215)
(-1.117412227 0 -0.7677528507)
(-1.109852401 0 -0.4698914555)
(-0.9625083956 0 -0.7602541003)
(-0.6283187949 0 -0.5728217146)
(-0.521297142 0 -0.4459284163)
(-1.060954296 0 0.4833358715)
(0.9171663012 0 2.872270342)
(0.5249140394 0 3.409913221)
(0.6818144891 0 2.678606976)
(0.5166034957 0 2.386865798)
(0.3652103839 0 2.978278138)
(0.3587561669 0 -0.4493040728)
(0.492752774 0 -0.5125532081)
(0.4104106971 0 -0.5061789023)
(0.6840225797 0 -0.5593031839)
(0.8489936788 0 -0.5634437476)
(0.829261092 0 -0.6288507606)
(0.8765045535 0 -0.5249287509)
(0.765084601 0 -0.4502159332)
(0.7141377488 0 -0.5231994153)
(0.5917650542 0 -0.3752318344)
(0.4634485269 0 -0.3549316757)
(0.4778393113 0 -0.479791366)
(0.430068882 0 -0.3970889345)
(0.4438204113 0 -0.4749075294)
(0.4821741412 0 -0.9107992277)
(0.4549176701 0 -0.6019827804)
(0.4546566695 0 -0.8118103055)
(0.5693079967 0 -2.088605703)
(0.4689411032 0 -1.080908841)
(0.519606204 0 -1.307085759)
(0.7800757384 0 -2.713105586)
(0.5863722203 0 -1.337612235)
(0.6120910097 0 -1.094260705)
(0.9549727594 0 -2.262288264)
(0.2267890326 0 -0.1303235542)
(0.2066529288 0 -0.127169899)
(0.177023418 0 -0.1438136927)
(0.2166435013 0 -0.1344877233)
(0.2349798183 0 -0.144787904)
(0.166044123 0 -0.1507825671)
(0.2466771003 0 -0.1554454175)
(0.2611569898 0 -0.2149251382)
(0.2051373446 0 -0.2713044849)
(0.3204944334 0 -0.3152419359)
(0.418435156 0 -0.3982685196)
(0.4174061153 0 -0.4791617117)
(0.512285294 0 -0.4436632118)
(0.5492788055 0 -0.461481315)
(0.331491901 0 -0.4807879725)
(0.4697168119 0 -0.4608296978)
(-0.3944302991 0 -0.3639261407)
(-0.4983879206 0 -0.4868227243)
(-0.5032982252 0 -0.4894187818)
(-0.617215104 0 -0.6444417401)
(-0.70620101 0 -0.785586916)
(-0.6872424968 0 -0.7331785018)
(-0.7757234774 0 -0.8557729603)
(-0.8232458093 0 -0.9797926214)
(-0.8588583046 0 -0.9485147922)
(-0.9398227735 0 -1.017015506)
(-0.9263282421 0 -1.065432236)
(-1.029782094 0 -1.079833551)
(-1.11950405 0 -1.125845629)
(-1.066269021 0 -1.095061915)
(-1.201379165 0 -1.161018453)
(-1.264300987 0 -1.1880595)
(-1.196364426 0 -1.086136593)
(-1.297066827 0 -1.201465978)
(-1.292661109 0 -1.191128268)
(-1.184785744 0 -1.02973319)
(-1.238137641 0 -1.138980454)
(-1.085702218 0 -0.9964492544)
(-0.8422708681 0 -0.7710984027)
(0.5686866315 0 0.2447221026)
(0.07071763253 0 0.526891612)
(0.764043839 0 2.077968933)
(0.4537099391 0 -0.4319628156)
(0.5659343004 0 -0.4536306542)
(0.5460011029 0 -0.4927487158)
(0.6619613738 0 -0.4415673926)
(0.6907877722 0 -0.3961482582)
(0.7910345571 0 -0.4828296294)
(0.6319442771 0 -0.3291963129)
(0.5183615137 0 -0.2587074632)
(0.6740627189 0 -0.3522118382)
(0.4071119062 0 -0.2047194953)
(0.3342373652 0 -0.1783108763)
(0.4043920281 0 -0.2418551204)
(0.3097914194 0 -0.1910260868)
(0.3320841592 0 -0.2416506384)
(0.3936928893 0 -0.3426231619)
(0.3596921076 0 -0.2838506835)
(0.3665310867 0 -0.2919282006)
(0.4080284687 0 -0.4112561794)
(0.3544806803 0 -0.2709205132)
(0.3393043151 0 -0.2316625485)
(0.3668754958 0 -0.4113276227)
(0.327078554 0 -0.1930894008)
(0.2957997378 0 -0.1589379027)
(0.3400782927 0 -0.262721404)
(0.2391702486 0 -0.1257029645)
(0.2359038679 0 -0.124658945)
(0.2246986056 0 -0.1244539254)
(0.2640449701 0 -0.1351434547)
(0.315057109 0 -0.1459483761)
(0.2866978446 0 -0.1476269604)
(0.3741036886 0 -0.1454206839)
(0.4140824895 0 -0.1714037356)
(0.3508039905 0 -0.188648445)
(0.4508263676 0 -0.2418453909)
(0.5285076338 0 -0.2758189338)
(0.4490099667 0 -0.3318484898)
(0.6495512889 0 -0.1694721241)
(0.6692740037 0 -0.240419017)
(0.6287816284 0 -0.3891692721)
(0.9660468468 0 0.001982373353)
(1.087034801 0 0.8372487141)
(0.9956098729 0 0.828618044)
(0.9239546023 0 0.9677690897)
(0.6312127914 0 0.7628070723)
(0.5362238649 0 0.7013370069)
(0.4128179809 0 0.4980767655)
(-0.6060002522 0 -0.5450069584)
(-0.7079447306 0 -0.691067358)
(-0.7443320971 0 -0.6854748045)
(-0.8364172805 0 -0.7768559586)
(-0.9253064102 0 -0.9257613314)
(-0.9921883891 0 -0.9394947981)
(-1.137386704 0 -1.082240145)
(-1.151962566 0 -1.12138797)
(-1.25332327 0 -1.189085503)
(-1.346604234 0 -1.272409931)
(-1.31833091 0 -1.243562064)
(-1.417051719 0 -1.33220344)
(-1.464625688 0 -1.368019194)
(-1.391264963 0 -1.293301735)
(-1.487870189 0 -1.378632348)
(-1.47558587 0 -1.354834369)
(-1.306896755 0 -1.200191683)
(0.3165935874 0 -0.1003360049)
(-0.2063021409 0 0.01191676326)
(-0.2003155494 0 0.0227969144)
(0.5108691248 0 -0.2984861986)
(0.458400934 0 -0.2426347885)
(0.5710724107 0 -0.3117618382)
(0.3867796396 0 -0.1987242711)
(0.3308673729 0 -0.1743652602)
(0.3967080517 0 -0.2008662711)
(0.3007183753 0 -0.1640137793)
(0.2875644697 0 -0.1608627297)
(0.3007378575 0 -0.1639551712)
(0.2843857235 0 -0.1633807378)
(0.2896641686 0 -0.1731958112)
(0.2959599278 0 -0.1845688258)
(0.301281968 0 -0.1886200864)
(0.3094931175 0 -0.1967339859)
(0.3304714092 0 -0.2260683206)
(0.3074004014 0 -0.18768463)
(0.2973402224 0 -0.1707974158)
(0.3207589447 0 -0.1918031338)
(0.2791101374 0 -0.151135903)
(0.2547803078 0 -0.1319286197)
(0.2733027645 0 -0.1429760476)
(0.2398049414 0 -0.1218752012)
(0.2486846709 0 -0.1221377243)
(0.2433292113 0 -0.1239828642)
(0.2805385912 0 -0.127842861)
(0.3322186952 0 -0.1304372882)
(0.3274681571 0 -0.139028161)
(0.3939171974 0 -0.1190784498)
(0.4504570861 0 -0.1129195112)
(0.4411752928 0 -0.1484313388)
(0.5325644421 0 -0.1545335516)
(0.7261578545 0 -0.1616394832)
(0.6228591873 0 -0.2640888216)
(1.137976807 0 0.1948815999)
(0.9069314624 0 0.1686256687)
(0.755740256 0 -0.041461403)
(1.062766139 0 0.4691236558)
(1.062070831 0 0.6849082913)
(1.085637806 0 0.7771184021)
(0.9387611979 0 0.726565185)
(0.7433286787 0 0.6648754309)
(0.7076064609 0 0.7342123362)
(0.5593948088 0 0.5662663511)
(0.4880239212 0 0.5819624132)
(0.4664039632 0 0.6587800758)
(0.3781131621 0 0.6160411001)
(0.1390637853 0 0.342638194)
(-0.6790535061 0 -0.6071873634)
(-0.6383319985 0 -0.5680836851)
(-0.9106786069 0 -0.8605909495)
(-1.059301742 0 -1.006758929)
(-1.133271569 0 -1.080778829)
(-1.311550783 0 -1.251707989)
(-1.346852017 0 -1.279004507)
(-1.446243522 0 -1.377705894)
(-1.539766023 0 -1.460315335)
(-1.513334417 0 -1.422821511)
(-1.600662492 0 -1.504784704)
(-1.645362865 0 -1.518858468)
(-1.583418355 0 -1.45584149)
(0.2768685734 0 -0.1570583291)
(0.276163859 0 -0.158461247)
(0.2805296207 0 -0.1593353562)
(0.2774030583 0 -0.1614586253)
(0.2792711008 0 -0.1665447395)
(0.2863125404 0 -0.1706120955)
(0.2785045108 0 -0.1697592609)
(0.272671108 0 -0.1655785102)
(0.2917811667 0 -0.1803974781)
(0.2634754817 0 -0.1538222211)
(0.252178516 0 -0.1400973139)
(0.2732281592 0 -0.1538510658)
(0.2406936488 0 -0.1276678986)
(0.2341409894 0 -0.1194659432)
(0.2422810434 0 -0.1244291537)
(0.2386021163 0 -0.1169323187)
(0.2544990546 0 -0.1170041384)
(0.2524924615 0 -0.1196961079)
(0.2854622956 0 -0.1181420388)
(0.3321428694 0 -0.114973832)
(0.3334202419 0 -0.1222657217)
(0.3947463435 0 -0.100411344)
(0.4709413418 0 -0.0689365602)
(0.4593267206 0 -0.08329453039)
(0.6461465104 0 -0.004433059897)
(0.9970663372 0 0.2554136552)
(0.8835565587 0 0.07585185202)
(1.284983983 0 0.2562439359)
(1.134396694 0 0.3313391446)
(1.050873653 0 0.2963824012)
(1.073961019 0 0.4344373715)
(0.9777075664 0 0.5007343396)
(1.023093726 0 0.5866729816)
(0.858970924 0 0.5201585451)
(0.7300884048 0 0.5091978707)
(0.7452287616 0 0.5826000163)
(0.605168035 0 0.4816196973)
(0.5046338563 0 0.466315373)
(0.5007200054 0 0.5188311395)
(0.4068858209 0 0.4564460786)
(0.2894682402 0 0.4215001407)
(0.2469446818 0 0.4437520065)
(0.1906109761 0 0.3535296514)
(0.1892745857 0 0.4230347367)
(-0.6211518194 0 -0.5642864269)
(0.2176836818 0 0.5486386269)
(0.3250137054 0 0.6255256902)
(-1.198735216 0 -1.148377956)
(0.261398897 0 -0.1542720434)
(0.25663622 0 -0.1542638178)
(0.2695180357 0 -0.1609417436)
(0.2481363801 0 -0.1507186927)
(0.2391178232 0 -0.1423665325)
(0.254359565 0 -0.1524350487)
(0.2304155644 0 -0.1321666087)
(0.2238195368 0 -0.1231075996)
(0.2356651551 0 -0.1299643183)
(0.2203534064 0 -0.1165336872)
(0.2229918674 0 -0.112946441)
(0.2281349971 0 -0.1158828042)
(0.2332348356 0 -0.1115364408)
(0.2514312012 0 -0.1106099914)
(0.2542152096 0 -0.114049019)
(0.280205324 0 -0.1086194541)
(0.322406961 0 -0.1021597296)
(0.3284261008 0 -0.108400489)
(0.3838028104 0 -0.0873060718)
(0.474521346 0 -0.05803151609)
(0.4772546084 0 -0.06214530617)
(0.6962067269 0 -0.005026219036)
(1.218503666 0 0.2748898563)
(1.110576992 0 0.2922861501)
(1.316397705 0 0.2524761267)
(1.159982556 0 0.3024442986)
(1.162962173 0 0.3219062174)
(1.02103671 0 0.3483529385)
(0.9015397922 0 0.3825277595)
(0.935622285 0 0.433140326)
(0.7935543972 0 0.3997776512)
(0.6874372505 0 0.4022790354)
(0.7091210139 0 0.4496137761)
(0.5852202399 0 0.3955815269)
(0.4959317787 0 0.3885323112)
(0.5020970683 0 0.4234780117)
(0.4156058102 0 0.3808113945)
(0.3368180918 0 0.3657129518)
(0.3197035631 0 0.3908940115)
(0.2729657675 0 0.343158258)
(0.2180770589 0 0.3078867586)
(0.2033046615 0 0.3409704702)
(0.2087717405 0 -0.1108690985)
(0.2126943069 0 -0.1077459009)
(0.2182989727 0 -0.1102537735)
(0.2220609388 0 -0.1044922008)
(0.2395461215 0 -0.1017221073)
(0.24649102 0 -0.1064827359)
(0.26679526 0 -0.09801437556)
(0.3064487756 0 -0.0901426253)
(0.3148110109 0 -0.09600366555)
(0.3651339618 0 -0.07629521163)
(0.4552813703 0 -0.05300350348)
(0.4662063309 0 -0.05512153434)
(0.7358225688 0 -0.01939888649)
(1.294196228 0 0.2516976762)
(1.283085872 0 0.2630709606)
(1.308015387 0 0.2499896141)
(1.114780702 0 0.2701060539)
(1.140975056 0 0.2844031163)
(0.964839242 0 0.2935888237)
(0.8472366167 0 0.3143089011)
(0.8738858206 0 0.3444843346)
(0.7470150788 0 0.3282422395)
(0.6518800992 0 0.3356261258)
(0.6677253463 0 0.364880203)
)
;

boundaryField
{
    dominio_ascii
    {
        type            zeroGradient;
    }
    wallFilmFaces_top
    {
        type            fixedValue;
        value           uniform (0 0 0);
    }
    region0_to_wallFilmRegion_wallFilmFaces
    {
        type            slip;
    }
}


// ************************************************************************* //
