/*--------------------------------*- C++ -*----------------------------------*\
| =========                 |                                                 |
| \\      /  F ield         | OpenFOAM: The Open Source CFD Toolbox           |
|  \\    /   O peration     | Version:  2.1.x                                 |
|   \\  /    A nd           | Web:      www.OpenFOAM.org                      |
|    \\/     M anipulation  |                                                 |
\*---------------------------------------------------------------------------*/
FoamFile
{
    version     2.0;
    format      ascii;
    class       volScalarField;
    location    "2.3";
    object      deltaf;
}
// * * * * * * * * * * * * * * * * * * * * * * * * * * * * * * * * * * * * * //

dimensions      [0 1 0 0 0 0 0];

internalField   nonuniform List<scalar> 
2828
(
8.782370102e-07
3.103247762e-06
5.195076415e-06
7.518653725e-06
2.167720094e-06
2.786632287e-06
2.375706879e-06
2.154881696e-06
1.9721394e-06
5.901562042e-07
1.806731896e-06
9.790926729e-07
1.041032067e-06
8.356217221e-07
4.169154888e-07
2.266697572e-06
8.89479248e-06
6.627448933e-06
5.624185429e-06
1.959425534e-06
1.78351142e-06
1.65892687e-06
1.704182755e-06
2.997775243e-07
7.0090185e-07
1.580692902e-06
9.034047233e-07
4.017954221e-07
2.795168424e-07
1.737395875e-06
7.039851771e-06
1.435425666e-05
1.744741105e-05
1.320731733e-06
3.525790366e-06
2.844123695e-06
1.357985792e-06
1.269346295e-06
1.122962282e-06
1.366457454e-06
3.339524657e-07
1.182698298e-07
6.270035658e-07
2.356890644e-07
1.565931771e-07
1.321917112e-07
1.296480641e-06
4.495990766e-06
8.156475232e-06
9.659742554e-06
6.759293953e-06
4.282878468e-06
2.901414662e-08
2.888057959e-07
1.370120325e-06
1.36342391e-06
7.650503803e-07
7.497869335e-07
5.194509497e-07
8.220093715e-07
3.797905155e-07
2.106730919e-08
3.509624749e-08
2.471873359e-08
3.371004979e-08
5.324298464e-08
9.078742597e-07
2.518656666e-06
3.851460287e-06
4.106272542e-06
2.247061956e-06
1.422608018e-06
1.019871605e-06
6.91545051e-11
1.583297978e-09
2.48881715e-10
5.565047829e-11
2.805380121e-07
1.412828547e-07
2.473968129e-07
2.634217369e-08
9.747679005e-08
1.449599422e-07
4.836068544e-09
2.23034865e-09
3.581001989e-09
7.461595898e-09
4.033301926e-08
4.66500548e-07
1.043636524e-06
1.335907371e-06
1.123064329e-06
2.813452546e-07
2.723671537e-07
1.241603546e-06
2.689675194e-06
2.130378218e-08
9.433406642e-10
8.205857311e-11
6.397920661e-12
5.322934562e-13
3.259320275e-12
4.698231718e-15
6.522259998e-16
1.441376528e-16
2.218397364e-17
7.077398962e-10
6.35702694e-09
5.731436192e-10
1.544938561e-08
4.962527754e-09
1.73846338e-08
4.182018391e-08
3.518504677e-08
2.673912518e-08
5.018307153e-08
3.695907719e-07
1.402628353e-06
2.678357029e-06
4.108188696e-06
0.0001235333558
0.0416577575
0.02434447768
0.01057140276
0.004070637322
0.001469055592
0.0005105983131
0.000174301948
5.961501985e-05
2.076324545e-05
7.319896361e-06
2.501242768e-06
6.511604607e-07
4.443633157e-08
4.14370356e-09
7.345574738e-07
3.352618912e-07
2.842135983e-08
1.360531555e-08
1.677471422e-08
1.281265718e-07
8.600633278e-07
1.702074329e-06
2.553518039e-06
3.460492384e-06
4.696845003e-06
0.003712384735
0.01921697088
0.0266282358
0.02135494882
0.01316206214
0.006948559908
0.003314103895
0.001473128973
0.0006232354985
0.000255059256
0.0001023505231
4.071172492e-05
1.614057993e-05
6.322991214e-06
2.330455477e-06
6.805446744e-07
7.951094459e-08
4.355637061e-09
9.039461563e-09
1.030942917e-08
1.168515396e-07
7.384680887e-07
1.417985913e-06
2.03025939e-06
2.603681162e-06
3.1634444e-06
4.146196013e-06
0.01164429525
0.005583734766
0.009014071116
0.01799768888
0.02181621496
0.01927251993
0.01387206984
0.008665364448
0.004882127229
0.002544867303
0.001249814249
0.0005864831712
0.0002660623988
0.0001178874937
5.145683381e-05
2.224389005e-05
9.496406666e-06
3.911823693e-06
1.43561075e-06
3.645253783e-07
2.642797106e-08
2.724734251e-08
2.997098439e-07
8.73856912e-07
1.244383408e-06
1.522033259e-06
1.839689511e-06
2.659685508e-06
0.01163057779
0.01157960168
0.008290065773
0.01212776118
0.01746683813
0.01969857702
0.01805032528
0.01410843379
0.009757837094
0.006132100187
0.003570047159
0.001954118514
0.00101765921
0.0005092988397
0.0002471306704
0.0001172124401
5.470331047e-05
2.521819515e-05
1.145689389e-05
5.048083557e-06
2.052123963e-06
6.643028096e-07
1.069107988e-07
6.402725695e-08
1.587785219e-07
1.69538042e-07
3.589949204e-07
5.797587787e-07
0.01162111027
0.01162349832
0.01055253581
0.01058199108
0.01400487829
0.01750603999
0.01880832219
0.01745398892
0.01429603851
0.01055580271
0.007151665462
0.004509912126
0.002678044869
0.001512172399
0.000818812477
0.0004284376221
0.0002181414037
0.0001087500508
5.334360136e-05
2.580460098e-05
1.22769155e-05
5.668525267e-06
2.445149068e-06
8.870933313e-07
2.001895771e-07
7.253452638e-08
4.056975607e-07
1.631281009e-07
2.463902759e-07
0.01160914863
0.01160293559
0.01155706785
0.0113091112
0.01292425249
0.0156536144
0.01799260336
0.01864321628
0.01733058603
0.01458452787
0.01124447673
0.008034668378
0.00537565891
0.003397958578
0.002045199992
0.00118044604
0.0006575420518
0.000355571476
0.0001876729019
9.714107482e-05
4.948164075e-05
2.483454428e-05
1.224336454e-05
5.858848048e-06
2.634737123e-06
1.022210723e-06
2.812497529e-07
8.638958978e-08
6.320900841e-07
0.0116000487
0.01159819311
0.01155335375
0.01136494414
0.0109062678
0.01012342886
0.01337021721
0.01633731913
0.01833750432
0.018737312
0.01747507411
0.01498339409
0.01191022699
0.008849346105
0.006192878222
0.004110328756
0.00260380675
0.001583379943
0.0009291724364
0.0005288038931
0.0002932312321
0.0001591184156
8.481206343e-05
4.452270961e-05
2.303628122e-05
1.171321214e-05
5.79264004e-06
2.715325507e-06
1.140037534e-06
4.042840495e-07
0.0115893979
0.0115578313
0.01133681462
0.01071513485
0.009615744709
0.008149761298
0.007029744088
0.01130759674
0.01529066374
0.01782361377
0.01854298785
0.01757382232
0.01537739113
0.01254610503
0.009619687331
0.006978284766
0.004817640541
0.003182025957
0.002020330932
0.001238589853
0.0007363117686
0.0004261930025
0.0002411472767
0.0001338796208
7.317192284e-05
3.947145857e-05
2.10423604e-05
1.107818661e-05
5.73128122e-06
2.835122187e-06
0.01157517402
0.01136825448
0.01048753184
0.00889686007
0.006960251812
0.005078169635
0.00349514984
0.003895787331
0.008478098533
0.01315108095
0.01643634971
0.01781221766
0.01738624815
0.0156180084
0.01308747537
0.01032706097
0.007728542327
0.005516732013
0.003774255735
0.002485466929
0.001581716339
0.0009764084533
0.0005868412612
0.0003446577746
0.000198524472
0.0001125500146
6.30168173e-05
3.49464024e-05
1.920200056e-05
1.031603036e-05
0.01155963883
0.01031460191
0.007745088844
0.005167465332
0.003187162216
0.001860279669
0.001043369667
0.0004240478699
0.002456742091
0.006569256975
0.01114558727
0.01477586042
0.01671919737
0.01689048474
0.01563401529
0.01347573948
0.01093680299
0.008424298301
0.006195715223
0.00437201491
0.002972433489
0.001954376872
0.001247089802
0.0007749307311
0.0004705111152
0.0002800778134
0.0001639991872
9.477970094e-05
5.426862313e-05
3.08551957e-05
0.01154881657
0.005314875336
0.002242644263
0.0009632743628
0.000418524556
0.0001840953913
8.280056654e-05
2.5455595e-05
0.0003966680388
0.002225328027
0.005623029577
0.009695400298
0.01327333662
0.01553324214
0.01619873182
0.01544493184
0.01369419447
0.01142472931
0.009044914845
0.006839088159
0.004964024307
0.003473340903
0.002351506527
0.001545589729
0.0009893560238
0.0006186016667
0.0003788491597
0.0002278143522
0.000134829727
7.912531735e-05
0.0003953699957
0.0002999607273
0.0001970389861
0.0001216409179
7.760601975e-05
6.048977151e-05
6.673303905e-06
4.746929187e-05
0.0005675802373
0.002193889049
0.005072804863
0.008647015516
0.01201378815
0.01439864788
0.01542030708
0.01510553994
0.01375630623
0.01178307942
0.009575599527
0.0074318591
0.005537808225
0.003978878859
0.002766731526
0.001867898389
0.001227882145
0.0007878264002
0.0004942793141
0.000303444779
0.0001825030869
0.000340085442
0.000134236289
5.410222643e-05
2.805123246e-05
2.635081073e-05
4.458524957e-05
8.92501659e-05
6.249046725e-06
0.0001223993541
0.0007060123518
0.002203874173
0.004746454905
0.007960555677
0.01114357637
0.01359914857
0.01489545584
0.01494650309
0.01394587261
0.01223577945
0.0101821119
0.008090968733
0.006171155961
0.004536579241
0.003226360711
0.002227090779
0.001496195363
0.0009805833818
0.0006288515809
0.0004047181976
0.0001269397875
2.345721072e-05
1.122856135e-05
2.902358235e-05
4.93599598e-05
7.169698145e-05
0.0001302013278
4.478587498e-06
7.113106269e-05
0.002043547955
0.01561463211
0.05823411423
0.1394763358
0.2478688072
0.3584812838
0.451062167
0.5190463409
0.5658619378
0.5978413923
0.6200194343
0.5532086227
0.3930623888
0.2583805009
0.1594552797
0.09302177188
0.05160675694
0.02739868073
0.01392137687
5.203463475e-08
2.207469661e-05
4.778043117e-05
5.965632236e-05
6.876279574e-05
0.000179655841
1.976248226e-06
6.639247294e-05
0.001629276898
0.008882274349
0.02335213826
0.0388138079
0.04681199693
0.04446067562
0.03508376478
0.02388330535
0.01440789137
0.007846048818
0.003905498537
0.002069093997
0.04987619713
0.112712673
0.1616323293
0.1835537236
0.1787112882
0.1549571498
0.1316437123
2.006623486e-09
5.164198812e-05
6.134242218e-05
5.395912781e-05
5.137114311e-05
0.0001039363169
0.0001573680076
0.0001781452811
0.003607546418
0.01598154518
0.03462159441
0.04809325275
0.04910506708
0.03993361485
0.02726370482
0.01621601872
0.008615317587
0.004151979564
0.00183373963
0.0007489908682
0.000317621934
0.007144614258
0.02566660043
0.05415305877
0.08656267592
0.1153229829
7.802615509e-05
4.394328849e-05
3.472777576e-05
4.481521098e-05
5.899685733e-05
5.86764707e-05
0.0004942956653
0.007757728101
0.02718736305
0.04744854785
0.05403363283
0.04594003364
0.03154228703
0.01842514227
0.009494954558
0.004406577424
0.001860360245
0.0007204653143
0.0002590199511
8.789620722e-05
2.411483865e-05
0.001477127887
0.006348561036
0.01643529595
0.02921640879
2.508773144e-10
4.174257536e-05
3.301530567e-05
5.323252939e-05
5.515495194e-05
3.646848001e-05
0.001384937487
0.01602787362
0.04299050602
0.05870833666
0.05347531709
0.03708055586
0.02113371639
0.01043603374
0.004617949145
0.001846868079
0.0006688906146
0.0002219001076
6.890774947e-05
2.057443063e-05
3.810126046e-06
4.719077534e-05
0.0004348162227
0.001830475771
1.951985413e-08
4.306242018e-05
6.080951923e-05
3.974909797e-05
1.74934694e-05
0.003888391089
0.03135218869
0.06154463643
0.06318743989
0.04457324978
0.02456345244
0.01140846346
0.004726933709
0.001784743791
0.0005968535947
0.0001770064756
4.822884855e-05
1.257763109e-05
3.196317117e-06
6.00855599e-07
1.269875488e-06
2.213594735e-05
0.0001455136334
3.585006018e-05
1.043596334e-05
2.168584233e-06
0.01090831157
0.05678128689
0.07618031913
0.05543702601
0.02900144912
0.01231148342
0.004607245815
0.001641528672
0.0005308703436
0.000131737843
2.805491318e-05
5.750964521e-06
1.105197774e-06
1.261435384e-07
4.762617769e-08
1.423540765e-07
1.068049288e-16
8.560289632e-16
0.03052792379
0.09170454129
0.07402063383
0.03473215546
0.01272714041
0.004056388298
0.001302780218
0.0005179854374
0.0001560499376
1.107251703e-05
8.23287153e-07
3.617017555e-08
2.442694796e-08
3.815028564e-08
7.852202057e-08
1.629859024e-06
0.08511237986
0.1238795102
0.04240390238
0.01089371974
0.002682766335
0.0007517941342
0.0004525826591
0.0007194638308
0.0005151256409
8.775431936e-11
6.251394741e-11
5.632225131e-09
1.726138651e-08
9.119274892e-08
3.504921736e-05
0.000303531733
0.000639964034
0.001699682428
0.001583802556
0.001172530538
3.662837339e-10
4.298067648e-10
2.441534328e-06
2.459827799e-06
2.531944368e-06
2.423326249e-06
1.592005738e-06
1.570794667e-06
8.059946645e-07
1.773820634e-06
2.250486963e-06
2.755558897e-06
4.436306034e-06
7.047279572e-06
2.514679561e-06
4.157499594e-06
9.961973461e-06
3.227627531e-06
2.366675314e-06
4.940460967e-06
1.149718944e-06
5.920795753e-07
4.612255695e-07
3.27137797e-07
1.827046636e-06
6.47733438e-06
4.935425251e-06
2.813257599e-06
8.816252591e-07
8.811158164e-07
1.958045765e-06
1.878840596e-06
2.245225686e-06
2.034478533e-06
4.709387348e-06
5.233729058e-06
8.368661032e-06
1.376071449e-05
1.355494247e-05
1.776281062e-05
1.957943252e-05
4.19552043e-06
5.313857586e-06
4.5589557e-06
6.878368768e-06
1.338854703e-05
1.191245822e-05
1.481535785e-05
9.342369104e-06
6.302725338e-08
2.117435654e-07
4.459326057e-07
9.231129317e-07
1.873221445e-06
3.127361134e-06
4.110166416e-06
3.078435733e-06
5.453902864e-06
2.705211533e-06
2.184749728e-06
3.885550163e-09
2.475325413e-09
1.477609008e-08
6.806111607e-07
1.020660522e-06
9.689087645e-07
3.62968773e-08
1.474438085e-11
3.944723743e-06
4.792994672e-06
0.08362775806
0.04642304891
0.02480345732
3.506614955e-09
3.862720141e-06
4.865942269e-06
5.354037935e-06
5.515287097e-06
0.0008068057537
0.01797252532
0.03746361688
3.77039102e-06
4.566965775e-06
5.13230248e-06
0.0116526575
0.01163806851
3.402239586e-06
0.01163908003
0.01164029332
0.01164772252
1.6302472e-06
1.784362237e-06
2.67008307e-06
0.0116214182
0.01162443056
0.01162652088
0.01163345097
1.164263479e-07
2.221855547e-07
1.282389746e-06
2.399890847e-07
0.01161474083
0.01161975398
5.437471561e-07
0.01160108648
0.01160360381
0.01160839454
1.716696284e-07
4.537827642e-07
0.01159556773
0.01159395627
0.01160067426
1.253235482e-06
7.02109419e-07
1.85359352e-07
0.01158243745
0.01156693904
0.01158407052
5.596133919e-06
3.607517659e-06
1.727291693e-06
0.01156761518
0.01143923084
0.01153071079
1.818284765e-05
1.278418132e-05
6.971137969e-06
0.01155150103
0.0104351292
0.01118380188
5.051559816e-05
3.736633212e-05
2.237933917e-05
0.0001099442683
0.008279670975
0.0001198451081
6.051809279e-05
0.0004565136404
0.0004184015061
0.0002753652984
0.0005056178885
2.239374934e-10
1.408472715e-05
0.0002137154943
0.001487189186
0.001181087806
0.00050143387
7.631521237e-07
1.977318927e-06
5.851850162e-05
0.06216142468
0.04815043191
0.01024929189
4.45910162e-06
4.930601429e-06
0.1521107858
1.57367994e-08
6.286953509e-05
3.08228783e-05
0.06815411431
0.07954931286
0.1219206354
0.0001348385797
1.68185901e-11
1.852568339e-05
5.313071892e-05
0.005642971969
0.005755011482
0.02402214421
7.791465808e-05
3.905233244e-05
0.0004074931964
0.002494927991
8.587049499e-09
3.071812509e-09
2.62229034e-06
3.769116334e-05
9.526318255e-09
7.095757881e-05
2.826207603e-09
6.541532136e-13
1.904174215e-05
3.570576475e-08
4.119965209e-08
4.435800157e-08
7.8590027e-08
2.89747061e-07
2.861918643e-16
1.897574369e-31
3.309242005e-19
1.17720121e-17
2.961743267e-08
3.858967626e-08
6.112203019e-08
4.355511418e-07
0.1309443662
0.131229936
0.1131089
0.1312012857
0.0467678355
0.07818931173
2.181467868e-10
7.839444485e-10
1.21940849e-09
3.172021507e-09
6.343536378e-09
1.17090883e-08
2.302560709e-08
3.884104353e-08
2.205093421e-06
0.001898858091
0.0003537208869
0.001997438148
0.001975980051
0.000370301456
0.001864640543
0.001777944815
0.001277442044
0.001712694468
0.001665098967
0.001648958765
0.001627081312
0.001596048587
0.001462371464
0.001581761116
6.171463129e-10
3.789986414e-10
1.920523923e-06
1.951224475e-06
2.155112195e-06
1.879432695e-06
1.195681564e-06
1.283546788e-06
4.204159489e-07
9.426816452e-07
1.369728597e-06
9.802205687e-07
8.831972466e-07
1.77523152e-06
5.092333362e-07
2.363710398e-07
1.287180305e-06
1.462077123e-07
1.749875346e-07
8.700779711e-07
3.639936543e-07
4.121099365e-07
5.828698803e-07
3.512986893e-07
1.907713422e-07
2.751713639e-07
3.748431714e-06
2.832812886e-06
3.455246136e-06
1.674464295e-06
5.455894301e-07
6.884328222e-07
1.522544645e-06
1.407489596e-06
1.668645017e-06
1.396540352e-06
1.415697751e-06
1.685108204e-06
1.547646003e-06
1.012312655e-06
1.090293503e-06
2.7463876e-07
2.905629307e-07
5.774703814e-07
3.393174195e-07
1.014000991e-06
1.525929503e-06
1.135700309e-06
1.844230101e-06
2.175088002e-06
5.210829846e-07
3.456721687e-07
5.306045648e-07
2.716521332e-07
2.27185239e-07
3.263233032e-07
2.021690502e-07
9.296810699e-08
1.334163741e-07
1.503576927e-06
3.384951099e-06
4.03569895e-06
5.70754817e-06
8.378352264e-06
1.065069025e-05
1.107438019e-05
1.309220354e-05
1.771624928e-05
2.322370134e-06
2.350412187e-06
3.358079035e-06
2.036820977e-06
1.643276369e-06
2.19610754e-06
1.060773196e-06
3.552505622e-07
4.31287404e-07
1.006006838e-06
8.726121315e-07
1.148151063e-06
8.326306872e-07
7.968041323e-07
1.12111064e-06
1.134530676e-06
8.749531245e-07
9.492244644e-07
3.865438777e-07
1.086205958e-07
1.654677632e-07
4.693869621e-08
1.794539093e-07
5.390081632e-07
2.110952486e-07
1.25519599e-07
4.331595855e-07
8.796822792e-08
7.788289097e-08
1.847567687e-07
7.575312464e-08
7.832513146e-08
1.402894889e-07
8.185803912e-08
5.33994509e-08
6.613672126e-08
1.100366473e-06
2.250754057e-06
2.793097069e-06
3.434241194e-06
4.625733321e-06
6.342717641e-06
5.745596057e-06
6.54445219e-06
9.497093842e-06
6.530949243e-06
5.499514693e-06
8.369979345e-06
4.900420448e-10
2.669682148e-10
8.127869589e-08
3.707718588e-08
3.351127312e-07
9.26646361e-07
5.895856106e-07
9.463786238e-07
1.563046165e-06
7.833272316e-07
6.731835405e-07
1.142804834e-06
4.445014463e-07
3.725151811e-07
3.653646911e-07
5.264955615e-07
2.636141068e-07
5.735704454e-07
2.102837532e-07
1.46951269e-07
4.505155844e-07
4.355499036e-07
5.057189785e-07
7.399728351e-07
3.016582849e-07
2.758545046e-08
5.92103848e-08
9.381623267e-09
9.547174744e-09
3.801781142e-08
6.883806979e-09
5.71401e-09
2.656826836e-08
6.674378641e-09
9.105066681e-09
2.743507883e-08
1.518479566e-08
2.384937066e-08
4.248806096e-08
4.105112303e-08
9.849715935e-08
6.117260729e-08
7.078679068e-07
1.274819529e-06
1.749112164e-06
1.731580839e-06
2.106766661e-06
3.225619111e-06
2.413123212e-06
2.575771204e-06
4.260606727e-06
2.344862471e-06
1.644678778e-06
3.24960657e-06
9.657852092e-07
6.619268886e-07
1.645979346e-06
6.092034543e-07
5.78343119e-07
1.169601746e-06
1.548319298e-06
3.119895156e-08
9.044843781e-09
4.220369812e-09
1.011858331e-09
1.440429241e-09
7.866048137e-11
1.537249753e-11
7.205744948e-11
7.156237062e-12
1.010085739e-11
4.623996887e-07
1.069225729e-08
2.108602884e-08
2.421528424e-07
1.74943933e-08
3.317736015e-09
1.431045694e-07
1.52416469e-09
4.108581248e-10
4.536133738e-08
1.306348923e-10
5.597054917e-11
1.32908563e-08
1.642101154e-09
2.129166045e-08
2.097944005e-07
2.25403127e-08
9.162154513e-09
1.225578088e-08
4.446125867e-09
1.598250255e-09
3.053043504e-09
1.077916103e-09
2.090712693e-09
2.120400272e-09
6.996228734e-09
4.542928014e-09
3.844491341e-09
4.928870692e-09
1.013701827e-08
1.45492456e-08
3.958502497e-08
1.520727932e-07
1.635694247e-07
1.630541157e-07
3.341793877e-07
8.049977252e-07
4.323668943e-07
4.889516409e-07
1.213341667e-06
5.208463141e-07
4.832754043e-07
1.360065602e-06
3.841121929e-07
3.019902197e-07
6.467763731e-07
2.79728102e-07
4.278698715e-07
1.621908009e-07
8.244626769e-07
1.421621218e-06
6.607197264e-07
2.152668889e-06
2.98617083e-06
1.921001027e-06
0.01330164202
0.007142328407
2.667835579e-10
0.003834881421
0.002058702009
2.383028978e-11
0.001105255274
0.0005937497273
1.828944385e-12
0.0003194131013
0.0001722744037
1.586999327e-13
9.334745135e-05
5.097230539e-05
1.442754973e-14
2.817473271e-05
1.584710987e-05
1.656414468e-15
9.100834524e-06
5.313855117e-06
2.91447642e-16
3.092131719e-06
1.709779741e-06
6.93917563e-17
8.187232013e-07
2.885141738e-07
3.766465398e-12
5.601317064e-08
3.354264993e-09
3.07618569e-08
3.446713258e-11
1.173786726e-12
1.36095534e-09
2.37110391e-13
1.371025144e-08
3.035694413e-09
2.140632614e-08
1.151928519e-08
9.312686127e-09
3.75055527e-09
5.548178614e-09
8.247355634e-09
4.404505487e-08
3.039467664e-08
2.19100679e-08
3.258565014e-08
2.791043102e-08
4.200026597e-08
2.49993074e-08
2.379920731e-08
2.995728683e-08
2.51562729e-08
3.505024385e-08
2.894313875e-08
8.013878204e-08
2.676731427e-07
1.325706484e-07
6.843464204e-07
1.185493487e-06
8.236380737e-07
1.692789116e-06
2.204828971e-06
2.025659544e-06
2.729160608e-06
3.280525534e-06
3.374379127e-06
0.0291331281
0.0314442659
0.03386446121
0.02822082214
0.02277021905
0.01637994857
0.01713696598
0.01227798288
0.006629134337
0.008480232671
0.00569379068
0.002460285314
0.003738027839
0.002410057273
0.0008690655056
0.001531179989
0.0009612906126
0.0002986427231
0.000597838137
0.000369121954
0.000101780325
0.0002267444894
0.0001388554421
3.509041253e-05
8.491190083e-05
5.191999143e-05
1.232912747e-05
3.177310477e-05
1.946623129e-05
4.319710437e-06
1.193112521e-05
7.292545869e-06
1.369527733e-06
4.413404601e-06
2.61062798e-06
2.327572783e-07
1.469465295e-06
7.436018212e-07
3.280004575e-09
3.028987103e-07
9.617567942e-08
3.159601481e-07
6.034840346e-08
8.90466028e-08
8.798999891e-07
3.696329265e-08
2.09658601e-08
8.719456933e-08
1.158049505e-08
9.256194357e-09
1.588189574e-08
8.702364732e-09
9.04334798e-09
1.393285844e-08
1.144697148e-08
2.490441046e-08
3.137135641e-08
1.618186716e-07
4.708228328e-07
4.432504179e-07
8.43258065e-07
1.217224395e-06
1.282518833e-06
1.584178248e-06
1.946392435e-06
2.123812422e-06
2.307051346e-06
2.669951331e-06
2.994293853e-06
3.032991051e-06
3.41992917e-06
3.939384579e-06
0.003906690458
0.006601043627
0.01026323264
0.01265095276
0.01859688006
0.02504467605
0.02247614748
0.0237187647
0.02491314018
0.02270139566
0.02019260293
0.01717579954
0.01696794447
0.01362581865
0.009710523414
0.01054473261
0.007913851119
0.004849044334
0.005787958052
0.004141178255
0.002225806392
0.002907711313
0.002008907626
0.0009630754982
0.001368739961
0.0009214798397
0.0003999926034
0.0006140935001
0.0004057618234
0.0001618482819
0.0002662281921
0.0001736997439
6.458741497e-05
0.0001128400154
7.307189261e-05
2.564625819e-05
4.721197149e-05
3.045202039e-05
1.013321806e-05
1.960848693e-05
1.25932554e-05
3.892180272e-06
8.047738216e-06
5.09364858e-06
1.324017756e-06
3.16492563e-06
1.898071606e-06
2.874246312e-07
1.064107945e-06
5.272171399e-07
1.32220763e-08
2.056232894e-07
5.090995122e-08
8.692190689e-09
1.196295194e-08
8.719904018e-09
9.018181738e-09
8.735056652e-09
1.216069866e-08
1.937434877e-08
6.266326383e-08
2.620367629e-07
3.876826397e-07
5.716919563e-07
8.965174592e-07
1.087216821e-06
1.194693954e-06
1.457018029e-06
1.731015353e-06
1.691417153e-06
1.907894548e-06
2.32027645e-06
2.114725088e-06
2.320667003e-06
2.891542845e-06
2.553137166e-06
2.806850682e-06
3.851417248e-06
0.008593676862
0.006566602876
0.005560657826
0.007696772046
0.0107774617
0.01371364647
0.01442806207
0.01764152853
0.0208200799
0.01976779916
0.02054919015
0.02115116685
0.02005765778
0.01856997986
0.01669600092
0.01644135327
0.01401244472
0.01112852963
0.01155708372
0.009264577861
0.006576816695
0.007244403971
0.005542143391
0.003554734788
0.004158648643
0.003067442848
0.001795065389
0.002228280403
0.001596855258
0.0008603715418
0.001130658971
0.0007920935044
0.0003964300141
0.0005497455635
0.0003784616048
0.0001775221535
0.0002587370007
0.0001758532276
7.79964964e-05
0.0001189449036
8.013914498e-05
3.386950903e-05
5.382285843e-05
3.605102503e-05
1.45673215e-05
2.408398651e-05
1.603868534e-05
6.140282852e-06
1.063172623e-05
6.994997064e-06
2.426989037e-06
4.544406181e-06
2.88924007e-06
7.796337483e-07
1.770049606e-06
1.015434877e-06
1.238908916e-07
5.210857501e-07
2.182828875e-07
1.135085778e-08
5.970029766e-08
1.362529534e-08
9.334029454e-08
8.140075501e-08
2.749304339e-07
6.00521775e-07
4.729616159e-07
5.851966631e-07
1.080976135e-06
6.595487994e-07
7.284597519e-07
1.38685404e-06
8.059721552e-07
9.049526986e-07
1.663596258e-06
1.054370909e-06
1.267039234e-06
2.062712659e-06
0.01162744961
0.01045177853
0.009521655171
0.00939248334
0.00933806909
0.009573234456
0.01086479041
0.01311024121
0.01499189477
0.01545179137
0.01741814468
0.01910060351
0.0186952771
0.01913964623
0.01928858116
0.0187616588
0.01768465571
0.016236646
0.01609487927
0.01419553729
0.01189189411
0.01217349563
0.01017958201
0.00781805151
0.008321327977
0.006664474687
0.004719028301
0.005239541936
0.004050604037
0.002659593469
0.003083992365
0.002315748091
0.001418055788
0.001717153604
0.001258857346
0.0007230970447
0.0009134404657
0.0006567086669
0.0003559572933
0.000468268825
0.0003314901384
0.0001706036716
0.0002331815499
0.0001631329871
8.020912662e-05
0.0001135936251
7.878159543e-05
3.719684403e-05
5.444721347e-05
3.750872107e-05
1.703799541e-05
2.575600035e-05
1.761953825e-05
7.648805013e-06
1.199418435e-05
8.106828961e-06
3.269238328e-06
5.420100917e-06
3.562043725e-06
1.221705839e-06
2.277021116e-06
1.391382533e-06
3.114602526e-07
7.873373627e-07
3.940403885e-07
2.122115298e-08
1.559901256e-07
3.171513409e-08
1.524295851e-07
4.163049287e-08
1.25725064e-07
1.4950615e-07
1.697201223e-07
1.945225651e-07
2.390360239e-07
1.923361194e-07
1.292578038e-07
3.945091776e-07
0.0116154088
0.01161546292
0.01162247888
0.01161399312
0.01160802561
0.01161988806
0.01159152048
0.01105369206
0.01014629852
0.01117764474
0.01186128391
0.0120706627
0.01322949946
0.01487507462
0.01593087039
0.01645746571
0.01771670494
0.01850136268
0.01847876777
0.01865964256
0.01842967479
0.01825887382
0.01734271759
0.01602240388
0.01602105144
0.01442378493
0.01242988039
0.01268052574
0.01090614808
0.008774018473
0.009192441045
0.007605110995
0.005725931831
0.006184737636
0.004950475212
0.003499236774
0.003904981698
0.00303900963
0.002023960209
0.002335842093
0.00177491781
0.001118030671
0.001334583777
0.0009938890419
0.0005945684375
0.0007337046016
0.0005373463806
0.00030663173
0.0003907319837
0.0002823055787
0.0001543750849
0.0002028076122
0.0001449622324
7.630248694e-05
0.0001031527914
7.310850183e-05
3.716622663e-05
5.16249827e-05
3.63255031e-05
1.78445504e-05
2.546618595e-05
1.777795273e-05
8.386255549e-06
1.234533635e-05
8.511523952e-06
3.770403923e-06
5.808168264e-06
3.903080483e-06
1.523095684e-06
2.561474356e-06
1.619635818e-06
4.631718767e-07
9.639825318e-07
5.194007868e-07
4.981345929e-08
2.419632119e-07
7.335825812e-08
3.083421435e-07
1.515948137e-07
4.086970475e-07
2.339539208e-07
3.868216785e-07
4.349322948e-07
2.008724882e-07
0.01160369316
0.01159989564
0.0116082444
0.01158628996
0.01155379692
0.01158859174
0.01149078953
0.01138326678
0.01149817455
0.01117893134
0.01103890161
0.01200003866
0.01224554823
0.01347247979
0.01422148075
0.01483231605
0.0161863064
0.0169761853
0.01736784665
0.01823552987
0.01856980766
0.01869264575
0.01869393603
0.01821267477
0.01824372164
0.01738775407
0.01608552739
0.01620112485
0.01477505188
0.0129373728
0.01320458754
0.0115786251
0.009589298119
0.009973212469
0.008447886898
0.006622431577
0.007044603643
0.00578887322
0.004302159369
0.004692225318
0.003754907907
0.002651167648
0.002969117585
0.00232176714
0.001561306423
0.001796833709
0.001377266033
0.0008846062939
0.001046302421
0.0007883569929
0.0004851572059
0.0005895249636
0.0004377986672
0.0002590256673
0.0003230772336
0.0002370587498
0.000135316023
0.00017304528
0.0001257287395
6.945909688e-05
9.096355513e-05
6.555465226e-05
3.512191015e-05
4.706917109e-05
3.367328033e-05
1.748424559e-05
2.399742482e-05
1.702723126e-05
8.512291997e-06
1.201702378e-05
8.421439219e-06
3.973331851e-06
5.844004595e-06
3.998099345e-06
1.687021071e-06
2.677762716e-06
1.735764595e-06
5.648592829e-07
1.070937253e-06
6.0749636e-07
9.716151956e-08
3.082794102e-07
1.161677224e-07
3.770371963e-07
0.01158425566
0.01155331769
0.01158603536
0.01148189058
0.01134787624
0.01148526816
0.01113094315
0.01081676459
0.01117634723
0.01039936055
0.009881195234
0.01038411579
0.009030930849
0.00872429334
0.01178422581
0.01065067228
0.01259200401
0.01491905355
0.01441848707
0.016023814
0.01750968109
0.01731168375
0.01820968449
0.01875539545
0.01867624469
0.0187026884
0.01829561616
0.01831119939
0.01754958791
0.01634385149
0.01648405441
0.01519108677
0.01347869134
0.01374977513
0.01223532299
0.01034823347
0.01071402755
0.009240450514
0.007455188478
0.007856074071
0.006589287592
0.005076703861
0.005456619833
0.004464581054
0.003289368673
0.0036117225
0.002890755148
0.002040183103
0.002290582559
0.001797973086
0.001217970371
0.001398885379
0.001079424344
0.0007034456528
0.0008265321649
0.0006283815737
0.000394948962
0.0004745869649
0.0003562609701
0.0002165368625
0.0002659508872
0.0001975272751
0.000116405556
0.0001460308204
0.0001075060974
6.156025226e-05
7.884034005e-05
5.761202127e-05
3.20857845e-05
4.19571155e-05
3.04540392e-05
1.646901985e-05
2.202776715e-05
1.587144318e-05
8.274975717e-06
1.138350845e-05
8.118340696e-06
4.002815393e-06
5.747604029e-06
4.030391989e-06
1.792775527e-06
2.790716017e-06
1.897080457e-06
6.862714489e-07
0.01150048628
0.01133938645
0.01148534792
0.01104675878
0.01060349332
0.01108564099
0.01001190977
0.009292983715
0.01022189702
0.008480043892
0.00761189663
0.008916445627
0.006726211374
0.005856020452
0.006971550361
0.004586379089
0.005514518876
0.009059710408
0.007518037918
0.009872693434
0.01343573688
0.01219831575
0.01427377458
0.0167738016
0.01596745673
0.0172065561
0.01841225017
0.01796232221
0.0182409823
0.01824620949
0.0180762799
0.01752236012
0.01659262137
0.01664678298
0.01552390376
0.01400444721
0.01422892858
0.01283309548
0.01106667601
0.01140001191
0.009983415372
0.008247012731
0.008625963754
0.00735882613
0.005832180727
0.006202654467
0.005168818989
0.003935849363
0.004260997928
0.003476836744
0.002547314068
0.002809626574
0.002249739918
0.001588399911
0.00178590257
0.001406184753
0.000958415358
0.001098752738
0.0008523975823
0.000561918722
0.0006568680597
0.0005030555019
0.0003214201817
0.0003830544871
0.0002901459138
0.0001800665582
0.0002187169582
0.0001641543834
9.915172529e-05
0.0001227192018
9.141934585e-05
5.382377614e-05
6.788785417e-05
5.027127902e-05
2.886174751e-05
3.713179765e-05
2.736265696e-05
1.529428694e-05
2.011777377e-05
1.475328354e-05
7.991062288e-06
1.077944446e-05
7.822886927e-06
4.070403086e-06
0.01105457407
0.01038009011
0.01102798249
0.009465369439
0.008398858438
0.009762923903
0.007272372927
0.00616237253
0.007944245741
0.005123550327
0.004189326515
0.005992646003
0.003375481325
0.002684724126
0.004241129018
0.002110841402
0.001430192051
0.002443460161
0.001524329322
0.002917076186
0.006035734905
0.004975512356
0.007357620861
0.01092235199
0.009796433458
0.01207914936
0.01501807053
0.01404866702
0.01560244857
0.01736753684
0.01668733691
0.01729191881
0.01780101948
0.01743783585
0.01717095254
0.01663415641
0.01655304587
0.01565441654
0.01441219008
0.01454764249
0.01330276702
0.01170756678
0.01198380123
0.01064605968
0.00898976331
0.009334715572
0.008084614986
0.006566263785
0.006920862686
0.005859678768
0.004586064785
0.004909650546
0.004073088713
0.003076673751
0.003347448869
0.002726661767
0.001990772886
0.002202313009
0.001764636983
0.001247187024
0.001403312058
0.001108074371
0.0007593259075
0.0008691403906
0.0006775008967
0.0004509286522
0.0005250732787
0.0004047732276
0.0002621551784
0.0003105110879
0.0002371413368
0.000149743177
0.0001803817452
0.0001367168952
8.433180025e-05
0.0001032956832
7.783076236e-05
4.697773614e-05
5.850457767e-05
4.388450054e-05
2.594052665e-05
3.284849235e-05
2.452112537e-05
1.414766533e-05
0.008646874226
0.006818372455
0.009101682772
0.005211282782
0.003898237154
0.006401387075
0.002870229847
0.002087732874
0.004091255057
0.001504008921
0.001075164244
0.002449150807
0.00076388313
0.0005401566185
0.001399068892
0.0003806744991
0.0002671859197
0.0007718081215
0.0001308647935
0.0003408356615
0.001090914634
0.001051211245
0.002289584804
0.004349715472
0.003992115784
0.006021614823
0.008900652853
0.008203161541
0.01035822906
0.01314251728
0.01232935045
0.01399461337
0.01597685713
0.01527344999
0.01612572623
0.01701180277
0.01654698675
0.0165613244
0.0164095291
0.01621358741
0.01556184377
0.01463325279
0.01467071347
0.01360579157
0.01222501876
0.01242928375
0.0111968371
0.009657655079
0.009955975747
0.008745091801
0.007264107082
0.00759373685
0.00652285785
0.005230144699
0.005545810527
0.004669514678
0.003620864292
0.003895615652
0.003221698653
0.002419802488
0.002642368346
0.002150255882
0.001566699429
0.001736834783
0.001393084255
0.0009861184114
0.001110002003
0.0008789665652
0.0006054556947
0.0006919826857
0.0005418296487
0.0003638379935
0.0004221268135
0.0003273407737
0.0002147151647
0.0002527531472
0.0001943995334
0.000124852263
0.0001489953844
0.0001138548895
7.178137679e-05
8.681109764e-05
6.613874401e-05
4.098481681e-05
8.603544575e-05
7.211291853e-05
0.003442026945
5.979226298e-05
4.830246093e-05
0.001467402683
3.809976291e-05
2.952140074e-05
0.0006340940808
2.263276486e-05
1.731095503e-05
0.000277060093
1.334929308e-05
1.054930076e-05
0.0001229701409
8.757830102e-06
7.713151145e-06
5.592345198e-05
4.121982697e-07
1.460848165e-05
8.05592411e-05
0.0001381772669
0.0004846844891
0.001092779494
0.001155420703
0.002202342036
0.003767703208
0.003613521658
0.005317865099
0.007650797083
0.00720196617
0.009132128847
0.01161006002
0.01097506453
0.01261423895
0.0145979675
0.0139601946
0.01495510666
0.0160626729
0.01557278893
0.01581523881
0.0159761522
0.0157073293
0.01529059707
0.01466373527
0.01461702493
0.0137433908
0.01259619908
0.0127265363
0.01162005505
0.01022771537
0.01047175032
0.00932214715
0.007907660542
0.008204082335
0.007142638148
0.005854832234
0.006155519626
0.005253980956
0.004170389827
0.004443776436
0.003726169401
0.002869075074
0.003098933457
0.002557312193
0.001913108144
0.002094844813
0.001704050715
0.001240444893
0.00137700966
0.001105774041
0.0007844752192
0.0008826985626
0.0007006563205
0.000485282249
0.0005531721218
0.0004344869603
0.000294412043
0.0003395639071
0.000264064303
0.0001755764749
0.0002043000201
0.0001571074062
0.0001032281258
0.0003988338128
0.0003188988516
0.000352590548
0.000242279148
0.0001784050656
0.0002462321677
0.0001292672518
9.357234921e-05
0.0001552162908
6.893423175e-05
5.291216699e-05
9.602997188e-05
4.354091743e-05
3.980139797e-05
6.574367278e-05
4.242034147e-05
5.240234156e-05
6.119990678e-05
3.129882431e-05
2.312028659e-06
4.112783263e-06
1.680261109e-05
8.43936814e-05
0.0002049943851
0.000267448428
0.0006401928568
0.001215685135
0.001268228926
0.002189653807
0.00349753135
0.003403588005
0.00486831383
0.006827442067
0.006507878203
0.008224138713
0.01041222063
0.00991088504
0.01146706426
0.01336321004
0.01280711319
0.01386755596
0.01508662131
0.01460987364
0.01502014798
0.01541553387
0.01510632538
0.01489389728
0.01453532454
0.01442101471
0.01373353414
0.01282171344
0.01288064922
0.01191128578
0.01068742299
0.01087116873
0.009800975251
0.008481528083
0.008735241323
0.007701836714
0.006446202473
0.006722126518
0.005811076533
0.004714345854
0.004978173204
0.004228164802
0.003330806938
0.003561959736
0.002977549546
0.002281294279
0.002470733037
0.002035819194
0.001519260229
0.001666251934
0.001355060084
0.0009863961393
0.001095242281
0.0008800362243
0.000625726846
0.0007031235721
0.000558785055
0.0003883422357
0.000442005043
0.0003485918332
0.0002356815493
7.497637372e-06
2.982597971e-06
8.430498994e-05
3.24998146e-06
6.349953486e-06
3.683228529e-05
1.168607012e-05
1.924456134e-05
2.503226505e-05
2.917972474e-05
4.202968048e-05
3.195793204e-05
6.034104869e-05
8.598178872e-05
6.613170733e-05
0.0001135369277
3.787144055e-06
1.294965885e-06
3.12840594e-06
1.448619486e-05
3.441761942e-05
6.941673144e-05
0.0002646760978
0.0003251463954
0.0007141625815
0.001538831051
0.001320970698
0.002855416622
0.004750802882
0.003356651488
0.007256836189
0.01033370861
0.006309591976
0.01386648714
0.01767458258
0.009603456524
0.0215322447
0.0251964529
0.01249732512
0.02843669925
0.03106254327
0.01440543393
0.03294313641
0.03401710216
0.01506966439
0.03429023443
0.03382549406
0.01455813724
0.03272633549
0.03111829584
0.01315595586
0.02913481525
0.02690379102
0.01123073095
0.02453843714
0.02212934069
0.009125849885
0.01974335944
0.0174344842
0.007100515203
0.01524122264
0.01319286322
0.005314255476
0.011309463
0.009602671581
0.003840829699
0.008077539575
0.006732895745
0.002690077745
0.005562059534
0.004554707244
0.001831347032
0.003698223576
0.002978318915
0.001214830549
0.002379823058
0.001887693559
0.000787182074
6.363993444e-09
4.718890248e-06
1.011015587e-05
1.406012027e-05
2.594976328e-05
1.878291683e-05
3.798342434e-05
4.825836577e-05
3.964384089e-05
5.593166848e-05
6.209962942e-05
5.874026339e-05
7.160128645e-05
0.0001054509856
9.730243529e-05
0.0001454953969
0.0001321204361
3.706882476e-05
3.490025619e-06
4.421686692e-06
7.915351562e-06
5.434791303e-05
0.0003010681663
0.0004736969691
0.001113479127
0.003059638903
0.006347756872
0.006705868482
0.0123403412
0.03227158962
0.01977444669
0.02832977273
0.09423466162
0.03700957733
0.04476278936
0.1917414628
0.05073208033
0.05440525247
0.3044542823
0.05565182378
0.05466534832
0.4077565241
0.05185629013
0.04773373007
0.488060989
0.0428095825
0.03753390537
0.5447048769
0.03226368905
0.02725628854
0.5833312296
0.02267879636
0.01861672522
0.6101088168
0.01511830537
0.009325886339
0.6258275599
0.08536818146
0.1513493955
0.4716914309
0.1991074402
0.2287587005
0.3213974225
0.2420783654
0.2418642398
0.2044859892
0.2312891673
0.2134707427
0.1226046939
0.1912054102
0.1668344336
0.06969563196
0.1421973013
0.1186452881
0.03779498914
0.09707342669
0.07802705461
0.01967156986
2.49591219e-07
1.592383967e-05
8.540807127e-06
3.433482545e-05
4.83580222e-05
3.617089018e-05
5.658956827e-05
5.971082594e-05
5.558488249e-05
5.92350944e-05
5.781585349e-05
6.189002877e-05
6.232034337e-05
0.000116238473
0.0001186189389
0.0002518457178
0.000105394552
0.0001103521072
3.686876453e-05
2.016893812e-06
1.849411679e-06
0.0001077925955
0.0006910160331
0.0004403104875
0.002431577736
0.006072262015
0.0042813509
0.011987802
0.01986036772
0.01543909505
0.02867947212
0.03705657875
0.03155144919
0.04366376782
0.04759414533
0.04410418432
0.0485258202
0.04668721833
0.04682493313
0.04269072383
0.03732144999
0.04031384288
0.0313513065
0.02541377911
0.02943015753
0.0199501973
0.01521106833
0.01880754797
0.01129080944
0.008174465611
0.01075956823
0.005781203424
0.003999052448
0.005594851792
0.002708775846
0.001798338089
0.002669327967
0.001171848129
0.0008655675182
0.02108870685
0.006409325401
0.01810835282
0.08161293791
0.03424755944
0.05369006982
0.1400921429
0.07483482552
0.09595062861
0.1762063343
0.1154201273
0.1319088199
0.1840939246
0.1444613138
0.1525245303
0.1685671874
0.1560000333
0.1558460572
0.1392398418
7.161773544e-05
6.538127239e-05
6.014817256e-05
5.779651959e-05
5.033570909e-05
5.845566676e-05
4.448963407e-05
4.276074591e-05
5.066374353e-05
4.59252038e-05
5.314504556e-05
5.99034146e-05
6.473382334e-05
0.0001074610784
0.0002381450035
0.0001057484147
1.954267144e-06
2.111219064e-06
0.0002962035352
0.001696196448
0.001084261492
0.005312940145
0.01185821596
0.008531591458
0.02101024749
0.03136645862
0.02517074923
0.04098241621
0.04810275222
0.04269110332
0.05168462033
0.05155701783
0.05020651273
0.04826748169
0.04277578299
0.04539009799
0.03613810874
0.02927594333
0.03363729563
0.02285668907
0.01726949988
0.02135296295
0.01266903948
0.009046604427
0.01197408663
0.006299241099
0.004282938721
0.006049922018
0.002846640764
0.001851515448
0.002787978315
0.001179848149
0.0007375741684
0.001182793261
0.0004530377128
0.0002738732289
0.0004662873388
0.0001632446476
0.0001006836727
0.002312262945
0.001027088598
0.003142908609
0.0149350497
0.006900621682
0.01258039449
0.03896553268
0.02029255909
0.02995922703
0.07034455894
0.04134770186
0.05411456401
0.1018295245
2.914538635e-05
2.833157578e-05
3.754128196e-05
3.058496209e-05
3.868562098e-05
3.781008607e-05
4.804215131e-05
5.471034991e-05
5.238639454e-05
5.748643938e-05
5.264347243e-05
6.074576668e-05
4.61027192e-05
9.958445689e-07
1.196178154e-06
0.0008269292688
0.004094914493
0.002642456313
0.01121560043
0.02203613787
0.01627987839
0.03454828341
0.04586629474
0.03834696039
0.05355939581
0.05646057395
0.05286355387
0.05473913129
0.04948369949
0.0513800768
0.04215151453
0.03411979717
0.03895364427
0.02642797351
0.01970454916
0.02453490484
0.01421419177
0.009959253156
0.01341352018
0.006794710236
0.004519944539
0.006548604295
0.002933802539
0.001859212001
0.002895888267
0.001151328589
0.0006975755825
0.001169538847
0.0004142441679
0.0002416263905
0.0004356123698
0.000138794458
7.874036808e-05
0.0001518062389
4.424525111e-05
2.458403175e-05
5.010968648e-05
7.917889161e-06
6.396703906e-05
0.0004569548877
0.0002794686855
0.0007844372434
0.003354403413
0.001741052136
0.00331555533
0.01066334435
4.229643342e-05
2.046412129e-05
3.034190505e-05
3.396678775e-05
5.064649056e-05
4.393216569e-05
5.796796602e-05
5.640849067e-05
5.688624738e-05
4.962464789e-05
3.75580157e-05
4.598431855e-05
2.713256856e-05
6.17806598e-07
8.155208725e-07
0.002320461745
0.009630805934
0.006304786658
0.02259638205
0.03833586942
0.02934389866
0.05219685153
0.06054668676
0.05348744497
0.062172663
0.05800363174
0.05834447132
0.05006819518
0.04052066691
0.04581786247
0.03106178733
0.02274201385
0.02858333604
0.01601741155
0.0109211531
0.01507899493
0.007246327951
0.004691788802
0.007030793465
0.002963252294
0.001822370731
0.002957579821
0.001090246371
0.0006348179285
0.001124830114
0.0003604509774
0.0002001762131
0.0003890644616
0.0001091313516
5.864738967e-05
0.0001244759014
3.120026343e-05
1.648881336e-05
3.777709502e-05
8.675501496e-06
4.533329249e-06
1.114456068e-05
2.255343737e-06
3.704905176e-07
7.58100138e-06
7.345350697e-06
3.274152556e-05
0.0001659568069
0.0001009793432
0.0002566853914
0.0009519278544
7.753286869e-05
7.528671531e-05
6.178919607e-05
5.644872699e-05
3.886552293e-05
5.123950335e-05
2.57223818e-05
1.528802027e-05
2.689223385e-05
8.545911038e-06
1.956764236e-07
3.976497053e-07
0.006514253428
0.02177980862
0.01456978384
0.04268090601
0.06085015602
0.04896217642
0.07002212989
0.0691868291
0.06614388695
0.06107563309
0.04943664505
0.05506851771
0.03733490312
0.02663632554
0.03394292765
0.01813265198
0.01188274762
0.01703562695
0.007559260358
0.004705185644
0.007428012764
0.002880856934
0.001729772597
0.002942928142
0.001004870705
0.0005588866037
0.001049057174
0.0002980289446
0.0001534472857
0.0003293600362
7.695469518e-05
3.792431516e-05
9.312716956e-05
1.849605902e-05
8.964137949e-06
2.471003112e-05
4.316029896e-06
2.040390569e-06
6.368698477e-06
9.213914427e-07
3.407917107e-07
1.559818128e-06
1.083892411e-07
4.638786577e-08
9.313952521e-08
2.722637643e-07
1.495277463e-06
6.395022322e-06
3.063098776e-13
3.105843425e-14
5.440971765e-06
2.091369086e-14
8.043223197e-09
6.485786053e-08
0.01825462933
0.04632826068
0.03207374023
0.07343816801
0.08413166363
0.073114351
0.07817903801
0.06318986181
0.0685222815
0.04637877622
0.03169404854
0.04139435266
0.02046771645
0.01263291908
0.01929278032
0.007538008802
0.004405087171
0.007612098899
0.002558794937
0.001500519621
0.002757595542
0.0008957218843
0.0005252522904
0.0009596849949
0.0002718186864
0.0001180781145
0.0002721491508
4.797721437e-05
1.902373422e-05
6.142220479e-05
7.536728525e-06
3.010987739e-06
1.271811181e-05
1.18091106e-06
3.980430283e-07
2.569772499e-06
1.02479371e-07
4.090194075e-08
4.202423004e-07
3.95255935e-08
3.804751468e-08
5.356618138e-08
2.018282499e-15
6.543099786e-08
2.252878568e-08
0.05101255928
0.08837637328
0.0651918149
0.1095702335
0.09096914746
0.09131828891
0.06211600598
0.03817265712
0.05282227216
0.02214629101
0.01233920574
0.02152805852
0.006641373504
0.003504848573
0.007258363914
0.001867885437
0.001048203296
0.002267907148
0.0006565594276
0.0004819922711
0.000791259804
0.0004259490529
0.0003636378159
0.0003337772532
0.0001667625111
1.671139456e-11
4.046550639e-05
2.988042597e-12
1.013750391e-12
3.132007125e-06
5.359402863e-13
1.518411957e-09
1.606030886e-07
1.101375138e-08
1.631962036e-08
1.928852733e-08
1.973094602e-08
2.305390229e-08
2.866217768e-08
0.01834664623
0.007385087297
0.02163936307
0.003196040396
0.001531382924
0.005443119979
0.0007581981306
0.0004516152817
0.001351672361
0.000385402794
0.0004632826654
0.0005050534948
0.0007431109539
0.001208741114
0.0005255791025
0.001474303871
0.001237087471
0.0008088441452
0.0007739614564
3.553230818e-10
1.621084597e-10
2.277299347e-10
2.140347069e-10
7.24046838e-11
)
;

boundaryField
{
    dominio_ascii
    {
        type            zeroGradient;
    }
    wallFilmFaces_top
    {
        type            zeroGradient;
    }
    region0_to_wallFilmRegion_wallFilmFaces
    {
        type            zeroGradient;
    }
}


// ************************************************************************* //
