/*--------------------------------*- C++ -*----------------------------------*\
| =========                 |                                                 |
| \\      /  F ield         | OpenFOAM: The Open Source CFD Toolbox           |
|  \\    /   O peration     | Version:  2.1.x                                 |
|   \\  /    A nd           | Web:      www.OpenFOAM.org                      |
|    \\/     M anipulation  |                                                 |
\*---------------------------------------------------------------------------*/
FoamFile
{
    version     2.0;
    format      ascii;
    class       surfaceScalarField;
    location    "2.3";
    object      phi;
}
// * * * * * * * * * * * * * * * * * * * * * * * * * * * * * * * * * * * * * //

dimensions      [1 1 -1 0 0 0 0];

internalField   nonuniform List<scalar> 
5536
(
2.044006469e-12
-6.081390001e-12
-1.980705414e-12
4.709903134e-12
-6.367266606e-11
-3.439026454e-11
6.599539556e-11
-3.557559224e-10
-7.275317993e-12
-1.889851313e-10
-6.602946928e-10
1.714311748e-10
-1.517549519e-10
-1.40390918e-10
-2.835406285e-10
-1.566189009e-11
6.758863082e-12
-3.637190006e-11
3.287716311e-13
4.115191301e-11
6.809151564e-12
-3.363975893e-11
-7.237687689e-12
3.319062374e-11
6.878995448e-12
-2.898157685e-11
-3.815683759e-12
4.455668902e-12
7.559160335e-13
-3.317736797e-12
-7.455112044e-13
4.759680397e-11
3.611776364e-12
-1.600054745e-11
-9.32941794e-12
9.447528631e-11
6.954437619e-12
-2.166270055e-11
1.063726919e-12
1.418283061e-10
-1.213550217e-11
-7.770972216e-12
1.017093117e-11
4.454588976e-11
-7.303805709e-12
-9.150223812e-12
5.415266198e-12
3.554325331e-12
-3.773775103e-12
-3.096987098e-12
3.106760282e-12
9.867016924e-11
-9.470534948e-11
6.488087193e-11
-4.163431207e-12
-2.624283026e-10
-9.56837383e-10
6.103248711e-10
-7.282501035e-10
-3.277065922e-10
8.975710233e-10
1.348226123e-10
-4.333166023e-10
-1.314766369e-10
1.497252642e-10
5.288787646e-11
-1.072018377e-10
-8.289069495e-12
2.982415641e-11
6.04916957e-12
-2.332827433e-11
-5.556261061e-12
2.658737873e-11
4.143396899e-12
-2.04570871e-11
-4.482347716e-12
2.485488043e-11
4.873440358e-12
-2.11355158e-11
-2.964384263e-12
2.666381047e-12
2.414857272e-13
-2.893802251e-12
3.04594926e-15
5.081039769e-12
3.023878745e-13
-2.800838625e-12
1.007520497e-13
1.614743936e-11
-1.391889582e-12
-7.846126199e-12
4.095113664e-12
3.612943991e-12
-7.833330167e-12
-2.017294274e-12
3.778439218e-12
2.886131224e-12
-2.987330596e-12
-2.365080812e-12
2.865217528e-12
2.684378835e-12
-2.755373753e-12
-2.258004126e-12
2.750362585e-12
8.418379997e-11
-2.464891343e-12
-6.976009462e-11
6.168058471e-11
7.736009086e-10
-2.131842843e-10
-5.788412149e-10
4.698165559e-10
2.01634881e-09
-8.206206084e-10
-1.4557707e-09
1.19711542e-09
-1.748911931e-09
1.366751077e-09
-1.25795946e-09
1.301682941e-11
-3.108804649e-11
-2.894732885e-11
3.595561369e-10
9.955790755e-11
-1.79385232e-10
-1.030701809e-10
2.612635589e-10
8.331129968e-11
-1.488738888e-10
-5.580608296e-11
7.546144839e-11
2.67115356e-11
-5.064700611e-11
-3.707116026e-12
1.766207821e-11
2.923915712e-12
-1.294931849e-11
-3.40604271e-12
1.52055528e-11
2.370370949e-12
-1.068537127e-11
-2.400848358e-12
1.761606298e-11
2.886391249e-12
-1.387944794e-11
-2.131696553e-12
4.109937974e-12
2.426772339e-13
-5.146037543e-12
-3.707677845e-14
1.494162576e-12
-5.003936976e-15
-1.088845535e-12
1.367983513e-13
3.968614591e-12
-6.476271811e-13
-1.649385368e-12
1.355467637e-12
1.776724666e-12
-2.062126784e-12
-1.03867302e-12
1.917838558e-12
1.800865495e-12
-1.948801983e-12
-1.242617932e-12
1.949015809e-12
1.824461694e-12
-1.947507379e-12
-1.44126386e-12
2.021272194e-12
5.588491514e-11
-1.291998201e-12
-4.32204397e-11
3.847732945e-11
4.0576263e-10
-1.193450118e-10
-2.657120445e-10
2.436761756e-10
9.623154982e-10
-3.990336945e-10
-5.810299971e-10
5.545806739e-10
1.136189707e-09
-6.541355599e-10
-6.536952901e-10
6.328266939e-10
7.078304261e-10
-3.105283794e-10
3.114836397e-10
-5.017474196e-10
-2.491621021e-10
-1.627494708e-10
1.376125934e-12
3.807616062e-12
-6.551605369e-14
-5.910135462e-12
9.103100705e-12
8.982673635e-12
-1.938212318e-12
-1.225625239e-11
7.710550566e-11
1.974694567e-11
-2.428878416e-11
-2.630165545e-11
7.695303169e-11
2.328761325e-11
-3.420259399e-11
-1.816143833e-11
3.165455042e-11
1.052621769e-11
-1.679751757e-11
-1.622517054e-12
9.350186961e-12
-3.734010967e-14
-7.181305513e-12
-1.607911048e-12
6.758503399e-12
1.130467439e-12
-3.332207953e-12
-9.632233248e-13
9.720589859e-12
1.052987462e-12
-5.394872794e-12
-1.069493231e-12
5.112336266e-12
4.485741257e-13
-4.136099015e-12
-8.246087812e-14
8.432817117e-13
-1.021747185e-13
-5.787576089e-13
1.017393783e-13
4.793625733e-13
-1.472844027e-13
-1.636652451e-13
2.876584186e-13
4.669728816e-13
-4.193781783e-13
-1.976794468e-13
5.300742844e-13
7.834451734e-13
-6.616059204e-13
-4.612689329e-13
8.411285798e-13
1.177287281e-12
-1.051143089e-12
-1.087378261e-12
1.289421947e-12
3.207605704e-11
-1.312834399e-12
-2.242542328e-11
2.064566427e-11
1.605912151e-10
-5.293323416e-11
-8.730784555e-11
9.357638126e-11
3.165986262e-10
-1.368237862e-10
-1.515211879e-10
1.743221259e-10
3.27377685e-10
-1.908067148e-10
-1.368853756e-10
1.669540404e-10
1.252365405e-10
-1.105025045e-10
-3.520883018e-11
6.194042132e-11
5.406965354e-11
-3.846829065e-11
-1.468077174e-11
2.847106929e-11
-5.6895926e-12
-1.676706732e-11
2.408231724e-15
1.569522159e-16
6.979652814e-15
-8.95068417e-15
1.676233323e-13
-8.959026148e-14
-1.009614044e-13
2.809657122e-14
2.721423979e-14
-2.564299177e-14
-1.321226747e-14
1.48120383e-14
7.622843363e-15
-9.652661997e-15
-1.673758944e-15
4.261943826e-15
1.076197261e-11
3.455343036e-12
-2.718866612e-13
-3.293743909e-12
5.889487262e-12
2.104938186e-12
-5.125941158e-13
2.071718291e-13
4.651778164e-12
-1.172967551e-12
-7.356260788e-14
-1.879815813e-13
7.65786905e-13
1.646154736e-13
-9.902788842e-15
-9.959780669e-14
1.735670141e-12
2.079571767e-13
-7.870461319e-14
3.529080662e-14
2.384125158e-12
-1.174092005e-13
-7.240941678e-13
-8.790982771e-15
4.262729e-13
-5.250770686e-14
-3.647485048e-13
6.330904188e-14
7.544253047e-14
-3.930160187e-14
-4.905293852e-14
5.717021453e-14
1.489622459e-13
-8.572724047e-14
-3.593421838e-13
1.548194187e-13
2.674611316e-13
-1.555201383e-13
-1.863727516e-13
2.716724823e-13
1.190125189e-12
-4.990287076e-13
-1.17702606e-12
9.169389922e-13
1.358965527e-11
-2.304463596e-12
-5.034087236e-12
8.106559426e-12
4.026630774e-11
-1.562010645e-11
-1.321942753e-11
2.233616367e-11
6.000526195e-11
-2.75409067e-11
-1.648253897e-11
3.051351752e-11
4.339166126e-11
-2.912179367e-11
-8.961807884e-12
2.218343116e-11
5.242847165e-12
-1.352652098e-11
-2.395579511e-12
5.891005327e-12
3.113630598e-12
-2.63407829e-12
-3.770552461e-12
3.206368313e-12
5.257708498e-12
-7.345096194e-12
-1.432048113e-11
1.703098529e-11
-3.938375924e-11
-3.896550204e-11
-1.658078285e-10
2.35683149e-10
6.391336725e-12
-2.197896212e-13
1.683979116e-14
4.622093966e-12
2.108705864e-14
-2.177992736e-13
-3.872721928e-15
5.841580329e-13
2.138603279e-15
-3.98631749e-15
-7.135953456e-16
3.440393146e-14
5.289502786e-16
2.546573692e-17
-1.169572102e-16
2.648208967e-15
-2.948403654e-18
-1.175158768e-13
1.128631815e-16
1.175689415e-13
-5.638458814e-19
8.676903032e-20
1.835836978e-19
2.152214736e-17
-6.215103961e-20
3.83346734e-20
2.058287191e-20
2.626525598e-18
-1.255306343e-20
1.976310952e-20
7.625019101e-21
3.685451939e-19
-3.753102318e-21
1.536219202e-21
3.442005826e-22
1.191854795e-20
3.444968291e-23
3.949407965e-14
4.511225489e-15
1.712127894e-13
8.76635507e-15
3.596418266e-13
-4.133882819e-13
-1.997244035e-15
1.370651664e-13
4.022520521e-14
-7.633923931e-14
-2.076723257e-17
4.387069178e-14
8.490179354e-13
-1.883807643e-13
-9.820970938e-13
8.110233301e-13
1.702565201e-13
-4.110291651e-13
-9.546954782e-14
1.954600642e-13
5.155394068e-13
-3.388986724e-13
-1.216784252e-12
8.350697433e-13
2.11373244e-13
-1.051831369e-12
-2.008235102e-13
1.878649849e-12
1.058927541e-12
-2.223694756e-12
-8.259050236e-13
2.221188953e-12
7.547710637e-13
-2.024058685e-12
-7.219239148e-13
1.775343705e-12
8.645795594e-13
-1.663018205e-12
-1.171390669e-12
2.014688223e-12
2.231322651e-12
-2.969020837e-12
-3.208340625e-12
4.921404117e-12
7.281410693e-12
-1.006177002e-11
-1.064954251e-11
2.028125013e-11
2.344321295e-11
-3.622593472e-11
-2.583277705e-11
5.852059556e-11
5.44489114e-11
-4.995647392e-11
1.249160868e-10
-8.74875197e-11
-4.042124237e-06
5.2243842e-06
-0.003474101885
-0.003254336804
0.003103840625
0.003624011107
-0.001001491692
-0.002951427881
0.001828765874
0.002123862075
-0.0002888600186
-0.001429568274
0.0007957798327
0.0009225326833
-8.322020949e-05
-0.0005782557275
0.0003066284303
0.0003548047136
-2.395080521e-05
-0.0002141738874
0.0001105101949
0.0001275994317
-6.889712265e-06
-7.518929997e-05
3.819867604e-05
4.387521892e-05
-1.975222795e-06
-2.536024049e-05
1.28236386e-05
1.451012822e-05
-5.515394007e-07
-8.200469479e-06
4.192368845e-06
4.55908336e-06
-1.348381153e-07
-2.476924084e-06
1.309922241e-06
1.301655197e-06
-2.024135782e-08
-6.514899903e-07
3.682736605e-07
3.033944586e-07
-5.808072718e-10
-1.270469497e-07
8.207852707e-08
4.552668819e-08
-8.50469838e-14
-1.28797343e-08
1.038235258e-08
2.488844064e-09
-2.388569536e-17
-2.358296632e-10
2.284217351e-10
5.857500355e-12
-1.294719957e-12
-2.469324553e-13
3.553524062e-12
1.783758827e-13
-1.124626795e-13
-9.315446216e-12
7.482667345e-11
2.003741995e-11
5.352404777e-12
-2.658847515e-11
-5.608148245e-13
1.452135586e-11
1.009460388e-12
-5.274812589e-12
-4.279059501e-13
2.118628395e-12
4.675133013e-13
-1.349958429e-12
-3.038067097e-13
1.255486151e-12
4.506115833e-13
-1.322522856e-12
-2.810505287e-13
1.434431197e-12
1.198104362e-12
-1.621047619e-12
-1.196562191e-12
2.549350228e-12
4.179271271e-12
-5.306095995e-12
-4.376020733e-12
1.016788031e-11
1.144223249e-11
-1.725044999e-11
-1.05767879e-11
2.677374365e-11
2.391376124e-11
-3.903931079e-11
-2.046133899e-11
5.442882381e-11
4.30674687e-11
-7.355084865e-11
-3.461357297e-11
9.709814587e-11
6.180071668e-11
-5.386305849e-11
1.777197103e-10
-1.254541811e-10
3.970710247e-05
-0.0001891238623
-2.450255857e-05
0.000173906095
-0.002127773459
-0.0008286743403
0.001319809799
0.001636424242
-0.002107830449
-0.002161451294
0.001959214527
0.002309779443
-0.001286728945
-0.002165900969
0.001593670486
0.001858735547
-0.0006380484022
-0.00149596719
0.0009871047304
0.001146775787
-0.0002812721936
-0.0008460757631
0.0005220805408
0.0006051973511
-0.0001149577597
-0.000422010103
0.0002489019036
0.0002880330668
-4.45698096e-05
-0.000193018029
0.000110287807
0.0001272856304
-1.65973486e-05
-8.274134753e-05
4.625598503e-05
5.307671894e-05
-5.950727369e-06
-3.361289768e-05
1.855378922e-05
2.100743348e-05
-2.025194937e-06
-1.294159969e-05
7.124887737e-06
7.840968237e-06
-6.290670424e-07
-4.65545377e-06
2.589864447e-06
2.69429494e-06
-1.63724589e-07
-1.508475059e-06
8.636866306e-07
8.083741288e-07
-2.969828801e-08
-4.085239775e-07
2.47524568e-07
1.906437183e-07
-2.310965376e-09
-7.967871072e-08
5.346854156e-08
2.849984423e-08
-1.012283239e-10
-8.162289283e-09
6.568496657e-09
1.688441781e-09
-3.102815687e-12
-2.105266035e-10
1.979914708e-10
1.436797255e-11
1.751522596e-13
-1.593548164e-12
1.090906265e-12
5.803362276e-13
2.956840928e-13
-1.256312283e-12
-2.83361394e-13
1.387637732e-12
2.14662128e-13
-1.349988556e-12
-1.447402167e-13
1.284877954e-12
1.019456087e-12
-1.244489806e-12
-6.627412887e-13
2.081432792e-12
3.91868086e-12
-4.640917933e-12
-3.05085714e-12
8.524346978e-12
9.058098368e-12
-1.361451795e-11
-7.093108796e-12
1.989522388e-11
1.651497802e-11
-2.735069975e-11
-1.222084567e-11
3.600409375e-11
2.634577713e-11
-4.5910395e-11
-1.833862974e-11
5.722157611e-11
3.902665087e-11
-6.998747148e-11
-2.642487217e-11
8.551700577e-11
-4.061387138e-11
-1.304134043e-10
-4.365549251e-05
0.0001878874644
-0.0001373325839
3.528705646e-05
-5.43407587e-05
0.000156384337
-0.0007639121632
-0.00031489178
0.0004142433373
0.0006644950313
-0.001602922661
-0.001103631531
0.001205188185
0.001501199236
-0.001673910561
-0.001766859032
0.00157174119
0.001868817226
-0.00126474067
-0.001821629302
0.001420832708
0.001665349384
-0.0007894981649
-0.001445829079
0.001032211609
0.001202980837
-0.000434012568
-0.0009658914868
0.000647449222
0.0007523711282
-0.0002178311439
-0.0005709326063
0.0003652079877
0.000423508915
-0.0001021065288
-0.0003079320281
0.0001900773822
0.0002199369327
-4.53461465e-05
-0.0001545834752
9.285566809e-05
0.0001070621536
-1.922603097e-05
-7.313119723e-05
4.305698293e-05
4.929477372e-05
-7.783726403e-06
-3.279210758e-05
1.90544222e-05
2.151897063e-05
-2.977972833e-06
-1.391502753e-05
8.041699025e-06
8.850243586e-06
-1.047975092e-06
-5.520976101e-06
3.203867313e-06
3.364634257e-06
-3.213132171e-07
-1.992227761e-06
1.175793117e-06
1.137557813e-06
-7.742759712e-08
-6.201082596e-07
3.791198129e-07
3.183350876e-07
-1.183187254e-08
-1.510206351e-07
9.834541619e-08
6.447291743e-08
-6.697362129e-10
-2.384281058e-08
1.728020782e-08
7.218386925e-09
-5.480043593e-12
-1.640404043e-09
1.401736795e-09
2.386554637e-10
-2.73324007e-13
-2.066169626e-11
1.799318552e-11
2.349931027e-12
2.009786555e-13
-6.016523167e-13
5.85434832e-13
7.636205662e-13
1.662752898e-12
-1.599473407e-12
-8.651297928e-14
3.783218831e-12
4.695176873e-12
-6.984067052e-12
-2.268595317e-12
1.038302117e-11
7.680651506e-12
-1.353619598e-11
-3.418207685e-12
1.655990368e-11
1.07823951e-11
-1.966083967e-11
-4.454125893e-12
2.302424278e-11
1.504103439e-11
-2.698234866e-11
-6.350381517e-12
3.205401447e-11
1.707100003e-11
-1.057271011e-11
6.12631982e-11
-3.93421583e-11
8.351891185e-05
-0.0001296041223
0.0001337456438
-0.0001359416521
7.54687644e-05
-7.695763284e-05
0.0001373745106
-0.0001996978512
-0.0002078672962
5.41580951e-05
0.0003533947657
-0.0008505546314
-0.0005797219749
0.0005643405839
0.0008658627099
-0.001362970885
-0.001160792967
0.001111563303
0.00141206222
-0.001449798527
-0.001582655455
0.001375401729
0.001656881657
-0.001210628979
-0.001638107431
0.001305859694
0.001542714488
-0.0008581731301
-0.001393693145
0.001037098668
0.001214638613
-0.0005400073533
-0.001025900309
0.000722916069
0.0008429016267
-0.000310236391
-0.0006757782669
0.0004559192204
0.0005300386931
-0.0001658601925
-0.0004076187948
0.0002655175517
0.0003079283958
-8.362400074e-05
-0.0002288627235
0.0001449129852
0.0001675557216
-4.009382185e-05
-0.0001209602846
7.487543492e-05
8.616938443e-05
-1.835491355e-05
-6.060227039e-05
3.686826297e-05
4.208437139e-05
-8.008373818e-06
-2.885032167e-05
1.734447742e-05
1.951209126e-05
-3.296084861e-06
-1.300418351e-05
7.774165035e-06
8.525147635e-06
-1.25073041e-06
-5.483484551e-06
3.285429419e-06
3.448367714e-06
-4.189878912e-07
-2.110257144e-06
1.280208855e-06
1.248857743e-06
-1.146125478e-07
-7.089028524e-07
4.4163137e-07
3.818088225e-07
-2.211952043e-08
-1.923042901e-07
1.25577502e-07
8.881070394e-08
-2.210095638e-09
-3.65875282e-08
2.584498844e-08
1.293387535e-08
-4.774986256e-11
-3.70524972e-09
2.958704585e-09
7.862052484e-10
-2.760861934e-12
-1.012930452e-10
9.56789116e-11
5.777007023e-12
7.337261341e-14
-5.156574292e-13
3.578240248e-12
1.291809685e-12
3.510768069e-13
-2.96319237e-12
7.650265745e-14
2.881782237e-12
4.033161834e-13
-2.321362517e-12
3.657354082e-14
2.122941042e-12
9.142848172e-13
-2.416938393e-12
2.176331857e-14
3.212088893e-12
1.887515327e-12
-6.123361314e-13
5.237373778e-12
-3.506571037e-12
7.062793486e-05
-0.0001350503179
-7.421213158e-05
0.0001385652057
7.632370687e-05
-0.0001391766224
-7.647476718e-05
0.0001392563798
4.445430001e-05
-0.0001392322291
-7.6329003e-05
0.0001710561254
-0.0003326198435
-0.0002971758103
0.0001448827227
0.0004848794946
-0.0008562483346
-0.0007113524726
0.0006157702521
0.0009517568586
-0.001230739669
-0.001177307696
0.001046105351
0.001361823438
-0.001318275845
-0.001487012944
0.001260595003
0.001544549723
-0.001164142687
-0.001535668704
0.001230473956
0.001469194483
-0.0008931451038
-0.001358418552
0.001033170583
0.001218271294
-0.0006150014052
-0.001063153608
0.0007728475903
0.0009052153344
-0.0003884694281
-0.0007537213713
0.0005272121648
0.0006149154135
-0.0002286124555
-0.0004924005164
0.0003333632852
0.0003876097697
-0.0001268019857
-0.000300330903
0.0001978139602
0.000229295671
-6.681332473e-05
-0.000172665093
0.0001111305015
0.0001283354919
-3.361431097e-05
-9.420340452e-05
5.949578519e-05
6.831591723e-05
-1.616867483e-05
-4.895207025e-05
3.046422835e-05
3.465390298e-05
-7.408950053e-06
-2.422465193e-05
1.49246955e-05
1.670787498e-05
-3.198895126e-06
-1.135467614e-05
6.963837986e-06
7.589341158e-06
-1.2729635e-06
-4.976258352e-06
3.058893601e-06
3.190159956e-06
-4.49002425e-07
-1.990807575e-06
1.237177326e-06
1.202530655e-06
-1.312875506e-07
-6.979506625e-07
4.435956688e-07
3.855628103e-07
-2.825908863e-08
-2.002099922e-07
1.322968613e-07
9.611819797e-08
-3.548573633e-09
-4.17152204e-08
2.937724148e-08
1.586153502e-08
-1.494589614e-10
-5.055299871e-09
3.932414631e-09
1.262234014e-09
-3.164493053e-12
-2.170963074e-10
1.966748832e-10
1.970092147e-11
-5.448401994e-13
-8.332882457e-13
6.641788114e-12
8.561587563e-13
-4.099734802e-13
-3.127991043e-12
1.763796262e-12
4.338301004e-12
1.245700903e-13
-4.087196754e-12
9.932064349e-13
3.537678741e-12
4.485271138e-13
7.431284865e-13
-3.604390133e-12
-0.0001417828254
7.907026151e-05
-7.897820584e-05
0.0001416178998
7.700040125e-05
-0.000141308684
-7.665755358e-05
0.0001408940303
7.613294053e-05
-0.0001403957539
-7.55577689e-05
0.0001397497096
6.574883639e-06
-0.000138833646
-7.335164642e-05
0.000205538468
-0.0003963560191
-0.0003775851123
0.0001944554284
0.0005794467963
-0.0008430760296
-0.0007934711208
0.0006336816271
0.001002798336
-0.001149857975
-0.001189561223
0.001000966433
0.001338351443
-0.001236963681
-0.001438676516
0.001189613406
0.001485903194
-0.001131388031
-0.001481103402
0.001182331522
0.001430032938
-0.0009153045332
-0.001341528115
0.001030744977
0.001225973955
-0.0006715429537
-0.001093871046
0.0008104686374
0.0009548546013
-0.0004546910487
-0.0008168701799
0.0005856050937
0.0006858909982
-0.000287736344
-0.0005660130264
0.0003940663161
0.0004596412825
-0.0001718360476
-0.0003676762346
0.0002494940466
0.0002899948514
-9.755218571e-05
-0.000225709812
0.0001497725524
0.0001734785168
-5.291208193e-05
-0.000131740809
8.575889063e-05
9.889007482e-05
-2.74932053e-05
-7.339206223e-05
4.702717983e-05
5.38572002e-05
-1.367452291e-05
-3.90720742e-05
2.473450675e-05
2.801203819e-05
-6.474802951e-06
-1.983277864e-05
1.245521544e-05
1.385229956e-05
-2.88269256e-06
-9.530788165e-06
5.96656721e-06
6.446690693e-06
-1.180286262e-06
-4.275928017e-06
2.684125749e-06
2.771800766e-06
-4.281656018e-07
-1.748603826e-06
1.108740875e-06
1.067782963e-06
-1.294407047e-07
-6.268660232e-07
4.054216717e-07
3.507342789e-07
-2.937016981e-08
-1.849217226e-07
1.236949708e-07
9.052948305e-08
-4.112287022e-09
-4.034541049e-08
2.850234764e-08
1.592973767e-08
-2.352362541e-10
-5.363127822e-09
4.130718875e-09
1.456466357e-09
-1.46818152e-11
-2.879043021e-10
2.648357937e-10
3.396348114e-11
-2.019419687e-12
-1.852785527e-12
8.839752275e-12
1.304726558e-12
-2.184790935e-12
4.587747344e-12
-4.614287851e-12
3.328211972e-05
-6.012182618e-05
0.0001451915977
-0.0001466901525
7.2803144e-05
-7.123877218e-05
0.0001450568866
7.528949372e-05
-0.000143294868
-7.38588711e-05
0.0001417938651
7.440634955e-05
-0.0001402473668
-7.253037012e-05
0.0001383017901
7.145876025e-05
-0.0001356710634
-6.800814299e-05
0.0001321534971
-1.152490949e-05
-0.0001295235397
-5.540489944e-05
0.0001963747274
-0.0004221330826
-0.0003799242393
0.0002164713353
0.0005855420391
-0.0008236951635
-0.0007951079863
0.0006252839429
0.0009934571751
-0.001094992391
-0.001166600493
0.0009581042342
0.001303400727
-0.001184371953
-0.00139673751
0.001137172187
0.001443830233
-0.001110707676
-0.001445933544
0.001148945018
0.001407583944
-0.0009334569708
-0.001335581719
0.00103096968
0.001237966214
-0.0007176906674
-0.001123058938
0.0008419074148
0.0009987595579
-0.0005122002753
-0.0008720321259
0.0006357544597
0.0007484200904
-0.0003429172864
-0.0006320749072
0.0004491250652
0.0005258328772
-0.0002171469292
-0.0004313028114
0.0002993553329
0.0003490784204
-0.0001309098266
-0.0002789842699
0.0001895879526
0.0002203012844
-7.550372381e-05
-0.0001719714727
0.0001147151396
0.0001327599176
-4.178327757e-05
-0.0001013844404
6.656526758e-05
7.660301939e-05
-2.219588996e-05
-5.726475005e-05
3.711205799e-05
4.234836375e-05
-1.128816114e-05
-3.096977751e-05
1.987343123e-05
2.238354879e-05
-5.45686066e-06
-1.597487933e-05
1.018589764e-05
1.124466427e-05
-2.473680907e-06
-7.793959079e-06
4.958023445e-06
5.308627329e-06
-1.028161577e-06
-3.543969419e-06
2.260145494e-06
2.311340684e-06
-3.779724561e-07
-1.466672568e-06
9.433719995e-07
9.009374379e-07
-1.160644815e-07
-5.323493597e-07
3.480827984e-07
3.001882751e-07
-2.707773292e-08
-1.599310603e-07
1.074715391e-07
7.948178104e-08
-4.054445996e-09
-3.624580242e-08
2.542465816e-08
1.485148857e-08
-2.788065616e-10
-5.317644544e-09
3.979491132e-09
1.605138516e-09
-1.905444757e-11
3.371752944e-10
5.988855184e-11
-3.824796149e-10
6.664045228e-05
-6.842743824e-05
0.0001371739623
-0.0001394206097
7.227080526e-05
-7.338631105e-05
0.0001404673246
7.269321064e-05
-0.0001401026091
-7.100600545e-05
0.000138346966
6.959579754e-05
-0.0001351463112
-6.495257939e-05
0.0001304377561
6.276742455e-05
-0.0001242385661
-5.527615387e-05
0.0001166883207
5.326748621e-05
-0.0001080410247
-4.389276495e-05
9.861599123e-05
-4.221096921e-05
-9.819181459e-05
-1.990715997e-05
0.0001601964391
-0.0004183252079
-0.0003171641846
0.0002273686411
0.0005080268601
-0.000784897519
-0.0007107229713
0.0005884146912
0.0009071166666
-0.001040804121
-0.001081977147
0.0008987736686
0.001223912568
-0.001140268804
-0.001325840934
0.001081115866
0.001384892253
-0.001094397026
-0.001401852991
0.001115754459
0.001380395667
-0.0009487788719
-0.001326198606
0.001028812566
0.001246077614
-0.0007571466731
-0.001147241261
0.0008676591561
0.001036661663
-0.0005634410727
-0.0009205956219
0.0006795675388
0.000804424609
-0.0003945919403
-0.0006922886735
0.0004994605849
0.0005873957158
-0.0002620337129
-0.0004917718662
0.0003472582367
0.0004065373356
-0.000165992594
-0.0003320443038
0.0002299345368
0.0002680993596
-0.0001007444703
-0.0002140946997
0.0001456798977
0.000169157543
-5.874589285e-05
-0.0001322774963
8.862489089e-05
0.000102395516
-3.294939404e-05
-7.84729164e-05
5.187991613e-05
5.953827671e-05
-1.775641445e-05
-4.471392437e-05
2.923693186e-05
3.322927183e-05
-9.155970585e-06
-2.442378256e-05
1.583457636e-05
1.77419028e-05
-4.479689336e-06
-1.272503356e-05
8.202830979e-06
8.999748743e-06
-2.050205788e-06
-6.266222977e-06
4.028777067e-06
4.286465433e-06
-8.582957576e-07
-2.873556576e-06
1.849219056e-06
1.882069032e-06
-3.176964139e-07
-1.199850858e-06
7.76149175e-07
7.411582805e-07
-9.882699526e-08
-4.411011742e-07
2.887043577e-07
2.511236888e-07
-2.395069389e-08
-1.354402211e-07
9.110631578e-08
6.823854162e-08
-4.023215762e-09
2.261940408e-08
1.281168884e-08
-3.143153919e-08
6.922675415e-05
-6.886432787e-05
0.0001410513201
-0.0001401897769
7.34096049e-05
-7.140710753e-05
0.0001381188374
6.76330198e-05
-0.0001339908776
-6.114080289e-05
0.0001274351961
5.771494006e-05
-0.0001186064171
-4.718553373e-05
0.000108022747
4.531775871e-05
-9.636564942e-05
-3.331652758e-05
8.43218252e-05
3.307918617e-05
-7.248402797e-05
-2.193129524e-05
6.130507604e-05
2.272936534e-05
-5.10891631e-05
-1.366581169e-05
4.200407909e-05
-9.023655186e-05
-4.590491226e-05
1.494907298e-05
0.0001211546809
-0.0003936716798
-0.0002464070033
0.0002297864403
0.0004102057476
-0.0007225444673
-0.0005954369039
0.0005340364558
0.0007838463254
-0.0009722714334
-0.0009591139955
0.0008227990527
0.001108486124
-0.001089011532
-0.001223416306
0.001012804949
0.001299527802
-0.001072801809
-0.001336134372
0.001073351657
0.001335501617
-0.000957892625
-0.001302038997
0.001018390935
0.001241474498
-0.0007898437743
-0.001160153479
0.0008855431717
0.001064406194
-0.0006089833763
-0.00096018242
0.0007165043839
0.0008526311988
-0.0004428977657
-0.0007460727386
0.0005450062156
0.0006439481111
-0.0003061358179
-0.0005486819343
0.0003929737091
0.0004618353217
-0.0002021774358
-0.000384246762
0.0002702464984
0.0003161699593
-0.0001280843682
-0.0002574050333
0.000178051912
0.0002074276158
-7.806116906e-05
-0.0001655026781
0.0001127737875
0.0001307786439
-4.58362366e-05
-0.0001023607103
6.882213748e-05
7.936405076e-05
-2.592819158e-05
-6.095333958e-05
4.050841488e-05
4.636471925e-05
-1.409722755e-05
-3.491996227e-05
2.298221328e-05
2.602940078e-05
-7.328738234e-06
-1.919063034e-05
1.253355508e-05
1.39825949e-05
-3.609825446e-06
-1.005760742e-05
6.533569533e-06
7.13221628e-06
-1.660864915e-06
-4.978020355e-06
3.225257606e-06
3.412858992e-06
-6.995336967e-07
-2.292754932e-06
1.487038878e-06
1.504905546e-06
-2.625208908e-07
-9.616631362e-07
6.285056498e-07
5.95519536e-07
-8.3563059e-08
2.363857077e-07
2.021459478e-07
-3.55048047e-07
6.782881923e-05
-6.619928978e-05
0.0001425793074
-0.0001360834156
6.60895657e-05
-5.490639976e-05
0.0001248389183
5.003902868e-05
-0.000110027643
-3.368966444e-05
9.363123811e-05
3.352409871e-05
-7.737881259e-05
-1.859238928e-05
6.241565595e-05
2.067879824e-05
-4.933957008e-05
-9.703542326e-06
3.834504118e-05
1.203003564e-05
-2.937101295e-05
-4.886621511e-06
2.221647395e-05
6.700175705e-06
-1.662070697e-05
-2.399188244e-06
1.231358913e-05
1.457485758e-06
-9.042944465e-06
-8.066909576e-07
8.387942646e-06
-0.0001151977222
-3.576222225e-05
4.990592769e-05
0.0001010058582
-0.00035975772
-0.0002058623474
0.0002208561749
0.000344684939
-0.0006510236198
-0.000506346232
0.0004802969143
0.0006769821013
-0.0008933705115
-0.0008425429556
0.0007450780041
0.0009907505151
-0.001027370254
-0.001112301581
0.0009382995944
0.001201304908
-0.001041186412
-0.001255222228
0.001021889491
0.001274472499
-0.0009575867892
-0.001261770882
0.0009979449101
0.001221383742
-0.0008142122029
-0.001158632569
0.0008937595116
0.001079069028
-0.00064807976
-0.0009881305542
0.0007452842024
0.0008909170292
-0.0004874331345
-0.0007917060834
0.0005850095308
0.0006941210289
-0.0003488589211
-0.0006008795349
0.0004357446592
0.0005139800169
-0.000238818586
-0.0004346878839
0.0003098147166
0.0003636715927
-0.0001570010132
-0.0003011256362
0.0002112355301
0.0002468677245
-9.940292364e-05
-0.0002004513842
0.00013858357
0.0001612487727
-6.072181406e-05
-0.0001285333405
8.770127937e-05
0.0001015365949
-3.580837438e-05
-7.949386154e-05
5.361324208e-05
6.167726217e-05
-2.03640987e-05
-4.74158522e-05
3.166519562e-05
3.610771311e-05
-1.113259546e-05
-2.722437193e-05
1.804250094e-05
2.031064164e-05
-5.814634078e-06
-1.498082287e-05
9.880710074e-06
1.091281551e-05
-2.872410002e-06
-7.841499819e-06
5.16158099e-06
5.551389417e-06
-1.321080887e-06
-3.869445876e-06
2.53205157e-06
2.658018014e-06
-5.555806932e-07
1.136827483e-06
1.225734181e-06
-1.807208572e-06
6.992595015e-05
0.0001476644541
-9.660490701e-05
3.393923924e-05
-3.135388564e-07
6.294582697e-05
1.450393722e-05
-4.095753834e-05
-2.144195066e-07
2.665459588e-05
6.181981279e-06
-1.73530303e-05
-1.334339503e-07
1.12989747e-05
2.645399812e-06
-7.355137102e-06
-7.689496252e-08
4.784372124e-06
1.135424849e-06
-3.108098051e-06
-4.333280405e-08
2.015089967e-06
4.897790375e-07
-1.302685324e-06
-2.631755784e-08
8.388778876e-07
1.417314787e-07
-5.402521529e-07
-1.107652869e-09
3.998086771e-07
-1.933140784e-05
-2.247811394e-06
6.833280287e-06
1.473301419e-05
-0.0001245330373
-4.698945573e-05
6.521619608e-05
0.0001062672372
-0.0003308840607
-0.000195500798
0.0002138059115
0.0003125174895
-0.0005870062349
-0.0004506348821
0.0004374343107
0.000600141694
-0.000816417593
-0.0007500643822
0.0006766171182
0.0008898155068
-0.000961409094
-0.001010457738
0.0008663850298
0.001105456133
-0.001001239371
-0.001170991543
0.0009663916995
0.001205832282
-0.0009473521219
-0.001210972533
0.0009691538063
0.001189171602
-0.0008291800404
-0.001144390241
0.000892381317
0.001081186492
-0.0006799776602
-0.001004421006
0.0007656593594
0.0009187257237
-0.0005273138871
-0.0008283010797
0.0006187470599
0.0007368402536
-0.000389400394
-0.0006472875489
0.0004747442596
0.0005619049612
-0.0002752384836
-0.0004823445428
0.0003478818082
0.0004096586796
-0.0001869740417
-0.000344401024
0.0002446048443
0.0002867314522
-0.0001224376873
-0.0002364874154
0.0001656141881
0.0001932805866
-7.744803297e-05
-0.000156569547
0.0001082695567
0.000125727124
-4.737477837e-05
-0.0001000878018
6.84616886e-05
7.898790812e-05
-2.801766622e-05
-6.178863685e-05
4.190226847e-05
4.789659087e-05
-1.598959148e-05
-3.677432092e-05
2.481376607e-05
2.794610432e-05
-8.764131273e-06
-2.099701029e-05
1.41890051e-05
1.5569997e-05
-4.559141304e-06
-1.136003459e-05
7.812045232e-06
8.105994417e-06
-2.13397271e-06
3.862169147e-06
3.859653064e-06
-5.588588863e-06
-3.941877911e-07
2.945300045e-07
-2.665234911e-07
3.657113401e-07
2.033163594e-07
-3.232717409e-07
-1.533438918e-07
2.728797197e-07
1.2375417e-07
-2.216339551e-07
-7.704081045e-08
1.745900735e-07
7.023931221e-08
-1.343391197e-07
-3.774464007e-08
1.016348081e-07
3.939671897e-08
-7.611250543e-08
-2.021737567e-08
5.685962962e-08
2.423876188e-08
-4.281955807e-08
-1.431594991e-08
3.316964143e-08
1.851522429e-09
-2.784845135e-08
-7.09537261e-09
3.444265701e-08
-2.25075084e-06
-8.394064208e-08
7.033261642e-07
1.629170688e-06
-3.210954612e-05
-8.228609426e-06
1.502423939e-05
2.530035703e-05
-0.0001303773927
-5.882229983e-05
7.551624573e-05
0.000113650988
-0.0003091977286
-0.0001920967614
0.0002080762298
0.000293171496
-0.0005346480329
-0.0004126253178
0.0004035852478
0.0005436408794
-0.000747880525
-0.0006779124877
0.0006189434856
0.0008068123473
-0.0008970539389
-0.0009224668335
0.0008009826271
0.001018510263
-0.0009565483806
-0.001090528733
0.0009108188897
0.001136230465
-0.0009288365084
-0.001155316625
0.0009349620037
0.001149153469
-0.0008353069405
-0.001120424477
0.0008830078715
0.001072670604
-0.0007043447864
-0.001009955914
0.0007779365219
0.0009362971636
-0.000561851788
-0.0008556167277
0.0006458768157
0.0007715175536
-0.0004269814022
-0.0006870457658
0.0005092977346
0.0006046576508
-0.0003107362925
-0.0005262494022
0.0003837290728
0.0004531952717
-0.0002174617813
-0.0003863689586
0.0002775395365
0.0003262443298
-0.000146804909
-0.0002729352363
0.0001934112915
0.0002262963421
-9.583058261e-05
-0.00018600044
0.0001302289421
0.0001515812388
-6.058046482e-05
-0.000122494674
8.490102936e-05
9.81615068e-05
-3.710503095e-05
-7.800026908e-05
5.364956239e-05
6.144839057e-05
-2.200783443e-05
-4.798556571e-05
3.28427384e-05
3.714644796e-05
-1.265542538e-05
-2.853294297e-05
1.93597833e-05
2.182618139e-05
-6.438153683e-06
9.95343685e-06
-1.676647942e-05
-5.215974539e-07
-2.722647262e-16
3.194671566e-07
2.014562997e-07
-1.972946241e-07
7.835266853e-08
-2.527637805e-09
1.210378499e-07
2.989985606e-08
-7.353166565e-08
-1.041411496e-09
4.446594425e-08
1.334928535e-08
-2.707259268e-08
-3.37148181e-09
1.702167866e-08
8.979654323e-09
-1.147053116e-08
-6.042963035e-09
8.588272577e-09
9.649460846e-09
-7.456663113e-09
-9.240835035e-09
7.864954381e-09
1.319339136e-08
-9.863631836e-09
-1.470792585e-08
1.300709723e-08
-2.053840047e-07
-1.357336984e-08
5.016135549e-08
1.684916793e-07
-6.726894982e-06
-1.2473427e-06
2.884619233e-06
5.085936258e-06
-4.179436824e-05
-1.479535748e-05
2.209587937e-05
3.447964713e-05
-0.0001338496857
-6.84416373e-05
8.207248964e-05
0.0001201871899
-0.0002917587168
-0.0001915197351
0.0002012644244
0.0002819627481
-0.0004917840433
-0.0003886252506
0.0003737994561
0.0005065392961
-0.0006884863914
-0.0006292929267
0.0005678605741
0.0007498285666
-0.0008369905532
-0.0008612874574
0.0007404872108
0.0009576819805
-0.0009102953524
-0.001034410505
0.0008560585692
0.001088525517
-0.0009045505984
-0.001118768635
0.0008977693248
0.001125425063
-0.0008338473927
-0.001110086864
0.0008683554576
0.001075462354
-0.0007214122705
-0.001024783935
0.0007845537239
0.0009615451814
-0.0005907237617
-0.0008893877707
0.0006682951356
0.0008117463421
-0.0004609844063
-0.0007317198121
0.0005407754066
0.000651890873
-0.0003446181884
-0.0005743648844
0.000418271955
0.0005007005474
-0.0002478574761
-0.0004321098911
0.0003106112117
0.0003693465156
-0.0001720649258
-0.0003127951461
0.0002222788128
0.0002625685528
-0.0001155795583
-0.0002185404853
0.0001537157422
0.0001803920123
-7.524366175e-05
-0.0001476970882
0.000102963447
0.0001199676361
-4.744077437e-05
-9.666903269e-05
6.68702358e-05
7.723283594e-05
4.214624263e-05
4.75853439e-05
-2.866217904e-05
-6.107377925e-05
-1.512379393e-05
-3.802099238e-05
6.392022903e-16
-2.081805926e-11
1.286455475e-08
-5.433305667e-09
2.37844698e-09
-3.753895547e-13
1.986499105e-09
1.266317653e-09
-1.087388713e-09
-2.013658425e-09
1.642624564e-09
4.314334103e-09
-3.156944817e-09
-6.286281399e-09
5.130895653e-09
7.58735643e-09
-7.10144207e-09
-9.107577277e-09
8.778581509e-09
1.048658646e-08
-1.018019014e-08
-1.083044486e-08
1.164926305e-08
1.661944872e-08
-1.376392947e-08
-1.865486361e-08
1.436564599e-08
-9.897653275e-09
-3.927462221e-08
1.748032527e-09
4.782833861e-08
-6.279175224e-07
-1.755774649e-07
-8.721943592e-07
1.675648494e-06
-2.404811786e-07
-1.037614872e-05
-3.412597786e-05
4.478731231e-05
-9.727227312e-06
-0.0001418685753
-0.0002045088626
0.0003564449926
-4.9293278e-05
-0.000752280212
-0.0005843365408
0.001387108886
-0.0001402667473
-0.002297571269
-0.001049413727
0.003489866331
-0.0002908667348
-0.00493877442
-0.001360652912
0.006594366359
-0.0004849907152
-0.008392895882
-0.0013852351
0.01026809724
-0.0006831992472
-0.01216007566
-0.001172163431
0.01402056599
-0.0008381053765
-0.01581413075
-0.0008602017959
0.01751717576
-0.0009156528462
-0.01911536403
-0.0005659157717
0.02060106921
-0.0009084034227
-0.0219712552
-0.000342722154
0.02322594893
-0.0008324877509
-0.02436697884
-0.0001952104117
0.02539826555
-0.0007160844189
-0.02628891748
0.003190641745
0.02380451722
-0.0005852037872
-0.02077425911
0.003631870072
0.01771154553
-0.0004576814
-0.01481506775
0.003073129009
0.01218432548
-0.0003434633595
-0.009865683687
0.002323389809
0.007872776427
-0.0002479500966
-0.006196841505
0.001619963839
0.004814743704
-0.0001723955294
-0.00369511348
0.001057167702
0.002803189999
-0.0001157004346
-0.002104161436
0.0006503533133
0.001564876425
-7.536238616e-05
0.0003830295902
0.0008450294294
-0.001155409358
-5.317399439e-12
7.354747165e-13
-3.316706453e-12
4.993931225e-12
3.85045151e-09
-1.728874879e-09
-6.812920847e-09
4.704806726e-09
8.644367474e-09
-7.750371523e-09
-1.090441494e-08
1.005335923e-08
1.016728769e-08
-1.130731322e-08
-1.036487413e-08
1.162462305e-08
1.071768054e-08
-1.1436803e-08
-9.979282835e-09
1.129939953e-08
2.200127146e-08
-8.947472672e-09
-2.286611159e-08
9.76805098e-10
1.694984771e-10
-3.120533576e-09
-2.114793194e-09
5.888671524e-09
1.902125741e-06
-2.426920632e-08
-3.261322113e-06
1.385272393e-06
5.169246635e-05
-9.472172116e-06
-7.745072991e-05
3.527467154e-05
0.0002833334126
-9.283955101e-05
-0.0003828987635
0.0001926424168
0.0007446861776
-0.0003347572956
-0.0009154332308
0.0005061126861
0.001235900352
-0.0006834771074
-0.001391806649
0.0008403614146
0.001487488997
-0.0009543649752
-0.001544320465
0.001012334089
0.00140898353
-0.001011869833
-0.001355972086
0.0009599043405
0.001107662771
-0.000869359535
-0.0009928868917
0.0007553908376
0.0007499779657
-0.0006323465052
-0.0006288078531
0.0005117216778
0.000448774469
-0.0004014792858
-0.0003530547336
0.00030609117
0.0002414870427
-0.0002272086718
-0.0001785487208
0.0001644554019
0.0001182104164
-0.0001162107575
-8.217349585e-05
8.027067485e-05
2.66256139e-05
-5.420329507e-05
-3.465536903e-05
6.22790094e-05
-0.001459526478
-0.0008620882407
0.0002266380784
0.00210146207
-0.002326412389
-0.003496660997
0.0009373874504
0.004893403651
-0.002638559592
-0.006155111836
0.001615124626
0.007183296519
-0.00251189099
-0.007920201074
0.002087899975
0.008343969641
-0.002122956624
-0.008462885793
0.002275140012
0.008306069292
-0.001632650512
-0.007917801016
0.002191312359
0.007351860764
-0.0006687238307
0.002058253377
-0.006646209016
-2.908199303e-13
2.218203552e-13
1.293513109e-14
-7.803301336e-09
1.112656156e-08
-1.613494621e-08
1.28345148e-08
1.224985149e-08
-1.436685828e-08
-1.163022924e-08
1.379818116e-08
9.452798928e-09
-1.220043431e-08
-7.599891048e-09
1.041918318e-08
8.480970605e-09
-9.268537413e-09
-8.016805694e-09
9.317173078e-09
1.241467434e-08
-1.042373021e-08
-1.24560845e-08
1.163497536e-08
4.970001399e-09
-2.287827916e-08
-1.16787847e-08
2.207113698e-08
5.525826042e-06
-2.26389657e-08
-9.325674522e-06
3.8272e-06
0.0001152087841
-2.352757222e-05
-0.0001700053512
7.841980262e-05
0.0005109911486
-0.0001854620933
-0.0006723949101
0.000347283372
0.001105749039
-0.000546694754
-0.001309692821
0.0007515288569
0.00153338491
-0.000926187524
-0.001648721144
0.001042750151
0.001562538469
-0.001087863769
-0.00153663742
0.001063217228
0.001267505642
-0.0009818934182
-0.001147440262
0.000862859595
0.0008620363842
-0.0007256831957
-0.0007225250266
0.0005868888955
0.0005094494008
-0.000458218307
-0.0003972809633
0.0003464858743
0.0002677818123
-0.0002543564084
-0.000194815044
0.0001816261155
0.000126952127
-0.0001263352672
-8.619772864e-05
8.569621859e-05
5.47729197e-05
-5.673959812e-05
-3.467570555e-05
3.669318313e-05
2.164283215e-05
-2.318606935e-05
-1.274998031e-05
1.431357487e-05
3.869306633e-06
-8.627537837e-06
-4.283125378e-06
9.050140198e-06
-0.0002415895583
-9.265121803e-05
3.799828984e-05
0.0002984193412
-0.0006765538882
-0.0006346001738
0.0002128260155
0.001103019503
-0.001188996126
-0.00169038213
0.0005161059631
0.002370394291
-0.001656933434
-0.00310766093
0.0009141191843
0.003859368277
0.001421955778
0.005141362325
-0.001984754133
-0.004569208611
-3.821620296e-08
1.127629224e-15
2.029821488e-08
1.795902612e-08
-1.234059155e-08
8.528034425e-09
-4.949973765e-09
8.811169161e-09
5.690692766e-09
-6.718767508e-09
-5.059215456e-09
6.135463455e-09
8.668730624e-09
-7.176187215e-09
-1.057974493e-08
9.135261116e-09
1.292202905e-08
-1.108864224e-08
-1.350286247e-08
1.247925664e-08
1.168462349e-08
-1.322935206e-08
-1.000101767e-08
1.30433641e-08
1.570596884e-05
-1.309655775e-08
-2.642299727e-05
1.074297601e-05
0.0002486082675
-5.757074154e-05
-0.0003598466036
0.0001690095477
0.0008707598612
-0.0003545277994
-0.001107289004
0.0005917487347
0.001517134043
-0.0008341388739
-0.001713276421
0.001031473537
0.001724416745
-0.001148372526
-0.001747550679
0.001172860967
0.001463212727
-0.00111427381
-0.001343055503
0.0009952777291
0.00100180942
-0.0008428388751
-0.000839473297
0.0006813134276
0.0005821148239
-0.0005286601741
-0.0004485255789
0.0003955556807
0.0002968594402
-0.0002863995555
-0.0002113762336
0.0002011727078
0.0001352633288
-0.0001373272295
-8.902053181e-05
9.12055971e-05
5.555516492e-05
-5.898577756e-05
-3.369198737e-05
3.717371627e-05
2.070183313e-05
-2.284095134e-05
-1.152712386e-05
1.368550341e-05
7.027477063e-06
-7.993314143e-06
-3.572399296e-06
4.544758795e-06
2.161400599e-06
-2.508026387e-06
-9.877024928e-07
1.336331362e-06
1.815169143e-07
-6.859559378e-07
-1.365055049e-07
6.416526779e-07
-5.333371223e-05
-1.869560292e-05
1.070188865e-05
6.177421156e-05
-0.0001819748308
-0.0001418151587
5.473797503e-05
0.0002703175679
0.000144894277
0.0007158761597
-0.0004009470508
-0.0004573498838
-0.0004653580551
-0.001279553058
-5.644788607e-16
7.603569341e-15
-6.584118789e-09
6.471341877e-09
-6.698123554e-09
6.839970352e-09
6.191971315e-09
-5.483682297e-09
-7.882355511e-09
7.186530399e-09
1.321438772e-08
-1.054966747e-08
-1.582764246e-08
1.313013842e-08
1.373510639e-08
-1.390493903e-08
-1.286905683e-08
1.302506417e-08
8.174816688e-09
-1.111928329e-08
-6.091985862e-09
8.996595483e-09
4.441092436e-05
-8.988580305e-09
-7.459534066e-05
3.022842095e-05
0.0005147984164
-0.0001376258324
-0.0007265270808
0.0003497574342
0.00137872877
-0.000640068183
-0.001674857588
0.0009372628993
0.001878621574
-0.001165350866
-0.001989879633
0.00127805516
0.001707596588
-0.001268740402
-0.001598901765
0.001161369367
0.001181775378
-0.0009936175896
-0.0009899811425
0.0008027547047
0.0006711644126
-0.0006174310353
-0.0005082627615
0.0004550723957
0.000328504588
-0.0003231174704
-0.0002270268885
0.0002219162672
0.0001424485964
-0.0001477940439
-9.007389881e-05
9.554528886e-05
5.503484406e-05
-5.997345084e-05
-3.156555368e-05
3.65547997e-05
1.899653819e-05
-2.164234224e-05
-9.786715757e-06
1.24502391e-05
5.894556063e-06
-6.95898767e-06
-2.705356978e-06
3.775204212e-06
1.640008739e-06
-1.981700096e-06
-6.575600728e-07
1.000716816e-06
3.952876275e-07
-4.813236463e-07
-1.307198563e-07
2.171098679e-07
4.806993432e-08
-8.978191564e-08
-1.718577925e-08
5.888465873e-08
-1.837258444e-06
-2.322187615e-07
2.616129941e-07
1.819156369e-06
-1.474724795e-05
-6.731406802e-06
3.535707208e-06
1.799354419e-05
-5.336940711e-05
9.154611902e-06
8.376941016e-05
-3.944168824e-05
-4.851194977e-14
-5.960450691e-13
-3.030163485e-13
1.23480373e-08
-2.47437325e-08
1.235344273e-08
1.772154936e-08
-1.752516812e-08
-1.702993572e-08
1.677450439e-08
1.051526168e-08
-1.344469895e-08
-6.774840127e-09
9.664866216e-09
3.81221256e-09
-6.615920512e-09
-1.714037654e-09
4.416119835e-09
0.0001252272952
-4.388829347e-09
-0.0002101335448
8.500572018e-05
0.001009046309
-0.0003185009028
-0.001375086702
0.0006853066828
0.001975708854
-0.001070177588
-0.002248761347
0.001344720058
0.002022389975
-0.001444027288
-0.001954355938
0.001377526856
0.001423175153
-0.001198185495
-0.001191424513
0.0009675296248
0.0007825898057
-0.0007347448952
-0.0005770919091
0.000529862583
0.0003612782926
-0.0003656809612
-0.0002383031193
0.0002430007869
0.0001467403341
-0.0001561954428
-8.779197064e-05
9.737478866e-05
5.284564604e-05
-5.886301278e-05
-2.833851868e-05
3.440535376e-05
1.649069217e-05
-1.939319984e-05
-7.619882682e-06
1.053823665e-05
4.486525049e-06
-5.523551395e-06
-1.750799181e-06
2.791954654e-06
1.074340949e-06
-1.357003929e-06
-3.45833324e-07
6.293929493e-07
2.17145044e-07
-2.74668358e-07
-5.255393198e-08
1.102395938e-07
3.19188269e-08
-3.932709384e-08
-4.47806035e-09
1.190526316e-08
2.023698471e-09
-2.85283236e-09
-8.298307441e-11
8.283742729e-10
-2.686048818e-08
-7.294614599e-10
1.897167738e-09
2.555190109e-08
2.499947964e-08
8.778582597e-07
-7.153885156e-07
-1.905340932e-07
4.400416155e-08
4.78740927e-08
-2.130962673e-08
-4.241464751e-13
1.027638799e-08
1.099789744e-08
-4.857723743e-09
2.634234151e-09
-1.803041438e-17
2.214231292e-09
3.471025137e-10
-1.051432384e-09
-2.215938729e-18
6.941210411e-10
0.0003524576948
-6.98396186e-10
-0.0005908856241
0.0002386834821
0.001831630646
-0.0007021601255
-0.00237235472
0.001244225838
0.002447431747
-0.001602935981
-0.002512631631
0.001669945381
0.001772958756
-0.001500383435
-0.001481860757
0.001210619611
0.0009244647528
-0.0009003973974
-0.0006510766049
0.0006277191352
0.0003908758003
-0.0004150033859
-0.000238048158
0.0002624855233
0.000143794284
-0.0001599082589
-7.803019487e-05
9.426624137e-05
4.809703142e-05
-5.387503731e-05
-2.400351306e-05
2.982841195e-05
1.361293268e-05
-1.589895179e-05
-5.718328273e-06
8.019300704e-06
2.952041936e-06
-3.783420243e-06
-8.519926108e-07
1.686245182e-06
5.346356012e-07
-7.124116249e-07
-1.045780925e-07
2.82702714e-07
7.870276168e-08
-1.027107339e-07
-8.637399888e-09
3.266129598e-08
7.013103063e-09
-8.466491205e-09
-1.765386176e-10
1.620247697e-09
1.613578106e-10
-2.382622647e-10
2.78603654e-12
6.779633747e-11
8.732671647e-12
4.675302305e-11
-1.133036312e-11
-4.363756755e-11
-4.357893904e-11
1.514300508e-11
2.058461359e-10
-1.147328384e-10
-8.096266158e-21
-8.965472484e-37
8.862899269e-21
4.224629817e-21
-8.661300824e-21
1.493731179e-19
-6.702743867e-19
4.189112119e-19
0.0009898746888
-5.074119001e-11
-0.001656626675
0.0006674121606
0.00296697617
-0.001431206405
-0.003549686201
0.002015998387
0.002380532765
-0.00200868074
-0.002000612476
0.00163049784
0.00110805775
-0.00116267944
-0.0007047778823
0.0007602342277
0.0004032357598
-0.000466586528
-0.0002086300116
0.0002722931682
0.0001265117089
-0.0001524250584
-5.633718622e-05
8.235559553e-05
3.74796135e-05
-4.302363952e-05
-1.606855492e-05
2.165067474e-05
1.117458364e-05
-1.034801097e-05
-5.438477176e-06
4.629854736e-06
2.103706373e-06
-1.867593154e-06
-8.972682972e-07
6.659981077e-07
1.253296033e-07
-1.615760817e-07
-1.076388978e-14
3.611303538e-08
5.595647498e-09
-6.430928492e-09
-6.430792911e-16
7.645645461e-10
6.643129783e-11
-1.076130377e-10
8.221969255e-12
3.062303754e-11
-6.404887453e-12
-1.575780616e-11
4.789469557e-12
1.878770978e-11
7.493725199e-12
1.915932966e-11
-5.965338723e-12
-2.008725343e-11
-6.975389559e-14
-2.100597774e-11
8.788337586e-10
9.12932976e-19
-1.566621894e-09
-0.004612644378
0.001846469913
0.002768025547
-0.002504906708
-0.004235050473
0.002728823496
0.004013763678
-0.001709974155
0.001370707683
-0.0005982932054
0.0009385427284
0.0003451400866
-0.0004828710659
-0.0001002723898
0.000238268026
8.233149617e-05
-0.0001139820105
-2.101545551e-05
5.273436061e-05
2.029083703e-05
-2.355439301e-05
-6.781388493e-06
1.006898978e-05
6.982088518e-06
-3.9276839e-06
-4.199961262e-06
1.164097481e-06
3.359875619e-06
1.774194903e-07
-2.758067415e-06
-7.533068236e-07
9.628464709e-07
4.823892826e-07
-1.439811831e-06
2.374806122e-14
-1.29966749e-15
-1.479925702e-13
4.115840239e-14
1.113372706e-13
2.077169171e-14
6.794226252e-14
-1.904796461e-16
-8.421436112e-14
-1.140460723e-12
1.793275992e-12
4.217684982e-12
-3.213977242e-12
-8.45899365e-12
7.987438471e-12
-3.883871265e-12
-2.085405159e-11
-1.234610378e-09
1.338880623e-09
3.489888432e-08
-5.727928836e-07
5.94069584e-07
2.208444488e-07
-4.001297173e-06
-2.731378878e-07
4.066013122e-06
5.226058528e-07
-3.362537888e-06
-1.122493975e-06
3.994739201e-06
1.55515463e-06
-3.161232572e-06
-1.525978867e-06
3.143098295e-06
1.46261048e-06
-3.095720782e-06
-1.332695875e-06
2.973882802e-06
1.064521176e-06
-3.206908959e-06
2.989996889e-13
2.151926691e-06
-4.077253869e-13
3.087264898e-13
-1.134436274e-13
-3.0665774e-14
-2.119772921e-13
-1.236974599e-11
-5.491285875e-11
-9.038987906e-12
-6.811005603e-12
-3.958635143e-11
2.517654719e-13
2.73263072e-11
-1.074065913e-12
-1.743253716e-11
-1.164760955e-12
1.422486809e-11
-5.545047898e-12
-1.070785366e-11
-2.887811529e-11
4.279986431e-10
-2.929081095e-11
-1.398675274e-10
1.366056364e-12
9.969809469e-10
6.664234739e-11
-2.099962748e-10
5.367241419e-11
3.626272809e-10
3.001449232e-11
-8.786390264e-11
-6.638590505e-14
3.051318493e-12
-4.955360757e-12
2.859047564e-12
4.417895797e-12
-2.631578531e-12
-2.185424629e-10
-4.602163212e-11
-3.822107663e-10
-1.238445917e-11
1.519670589e-11
-7.429154088e-12
-1.092551021e-11
-6.551989188e-12
3.430256882e-11
-5.488430314e-12
-2.735427508e-11
7.493730194e-11
-3.409746441e-12
3.911393997e-10
2.621164917e-10
-3.283114545e-10
5.832627565e-10
2.035532671e-09
9.2011196e-10
-1.385503301e-09
1.481429192e-09
-2.811269482e-09
-1.442862698e-10
-3.156195308e-10
-1.829277837e-10
5.667720302e-10
-1.364499768e-10
-3.376451836e-10
1.009825979e-09
-1.022525826e-09
1.539046263e-09
7.520618027e-10
-8.988336828e-10
-3.970033098e-12
3.586100886e-12
-1.179945686e-11
-2.81901556e-12
-2.81355318e-11
1.190004142e-10
-4.739909539e-11
-4.192477099e-11
1.652013787e-10
-2.593411484e-10
1.970652181e-10
1.089377839e-10
-7.375963537e-11
7.802850041e-11
-3.952824623e-11
-5.127258845e-13
2.1953973e-13
-1.273188532e-13
-6.033187442e-13
6.880665439e-12
-5.728635876e-12
-8.012595576e-12
-4.514921054e-12
-1.478516589e-16
-5.529108927e-12
3.547670673e-13
1.218932896e-10
-7.055218837e-11
-8.020435152e-11
0.007503915054
0.006006347319
0.004028891972
-1.653823555e-11
0.002163021959
0.001865521268
1.189304884e-10
-8.586937918e-11
5.024619421e-11
1.984057797e-10
-5.587746561e-11
4.024986004e-05
-0.002756582809
0.001559933739
0.001236662347
1.169302822e-10
-9.527322086e-11
6.979497166e-11
-3.644195545e-11
6.001143379e-05
-0.0001216047357
0.0001369488028
-6.815146036e-11
0.0001294174032
7.113528887e-05
-7.597390351e-05
0.0001341867057
2.194679572e-11
-1.719488588e-11
1.181148068e-11
-3.278238878e-12
0.0002015256227
-3.750030458e-05
0.0001424612988
7.823985189e-05
0.0001392917945
-7.51421514e-05
2.556788791e-12
-3.01578125e-12
1.726611393e-13
3.966108398e-12
1.129020922e-13
6.621368797e-05
-8.833223655e-05
0.0001328052972
-5.295097754e-12
0.0002156082999
0.0001301863676
-6.688169277e-05
0.0001522172589
2.824884835e-12
-2.604150954e-12
3.359924901e-12
0.0001379034643
6.844619535e-05
-7.189661219e-05
0.0001412869865
1.614647963e-09
-5.312723835e-09
-5.329355908e-11
1.131444968e-09
0.0001386627629
7.42120102e-05
-7.513558179e-05
0.000139516495
5.964836085e-08
-1.2063611e-07
-8.259722719e-09
3.657747159e-08
0.000142642798
7.434378875e-05
-7.154229673e-05
0.0001397730171
5.445216537e-07
-8.638542431e-07
-1.18397378e-07
3.086919997e-07
0.0001384290971
6.511167983e-05
-5.129159295e-05
0.0001245490983
2.316495386e-06
-3.314005901e-06
-6.763356793e-07
1.312675691e-06
2.957611566e-07
-2.971309897e-07
9.379534526e-08
-9.646988373e-06
2.84782423e-07
-2.872241181e-07
4.450577162e-07
-2.627249907e-05
9.234577013e-15
4.880862523e-09
-6.319170421e-09
1.084571152e-09
1.265727542e-07
0.0001173147338
-0.0001505887165
-3.114925374e-05
5.541447307e-05
-2.158910643e-05
-4.387856529e-11
1.293030695e-10
-1.282017884e-10
-9.52901488e-14
0.003673777167
-0.003970803251
-0.0002914011817
5.832547475e-11
4.348426942e-11
-0.008483349434
-1.480983191e-12
1.44817622e-08
-3.105580363e-08
1.659329628e-08
6.689849396e-09
0.003384806196
-0.002419421225
-0.001563117696
-0.0007802827619
1.32747595e-15
3.430110939e-09
-6.308180133e-09
2.900029074e-09
1.142694068e-08
0.0002305255913
-0.0001383495787
-1.435393304e-06
5.337720355e-05
-0.0005611481113
1.286312187e-08
1.388301243e-08
-1.205924177e-05
4.72350457e-13
-6.113878498e-13
1.755485413e-13
-2.317703178e-08
-7.619514232e-07
-7.505810253e-13
4.303514694e-13
2.261106008e-08
-4.841172539e-18
2.604116982e-17
-1.782602417e-20
1.578484832e-17
5.399916167e-09
3.892306601e-11
-3.004365874e-11
-1.12815238e-11
2.881937698e-11
-1.080624457e-11
-2.712219279e-10
3.811772426e-35
-3.548868001e-22
3.895368163e-22
2.305267355e-22
1.556728511e-11
-1.956173882e-11
-4.051387397e-12
-4.172654622e-12
-1.184538522e-11
0.002720254143
0.004363398627
0.00266210548
0.003707391296
0.002503333015
0.001501066497
-3.926196922e-11
0.001003624708
0.002521733555
2.101196117e-13
-1.809799888e-13
-4.25918892e-13
6.152487286e-13
-4.962830815e-13
1.655253709e-12
-1.339932185e-12
-3.743464908e-12
-1.759486114e-12
3.725652183e-08
5.924039577e-06
-6.12211923e-07
5.587037074e-06
-1.265288747e-06
3.660318877e-06
-1.39783559e-06
3.927681388e-06
-1.418923396e-06
3.209211306e-06
-1.428654601e-06
3.684823363e-06
-1.415394473e-06
3.143113626e-06
-1.383372152e-06
3.089312683e-06
-1.341789513e-06
2.977407864e-06
-1.428628426e-06
2.716740247e-06
3.454919347e-13
-8.708408258e-14
-5.931918669e-12
3.271585379e-11
-6.014354132e-12
-2.607947126e-11
-3.407520483e-12
1.533717286e-11
-4.244475795e-13
-1.347805778e-11
-2.177304738e-13
7.075256715e-12
-4.216656438e-13
-4.375033505e-12
4.716673827e-13
3.173447147e-11
4.156031983e-12
-1.213112275e-11
3.09133118e-12
8.120178e-12
-8.239744537e-14
1.087790319e-11
-1.061215493e-13
7.194097398e-12
7.728726063e-13
-3.42596579e-12
2.166478879e-12
3.650666457e-12
2.978732003e-12
-2.753266894e-12
2.955469542e-12
1.898715366e-12
-1.483900885e-12
-8.81991015e-11
2.600216888e-10
-3.910977681e-11
-1.684886019e-10
-5.634030458e-12
8.020697666e-12
-4.383851191e-12
-5.979444367e-12
-4.418364498e-12
2.112332968e-11
-3.191712462e-12
-1.581654717e-11
-3.367353971e-12
2.011353369e-11
-3.88062152e-12
-1.478411017e-11
-2.547838943e-12
1.20737379e-11
-1.736526905e-13
-1.101755395e-11
2.873519228e-14
2.789948961e-12
-9.13665731e-14
-2.458932298e-12
1.675962498e-13
7.210939345e-12
1.101971467e-12
-3.770545239e-12
2.653100572e-12
-6.138690701e-11
6.734916754e-12
8.876314994e-12
2.773418042e-12
2.49230776e-12
2.530002131e-12
-1.778716062e-12
2.459872722e-12
2.306183912e-12
2.386120158e-12
-1.818608185e-12
2.430904869e-12
1.211985723e-12
1.75534159e-12
-1.044674742e-12
4.945342444e-11
2.566201129e-10
1.634566671e-10
-1.899797097e-10
3.501428896e-10
1.007319448e-09
5.96009755e-10
-6.807400986e-10
8.509120964e-10
1.767150984e-09
-1.153288517e-09
-5.408588112e-11
1.855691587e-10
-4.60643613e-11
-9.303653398e-11
-3.32234897e-11
1.025874997e-10
-1.739431581e-11
-5.732996252e-11
-2.412342144e-12
4.729881851e-12
-1.513123663e-12
-4.966468328e-12
-2.478255625e-12
1.128460697e-11
-1.696827043e-12
-7.353720108e-12
-1.599320457e-12
1.003821631e-11
-1.904460945e-12
-5.932844438e-12
-1.652483523e-12
9.960752087e-12
-4.029243874e-13
-8.373967297e-12
-9.404162323e-14
2.464392675e-12
8.032989504e-14
-1.860341362e-12
1.184441203e-13
1.676354512e-12
3.246838424e-13
-6.787004539e-13
7.448509688e-13
1.105747104e-12
1.028557715e-12
-4.017840463e-13
1.163939651e-12
1.116649449e-12
1.260502382e-12
-5.982905085e-13
1.358845666e-12
1.353173018e-12
1.473954909e-12
-9.73573274e-13
1.60814036e-12
1.040047046e-12
1.097594748e-12
-1.432769341e-12
2.883303392e-11
1.330905893e-10
8.233018609e-11
-8.731061247e-11
1.577178895e-10
4.246741233e-10
2.455744067e-10
-2.416085822e-10
3.287182717e-10
6.816594007e-10
3.761544811e-10
-3.589178602e-10
3.509311902e-10
4.933880444e-10
-2.247874167e-10
-2.427572034e-14
9.742829664e-15
2.210601184e-15
-3.578713958e-14
-1.648395517e-12
1.17013654e-11
-6.229422579e-12
-1.01626225e-14
-1.205923634e-11
4.20021865e-11
-1.033023541e-11
-1.647048866e-11
-8.758615263e-12
2.763948843e-11
-5.516931484e-12
-9.407588778e-12
-2.607146765e-13
6.505873603e-12
1.441625257e-12
-3.945475356e-12
-7.647854477e-13
3.904359658e-12
-6.165296526e-13
-1.1343697e-12
-4.599934636e-13
2.603894662e-12
-5.235722205e-13
-4.976474457e-13
-4.47635264e-13
5.95426572e-12
-2.173082378e-13
-3.051107023e-12
-3.916786093e-14
1.138800962e-12
8.039823859e-14
-6.309809156e-13
7.740855118e-14
3.365039775e-13
7.039948354e-14
-1.815270146e-13
1.105982043e-13
1.464278444e-13
1.594240391e-13
-8.075507554e-14
2.193441208e-13
2.888835882e-13
3.025391905e-13
-1.584391771e-13
4.800678381e-13
6.786723429e-13
7.214608108e-13
-4.680304042e-13
1.107528905e-12
2.503451986e-12
2.04779646e-12
-3.984145723e-12
1.388576121e-11
5.23659864e-11
3.095209803e-11
-2.698433219e-11
4.95853574e-11
1.221239217e-10
6.709884373e-11
-5.173398337e-11
8.028454001e-11
1.634868553e-10
8.258455532e-11
-6.00999054e-11
6.560544858e-11
7.884881349e-11
3.680878594e-11
-1.809958188e-11
1.747335126e-11
1.925957874e-11
1.0435687e-11
-2.416527015e-12
7.868122289e-12
8.715007496e-12
-3.869118917e-12
9.629419335e-13
6.91660628e-13
3.76141198e-13
-8.513205558e-14
8.722146143e-14
2.237640632e-14
2.046770974e-14
7.184603085e-14
5.793373911e-15
4.009286487e-15
2.43961897e-15
-1.559751089e-16
1.012933153e-15
7.334482425e-16
4.223285062e-16
-2.150127197e-18
-2.921541792e-13
7.098461445e-13
-5.362894366e-13
-1.986549914e-19
-9.790614814e-14
1.088911691e-13
-2.136831053e-14
-5.745988418e-20
-6.515266318e-15
2.698044455e-14
-2.373149143e-15
-4.188638153e-20
-1.157093193e-15
5.362072038e-15
-2.808020813e-15
-1.16162896e-20
1.128204768e-14
6.073845214e-13
9.651916764e-14
-1.699016719e-16
6.508439115e-14
3.642080695e-13
-3.673461447e-15
-6.23680122e-14
4.802585539e-14
1.086947918e-13
4.01247873e-14
-7.854019736e-14
4.813880085e-14
1.079267089e-13
1.118527873e-13
-1.921201126e-13
3.48873e-13
2.071732597e-13
1.972939776e-13
-4.014683526e-13
1.912991749e-13
3.396753257e-13
3.83025824e-13
-2.583208829e-13
4.089274288e-13
3.902110819e-12
1.943719455e-13
-7.278525991e-13
3.105313125e-12
9.835462891e-12
6.027293373e-12
-1.102093357e-12
7.751069371e-12
1.544563255e-11
8.614647904e-12
-9.013514488e-13
8.855281135e-12
1.443612002e-11
8.73737919e-12
-7.127776498e-13
8.398782015e-12
4.327454816e-12
6.856865302e-12
-1.281937937e-12
4.951621984e-12
2.559583734e-12
5.477556234e-12
-3.850267807e-12
1.008087794e-11
7.01994886e-12
2.115974152e-11
-1.375279791e-11
4.086120513e-11
2.716839452e-11
-3.679147328e-11
0.001161363042
-1.200610566e-12
0.0006233511721
0.0005379284724
0.0003344484654
-1.78286004e-13
0.0001793500991
0.0001550761567
9.61182143e-05
-9.029441004e-15
5.146331088e-05
4.464872781e-05
2.750922836e-05
-8.556088006e-16
1.466116868e-05
1.284631764e-05
7.770529594e-06
-6.761117904e-17
4.077581903e-06
3.692453792e-06
2.102095084e-06
-7.249764282e-18
1.051058707e-06
1.050894121e-06
4.994413335e-07
-9.851028035e-19
2.185126393e-07
2.808845568e-07
8.364828412e-08
-1.021818454e-19
2.570959639e-08
5.792230243e-08
5.458004164e-09
-5.61096671e-15
6.016078289e-10
4.851054705e-09
1.915902868e-11
7.55743504e-14
8.965620051e-14
1.875505396e-11
1.067249747e-15
6.266468447e-17
7.043329918e-17
9.101600171e-16
1.906183778e-17
1.278873433e-13
8.904870106e-13
2.232534869e-12
1.161661898e-12
3.924821597e-13
5.292751802e-13
3.419705964e-13
1.479203657e-13
1.324840691e-13
2.235676194e-13
1.185953715e-13
2.072569858e-12
1.078490969e-12
1.641949252e-12
-2.706993134e-12
1.975742187e-12
8.158113056e-13
1.904310574e-12
-5.642384978e-13
1.845141711e-12
7.621033596e-13
1.820970096e-12
-4.381659868e-13
1.842501259e-12
8.114410371e-13
1.976856365e-12
-6.213484363e-13
2.443093938e-12
1.918716188e-12
3.904931796e-12
-2.252618545e-12
8.065748579e-12
5.975346689e-12
1.561982782e-11
-7.221533159e-12
2.669114988e-11
1.722360921e-11
4.162170577e-11
-1.695730047e-11
6.102205877e-11
3.67262748e-11
-3.243906564e-11
0.002535634447
-0.002537666977
0.00274011293
0.002332813536
0.002460726945
-0.001232036318
0.001986159525
0.001706353159
0.001495026353
-0.0004992822343
0.001071120542
0.000923058455
0.0007396122651
-0.0001852540298
0.0004962767956
0.0004285308789
0.000325476703
-6.52476359e-05
0.0002094860844
0.0001812139293
0.0001327116919
-2.2204479e-05
8.29238761e-05
7.198277631e-05
5.117184661e-05
-7.359580966e-06
3.120501167e-05
2.732284022e-05
1.879786396e-05
-2.362724078e-06
1.116918058e-05
9.990099489e-06
6.527588898e-06
-7.079798875e-07
3.734910822e-06
3.500185711e-06
2.077706035e-06
-1.811611255e-07
1.112648502e-06
1.146048204e-06
5.655570976e-07
-3.265174281e-08
2.673267531e-07
3.308195413e-07
1.139461637e-07
-2.248531424e-09
4.186595153e-08
7.430507619e-08
1.238134859e-08
-7.940739789e-12
2.63541881e-09
9.744725494e-09
3.230700262e-10
-6.466794281e-11
1.830114934e-11
3.716136969e-10
2.612017751e-12
-3.443545468e-11
3.762561197e-12
4.740645494e-11
2.19629913e-12
6.71320768e-13
1.683896035e-12
-5.154284635e-13
1.130546109e-12
3.442672413e-13
1.025112831e-12
-3.219459983e-13
1.040019049e-12
2.745783237e-13
1.088881827e-12
-2.34291005e-13
1.177059198e-12
4.143441123e-13
1.34245972e-12
-2.782920653e-13
2.62429663e-12
2.483875122e-12
5.47166523e-12
-2.221492342e-12
9.881396737e-12
7.041981952e-12
1.593603324e-11
-6.190945482e-12
2.37628787e-11
1.503328488e-11
3.350398496e-11
-1.250200012e-11
4.533216021e-11
2.694249148e-11
5.944463807e-11
-2.112015504e-11
7.611151193e-11
4.39987348e-11
-3.248784438e-11
0.0001477295033
-0.0005817867235
0.0004719446919
0.0002575232922
0.00102772267
-0.001807510827
0.001568736158
0.001266311339
0.001924799864
-0.001849966855
0.002045821808
0.001728703548
0.001965351263
-0.001285648784
0.001751963562
0.001498832416
0.001474157088
-0.0007291321489
0.001184769998
0.001018383109
0.0009172476611
-0.000364352677
0.0006883677939
0.0005931544257
0.0005032003256
-0.000166975889
0.0003596566763
0.0003104791239
0.0002520851189
-7.185778308e-05
0.0001736612815
0.0001502622325
0.0001177976066
-2.94501118e-05
7.877876012e-05
6.846017507e-05
5.198059199e-05
-1.156451401e-05
3.384909031e-05
2.969220813e-05
2.174547291e-05
-4.330979596e-06
1.376688631e-05
1.230796987e-05
8.572000413e-06
-1.516415506e-06
5.233250963e-06
4.854511147e-06
3.118548609e-06
-4.740688472e-07
1.802578832e-06
1.789774204e-06
1.001960316e-06
-1.206758057e-07
5.292644291e-07
5.932647791e-07
2.613514873e-07
-2.069654783e-08
1.179042574e-07
1.641000974e-07
4.701723527e-08
-1.522187727e-09
1.578306223e-08
3.27386046e-08
4.138018753e-09
-1.23489317e-11
7.511777889e-10
3.392328532e-09
7.85884076e-11
6.462678809e-13
7.827519036e-12
6.879336688e-11
2.146219913e-12
1.610918418e-13
1.541163128e-12
7.749307404e-13
1.305784443e-12
1.561771326e-13
9.627896377e-13
1.675538404e-13
1.311279017e-12
1.645003981e-12
3.38643247e-12
-7.075613813e-13
6.585600127e-12
4.890704615e-12
1.068494674e-11
-3.085087183e-12
1.545473351e-11
9.546100926e-12
2.069595132e-11
-6.216527853e-12
2.638172813e-11
1.513419606e-11
3.257743681e-11
-9.177407634e-12
3.939469978e-11
2.189509424e-11
4.719536624e-11
-1.261574372e-11
5.639973261e-11
3.162133059e-11
-1.81674e-11
0.0001553004404
-9.899462844e-05
0.0002515841699
2.703924774e-06
0.0004660954054
-0.0008270559674
0.0007871952027
0.0005058835622
0.001141714198
-0.001462844989
0.001450726059
0.001153681529
0.001659319171
-0.001545814429
0.001745662486
0.001459282498
0.001716510049
-0.001237740814
0.001596672979
0.001357403773
0.001418100805
-0.0008301359428
0.001211169047
0.001036935482
0.001000335993
-0.0004918543231
0.0008025465425
0.000689556274
0.0006276787949
-0.0002658051291
0.0004799995701
0.0004134320954
0.000359801408
-0.0001337966046
0.0002648950479
0.0002286741433
0.0001918696406
-6.361508565e-05
0.0001369077585
0.0001185620508
9.633022224e-05
-2.880696581e-05
6.688242001e-05
5.824743803e-05
4.583796688e-05
-1.24568424e-05
3.100702133e-05
2.728433789e-05
2.069147222e-05
-5.118350906e-06
1.3606003e-05
1.22022527e-05
8.800451103e-06
-1.965379056e-06
5.584360035e-06
5.180776471e-06
3.463609516e-06
-6.814257544e-07
2.089248258e-06
2.055484085e-06
1.217437899e-06
-2.00000237e-07
6.792166017e-07
7.380902741e-07
3.584885713e-07
-4.400059001e-08
1.761152729e-07
2.263186496e-07
7.874716467e-08
-5.63784392e-09
3.104899056e-08
5.33122671e-08
1.03151269e-08
-2.158679422e-10
2.693927666e-09
7.826337764e-09
4.950056745e-10
-2.242888268e-12
5.176202366e-11
4.413661772e-10
2.97030284e-12
-6.08376624e-13
3.996055795e-13
3.510263318e-12
1.485624638e-12
1.14823162e-12
3.694251974e-12
1.30067709e-12
5.698861409e-12
2.937996845e-12
6.883552752e-12
-3.089036371e-13
7.755133924e-12
3.894345429e-12
8.650603727e-12
-3.454518951e-13
9.741485054e-12
5.194509762e-12
1.124144828e-11
-5.836292477e-13
1.36287859e-11
8.146628312e-12
-1.019976482e-12
0.0001385866289
6.780192568e-05
0.0001472242944
-7.647657933e-05
0.0002458205344
-0.0002795168497
0.0004207859382
0.0001045294626
0.0006524618208
-0.0008586431989
0.0009145050775
0.0005965268057
0.001169718089
-0.00128852942
0.001382322284
0.001075798015
0.001526838594
-0.001376007195
0.001591823738
0.001310866116
0.001579249952
-0.001185809412
0.001500849582
0.001264057871
0.001373665043
-0.0008781853113
0.001216393269
0.001035331637
0.001046055661
-0.0005804832069
0.0008763889886
0.0007500584541
0.0007172316753
-0.0003510503523
0.0005746648488
0.0004935567854
0.0004516653864
-0.0001976031409
0.0003488227027
0.0003004090153
0.0002650952475
-0.0001048298533
0.0001984704669
0.0001714337094
0.0001465285264
-5.284491179e-05
0.0001067617243
9.260058067e-05
7.680874376e-05
-2.543317448e-05
5.457890283e-05
4.765747918e-05
3.830526543e-05
-1.168725251e-05
2.654422866e-05
2.344571965e-05
1.814800981e-05
-5.096513511e-06
1.222666356e-05
1.101673828e-05
8.102414705e-06
-2.075926872e-06
5.267935296e-06
4.909936794e-06
3.34894727e-06
-7.661579732e-07
2.072321031e-06
2.042589468e-06
1.240860806e-06
-2.427664169e-07
7.134647693e-07
7.700743288e-07
3.899747767e-07
-6.002331353e-08
1.999544829e-07
2.499922227e-07
9.447053019e-08
-9.657407867e-09
4.012909753e-08
6.396701013e-08
1.480649163e-08
-6.834514979e-10
4.517300043e-09
1.095829404e-08
1.055192662e-09
-6.463839066e-12
1.615680999e-10
8.94459944e-10
1.236403456e-11
-1.969291507e-13
7.714271305e-13
1.049200984e-11
8.778026828e-13
-4.898634949e-14
2.418006985e-12
6.500280483e-13
3.03518514e-12
-3.081603298e-14
3.227494541e-12
4.875337278e-13
3.357621517e-12
-3.825417381e-13
8.300426756e-13
0.0001375919938
7.582477959e-05
0.0001393936748
-7.769822135e-05
0.0001398474653
7.652473399e-05
0.0001398098482
-7.655827978e-05
0.0001395419214
2.162052502e-05
0.0001934589264
-7.560204314e-05
0.0003448691329
-0.0003700030775
0.0005402773702
0.0001745438334
0.0007596309881
-0.0008501497285
0.0009820798767
0.0006276246982
0.001185015025
-0.001185542018
0.001348655205
0.0010217905
0.001459267152
-0.001272792239
0.001510699047
0.0012212265
0.001504072289
-0.001145973408
0.001446245046
0.001203665788
0.001347899464
-0.0009050688297
0.001221344295
0.001031506046
0.001078781827
-0.0006449735987
0.0009309977343
0.0007926657199
0.0007865887149
-0.0004228731713
0.0006517242661
0.0005576726146
0.000530343724
-0.0002586817931
0.0004244644543
0.0003645192178
0.0003345097205
-0.0001492139624
0.0002598380864
0.0002238612667
0.0001991147928
-8.178080899e-05
0.0001506362285
0.0001302468618
0.0001125713385
-4.280554857e-05
8.313307497e-05
7.223829173e-05
6.068179578e-05
-2.144433084e-05
4.378010561e-05
3.834399876e-05
3.121045905e-05
-1.026250104e-05
2.197243224e-05
1.949991143e-05
1.526141062e-05
-4.65542306e-06
1.044345461e-05
9.473175185e-06
7.027392374e-06
-1.969302079e-06
4.638040091e-06
4.358512489e-06
2.992379037e-06
-7.544826898e-07
1.879176826e-06
1.86753427e-06
1.142337307e-06
-2.492515326e-07
6.674773986e-07
7.239736765e-07
3.714910436e-07
-6.532269485e-08
1.946272434e-07
2.420947647e-07
9.449877485e-08
-1.168508916e-08
4.164075181e-08
6.450093247e-08
1.617697869e-08
-1.049306803e-09
5.318858906e-09
1.189115398e-08
1.392484843e-09
-1.736103144e-11
2.594916788e-10
1.143402318e-09
2.682726618e-11
-2.168864834e-12
9.505624239e-13
2.557255198e-11
1.450246936e-12
-1.977268372e-12
4.718773565e-12
3.978273345e-12
5.125250075e-12
-8.431591209e-13
1.703333469e-12
0.0001459703631
7.746125118e-05
0.0001432649091
-7.482737221e-05
0.0001418255352
7.613156673e-05
0.0001407127223
-7.508977457e-05
0.0001394906943
7.475690938e-05
0.0001378787319
-7.321470745e-05
0.0001359544909
-2.459094846e-06
0.0002056225285
-6.72418962e-05
0.0003885400725
-0.000413549601
0.0005945298729
0.0002075362046
0.0008060379722
-0.0008349427394
0.001007898924
0.0006330232678
0.001185094009
-0.00112078679
0.001325098615
0.0009806900873
0.001419614585
-0.001208337903
0.001465194319
0.001162644036
0.001463034994
-0.001119888834
0.001418095149
0.001164709366
0.001338016719
-0.0009246656543
0.001231813845
0.001030759755
0.001108726311
-0.0006955791188
0.0009774075524
0.0008268100443
0.0008452465119
-0.0004843442345
0.0007180016138
0.000611526309
0.0005998171274
-0.0003157944549
0.0004933567365
0.0004222157529
0.0003999045788
-0.0001945154868
0.0003197383268
0.0002746614676
0.00025235066
-0.0001139691775
0.000196728837
0.000169583024
0.0001515736914
-6.383998722e-05
0.0001154646174
9.994728934e-05
8.698768648e-05
-3.428474338e-05
6.481890105e-05
5.645376591e-05
4.777050115e-05
-1.765242294e-05
3.481125202e-05
3.061190911e-05
2.507057563e-05
-8.679874556e-06
1.782984765e-05
1.592036057e-05
1.250782546e-05
-4.038026539e-06
8.641700971e-06
7.903610287e-06
5.868384951e-06
-1.746893193e-06
3.906766608e-06
3.70794935e-06
2.541325386e-06
-6.828112669e-07
1.608527664e-06
1.615193168e-06
9.854656066e-07
-2.30208905e-07
5.805440214e-07
6.348972245e-07
3.261083503e-07
-6.203373403e-08
1.728044597e-07
2.152363331e-07
8.517979004e-08
-1.169344675e-08
3.834004033e-08
5.849459287e-08
1.536824492e-08
-1.18675206e-09
5.296764965e-09
1.124153866e-08
1.495747517e-09
-3.357306272e-11
3.164439178e-10
1.205188213e-09
4.178993666e-11
-3.377657087e-12
3.927916303e-11
0.000142250769
7.313542857e-05
0.0001418589617
-7.281280532e-05
0.0001406238563
7.361347068e-05
0.0001385825896
-7.164124819e-05
0.0001355800395
7.065247456e-05
0.0001314624931
-6.660117198e-05
0.000126158097
6.465825511e-05
0.000119693992
-5.825494488e-05
0.0001175101326
-2.393877331e-05
0.000179940497
-3.859449094e-05
0.0003541218627
-0.0004234066665
0.0005543379686
0.0002231200108
0.0007612267889
-0.000807471649
0.0009584221241
0.000610202135
0.001131547501
-0.001069208321
0.001269645685
0.0009310205592
0.001365916467
-0.001162494479
0.001417771459
0.001110536348
0.001426341476
-0.001102652782
0.001395764345
0.001133123964
0.001332234685
-0.0009416236307
0.001243135948
0.001030626777
0.001136178128
-0.0007381833127
0.001018682889
0.0008556031801
0.0008972272667
-0.0005385153408
0.0007772652292
0.0006584261459
0.000662909704
-0.0003691672553
0.0005571769358
0.0004748711876
0.0004619206918
-0.0002396676522
0.000378022319
0.0003235538109
0.0003055698733
-0.0001482752745
0.0002441188941
0.0002097232718
0.0001928405678
-8.782978742e-05
0.0001506850508
0.0001299852955
0.0001165058488
-4.995041585e-05
8.914843884e-05
7.730736004e-05
6.751350471e-05
-2.729830245e-05
5.059950526e-05
4.42106191e-05
3.752144797e-05
-1.431114599e-05
2.751682512e-05
2.431347731e-05
1.994402169e-05
-7.157535831e-06
1.427310698e-05
1.282632726e-05
1.007330361e-05
-3.379028988e-06
6.999536548e-06
6.451257782e-06
4.778779757e-06
-1.479087195e-06
3.197407113e-06
3.059547981e-06
2.089918885e-06
-5.836007581e-07
1.329260828e-06
1.343809492e-06
8.187514013e-07
-1.986629412e-07
4.854999615e-07
5.317246374e-07
2.751553915e-07
-5.444175601e-08
1.477058113e-07
1.818152702e-07
7.425374333e-08
-1.072224105e-08
3.444741944e-08
5.049478096e-08
1.445250187e-08
-1.253701082e-09
1.037652635e-08
0.0001394706733
7.251693897e-05
0.0001379011625
-7.101566195e-05
0.0001344614227
6.8507898e-05
0.0001290366867
-6.314754202e-05
0.0001217380104
6.046450851e-05
0.0001128682027
-5.165152766e-05
0.0001028578503
4.966222617e-05
9.219016852e-05
-3.904125305e-05
8.133551907e-05
3.820934007e-05
7.069736573e-05
-2.760743707e-05
7.3489875e-05
-6.605031858e-05
0.0001447564317
-5.322320101e-06
0.0002817816165
-0.000407416252
0.0004578889433
0.0002312077373
0.0006525339976
-0.0007560687875
0.0008461558689
0.0005623498103
0.001022287235
-0.001008509064
0.001168631761
0.0008620653373
0.001277376033
-0.0011160611
0.001344989867
0.001048347494
0.001371635396
-0.001084728996
0.001360371696
0.001095899883
0.001316296276
-0.0009543617009
0.001245715126
0.00102486495
0.001155413174
-0.000774436375
0.001052058215
0.0008777329218
0.0009417338433
-0.0005869732436
0.0008296645727
0.0006990044223
0.0007201130472
-0.0004191613965
0.0006163968264
0.0005228570823
0.0005207433975
-0.0002842106779
0.0004345102741
0.0003704347292
0.0003583029224
-0.0001839881172
0.0002921494259
0.0002501369301
0.0002356473684
-0.0001141851668
0.0001881006595
0.0001617267754
0.0001486352174
-6.812955257e-05
0.0001162934135
0.0001004646115
9.010495161e-05
-3.913356018e-05
6.913789396e-05
6.009335646e-05
5.253167219e-05
-2.162804028e-05
3.951544085e-05
3.463801058e-05
2.941641648e-05
-1.146541926e-05
2.165927196e-05
1.921808711e-05
1.576131592e-05
-5.791446921e-06
1.132376802e-05
1.02262696e-05
8.021793718e-06
-2.75588578e-06
5.59402099e-06
5.182220622e-06
3.832418677e-06
-1.213571387e-06
2.573051249e-06
2.472266893e-06
1.687890897e-06
-4.817183249e-07
1.077819188e-06
1.091498662e-06
6.667984273e-07
-1.661114483e-07
3.971220179e-07
4.356601978e-07
2.256201788e-07
-4.715080144e-08
1.520734911e-07
0.0001343893251
6.695417074e-05
0.0001259493743
-5.857673695e-05
0.0001147902452
5.437810063e-05
0.0001018283159
-4.146728142e-05
8.812252254e-05
4.004299415e-05
7.459709955e-05
-2.655518387e-05
6.19281211e-05
2.724012491e-05
5.053335659e-05
-1.58708629e-05
4.061160578e-05
1.74172536e-05
3.219884253e-05
-9.020716622e-06
2.522052962e-05
9.235541405e-06
2.092390959e-05
-4.931506565e-06
3.727737305e-05
-0.0001058858675
0.0001055106215
3.75874165e-05
0.0002200223427
-0.0003770239651
0.0003715529456
0.0002254061921
0.000545737518
-0.0006866974261
0.0007263559619
0.0005059811513
0.0008980329724
-0.0009333187258
0.001048072463
0.0007831830274
0.001167415396
-0.001059203541
0.001250856526
0.0009756776342
0.001296761278
-0.001058252666
0.001306502003
0.001048444144
0.001283647752
-0.0009589968429
0.001233235169
0.001009359488
0.001161150093
-0.0008031893801
0.001073381375
0.0008909246476
0.0009756474648
-0.0006293930258
0.0008730729825
0.0007319478179
0.0007699848148
-0.0004656893676
0.0006699086351
0.0005657543391
0.0005754396423
-0.0003277179082
0.0004883619762
0.0004147860233
0.0004097388003
-0.0002204830204
0.0003400381644
0.0002901710484
0.0002792569664
-0.0001423786693
0.0002270415196
0.0001945781064
0.0001827975408
-8.849992379e-05
0.0001457840388
0.0001254967831
0.0001151875114
-5.303900765e-05
9.017775206e-05
7.803453963e-05
6.995202015e-05
-3.065587228e-05
5.376081788e-05
4.683678766e-05
4.092637556e-05
-1.706073402e-05
3.085028638e-05
2.713037158e-05
2.3014866e-05
-9.104873997e-06
1.698032121e-05
1.513583252e-05
1.237872182e-05
-4.625327462e-06
8.906361399e-06
8.09587923e-06
6.31573419e-06
-2.211087872e-06
4.407168139e-06
4.118797982e-06
3.021213447e-06
-9.786706935e-07
2.031608966e-06
1.96787603e-06
1.338758101e-06
-3.924337492e-07
8.671444823e-07
0.0001035300508
4.382034018e-05
8.18967252e-05
-2.222847246e-05
6.267928482e-05
2.525383269e-05
4.686607025e-05
-9.464238575e-06
3.443838864e-05
1.350393413e-05
2.496426333e-05
-4.042267953e-06
1.789723293e-05
6.911570686e-06
1.271185249e-05
-1.732472382e-06
8.956251264e-06
3.433256757e-06
6.264890892e-06
-7.449607933e-07
4.353369287e-06
1.665358374e-06
3.006843513e-06
-3.202703187e-07
2.342213495e-06
-1.018622922e-05
1.022915581e-05
2.288714779e-06
4.077765548e-05
-0.0001204839366
0.000102744868
5.847381051e-05
0.0001990095479
-0.0003442325457
0.0003261104326
0.0002170612153
0.0004754457799
-0.0006175323312
0.000635365358
0.0004575336403
0.0007933615999
-0.0008540494974
0.0009378895841
0.000709453814
0.001059714526
-0.0009944699468
0.001152486611
0.0009016526472
0.001212933384
-0.001022023837
0.001240582947
0.0009943509193
0.001237273475
-0.0009536538328
0.001206514263
0.0009844042244
0.001152916861
-0.0008228744229
0.001081601463
0.0008941869562
0.0009977026708
-0.0006649572667
0.0009061387236
0.0007565162876
0.0008111620869
-0.0005080167737
0.0007164636732
0.0006027019487
0.0006248759557
-0.000369446049
0.0005385351239
0.0004557633341
0.0004589217052
-0.0002571017134
0.0003869096779
0.0003290831668
0.0003228749357
-0.0001718898994
0.0002668001043
0.0002279333433
0.0002183800436
-0.0001107300936
0.0001771077559
0.0001519756311
0.000142348066
-6.886504119e-05
0.0001134020451
9.779148758e-05
8.955130664e-05
-4.13825643e-05
7.009500155e-05
6.082624207e-05
5.437567349e-05
-2.401392656e-05
4.179315619e-05
3.658909126e-05
3.181255059e-05
-1.342296069e-05
2.396680061e-05
2.126474913e-05
1.785506935e-05
-7.188763755e-06
1.31386006e-05
1.190319872e-05
9.534604374e-06
-3.649165533e-06
6.811085061e-06
6.371656888e-06
4.783263206e-06
-1.717632514e-06
3.186369112e-06
7.519777176e-08
2.612517002e-07
6.393715442e-08
-2.49652124e-07
5.310976384e-08
1.712654605e-07
4.260662648e-08
-1.605396549e-07
3.310522131e-08
1.019610322e-07
2.503015639e-08
-9.374352714e-08
1.848870306e-08
5.764124272e-08
1.33854476e-08
-5.244462882e-08
9.530371511e-09
3.312999993e-08
6.708022615e-09
-3.022813688e-08
4.719563959e-09
2.183828979e-08
3.369602379e-09
-2.034500542e-08
4.158433997e-09
-4.362433465e-07
3.835954379e-07
5.524468373e-08
4.960434429e-06
-2.619219509e-05
2.012132322e-05
1.101793475e-05
5.32040806e-05
-0.0001277757181
0.000110116679
7.082765429e-05
0.0001934993654
-0.0003193502042
0.0003019232282
0.000210873415
0.0004301043967
-0.0005594720091
0.0005699383141
0.0004195850965
0.0007118609928
-0.0007809728264
0.0008462788999
0.0006465177654
0.0009647563194
-0.0009288003986
0.001060750952
0.000832787824
0.001130077676
-0.0009792623572
0.001170891744
0.000938441171
0.001183490764
-0.0009389686781
0.001169915208
0.0009525355356
0.001133446487
-0.0008332744668
0.001078114894
0.0008885858138
0.001008439235
-0.0006931059701
0.0009287473321
0.0007727616794
0.0008431058625
-0.0005452821328
0.0007551969709
0.0006331410611
0.0006680351788
-0.0004086019291
0.0005839787469
0.0004926020614
0.0005048231416
-0.0002931495291
0.0004317900165
0.0003661290467
0.0003656090697
-0.0002021847775
0.0003065822646
0.0002611673697
0.0002546963711
-0.0001344769865
0.0002096922437
0.0001794488543
0.0001711304046
-8.644890047e-05
0.0001384619921
0.0001190960585
0.0001110763841
-5.377844793e-05
8.834638106e-05
7.649553422e-05
6.965834554e-05
-3.238150611e-05
5.443160652e-05
4.760083465e-05
4.213480591e-05
-1.884934812e-05
3.22883341e-05
2.869170533e-05
2.446645256e-05
-1.058006345e-05
1.829665848e-05
1.674759179e-05
1.345159094e-05
-5.702939601e-06
9.506279955e-06
3.794846748e-07
2.076550353e-07
2.979240526e-07
2.224919102e-07
1.096767894e-07
1.605948655e-07
-4.815180584e-08
1.131658786e-07
5.376282604e-08
7.845193248e-08
-1.925761148e-08
5.391442158e-08
2.707135712e-08
3.707403371e-08
-1.031398955e-08
2.583091228e-08
1.613657636e-08
1.858165839e-08
-8.740314395e-09
1.437895857e-08
1.408537226e-08
1.258472108e-08
-1.143537902e-08
2.797618417e-08
-5.470184135e-09
3.326658073e-08
1.141497586e-10
5.303932731e-07
-4.411990728e-06
3.251986224e-06
1.687413857e-06
1.154208235e-05
-3.728301065e-05
3.004689247e-05
1.876445186e-05
6.374684612e-05
-0.0001323866302
0.0001166919903
7.941083693e-05
0.0001908799288
-0.0003000824517
0.0002856011864
0.0002053164738
0.0003973792162
-0.0005122032949
0.0005204435121
0.0003890888511
0.0006475525311
-0.000717101594
0.0007709690099
0.000593634737
0.0008834142203
-0.0008663962532
0.0009787594336
0.0007709979506
0.001052530898
-0.0009334177134
0.001102118041
0.0008837683142
0.001126715891
-0.000917269775
0.001127172856
0.0009167369682
0.001105547507
-0.0008354158324
0.001064933072
0.0008759418652
0.001008929656
-0.000713749794
0.0009412427828
0.0007813420985
0.0008656131188
-0.0005769996999
0.0007855212247
0.0006570001462
0.0007040086995
-0.0004444699385
0.0006236034481
0.0005247954258
0.000546276205
-0.0003279393489
0.0004735360047
0.0004006161271
0.0004064026307
-0.0002327184773
0.0003454606716
0.0002936141947
0.0002909761516
-0.0001593657044
0.0002429241404
0.0002073864702
0.0002010630609
-0.0001055657955
0.0001650230151
0.000141585931
0.0001343288441
-6.775241876e-05
0.0001084521474
9.361691736e-05
8.684858487e-05
-4.214896073e-05
6.899094571e-05
5.999928255e-05
5.438726236e-05
-2.53579117e-05
4.260566626e-05
3.713515762e-05
3.329993763e-05
-1.456417485e-05
5.030936635e-10
9.64544446e-10
2.436112683e-10
-9.274130052e-10
3.817400091e-10
1.991252141e-09
9.176697767e-10
-2.563160266e-09
1.848917294e-09
4.790790796e-09
3.15964209e-09
-6.08337929e-09
4.827885758e-09
7.320617906e-09
6.843105195e-09
-8.872351515e-09
9.247086096e-09
1.209335955e-08
1.233461498e-08
-1.371929845e-08
1.514139281e-08
4.937032582e-10
2.073613527e-08
-5.527284082e-09
6.099357609e-08
-6.072545173e-07
4.704876331e-07
1.972522288e-07
2.725415204e-06
-9.047121947e-06
1.150698261e-05
2.552525215e-07
3.332937444e-05
-4.542652974e-05
7.605608041e-05
2.62811392e-06
0.0001482746499
-0.000133942463
0.0002577215261
2.42985481e-05
0.0004094127016
-0.0002823654185
0.0006040557717
8.735192014e-05
0.0008371271161
-0.0004708008106
0.001098899326
0.0002084839671
0.001375280905
-0.0006594391796
0.001649540368
0.0003845218652
0.001904359283
-0.0008069234633
0.002124016637
0.0005865954606
0.002296236694
-0.0008863691377
0.00241330622
0.0007687119995
0.002472448922
-0.0008911579717
0.002475461035
0.0008877000813
0.002427797206
-0.0008319124146
0.002337416496
0.0009220057095
0.002213354927
-0.0007290731023
0.002064791484
0.0008774948278
0.001900519849
-0.0006047671689
0.001727747945
0.0007775248607
0.001552453955
-0.0004781220127
0.001379518258
0.0006510850305
0.001212604056
-0.0003621965004
0.001054529458
0.0005202647653
0.0009074259159
-0.0002639263815
0.0007728337476
0.0003984618137
0.0006515757839
-0.0001856011051
0.0005438797601
0.0002932136897
0.0004495577082
-0.0001263007376
0.0003680706491
0.0002077001869
0.0002985541824
-8.328972635e-05
0.0002399389275
0.0001418258969
0.0001910362164
-5.328875425e-05
9.367096076e-05
4.425217247e-13
5.471136599e-10
7.708981099e-10
-1.308430818e-09
2.617752762e-09
4.136654408e-09
5.047622595e-09
-6.547309609e-09
7.440656343e-09
8.005898592e-09
9.325669191e-09
-9.832459684e-09
1.052569566e-08
9.788984073e-09
1.122321916e-08
-1.007878253e-08
1.195605681e-08
1.545655954e-08
1.251253608e-08
-1.803052138e-08
1.033063113e-08
2.210175501e-08
1.846339327e-08
-1.635405715e-08
2.034658659e-08
-6.94531438e-08
6.80200864e-08
2.174350444e-08
1.098760872e-06
8.436317606e-06
6.419767452e-06
-1.374789798e-05
2.402677202e-05
9.431288935e-05
6.623177067e-05
-0.0001364074256
0.0001452903867
0.0003708500149
0.0002673951231
-0.0004925357007
0.0004284072848
0.0008212505089
0.0006135841536
-0.001005476124
0.0008013351693
0.001237043089
0.0009688467118
-0.001402977902
0.001097544895
0.001409390166
0.001176312405
-0.001486060646
0.001202325207
0.001300244199
0.001179812926
-0.001275375988
0.00111768535
0.001019873471
0.001027045033
-0.0009269084421
0.0009190454095
0.0007060429197
0.0008035299823
-0.0005884408959
0.0006883146984
0.0004443436552
0.0005790462399
-0.0003333205053
0.0004793934139
0.0002602554913
0.0003914374407
-0.0001708809873
0.0003156823339
0.0001110926293
0.0002854168261
-8.007168815e-05
0.003515626341
-0.003666689045
0.006410751223
0.0007843303489
0.008592460602
-0.003400749804
0.01003264436
0.001965376163
0.01077952832
-0.002702855285
0.01093135578
0.002546983637
0.0106086356
-0.001957578756
0.00993633475
0.002619668262
0.009032427903
-0.001318740339
0.00799927645
0.002339002741
0.006920449572
-0.0008350345845
0.005860325315
0.001882585611
0.004866362341
-0.0004995372747
0.001384599885
3.138939194e-11
3.029275957e-09
3.696908488e-09
8.027885139e-09
9.565647737e-09
1.108022768e-08
-1.258639039e-08
1.247280102e-08
1.102550894e-08
1.248211802e-08
-1.097352416e-08
1.166327828e-08
9.577641738e-09
1.071655004e-08
-8.400428881e-09
9.921074143e-09
1.819623716e-08
4.358814171e-09
-1.008687813e-08
-4.678713264e-09
6.209969508e-09
3.827346452e-09
2.179481522e-09
1.859596197e-08
-3.497986312e-09
2.201220389e-08
4.251413946e-10
2.289468437e-06
2.182284038e-05
1.494245567e-05
-3.445721068e-05
5.276579695e-05
0.0001938567417
0.0001318590572
-0.0002727879504
0.000260268877
0.0006342426519
0.0004310026963
-0.0008044548159
0.0006220664094
0.001182031637
0.0008033479864
-0.001362351984
0.000946055672
0.001515890093
0.001030594637
-0.001599198137
0.001050070879
0.001484477776
0.001009474178
-0.001442664515
0.0009221279234
0.001183894812
0.0008050851618
-0.001065864295
0.0006750726451
0.0008031909061
0.0005458535964
-0.0006732851506
0.0004270403513
0.0004777682117
0.000324107625
-0.0003744150945
0.0002391500199
0.0002541878659
0.0001718441841
-0.0001866517113
0.0001204115515
0.000122501819
8.236160741e-05
-8.433805167e-05
5.503812125e-05
5.393738658e-05
3.595172954e-05
-3.479974226e-05
2.297122026e-05
1.083479067e-05
2.533153818e-05
-1.317592798e-05
0.0002582828186
-0.0005778511224
0.0007587238616
8.136872075e-05
0.001460060927
-0.001291935951
0.002317005244
0.0004418179698
0.003263212197
-0.001885098204
0.004224985702
0.0009312320088
0.00513157391
-0.002217472257
0.005921553011
0.001434567457
0.006545949219
-0.002264672861
0.006967011242
0.001848728856
0.007177528013
-0.002082337048
1.8445727e-08
1.408245837e-08
1.583017387e-08
1.278050218e-08
9.313722847e-09
1.004920649e-08
-6.521321047e-09
8.199890199e-09
7.103961469e-09
7.739694956e-09
-6.574284218e-09
8.604375004e-09
1.000871524e-08
1.030546443e-08
-1.09883433e-08
1.231022573e-08
8.364378398e-09
2.075630777e-08
-1.255039542e-08
2.113960416e-08
2.030209764e-10
2.123807053e-08
-2.293250983e-10
6.409308516e-06
5.412873928e-05
3.68934497e-05
-8.456829668e-05
0.0001156354718
0.0003796054984
0.0002580229889
-0.000521684716
0.0004569296554
0.001003214122
0.0006817810279
-0.001227263209
0.0008902636958
0.001535918758
0.001044303702
-0.001688741429
0.00112130531
0.001643031953
0.001117708551
-0.001638130845
0.001045509575
0.001360175856
0.0009255806203
-0.001239154169
0.0007808802672
0.0009278117488
0.0006314008129
-0.0007775712242
0.0004915913428
0.0005440468638
0.000369928431
-0.000421924623
0.0002698479677
0.000281960139
0.0001912223298
-0.0002030882395
0.0001318436467
0.0001311935469
8.854994337e-05
-8.778151714e-05
5.798614544e-05
5.53039165e-05
3.704865744e-05
-3.431537671e-05
2.310701746e-05
2.126014442e-05
1.406946313e-05
-1.220275147e-05
8.358874127e-06
7.477530598e-06
4.83827754e-06
-3.949941036e-06
2.72055372e-06
1.07049608e-06
2.793291052e-06
-1.139761216e-06
4.146273463e-05
-0.0001090287262
0.0001312273458
2.030892428e-05
0.0002924986557
-0.0003498322244
0.0005386449458
0.0001063494441
0.0008764367779
-0.0007054180185
0.001306319323
0.000280275702
0.001825365745
-0.001148228222
4.458078523e-09
4.373642409e-09
4.55392708e-09
-4.424680099e-09
5.718763676e-09
7.583288128e-09
8.21618894e-09
-1.007227247e-08
1.084039949e-08
1.270105032e-08
1.254199364e-08
-1.438346775e-08
1.297137445e-08
1.209093845e-08
1.222365883e-08
-1.101831736e-08
1.092766995e-08
2.044311077e-10
1.094907501e-08
-1.705839907e-10
1.802008784e-05
0.0001313274639
8.931222227e-05
-0.0002025147038
0.0002445499498
0.0007067853379
0.0004802522926
-0.0009419300251
0.0007525596948
0.001468684669
0.0009984787341
-0.001713458931
0.001165155764
0.001804315493
0.001227198989
-0.001864955836
0.001188607706
0.001578251966
0.001073294006
-0.001461700646
0.0009130753927
0.001085723437
0.0007378852777
-0.0009096664485
0.0005702551216
0.0006242804001
0.0004237624693
-0.0004772752557
0.0003041163841
0.0003124109308
0.0002114397176
-0.0002194677533
0.0001426963213
0.0001390640289
9.358156363e-05
-8.982551778e-05
5.967654224e-05
5.548186581e-05
3.702500585e-05
-3.277935039e-05
2.236078519e-05
1.995079606e-05
1.314955694e-05
-1.072101641e-05
7.527687463e-06
6.499209786e-06
4.189720223e-06
-3.155245627e-06
2.260602372e-06
1.90955105e-06
1.175979606e-06
-8.231867358e-07
5.844682366e-07
4.883171335e-07
2.754433583e-07
-1.788390632e-07
1.870303437e-07
-2.432675825e-06
2.47631258e-06
1.70702189e-07
1.142756698e-05
-2.711965601e-05
3.266259886e-05
6.066604894e-06
7.296456786e-05
-9.505231272e-05
3.013553608e-05
7.219079342e-09
3.03634213e-09
4.204707218e-09
8.659828409e-09
1.344801068e-08
1.345626519e-08
-1.828070806e-08
1.530158582e-08
1.519820256e-08
1.442676358e-08
-1.437415548e-08
1.202511511e-08
9.185769022e-09
9.27652822e-09
-6.564457868e-09
6.844351734e-09
1.268868537e-10
6.818742708e-09
-7.641800588e-11
5.069653086e-05
0.0003097528499
0.0002103848833
-0.000469201455
0.0004934640587
0.001231508292
0.0008369879634
-0.001574088339
0.001139117521
0.001940226932
0.001320389693
-0.002120020286
0.001354419162
0.001854202223
0.001261778526
-0.001760139996
0.001087285782
0.001292807611
0.0008782145354
-0.001082730118
0.0006716020921
0.0007236174309
0.0004901543033
-0.0005415925574
0.0003435822173
0.0003449271874
0.0002324829173
-0.0002335418148
0.0001523897817
0.00014515626
9.690765769e-05
-8.954670033e-05
5.976081939e-05
5.417245598e-05
3.570445089e-05
-3.006596328e-05
2.065921203e-05
1.783640886e-05
1.157973121e-05
-8.740135788e-06
6.288680837e-06
5.21980942e-06
3.306144603e-06
-2.23248546e-06
1.677547611e-06
1.358883727e-06
8.161855024e-07
-4.963401347e-07
3.763287798e-07
3.030626049e-07
1.615000042e-07
-8.797944175e-08
6.280917349e-08
5.135990259e-08
2.132956903e-08
-9.840106626e-09
5.962745017e-09
2.981193149e-10
5.810344611e-09
-1.142176513e-10
2.413550305e-07
-1.18222944e-06
1.237939035e-06
1.874414251e-07
4.060013932e-06
-8.764780567e-06
2.303392169e-08
2.351309483e-08
2.205505778e-08
1.596642745e-08
1.109340197e-08
1.023495852e-08
6.069994572e-09
3.601373094e-09
3.578499829e-09
-1.151017223e-09
2.168598702e-09
3.161739817e-11
2.15429106e-09
-5.860210324e-12
0.0001424823438
0.0007023395418
0.0004764303735
-0.001035762678
0.0009339999831
0.001957770084
0.001331840319
-0.002354152082
0.001532188548
0.002217726476
0.0015124759
-0.002196351385
0.001332553583
0.001579455491
0.001075664986
-0.001321365256
0.0008096201469
0.000849104203
0.0005752890553
-0.0006141136595
0.0003895277412
0.0003769780375
0.0002531926634
-0.0002403398664
0.0001588809323
0.0001465402867
9.660863194e-05
-8.414189767e-05
5.699311673e-05
5.095392075e-05
3.252878454e-05
-2.644101055e-05
1.783130593e-05
1.502505277e-05
9.338470955e-06
-6.51715022e-06
4.678115603e-06
3.717161748e-06
2.245547604e-06
-1.281124661e-06
1.030892951e-06
7.955687632e-07
4.486722007e-07
-2.127305376e-07
1.817776158e-07
1.412242622e-07
6.645618282e-08
-2.582174274e-08
2.093801102e-08
1.700521443e-08
5.322358745e-09
-1.389531216e-09
9.988798146e-10
7.890209665e-10
2.083637716e-10
-1.762461463e-11
1.097462741e-10
-8.500349784e-12
1.041921695e-10
1.863329568e-09
-2.178140494e-08
1.181736826e-17
-3.20937704e-18
1.790338158e-17
1.607998029e-17
1.805713407e-13
2.118193557e-11
-1.017449704e-12
0.0003994021177
0.001498480412
0.00101530879
-0.002113312565
0.001611633457
0.00271113216
0.001847806343
-0.002945337324
0.00171755173
0.002025151999
0.001386568571
-0.001692664265
0.00101387989
0.001010138973
0.0006887209515
-0.0006842117651
0.000441381202
0.0004009201121
0.0002696716343
-0.0002288968493
0.0001583264274
0.0001375668496
8.98091107e-05
-6.89342471e-05
4.932852866e-05
4.367481838e-05
2.617542624e-05
-2.047829678e-05
1.337384772e-05
1.248374238e-05
6.517906552e-06
-5.611800424e-06
2.911000522e-06
2.27430575e-06
1.14410352e-06
-5.048367508e-07
4.18097213e-07
3.062278785e-07
1.415274144e-07
-2.956271905e-08
4.251734144e-08
3.264261298e-08
1.047870325e-08
-6.362920533e-10
1.886522164e-09
1.634445943e-09
2.448218672e-10
-1.105876202e-11
5.441555893e-11
2.127399915e-11
2.683091287e-11
6.659147311e-12
2.609005416e-11
-6.911902937e-12
7.494840381e-19
-4.802173803e-12
1.51457018e-10
0.001112423764
0.002875626767
0.001946146702
0.002412645434
0.002935903751
0.002000573302
0.001372119869
0.001223590581
0.0008444052857
-0.0006949698267
0.0004853011356
0.0003900415998
0.0002654125092
-0.0001698520745
0.0001392784055
0.0001088470487
7.054163574e-05
-4.002047694e-05
3.454639758e-05
2.954055388e-05
1.620974969e-05
-1.117259525e-05
7.145278986e-06
9.15035757e-06
2.753658799e-06
-4.74031547e-06
6.926188575e-07
2.838579178e-06
-7.224846927e-08
-2.060894817e-06
2.17885215e-15
7.561799804e-14
1.568234386e-14
-8.491201647e-14
4.097034332e-15
2.62062268e-15
1.265782326e-15
4.099565319e-16
5.951992389e-16
1.418110101e-13
1.492219928e-12
9.486083567e-12
-4.21861183e-12
1.237408379e-11
1.463333637e-11
-6.007710262e-12
0.0004057482271
0.0002387851438
0.0001671746566
6.757586356e-05
4.543126673e-05
2.777205167e-05
1.084461065e-05
1.080316201e-05
3.985274504e-06
1.215900262e-06
5.012722167e-06
-8.996449817e-08
-1.117513873e-06
3.374217476e-06
-1.364326106e-06
-1.139667719e-06
2.304159982e-06
-7.187739094e-07
6.021452565e-14
1.780457749e-13
2.97606634e-13
2.324981937e-13
-2.972865115e-14
)
;

boundaryField
{
    dominio_ascii
    {
        type            calculated;
        value           nonuniform List<scalar> 
168
(
5.969668698e-12
5.977095203e-11
8.324447481e-10
1.739370639e-09
3.645989183e-10
3.660767935e-10
4.06388206e-11
9.794343923e-10
1.256863344e-09
2.197461298e-09
3.879098165e-11
4.714729952e-10
2.562256994e-11
8.453249574e-11
-7.925292519e-12
-1.181685715e-06
1.96102903e-10
-0.0001442655594
-8.773235843e-05
3.410323207e-12
5.429087525e-12
-0.0001184028754
-0.0001354500635
-0.000141477906
-0.0001442696759
-0.0002176286369
1.324993159e-05
5.314343042e-05
-1.384089872e-08
0.005248752509
6.059297362e-14
0.001747372933
9.76817093e-15
1.024294164e-12
-9.198216152e-08
2.362776436e-11
-7.79763344e-10
5.633268816e-12
-5.68891593e-11
-5.383485281e-08
2.217517783e-13
2.570641631e-13
7.270550609e-11
4.460837811e-11
4.641716947e-11
3.752134204e-11
3.235133514e-11
1.834263888e-11
6.948151946e-10
2.695901863e-09
7.899646024e-10
3.952072873e-12
3.948302845e-12
3.144481789e-12
1.116088667e-10
1.363572336e-09
4.999399962e-10
1.37122378e-11
4.053429932e-10
3.009059335e-09
2.337819752e-09
4.791028552e-09
5.609970754e-10
7.885078372e-10
3.103384566e-09
1.604857092e-09
3.328183775e-12
9.436512774e-12
3.831225395e-10
1.478964666e-10
5.206224043e-13
3.699060643e-12
1.355270676e-11
-2.640756833e-10
2.666636603e-16
2.263317238e-10
-0.013511259
1.531881918e-10
3.068425017e-10
-4.585393416e-06
1.304786291e-10
2.792813398e-10
-7.542091431e-05
-0.0001291611239
7.508630215e-11
-8.960962562e-05
2.10921801e-11
8.382387715e-11
-0.0001640599236
9.940403179e-12
5.261155004e-12
-0.0001107519911
-0.0001063906698
5.517217764e-12
-0.0001823594064
-0.0001000023732
6.843588575e-12
-0.0001314450055
5.292505817e-10
6.663492243e-12
-0.0001379275279
3.130305975e-08
5.668894768e-09
-0.000143741667
3.541371922e-07
1.20275346e-07
-0.0001347543218
1.67994608e-06
8.579415913e-07
-9.188872985e-08
7.070051399e-06
5.172112621e-06
-4.43042396e-07
-4.070459321e-07
2.11006109e-05
-8.092164316e-07
8.832972526e-15
9.299662873e-05
4.041288531e-11
0.003961178621
0.0006073028748
-8.258186694e-11
-4.873325985e-11
0.01054224525
1.867522798e-12
0.00495244379
0.004368135088
-6.925035366e-08
5.88267331e-16
0.0001789942834
-2.671409954e-08
2.120690408e-05
0.0001371995597
8.273017747e-13
4.785631786e-08
1.636173732e-06
1.0142904e-12
4.449818017e-14
2.074557299e-11
5.541504154e-11
5.182710926e-10
-1.784078573e-20
-1.452655784e-35
-2.671602637e-23
1.188780433e-11
1.999822663e-11
-7.002667396e-11
-0.007332072203
-0.004303034665
-0.004073671757
3.753244317e-13
1.376571606e-12
3.51603886e-12
1.056909843e-11
2.54092199e-11
-3.389956436e-09
-5.310140272e-06
-3.337528697e-06
-3.512028937e-06
-3.326833215e-06
-3.187415225e-06
-3.16438942e-06
-3.166666148e-06
-3.13038783e-06
-2.885294596e-06
-4.632356619e-06
-2.892024313e-13
1.906153066e-13
)
;
    }
    wallFilmFaces_top
    {
        type            calculated;
        value           uniform 0;
    }
    region0_to_wallFilmRegion_wallFilmFaces
    {
        type            calculated;
        value           uniform 0;
    }
}


// ************************************************************************* //
