/*--------------------------------*- C++ -*----------------------------------*\
| =========                 |                                                 |
| \\      /  F ield         | OpenFOAM: The Open Source CFD Toolbox           |
|  \\    /   O peration     | Version:  2.1.x                                 |
|   \\  /    A nd           | Web:      www.OpenFOAM.org                      |
|    \\/     M anipulation  |                                                 |
\*---------------------------------------------------------------------------*/
FoamFile
{
    version     2.0;
    format      ascii;
    class       volScalarField;
    location    "2.1";
    object      deltaf;
}
// * * * * * * * * * * * * * * * * * * * * * * * * * * * * * * * * * * * * * //

dimensions      [0 1 0 0 0 0 0];

internalField   nonuniform List<scalar> 
2828
(
2.012696147e-05
2.875870779e-05
1.885879268e-05
5.113541518e-06
2.190685664e-06
1.302551034e-06
9.466155397e-07
1.584878932e-06
1.686218263e-05
1.1031066e-05
2.389478619e-05
1.223172723e-05
2.699745081e-06
1.536075944e-06
2.287292039e-06
1.852348848e-06
1.892277147e-06
2.414776847e-06
1.49068337e-06
7.202984295e-07
6.585045285e-07
1.841361132e-06
1.028848908e-05
4.911047255e-06
1.716069291e-05
8.465518079e-06
5.269160368e-06
2.408646659e-06
1.583499084e-06
1.500129592e-06
1.711246477e-06
4.018964994e-06
9.6647481e-06
2.722873524e-06
1.326430356e-06
3.8322281e-07
1.724669877e-07
3.013737888e-07
1.675167107e-06
5.899189683e-06
2.049638369e-06
1.35059795e-05
9.754099028e-06
1.488664127e-05
9.259271984e-06
1.754850581e-06
1.178410406e-06
1.598977004e-06
3.892897834e-06
7.714780212e-06
1.387311076e-05
1.701565219e-05
1.761766542e-06
7.838520384e-07
3.38788679e-07
2.908370935e-08
2.453674966e-08
1.505385805e-07
1.170902327e-06
2.414138071e-06
5.834895377e-07
6.720189389e-06
7.320964097e-06
1.794901432e-05
1.859336777e-05
4.907470713e-06
1.034964279e-06
1.682010512e-06
3.927751101e-06
7.097564567e-06
9.714467122e-06
1.153982425e-05
1.431465492e-05
8.16366189e-09
2.038605119e-07
8.635800042e-08
1.451602346e-08
2.930565144e-09
9.720313957e-08
7.507424633e-07
4.95401532e-07
4.568152876e-07
6.593502309e-08
2.384026592e-06
4.949800307e-06
1.400932204e-05
1.819261525e-05
8.374967379e-06
1.164525377e-06
1.967640005e-06
4.030012252e-06
7.24770866e-06
8.04423724e-06
7.634125151e-06
7.545641592e-06
9.190886521e-06
2.360902148e-08
2.699347001e-09
2.651017085e-10
1.109508407e-12
1.445274767e-13
7.597338156e-15
1.07765981e-07
5.568060551e-07
2.490563475e-07
8.665690797e-07
2.887126662e-08
1.992569645e-06
2.99222778e-06
8.660124654e-06
1.225311172e-05
6.287542017e-06
1.009633807e-06
1.899272262e-06
5.350475895e-06
8.41138098e-06
6.311893518e-06
4.714364171e-06
3.921144244e-06
4.381945136e-06
4.406649025e-08
0.0003853067687
0.0002291117857
0.0001031515892
4.276373603e-05
1.761374678e-05
7.36072346e-06
3.012121263e-06
1.744576063e-06
6.599263243e-05
1.444004777e-05
2.756366165e-09
2.027136731e-06
1.210400683e-06
3.741785636e-06
5.940760918e-06
1.987593149e-06
6.563143905e-07
1.7353604e-06
1.723326573e-05
2.014217541e-05
4.554468069e-06
2.29369026e-06
1.92022014e-06
2.396882883e-06
5.033568899e-06
1.726748269e-07
0.0001642123383
0.0002441725695
0.0002034233393
0.0001314099452
7.439855679e-05
3.925399367e-05
1.992392046e-05
1.130267444e-05
2.903507333e-05
9.153154147e-06
1.484143248e-06
9.761749725e-07
1.633721549e-07
5.058805546e-07
1.013749314e-06
4.966315787e-07
1.080309233e-06
1.060935333e-06
2.163506621e-05
5.267471901e-05
3.140705779e-05
2.278533224e-06
1.227190253e-06
1.851807923e-06
4.234653021e-06
1.00175209e-05
1.805796758e-05
3.697494346e-07
5.535291434e-05
0.0001496804115
0.0001981581722
0.0001851014535
0.0001410534965
9.457524632e-05
5.834700294e-05
3.523419762e-05
2.664147843e-05
1.583167073e-05
6.982171342e-06
2.961866311e-06
1.13070554e-06
2.89841527e-07
1.589255563e-07
1.818496328e-07
2.828992852e-07
1.16097103e-06
1.244035179e-05
3.047572726e-05
3.212664981e-05
8.094146172e-06
1.524807477e-06
2.218737185e-06
5.064418351e-06
1.220962653e-05
2.961664908e-05
7.190608989e-07
1.815907535e-05
7.301581922e-05
0.0001382361236
0.0001752477529
0.0001732655175
0.0001450481645
0.0001081150631
7.468425499e-05
5.106132721e-05
3.348691243e-05
1.978452089e-05
1.045878075e-05
4.195073577e-06
1.887793523e-06
1.510434058e-06
2.729329746e-06
1.315843214e-06
1.34168733e-07
2.031869217e-06
1.048710523e-06
7.640260033e-07
2.360099896e-06
2.302169155e-06
3.595915891e-06
8.319856632e-06
1.762505073e-05
5.734603445e-05
3.492449366e-06
6.669136697e-06
3.236795551e-05
8.02432914e-05
0.0001308086837
0.0001619763674
0.0001655434846
0.0001471573436
0.0001180694744
8.863400236e-05
6.324945983e-05
4.24727389e-05
2.655709573e-05
1.426418721e-05
7.618502447e-06
7.864145486e-06
1.31792304e-05
1.369510765e-05
1.88910566e-06
1.190594377e-06
7.134118203e-07
1.223487565e-06
2.359917817e-06
3.413237344e-06
4.357552233e-06
6.069066136e-06
1.139146132e-05
1.367844948e-05
5.092476744e-05
1.249407742e-05
3.017045551e-06
1.394378175e-05
4.192907966e-05
8.386257929e-05
0.0001259520927
0.0001536776421
0.0001604609558
0.0001487119505
0.0001259802012
9.963706332e-05
7.417918494e-05
5.200985662e-05
3.354043574e-05
2.082063775e-05
1.995952345e-05
2.989068196e-05
2.664138857e-05
5.233191214e-06
2.967363815e-06
1.46229533e-06
1.680750975e-06
3.198039526e-06
4.776192888e-06
2.529351807e-06
1.296393043e-06
9.073172241e-07
1.129009806e-06
0.0001722193017
0.0001402159919
7.611472518e-05
7.792198725e-06
6.813975083e-06
2.087351816e-05
4.871222582e-05
8.610653221e-05
0.0001227902763
0.0001482933096
0.0001571568387
0.0001502045102
0.0001322468199
0.0001087576367
8.415770373e-05
6.120281365e-05
4.319783245e-05
3.768184961e-05
4.272610998e-05
3.073669166e-05
1.045594453e-05
6.200079455e-06
4.240364637e-06
2.273354596e-06
3.461112226e-06
4.18276121e-06
2.716995217e-06
2.089326882e-06
1.566351344e-06
1.271181569e-06
0.0001877409804
0.000153298773
9.826320633e-05
3.422882765e-05
5.979089849e-06
1.066520029e-05
2.668171305e-05
5.375870694e-05
8.777780984e-05
0.0001207867571
0.0001447699354
0.0001551124023
0.0001516579883
0.0001374164263
0.0001166152804
9.332711555e-05
7.212858595e-05
5.925190699e-05
5.23236697e-05
3.628355593e-05
1.94541324e-05
1.226892276e-05
8.925565691e-06
5.586859069e-06
3.487930525e-06
1.903810984e-06
1.855145058e-06
2.032969616e-06
2.3532926e-06
2.73312447e-06
0.0001668767669
0.0001365263765
9.009233089e-05
2.305229934e-05
2.771906139e-06
5.168056962e-06
1.395988773e-05
3.139650116e-05
5.767527951e-05
8.918210831e-05
0.0001195858857
0.0001425067085
0.0001539346064
0.0001531017681
0.0001418812326
0.0001236664527
0.0001029577889
8.545112476e-05
6.821469089e-05
5.016043247e-05
3.359996727e-05
2.293661327e-05
1.659962786e-05
1.162061364e-05
7.112261756e-06
3.970788755e-06
2.566387906e-06
2.791767116e-06
3.989887025e-06
5.830116874e-06
0.0001251345966
9.760227106e-05
6.732542356e-05
4.83463401e-06
3.627156508e-06
3.630007509e-06
8.286059353e-06
1.836738178e-05
3.610983782e-05
6.128969436e-05
9.067775859e-05
0.0001190609146
0.0001411589257
0.0001533742027
0.0001545748021
0.0001459418348
0.000130855792
0.0001714920291
0.0001351873222
8.179441107e-05
5.458446188e-05
3.923285129e-05
2.884531019e-05
2.11162914e-05
1.445661733e-05
8.978028121e-06
5.704270776e-06
4.80701474e-06
6.06092015e-06
9.254588923e-06
0.0001351480074
0.0001058291373
3.758189209e-05
1.143431989e-06
3.856696171e-06
1.291996272e-05
4.299823938e-05
5.682009408e-05
4.553492495e-05
5.280802639e-05
7.124384601e-05
9.550812502e-05
0.0001205092302
0.0001410914435
0.000153516257
0.000156222452
0.0001501731576
0.0001670535044
0.0001405247104
0.0001038205668
7.930038706e-05
6.094512172e-05
4.644797243e-05
3.511830222e-05
2.572726112e-05
1.770972516e-05
1.15736084e-05
8.254017375e-06
7.204836028e-06
5.391397678e-06
5.943621517e-05
9.532650696e-07
1.441612481e-06
8.024027144e-06
2.125147017e-05
3.761352873e-05
5.431956664e-05
0.0001066165703
0.0001375484391
0.0001068300638
9.985063975e-05
0.0001103028474
0.0001274473743
0.000144022751
0.0001551830374
0.0001585635429
0.0001594767027
0.0001462345033
0.0001262367819
0.0001059604192
8.642941122e-05
6.891826126e-05
5.41170943e-05
4.153652794e-05
3.06540793e-05
2.157320781e-05
1.481371635e-05
1.096637311e-05
7.584296558e-06
5.651367641e-05
3.849937898e-07
3.786679205e-06
1.634100549e-05
3.436077032e-05
4.978459325e-05
5.948137512e-05
6.837664263e-05
8.650591146e-05
0.0001310293818
0.0001320743405
0.0001242003064
0.0001272322407
0.0001376740187
0.000149725295
0.0001586860909
0.0001622096413
0.0001579266126
0.0001467766208
0.0001309499448
0.000112726813
9.443964294e-05
7.749955994e-05
6.207223006e-05
4.815611966e-05
3.609889912e-05
2.607028474e-05
1.836038936e-05
1.285846091e-05
8.950013168e-06
2.034936709e-08
9.731795961e-06
3.072409782e-05
4.876961426e-05
5.605692027e-05
5.721582084e-05
6.092499628e-05
6.890712839e-05
7.622115522e-05
0.0001124043268
0.0001297770247
0.0001363854904
0.0001400387231
0.0001471922746
0.0001561865138
0.0001631176332
0.0001650925983
0.0001608577236
0.0001508046833
0.0001366168245
0.0001204147953
0.0001035816819
8.656835877e-05
7.00365396e-05
5.51231931e-05
4.210838015e-05
3.043238818e-05
1.042568126e-09
2.495573672e-05
5.061944114e-05
5.585086769e-05
5.00370591e-05
4.791814056e-05
5.394970099e-05
6.17221433e-05
6.358331087e-05
5.691349275e-05
9.494254732e-05
0.0002185086746
0.0001590768456
0.0001502413342
0.0001556719123
0.0001625131712
0.0001673992639
0.0001682865525
0.000164338913
0.0001560402126
0.0001444254536
0.0001300689932
0.0001148680386
9.525752399e-05
7.799791077e-05
6.251667586e-05
4.653658813e-05
7.0800401e-08
6.026917285e-05
6.156210253e-05
4.24632383e-05
3.38827548e-05
4.19074672e-05
5.331115827e-05
5.747774523e-05
5.201973947e-05
4.07054735e-05
4.987831249e-05
0.000194881879
0.0004135356586
0.0004021121375
0.0003040084819
0.0002420879097
0.0002087068654
0.0001911763982
0.0001814473436
0.0001742456714
0.0001661870238
0.0001555150493
0.0002846932646
0.0001337108246
0.0001035815933
8.630119552e-05
9.153419385e-05
2.848504977e-05
1.337657258e-05
2.866783424e-05
4.780086624e-05
5.362164889e-05
4.837916316e-05
3.663800809e-05
2.648368814e-05
4.879190607e-05
0.0001010841458
0.0001534423966
0.000248380579
0.0004607597583
0.000662918331
0.0005081720428
0.0003650091204
0.0002779786804
0.0002306604552
0.0002038961731
0.0001844673134
0.0001916271105
0.0001500678992
0.0001291852946
0.000111787061
1.241882571e-07
5.085781557e-12
1.358507811e-05
4.6335788e-05
5.39501625e-05
4.376770048e-05
3.081692916e-05
1.841958904e-05
2.107440932e-05
6.692612519e-05
0.0001307688051
0.0001652413061
0.0001472448521
9.903313767e-05
0.0001030030478
0.0003710365666
0.0004529561818
0.0004174617977
0.0003490052653
0.0002880535708
0.0002421389783
0.0002085871501
0.0001800561029
0.0001578945249
2.82546724e-10
4.397740514e-05
6.349641926e-05
4.176180241e-05
2.250246646e-05
1.208846502e-05
4.492170486e-06
2.906450861e-05
9.922346458e-05
0.0001617171273
0.0001667091214
0.0001235744406
7.355299112e-05
5.715441578e-05
7.49016243e-05
0.0002200564279
0.0003370952939
0.0003779774855
0.0003600196432
0.000316218536
0.0002691231333
0.0002290167704
0.0001542839865
3.79970711e-05
1.098572682e-05
3.807040102e-06
2.155273133e-06
3.072814298e-07
5.269293571e-05
0.0001440147322
0.000182671662
0.0001448377098
8.620825807e-05
5.179821075e-05
4.143813587e-05
3.011762306e-05
5.604796711e-05
0.0001531989945
0.000258614433
0.0003249137402
0.0003405251297
0.000322340931
1.598100044e-07
9.020601815e-07
3.175364847e-06
4.810731712e-07
9.819047192e-05
0.0001945519715
0.0001771205372
9.994622217e-05
4.459418227e-05
2.351404416e-05
1.32645952e-05
2.069035753e-06
6.489369553e-06
4.583228594e-05
0.0001236173868
0.0002143735836
0.0002833577799
3.322238318e-06
9.97623993e-06
1.454881942e-06
0.0001711422671
0.0002353952365
0.0001273572775
4.44720674e-05
1.375727541e-05
3.835226961e-06
7.56731226e-07
3.772149865e-07
1.565847759e-06
1.284551251e-05
4.658863479e-05
0.0002402353497
0.0002496278363
3.587590266e-05
6.292151559e-06
1.34067813e-06
2.512600012e-07
1.892306755e-07
2.310456305e-07
5.345222716e-07
1.096986273e-06
1.381160506e-06
2.886041126e-06
1.481805341e-05
2.042053646e-05
2.236492298e-05
1.532907042e-05
2.966531066e-05
2.547612624e-05
2.727165382e-05
2.083860033e-05
2.35048275e-05
1.593421388e-05
9.538933405e-06
1.195404617e-05
3.749818875e-06
1.869846025e-06
2.310280996e-06
2.029568061e-06
2.67798507e-06
2.813798757e-06
2.459217507e-06
2.019575728e-06
1.769253186e-06
1.487786449e-06
1.185515931e-06
8.510022689e-07
1.049129395e-06
7.975068694e-07
1.047214643e-06
1.057517491e-06
1.664292824e-06
1.596417094e-06
1.681988859e-06
1.798416902e-06
2.716564319e-06
2.676790231e-06
4.536060434e-06
6.891946857e-06
2.748156797e-06
2.109764895e-06
1.266586417e-06
1.961674615e-06
8.319076974e-06
1.186758406e-05
1.237999539e-05
1.519117127e-05
2.432518837e-06
2.124013974e-06
2.745920026e-06
1.56748129e-06
1.19232711e-06
2.24958106e-06
1.100700447e-05
1.265064832e-05
1.588155239e-05
1.495474921e-05
1.626078432e-05
5.181910379e-07
8.764861985e-07
1.69224829e-06
1.119902204e-05
1.172919731e-05
5.941505346e-06
2.504355767e-08
1.101503953e-09
6.617875549e-06
7.382036537e-06
0.0007690288562
0.0004291884307
0.0002310074163
1.384996197e-08
3.201539728e-06
4.765839262e-06
6.019316714e-06
6.055168662e-06
1.385135965e-08
0.0001590420844
0.0003447556035
4.24538174e-06
7.143825455e-06
6.785286014e-06
9.197451134e-06
3.210369545e-06
1.089289033e-05
2.206693358e-05
1.730299932e-05
1.402747806e-05
1.409856815e-05
1.843353802e-05
1.52412394e-05
6.865879921e-05
5.642479698e-05
4.031005308e-05
2.167798673e-05
1.656580065e-05
1.980200922e-05
2.229498855e-05
1.986276295e-05
5.853243608e-05
6.644390486e-05
2.630494973e-06
0.0001260594646
0.0001051053768
5.925219002e-05
9.885285642e-07
1.011801649e-06
0.000199250427
0.0001935419612
0.0001640648446
1.89829739e-06
2.14344266e-06
1.379483361e-06
0.000190386549
0.0001840497115
0.0001754632406
3.904914068e-06
4.858854587e-06
3.262694274e-06
0.0001345431183
0.0001131806389
0.0001458901255
8.336227198e-06
1.067295903e-05
7.426463786e-06
0.0001305095616
0.0001150411145
9.946736253e-05
7.283696843e-06
8.311771512e-06
1.151504357e-05
8.515292509e-05
0.0001230023208
5.827975799e-06
5.804711535e-06
4.949982604e-05
6.214783911e-05
9.823763253e-06
4.677883878e-05
3.481216294e-05
4.766673863e-07
3.244063438e-06
2.360064164e-05
1.881199174e-05
1.538409673e-05
1.480669236e-06
5.249191799e-08
1.245386739e-07
3.826173376e-05
3.178880407e-05
2.406903049e-05
1.149041506e-08
2.526509111e-08
5.746504749e-05
2.281359623e-07
7.533410351e-05
3.641744417e-05
9.918389884e-05
8.948980519e-05
7.679262554e-05
0.0001626022408
7.05014921e-10
1.493120342e-10
5.045739767e-05
0.0001427110207
0.0001328454811
0.0001208507888
2.922038339e-10
1.190847236e-09
0.0001748298522
0.000147008993
2.038135293e-07
8.93236279e-10
0.0002574067628
0.000210990263
2.052023168e-07
7.533598733e-05
3.11275257e-08
9.577800005e-09
2.011862748e-05
0.0003228520242
0.0003269394371
0.0003342966083
0.0003254042729
0.000304332451
2.333673636e-08
3.316397303e-07
1.152647445e-06
4.029622928e-07
0.0001560707868
0.0001983762524
0.0002547828933
6.725212082e-06
1.235210999e-05
1.100489501e-05
8.769914445e-06
1.601526771e-06
0.0001600661616
0.0001003893614
9.017076381e-07
2.378637873e-06
4.904195737e-06
6.613628051e-06
1.47099451e-05
2.71439143e-05
7.452480732e-05
0.0002343673394
0.0002480605165
2.789780575e-07
9.020885082e-05
1.032336347e-07
2.670733687e-08
1.452115706e-05
8.67408376e-09
3.043842589e-09
2.920397741e-06
1.549936611e-09
1.353223603e-08
5.480029195e-07
6.605242427e-08
9.978885855e-08
1.893769267e-07
1.152736376e-07
2.058585309e-07
2.963642178e-07
1.718533568e-06
4.409310422e-06
4.616134967e-06
1.28434378e-05
1.081643771e-05
1.605368646e-05
7.631445474e-06
4.484021412e-05
3.719170054e-05
2.016092426e-05
1.233818921e-05
1.664293312e-05
9.392498016e-06
5.372110748e-06
6.947366325e-06
2.92092645e-06
2.114684357e-06
1.645677084e-06
1.604496576e-06
1.692443652e-06
2.020660426e-06
1.892020186e-06
1.876170678e-06
2.148839754e-06
8.043337966e-07
5.34053648e-07
9.648623401e-07
4.002381898e-07
3.805142608e-07
6.089365355e-07
4.899939461e-07
9.842842341e-07
1.053324614e-06
1.840489693e-06
3.799262021e-06
4.230976879e-06
7.978140508e-06
4.859521953e-06
7.294919888e-06
3.171572936e-06
2.199528332e-05
3.884486351e-05
1.557111267e-05
5.783995143e-06
8.649995429e-06
9.226235327e-06
1.015038528e-05
6.242099012e-06
9.847519134e-06
7.949714403e-06
3.926855095e-06
4.72062924e-06
2.265914868e-06
1.651198136e-06
1.459744171e-06
1.43598816e-06
1.638828786e-06
1.333600459e-06
1.351779525e-06
1.481672544e-06
1.645543007e-06
2.48124452e-06
2.501681966e-06
3.915042338e-06
5.867158653e-06
6.816847451e-06
7.398179075e-07
3.434558474e-07
7.392198716e-07
1.307622001e-07
6.519541545e-08
2.25563956e-07
5.447620623e-08
7.774109509e-08
1.915590833e-07
1.513272538e-07
4.937356347e-07
7.921674545e-07
1.454184655e-06
2.51844847e-06
3.17791962e-06
4.031460249e-06
1.823215882e-06
3.121899381e-06
1.204358439e-06
3.872217113e-06
9.460167605e-06
1.012295972e-05
1.976269742e-06
3.527634072e-06
8.85338578e-06
1.465234031e-05
1.387967568e-05
1.779355725e-05
1.841300727e-05
1.369716096e-05
1.480112789e-05
7.808032986e-06
4.168812167e-06
2.850870026e-06
1.368450336e-06
1.314083222e-06
1.065606683e-06
1.104051146e-06
1.216977565e-06
1.599039786e-06
2.580708339e-06
2.510734145e-06
3.908019446e-06
5.535395191e-06
5.646456237e-06
7.321928242e-06
9.136976888e-06
1.013324187e-05
7.612820085e-07
5.20679119e-07
1.144534283e-06
3.182550545e-07
1.78247076e-07
5.530708305e-07
1.114312118e-07
3.190600564e-08
1.205434813e-07
5.383734859e-09
1.120006207e-08
1.437749478e-08
4.97298537e-08
1.647482509e-07
6.620080254e-08
3.813862689e-07
1.319842235e-06
3.902914729e-07
7.666213531e-07
1.383847266e-06
1.927106308e-06
1.158060069e-06
3.093405792e-07
8.787279192e-07
2.161028053e-07
5.971281901e-07
1.604331616e-06
4.102647761e-06
1.272655798e-06
1.292756048e-06
6.012168776e-06
1.164860885e-05
1.34523501e-05
1.637098156e-05
1.953417103e-05
2.025345736e-05
1.953606102e-05
1.471063285e-05
1.204887103e-05
7.174738022e-06
2.335070207e-06
1.711991333e-06
1.107340197e-06
1.176479968e-06
1.065200376e-06
1.849799115e-06
2.788831554e-06
2.685121366e-06
3.954202067e-06
5.587878443e-06
5.490603998e-06
7.039578943e-06
8.127887234e-06
8.53874219e-06
8.814021698e-06
9.152240554e-06
1.062340381e-05
9.329899455e-06
9.742918528e-06
1.348498902e-05
7.394138504e-09
1.117285715e-08
8.108091231e-08
4.12831128e-09
8.183415441e-09
1.518991033e-07
1.172636414e-08
1.442100333e-09
3.016097504e-08
1.558876354e-10
1.172060097e-10
5.794939571e-09
1.313585666e-09
1.672633146e-08
1.907993279e-08
1.446162557e-07
4.73877504e-07
3.16690939e-07
1.416959459e-06
6.350406185e-06
3.420706782e-06
3.241975671e-07
4.792576083e-07
8.389480821e-07
3.514436962e-07
3.432310275e-08
7.959836604e-08
2.772494903e-08
1.261948363e-07
2.145446464e-07
1.593596519e-06
2.58065012e-06
1.779103952e-06
3.969976875e-06
7.903498073e-06
9.767702213e-06
1.135688148e-05
1.420487787e-05
1.725323691e-05
1.550565675e-05
1.322072451e-05
1.4926916e-05
7.954394316e-06
3.00336095e-06
2.908217984e-06
1.13131229e-06
1.242510312e-06
1.302103115e-06
1.926078323e-06
2.788471679e-06
2.822258971e-06
4.325222619e-06
6.994251755e-06
6.006419332e-06
7.740754104e-06
7.682663687e-06
7.872348906e-06
7.263043373e-06
6.701020211e-06
7.915538453e-06
6.133651162e-06
5.669186468e-06
7.414643695e-06
5.426857508e-06
5.576293032e-06
8.67909888e-06
0.0001254158047
6.868954379e-05
1.84662691e-09
3.807386071e-05
2.148686105e-05
2.374758542e-10
1.243109371e-05
7.406603084e-06
4.093683429e-13
4.530399602e-06
2.79589949e-06
4.363528418e-14
1.673909687e-06
9.123230245e-07
3.899094456e-09
4.237820797e-07
2.20690363e-07
1.871784378e-07
9.300469273e-07
4.767840205e-05
7.001454088e-06
4.677776627e-05
3.35817061e-05
3.529631549e-07
9.799647858e-06
6.57532812e-07
8.174329769e-08
4.215218044e-08
6.393331982e-07
2.223538498e-07
3.17984767e-06
4.773171027e-06
3.465398943e-06
2.050467372e-06
4.28045764e-06
6.06287536e-06
6.078232169e-06
7.672576486e-06
1.090050872e-05
8.962664252e-06
7.415445623e-06
1.047333458e-05
4.067559511e-06
1.608473604e-06
2.477021267e-06
8.185115763e-07
1.180475432e-06
1.189535331e-06
1.895471974e-06
3.843467566e-06
2.887046356e-06
9.020008533e-06
1.325897895e-05
8.854539342e-06
1.019760554e-05
6.955358388e-06
7.345754976e-06
5.113008348e-06
4.077762399e-06
5.427484383e-06
3.395562217e-06
2.965761483e-06
4.205499135e-06
2.764220814e-06
2.807383145e-06
3.937333735e-06
0.00026490493
0.0002900100405
0.0003154610375
0.0002636115541
0.0002157774519
0.0001564495915
0.0001653430946
0.0001212734929
6.670184808e-05
8.638534761e-05
6.036880237e-05
2.739361923e-05
4.168459829e-05
2.857521684e-05
1.13776756e-05
1.94980722e-05
1.325463372e-05
4.739845069e-06
8.976462133e-06
6.122905754e-06
1.984424307e-06
4.901918365e-06
4.005682793e-05
6.346145381e-05
4.908102159e-05
2.980796723e-05
4.115860479e-05
1.128569385e-05
2.483172485e-06
2.288823754e-06
4.791390497e-07
1.463111545e-07
4.57348626e-08
6.733365838e-07
5.545493363e-06
5.610725818e-06
6.000807219e-07
1.227553206e-06
2.624547651e-06
1.799898609e-06
2.342881734e-06
4.754211926e-06
3.285243247e-06
2.465974254e-06
4.589425984e-06
7.421833133e-07
3.569586609e-07
8.170908217e-07
6.640401966e-07
1.460038369e-06
1.245213584e-06
1.320246986e-06
8.132055886e-06
6.769911377e-06
2.287889538e-05
3.882643034e-05
2.514262623e-05
4.163539252e-05
2.908483543e-05
1.03984532e-05
1.147865722e-05
3.077128643e-06
2.855996098e-06
1.647890417e-06
1.431452377e-06
2.012594631e-06
1.410048162e-06
1.568277547e-06
2.027811087e-06
1.982043481e-06
2.794370644e-06
3.20112955e-06
3.301778558e-07
3.583175763e-05
7.486647538e-05
9.656769619e-05
0.0001571634896
0.0002240824096
0.00019918646
0.0002166100053
0.0002328643785
0.0002123647913
0.0001932688663
0.0001671447525
0.0001664114753
0.0001373773287
0.0001000457979
0.0001097927463
8.557112701e-05
5.438324746e-05
6.539940378e-05
4.921984652e-05
2.806655238e-05
3.659789193e-05
2.702492228e-05
1.41235496e-05
2.118739936e-05
2.21636251e-05
2.290359617e-05
2.299670007e-05
1.806797889e-05
1.978511608e-05
1.124815303e-05
6.287599281e-06
3.622911568e-06
3.480041542e-06
1.967133316e-06
6.541031829e-07
1.336083393e-06
8.238333118e-07
1.677080043e-06
4.02676263e-07
1.884510997e-07
3.070964199e-07
1.326981074e-07
1.034042639e-07
7.052679877e-07
1.105180762e-07
1.39646783e-07
9.965861074e-07
1.201778804e-06
2.472151171e-06
3.786357563e-07
3.084080076e-06
3.146632844e-06
1.949513697e-06
1.24268435e-06
6.21026286e-06
7.232352089e-06
1.783785924e-05
3.327618937e-05
4.044869827e-05
4.620664878e-05
5.00186741e-05
4.959072719e-05
4.104613622e-05
2.149360157e-05
1.027254301e-05
5.700145984e-06
1.677334585e-06
1.282880542e-06
1.30246695e-06
1.445466909e-06
1.393299039e-06
1.944518275e-06
2.899951547e-06
2.724223506e-06
4.473598556e-06
7.042948032e-06
7.549594491e-06
4.526099729e-07
9.085525253e-06
1.764651068e-05
3.150787505e-05
6.633500574e-05
0.000103924137
0.000106458655
0.0001433494018
0.0001824559768
0.0001705363994
0.0001850074763
0.0001977661446
0.0001869278157
0.0001785443543
0.0001648056468
0.0001629983126
0.0001434277847
0.0001169755089
0.0001224475842
0.0001019542174
7.490775235e-05
8.314611304e-05
6.67056498e-05
4.490594421e-05
5.344790223e-05
4.38253567e-05
3.012857419e-05
3.6512236e-05
2.973951864e-05
2.169851577e-05
2.310243886e-05
1.713156469e-05
1.070361562e-05
1.228341834e-05
8.631298107e-06
4.50897363e-06
5.712704332e-06
3.493835039e-06
1.890690979e-06
2.493581315e-06
1.843940034e-06
6.173526301e-07
9.058120968e-07
3.331913162e-07
1.951480967e-07
1.11002423e-07
4.666302057e-08
1.138166419e-07
2.126208016e-08
1.175773346e-08
2.699162933e-07
7.206980526e-09
5.651010434e-09
2.295628241e-07
9.352554488e-07
2.507049716e-06
4.689835487e-06
6.034491034e-06
9.891794548e-06
2.215497296e-05
1.272520196e-05
1.427764634e-05
3.454161015e-05
1.44471815e-05
1.156333673e-05
2.151577474e-05
5.627673824e-06
2.36474266e-06
2.358134655e-06
1.824039547e-06
2.036117531e-06
1.647140595e-06
2.809168412e-06
4.249736691e-06
3.316380761e-06
6.476193062e-06
9.834394278e-06
7.865469789e-06
3.21397313e-06
3.601601033e-06
5.086345976e-06
1.08554219e-05
2.598651405e-05
4.159669442e-05
4.894976112e-05
7.732646217e-05
0.0001071690765
0.0001071267956
0.0001341246176
0.000161707236
0.0001549742484
0.0001677926256
0.0001786509072
0.0001721988421
0.0001690001486
0.000161270737
0.0001597350161
0.0001462293601
0.0001267568297
0.0001302620821
0.0001133836747
9.038282969e-05
9.698291817e-05
8.208028595e-05
6.170475952e-05
6.896729976e-05
5.738227179e-05
4.182743285e-05
4.702539114e-05
3.781600279e-05
2.60723593e-05
2.981991682e-05
2.307727362e-05
1.470037052e-05
1.733848846e-05
1.226439215e-05
6.779788161e-06
8.110086282e-06
5.380955467e-06
2.71000228e-06
4.075121191e-06
3.760745047e-06
1.523315263e-06
4.125415552e-06
5.169274335e-06
1.862563073e-06
6.96736587e-06
8.412424282e-06
3.051040015e-06
6.655410277e-06
2.172621298e-06
2.787446893e-07
6.441055176e-07
1.099457422e-06
8.18222378e-07
1.43233789e-06
9.903734768e-07
2.052554066e-06
5.594736197e-07
4.983463416e-07
5.564774134e-07
7.368331236e-07
1.191482567e-06
1.483736209e-06
1.810858855e-06
2.343759876e-06
2.53061468e-06
2.803804825e-06
3.507238154e-06
2.566061933e-06
4.629315176e-06
6.29552728e-06
5.466264495e-06
8.770964858e-06
1.245318444e-05
1.251697577e-05
5.405383324e-05
3.972588223e-05
3.771464793e-05
8.44003069e-06
2.580875089e-06
2.554946463e-06
4.373871225e-06
1.031202437e-05
1.627686435e-05
2.125841098e-05
3.760206823e-05
5.44027973e-05
5.857300925e-05
8.23160512e-05
0.0001067834088
0.0001063449318
0.0001281257597
0.0001497277679
0.0001455761048
0.000157367971
0.0001670925764
0.0001630068564
0.0001627375003
0.0001584267978
0.0001573482781
0.000147953431
0.0001332186242
0.0001358365635
0.000122261326
0.0001029536897
0.0001082403062
9.443134644e-05
7.538587344e-05
8.121453921e-05
6.8831544e-05
5.225360527e-05
5.747233167e-05
4.726559163e-05
3.395678378e-05
3.817742444e-05
3.001422964e-05
1.997875379e-05
2.273912686e-05
1.682157449e-05
9.975866073e-06
1.306698801e-05
1.187666454e-05
7.046644774e-06
1.307870755e-05
1.642429837e-05
9.955989127e-06
2.123366483e-05
2.460844612e-05
1.582822675e-05
2.106386585e-05
1.035172408e-05
6.201313172e-06
3.509255858e-06
2.2435665e-06
1.355859196e-06
1.837009023e-06
1.319267012e-06
8.711686518e-07
1.045114823e-06
1.146329633e-06
8.497669141e-07
1.534144791e-06
2.086013814e-06
1.74098052e-06
2.776605635e-06
3.461612637e-06
2.938565341e-06
3.749337455e-06
3.400874868e-06
3.89230712e-06
2.733248876e-06
2.232250439e-06
4.93952135e-06
2.16828199e-06
2.799099854e-06
8.390200876e-06
3.473878935e-06
3.056107725e-06
1.329459735e-05
8.34728745e-05
5.587241596e-05
3.351661675e-05
3.009712032e-05
5.634369333e-06
2.60105772e-06
2.813359837e-06
4.599609161e-06
6.637507879e-06
9.301592351e-06
1.749173643e-05
2.568368309e-05
2.962797197e-05
4.558001417e-05
6.185538404e-05
6.452934892e-05
8.508599695e-05
0.0001059143743
0.0001055462923
0.0001241971881
0.0001422566007
0.0001395861356
0.0001507016156
0.0001597132892
0.0001570471449
0.0001586227326
0.000156491553
0.0001558522193
0.0001494627826
0.0001381959651
0.0001403221142
0.0001292836915
0.0001129160542
0.000117096257
0.0001043819941
8.660693903e-05
9.164909373e-05
7.929603104e-05
6.261183174e-05
6.758005593e-05
5.661010052e-05
4.23202355e-05
4.64934022e-05
3.763266761e-05
2.606987115e-05
3.094864267e-05
2.761624248e-05
1.869435549e-05
2.828761915e-05
3.239204804e-05
2.422396956e-05
3.732109848e-05
3.784192198e-05
3.262088009e-05
2.943455349e-05
1.595687148e-05
1.354467692e-05
7.442611383e-06
5.006982965e-06
3.43106236e-06
4.377241878e-06
3.624503007e-06
2.167400314e-06
2.512345194e-06
1.724238261e-06
1.342870996e-06
1.776535746e-06
2.352712796e-06
2.277589913e-06
3.49360175e-06
4.973566434e-06
4.311073163e-06
5.459245883e-06
4.506438919e-06
3.890326238e-06
3.22534156e-06
2.377048043e-06
1.681129172e-06
1.928589282e-06
1.655576119e-06
1.140006419e-06
1.149529297e-06
9.151420313e-07
8.966834205e-07
0.0001675539637
0.0001342065222
0.0001080177591
9.93805765e-05
6.451176609e-05
3.410150181e-05
2.331658259e-05
7.568075577e-06
4.665373225e-06
6.08578863e-06
8.919297329e-06
1.215443877e-05
1.484919703e-05
2.395364787e-05
3.314896013e-05
3.625506377e-05
5.141530962e-05
6.677141916e-05
6.868674773e-05
8.699076204e-05
0.0001052645805
0.0001050706179
0.0001216703209
0.0001374334151
0.0001356976997
0.000146343624
0.0001548878525
0.0001531471132
0.0001560046627
0.0001554070072
0.0001551233682
0.0001509352803
0.0001422453451
0.0001440024886
0.000134938913
0.0001208830088
0.0001243557135
0.0001128228026
9.638457723e-05
0.0001008314025
8.878363005e-05
7.234707505e-05
7.706678868e-05
6.622232851e-05
5.118774799e-05
5.7109363e-05
5.081056721e-05
3.843882432e-05
4.798139957e-05
4.775996155e-05
4.016782779e-05
4.713959473e-05
4.234603472e-05
4.03967704e-05
3.2594286e-05
2.186021184e-05
1.84460998e-05
1.439994335e-05
1.058348429e-05
7.317875103e-06
8.749837637e-06
7.547650189e-06
5.35089314e-06
6.324091241e-06
4.943362523e-06
3.021103818e-06
3.583708163e-06
2.824764643e-06
2.441083224e-06
3.18713249e-06
3.019749684e-06
4.543911966e-06
2.463754402e-06
2.244255091e-06
3.369736004e-06
2.131040367e-06
2.063929734e-06
2.312716249e-06
2.047426895e-06
2.07660577e-06
1.947537828e-06
1.981861921e-06
1.871946481e-06
1.292873584e-06
0.0001676163417
0.0001270464873
0.0001218035464
9.990344977e-05
6.102556088e-05
6.541075632e-05
2.360758523e-05
6.312868326e-06
1.124673543e-05
3.928640289e-06
4.780014426e-06
6.833142805e-06
7.502954078e-06
1.227083771e-05
1.723535279e-05
1.941356363e-05
2.913390713e-05
3.897392487e-05
4.138533866e-05
5.582183447e-05
7.03454864e-05
7.181065673e-05
8.849952528e-05
0.0001049573881
0.0001049193818
0.0001201013595
0.0001343012701
0.000133185856
0.0001435081124
0.0001517533939
0.000150647088
0.0001544344746
0.0001549718781
0.0001549302752
0.0001523784353
0.0001456294312
0.0001471556014
0.0001397202036
0.0001275698695
0.0001305649578
0.0001201933163
0.0001050383496
0.0001091419726
9.804177564e-05
8.208629543e-05
8.764571679e-05
8.022706578e-05
6.436102064e-05
7.368115268e-05
6.719244322e-05
5.601791033e-05
6.021148064e-05
5.184842742e-05
4.574227582e-05
4.231426888e-05
3.316744764e-05
2.668256002e-05
2.581575397e-05
2.055855217e-05
1.494733269e-05
1.694725298e-05
1.436832137e-05
1.047606779e-05
1.227893495e-05
1.028160749e-05
7.29402836e-06
8.234550596e-06
6.307836193e-06
4.179229426e-06
4.816901516e-06
3.503499642e-06
2.486463025e-06
2.515755544e-06
2.025296147e-06
1.820600376e-06
1.928299511e-06
2.024253436e-06
1.922180619e-06
2.240780785e-06
2.5579e-06
2.202015038e-06
2.930866607e-06
3.355084191e-06
2.49785022e-06
0.00011347965
8.386400472e-05
0.0001088062868
8.239042346e-05
2.565487383e-05
6.478456197e-05
4.340334386e-06
1.735370589e-06
5.569277776e-06
1.78213693e-06
2.232017685e-06
3.246319613e-06
3.563067858e-06
6.035747748e-06
8.621246853e-06
9.984748778e-06
1.574512629e-05
2.150038516e-05
2.357216095e-05
3.356626474e-05
4.356830228e-05
4.562117574e-05
5.940612443e-05
7.313508177e-05
7.438431499e-05
8.986382897e-05
0.000104953494
0.0001050700062
0.0001192270485
0.0001323069502
0.0001316345166
0.0001417274444
0.0001497794515
0.0001491134716
0.0001535857541
0.0001549821839
0.0001551158987
0.0001538318419
0.000148602554
0.0001499874706
0.0001439389524
0.0001333946445
0.0001361326479
0.0001288834223
0.0001133059549
0.0001175398272
0.0001304711298
9.416351737e-05
0.0001389448459
0.0001297628433
7.673078789e-05
0.0001085402778
8.546475252e-05
5.940399814e-05
6.672208701e-05
5.32100873e-05
4.125704592e-05
4.346321272e-05
3.610486475e-05
2.754242865e-05
3.036192926e-05
2.579948863e-05
1.942478537e-05
2.207603751e-05
1.885682097e-05
1.407783869e-05
1.586769173e-05
1.300154078e-05
9.237149203e-06
1.032548408e-05
7.953167879e-06
5.304795197e-06
6.054237735e-06
4.7244205e-06
3.093880116e-06
3.912978406e-06
3.511267658e-06
2.491302687e-06
3.618746923e-06
4.282012659e-06
3.319537018e-06
5.32707637e-06
6.657451319e-06
4.797856119e-06
8.270888982e-05
7.010362313e-05
7.659384807e-05
4.243870795e-05
4.314874041e-06
2.164623853e-05
3.092112359e-06
2.644297441e-06
3.58934121e-06
4.51045241e-06
1.017955941e-05
3.145362488e-06
1.717832627e-05
2.108737185e-05
5.461635946e-06
1.807503737e-05
1.754919118e-05
1.247198356e-05
2.012018478e-05
2.503384474e-05
2.6221782e-05
3.205046761e-05
4.105948859e-05
4.79071254e-05
5.194221427e-05
6.441636515e-05
7.575736373e-05
7.801521333e-05
9.213966815e-05
0.0001053475092
0.0001061236123
0.000119298536
0.0001311745567
0.0001310515095
0.0001408695089
0.000148631931
0.000148371006
0.0001533203994
0.0001553263869
0.0001556297927
0.0001553544608
0.0001513359769
0.0001526826696
0.0001493840765
0.0001410022691
0.0001418599254
0.0001609386331
0.0001541572225
0.0001750493293
0.0001661749646
0.0001625082177
0.0001414221925
0.0001146045378
0.0001052130253
9.330683975e-05
7.799501246e-05
6.577089545e-05
6.65597203e-05
5.731629056e-05
4.608804678e-05
4.947877696e-05
4.275176268e-05
3.357449659e-05
3.697463957e-05
3.196417335e-05
2.477967731e-05
2.750101916e-05
2.339701492e-05
1.768465305e-05
1.956222875e-05
1.601350978e-05
1.150728864e-05
1.284458901e-05
1.018665398e-05
7.017371485e-06
8.176905768e-06
6.897934406e-06
4.995054498e-06
6.295844687e-06
6.198157227e-06
5.141450433e-06
6.363481379e-06
6.68885541e-06
7.453373166e-06
7.609513795e-05
6.246839793e-05
8.286835915e-05
2.638600409e-05
1.590436191e-06
3.365138891e-06
8.519992544e-07
2.446805216e-06
1.786501772e-06
5.514362349e-06
1.011342701e-05
7.392644718e-06
1.618536393e-05
2.340802515e-05
2.195645109e-05
3.192945439e-05
4.665899412e-05
5.705497714e-05
7.620705238e-05
0.0001042376508
4.883764967e-05
0.000109490371
9.512143962e-05
4.728324897e-05
8.242174049e-05
7.736450325e-05
6.101401057e-05
7.846557153e-05
8.378682947e-05
8.294562582e-05
9.191261142e-05
0.0001017828894
0.0001082569239
0.0001124990386
0.0001232525712
0.0001316327088
0.0001333259252
0.0001421146375
0.000148475563
0.0001491487156
0.0001541056198
0.0001560913854
0.0001568142848
0.0001575330882
0.0001547789546
0.0001556798703
0.0001594858106
0.0001603104911
0.0001608798578
0.0001541762945
0.0001589179639
0.0001416775788
0.0001277839898
0.0001206283748
0.0001148566155
0.0001032352646
9.041784057e-05
9.257877945e-05
8.26380329e-05
6.959831922e-05
7.337783125e-05
6.486643035e-05
5.324334654e-05
5.716046452e-05
5.024036971e-05
4.046074391e-05
4.400302487e-05
3.830626984e-05
3.024617184e-05
3.303415563e-05
2.813694151e-05
2.153304694e-05
2.362817694e-05
1.956145426e-05
1.434901753e-05
1.60211568e-05
1.312713298e-05
9.520728017e-06
1.099931208e-05
9.616464158e-06
7.617463534e-06
8.658045424e-06
7.588362787e-06
6.537081964e-06
5.851611744e-05
2.309830691e-05
5.365792869e-05
9.447900761e-10
1.85694293e-10
4.092680132e-08
2.182519326e-06
5.885759383e-06
3.841990912e-06
1.154400535e-05
1.893730913e-05
1.393712671e-05
2.738525909e-05
3.600190866e-05
2.935485997e-05
4.399568552e-05
5.099414253e-05
4.566314299e-05
5.729540546e-05
6.37689853e-05
7.362804195e-05
7.206546918e-05
9.186709438e-05
0.0001351284344
0.0001197463157
0.0001433069327
0.0001205250702
0.0001371278836
0.0001255015815
0.0001003158869
0.0001173357622
0.0001141098215
0.0001036742211
0.0001151187635
0.00011922274
0.0001185527384
0.0001253259362
0.000132463991
0.0001361642731
0.00013980486
0.000146648346
0.0001504890917
0.0001524321682
0.0001567675093
0.000157974448
0.0001593194937
0.0001609541415
0.0001600455461
0.0001606816738
0.0001576760149
0.0001545577284
0.0001522724679
0.0001452346849
0.0001364125463
0.0001371290285
0.000128277926
0.000116061511
0.0001189183428
0.000109298943
9.602802202e-05
9.968913463e-05
9.034219038e-05
7.734727886e-05
8.145203373e-05
7.311861418e-05
6.119024395e-05
6.534453924e-05
5.807136022e-05
4.759759074e-05
5.123643629e-05
4.481609161e-05
3.588742461e-05
3.882796767e-05
3.33017787e-05
2.586699567e-05
2.826162104e-05
2.374426176e-05
1.78502004e-05
1.983635535e-05
1.666556002e-05
1.25557339e-05
1.425047623e-05
1.23946995e-05
9.61456823e-06
9.089808238e-08
1.910292588e-06
1.127174051e-06
6.170875332e-06
1.336516033e-05
8.953530436e-06
2.267700797e-05
3.263798553e-05
2.518370307e-05
4.176369826e-05
4.90332096e-05
4.279584314e-05
5.410382595e-05
5.731188018e-05
5.519262872e-05
5.95295622e-05
6.184740162e-05
6.356754174e-05
6.505981233e-05
6.925525085e-05
7.42646499e-05
7.39354339e-05
8.034786368e-05
0.0001028439454
9.330110269e-05
0.0001211707624
0.0001364334659
0.000132247955
0.0001335022091
0.0001269521016
0.0001319373169
0.0001372916124
0.0001244012383
0.0001368608742
0.0001365492855
0.0001319060078
0.0001387866486
0.0001429525524
0.0001438286134
0.0001479745357
0.0001530137922
0.0001548256204
0.0001574574349
0.0001609347354
0.000161296989
0.0001630580178
0.0001635354971
0.0001610659661
0.0001622662067
0.000159291264
0.0001530679499
0.0001547328861
0.0001487746339
0.0001393137141
0.0001416589811
0.0001336774675
0.0001219836232
0.0001251431972
0.0001163513626
0.0001034696633
0.000107536946
9.884656723e-05
8.576978117e-05
9.033935029e-05
8.202383131e-05
6.960868216e-05
7.391434963e-05
6.607110447e-05
5.49041391e-05
5.859446248e-05
5.157978949e-05
4.188032553e-05
4.507039351e-05
3.905421012e-05
3.081748107e-05
3.350223739e-05
2.838762572e-05
2.192794761e-05
4.525889788e-09
5.282432704e-06
3.022718041e-06
1.557784991e-05
2.838447063e-05
1.961104173e-05
4.036107004e-05
4.918138202e-05
4.093913209e-05
5.405959632e-05
5.550795312e-05
5.369038137e-05
5.481841468e-05
5.353108813e-05
5.682465584e-05
5.299896843e-05
5.405926636e-05
5.836606088e-05
5.683256048e-05
6.074040117e-05
6.472877863e-05
6.475442107e-05
6.777251872e-05
7.250722042e-05
6.906075745e-05
6.917306167e-05
8.544751374e-05
7.246791294e-05
0.0001111225523
0.0001261555791
0.0001331959908
0.0002353709099
0.0001343291813
0.0002258098901
0.0001884045909
0.0001379212757
0.0001612327153
0.0001501843911
0.0001431445194
0.0001487358772
0.000151302396
0.0001517214347
0.0001551583967
0.000159122423
0.0001601223366
0.000162590801
0.000165169419
0.0001648448853
0.0001665770507
0.0001666296581
0.0001637624223
0.0001652428176
0.0001624342129
0.0001564769751
0.0001583168836
0.0001530772426
0.0001440905944
0.0001469389186
0.0001401188388
0.0001286531739
0.0001327857901
0.0001250403873
0.000112037197
0.0001169275715
0.0001084774396
9.507593799e-05
9.97763369e-05
9.098067337e-05
7.816831012e-05
8.231074248e-05
7.398891712e-05
6.232762476e-05
6.615070648e-05
5.879937017e-05
4.840990668e-05
5.18183609e-05
4.499716527e-05
3.611033453e-05
2.598901221e-10
1.835767503e-05
9.620548355e-06
3.950657229e-05
5.376696896e-05
4.00004565e-05
5.911658566e-05
5.756275234e-05
5.560656132e-05
5.230329918e-05
4.643081648e-05
5.327932999e-05
4.235393321e-05
4.14114307e-05
4.790725459e-05
4.362909492e-05
4.794309051e-05
5.016467609e-05
5.287004455e-05
5.707982769e-05
5.817303652e-05
5.963016775e-05
6.000358644e-05
6.371642266e-05
5.807945798e-05
5.405918709e-05
6.125774592e-05
4.889675728e-05
4.621505446e-05
6.027488362e-05
6.312756439e-05
0.0001774470119
0.0002288564827
0.0001981982287
0.0001969879697
0.0001815991986
0.0001947661221
0.0001891415491
0.0001509846941
0.0001839287752
0.0001797740288
0.0001524339082
0.0001766424847
0.0001745155866
0.0001591753434
0.0001733508845
0.0001729253596
0.0001653505954
0.0001728920231
0.000172872626
0.0001684285952
0.0001725309786
0.0001716150136
0.0001669130072
0.0001699699289
0.0001675257041
0.0001606677043
0.0001642656842
0.0001601869214
0.0001505934307
0.0001552699616
0.0001494666288
0.0001375815186
0.0001426980135
0.0001368272149
0.0001256483304
0.0001262896124
0.0001171526123
0.0001046481451
0.0001082003517
9.917959904e-05
8.638088821e-05
9.044034388e-05
8.210965353e-05
7.009069066e-05
7.400220432e-05
6.619749807e-05
5.513460657e-05
8.421374688e-05
7.005011266e-05
6.647374274e-05
5.232959394e-05
3.741790433e-05
5.204006073e-05
2.77558632e-05
2.474595288e-05
3.586080451e-05
2.817568114e-05
3.553243084e-05
3.645375154e-05
4.360103934e-05
5.012778683e-05
4.80866617e-05
5.410237228e-05
5.534188734e-05
5.659377244e-05
5.401885697e-05
5.041275926e-05
5.587518764e-05
4.492715191e-05
3.826697772e-05
4.646546437e-05
3.298503014e-05
3.42775301e-05
3.890777781e-05
4.501286733e-05
6.58684934e-05
0.0001018668852
0.0001046710925
0.0001715287561
0.0003134101483
0.0002700809288
0.0004403420657
0.0004395607192
0.0006248473633
0.0007555818892
0.00035045844
0.0007213802981
0.0006027557917
0.0002684530612
0.0004890518968
0.0003984347344
0.0002227635163
0.0003318014437
0.0002846668519
0.0001985416681
0.0002518454787
0.0002290426087
0.00018572087
0.0002130843463
0.00020169839
0.0001777752225
0.0001932430723
0.00018649385
0.0001704881324
0.0001805028386
0.0001764141194
0.0001656836774
0.0001671462251
0.0002870818085
0.0003867141658
0.0002296285012
0.0001708793865
0.000181692125
0.0001412853634
0.0001265289757
0.0001144497485
0.0001163839694
0.0001076290899
9.470013553e-05
4.042541657e-11
1.027878692e-11
1.668812577e-05
7.554306546e-06
2.130319747e-05
1.843919599e-05
3.572630662e-05
4.65488038e-05
3.94806384e-05
5.216505793e-05
5.299331863e-05
5.246031209e-05
5.042050038e-05
4.59045387e-05
5.202275546e-05
4.042027605e-05
3.433422953e-05
4.314779103e-05
2.753589767e-05
2.131076729e-05
2.963063615e-05
2.224850212e-05
3.403041851e-05
3.257318117e-05
5.608871286e-05
8.499847324e-05
7.298205471e-05
0.0001151221328
0.0001403333179
0.0001282229761
0.0001577111539
0.000164426488
0.0001894369327
0.0001565108334
0.0001409359392
0.0002896342439
0.0001542861412
0.0001830444697
0.0006676878261
0.0004050110266
0.0005081342428
0.0005930347185
0.000530342312
0.0005061381213
0.0004296156198
0.0004604918221
0.0004094867671
0.0003151469137
0.0003618261362
0.0003211320154
0.0002506975664
0.0002880291952
0.0002616808208
0.0002156522145
0.0002406949586
0.0002236980075
0.0001944674617
0.0002090215718
0.0002053244017
0.000216225175
0.0001902633375
0.0001752949746
0.0001662107111
0.0001629577892
0.0001523283885
0.0001387601841
9.500084211e-12
1.603567185e-11
5.33753909e-12
2.410214119e-05
4.62872162e-05
3.189883151e-05
5.679870183e-05
5.691550213e-05
5.348745294e-05
5.088839854e-05
4.244260673e-05
4.994089443e-05
3.398233492e-05
2.670764454e-05
3.712090046e-05
2.086819006e-05
1.600272506e-05
2.487331705e-05
1.033077381e-05
1.08696256e-05
1.465906789e-05
2.330289085e-05
4.77033471e-05
3.900826376e-05
8.133572643e-05
0.000117113693
9.986087167e-05
0.0001466729085
0.0001639797372
0.0001532267033
0.0001687064406
0.0001603683132
0.0001642989044
0.0001377125083
0.000108849862
0.0001211824223
8.561665277e-05
7.212057891e-05
9.20716843e-05
6.444296308e-05
7.769082583e-05
0.0002602311779
0.000181258321
0.0002775111385
0.0004327761489
0.000349101447
0.0003914725839
0.0004437572006
0.000407320107
0.0004029401116
0.0003837600011
0.0003853832906
0.000360729531
0.000316642076
0.0003334096286
0.0003062177953
0.0002633985309
0.0002806552564
0.0002576189274
0.000225320621
0.000236723625
0.0002181781273
0.000193394694
0.0002019299671
0.0001880844217
0.000168276318
8.198960603e-05
7.983327903e-05
6.404129222e-05
5.984986718e-05
4.113945723e-05
5.369993263e-05
2.717924254e-05
1.771317224e-05
3.098769003e-05
1.163713402e-05
7.896961421e-06
1.635656904e-05
5.69023825e-06
4.033834369e-06
8.853897924e-06
1.380217081e-06
1.242266516e-05
1.021931919e-05
3.86431931e-05
7.710368666e-05
6.032001279e-05
0.0001203083861
0.0001558143924
0.0001361133642
0.0001743610026
0.0001738058322
0.0001712941407
0.0001588513617
0.0001346789752
0.0001502170849
0.0001060743956
8.013653491e-05
9.480457159e-05
6.256670821e-05
5.364012396e-05
6.227723699e-05
4.988029975e-05
4.559716063e-05
5.04036602e-05
3.968515909e-05
6.716369942e-05
0.0001442230228
0.0001186739957
0.0001807101086
0.0002872081984
0.0002416732457
0.0002929110375
0.0003668770338
0.0003296100792
0.0003505189123
0.0003741899095
0.0003570357356
0.0003519902959
0.0003396001302
0.0003386955258
0.000320422821
0.0002922587041
0.0002995270776
0.0002790259736
0.0002476581872
1.85595686e-08
5.574070888e-08
6.263486498e-06
2.055042513e-07
8.502733411e-07
2.574628597e-06
1.645874959e-06
1.450873821e-06
1.488282893e-06
2.540642485e-07
2.642120036e-05
1.757241531e-05
7.217743958e-05
0.0001237648816
9.826467927e-05
0.0001693091246
0.0001906952954
0.0001747064578
0.000184399076
0.0001585973551
0.0001700110196
0.0001248878172
9.183239197e-05
0.00011474605
6.512563329e-05
4.796187712e-05
6.472178606e-05
3.893342016e-05
3.366797517e-05
4.510357837e-05
2.896766805e-05
2.371807461e-05
3.78894968e-05
1.785001512e-05
1.270837459e-05
2.981522516e-05
2.198329786e-05
4.783572324e-05
9.961157549e-05
8.696873165e-05
0.00013473561
0.0002086110241
0.0001852914057
0.0002329340972
0.0002981760438
0.0002731321806
0.000303092247
0.0003386947426
2.274764856e-06
3.972418517e-06
2.072837036e-06
5.172041201e-06
4.020026009e-06
2.978603138e-06
5.745875681e-07
6.352944474e-05
4.068916016e-05
0.0001314611484
0.0001841450685
0.0001529689149
0.0002174658055
0.0002019355501
0.0002009825476
0.0001585767102
0.000110984764
0.0001388023223
7.203878817e-05
4.456779554e-05
6.770798433e-05
2.688558232e-05
1.63083881e-05
3.073138158e-05
1.008404676e-05
6.018604147e-06
1.861664499e-05
2.914404142e-06
1.109691962e-06
6.501425604e-06
6.037061411e-07
7.815281425e-07
1.174889253e-06
2.880238762e-06
9.706386789e-06
2.083919343e-05
2.391363143e-05
4.692528788e-05
8.102046499e-05
7.874252829e-05
0.0001175035398
0.0001693256813
0.0002121138558
0.0002369803483
0.0002138970715
0.000246134025
0.0001551328466
0.0001888374376
8.433290338e-05
4.274692141e-05
7.736670953e-05
2.13726833e-05
1.080340472e-05
2.490803472e-05
5.500041797e-06
2.744944153e-06
7.457951607e-06
1.207051793e-06
5.201453796e-07
1.751325824e-06
3.00392212e-07
2.786639091e-07
4.05633253e-07
2.950347605e-07
3.93645642e-07
5.333742309e-07
)
;

boundaryField
{
    dominio_ascii
    {
        type            zeroGradient;
    }
    wallFilmFaces_top
    {
        type            zeroGradient;
    }
    region0_to_wallFilmRegion_wallFilmFaces
    {
        type            zeroGradient;
    }
}


// ************************************************************************* //
