/*--------------------------------*- C++ -*----------------------------------*\
| =========                 |                                                 |
| \\      /  F ield         | OpenFOAM: The Open Source CFD Toolbox           |
|  \\    /   O peration     | Version:  2.1.x                                 |
|   \\  /    A nd           | Web:      www.OpenFOAM.org                      |
|    \\/     M anipulation  |                                                 |
\*---------------------------------------------------------------------------*/
FoamFile
{
    version     2.0;
    format      ascii;
    class       surfaceScalarField;
    location    "2.1";
    object      phi;
}
// * * * * * * * * * * * * * * * * * * * * * * * * * * * * * * * * * * * * * //

dimensions      [1 1 -1 0 0 0 0];

internalField   nonuniform List<scalar> 
5536
(
1.049935545e-09
-5.142010627e-09
-2.650536054e-10
3.46086363e-10
-1.40819693e-09
-3.066418731e-10
1.1026773e-10
-8.173528868e-10
7.370895594e-12
-5.413100373e-11
-1.58689061e-10
2.250706777e-11
-2.262176377e-11
-1.356012206e-10
-6.118787063e-11
-2.124809324e-11
1.603064904e-11
-3.970548523e-11
-1.234066021e-11
4.474338535e-11
2.124164577e-11
-4.544230542e-11
-6.419533686e-11
3.135269918e-09
2.696646558e-10
-2.511623987e-09
-2.468302018e-10
3.383159344e-09
1.478959359e-10
-2.104671156e-09
-2.839127995e-10
1.216420235e-09
2.432729314e-10
-1.00367037e-09
-2.022805832e-10
6.162449022e-10
7.710194365e-11
-4.614938877e-10
-1.130094997e-11
1.169360705e-10
-1.96484343e-11
-1.362529297e-10
1.277133379e-11
8.561126127e-11
-1.051527867e-11
-9.173393942e-11
1.080990808e-11
1.12037713e-10
-1.345420875e-11
-9.263995492e-11
1.729946915e-11
1.129406974e-10
-8.553442419e-11
7.237826657e-12
-2.095483183e-11
-2.194682814e-11
-8.801384267e-11
3.254021372e-11
-8.458486366e-11
-3.58132818e-11
7.20220658e-11
2.085166352e-11
-3.59930405e-11
-1.991823795e-11
3.443864942e-11
1.546523864e-11
-2.080967709e-11
-1.355008631e-11
3.571875664e-11
1.509234033e-11
-2.871235496e-11
-1.924840784e-11
4.445617952e-11
2.433007512e-11
-4.106495967e-11
-5.533650544e-11
1.906825896e-09
1.436069871e-10
-1.379658631e-09
-9.97776364e-11
1.240958574e-09
5.659157802e-11
-7.495554566e-10
-1.912024301e-11
8.606792622e-10
-2.106826443e-11
-8.892493858e-10
-7.788830357e-11
4.163023127e-10
5.462593006e-11
-4.904601511e-10
-9.389351028e-12
2.793958751e-10
-2.74199895e-11
-6.107781441e-10
4.492867176e-11
1.41410575e-10
-3.708423124e-11
-2.83899997e-10
2.115378354e-11
7.810125708e-11
-1.244314229e-11
-7.330820231e-11
1.386654487e-11
7.786829365e-11
-1.915030869e-11
-7.030275278e-11
2.310707163e-11
8.284457371e-11
-2.554029767e-11
-7.79506932e-11
2.84777958e-11
1.582881731e-10
-4.155646109e-11
-1.468828164e-10
7.32745999e-11
-3.553724288e-10
2.248148007e-10
-1.07197565e-10
2.261461236e-11
-3.201413113e-11
-1.3317783e-11
4.87782018e-11
1.983205707e-11
-2.717051163e-11
-1.434824092e-11
1.858802737e-11
8.714469428e-12
-7.073048357e-12
-5.727103101e-12
1.001312411e-11
4.69173179e-12
-3.653210965e-12
-5.410920773e-12
1.930701593e-11
8.416473112e-12
-1.089672522e-11
-1.466784652e-11
3.653737053e-11
1.627083395e-11
-3.31858357e-11
-3.065030374e-11
9.465864013e-10
6.656017171e-11
-6.046873334e-10
-3.956057929e-11
4.629501722e-10
2.049902555e-11
-2.701999482e-10
6.842737837e-12
9.689952325e-10
-5.501452561e-11
-8.736714864e-10
-2.0730985e-11
5.900567988e-10
9.867168235e-12
-5.93840992e-10
1.169297292e-10
1.059929782e-09
-2.755105958e-10
-1.388705287e-09
3.512208167e-10
5.874324108e-10
-3.039409727e-10
-1.027630469e-09
1.488932521e-10
9.040815756e-11
-4.776906159e-11
-1.508061904e-10
2.046914533e-11
6.30357961e-11
-1.877286163e-11
-5.701821068e-11
2.121871345e-11
7.285775185e-11
-2.261715086e-11
-6.793520776e-11
2.663311219e-11
1.382434262e-10
-4.143768204e-11
-1.303724575e-10
7.128251403e-11
3.123360462e-10
-1.195297257e-10
-2.794230476e-10
1.875996019e-10
7.09336781e-10
-4.840849492e-10
3.609637119e-10
-2.762754111e-10
-5.008643161e-10
-7.489263292e-10
3.227140845e-11
1.842238283e-11
-1.300594395e-11
-1.244858157e-11
1.626018815e-11
8.397354573e-12
-6.861388609e-12
-5.840231333e-12
1.20689404e-11
4.385865834e-12
-3.655021938e-12
-2.410286079e-12
1.803895602e-12
8.339286137e-13
-3.878823694e-13
-5.111363245e-13
1.958614491e-12
9.726155971e-13
-4.831771689e-12
-2.735917478e-12
1.293965024e-11
5.939214472e-12
-4.131247226e-11
-6.269442391e-12
2.912630539e-11
2.301491865e-12
-2.200294911e-11
-1.662088892e-11
3.469580924e-10
2.589718311e-11
-1.677675548e-10
-1.233561794e-11
1.366279323e-10
6.452753765e-12
-5.548054732e-11
1.916982876e-12
6.38148374e-10
-1.276001574e-11
-4.046287361e-10
-6.599600919e-12
5.153118642e-10
-2.570990162e-12
-4.25586816e-10
1.523489133e-10
1.46510457e-09
-3.809339137e-10
-1.344241005e-09
5.911799919e-10
1.393240378e-09
-6.928673222e-10
-1.515530618e-09
5.696191577e-10
2.691680932e-10
-2.711174421e-10
-4.162269284e-10
7.884970924e-11
5.294544185e-11
-2.662346194e-11
-4.993972575e-11
1.839710865e-11
6.352339061e-11
-1.851936263e-11
-5.983781377e-11
2.646140512e-11
1.231040807e-10
-4.395302584e-11
-1.164263309e-10
7.112713419e-11
2.534041458e-10
-1.120520785e-10
-2.362762647e-10
1.638831229e-10
4.002021814e-10
-2.220827511e-10
-3.363461619e-10
2.831491157e-10
5.242581369e-10
-3.42312109e-10
-3.944228471e-10
4.013670475e-10
-5.184217688e-10
-4.843841797e-10
1.874612086e-13
5.710388572e-13
1.451720268e-12
-1.998400037e-12
3.574013169e-12
3.367162236e-12
-3.71652681e-14
-2.282880258e-12
1.921485407e-12
1.278820866e-12
-2.542127165e-13
-4.663122777e-13
4.943248151e-13
2.381206251e-13
-6.306442066e-15
-9.451802038e-14
2.332937074e-13
8.028603651e-14
-1.035701013e-13
-9.68876936e-13
1.169613263e-11
6.31135271e-12
-1.563978683e-11
-2.126594572e-11
9.87388815e-11
4.876694069e-11
-1.337576038e-10
-7.736675866e-11
1.841150975e-11
-2.948651131e-12
-1.677120677e-11
-1.188419247e-11
7.190319514e-11
7.192996873e-12
-6.448022842e-11
-1.695879736e-12
1.925175055e-11
1.09826692e-12
-9.240440343e-12
3.714642988e-13
2.418434527e-10
-2.75722842e-12
-1.644499172e-10
-1.157244025e-11
3.433188203e-10
-1.561308131e-12
-2.656726073e-10
1.165270849e-10
1.122065335e-09
-3.009336324e-10
-8.648200277e-10
5.047552579e-10
1.405807584e-09
-6.661323035e-10
-1.155396566e-09
6.792662524e-10
5.117986565e-10
-4.628696746e-10
-4.966376171e-10
1.825016947e-10
4.674429466e-11
-4.560782309e-11
-4.405179915e-11
1.666314459e-11
5.642797317e-11
-1.903388057e-11
-5.1814494e-11
3.032821487e-11
1.115303487e-10
-4.664046875e-11
-1.124660638e-10
7.098708316e-11
2.306519197e-10
-1.155584529e-10
-2.370594621e-10
1.562223133e-10
2.841549763e-10
-1.888643877e-10
-2.386602041e-10
2.127424485e-10
2.944638681e-10
-2.29354424e-10
-2.150089565e-10
2.424896928e-10
3.119481745e-10
-2.579482993e-10
-2.037944001e-10
2.840518349e-10
-2.559486378e-10
-3.499832752e-10
-2.046113421e-11
1.738833332e-11
1.339950225e-12
-2.156118427e-13
-3.603861636e-12
3.666267694e-12
8.846572932e-14
-2.395096658e-13
-2.706838994e-14
2.790645855e-13
-3.520815493e-15
5.886209822e-18
3.357867739e-17
1.034808606e-16
-1.448182288e-17
6.758921919e-18
6.321397227e-18
-1.91676882e-18
-2.261876719e-18
6.945379487e-19
3.22066369e-19
-1.713105954e-18
8.637197464e-19
8.89408923e-12
-3.569873297e-13
3.527848568e-12
-1.777376857e-11
3.982258923e-11
3.965789964e-11
1.677089712e-11
-5.512279568e-11
1.757732756e-11
2.539816482e-12
2.296804349e-12
-1.045264928e-11
1.147981092e-10
1.716613759e-11
-1.572237733e-10
-1.148020757e-12
8.136744602e-12
3.441416606e-13
-5.96524723e-12
-2.49248591e-12
1.455627825e-10
2.420145148e-11
-1.340704117e-10
-6.370891212e-11
1.916795538e-10
2.228400209e-12
-1.257003752e-10
7.21511143e-11
6.132814973e-10
-1.831612978e-10
-3.932993206e-10
3.045320818e-10
8.549790318e-10
-4.131533593e-10
-5.697552552e-10
4.558574467e-10
3.901610736e-10
-3.395522636e-10
-2.508731914e-10
1.571319918e-10
3.828122909e-11
-4.743856594e-11
-2.897894051e-11
1.685233206e-11
4.812540424e-11
-1.894973911e-11
-4.452710431e-11
3.113060997e-11
1.334998734e-10
-4.871066476e-11
-2.782873853e-10
8.618343284e-11
2.524589782e-10
-1.465667923e-10
-3.241953608e-10
1.579809441e-10
1.940069296e-10
-1.548952286e-10
-1.479949078e-10
1.485572326e-10
1.514841865e-10
-1.413034127e-10
-1.018644826e-10
1.354323799e-10
1.337089349e-10
-1.333887139e-10
-8.72027261e-11
1.374401651e-10
1.562516601e-10
-1.056993733e-10
1.836354628e-10
-1.509280047e-10
1.456293313e-11
-6.965971693e-11
-9.421729386e-07
-8.787199402e-07
8.415065321e-07
9.807389817e-07
-2.730030659e-07
-7.999154978e-07
4.979493642e-07
5.758984886e-07
-7.927846922e-08
-3.870374552e-07
2.183048662e-07
2.484463916e-07
-2.274647711e-08
-1.5389925e-07
8.450982805e-08
9.231269438e-08
-6.07550331e-09
-5.354949002e-08
2.981539267e-08
2.987753976e-08
-1.268309983e-09
-1.588198891e-08
9.247159255e-09
7.929691641e-09
-1.449846847e-10
-3.647407743e-09
2.290962406e-09
1.511719701e-09
-1.593472359e-10
-5.161360543e-10
6.123257151e-10
1.70899343e-10
-5.206529635e-09
-4.420598169e-09
8.850932478e-09
5.469873986e-09
-6.581842981e-10
-3.301976456e-09
1.515141798e-09
6.578832486e-10
2.836320298e-13
1.940115859e-14
7.2175248e-14
-4.334322985e-13
8.276286125e-11
7.696970217e-12
5.424841434e-11
-1.21058909e-10
7.170485121e-11
1.215684274e-13
-3.50457908e-11
3.196707798e-11
2.195438263e-10
-7.74712209e-11
-9.725504107e-11
1.22834177e-10
3.361627556e-10
-1.628161376e-10
-1.638178306e-10
1.867596261e-10
1.288961411e-10
-1.332150097e-10
-4.611031086e-11
5.5025294e-11
2.000732564e-11
-1.868763734e-11
-1.509929235e-11
1.224148983e-11
3.676307776e-11
-2.163741188e-11
-2.425188472e-11
6.923089302e-11
9.80454813e-10
-5.030053038e-10
-2.194377782e-09
1.432760525e-09
9.959312437e-10
-1.881780964e-09
-3.589936672e-09
1.154172086e-09
1.307939836e-10
-3.53194028e-10
-5.316134604e-10
1.068549564e-10
6.646353446e-11
-7.45270908e-11
-4.83722446e-11
6.939299861e-11
5.767417964e-11
-6.833619246e-11
-4.11563704e-11
7.099353381e-11
7.190454353e-11
-8.002777845e-11
-5.387185674e-11
9.98102421e-11
1.413444389e-10
-1.149765415e-10
2.458194634e-10
-1.397280363e-10
3.279488706e-12
-2.381412402e-10
-4.667470008e-12
2.396382166e-10
-5.752394442e-07
-1.877863507e-07
3.505398242e-07
4.131320603e-07
-5.704357083e-07
-5.628119437e-07
5.238831131e-07
6.104093806e-07
-3.513190563e-07
-5.774693004e-07
4.313765899e-07
4.983071932e-07
-1.757094692e-07
-4.021332926e-07
2.703363381e-07
3.080807942e-07
-7.726553468e-08
-2.261246538e-07
1.438610846e-07
1.598430557e-07
-3.028519292e-08
-1.09091607e-07
6.764074189e-08
7.189282558e-08
-1.029094957e-08
-4.566195861e-08
2.818606127e-08
2.784160017e-08
-3.412609695e-09
-1.61980404e-08
1.154539049e-08
8.192412756e-09
-9.852969375e-09
-7.572113412e-09
1.191223437e-08
5.677379257e-09
-1.515763372e-09
-2.995106716e-09
2.262411028e-09
1.241830384e-09
-6.531772233e-11
-4.123465667e-10
2.07462922e-10
1.249737576e-10
-5.397405437e-11
-3.906407948e-11
7.005279154e-11
9.706752327e-12
9.708950986e-12
-7.129075645e-12
5.294661997e-13
5.816174849e-12
2.644720621e-11
-1.120777673e-11
-2.494109023e-12
1.906956564e-11
4.544350126e-11
-2.490273329e-11
-4.016903248e-12
2.641184572e-11
9.432450355e-12
-2.18854181e-11
6.087789414e-12
1.229311244e-11
1.533170882e-11
-8.567823443e-12
-1.784188323e-11
2.157614748e-11
1.594460323e-11
-3.829445375e-11
-1.376248226e-11
8.548022428e-11
2.685007501e-09
-1.122837758e-09
-2.379624431e-09
3.754140027e-09
6.284455556e-09
-7.173931134e-09
-6.215223681e-09
9.041102331e-09
2.615455664e-09
-7.637519835e-09
-4.533378749e-09
3.586482545e-09
7.135055488e-11
-6.580984519e-10
-2.267538993e-10
9.553146645e-11
3.437360221e-11
-5.520757336e-11
-3.276999002e-11
5.291959025e-11
4.472910708e-11
-5.89213554e-11
-3.988911414e-11
7.779620712e-11
1.031701509e-10
-1.173006171e-10
-9.343408991e-11
1.929007184e-10
-2.630159807e-10
-4.151621706e-10
-1.42140713e-10
3.493291241e-10
-4.068559185e-10
4.780938623e-12
-9.297603023e-12
4.144529918e-10
-1.996420267e-07
-4.031922237e-08
1.080774205e-07
1.321088968e-07
-4.210873885e-07
-2.518232844e-07
3.090238184e-07
3.645365677e-07
-4.472522576e-07
-4.441993663e-07
4.120539765e-07
4.802779562e-07
-3.431534497e-07
-4.752256614e-07
3.801828248e-07
4.390166334e-07
-2.166790804e-07
-3.837481613e-07
2.807274084e-07
3.203115601e-07
-1.191260828e-07
-2.569160853e-07
1.775980384e-07
1.988390239e-07
-5.819071084e-08
-1.48861336e-07
9.935349009e-08
1.079302655e-07
-2.69544959e-08
-7.577279892e-08
5.120376313e-08
5.173088233e-08
-1.705269768e-08
-3.595447518e-08
2.809824468e-08
2.496661285e-08
-5.204145223e-09
-1.612345886e-08
1.143024625e-08
9.440804587e-09
-9.737398926e-10
-5.053649412e-09
3.307010544e-09
2.49462415e-09
-1.679200057e-10
-1.131210951e-09
7.566122674e-10
4.844804275e-10
-2.823107535e-11
-1.90783719e-10
1.437902372e-10
6.902920017e-11
-3.664505066e-12
-2.846960645e-11
2.22229281e-11
1.334036772e-11
1.624931951e-12
-9.569861586e-12
5.973872526e-12
7.143334057e-12
1.154832546e-12
-3.614682069e-12
-4.629074944e-14
4.278707458e-12
3.050777474e-12
-6.228448051e-12
-1.909918428e-13
7.30103748e-12
2.308458481e-11
-6.548036454e-12
-4.934545619e-11
1.003995954e-10
1.596946316e-09
-7.452100199e-10
-6.754259229e-10
2.27574745e-09
4.097038559e-09
-4.336574045e-09
-1.551675244e-09
6.065267761e-09
3.758257275e-09
-6.602001969e-09
-1.575465241e-09
5.381858222e-09
4.069805029e-10
-2.605742918e-09
-2.42652129e-10
5.669700149e-10
3.044481683e-11
-1.096844884e-10
-2.305940128e-11
6.536751474e-11
3.579394694e-11
-6.823913463e-11
-3.155601385e-11
9.373808432e-11
8.527060155e-11
-1.505615759e-10
-8.57130321e-11
2.542516256e-10
1.635924009e-10
-2.559361469e-10
8.474031564e-10
-4.293784273e-10
2.513341686e-10
-5.984741087e-10
6.040835493e-10
-5.081568388e-10
1.456396082e-11
-2.745837548e-11
5.15509509e-10
-5.584436027e-08
-8.481493045e-09
2.738601089e-08
3.700553529e-08
-2.117310342e-07
-9.147633517e-08
1.371286717e-07
1.663854555e-07
-3.476576294e-07
-2.485864549e-07
2.736169947e-07
3.232294977e-07
-3.801212839e-07
-3.78712618e-07
3.505574375e-07
4.090454294e-07
-3.245183172e-07
-4.137089499e-07
3.427946072e-07
3.961846897e-07
-2.335834134e-07
-3.622114112e-07
2.783255691e-07
3.180829679e-07
-1.475105417e-07
-2.694993602e-07
1.964460756e-07
2.210039868e-07
-8.440291887e-08
-1.758131329e-07
1.243174156e-07
1.362135884e-07
-4.685409486e-08
-1.033775815e-07
7.349056005e-08
7.689253049e-08
-2.228269229e-08
-5.56175173e-08
3.896684742e-08
3.875407663e-08
-8.423435252e-09
-2.586230371e-08
1.756350592e-08
1.648042412e-08
-2.46822507e-09
-1.000963876e-08
6.511283947e-09
5.697470711e-09
-6.346579762e-10
-3.05623641e-09
1.699393588e-09
1.79609003e-09
-2.068699988e-10
-1.281759331e-09
6.927747607e-10
1.011882453e-09
-2.37663812e-11
-8.6858827e-10
5.752979734e-10
8.504541419e-10
-3.36355099e-12
-9.492731918e-10
9.438715364e-10
1.03577826e-09
-4.104423886e-13
-6.206512967e-10
2.63452432e-10
1.381127495e-10
6.573923684e-12
-3.238929192e-11
-9.255351712e-13
1.76312303e-11
8.064916362e-11
-9.137330198e-11
2.897838947e-11
1.78648933e-10
6.136378182e-11
-1.383227963e-10
8.95751181e-13
5.906851401e-11
4.085112453e-11
-2.765109264e-11
-2.858960275e-14
3.39153768e-11
3.917288706e-11
-6.000536066e-11
4.207425317e-12
8.93186718e-11
1.326775343e-11
-1.002730128e-10
-2.466869854e-12
1.07416112e-10
3.088602669e-11
-1.399952744e-10
-3.746737621e-11
2.229189761e-10
1.045581034e-10
-3.836597914e-10
-1.21192392e-10
6.568056538e-10
3.112294658e-10
-2.873520445e-10
1.571161569e-09
-1.079052208e-09
-2.130056251e-10
-2.242626419e-09
3.137323445e-10
1.650794919e-09
-3.800072689e-12
-9.515125853e-10
9.927562653e-12
7.898412757e-10
-1.280297295e-08
-2.030340908e-09
5.541755022e-09
9.291453916e-09
-8.443060093e-08
-2.862103219e-08
4.944702591e-08
6.372268509e-08
-2.032506395e-07
-1.138684788e-07
1.434882638e-07
1.73960993e-07
-3.025845522e-07
-2.362194142e-07
2.469190718e-07
2.924396766e-07
-3.363734664e-07
-3.359706017e-07
3.102519396e-07
3.627811516e-07
-3.059774603e-07
-3.716808131e-07
3.144152568e-07
3.639373977e-07
-2.396112864e-07
-3.424671823e-07
2.716531651e-07
3.110251885e-07
-1.668501908e-07
-2.735545895e-07
2.071245612e-07
2.337484326e-07
-1.065753411e-07
-1.946386783e-07
1.433065418e-07
1.582115553e-07
-6.191414808e-08
-1.255106262e-07
9.045632879e-08
9.70126517e-08
-3.172271935e-08
-7.289925e-08
5.133751929e-08
5.314649216e-08
-1.395488067e-08
-3.752371932e-08
2.570820514e-08
2.550305924e-08
-4.593179933e-09
-1.643595092e-08
1.041791987e-08
1.003862324e-08
-1.785459397e-09
-6.264805146e-09
4.192190426e-09
4.658717767e-09
-1.803725135e-09
-4.491278436e-09
4.079794964e-09
5.295701767e-09
-3.022713016e-09
-6.87638178e-09
6.772994942e-09
8.727711124e-09
-2.032444548e-09
-8.954497408e-09
5.298771477e-09
5.166536018e-09
-2.94180221e-11
-1.090557555e-09
1.786866245e-10
1.654598862e-10
-1.461134635e-11
-1.058178767e-10
2.337482015e-11
8.766689544e-11
-4.311714678e-12
-5.919682139e-11
7.562281234e-12
4.445604562e-11
-4.5447162e-12
-4.925152589e-11
1.026361125e-11
6.758522528e-11
-9.846516402e-12
-9.410274019e-11
1.782571213e-11
1.276759434e-10
-6.283028795e-12
-1.639636677e-10
1.482190251e-11
2.023711655e-10
3.631448549e-11
-2.485049668e-10
-2.803582665e-11
3.01942809e-10
9.088248247e-11
-3.743215494e-10
-3.925007607e-11
5.088887258e-10
1.79445171e-10
-7.790693956e-10
-4.196449488e-11
1.149096908e-09
3.531098823e-10
-9.802158648e-12
-1.417729722e-09
-7.982890959e-10
-7.11218928e-10
8.341009837e-10
6.393688522e-10
-4.521987608e-11
-5.478817185e-10
9.067032443e-11
4.919200504e-10
-2.257528835e-09
-6.446242189e-10
8.24397682e-10
2.073737566e-09
-2.746554273e-08
-7.586543456e-09
1.436256263e-08
2.072912925e-08
-9.661156108e-08
-4.425912619e-08
6.20831758e-08
7.894356152e-08
-1.917680034e-07
-1.230812471e-07
1.423547304e-07
1.728295032e-07
-2.712738863e-07
-2.231038285e-07
2.262204352e-07
2.686715246e-07
-3.049439033e-07
-3.051285072e-07
2.811828274e-07
3.295158991e-07
-2.893638954e-07
-3.405607492e-07
2.919932684e-07
3.385732805e-07
-2.405639241e-07
-3.250927209e-07
2.637264899e-07
3.025077511e-07
-1.800431544e-07
-2.735935141e-07
2.130232375e-07
2.410671975e-07
-1.228223005e-07
-2.072357614e-07
1.564023163e-07
1.739065098e-07
-7.605692704e-08
-1.424501458e-07
1.04688576e-07
1.138557487e-07
-4.227618906e-08
-8.872587657e-08
6.356402117e-08
6.728632033e-08
-2.004976298e-08
-4.941872385e-08
3.403230731e-08
3.49884374e-08
-8.901282553e-09
-2.425008527e-08
1.689398896e-08
1.769193667e-08
-7.923088779e-09
-1.52751362e-08
1.380078747e-08
1.629308358e-08
-1.224333901e-08
-1.95868558e-08
1.868255859e-08
2.277013849e-08
-9.147961916e-09
-2.151691674e-08
1.240886485e-08
1.301102048e-08
-4.652480395e-10
-3.676154075e-09
8.802017858e-10
6.881576719e-10
-8.964274551e-11
-3.192843245e-10
2.62269266e-10
2.110056922e-10
-1.495572655e-11
-1.23136837e-10
4.055817866e-11
7.74204614e-11
-1.619533648e-11
-6.849712492e-11
2.303714267e-11
8.368400271e-11
-2.613585264e-11
-1.138925912e-10
3.660797881e-11
1.635370659e-10
-3.402315567e-11
-2.246717661e-10
7.137406936e-11
2.561143063e-10
-1.261727554e-11
-2.344247701e-10
5.796438869e-11
1.91806206e-10
-3.313436729e-12
-1.548133237e-10
3.360378894e-11
1.280097843e-10
-1.353573434e-11
-1.138722852e-10
2.105333939e-11
1.175621622e-10
-7.603650974e-11
1.002119842e-10
-1.44159309e-10
-2.38818952e-09
1.897560311e-09
5.883355805e-09
-4.882817446e-09
-9.392063217e-10
7.820182952e-10
3.901660395e-09
-1.732735402e-10
-3.166185313e-09
-1.483232675e-10
2.455545701e-09
-2.906996731e-10
-1.571428071e-09
1.006363477e-10
1.421874539e-09
-7.004492478e-09
-2.367509829e-09
3.260078225e-09
6.086072943e-09
-3.803201083e-08
-1.484385582e-08
2.21924285e-08
3.07377698e-08
-1.01234015e-07
-5.496438689e-08
6.903855869e-08
8.733285768e-08
-1.806937577e-07
-1.261620087e-07
1.386310202e-07
1.685525736e-07
-2.478446106e-07
-2.109107634e-07
2.096645246e-07
2.495666e-07
-2.808913174e-07
-2.813410933e-07
2.588627781e-07
3.039410713e-07
-2.748068209e-07
-3.161568407e-07
2.73684054e-07
3.178739978e-07
-2.389858261e-07
-3.099177967e-07
2.556636649e-07
2.9378518e-07
-1.882264067e-07
-2.713317503e-07
2.154531445e-07
2.445206997e-07
-1.353331136e-07
-2.152471343e-07
1.656277653e-07
1.851823906e-07
-8.879847256e-08
-1.557332444e-07
1.165827035e-07
1.279828221e-07
-5.24271476e-08
-1.02662609e-07
7.47329749e-08
8.030375192e-08
-2.88335328e-08
-6.156730646e-08
4.486142869e-08
4.74547661e-08
-2.197988933e-08
-3.886326733e-08
3.259874857e-08
3.55597763e-08
-2.499709897e-08
-3.542232813e-08
3.088263155e-08
3.433898037e-08
-1.467071294e-08
-2.805724919e-08
1.677298678e-08
1.688371857e-08
-1.672878923e-09
-7.068122173e-09
3.185834414e-09
2.567179083e-09
-5.340326993e-10
-1.233722397e-09
1.033631553e-09
8.181441285e-10
-1.572446737e-10
-5.694185304e-10
4.525001113e-10
3.309757002e-10
-3.743378167e-11
-1.63245877e-10
9.546374808e-11
9.914143927e-11
-4.934360852e-11
-1.006490998e-10
6.703609799e-11
1.424442188e-10
-1.04122258e-10
-1.969128978e-10
1.098801425e-10
2.08590938e-10
-9.009287695e-11
-2.031992204e-10
9.445772964e-11
1.941276711e-10
-5.814849899e-11
-1.846512017e-10
7.102169798e-11
1.775730639e-10
-3.377384684e-11
-1.773105106e-10
5.005319456e-11
1.762201849e-10
-3.737667306e-11
4.721297323e-11
1.885683172e-10
-1.811118013e-10
-2.708044831e-09
2.562014618e-09
3.756420955e-09
-3.56325211e-09
-1.944539632e-09
1.783833748e-09
3.218466153e-09
-2.881848203e-10
-2.847985706e-09
5.008018482e-10
2.831597126e-09
8.419602985e-11
-2.211937684e-09
2.60291796e-10
1.537555312e-09
-1.558062777e-09
-1.478094903e-09
7.97259015e-10
2.155339262e-09
-1.235863275e-08
-4.598705336e-09
6.568865532e-09
1.038480176e-08
-4.514585088e-08
-2.114001516e-08
2.825699145e-08
3.809986307e-08
-1.023259844e-07
-6.17371567e-08
7.269094442e-08
9.155295805e-08
-1.707158457e-07
-1.260781369e-07
1.340373436e-07
1.630711275e-07
-2.29386817e-07
-1.998509715e-07
1.959947656e-07
2.336836444e-07
-2.616439534e-07
-2.621402981e-07
2.409349604e-07
2.8337696e-07
-2.620568002e-07
-2.962908833e-07
2.583501817e-07
3.005535215e-07
-2.35752565e-07
-2.965293091e-07
2.476687788e-07
2.851230133e-07
-1.931409075e-07
-2.67609815e-07
2.156720396e-07
2.454675612e-07
-1.450638917e-07
-2.202216168e-07
1.721645787e-07
1.933481749e-07
-9.990854462e-08
-1.6613968e-07
1.264816077e-07
1.398077223e-07
-6.458107289e-08
-1.155267442e-07
8.716293416e-08
9.456546934e-08
-4.580560842e-08
-7.802948529e-08
6.174268642e-08
6.608514828e-08
-3.72739742e-08
-5.716528524e-08
4.562179383e-08
4.832185126e-08
-1.99756485e-08
-3.745608821e-08
2.525742679e-08
2.553656852e-08
-5.743780293e-09
-1.552490925e-08
9.728029179e-09
9.011818539e-09
-2.057913816e-09
-5.37190263e-09
3.978264423e-09
3.393789696e-09
-9.56532975e-10
-2.255791559e-09
1.863382443e-09
1.522145122e-09
-2.9342643e-10
-9.769878172e-10
7.349239673e-10
5.517684735e-10
-1.039468074e-10
-2.815482319e-10
2.153285561e-10
1.655794245e-10
-8.961392983e-11
-1.288326112e-10
8.173406428e-11
1.311442197e-10
-8.728133639e-11
-1.408711553e-10
7.83367426e-11
1.487260839e-10
-7.609224902e-11
-1.562785501e-10
7.790043423e-11
1.6712095e-10
-6.779187853e-11
-1.841228634e-10
8.455084998e-11
2.038124112e-10
-6.790554442e-11
1.006654166e-10
2.627742951e-10
-2.279767277e-10
-2.354306667e-09
2.634513957e-09
4.144398018e-10
-5.317531238e-10
-1.278706663e-09
1.817015219e-09
8.580736837e-10
8.926194168e-11
-1.351244442e-09
-1.571982514e-10
1.936935073e-09
-2.272924383e-10
-1.664053038e-09
-1.250137032e-11
6.236521646e-10
-3.25649672e-10
-2.99992834e-10
1.525307383e-10
3.928424237e-10
-3.247496578e-09
-9.959680623e-10
1.483305016e-09
2.746692165e-09
-1.685125637e-08
-6.685654787e-09
9.516943347e-09
1.404312326e-08
-4.965579188e-08
-2.594785657e-08
3.255256756e-08
4.313949607e-08
-1.015711774e-07
-6.575329338e-08
7.429055377e-08
9.322038192e-08
-1.617863758e-07
-1.242962942e-07
1.291803579e-07
1.57206343e-07
-2.142695102e-07
-1.898698726e-07
1.843958039e-07
2.201603095e-07
-2.457340261e-07
-2.461517209e-07
2.260689191e-07
2.663154061e-07
-2.506844755e-07
-2.796416478e-07
2.451727446e-07
2.856787104e-07
-2.315742515e-07
-2.845089545e-07
2.398944153e-07
2.766695023e-07
-1.958849768e-07
-2.630509392e-07
2.145431729e-07
2.447701514e-07
-1.527345155e-07
-2.230883464e-07
1.768707497e-07
1.993264085e-07
-1.114775025e-07
-1.748850225e-07
1.36116034e-07
1.511885247e-07
-8.03927034e-08
-1.306273066e-07
1.012577809e-07
1.110576207e-07
-5.694768904e-08
-9.263127438e-08
7.24663089e-08
7.587751977e-08
-3.322299389e-08
-6.032222256e-08
4.453824302e-08
4.591483107e-08
-1.556247731e-08
-3.348222632e-08
2.367580807e-08
2.371358469e-08
-7.189875659e-09
-1.656206923e-08
1.209391479e-08
1.151528981e-08
-3.479763554e-09
-7.999523834e-09
6.163230141e-09
5.544584457e-09
-1.540110194e-09
-3.797516859e-09
2.944566847e-09
2.518059454e-09
-5.145697447e-10
-1.575198237e-09
1.152186279e-09
9.216858806e-10
-1.436703213e-10
-5.16283496e-10
3.547144746e-10
3.005527799e-10
-8.012115042e-11
-1.986391159e-10
1.324925267e-10
1.595249557e-10
-8.373834527e-11
-1.622668842e-10
1.040285467e-10
1.929497651e-10
-1.07110208e-10
-2.44155668e-10
1.440193559e-10
3.144960909e-10
-1.50969691e-10
2.284840741e-10
5.4320047e-10
-4.089972655e-10
-1.073622345e-09
-2.258291762e-10
-2.338160794e-10
1.291288173e-10
-1.732622133e-09
1.267523772e-09
4.626199498e-10
-9.07317319e-10
-9.695610184e-10
1.473916568e-09
1.023239955e-09
7.188770425e-11
1.115303207e-11
-4.444811649e-11
-3.61926615e-11
-3.812788949e-11
-3.708207032e-11
-7.070126734e-11
1.51802147e-10
-6.147914673e-10
-3.238106164e-10
1.164374777e-10
7.964315018e-10
-5.038093787e-09
-2.125954828e-09
2.260292471e-09
4.894590909e-09
-2.040548591e-08
-9.960038923e-09
1.214260805e-08
1.825074763e-08
-5.241225862e-08
-3.057414956e-08
3.568333026e-08
4.739575214e-08
-9.984108775e-08
-6.870098055e-08
7.478419148e-08
9.394384022e-08
-1.537822694e-07
-1.220829509e-07
1.244715332e-07
1.516893655e-07
-2.015519079e-07
-1.810996658e-07
1.744490223e-07
2.086031373e-07
-2.322335555e-07
-2.326229466e-07
2.134797257e-07
2.518524188e-07
-2.404248527e-07
-2.653562156e-07
2.336528628e-07
2.726256521e-07
-2.269431821e-07
-2.735742625e-07
2.324856775e-07
2.684915406e-07
-1.972651502e-07
-2.580245819e-07
2.126538191e-07
2.430703622e-07
-1.597582981e-07
-2.257191829e-07
1.811396398e-07
2.042205138e-07
-1.83784636e-07
-2.440377924e-07
2.379875017e-07
2.731682792e-07
-1.293829802e-07
-2.499665998e-07
1.692755848e-07
1.925763684e-07
-6.59333289e-08
-1.35205181e-07
8.663387619e-08
9.425666938e-08
-3.480597733e-08
-6.821449999e-08
4.837706443e-08
5.096062907e-08
-1.906612843e-08
-3.84618736e-08
2.835632351e-08
2.891365745e-08
-1.028675834e-08
-2.15331394e-08
1.62014895e-08
1.586122186e-08
-5.249961533e-09
-1.153060578e-08
8.788108195e-09
8.229850467e-09
-2.327080441e-09
-5.717541399e-09
4.290475991e-09
3.824541098e-09
-8.266410652e-10
-2.436075329e-09
1.761693652e-09
1.479681386e-09
-3.006382548e-10
-8.895023968e-10
6.546381599e-10
5.647851733e-10
-1.648488557e-10
-3.934451039e-10
3.212595214e-10
3.128265616e-10
-1.885835631e-10
-3.072164723e-10
2.416243233e-10
3.724089295e-10
-3.043995974e-10
2.8797569e-10
6.87837096e-10
-4.988604602e-10
9.685463508e-10
9.285845631e-09
-5.642717714e-09
-7.238811896e-10
1.661359025e-09
4.228895763e-09
-5.345562913e-10
-2.990490678e-09
4.189518508e-10
3.376479273e-10
1.293775126e-11
1.347272781e-11
-7.914022294e-12
5.807517105e-12
1.537695853e-10
-6.73908749e-11
-3.497695451e-10
2.743716606e-10
1.02657369e-09
-7.489097845e-10
-1.876728386e-09
1.625527056e-09
1.142868162e-10
-3.187770923e-09
-4.664586291e-09
7.801072845e-09
-6.369253214e-09
-1.519993956e-08
-3.135682137e-09
2.366183899e-08
-2.34322329e-08
-3.012584475e-08
1.513676139e-08
3.78377427e-08
-5.476404493e-08
-4.863271634e-08
4.011288699e-08
6.308788984e-08
-9.831075672e-08
-8.106014714e-08
7.71861901e-08
1.022109115e-07
-1.470507185e-07
-1.259015015e-07
1.220360303e-07
1.511211238e-07
-1.908983153e-07
-1.765668832e-07
1.669999052e-07
2.008102916e-07
-2.206751667e-07
-2.224697559e-07
2.032319399e-07
2.403470392e-07
-2.311805293e-07
-2.535300712e-07
2.237327122e-07
2.614425499e-07
-2.22192421e-07
-2.638619409e-07
2.255909977e-07
2.609260789e-07
-1.984559701e-07
-2.535733354e-07
2.108406728e-07
2.40974317e-07
-2.447350737e-07
-2.539137051e-07
2.313329192e-07
2.604835986e-07
-1.801801606e-07
-2.400566836e-07
1.803932857e-07
2.023416326e-07
-1.037427901e-07
-1.639612485e-07
1.19963234e-07
1.326060007e-07
-6.396390059e-08
-1.081417389e-07
8.133847922e-08
8.834917877e-08
-4.00597285e-08
-7.169619952e-08
5.408790556e-08
5.751997628e-08
-2.418835978e-08
-4.555365375e-08
3.440685956e-08
3.560888226e-08
-1.388821111e-08
-2.746266418e-08
2.083737215e-08
2.086018311e-08
-7.333175266e-09
-1.555520351e-08
1.175800429e-08
1.133842595e-08
-3.39366702e-09
-8.036342508e-09
5.983514393e-09
5.504050493e-09
-1.36536252e-09
-3.626489471e-09
2.672689563e-09
2.317536995e-09
-6.220022462e-10
-1.490533827e-09
1.173295546e-09
1.016042387e-09
-3.656709618e-10
-7.357098783e-10
6.319507233e-10
5.235694252e-10
-2.200686429e-10
2.434119413e-10
2.201663522e-10
-3.354603123e-10
-1.604972549e-09
-1.613352085e-09
1.229591835e-09
1.604227571e-09
4.057089731e-12
-1.802493385e-10
-4.985587086e-16
-8.869447633e-13
3.093710907e-11
-1.082974104e-13
-1.04141151e-10
7.613822764e-11
7.454111371e-10
-3.864378904e-10
-1.454126011e-09
1.100999755e-09
3.05548858e-09
-2.297812567e-09
-4.670493666e-09
3.926006812e-09
6.416882733e-09
-5.825840494e-09
-8.366116581e-09
7.811200737e-09
9.781936585e-09
-9.726310012e-09
-1.118879766e-08
1.15779888e-08
4.182882927e-09
-1.538541749e-08
-1.361625152e-08
2.741264338e-08
-3.110015652e-08
-5.335783987e-08
5.205081982e-09
7.884558788e-08
-6.299618169e-08
-9.185934692e-08
5.202854958e-08
1.018306786e-07
-1.020163649e-07
-1.130640557e-07
8.760111886e-08
1.26956478e-07
-1.447003391e-07
-1.435039293e-07
1.260387646e-07
1.620365025e-07
-1.837226879e-07
-1.815390216e-07
1.645883989e-07
2.008205008e-07
-2.115693805e-07
-2.186569743e-07
1.966296183e-07
2.339138843e-07
-2.232109657e-07
-2.456505949e-07
2.160617027e-07
2.532033628e-07
-2.17905995e-07
-2.56291829e-07
2.197922473e-07
2.546404356e-07
-2.205138553e-07
-2.535884922e-07
2.169367824e-07
2.482915972e-07
-1.832000859e-07
-2.351194295e-07
1.904093019e-07
2.160815399e-07
-1.369512084e-07
-1.947576236e-07
1.542682552e-07
1.732933495e-07
-1.000442125e-07
-1.524231198e-07
1.193133228e-07
1.323912383e-07
-7.013939104e-08
-1.134441032e-07
8.770576076e-08
9.588307685e-08
-4.68614317e-08
-7.99675826e-08
6.137146815e-08
6.584746681e-08
-2.983829798e-08
-5.353300182e-08
4.097507949e-08
4.292995104e-08
-1.784596304e-08
-3.389972316e-08
2.58234062e-08
2.630461616e-08
-9.806302819e-09
-2.001943831e-08
1.51258062e-08
1.491197814e-08
-4.834757025e-09
-1.083390458e-08
8.108789867e-09
7.641843732e-09
-2.185180164e-09
-5.227275757e-09
3.923175334e-09
3.512538067e-09
-1.092546292e-09
-2.397463003e-09
1.885404722e-09
1.711204759e-09
-4.354264198e-10
7.990350411e-10
-1.253619304e-09
-2.006866538e-09
3.25463035e-09
-9.545577596e-12
-1.699283998e-09
1.483226002e-11
-1.988779504e-14
8.414094248e-12
-2.353909232e-11
3.108947544e-10
-6.519940007e-11
-7.709500609e-10
5.266432085e-10
2.628614137e-09
-1.637942021e-09
-4.424339415e-09
3.445727725e-09
6.73172159e-09
-5.742183199e-09
-9.133560458e-09
8.16876602e-09
1.029769766e-08
-1.036191728e-08
-1.196210591e-08
1.207038667e-08
1.223275378e-08
-1.321920428e-08
-1.268116196e-08
1.391054495e-08
1.361489991e-08
-1.437955221e-08
-1.32191378e-08
1.486003357e-08
1.327679911e-08
-1.542269407e-08
-1.44220635e-08
1.772328402e-08
-2.90022932e-08
-3.120229424e-08
-4.197562079e-09
6.430588595e-08
-7.355504735e-08
-9.113802014e-08
5.214715758e-08
1.106625189e-07
-1.103670704e-07
-1.266657915e-07
9.408690732e-08
1.415929085e-07
-1.471133465e-07
-1.566841277e-07
1.306687998e-07
1.72398808e-07
-1.807227855e-07
-1.883939315e-07
1.64783853e-07
2.040711561e-07
-2.055407122e-07
-2.186580199e-07
1.929645029e-07
2.31315713e-07
-2.170880947e-07
-2.41276541e-07
2.106769278e-07
2.479080172e-07
-2.167001469e-07
-2.512724727e-07
2.1585335e-07
2.507403747e-07
-1.990273787e-07
-2.458786786e-07
2.061480708e-07
2.37023637e-07
-1.705634329e-07
-2.248686779e-07
1.845491536e-07
2.101217714e-07
-1.382143273e-07
-1.934720582e-07
1.558119513e-07
1.755980031e-07
-1.061159455e-07
-1.571790034e-07
1.246050635e-07
1.388512156e-07
-7.758601216e-08
-1.21146924e-07
9.501198597e-08
1.044442127e-07
-5.418271535e-08
-8.897877344e-08
6.924746919e-08
7.484451822e-08
-3.58230054e-08
-6.206765301e-08
4.785664426e-08
5.067541535e-08
-2.216664903e-08
-4.070576341e-08
3.107961865e-08
3.216818354e-08
-1.274245516e-08
-2.500243287e-08
1.89478547e-08
1.907436277e-08
-6.663779068e-09
-1.422322448e-08
1.066825692e-08
1.032100667e-08
5.434068381e-09
5.015204114e-09
-3.231151416e-09
-7.282942296e-09
-1.362275877e-09
-3.514951172e-09
-1.344331167e-09
2.146798253e-10
-2.468799474e-12
8.366556996e-13
-2.668948955e-12
7.922054914e-13
1.15887698e-12
1.690578331e-09
-5.737393561e-10
-3.443641467e-09
2.334101664e-09
6.957926962e-09
-5.178517267e-09
-1.022042943e-08
8.464418667e-09
1.161324977e-08
-1.1442191e-08
-1.371381811e-08
1.357910826e-08
1.301908638e-08
-1.468048447e-08
-1.31556239e-08
1.486050716e-08
1.249481253e-08
-1.443897314e-08
-1.174104235e-08
1.381761832e-08
1.255381637e-08
-1.335149676e-08
-1.19371605e-08
1.323717622e-08
1.375255458e-08
-1.344978296e-08
-1.326559026e-08
1.379713083e-08
1.407948164e-08
-1.406205798e-08
-1.361045705e-08
1.4626206e-08
-2.27529943e-08
-2.421621039e-08
-3.912641059e-09
5.214237703e-08
-7.378246945e-08
-8.000483941e-08
5.19374345e-08
1.018432371e-07
-1.112283801e-07
-1.238737919e-07
9.316262036e-08
1.435240265e-07
-1.487881894e-07
-1.610335232e-07
1.301708569e-07
1.768724922e-07
-1.791873384e-07
-1.916545327e-07
1.640638043e-07
2.056393439e-07
-2.014763493e-07
-2.184569571e-07
1.901189266e-07
2.295019971e-07
-2.125693851e-07
-2.381919518e-07
2.064699542e-07
2.440048051e-07
-2.102207666e-07
-2.465351168e-07
2.10778938e-07
2.455833437e-07
-1.953672337e-07
-2.411736316e-07
2.026286496e-07
2.335133441e-07
-1.712924095e-07
-2.229688426e-07
1.840785221e-07
2.100441983e-07
-1.424177096e-07
-1.953586603e-07
1.588652593e-07
1.795221151e-07
-1.13044234e-07
-1.631002009e-07
1.310680537e-07
1.465477622e-07
-8.582206455e-08
-1.301801222e-07
1.034208689e-07
1.142129977e-07
-6.179882385e-08
-9.881756008e-08
7.739702032e-08
8.422068997e-08
-4.191706553e-08
-7.069484977e-08
5.460236688e-08
5.849738219e-08
-2.686590482e-08
-4.777980148e-08
3.657038408e-08
3.854418613e-08
-1.612050171e-08
-3.066951612e-08
2.310743753e-08
2.398755159e-08
-8.702006094e-09
1.298336513e-08
1.383677297e-08
-1.837468277e-08
5.140929243e-14
-2.179908533e-13
5.292002687e-14
1.203365699e-13
6.52605368e-09
-2.925523748e-09
-1.154076457e-08
7.959691814e-09
1.389358858e-08
-1.289505863e-08
-1.715572899e-08
1.61966528e-08
1.480835961e-08
-1.741771636e-08
-1.423837208e-08
1.688977977e-08
1.221019683e-08
-1.532538521e-08
-1.034962609e-08
1.35008443e-08
1.07118758e-08
-1.204616239e-08
-9.90445241e-09
1.130126774e-08
1.165925361e-08
-1.127301442e-08
-1.190354237e-08
1.171656903e-08
1.30708286e-08
-1.228123081e-08
-1.306882576e-08
1.264502541e-08
1.276353407e-08
-1.259289198e-08
-1.179904593e-08
1.204977131e-08
9.997754057e-09
-1.108630596e-08
-8.881319904e-09
1.036286916e-08
-3.171467294e-08
-1.577982539e-08
-1.013283339e-09
4.684209235e-08
-1.540292615e-07
-1.647772195e-07
1.151715929e-07
1.821822489e-07
-1.294323114e-07
-1.678035049e-07
1.037590814e-07
1.61705201e-07
-1.496972993e-07
-1.675264172e-07
1.310900916e-07
1.794082923e-07
-1.770456627e-07
-1.929347674e-07
1.62356083e-07
2.060192515e-07
-1.977466892e-07
-2.177427995e-07
1.870348805e-07
2.275888815e-07
-2.079448124e-07
-2.351572676e-07
2.023120344e-07
2.401201095e-07
-2.063052042e-07
-2.422493767e-07
2.067400812e-07
2.414467078e-07
-1.93839887e-07
-2.377888091e-07
2.005561684e-07
2.314828902e-07
-1.734006149e-07
-2.228296857e-07
1.856911707e-07
2.122146265e-07
-1.484731801e-07
-1.999988892e-07
1.646928015e-07
1.864698972e-07
-1.215120986e-07
-1.718530329e-07
1.395285889e-07
1.563707507e-07
-9.426224674e-08
-1.446062593e-07
1.083335185e-07
1.258194091e-07
-6.895175984e-08
-1.084533681e-07
8.451483552e-08
9.287041633e-08
-4.802443134e-08
-7.88061227e-08
6.110739331e-08
6.626071761e-08
-3.185835152e-08
-5.516502019e-08
4.232294015e-08
4.529296547e-08
-1.831577828e-08
2.529453042e-08
-3.647602923e-08
-1.428589961e-11
1.039611203e-11
-4.878244311e-15
-1.330764584e-08
1.884813237e-08
-2.728333554e-08
2.179120662e-08
1.851036144e-08
-2.356522953e-08
-1.603517332e-08
2.113878835e-08
1.165853712e-08
-1.701077422e-08
-7.511166541e-09
1.28948246e-08
8.208464703e-09
-9.911892121e-09
-6.863572943e-09
8.58896083e-09
9.8714541e-09
-8.783155607e-09
-1.092059668e-08
9.890998045e-09
1.260639462e-08
-1.120525942e-08
-1.341956046e-08
1.219010244e-08
1.297186139e-08
-1.255168393e-08
-1.243751506e-08
1.219906895e-08
1.059416018e-08
-1.11959934e-08
-9.051872777e-09
9.71461615e-09
7.236350352e-09
-7.999907115e-09
-5.755583549e-09
6.564149295e-09
1.028701179e-08
-6.415455588e-09
-1.181703828e-08
9.23555077e-09
-1.544119926e-08
-2.338242442e-08
-3.084743905e-08
6.073696961e-08
-5.947770193e-08
-1.300297507e-07
-4.206369669e-08
2.227867843e-07
-1.106561945e-07
-2.956977314e-07
6.666001323e-08
3.194106761e-07
-1.490984885e-07
-3.186083234e-07
1.464302855e-07
3.090374344e-07
-1.779613727e-07
-2.988050227e-07
1.810829889e-07
2.893248282e-07
-1.967848495e-07
-2.809493528e-07
2.009744731e-07
2.737077374e-07
-2.057404923e-07
-2.674871933e-07
2.10425126e-07
2.620166635e-07
-2.050629271e-07
-2.568635397e-07
2.115904205e-07
2.515908362e-07
-1.958290161e-07
-2.457485465e-07
2.057187232e-07
2.389169351e-07
-1.793609243e-07
-2.30771557e-07
1.929379618e-07
2.210864884e-07
-1.56841423e-07
-1.968104747e-07
1.735596976e-07
1.979591763e-07
-1.327463686e-07
-5.911560523e-07
3.424431169e-07
4.153245407e-07
-1.017079191e-07
-2.282082056e-07
1.317946472e-07
1.486820837e-07
-7.553525803e-08
-1.182113193e-07
9.124549725e-08
1.008175276e-07
6.717606053e-08
7.511864175e-08
-5.440915375e-08
-8.702988766e-08
-6.483500396e-08
2.258514806e-14
3.472867751e-08
3.019745628e-08
-1.853161055e-08
8.759122193e-09
-3.079666464e-16
9.794500333e-09
3.439055146e-09
-5.035035748e-09
-1.905367145e-09
3.509252215e-09
7.393329363e-09
-4.665939811e-09
-1.012091164e-08
7.406871082e-09
1.282478279e-08
-1.031226702e-08
-1.483602913e-08
1.239705448e-08
1.382662881e-08
-1.328553008e-08
-1.334357726e-08
1.304460654e-08
1.122421665e-08
-1.195323376e-08
-9.301242483e-09
1.031389833e-08
7.178551441e-09
-8.386457356e-09
-5.125804027e-09
6.377369565e-09
4.686026193e-09
-4.65717197e-09
-4.336619283e-09
4.276804577e-09
1.477871883e-08
-6.144877788e-09
-1.909553824e-08
1.056605963e-08
3.829392226e-08
-1.71713884e-08
-4.576087462e-08
2.497866913e-08
5.957454808e-08
-3.265232504e-08
-6.497421393e-08
3.961196188e-08
5.678515976e-08
-4.899644618e-08
-6.193044071e-08
6.334752326e-08
-6.968334972e-08
-9.422650266e-08
-3.448219054e-08
2.222415461e-07
-2.098804953e-07
-4.182790991e-07
1.389753733e-07
4.911261601e-07
-2.331875545e-07
-5.021437719e-07
2.481212677e-07
4.818823378e-07
-2.333561417e-07
-4.482818538e-07
2.666793284e-07
4.118779703e-07
-2.282278737e-07
-3.780341836e-07
2.580042387e-07
3.487251272e-07
-2.201181204e-07
-3.241776435e-07
2.435050383e-07
3.036528194e-07
-2.077156995e-07
-2.86019409e-07
2.270428148e-07
2.700639303e-07
-1.878759446e-07
-2.541299457e-07
2.059878907e-07
2.407441138e-07
-2.708421241e-07
-2.820020379e-07
2.143307174e-07
2.420107682e-07
-1.428580872e-07
-2.011090526e-07
1.544975112e-07
1.743413046e-07
1.242860683e-07
1.373561448e-07
-1.073564922e-07
-1.546311041e-07
-7.961163177e-08
-1.262668635e-07
-2.450059204e-14
-6.05315828e-14
6.108484049e-16
-4.040077049e-16
4.323713562e-16
-5.825514026e-16
3.813463186e-09
6.363155953e-16
-7.735749548e-09
3.926803873e-09
1.424559666e-08
-9.467030006e-09
-1.848407482e-08
1.372687221e-08
1.60078203e-08
-1.553712553e-08
-1.551489e-08
1.511111174e-08
1.171409458e-08
-1.324882205e-08
-9.034223091e-09
1.077570093e-08
6.883873954e-09
-8.282731632e-09
-4.379076106e-09
6.070086458e-09
3.148931136e-09
-4.224957834e-09
-1.535639698e-09
2.689485199e-09
4.965262922e-09
-2.262280842e-09
-6.777493982e-09
4.101184049e-09
2.490189317e-08
-8.896714698e-09
-3.23055608e-08
1.649084532e-08
5.372765379e-08
-2.559420071e-08
-6.191537372e-08
3.419187114e-08
6.894200416e-08
-4.036214737e-08
-7.106300383e-08
4.335341666e-08
5.972141565e-08
-4.252821134e-08
-5.533559317e-08
3.769246616e-08
3.66512697e-08
-3.121264377e-08
-3.040598031e-08
2.630897619e-08
8.857217772e-09
-2.581308036e-08
-1.888857046e-08
4.317241642e-08
-1.841361965e-07
-1.588480617e-07
8.283935734e-08
2.660373248e-07
-2.663662969e-07
-3.490184824e-07
2.12946315e-07
4.026885393e-07
-2.831830329e-07
-4.289576991e-07
2.772462152e-07
4.336603628e-07
-2.719490917e-07
-4.234808377e-07
2.902489183e-07
4.044405802e-07
-2.517194988e-07
-3.809660275e-07
2.761751493e-07
3.558301946e-07
-2.271843423e-07
-3.304247827e-07
2.50607042e-07
3.055513149e-07
-2.067377552e-07
-2.836353675e-07
2.209778912e-07
2.600221512e-07
-1.695519209e-07
-2.374743102e-07
1.872871695e-07
2.168588128e-07
-1.402412506e-07
1.536818082e-07
1.846708047e-07
-1.980757516e-07
-1.606618432e-13
-1.284488387e-15
-1.144621634e-13
1.530121672e-08
-2.982572687e-08
1.454087773e-08
2.14845901e-08
-2.097376641e-08
-2.076647719e-08
2.028846287e-08
1.288949119e-08
-1.639478177e-08
-8.332709526e-09
1.187936738e-08
5.787873884e-09
-7.966654148e-09
-2.757823685e-09
5.032194499e-09
2.250757539e-09
-3.034920822e-09
-8.371188113e-10
1.769860121e-09
5.253928332e-10
-9.853880435e-10
-1.030162246e-10
5.94576718e-10
9.987109818e-09
-2.036020163e-09
-1.488043607e-08
7.008825411e-09
4.134607921e-08
-1.561237401e-08
-5.194489509e-08
2.651613509e-08
6.971717672e-08
-3.693388459e-08
-7.636211936e-08
4.409616884e-08
7.084083185e-08
-4.65130677e-08
-6.786821509e-08
4.459644971e-08
4.933900255e-08
-3.917412381e-08
-4.201444019e-08
3.153132122e-08
2.470870542e-08
-2.43594158e-08
-1.983221126e-08
1.973917902e-08
1.592609232e-08
-1.76802749e-08
-1.225330945e-08
1.680628475e-08
-1.021271344e-08
-1.806760017e-08
-4.5922897e-09
3.813898057e-08
-1.338690387e-07
-9.378562261e-08
6.633911896e-08
1.633923007e-07
-2.336327736e-07
-2.347408279e-07
1.695256207e-07
2.979937578e-07
-2.831403696e-07
-3.469826244e-07
2.480249798e-07
3.791477356e-07
-2.897544654e-07
-3.949196617e-07
2.835532994e-07
3.967572109e-07
-2.719486644e-07
-3.877496503e-07
2.843317228e-07
3.703691268e-07
-2.417134149e-07
-3.472104885e-07
2.621672267e-07
3.220988235e-07
2.204332151e-07
2.815734359e-07
-2.072729094e-07
-2.976004139e-07
5.333251037e-08
5.77704008e-08
-2.588979254e-08
-3.148291639e-12
1.252514499e-08
1.338642405e-08
-5.947922373e-09
3.229455514e-09
-6.988520671e-13
2.730573886e-09
7.340980704e-10
-1.19272233e-09
-3.273897706e-12
4.873501603e-10
1.878937079e-10
-1.878519065e-10
-3.873716884e-11
8.334944556e-11
9.597898932e-12
-4.643327204e-11
-2.325538877e-12
4.229920407e-11
2.190163387e-08
-4.470908348e-09
-3.162040493e-08
1.433941317e-08
6.383885509e-08
-2.738405055e-08
-7.650503615e-08
4.049837316e-08
8.090350509e-08
-4.919516011e-08
-8.224960464e-08
5.112072325e-08
6.199718338e-08
-4.686688333e-08
-5.335127078e-08
3.887100825e-08
3.37380611e-08
-2.956120988e-08
-2.503056477e-08
2.128522941e-08
1.543452538e-08
-1.583216404e-08
-1.093914985e-08
1.324767089e-08
8.974127855e-09
-1.240447413e-08
-5.571295389e-09
1.211679049e-08
5.319403645e-09
-1.135431892e-08
-2.727213739e-09
9.751549399e-09
-2.542932457e-08
-1.323035229e-08
7.537866966e-09
3.362459433e-08
-1.074650047e-07
-6.977202363e-08
6.069442726e-08
1.184471073e-07
-1.955563221e-07
-1.738584102e-07
1.402838465e-07
2.295398759e-07
-2.563474744e-07
-2.795531484e-07
2.144645534e-07
3.198867542e-07
2.591543237e-07
3.689264976e-07
-2.812309011e-07
-3.497836766e-07
-3.662924703e-07
2.744609972e-07
3.672392667e-07
-2.784146874e-07
-2.622345021e-12
3.596358545e-11
1.207745661e-11
-3.771563861e-12
-3.227158698e-11
-2.74595819e-11
1.269175646e-10
6.409926926e-11
-4.700933115e-11
-1.104207641e-10
2.293165898e-10
1.068309823e-10
1.655482499e-12
-7.973982253e-11
2.846954121e-12
7.382113768e-11
4.46409637e-08
-1.157891783e-08
-6.137561272e-08
2.859059659e-08
8.909407095e-08
-4.466427366e-08
-1.004151101e-07
5.659164057e-08
7.925274336e-08
-5.788764857e-08
-7.089087761e-08
5.008644106e-08
4.24130701e-08
-3.810254496e-08
-3.017596001e-08
2.618304671e-08
1.664287954e-08
-1.651050731e-08
-9.524408073e-09
9.858112772e-09
6.261884599e-09
-6.122042931e-09
-2.46529261e-09
4.294065459e-09
2.288530902e-09
-3.097966509e-09
-3.941816547e-10
1.826071256e-09
1.659368533e-10
-7.740085498e-10
1.450670037e-11
3.646123037e-10
-2.417707335e-09
-3.591516147e-10
7.826215802e-10
2.958926475e-09
-3.115401697e-08
-1.21482189e-08
1.493563463e-08
3.064509463e-08
-9.268711149e-08
-5.966044008e-08
5.710137949e-08
9.800457023e-08
1.264834944e-07
1.866991829e-07
-1.681921923e-07
-1.427714128e-07
-1.997524436e-07
-2.402277939e-07
1.942840646e-10
-4.508656181e-10
-7.733157089e-10
1.654633786e-09
5.523769259e-10
-5.49621041e-10
-2.99088022e-10
2.324685057e-11
2.264348869e-10
-1.044253715e-11
-2.998874825e-08
8.152472884e-08
-1.029429417e-07
5.189381995e-08
1.090476797e-07
-6.480481365e-08
-1.136533531e-07
7.01458761e-08
5.662162733e-08
-5.461609258e-08
-3.708027811e-08
3.547542841e-08
1.820380646e-08
-2.046080247e-08
-8.37626407e-09
1.077156964e-08
4.424147308e-09
-5.208955078e-09
-1.465881855e-09
2.292300149e-09
7.440429485e-10
-8.977538869e-10
-1.45805499e-10
3.04244616e-10
5.356041125e-11
-1.08248662e-10
-1.778049101e-12
6.345540213e-11
-2.859013476e-11
-5.047048462e-11
2.265940156e-11
5.693482555e-11
1.393454311e-10
4.411496383e-10
-3.235924607e-10
-1.000759077e-10
-2.009678335e-09
3.310249877e-09
6.537003964e-09
-6.984987939e-09
-1.802352431e-08
2.957751551e-08
-3.314914016e-08
-6.761223782e-08
6.761093823e-08
1.194934388e-07
-6.950989218e-08
6.352329513e-08
1.134936884e-07
-2.457956866e-08
-1.657090296e-11
9.218269611e-09
1.548304466e-08
-3.30377034e-09
-1.411619922e-12
1.095199019e-09
2.228147416e-09
-3.213891193e-10
-4.345687217e-14
8.85383262e-11
2.370056154e-10
-3.57236811e-11
7.650466656e-12
2.039308264e-11
8.688480402e-12
-1.712924491e-11
2.728423952e-12
2.342076625e-11
-7.780209554e-12
-2.428922523e-11
2.64675419e-11
-1.924117899e-11
-4.691923065e-11
-3.21729131e-11
-1.789667506e-11
-2.748880022e-11
-3.21491412e-11
-1.131813608e-10
-2.508183794e-10
5.517410259e-10
8.245578345e-09
-2.631489386e-10
-4.966008165e-09
-2.858403446e-10
1.537317497e-09
-3.45925888e-10
-2.485172292e-09
-2.738709236e-10
1.110502552e-09
-9.502684151e-11
-8.80382426e-10
-1.420897574e-12
4.131699128e-10
3.917134793e-11
-2.939079302e-10
1.677103134e-11
9.628270322e-11
1.003573666e-11
-8.93189993e-11
-1.457214809e-11
9.177762929e-12
-1.043118185e-10
2.011497504e-11
3.18155783e-11
-1.043126953e-10
-2.877149222e-11
-1.607374168e-11
-4.341137531e-11
-1.734249863e-11
4.147925133e-11
-1.703671105e-11
-3.158565697e-11
-1.867941506e-11
2.396875178e-11
-2.396160111e-11
-2.398488973e-11
2.352933044e-11
-1.983541504e-11
8.456181992e-11
2.651224999e-11
-8.001412185e-11
2.90033634e-11
1.336892412e-10
2.624066399e-11
-1.027139653e-10
8.000041334e-11
-3.17299742e-10
-2.721041644e-11
-7.523441938e-11
-2.409812763e-11
5.190369736e-11
-1.690135928e-11
-3.163299333e-11
2.002689377e-10
-1.2581572e-10
5.743834462e-10
2.884615082e-10
-4.436597188e-10
-1.780712931e-11
4.269200731e-11
-1.438065258e-11
-2.139740015e-11
-1.219377947e-11
3.185056293e-11
-1.057522077e-11
-1.390980447e-11
3.325004336e-10
-2.467358002e-10
5.859086526e-10
4.140224594e-10
-4.612896856e-10
4.993621727e-10
-6.579929853e-10
-1.138329406e-11
1.48715966e-11
-9.680802851e-12
-1.458907797e-12
4.271904889e-10
-3.538432489e-10
-3.723353448e-10
2.042058695e-11
-4.913278623e-13
1.774608586e-11
2.454012977e-12
2.870550031e-10
-2.195262366e-10
-2.082964933e-10
2.033140061e-06
1.627136291e-06
1.092707367e-06
-1.832925258e-11
5.865663924e-07
5.069961597e-07
1.310253587e-10
-1.074160935e-10
1.488607487e-10
2.240846021e-10
-9.620530652e-11
1.557510079e-11
-7.495008228e-07
4.055281648e-07
3.445115717e-07
1.950709985e-10
-1.211332765e-10
1.970039082e-10
-1.588519012e-10
1.590716061e-10
-4.01082563e-10
4.03594629e-10
-3.50403692e-10
2.73851544e-10
2.713218239e-10
-3.047830997e-10
4.263273423e-10
1.013882742e-09
-6.69075219e-10
4.267631214e-10
-3.416321867e-10
3.728999848e-09
9.393847878e-10
2.327751902e-09
2.198583131e-10
1.517697376e-09
1.226496423e-10
1.77133655e-09
-1.226274929e-09
-2.331314607e-11
2.703468014e-09
-2.201303591e-10
-6.985147324e-10
9.702324314e-10
1.338676061e-09
-2.818268695e-10
6.164888418e-09
-1.120346965e-09
1.539961977e-09
3.466820819e-09
2.483789514e-10
-1.655503036e-10
8.684429053e-12
5.754284415e-09
-1.473495717e-09
2.502983135e-09
5.652995632e-09
2.111238311e-10
-1.965307319e-10
-4.366859224e-11
7.152826296e-11
1.736411216e-09
-2.44984057e-09
2.715355504e-09
2.546083307e-09
3.616239292e-10
-2.913414801e-10
-1.129812212e-10
1.790801317e-10
-4.85614276e-10
-2.928329274e-09
2.040657989e-09
6.388384442e-11
7.440185453e-10
-5.350412569e-10
-2.806249625e-10
3.763647403e-10
2.149218487e-09
-8.483341842e-10
3.41108779e-10
6.67709299e-10
3.728994533e-10
-3.356038285e-10
-3.325595287e-10
2.130725678e-10
-3.425191026e-09
1.994776779e-09
2.966467299e-09
-6.157240136e-10
-1.177697898e-09
6.414177523e-10
1.197376902e-09
-2.214946883e-09
-5.36977648e-12
-6.560064303e-11
1.16781949e-11
-4.20719982e-12
-5.715659894e-10
8.37385992e-09
-1.183951635e-08
-3.551322272e-09
5.557357301e-09
-2.189779249e-09
-1.917647337e-12
-3.398005901e-12
1.407108089e-12
-1.985670775e-13
2.060354434e-08
-2.63479909e-08
-8.565194284e-09
-7.846587228e-13
-1.314938656e-14
-5.024042849e-08
-2.498899443e-11
2.466894775e-08
-5.299854772e-08
2.835914972e-08
1.139811667e-08
9.295133772e-08
-1.041806949e-07
-5.382251499e-08
-4.338141378e-08
-2.853210043e-15
2.220542923e-15
2.653239306e-15
-1.535753286e-15
1.623658398e-08
1.596344243e-07
-1.756571112e-07
-1.063236032e-07
1.201415408e-07
-9.398793437e-08
-7.243010894e-14
-2.174934318e-15
-2.280533581e-07
4.801457501e-13
-3.178295863e-11
-1.505290241e-15
-3.363571493e-07
-1.863834017e-07
-2.190261306e-11
8.590242397e-12
2.745061416e-08
2.4271188e-12
5.596922159e-13
3.15103138e-12
9.421694642e-13
6.591426418e-09
3.545734934e-07
-2.955829218e-07
-2.860268522e-07
3.253734571e-07
-2.863824812e-07
-2.501115435e-07
1.908747028e-11
-6.25390057e-11
1.464615459e-10
-9.334159794e-12
1.213997002e-07
-1.012997482e-07
-1.469274456e-07
-1.983558999e-07
-5.21308806e-10
4.542697475e-10
-5.596246826e-10
3.015059033e-10
-2.137112229e-10
1.752207793e-10
7.721400747e-08
-1.243770021e-07
4.783503306e-08
4.769398726e-08
2.045865976e-10
-5.578278522e-11
-7.550601474e-10
7.361811855e-10
-1.879053169e-09
2.49457006e-09
-6.972389092e-09
-1.683217007e-08
-4.850325433e-08
1.205907634e-07
-3.421226195e-11
2.605621134e-11
3.92584511e-08
6.929958778e-12
5.266405587e-12
2.019608018e-12
5.962249192e-09
6.785921084e-13
3.263797965e-13
3.497815576e-13
7.82625086e-10
2.08852074e-13
-1.85325169e-12
1.476969565e-12
5.292877207e-11
6.166751259e-12
-6.316534809e-12
7.869203219e-12
-2.07976864e-12
-1.26292684e-11
-3.003460706e-11
-6.108690986e-11
2.978477823e-10
-1.926445615e-10
-2.758098897e-10
-1.595938871e-10
3.09124299e-09
-9.310273474e-11
-1.868583395e-09
-1.848641138e-10
4.456851999e-09
-9.94252836e-11
-5.481442119e-09
-1.318587842e-10
6.357540242e-10
-6.39572256e-11
-4.252837608e-10
-1.525485413e-11
2.227705885e-10
1.118228528e-11
-2.720482464e-10
1.613136429e-11
1.211502298e-10
1.579756267e-11
-2.348550058e-10
1.264077904e-11
8.865772562e-11
1.166336299e-11
-8.885190626e-11
1.495983229e-11
9.08056127e-11
-7.917916005e-11
-1.207427396e-11
2.58235669e-11
-9.500630206e-12
-1.20734952e-11
-9.37064754e-12
2.139230852e-11
-1.223462266e-11
-1.198745528e-11
-1.816774491e-11
2.242319395e-11
-2.155052372e-11
-1.881790957e-11
-4.369871412e-11
2.282080844e-10
-1.007418725e-10
-1.689039682e-10
-6.294114817e-11
1.117083576e-09
-3.399264564e-11
-6.580882397e-10
7.20844617e-12
3.847898253e-09
9.263205785e-11
-1.791565618e-09
-4.2109247e-11
2.683653666e-10
-3.793498292e-11
-1.555681763e-10
4.417895447e-11
5.369589159e-10
1.229308814e-10
-9.114636305e-10
1.552866724e-10
5.01982142e-10
1.142743371e-10
-9.492161727e-10
5.078797738e-11
1.260687954e-10
1.992645374e-11
-2.397401618e-10
1.467762392e-11
6.949129935e-11
1.862655039e-11
-6.374871616e-11
2.228862692e-11
7.451897344e-11
2.425441737e-11
-6.830707784e-11
2.744436603e-11
9.751621111e-11
4.121390244e-11
-9.293345271e-11
7.264532119e-11
2.312926082e-10
-2.111990527e-10
-6.882970136e-12
1.563203749e-11
-3.313319809e-12
-5.922622302e-12
-1.93107596e-12
3.998204941e-12
-1.761437684e-12
-1.042617925e-12
-2.61154103e-12
5.600361665e-12
-4.891153373e-12
-5.684285419e-12
-8.897586064e-12
1.315718543e-11
-1.015769372e-11
-1.389269555e-11
-2.151286004e-11
1.173594578e-10
-4.2566676e-11
-8.098653408e-11
-2.358899931e-11
3.68356966e-10
-1.211885945e-11
-1.809988628e-10
3.853324293e-12
7.145952718e-10
2.581890826e-11
-2.876360653e-10
-1.02989898e-11
8.474637905e-11
2.127421897e-12
-5.627669633e-11
1.539031013e-10
1.091641321e-09
3.676635173e-10
-1.05323392e-09
5.20945777e-10
1.401684582e-09
5.397811115e-10
-1.630073474e-09
3.535179683e-10
4.725939946e-10
1.292238156e-10
-7.864537681e-10
3.858855891e-11
6.639565606e-11
2.097585243e-11
-8.295733586e-11
2.000988186e-11
6.176800741e-11
2.062293916e-11
-5.522445681e-11
2.614193789e-11
8.892810237e-11
4.23814015e-11
-8.537254217e-11
7.112578537e-11
1.949266134e-10
1.14891116e-10
-1.817662287e-10
1.739023396e-10
3.785840984e-10
-3.294068286e-10
-6.53179964e-12
1.003475751e-11
-3.951228003e-12
-2.959875735e-12
-2.21270466e-12
4.499457307e-12
-1.406779341e-12
-8.312621753e-13
-5.758324729e-13
1.634494254e-12
-1.661534768e-13
-2.770075226e-13
-4.847333974e-13
9.846121828e-13
-2.480919023e-12
-2.085200731e-12
-8.588186934e-12
1.723815785e-11
-1.929442539e-11
-4.028265804e-11
-2.021576493e-11
7.226115226e-11
4.432369867e-12
-2.619804184e-10
-1.446975773e-11
5.620753185e-11
-1.427684967e-11
-3.632112115e-11
-5.109295377e-12
6.96769646e-11
-2.839693833e-12
-2.088694074e-11
8.692142462e-13
1.141347419e-10
5.914285769e-12
-4.794634861e-11
-7.19435544e-12
5.851839018e-11
2.227868302e-12
-8.694053496e-11
1.364028314e-10
9.1521447e-10
3.506951926e-10
-7.466348884e-10
5.744052424e-10
1.597344099e-09
7.259590199e-10
-1.387166354e-09
6.837217368e-10
1.020450928e-09
4.062459739e-10
-1.056476102e-09
1.366834688e-10
1.140817284e-10
3.47835609e-11
-1.46626938e-10
1.607948948e-11
4.88880562e-11
1.73604074e-11
-4.293963313e-11
2.814456669e-11
8.180595129e-11
4.572740056e-11
-7.736497333e-11
7.105704702e-11
1.746594744e-10
1.11644647e-10
-1.791496877e-10
1.578383502e-10
2.918612435e-10
2.03665166e-10
-2.649062827e-10
2.450265031e-10
3.684326573e-10
2.80885109e-10
-2.921650611e-10
3.139847659e-10
4.269526218e-10
-2.980513684e-10
1.497986425e-13
-1.737444467e-12
-3.967489544e-14
2.144244082e-12
-1.612711957e-13
1.38852387e-13
-2.204899437e-13
2.298888966e-13
-2.854416524e-14
4.312186421e-14
-3.502506832e-15
-9.77791652e-18
-2.7202804e-15
6.056998301e-15
-2.879681681e-14
-2.914047818e-18
-4.665215286e-13
1.649292607e-12
-7.602613574e-12
2.452394776e-12
-3.259728964e-11
5.399812878e-11
-9.222257266e-11
-2.097001913e-11
-1.981882585e-10
5.224433931e-10
-3.734806747e-12
-6.011661919e-10
-9.779714064e-12
2.440956556e-11
-7.851526907e-12
-2.262188481e-11
-1.038246435e-12
1.095873259e-11
-6.202588699e-13
-1.669803222e-11
2.347012271e-13
3.468252291e-11
2.05437872e-12
-3.736834676e-11
-2.123499346e-11
1.301680601e-10
-1.747212901e-13
-1.713779953e-10
9.482767771e-11
5.74453085e-10
2.429526001e-10
-4.119751958e-10
4.086216084e-10
1.091784076e-09
5.51045343e-10
-7.80685048e-10
5.894197409e-10
9.173881312e-10
4.306053262e-10
-6.883802366e-10
1.901815477e-10
1.579386518e-10
5.251472332e-11
-1.342336248e-10
1.752378892e-11
3.778949802e-11
1.897646525e-11
-3.4140948e-11
3.050087933e-11
7.20894614e-11
4.623671237e-11
-6.998431621e-11
7.251857603e-11
2.040879921e-10
1.253647413e-10
-2.637486012e-10
1.573150589e-10
2.4427681e-10
1.743010429e-10
-2.225268626e-10
1.817420364e-10
2.27299294e-10
1.835273419e-10
-1.701498036e-10
1.837112315e-10
2.059418939e-10
1.865747533e-10
-1.390037959e-10
1.964371009e-10
2.137241842e-10
-1.380817642e-10
3.140494384e-07
-2.234306464e-12
1.671757067e-07
1.471501864e-07
8.805140088e-08
-2.342936808e-13
4.55229382e-08
4.261425813e-08
2.282379946e-08
-2.015973936e-17
1.090303926e-08
1.194695905e-08
4.842365423e-09
3.407586991e-18
1.935966438e-09
2.915683869e-09
6.744394807e-10
-1.199843285e-12
2.069965826e-10
4.731418402e-10
6.722381538e-11
-7.774084059e-12
1.433135689e-11
6.054682223e-11
1.600885515e-11
2.496932139e-11
3.232248072e-09
5.26375801e-09
3.896667442e-09
-4.04636164e-12
2.268812818e-09
3.503613889e-09
1.531857338e-10
4.383550816e-11
-7.177497231e-13
-1.270529196e-10
-7.395258517e-12
2.025721883e-11
-3.685124023e-11
-2.662050342e-12
-9.523402627e-11
2.249327075e-10
-1.705580922e-12
-2.553673919e-10
5.066024933e-11
2.691721955e-10
1.266658023e-10
-1.530062083e-10
2.061017413e-10
5.004478562e-10
2.778223272e-10
-2.780594211e-10
3.139734515e-10
4.4784841e-10
2.296498465e-10
-2.480309452e-10
1.046320863e-10
8.774295505e-11
3.352191612e-11
-4.203887621e-11
1.454935415e-11
3.114628229e-11
1.959678117e-11
-2.880880765e-11
3.649765054e-11
9.283271295e-11
1.03641584e-10
-2.718394857e-10
2.653194378e-10
4.660466353e-10
3.275054999e-10
-1.43642092e-09
2.114293792e-10
2.038878657e-10
1.379799622e-10
-3.915065799e-10
1.136278142e-10
1.195612865e-10
1.032157952e-10
-8.040359958e-11
9.697699932e-11
9.133547409e-11
9.457043238e-11
-5.976800488e-11
9.729115826e-11
9.060325921e-11
-6.081936616e-11
6.727850399e-07
-6.89037708e-07
7.334550575e-07
6.295331539e-07
6.620726153e-07
-3.366635929e-07
5.359502118e-07
4.637108167e-07
4.036523134e-07
-1.374421129e-07
2.884049711e-07
2.532147255e-07
1.975755916e-07
-5.081995491e-08
1.304734871e-07
1.18175737e-07
8.31938282e-08
-1.695356316e-08
5.114127831e-08
4.911934982e-08
3.017794206e-08
-4.771999782e-09
1.6973695e-08
1.802529411e-08
9.005808781e-09
-1.066754413e-09
4.450841866e-09
5.650294077e-09
1.728841696e-09
-9.814579697e-09
4.158170957e-09
1.210938648e-08
4.392624228e-09
-4.951097781e-09
2.508573614e-09
4.790821953e-09
8.879440023e-10
-5.72767307e-11
2.260921469e-10
2.613593117e-10
6.44460492e-11
-4.582179097e-12
1.620803788e-11
2.603499686e-11
1.107873232e-11
2.389099464e-10
1.352832643e-11
-6.817638941e-11
1.803502958e-11
6.787025597e-11
3.81987421e-11
-1.688967284e-11
5.980038938e-11
1.236670275e-10
7.760568589e-11
-3.536698342e-11
8.283963345e-11
1.142478441e-10
5.614571405e-11
-3.688205414e-11
2.098583577e-11
1.395570077e-11
8.851385462e-12
-6.335249323e-12
1.288946055e-11
2.754177884e-11
2.680438213e-11
-2.7300755e-11
8.913449662e-11
6.237173717e-10
1.04385414e-09
-7.715796018e-10
3.219694597e-09
3.658459759e-09
5.36703196e-09
-5.050532665e-09
5.268832892e-09
2.029825977e-09
2.816242603e-09
-5.329959201e-09
6.124123716e-10
9.166050208e-11
9.756128451e-11
-5.008871309e-10
5.696270644e-11
4.247592017e-11
5.4509194e-11
-3.821163652e-11
5.653751444e-11
4.4148991e-11
6.446742557e-11
-3.602910425e-11
8.33542112e-11
7.489805699e-11
-6.429350053e-11
4.060604067e-10
-1.572380034e-07
8.709530275e-08
7.068490532e-08
2.38383395e-07
-4.80781188e-07
3.895357732e-07
3.30290981e-07
4.931941132e-07
-4.976667431e-07
5.337834409e-07
4.580311191e-07
5.188501891e-07
-3.501246235e-07
4.661606357e-07
4.036723996e-07
3.94078392e-07
-2.005628751e-07
3.171249955e-07
2.781161785e-07
2.447786917e-07
-1.000944719e-07
1.820752945e-07
1.631578946e-07
1.308583622e-07
-4.436471418e-08
9.094939996e-08
8.447008803e-08
6.108670883e-08
-1.735170929e-08
3.953871101e-08
3.900730108e-08
2.430655323e-08
-1.436282558e-08
1.72463888e-08
2.203606249e-08
1.215807164e-08
-6.079075868e-09
7.155437298e-09
1.039807197e-08
3.545494289e-09
-7.081699407e-10
1.554951659e-09
2.324239052e-09
6.152752782e-10
-6.336452718e-11
2.225030418e-10
3.814952175e-10
9.849126517e-11
-1.247615702e-11
4.00144007e-11
6.802102916e-11
1.334435725e-11
9.738287176e-15
6.196266815e-12
1.024241436e-11
4.196929212e-12
3.820993869e-12
2.81632067e-12
5.312326181e-13
2.339290565e-12
4.540108072e-12
2.216511718e-12
-3.411088086e-12
2.004503951e-11
2.605906843e-12
4.640759248e-11
-2.032004536e-12
6.467289952e-11
2.53448446e-11
6.935541632e-11
-3.183691428e-12
1.047936331e-10
7.159992234e-10
1.006431296e-09
-5.234541209e-10
3.296072171e-09
4.572593342e-09
6.46013564e-09
-2.981291744e-09
8.942753285e-09
6.318922427e-09
9.107693319e-09
-4.458146419e-09
6.348712539e-09
1.699889315e-09
2.218507176e-09
-2.009426205e-09
3.348589252e-10
4.744148742e-11
7.758237228e-11
-5.706078019e-11
5.752323235e-11
3.232822758e-11
6.087017398e-11
-2.881873115e-11
8.076107593e-11
5.786501651e-11
1.251616305e-10
-5.27774633e-11
2.070024576e-10
1.596520333e-10
-1.473021105e-10
4.332398217e-10
-3.084741262e-08
1.849220995e-08
1.282105101e-08
7.085097943e-08
-2.110163823e-07
1.548419372e-07
1.273032068e-07
2.525931219e-07
-3.791725953e-07
3.42327279e-07
2.900660045e-07
4.074768878e-07
-4.096045504e-07
4.402984552e-07
3.776026647e-07
4.411866627e-07
-3.341087652e-07
4.159629986e-07
3.601171428e-07
3.72881191e-07
-2.270520726e-07
3.201625644e-07
2.80386028e-07
2.646934273e-07
-1.34753068e-07
2.114767463e-07
1.883907501e-07
1.636551304e-07
-7.134331965e-08
1.228399982e-07
1.124246085e-07
8.98915506e-08
-3.813029331e-08
6.499176484e-08
6.328157884e-08
4.632980769e-08
-1.890471517e-08
3.18076926e-08
3.327279954e-08
2.065113391e-08
-6.35046052e-09
1.261437314e-08
1.407156477e-08
7.246837282e-09
-1.622090244e-09
3.905701618e-09
4.793220163e-09
2.002654257e-09
-3.282626724e-10
1.075599687e-09
1.131025529e-09
6.32138373e-10
-5.8052283e-11
3.250140916e-10
4.140947868e-10
1.020857724e-10
-9.687034489e-12
2.442252236e-11
7.152566656e-11
8.164401944e-12
-2.816746449e-12
3.268719201e-12
9.752798187e-12
1.154523148e-12
2.698434888e-13
5.722175015e-13
1.121697786e-12
3.661673498e-13
1.523155311e-13
2.176865003e-13
1.787361461e-13
7.514838433e-11
2.550007912e-10
3.711624778e-10
-2.624566658e-11
1.014543743e-09
1.177022683e-09
1.796487158e-09
-1.068712885e-10
2.387066045e-09
1.705688936e-09
2.588808286e-09
-3.262580519e-11
2.236929663e-09
9.858832914e-10
1.197742299e-09
-5.884940278e-11
3.255060383e-10
3.824405855e-11
1.002871155e-10
-1.398962865e-11
7.577024881e-11
2.339368568e-11
8.916113299e-11
-1.825356731e-11
1.354780305e-10
5.022996854e-11
2.311580108e-10
-5.680076104e-11
3.996818076e-10
1.544124017e-10
-1.916002562e-10
1.374979438e-09
-4.866783664e-09
4.29435267e-09
1.924500341e-09
1.890067378e-08
-7.299950934e-08
5.215034777e-08
3.984252396e-08
1.050434241e-07
-2.083260283e-07
1.718976895e-07
1.417937597e-07
2.427201609e-07
-3.228285105e-07
3.067532633e-07
2.593730955e-07
3.553968294e-07
-3.562347891e-07
3.837776749e-07
3.285799519e-07
3.909406353e-07
-3.150516037e-07
3.790190022e-07
3.276953914e-07
3.520417638e-07
-2.375012152e-07
3.148774847e-07
2.752738317e-07
2.722443477e-07
-1.579774392e-07
2.281960218e-07
2.024806223e-07
1.860549368e-07
-9.638892585e-08
1.480928182e-07
1.346793289e-07
1.152320431e-07
-5.451872751e-08
8.74414136e-08
8.23871099e-08
6.442862209e-08
-2.671610513e-08
4.59104228e-08
4.507127757e-08
3.154920198e-08
-1.106648864e-08
2.086418725e-08
2.155200303e-08
1.313519528e-08
-3.401542181e-09
7.708349738e-09
8.349003241e-09
4.383157924e-09
-9.809395035e-10
2.781508797e-09
2.57873236e-09
2.204242979e-09
-5.775159808e-10
2.1584519e-09
1.622137788e-09
2.462190269e-09
-6.912729215e-10
3.086454254e-09
2.286914757e-09
3.846979701e-09
-8.692177756e-10
3.614078265e-09
3.324056566e-09
1.447600434e-09
-2.649942975e-11
2.153499431e-10
3.271262606e-10
6.672915814e-11
-1.639134965e-11
1.04284326e-10
1.736931837e-11
1.239254436e-10
-1.081317889e-11
7.827548333e-11
8.729528086e-12
3.999276346e-11
2.149927283e-16
3.237680726e-11
3.392877009e-12
4.408378618e-11
-9.71692363e-13
6.691981435e-11
6.803991651e-12
9.882371025e-11
-4.764515078e-12
1.306448055e-10
1.243798261e-11
1.66222322e-10
1.613429914e-11
2.25791399e-10
-1.154224754e-11
3.290989737e-10
7.03782799e-11
5.001104331e-10
-6.181579782e-11
7.810779251e-10
2.009379112e-10
-1.331088407e-10
1.278732133e-09
-1.91043963e-10
1.053821801e-09
4.692309602e-10
8.306747399e-10
-6.471691989e-10
1.196034078e-09
2.409976029e-10
4.471098695e-09
-2.055940655e-08
1.50806814e-08
9.970998266e-09
3.713116693e-08
-9.186342601e-08
7.243818973e-08
5.669586945e-08
1.195453468e-07
-1.975629084e-07
1.740063068e-07
1.434360667e-07
2.295965683e-07
-2.856865595e-07
2.798634868e-07
2.359535161e-07
3.194498723e-07
-3.195028811e-07
3.449399075e-07
2.946691693e-07
3.550869243e-07
-2.974002742e-07
3.505630967e-07
3.025918953e-07
3.334893096e-07
-2.404847715e-07
3.068289787e-07
2.677343698e-07
2.739225401e-07
-1.74187881e-07
2.379831153e-07
2.10595082e-07
2.016298013e-07
-1.15266523e-07
1.667235039e-07
1.504468371e-07
1.345080815e-07
-6.911692861e-08
1.057884357e-07
9.787068516e-08
8.101303387e-08
-3.700218223e-08
6.033069987e-08
5.756514637e-08
4.354120544e-08
-1.692751879e-08
3.018927384e-08
2.984750042e-08
1.998584486e-08
-6.233472374e-09
1.306112725e-08
1.300486438e-08
9.450661277e-09
-3.660541142e-09
8.600278008e-09
7.427024807e-09
9.813999013e-09
-5.218171089e-09
1.251675218e-08
9.826332382e-09
1.547169736e-08
-7.473824792e-09
1.556667192e-08
1.291941874e-08
9.621550211e-09
-1.473970834e-09
2.454824128e-09
2.978260832e-09
3.728948527e-10
-6.108091087e-11
1.690163013e-10
1.88094022e-10
1.180596181e-10
-1.10162628e-11
7.98403936e-11
3.002106946e-11
5.968483517e-11
-7.882732308e-12
6.214181829e-11
1.362201522e-11
8.06884655e-11
-1.379855789e-11
1.092719331e-10
2.073358726e-11
1.477030961e-10
-2.14644246e-11
1.89699735e-10
3.330157273e-11
2.15835943e-10
6.468081537e-12
2.110478291e-10
2.416147353e-11
1.849804126e-10
3.691004985e-11
1.607802335e-10
6.084687822e-12
1.608279149e-10
4.517822014e-11
2.111163536e-10
3.69766838e-12
2.778850917e-10
2.380590282e-11
4.907497516e-11
2.047649183e-09
-5.009852634e-10
1.181618154e-09
4.675811683e-10
6.815707245e-10
-7.898627852e-11
6.265800927e-10
4.46426226e-11
1.139458543e-09
-4.46846293e-09
3.78450057e-09
1.818442633e-09
1.115819734e-08
-3.325376351e-08
2.600186579e-08
1.845980599e-08
5.015314735e-08
-9.953915637e-08
8.377910448e-08
6.607996601e-08
1.251461666e-07
-1.861085248e-07
1.709229764e-07
1.406644573e-07
2.16867893e-07
-2.587938594e-07
2.586408323e-07
2.175159037e-07
2.925354222e-07
-2.921931254e-07
3.159666353e-07
2.693599024e-07
3.276865769e-07
-2.8183218e-07
3.27733454e-07
2.824023964e-07
3.172512515e-07
-2.400339921e-07
2.981485291e-07
2.596995057e-07
2.72695051e-07
-1.846391343e-07
2.431867721e-07
2.145818129e-07
2.117032537e-07
-1.294644331e-07
1.799970494e-07
1.614070259e-07
1.494873497e-07
-8.264954783e-08
1.212499445e-07
1.109289153e-07
9.595152003e-08
-4.738450517e-08
7.389732939e-08
6.923496716e-08
5.524732758e-08
-2.371172572e-08
4.042531336e-08
3.873582545e-08
3.023322779e-08
-1.375509182e-08
2.519391659e-08
2.331364605e-08
2.480416901e-08
-1.605524638e-08
2.729122512e-08
2.347901115e-08
2.910411578e-08
-1.834387662e-08
2.544415523e-08
2.260132674e-08
1.503596169e-08
-4.367101736e-09
5.010812895e-09
5.835019073e-09
1.277942647e-09
-3.902828841e-10
5.981452993e-10
7.600514763e-10
4.255508511e-10
-1.186139065e-10
2.613399583e-10
3.496455003e-10
1.335284808e-10
-2.289168481e-11
8.167474991e-11
5.977460001e-11
8.152616884e-11
-2.776885733e-11
1.082361893e-10
3.817538114e-11
1.645438837e-10
-5.540216406e-11
2.396852889e-10
7.774665435e-11
2.740868819e-10
-6.977647455e-11
2.537137726e-10
1.058586268e-10
2.188004452e-10
-4.45995492e-11
1.898511725e-10
7.207855068e-11
1.690639092e-10
-2.641601375e-11
1.602875609e-10
4.742782099e-11
1.576006024e-10
-3.791586158e-11
3.96513604e-11
4.629692972e-09
-1.461722525e-10
3.654126056e-09
1.161491e-09
3.153261123e-09
3.865069767e-10
2.377803717e-09
-6.952201699e-11
1.802979784e-09
-7.837831989e-10
1.98867745e-09
3.671140455e-10
3.612597941e-09
-9.71431333e-09
8.376365161e-09
4.928192464e-09
1.822787531e-08
-4.196091229e-08
3.477586111e-08
2.547437376e-08
5.878302627e-08
-1.020834177e-07
8.985505503e-08
7.118872719e-08
1.264078177e-07
-1.755635531e-07
1.658979561e-07
1.363947487e-07
2.05239547e-07
-2.381175751e-07
2.412849517e-07
2.025293813e-07
2.712707151e-07
-2.70778664e-07
2.931486479e-07
2.494483864e-07
3.057580589e-07
-2.682348583e-07
3.088635958e-07
2.657033764e-07
3.03031048e-07
-2.375258626e-07
2.894323614e-07
2.516515932e-07
2.696056969e-07
-1.910061856e-07
2.452391166e-07
2.157730815e-07
2.180422348e-07
-1.405132825e-07
1.896011551e-07
1.691811837e-07
1.612532913e-07
-9.448557818e-08
1.340993663e-07
1.216970459e-07
1.090412843e-07
-5.791265553e-08
8.70127852e-08
8.053948451e-08
6.915595542e-08
-3.64116922e-08
5.653284795e-08
5.295410724e-08
4.913153592e-08
-3.186431591e-08
4.491773903e-08
4.162495451e-08
4.007445425e-08
-2.596927484e-08
3.14422377e-08
2.991205627e-08
2.002755817e-08
-7.888962382e-09
1.038197778e-08
1.109876308e-08
4.999495954e-09
-1.582639893e-09
2.663304251e-09
3.225030561e-09
1.659406876e-09
-7.244204143e-10
1.131301741e-09
1.411095491e-09
7.506062357e-10
-2.174526202e-10
4.269758195e-10
5.841138749e-10
2.079362666e-10
-6.335469768e-11
1.211206208e-10
1.440779592e-10
1.186072062e-10
-8.45736108e-11
1.367685828e-10
7.808967125e-11
1.528522745e-10
-1.077919225e-10
1.636523633e-10
9.2256768e-11
1.682682836e-10
-8.119339464e-11
1.699630573e-10
8.092499415e-11
1.72880581e-10
-6.296149571e-11
1.807298813e-10
7.322580205e-11
1.869075266e-10
-4.831555642e-11
6.576685115e-11
2.138882784e-09
-1.469757351e-09
1.738084538e-09
1.104024486e-09
1.985401346e-09
-4.275782566e-10
1.339926191e-09
4.532033633e-10
6.011858493e-10
-2.188831535e-10
4.892522776e-10
1.222920767e-10
8.948817055e-10
-2.449242017e-09
2.226543568e-09
1.085591275e-09
5.536582808e-09
-1.474905009e-08
1.223070447e-08
8.06661511e-09
2.36779958e-08
-4.767291244e-08
4.084339538e-08
3.05877043e-08
6.400647185e-08
-1.021159321e-07
9.262008677e-08
7.36859523e-08
1.253311764e-07
-1.661302421e-07
1.601520678e-07
1.316178029e-07
1.947308698e-07
-2.214822437e-07
2.266676627e-07
1.899724928e-07
2.538081479e-07
-2.533396045e-07
2.744801301e-07
2.331792238e-07
2.87630418e-07
-2.562189115e-07
2.928593635e-07
2.515299617e-07
2.903706664e-07
-2.337434647e-07
2.808647352e-07
2.437438616e-07
2.65406794e-07
-1.947373362e-07
2.452860918e-07
2.152382873e-07
2.218755969e-07
-1.490748658e-07
1.965366304e-07
1.746763852e-07
1.70606218e-07
-1.054737173e-07
1.454512429e-07
1.312597606e-07
1.224228996e-07
-7.25118106e-08
1.047009337e-07
9.444104498e-08
8.919760306e-08
-5.359566565e-08
7.487264496e-08
6.840117924e-08
6.118590385e-08
-3.59586149e-08
4.742320095e-08
4.503128442e-08
3.418457094e-08
-1.600191267e-08
2.310000455e-08
2.308011009e-08
1.509615492e-08
-6.064081896e-09
9.84599798e-09
1.049783591e-08
6.514643364e-09
-2.712873787e-09
4.384323272e-09
4.995489098e-09
2.975662936e-09
-1.229306006e-09
1.985426298e-09
2.375634686e-09
1.247447613e-09
-3.921472853e-10
7.136544218e-10
9.224552444e-10
3.91362399e-10
-1.087781387e-10
2.213817875e-10
2.653429535e-10
1.539369457e-10
-7.906843353e-11
1.358510864e-10
9.59220347e-11
1.385559377e-10
-7.734590458e-11
1.509630359e-10
7.85077936e-11
1.718594887e-10
-8.100596149e-11
2.023353532e-10
9.370941675e-11
2.414348393e-10
-9.001746007e-11
1.248368733e-10
3.660628398e-10
-1.313168821e-09
1.007304473e-09
6.469867848e-10
1.259777197e-09
-2.145521063e-10
-3.913402721e-11
-1.128324539e-10
-2.651661292e-12
-9.071142634e-11
6.671263762e-11
-2.5737028e-12
1.562335181e-10
-4.515151709e-10
4.273088558e-10
1.616938999e-10
1.284707784e-09
-4.129988301e-09
3.459947864e-09
1.953008567e-09
7.950767149e-09
-1.873446983e-08
1.583417271e-08
1.088302907e-08
2.804080381e-08
-5.1205962e-08
4.513551084e-08
3.420653913e-08
6.715268689e-08
-1.007860789e-07
9.352391318e-08
7.460400667e-08
1.231072726e-07
-1.576716264e-07
1.543111245e-07
1.267688185e-07
1.852816687e-07
-2.076508693e-07
2.141199365e-07
1.792214429e-07
2.390902774e-07
-2.387239741e-07
2.587846416e-07
2.19516826e-07
2.722312123e-07
-2.454256972e-07
2.789473024e-07
2.392209654e-07
2.78914966e-07
-2.292903941e-07
2.725347119e-07
2.36139105e-07
2.605623364e-07
-1.966953389e-07
2.439886069e-07
2.136627636e-07
2.240001524e-07
-1.562737952e-07
2.024220027e-07
1.813537695e-07
1.793101447e-07
-1.174091674e-07
2.02002747e-07
1.757886571e-07
2.160356236e-07
-8.6676525e-08
1.932072065e-07
1.649998122e-07
1.473800703e-07
-5.815995705e-08
1.027150564e-07
9.33358844e-08
7.057581156e-08
-3.283639651e-08
4.974759136e-08
4.741877053e-08
3.587388088e-08
-1.692692619e-08
2.605423455e-08
2.576373217e-08
1.8869061e-08
-8.648326462e-09
1.357793647e-08
1.405346119e-08
9.692130065e-09
-4.328597833e-09
6.83330005e-09
7.433277328e-09
4.711072595e-09
-1.903490594e-09
3.128431171e-09
3.580016173e-09
1.970957481e-09
-6.45119136e-10
1.170107428e-09
1.423392667e-09
6.788745154e-10
-2.06228676e-10
4.125879561e-10
4.815683364e-10
2.759055951e-10
-1.046308478e-10
2.177763835e-10
2.051903234e-10
2.238082552e-10
-1.19110316e-10
2.836210896e-10
1.633786389e-10
3.870472712e-10
-1.787541256e-10
2.348605034e-10
6.651193801e-10
-2.62248703e-10
1.318340876e-09
6.167156166e-10
-2.298980945e-11
4.493702981e-11
-6.092940453e-11
-4.572646963e-11
-1.992387767e-11
3.634791433e-11
2.991340328e-11
-3.37372875e-11
1.771257267e-10
4.843605113e-11
6.981092435e-10
-4.703139991e-10
1.858103214e-09
-6.056951367e-10
3.989610364e-09
-1.657527001e-09
6.126476756e-09
-5.823810457e-09
9.47730016e-09
2.339782766e-09
1.514829884e-08
-2.19395806e-08
2.380293363e-08
1.321192643e-08
3.601848273e-08
-5.343500488e-08
5.214274129e-08
3.732550334e-08
7.223806179e-08
-9.88696649e-08
9.591050556e-08
7.533761539e-08
1.222777051e-07
-1.501613947e-07
1.500739248e-07
1.226356999e-07
1.778026181e-07
-1.959404716e-07
2.03899437e-07
1.70227294e-07
2.269085718e-07
-2.262114359e-07
2.455947857e-07
2.079853165e-07
2.590511691e-07
-2.356753278e-07
2.667434428e-07
2.284655245e-07
2.685217962e-07
-2.245634237e-07
2.645955181e-07
2.289472554e-07
2.555109277e-07
-2.007617983e-07
2.429350316e-07
2.136637596e-07
2.252115207e-07
-2.161620025e-07
2.550776718e-07
2.272353531e-07
2.759563017e-07
-2.16790556e-07
2.533140156e-07
2.239066427e-07
2.026359935e-07
-1.215909878e-07
1.518174701e-07
1.366385422e-07
1.13776047e-07
-6.379224843e-08
8.752189462e-08
8.076051021e-08
6.852682425e-08
-3.70771272e-08
5.374603055e-08
5.078505561e-08
4.181509609e-08
-2.153258885e-08
3.215661179e-08
3.129389456e-08
2.442212522e-08
-1.204125192e-08
1.829914614e-08
1.847154989e-08
1.348826262e-08
-6.248677538e-09
9.730643388e-09
1.022762796e-08
6.823476678e-09
-2.817958889e-09
4.612632126e-09
5.086869589e-09
2.985131503e-09
-1.063971148e-09
1.859687286e-09
2.175601409e-09
1.15759314e-09
-4.369624213e-10
7.650078137e-10
8.835551935e-10
5.511189653e-10
-2.616270359e-10
4.257507354e-10
4.729514165e-10
3.546219758e-10
-2.511548062e-10
2.804400101e-10
2.319732531e-09
-1.507331013e-09
1.719048476e-09
1.627648274e-09
1.142005773e-10
1.495318302e-11
-1.02004051e-11
-6.99044726e-13
1.633317435e-11
8.270552464e-11
1.626265926e-10
-2.253022663e-10
5.641556284e-10
9.297094787e-10
1.339014385e-09
-1.696011548e-09
2.527859759e-09
3.158141674e-09
4.075298414e-09
-4.692313196e-09
5.928651238e-09
5.458190099e-09
8.939727548e-09
-8.110546546e-09
1.716068096e-08
-5.880623552e-09
3.380437731e-08
-9.800685201e-09
5.274793459e-08
-2.617709747e-08
6.406354103e-08
1.397127195e-08
7.232050817e-08
-5.728877714e-08
8.272748615e-08
4.635160958e-08
9.658397907e-08
-9.906486803e-08
1.138088118e-07
8.166809994e-08
1.33793565e-07
-1.450620834e-07
1.556177233e-07
1.233218903e-07
1.781036528e-07
-1.867224988e-07
1.999295861e-07
1.651684085e-07
2.197784663e-07
-2.157389037e-07
2.364638977e-07
1.994428422e-07
2.490491615e-07
-2.269905601e-07
2.569019863e-07
2.195777488e-07
2.597336642e-07
-2.209034889e-07
2.577997173e-07
2.228885027e-07
2.507874607e-07
-2.247637534e-07
2.528537253e-07
2.216422012e-07
2.50186491e-07
-2.132866741e-07
2.331411796e-07
2.061281653e-07
2.064538642e-07
-1.471422133e-07
1.782671713e-07
1.589743908e-07
1.526488648e-07
-9.866506865e-08
1.300655328e-07
1.174873369e-07
1.099297595e-07
-6.666754247e-08
9.184518963e-08
8.428150565e-08
7.572990774e-08
-4.338521864e-08
6.160966543e-08
5.766618736e-08
4.947033203e-08
-2.696382639e-08
3.920344643e-08
3.763744608e-08
3.062525542e-08
-1.582320415e-08
2.353041878e-08
2.329037854e-08
1.773090458e-08
-8.514960769e-09
1.306174572e-08
1.338760166e-08
9.368835e-09
-4.063827733e-09
6.509490518e-09
6.990206295e-09
4.368962152e-09
-1.738920784e-09
2.861891097e-09
3.257659073e-09
1.893540924e-09
-8.485043899e-10
1.312431182e-09
1.513038483e-09
9.32188084e-10
-4.380294554e-10
7.776842511e-10
1.474060191e-09
-1.604713876e-09
-2.672685649e-14
-1.429540312e-14
3.930506564e-16
2.434243673e-17
5.802385827e-16
2.08271926e-10
5.327581918e-10
8.279991866e-10
-1.148340434e-09
2.010939522e-09
2.883019964e-09
3.73602546e-09
-4.594324363e-09
5.816046198e-09
6.575173174e-09
7.974697601e-09
-8.709990115e-09
9.947558236e-09
9.903164576e-09
1.158713494e-08
-1.143342154e-08
1.292971868e-08
1.236365851e-08
1.41110027e-08
-1.290055156e-08
1.535602337e-08
1.028185628e-08
2.103682974e-08
-1.439619471e-08
4.09239887e-08
-3.226908936e-08
7.479946666e-08
-2.144739948e-09
9.611748385e-08
-6.967188607e-08
1.105180366e-07
5.356244221e-08
1.231855935e-07
-1.064640991e-07
1.365927829e-07
9.204599499e-08
1.515775209e-07
-1.456890235e-07
1.680296818e-07
1.288170993e-07
1.853036688e-07
-1.818508428e-07
2.024682142e-07
1.64660443e-07
2.184862795e-07
-2.082092925e-07
2.323403402e-07
1.945705118e-07
2.431529869e-07
-2.200329392e-07
2.502889776e-07
2.131677922e-07
2.532840422e-07
-2.203419594e-07
2.536699851e-07
2.18746241e-07
2.499195515e-07
-2.063001324e-07
2.408787956e-07
2.098586912e-07
2.273990424e-07
-1.724496719e-07
2.110226232e-07
1.855914866e-07
1.9295271e-07
-1.364879999e-07
1.739618614e-07
1.546006785e-07
1.546441293e-07
-1.029632444e-07
1.355580472e-07
1.218964717e-07
1.172174924e-07
-7.379557339e-08
1.000553992e-07
9.12587636e-08
8.435825487e-08
-5.045778512e-08
7.025142885e-08
6.522790835e-08
5.774127917e-08
-3.279979047e-08
4.676861144e-08
4.439756511e-08
3.7266863e-08
-1.996025766e-08
2.918164675e-08
2.842369321e-08
2.243687959e-08
-1.121481766e-08
1.691035314e-08
1.697829078e-08
1.244868078e-08
-5.703800656e-09
8.914637063e-09
9.335186158e-09
6.218675442e-09
-2.691448032e-09
4.293501716e-09
4.661389044e-09
3.018168118e-09
-1.333467153e-09
1.92756145e-12
9.063792774e-11
2.45229852e-10
-3.308390898e-10
1.170018027e-09
2.253465276e-09
3.010139086e-09
-4.08336034e-09
5.560897499e-09
6.872114635e-09
8.346964848e-09
-9.633651229e-09
1.08574266e-08
1.087286558e-08
1.272927216e-08
-1.270918724e-08
1.383090809e-08
1.248508817e-08
1.425506772e-08
-1.282825604e-08
1.425730592e-08
1.285097987e-08
1.415306344e-08
-1.234337486e-08
1.418126263e-08
1.380271583e-08
1.441029495e-08
-1.309774546e-08
1.475426372e-08
1.448074277e-08
1.578082506e-08
-1.424969623e-08
2.699892938e-08
-2.514815849e-08
5.729365332e-08
-4.701304956e-09
8.558029143e-08
-7.434768697e-08
1.080106927e-07
5.026567545e-08
1.26664803e-07
-1.127358033e-07
1.502779323e-07
8.946368315e-08
1.655663698e-07
-1.481712954e-07
1.782708945e-07
1.31182048e-07
1.916876645e-07
-1.799177328e-07
2.055855075e-07
1.64792721e-07
2.188628267e-07
-2.033679735e-07
2.305068329e-07
1.915678573e-07
2.397178951e-07
-2.15014047e-07
2.460102378e-07
2.086019202e-07
2.488656471e-07
-2.128038613e-07
2.479410569e-07
2.131028124e-07
2.432422575e-07
-1.965256203e-07
2.350545193e-07
2.041813346e-07
2.237984884e-07
-1.707815946e-07
2.099996421e-07
1.84230475e-07
1.943006821e-07
-1.402310583e-07
1.773735365e-07
1.571624283e-07
1.598864592e-07
-1.094138874e-07
1.424213755e-07
1.275777909e-07
1.25423704e-07
-8.15937726e-08
1.091755674e-07
9.907736999e-08
9.384393616e-08
-5.799602211e-08
7.955365456e-08
7.335905417e-08
6.642447893e-08
-3.886956945e-08
5.459790334e-08
5.127448687e-08
4.420325796e-08
-2.446952634e-08
3.528102047e-08
3.379148885e-08
2.774434152e-08
-1.438518251e-08
2.142750477e-08
2.102164777e-08
1.616565756e-08
-7.715216339e-09
1.204797172e-08
4.036151376e-13
9.011921417e-10
1.330236198e-09
-2.227215977e-09
4.424452551e-09
6.912884656e-09
8.422419599e-09
-1.088902165e-08
1.212664409e-08
1.258042299e-08
1.469100504e-08
-1.510724681e-08
1.582612007e-08
1.377131049e-08
1.571069529e-08
-1.361518976e-08
1.480598087e-08
1.23427234e-08
1.365284057e-08
-1.113967919e-08
1.271191191e-08
1.159564084e-08
1.225068078e-08
-1.095601354e-08
1.229411099e-08
1.259112165e-08
1.266161306e-08
-1.247753897e-08
1.307040651e-08
1.366780369e-08
1.32559365e-08
-1.320123494e-08
1.307858838e-08
1.27063915e-08
1.296728692e-08
-1.180215708e-08
2.072946131e-08
-2.222792837e-08
4.002224626e-08
-2.16886191e-09
6.90536581e-08
-7.648522921e-08
1.880278614e-07
1.593702211e-07
2.150242889e-07
-1.114152048e-07
1.985360372e-07
1.343582699e-07
1.844145379e-07
-1.480143857e-07
1.845024577e-07
1.368276418e-07
1.935467867e-07
-1.781537609e-07
2.056566452e-07
1.637807393e-07
2.176897026e-07
-1.996743433e-07
2.281987978e-07
1.88548811e-07
2.364276715e-07
-2.102192529e-07
2.418764117e-07
2.042949631e-07
2.44227305e-07
-2.081802997e-07
2.433297099e-07
2.086003411e-07
2.392359057e-07
-1.944517451e-07
2.321562024e-07
2.012772274e-07
2.224454414e-07
-1.720278908e-07
2.105853009e-07
1.843912131e-07
1.971071705e-07
-1.450790604e-07
1.824833406e-07
1.613148373e-07
1.671126217e-07
-1.171202997e-07
1.513017453e-07
1.351366012e-07
1.35283374e-07
-9.012387808e-08
1.192901721e-07
1.078207609e-07
1.036274005e-07
-6.547396747e-08
8.866395007e-08
8.118824253e-08
7.481220445e-08
-4.495662436e-08
6.23715789e-08
5.785444964e-08
5.144524917e-08
-2.934048372e-08
4.192901457e-08
3.941781099e-08
3.361952568e-08
-1.770668086e-08
2.511492346e-08
3.760554408e-14
5.145376776e-09
6.26700958e-09
1.360592776e-08
1.579302593e-08
1.835288851e-08
-2.049709113e-08
1.975406554e-08
1.628555245e-08
1.858083116e-08
-1.506788885e-08
1.604025196e-08
1.201187331e-08
1.327890475e-08
-9.217152587e-09
1.116718916e-08
9.645247896e-09
1.014373122e-08
-8.588540569e-09
1.016528084e-08
1.081131881e-08
1.085005708e-08
-1.139741632e-08
1.170806739e-08
1.275153877e-08
1.232606141e-08
-1.316942923e-08
1.244537411e-08
1.273861449e-08
1.197550585e-08
-1.205908496e-08
1.096950478e-08
1.039803595e-08
9.586380757e-09
-8.821199922e-09
8.155015674e-09
7.596384151e-09
8.085981827e-09
-7.130174233e-09
2.124579716e-08
-1.222251404e-07
9.558282027e-08
7.363083446e-09
1.270275926e-07
-1.019012455e-07
1.464933386e-07
3.562513504e-08
1.655738915e-07
-1.154596403e-07
1.806706203e-07
8.739614023e-08
1.938706118e-07
-1.472482674e-07
2.053781797e-07
1.310180615e-07
2.151457421e-07
-1.757438875e-07
2.233642893e-07
1.64805949e-07
2.302988253e-07
-1.959710732e-07
2.360003624e-07
1.88609655e-07
2.402935573e-07
-2.059136243e-07
2.429040208e-07
2.024909006e-07
2.435623581e-07
-2.048810726e-07
2.421152792e-07
2.065521994e-07
2.385089058e-07
-1.940548609e-07
2.327872636e-07
2.014337864e-07
2.250575962e-07
-1.75814209e-07
2.154755042e-07
1.884179138e-07
2.041638591e-07
-1.525324597e-07
1.912648088e-07
1.687632315e-07
1.769664366e-07
-1.148886937e-07
1.63355015e-07
1.424990452e-07
1.443381671e-07
-9.724932781e-08
1.275726348e-07
1.174336009e-07
1.11712326e-07
-7.225332443e-08
9.661128787e-08
8.789754382e-08
8.275204861e-08
-5.117407342e-08
7.024395599e-08
6.443099803e-08
5.891406719e-08
-3.42086662e-08
3.134134276e-08
2.221748616e-08
2.541726523e-08
1.818258372e-08
1.089977566e-08
1.208320975e-08
-4.771869573e-09
8.030775355e-09
6.209630273e-09
6.442942736e-09
-4.607067059e-09
6.988457061e-09
8.752774294e-09
8.760058259e-09
-1.049475689e-08
1.073152967e-08
1.260005959e-08
1.218536357e-08
-1.391969065e-08
1.280462516e-08
1.332754756e-08
1.25578772e-08
-1.282522681e-08
1.156858626e-08
1.093598073e-08
1.003235105e-08
-9.272507789e-09
8.182493325e-09
7.071158135e-09
6.318501992e-09
-5.240200522e-09
5.221961429e-09
6.846231082e-09
5.944245782e-09
-7.547278765e-09
9.032502287e-09
2.04447202e-08
1.469507982e-08
-2.568503541e-08
2.47040366e-08
3.955817489e-08
4.101980637e-08
-5.00590032e-08
6.948809857e-08
6.196125578e-09
1.491565069e-07
-6.414531777e-08
2.901663683e-07
-1.15306852e-07
4.483386401e-07
-3.5079766e-08
5.165291244e-07
-1.661705466e-07
5.000947243e-07
1.703682948e-07
4.599160877e-07
-1.924919036e-07
4.164833467e-07
2.2688233e-07
3.778121796e-07
-2.06853161e-07
3.461474757e-07
2.344197057e-07
3.21150446e-07
-2.119481915e-07
3.015961269e-07
2.31173273e-07
2.861144311e-07
-2.094970188e-07
2.734204159e-07
2.245815776e-07
2.623462384e-07
-2.002089991e-07
2.518289336e-07
2.146030622e-07
2.410389209e-07
-1.891265152e-07
2.257382209e-07
2.013790388e-07
2.199785131e-07
-5.130736302e-07
4.006901825e-07
3.731596336e-07
3.051134281e-07
-1.948325059e-07
2.079786293e-07
1.836217108e-07
1.603897764e-07
-1.063985173e-07
1.360787222e-07
1.221649823e-07
1.188108218e-07
-7.871247848e-08
-3.259662989e-16
-4.366596105e-16
7.320085939e-16
2.446696239e-17
1.909868671e-09
5.756282974e-09
5.80668186e-09
-9.64650795e-09
9.947123032e-09
1.336861702e-08
1.290969696e-08
-1.629680383e-08
1.415511159e-08
1.465974847e-08
1.383616176e-08
-1.419589411e-08
1.244778483e-08
1.142841057e-08
1.051226611e-08
-9.174940722e-09
8.408162906e-09
7.170094963e-09
6.357905125e-09
-4.908657384e-09
4.452690424e-09
3.556903711e-09
3.237606347e-09
-2.356632811e-09
3.861461143e-09
9.388412423e-09
7.092666593e-09
-1.256379652e-08
1.304205247e-08
3.208214748e-08
2.094383624e-08
-3.973924707e-08
2.926187908e-08
5.721323182e-08
3.62393085e-08
-6.378749929e-08
4.092897597e-08
6.720102101e-08
4.25178061e-08
-6.807699482e-08
4.038550298e-08
5.259030796e-08
3.689126671e-08
-4.747397385e-08
4.275387948e-08
1.100340095e-08
7.540325034e-08
-2.902937279e-08
2.431810851e-07
-2.121063223e-07
3.631450538e-07
1.033472014e-07
4.311399533e-07
-2.633386691e-07
4.581151501e-07
2.36290726e-07
4.569026425e-07
-2.637739329e-07
4.390998519e-07
2.802153642e-07
4.134626451e-07
-2.509993884e-07
3.85581443e-07
2.794655693e-07
3.585477515e-07
-2.356080421e-07
3.335623014e-07
2.624225424e-07
3.106636648e-07
-2.179577914e-07
2.892864e-07
2.401142278e-07
2.693532323e-07
-2.533519822e-07
2.620659814e-07
2.260396361e-07
2.382073748e-07
-1.775296222e-07
2.140904779e-07
1.866632455e-07
1.935671217e-07
-1.381267551e-07
1.543394737e-07
-2.871478995e-15
-4.213030194e-16
-2.746218168e-15
7.574702921e-09
1.517476019e-08
1.456424266e-08
-2.214449017e-08
1.759250609e-08
1.807050045e-08
1.706463661e-08
-1.75056812e-08
1.449460831e-08
1.220973335e-08
1.123397475e-08
-8.856334249e-09
8.139545542e-09
6.399306039e-09
5.607106697e-09
-3.65384013e-09
3.706999613e-09
2.85538522e-09
2.33922447e-09
-1.32167278e-09
1.387856142e-09
1.920291194e-09
1.843691044e-09
-2.352710513e-09
5.107310667e-09
1.726726833e-08
1.168964976e-08
-2.371732834e-08
2.097424739e-08
4.854218347e-08
3.098044634e-08
-5.818967708e-08
3.925133982e-08
6.949304501e-08
4.393564427e-08
-7.364615253e-08
4.476455583e-08
6.651364007e-08
4.17279075e-08
-6.249128146e-08
3.524567979e-08
4.144602639e-08
2.802554335e-08
-3.520554322e-08
2.28038631e-08
2.391924271e-08
2.005701651e-08
-1.882162606e-08
1.975311487e-08
2.888617837e-09
3.49350295e-08
-1.12737896e-08
1.137847162e-07
-1.558771206e-07
2.020593724e-07
7.15989934e-08
2.827552638e-07
-2.530133768e-07
3.461092161e-07
1.894306379e-07
3.882801862e-07
-2.88597821e-07
4.100217155e-07
2.647022659e-07
4.145665849e-07
-2.853219908e-07
4.064025664e-07
2.906304688e-07
3.896759328e-07
-2.643691358e-07
3.676426193e-07
2.829235193e-07
3.425782133e-07
-2.376380319e-07
3.166449933e-07
2.582252937e-07
2.908714463e-07
-2.036994501e-07
2.66549205e-07
2.241334967e-07
2.439451275e-07
-1.718581462e-07
2.79414776e-08
2.854811362e-08
2.68798821e-08
1.953148258e-08
1.357755327e-08
1.257220831e-08
7.495076886e-09
4.882721601e-09
4.202054374e-09
-1.555213957e-09
2.230355241e-09
1.521037908e-09
1.13013415e-09
-3.473330537e-10
5.627820683e-10
4.32009259e-10
2.627837967e-10
-8.125590321e-11
1.80248927e-10
3.766173131e-09
2.863031143e-09
-6.415736071e-09
9.993824607e-09
3.214297472e-08
2.080547508e-08
-4.272263788e-08
3.307266527e-08
6.81865893e-08
4.315648745e-08
-7.778483791e-08
4.825349839e-08
7.550122169e-08
4.765027029e-08
-7.433595187e-08
4.267248561e-08
5.604228299e-08
3.503374591e-08
-4.757337155e-08
2.678863258e-08
2.897642203e-08
2.031351981e-08
-2.270045806e-08
1.667203904e-08
1.477163773e-08
1.530395927e-08
-1.127733513e-08
1.495239117e-08
1.03713362e-08
1.396579709e-08
-7.435921436e-09
1.576580447e-08
-1.980824033e-08
3.748364372e-08
-1.148942919e-10
8.021605202e-08
-1.1857861e-07
1.370703391e-07
6.303403785e-08
1.995880103e-07
-2.137177984e-07
2.594492359e-07
1.532853046e-07
3.102489633e-07
-2.711211177e-07
3.479997914e-07
2.306359957e-07
3.715426161e-07
-2.871228084e-07
3.819766784e-07
2.723345386e-07
3.803856642e-07
-2.76286505e-07
3.657085911e-07
3.453532231e-07
-2.448234698e-07
1.940872394e-12
1.564351984e-12
5.558894465e-12
1.597871641e-11
1.079853633e-11
3.625806698e-11
7.342054423e-11
3.522642991e-11
2.532661887e-11
3.580553022e-11
-4.643738575e-12
3.718559144e-11
1.079918446e-08
7.181003686e-09
-1.787706359e-08
2.040570467e-08
5.547007074e-08
3.538350754e-08
-7.007288558e-08
4.84998395e-08
8.593383796e-08
5.440096437e-08
-9.123493125e-08
5.198776458e-08
6.954506958e-08
4.375427025e-08
-6.081573258e-08
3.326044288e-08
3.773441069e-08
2.318692448e-08
-2.736027471e-08
1.54235563e-08
1.626781661e-08
1.090371995e-08
-1.000355448e-08
8.962841086e-09
7.706812362e-09
8.167017471e-09
-3.964436712e-09
7.47827185e-09
4.004910402e-09
6.409158241e-09
-8.995961723e-10
4.919022118e-09
1.157312775e-09
4.588368375e-09
-2.462195053e-11
1.144271054e-08
-2.919361511e-08
3.071254105e-08
1.225006902e-08
6.281303423e-08
-9.913753395e-08
1.057826997e-07
5.864542875e-08
1.554842942e-07
-1.800505575e-07
2.067982828e-07
1.302339607e-07
2.538298247e-07
-2.40052811e-07
1.581559424e-10
-2.335481592e-10
2.419075583e-10
2.253589604e-10
-5.979960097e-11
1.09372556e-10
8.888581353e-11
2.928305113e-08
1.865268281e-08
3.917383685e-08
8.568153922e-08
5.477164055e-08
-1.00715482e-07
6.408281731e-08
9.189734523e-08
5.847811658e-08
-8.565436103e-08
4.471046427e-08
4.839545486e-08
3.008171801e-08
-3.341639387e-08
1.833612429e-08
1.749219768e-08
1.026598321e-08
-9.285464992e-09
5.334676413e-09
4.939549572e-09
2.642251693e-09
-1.933050356e-09
1.263983012e-09
1.136135938e-09
5.378521631e-10
-2.33318223e-10
2.107939328e-10
8.783231934e-11
1.17040648e-10
-2.727982105e-12
9.926225452e-11
-8.110717426e-11
1.89002766e-10
5.844688278e-11
1.063474997e-09
-4.763806406e-09
4.893191813e-09
1.437337552e-08
-3.22730365e-08
3.188964933e-08
5.832949672e-08
-8.809488344e-08
6.498416492e-08
1.129646935e-07
7.335090779e-08
7.395977701e-08
6.952422427e-08
4.419372798e-08
2.28572552e-08
1.815986659e-08
1.079037047e-08
4.707264236e-09
3.646823968e-09
1.875595237e-09
6.62866546e-10
5.207356415e-10
2.030871783e-10
6.97677138e-11
2.933051108e-11
4.019467229e-11
3.198179296e-11
-1.365342479e-11
3.44683919e-11
3.902933933e-11
-3.885987279e-11
)
;

boundaryField
{
    dominio_ascii
    {
        type            calculated;
        value           nonuniform List<scalar> 
168
(
6.246860132e-09
1.490237671e-09
9.726954685e-10
2.144044497e-10
1.70090164e-10
9.306563327e-11
4.020813684e-11
8.410559033e-11
1.403023169e-10
3.776658999e-10
4.69382387e-11
1.418636803e-09
1.212241999e-09
7.521161696e-10
-5.777503227e-13
3.801849971e-11
8.15577324e-10
-1.35944709e-10
-4.194400398e-10
1.345293537e-09
1.428240143e-10
-6.03104193e-09
-3.818368561e-09
-3.886019193e-10
1.181181627e-10
-1.046453994e-08
9.270865389e-10
4.836431282e-09
8.399452951e-11
2.930669286e-08
4.485202354e-12
2.067393152e-07
3.286390143e-12
1.13677087e-13
-1.111093395e-07
4.40990614e-07
4.659401088e-10
2.324211351e-08
-1.189715009e-07
-1.06753405e-07
1.804371119e-11
8.688689079e-11
4.332092755e-11
3.797642051e-11
1.144805493e-10
2.120583649e-09
1.035582365e-08
1.225495151e-09
1.252538997e-09
5.234915366e-10
1.053080134e-10
1.158014912e-10
1.29917357e-10
1.091244303e-10
1.511714929e-10
1.190853047e-10
5.646587487e-11
4.614994562e-11
7.707274846e-11
1.776442099e-10
1.564873181e-10
4.541056565e-10
1.260128102e-10
6.926508411e-11
9.070684221e-10
1.182892795e-09
6.735816157e-11
7.90719631e-11
7.101467493e-10
1.373697239e-09
1.665507053e-11
4.733921204e-11
9.821104257e-10
-3.588565674e-10
9.427971602e-14
5.920680248e-10
-3.658953334e-06
2.603456305e-10
4.729357216e-10
3.721121635e-12
3.121307089e-10
5.302052508e-10
-8.492906438e-11
-7.35727303e-11
4.879942264e-10
-1.178276565e-10
1.20747576e-09
1.436076038e-09
-4.849165888e-09
1.701137064e-09
3.293563916e-09
-1.44577222e-09
-2.229282886e-09
2.399662885e-10
-9.314767194e-09
-1.103658628e-09
2.481663697e-10
-5.664846767e-09
2.347127954e-10
1.735287309e-10
-1.037940296e-09
4.63744533e-10
3.196744586e-10
8.735003736e-10
1.001443974e-09
7.227460708e-10
-2.115961653e-09
4.256635731e-10
9.001297888e-10
-2.450859499e-09
3.919691901e-10
3.751650598e-10
-6.59637316e-10
-1.361786639e-09
1.661938196e-09
-1.320029309e-09
-3.269154271e-10
6.106362922e-09
8.463113128e-11
2.893694674e-08
1.052774426e-08
9.054228585e-13
9.581316471e-13
7.554717285e-08
2.198206867e-11
1.472518563e-07
6.5259823e-08
-1.177989415e-07
2.247329224e-14
1.466621236e-07
9.308185792e-14
3.816371916e-07
3.051968654e-07
4.183889665e-11
5.552768352e-07
4.67073699e-07
2.317342374e-11
3.989673951e-12
3.144457111e-07
5.991805772e-07
6.158298922e-07
4.805908226e-12
5.355498188e-11
9.137917793e-11
1.088595803e-07
2.696643156e-07
5.185604927e-10
1.566320024e-09
4.012655746e-10
1.192657576e-11
3.916742641e-10
1.888478022e-09
9.854550615e-09
7.933439223e-08
-1.917240749e-07
-1.217683939e-07
2.301911416e-11
4.055844956e-12
-3.37361541e-13
-9.45103571e-14
-9.749164378e-15
9.047619098e-14
6.611415021e-13
3.260093306e-12
5.023850137e-12
1.09146918e-11
1.286747024e-11
2.698569671e-11
)
;
    }
    wallFilmFaces_top
    {
        type            calculated;
        value           uniform 0;
    }
    region0_to_wallFilmRegion_wallFilmFaces
    {
        type            calculated;
        value           uniform 0;
    }
}


// ************************************************************************* //
