/*--------------------------------*- C++ -*----------------------------------*\
| =========                 |                                                 |
| \\      /  F ield         | OpenFOAM: The Open Source CFD Toolbox           |
|  \\    /   O peration     | Version:  2.1.x                                 |
|   \\  /    A nd           | Web:      www.OpenFOAM.org                      |
|    \\/     M anipulation  |                                                 |
\*---------------------------------------------------------------------------*/
FoamFile
{
    version     2.0;
    format      ascii;
    class       volScalarField;
    location    "0.5";
    object      deltaf;
}
// * * * * * * * * * * * * * * * * * * * * * * * * * * * * * * * * * * * * * //

dimensions      [0 1 0 0 0 0 0];

internalField   nonuniform List<scalar> 
2828
(
1.400942654e-05
4.495292047e-05
3.144814712e-05
1.065426196e-05
4.977310843e-05
1.06290606e-05
8.380063764e-06
6.459232567e-06
2.315972801e-06
7.550983194e-06
2.211864659e-05
4.868454002e-05
1.588778367e-05
4.502170123e-05
7.38986042e-05
6.285012122e-05
3.625727098e-05
2.392776381e-05
1.539553309e-05
4.550421062e-06
2.451832523e-06
2.887013578e-06
1.967592834e-06
7.158870447e-06
1.075981493e-05
2.409448986e-05
1.393063104e-05
2.154285442e-05
3.146309949e-05
2.11566668e-05
1.422951199e-05
1.603779783e-05
2.07844182e-05
2.726308659e-05
1.859706064e-05
4.606031811e-06
9.753181752e-07
5.606075847e-07
6.653175926e-07
6.987162725e-06
2.707676799e-05
2.130003672e-05
8.068484323e-06
6.945336295e-06
1.531778926e-05
1.294007418e-05
5.865803514e-06
4.713570321e-06
6.821369138e-06
1.318422315e-05
1.676321153e-05
1.498606046e-05
3.175875458e-05
1.676906249e-05
4.895689107e-06
8.557103739e-07
1.666864268e-07
1.543326215e-07
3.397559519e-07
8.133109755e-06
2.588744406e-05
6.405139217e-05
8.068574192e-06
4.406563068e-06
1.955628697e-05
5.551298374e-06
2.0157546e-06
2.080329094e-06
3.729025877e-06
8.767752086e-06
1.803887796e-05
2.565962034e-05
2.271739558e-05
2.271673748e-05
1.40000678e-05
5.375808958e-06
1.558610845e-06
2.844636371e-07
4.829076693e-08
3.956905518e-08
1.34418611e-07
2.290838132e-06
1.418001851e-05
6.44785458e-05
6.345503045e-06
5.851263684e-06
2.24748484e-05
2.03420818e-06
6.773125551e-07
1.061889957e-06
2.325739842e-06
6.618183987e-06
1.621164871e-05
2.800572969e-05
3.845886129e-05
1.950401999e-05
1.032483635e-05
1.236435642e-05
8.565605299e-06
4.500007909e-06
1.883259063e-06
3.827332436e-07
3.396819631e-08
1.793517396e-08
1.987989791e-08
5.368106172e-07
8.292457852e-06
4.497148737e-05
4.196929028e-06
1.037471878e-05
1.752530324e-05
5.980870942e-07
3.61902419e-07
7.763502237e-07
1.728398487e-06
5.224554337e-06
1.045049977e-05
1.511458169e-05
2.841206799e-05
3.238183012e-05
4.759474813e-06
5.463624494e-06
7.271070267e-06
7.736888115e-06
6.891637862e-06
4.829241312e-06
1.204472634e-06
5.029762367e-08
1.683972761e-08
1.97446083e-08
4.774737159e-07
8.384332101e-06
2.183407968e-05
3.796089257e-06
1.084700254e-05
1.104568993e-05
2.83848599e-07
3.287058858e-07
7.843253238e-07
1.626352126e-06
3.985874604e-06
5.350804414e-06
6.331611089e-06
1.363831984e-05
2.882684241e-05
1.881095072e-05
4.074338606e-06
4.000069859e-06
4.255973746e-06
5.298871747e-06
7.992331607e-06
1.062321987e-05
5.095170421e-06
1.961201534e-07
1.959612637e-08
4.078516699e-08
9.224694412e-07
9.303535521e-06
1.013900752e-05
2.971740217e-06
9.61869659e-06
6.272667736e-06
2.644801521e-07
4.568783439e-07
1.000806015e-06
1.880698564e-06
3.120434285e-06
2.677330891e-06
2.853798444e-06
6.189304063e-06
1.63819645e-05
1.873617354e-05
1.74247132e-05
1.709216571e-06
3.040484686e-06
4.201138554e-06
4.081661066e-06
4.287700601e-06
6.906129322e-06
1.159514595e-05
7.523549975e-06
2.22500034e-06
7.361907696e-06
2.394263886e-07
8.075771419e-07
7.624864587e-06
4.964546983e-06
4.405614654e-06
1.943257753e-05
2.403360712e-06
3.88170466e-07
1.398410078e-06
2.600762195e-06
4.152109766e-06
2.806111361e-06
1.463136948e-06
1.305821231e-06
2.842317312e-06
7.885506749e-06
9.382860215e-06
1.145738118e-05
4.485804667e-07
1.34153457e-06
4.663229776e-06
6.421724736e-06
6.63981768e-06
6.834137786e-06
1.140662667e-05
4.189468716e-05
6.964375364e-05
3.965748236e-05
5.071167514e-06
4.38110287e-07
6.366105976e-06
2.892269125e-06
3.333230723e-05
2.919408187e-05
1.532340796e-06
3.136577017e-07
1.450460312e-06
4.603809036e-06
7.610828563e-06
2.018927073e-06
6.991549111e-07
5.577703513e-07
1.125978925e-06
3.294408133e-06
3.679454943e-06
4.657493289e-06
3.056296091e-06
2.056796323e-06
4.119199367e-06
9.109671994e-06
8.759786173e-06
6.231131529e-06
1.383127714e-05
3.208003578e-05
4.918639674e-05
6.451155144e-05
2.191361174e-06
1.107331405e-06
2.687431287e-06
5.773256869e-06
5.210644517e-05
2.594253474e-05
2.099803178e-06
5.34097742e-07
6.325490722e-07
2.712676949e-06
4.345287734e-06
6.404304511e-07
3.27690725e-07
2.596102848e-07
4.128858891e-07
1.175743085e-06
1.736003746e-06
2.247956193e-06
2.698512321e-06
2.970218655e-07
1.591390839e-07
2.053222513e-07
4.660317237e-07
1.432054806e-06
5.796539453e-06
2.131561017e-05
2.550889463e-05
1.480762245e-05
5.822921801e-06
9.91501829e-07
4.244349323e-07
1.816061306e-07
7.528781881e-06
3.05840454e-05
1.749280092e-05
2.121911365e-06
7.663684321e-07
2.552379077e-07
1.194399552e-06
1.284459565e-06
5.935431801e-07
3.42847392e-07
2.619805859e-07
2.042920057e-07
5.142485834e-07
1.369758199e-06
1.322352924e-06
1.084585974e-06
4.231612292e-09
6.180865581e-09
1.597467825e-08
5.120482351e-08
2.417870142e-07
1.311983898e-06
3.99936316e-06
9.726383768e-06
1.192285843e-05
8.270278689e-06
4.815767739e-06
9.429060403e-07
1.103254916e-08
7.237493774e-08
4.094517435e-06
8.708996112e-06
7.197183343e-06
2.071054806e-06
8.404216766e-07
1.752325859e-07
3.281768939e-07
2.298171217e-07
9.928321687e-08
6.837580717e-08
7.30076063e-08
6.165417671e-08
1.577670898e-07
5.71316302e-07
4.404515153e-07
2.095620147e-07
3.729435388e-09
9.51586516e-09
2.371106832e-08
5.268052021e-08
1.045911445e-07
4.539362388e-07
1.410202324e-06
2.68709567e-06
5.299788455e-06
9.336004195e-06
7.987109514e-06
1.354257369e-06
2.788775584e-09
2.130553157e-08
3.533074973e-06
4.728919185e-06
2.475723551e-06
2.737649461e-06
1.287145201e-06
4.232115356e-07
1.097000622e-07
3.448115247e-08
2.080026088e-08
2.039690795e-08
3.630926701e-08
5.485627751e-08
1.890455835e-07
1.092649659e-06
2.073064067e-06
1.824967175e-06
4.905665034e-08
5.307999728e-08
7.27180937e-08
1.337994098e-07
6.528409227e-07
5.31908265e-06
6.562482494e-06
8.017908924e-06
2.667102592e-05
4.205676148e-05
2.913712736e-05
4.715308879e-06
1.529125688e-07
5.323430543e-07
2.191824972e-05
3.32597314e-05
9.489118435e-07
4.669430188e-07
9.143807949e-07
1.715025477e-06
3.436642868e-06
8.459952678e-06
1.067918329e-05
3.653188664e-07
1.958593903e-08
8.374701091e-09
1.44795448e-07
4.24323631e-07
2.61134196e-07
3.01900449e-06
6.260545525e-07
1.234999903e-06
3.271647547e-06
2.19529405e-05
5.564221543e-05
5.934380565e-05
3.484548445e-05
1.662357841e-05
1.05487333e-05
1.194485174e-05
1.279723329e-05
1.046990697e-05
9.430858854e-06
1.78629443e-05
7.337462767e-06
3.24079316e-05
6.160701331e-06
3.115061436e-06
3.615951527e-06
5.8506019e-06
1.018342227e-05
1.554763332e-05
1.48333103e-05
7.194640684e-06
2.343564756e-06
5.717475115e-07
2.410204707e-07
1.084037179e-06
3.144236182e-06
5.06817969e-06
3.747250124e-05
4.681769403e-05
2.915574612e-05
1.340369669e-05
6.726841053e-06
2.095825724e-06
8.17788902e-07
7.976612386e-07
1.306754145e-06
3.028735973e-06
7.510101326e-06
2.796429447e-05
4.044307229e-05
1.200891904e-05
4.93705279e-06
7.196894497e-06
5.578663972e-06
5.941448595e-06
8.608879639e-06
1.462797196e-05
2.176567237e-05
2.088100864e-05
1.064444155e-05
3.275243325e-06
7.808641627e-07
1.483595714e-07
1.323076831e-07
5.525972642e-07
1.769363715e-06
4.211412335e-06
5.303836743e-05
2.90477414e-05
9.433721205e-06
3.47175788e-06
1.716355895e-06
1.1740533e-06
1.031835812e-06
1.0183414e-06
1.504749643e-06
2.07797664e-06
2.093409184e-05
5.366983164e-05
1.756965434e-06
2.192349568e-05
2.512355199e-05
1.678269393e-05
1.253477966e-05
1.43019014e-05
1.21964193e-05
6.084928967e-06
2.511664148e-06
1.168688351e-06
7.300682313e-07
6.181229687e-07
6.622782651e-07
8.612851137e-07
1.333729975e-06
2.263319028e-06
3.809346147e-06
3.947120786e-05
2.733469561e-05
1.330014904e-05
6.27712753e-06
3.185941724e-06
1.855952745e-06
1.299378408e-06
8.821811697e-07
5.265653049e-07
6.553052438e-07
5.112386099e-06
2.545413536e-05
2.287026869e-06
2.969002023e-05
3.336700608e-05
0.0001070864476
4.331847863e-06
2.867629393e-06
2.830559196e-06
3.316523614e-06
3.519352314e-06
3.385850467e-06
3.220807261e-06
3.181074687e-06
3.288778534e-06
3.535846537e-06
3.941888428e-06
4.612722129e-06
5.536195575e-06
3.289137287e-05
3.222874899e-05
2.593451463e-05
1.656317527e-05
8.700334105e-06
4.087280756e-06
1.811248785e-06
6.74322463e-07
2.632954628e-07
3.835472622e-07
1.00130428e-06
3.840051277e-06
3.390967305e-06
2.070528603e-05
2.607900736e-05
6.564560745e-05
4.662543243e-06
5.386518951e-06
7.499378144e-06
8.392472858e-06
7.806262934e-06
7.075309835e-06
6.721165041e-06
6.578201955e-06
6.593922717e-06
6.753669446e-06
7.064387853e-06
7.690650253e-06
2.429222944e-05
2.298454744e-05
1.922096833e-05
1.194987775e-05
5.727889112e-06
2.238867633e-06
5.773106341e-07
3.228676669e-07
4.04957588e-07
5.135720031e-07
1.337973995e-06
3.116802638e-06
7.92609034e-06
1.045753352e-06
6.385349812e-06
4.83529051e-06
9.20787191e-06
1.228905761e-05
1.236665164e-05
1.106740999e-05
1.123047111e-05
1.204894676e-05
1.120295863e-05
9.635133253e-06
9.056807761e-06
9.469959701e-06
1.110356008e-05
2.308918225e-05
1.548877816e-05
1.131428484e-05
7.572708353e-06
4.255126039e-06
1.841087501e-06
4.698805605e-07
2.971143261e-07
3.199836807e-07
2.599630706e-07
4.915957503e-07
1.45127526e-06
2.212633422e-06
1.2286629e-07
6.76454508e-07
3.483709799e-06
7.866657548e-06
1.066901437e-05
1.068365538e-05
1.066077909e-05
1.340466131e-05
1.789725318e-05
1.823209423e-05
1.332830541e-05
1.055948848e-05
1.096328055e-05
1.521077625e-05
8.479300634e-06
4.649506472e-06
2.688091196e-06
1.257113977e-06
3.72581407e-07
2.255878667e-07
2.256947981e-07
1.755838812e-07
4.160765947e-07
6.33609423e-07
6.749677658e-07
6.768161843e-08
5.211997534e-07
2.058664895e-06
4.387146698e-06
6.135941768e-06
7.048378487e-06
8.967257655e-06
1.449463008e-05
2.366892057e-05
2.580984684e-05
1.466902313e-05
8.874695669e-06
8.638577946e-06
1.181489716e-05
8.116419665e-06
4.457139927e-06
2.312652081e-06
1.015920322e-06
3.808236771e-07
2.504518893e-07
2.865665439e-07
4.226725745e-07
1.073374899e-06
1.113372846e-06
8.831606963e-07
1.580733959e-07
4.895529147e-07
1.595239485e-06
3.072266134e-06
4.464795004e-06
6.145169354e-06
9.749908143e-06
1.829686569e-05
3.074986738e-05
2.968422696e-05
1.155942515e-05
5.88275344e-06
1.047328503e-05
6.210138071e-06
3.368475744e-06
1.787673291e-06
1.088803944e-06
1.01736952e-06
1.326008538e-06
2.005278199e-06
2.737218464e-06
2.466329895e-06
1.981811615e-06
6.667552546e-07
7.395493374e-07
1.877219258e-06
3.590812082e-06
5.824711569e-06
9.188621303e-06
1.536216599e-05
2.68693709e-05
2.280498969e-05
9.368176739e-06
4.17471259e-06
1.081843391e-05
7.036626719e-06
5.11753459e-06
4.440057744e-06
4.817143482e-06
6.065102881e-06
7.54524216e-06
7.194799035e-06
5.835755889e-06
4.498355737e-06
1.430934375e-06
1.403143019e-06
2.94997201e-06
5.548414654e-06
9.222798192e-06
1.388229302e-05
2.15778704e-05
4.071651148e-05
5.848465284e-06
2.275688467e-06
1.524783198e-05
1.314048151e-05
1.372055824e-05
1.623770801e-05
1.914357027e-05
1.696832539e-05
1.249152351e-05
8.35121794e-06
2.123305552e-06
1.83690054e-06
3.073470568e-06
5.210144556e-06
4.019514499e-06
5.754246596e-06
1.978140689e-05
4.516990816e-05
2.908152108e-06
2.564992684e-05
2.531306282e-05
2.353574672e-05
2.450792062e-05
2.158954609e-05
1.440494541e-05
1.14163158e-05
2.624363404e-06
1.777576543e-06
2.120167973e-06
3.144302336e-06
1.766492499e-06
2.27595974e-06
1.597564631e-05
9.148984511e-06
8.490961311e-06
5.868702484e-06
1.126841955e-05
2.898303057e-06
1.653694064e-06
1.449216083e-06
1.893622143e-06
1.418593886e-06
8.348306523e-06
5.177756448e-06
8.758481735e-07
2.325992526e-06
5.043411514e-06
6.253797611e-06
1.002805979e-05
1.893340929e-05
2.689811644e-05
3.510353848e-05
5.412602614e-05
5.255255871e-05
4.926557112e-05
2.216677418e-05
1.331656967e-05
1.304274119e-05
2.663141939e-05
1.976360518e-05
5.45508202e-05
7.431565537e-05
7.859369906e-05
7.487990204e-05
6.735371248e-05
1.732022944e-05
1.308550913e-05
9.027375214e-06
5.830903262e-06
8.852839549e-06
4.989755814e-06
4.894769249e-06
8.331226863e-06
4.05759448e-05
3.129425168e-05
4.457565163e-05
2.603959412e-05
2.566194124e-05
3.149159098e-05
2.370705065e-05
2.321264619e-05
2.432303499e-05
2.436774068e-05
1.693959732e-05
2.13659026e-05
1.692532418e-05
1.856983188e-05
1.991514916e-05
1.663115704e-05
3.238046905e-05
3.194432328e-05
2.833343164e-05
2.688110829e-05
1.860169933e-05
2.569744061e-05
1.788994067e-05
1.922298487e-05
1.555158285e-05
1.854312498e-05
1.832239679e-05
2.82136841e-05
2.821996964e-05
3.250174919e-05
3.065895579e-05
2.336616508e-05
1.419730732e-05
1.642299078e-05
2.13926393e-05
2.587583705e-05
1.503475962e-05
6.33096216e-06
7.396067536e-06
8.86363445e-06
1.208537188e-05
3.236605168e-05
2.153438471e-05
1.802651914e-05
1.386378741e-05
4.33707698e-06
4.244777676e-06
4.943649627e-06
2.171694719e-05
1.765338894e-05
1.516522366e-05
3.259035919e-06
3.91798593e-06
1.599862038e-05
9.428691847e-07
1.258575556e-06
2.150827602e-06
7.175372253e-06
9.29552128e-06
1.227385404e-05
5.6907576e-07
5.303484865e-07
8.18751109e-07
6.723445057e-07
3.104491493e-06
3.772599989e-06
6.310224686e-06
3.886441557e-06
4.52460096e-06
3.885513057e-06
1.785186806e-06
8.198560058e-08
8.682522308e-08
5.638091848e-07
4.522571197e-07
4.122393486e-07
3.010023666e-09
4.680220251e-09
4.695608329e-09
5.383091268e-07
6.077511622e-07
2.067077885e-07
7.112052503e-09
8.212739398e-09
5.872569788e-09
3.610241596e-06
7.097123247e-06
2.608355827e-06
1.219204892e-07
1.481742106e-07
4.913780974e-08
2.684454697e-06
1.560987475e-06
4.450940247e-06
2.341988397e-06
3.044410428e-06
8.629979765e-07
4.565384727e-06
5.459260272e-06
6.139509472e-06
5.783297394e-05
4.553147817e-05
3.628993401e-06
4.822347454e-06
4.466563336e-05
5.035539222e-05
4.416067983e-06
4.037733835e-05
3.558063016e-05
3.541204391e-05
3.51958127e-05
6.142526009e-06
7.0952652e-06
5.3900529e-06
2.935411981e-05
2.858023405e-05
3.334733487e-05
9.515234482e-06
9.739015295e-06
8.381991207e-06
2.473934361e-05
2.565751504e-05
1.187128033e-05
2.253245425e-05
1.987399803e-05
1.900188135e-05
1.031452121e-05
1.096031772e-05
1.179672593e-05
1.815658e-05
1.333546177e-05
1.089441171e-05
1.1567272e-05
6.975955315e-06
6.564725857e-06
8.252290881e-06
1.056573637e-05
1.031798752e-05
5.942569862e-06
5.694312879e-06
1.050262924e-05
8.853529771e-06
2.532379962e-06
4.389048412e-06
1.218144676e-05
9.190041363e-06
1.198802811e-05
1.122386115e-05
5.957440521e-06
2.799021887e-06
1.891646885e-06
3.473207594e-06
1.647352145e-06
1.860969781e-06
1.589886138e-05
2.00998114e-05
2.095911335e-05
1.343498676e-05
4.572537705e-05
1.644304978e-05
1.129682233e-05
2.522715086e-05
2.590195236e-05
2.342651232e-05
2.37791657e-05
2.132086786e-05
1.900086452e-05
2.402709682e-05
1.547209631e-06
1.642128693e-06
1.940692329e-06
2.003396049e-06
3.712279463e-06
4.576576631e-06
2.76794264e-05
1.436038515e-05
7.796663909e-06
5.783109823e-06
7.274103355e-06
4.195885527e-06
4.35429736e-06
6.771810497e-06
9.418133714e-06
4.730812075e-06
5.229645291e-06
2.964421257e-06
1.938964946e-06
1.936176912e-06
1.55257355e-06
1.382839439e-06
1.500176331e-06
1.36699128e-06
1.593027228e-06
1.636754689e-06
5.261507174e-06
3.413626177e-06
1.915454555e-06
2.33243244e-06
3.944273343e-06
4.408590255e-06
6.399748566e-06
9.404831559e-06
1.255925889e-05
1.426630509e-05
2.479701937e-05
3.888925669e-05
3.670599192e-05
3.018345346e-05
3.075735807e-05
1.666599252e-05
2.613271052e-05
2.985260651e-05
3.143564869e-05
4.329373308e-05
6.338669289e-05
5.131349065e-05
4.947308893e-05
7.213146033e-05
9.085479483e-06
4.354874017e-06
8.212567137e-06
2.215482792e-06
1.385691217e-06
2.975438241e-06
1.145888622e-06
1.181115749e-06
2.463969656e-06
1.280246337e-06
6.459228957e-07
2.247238739e-06
1.844887223e-06
7.246027367e-06
4.253481317e-06
1.230020535e-05
1.447942858e-05
9.304190577e-06
1.134652683e-05
1.108553777e-05
1.586931729e-05
1.459578275e-05
1.391241915e-05
2.255463594e-05
9.732100688e-06
1.247409522e-05
1.866478784e-05
1.650513621e-05
2.274310234e-05
2.932894895e-05
1.953623476e-05
1.463733252e-05
2.754128592e-05
1.068591095e-05
8.50056058e-06
1.646921725e-05
7.783775992e-06
8.293803837e-06
1.42405723e-05
1.008078684e-05
1.327666257e-05
1.961297314e-05
1.034294245e-05
4.841869514e-06
9.918867969e-06
2.046412855e-06
8.354751714e-07
2.029846824e-06
3.97268955e-07
2.833095391e-07
6.205876668e-07
2.961525619e-07
3.805739254e-07
6.224537313e-07
5.326425013e-07
1.140535588e-06
2.935707933e-07
2.411430869e-05
2.681989141e-05
2.216076158e-05
3.285045384e-05
5.010991051e-05
3.142026496e-05
4.863769728e-05
1.789984888e-05
9.815858294e-06
8.626081615e-06
7.399112174e-06
8.544510859e-06
5.355420587e-06
7.9099381e-06
9.134214385e-06
1.675133749e-05
1.906968467e-05
2.03372679e-05
8.695499621e-06
4.908526119e-06
8.28808797e-06
3.443279444e-06
2.978715772e-06
4.843447083e-06
3.082670414e-06
3.681125334e-06
5.324270192e-06
4.936772081e-06
7.163292764e-06
9.481429659e-06
1.057628799e-05
1.466138845e-05
1.667273021e-05
2.221397365e-05
1.504424215e-05
2.504502374e-05
9.02304728e-06
4.907727756e-06
9.776214389e-06
2.412350694e-06
1.054267625e-06
2.157548263e-06
4.080763266e-07
1.568274451e-07
3.315555997e-07
8.090496409e-08
6.703339401e-08
1.346663824e-07
7.853103927e-08
1.204558214e-07
2.180951524e-07
2.366402429e-07
7.122688747e-07
6.171537968e-07
4.473945565e-06
8.95033583e-06
1.406971503e-05
1.981976088e-05
5.048447048e-05
5.319346399e-05
6.844426715e-05
2.755730407e-05
2.402141787e-05
7.430643133e-06
4.66311522e-06
5.989778768e-06
4.458511046e-06
9.304067289e-06
8.058910152e-06
2.200117035e-05
1.350676514e-05
1.697248216e-05
3.432791623e-06
1.480975555e-06
2.811364579e-06
1.150146e-06
1.188728272e-06
1.868545694e-06
1.442329515e-06
1.95012684e-06
2.642376248e-06
2.899669726e-06
4.606081929e-06
5.649269215e-06
7.521227303e-06
1.199013734e-05
1.314231387e-05
1.768453824e-05
2.377720008e-05
2.243537153e-05
2.964104948e-05
3.378208642e-05
2.505971027e-05
1.625458773e-05
1.363369718e-05
1.923177677e-05
9.980563381e-06
6.697729874e-06
9.022562768e-06
4.287167793e-06
2.621684524e-06
3.014859294e-06
1.477919789e-06
7.247333827e-07
7.144826878e-07
2.911838929e-07
9.65927955e-08
1.049500779e-07
3.646450097e-08
2.417653572e-08
3.659539589e-08
2.275521671e-08
2.630900412e-08
5.848202202e-08
4.484285988e-08
3.101753576e-07
6.948506533e-07
1.109952093e-06
3.028285948e-06
5.231243949e-06
1.029918184e-05
3.932771119e-05
4.493692059e-05
5.592918236e-05
2.145525772e-05
2.63154117e-05
4.98991027e-06
3.533349011e-06
3.676777037e-06
8.252839783e-06
1.417868824e-05
1.15045949e-05
2.069342237e-05
6.616026955e-06
9.752236718e-06
1.113766834e-06
3.830189946e-07
7.329639621e-07
4.551777961e-07
6.181730948e-07
8.063785792e-07
8.624119985e-07
1.246449163e-06
1.504516605e-06
1.948547251e-06
3.318080008e-06
3.859708861e-06
5.889432564e-06
9.631427524e-06
1.090997915e-05
1.357715775e-05
1.734211305e-05
2.183225929e-05
2.196338512e-05
2.864004432e-05
3.466368472e-05
3.609722131e-05
3.79831345e-05
3.081005037e-05
9.63984455e-06
9.291582139e-06
1.088819674e-05
8.162809066e-06
6.805263019e-06
6.32100778e-06
5.493959977e-06
4.213944912e-06
3.057262836e-06
2.877723529e-06
1.574670897e-06
9.70405957e-07
6.149016843e-07
1.625932463e-07
1.129308288e-07
3.757446362e-08
1.879459971e-08
1.995869211e-08
1.687689762e-08
1.725967528e-08
1.815413495e-08
1.842689152e-08
5.126718597e-08
8.071266291e-08
4.101294301e-07
1.628257176e-06
1.93673982e-06
7.840875193e-06
3.062201337e-05
3.466915722e-05
3.28178074e-05
1.198431785e-05
1.561823796e-05
3.900848744e-06
6.267377108e-06
4.642762646e-06
1.123649229e-05
1.660015033e-05
1.624705929e-05
1.40836857e-05
2.93195981e-06
4.365025135e-06
3.673779016e-07
1.890190254e-07
2.426498059e-07
3.279951516e-07
5.140512423e-07
5.376646866e-07
7.571424989e-07
1.092753818e-06
1.123928232e-06
1.63052593e-06
2.656583968e-06
2.92838203e-06
4.582059707e-06
6.522158328e-06
8.111416249e-06
7.587710466e-06
8.30054398e-06
1.234734505e-05
9.788208976e-06
1.332930874e-05
2.031279399e-05
2.017655413e-05
2.910329241e-05
3.547277707e-05
4.383988836e-06
4.76450347e-06
6.361080276e-06
5.348148444e-06
6.032845766e-06
7.76203318e-06
6.697193654e-06
7.328717925e-06
7.395402294e-06
7.966068649e-06
8.37981454e-06
6.130718646e-06
7.816561046e-06
5.637789006e-06
2.958919941e-06
2.652858785e-06
6.592169016e-07
2.921264909e-07
8.620559826e-08
2.129244142e-08
1.920908701e-08
1.763875715e-08
1.858264673e-08
1.738654877e-08
2.427247464e-08
1.034622727e-07
6.369121478e-08
6.626896872e-07
1.968063962e-06
1.738042124e-06
9.159628508e-06
2.013334752e-05
2.605928738e-05
1.451701275e-05
9.615426185e-06
1.053840913e-05
3.437739528e-06
5.215212065e-06
6.485824703e-06
9.874456215e-06
1.23249624e-05
1.503891556e-05
8.509037889e-06
1.60295726e-06
2.095872847e-06
2.600187219e-07
1.774709526e-07
1.717306235e-07
3.633954146e-07
5.881919833e-07
5.298118659e-07
8.575978433e-07
1.209217417e-06
1.124463218e-06
1.701214941e-06
2.391760852e-06
2.480732897e-06
3.48931719e-06
3.904946538e-06
5.07813468e-06
3.755386902e-06
3.714224421e-06
5.5146267e-06
4.204739025e-06
5.696610633e-06
8.621237978e-06
9.132866867e-06
1.542519058e-05
2.18170705e-05
2.260875919e-05
2.497752825e-05
2.736428457e-05
3.631184803e-06
3.935608811e-06
3.99229766e-06
4.014475198e-06
3.972792475e-06
4.071687258e-06
3.934433657e-06
4.030771674e-06
4.632423835e-06
4.430558689e-06
5.405367333e-06
6.379285241e-06
7.323281895e-06
1.002047262e-05
9.854591266e-06
1.175473912e-05
1.065714333e-05
8.85269235e-06
7.043209594e-06
2.942976656e-06
1.606517522e-06
5.155975908e-07
3.457587405e-08
2.580008167e-08
3.224731125e-08
5.793367947e-08
2.253519531e-08
1.273583241e-07
5.807067107e-07
2.182061211e-07
1.039092986e-06
2.012149593e-06
2.06613527e-06
8.328085483e-06
9.334320547e-06
1.39231121e-05
7.189872574e-06
8.147200194e-06
8.850762551e-06
2.888460693e-06
5.772180328e-06
4.293224602e-06
1.225743293e-05
6.963883252e-06
9.458928519e-06
4.197750563e-06
1.007595013e-06
1.264915743e-06
2.975301165e-07
3.246911361e-07
2.134635238e-07
7.088875424e-07
1.042289892e-06
7.180832736e-07
1.334814065e-06
1.729976323e-06
1.366218745e-06
2.359715739e-06
2.707518533e-06
2.412222522e-06
2.874499742e-06
2.386794436e-06
3.02218681e-06
1.962101688e-06
1.792630332e-06
2.55639602e-06
1.944056397e-06
2.600829673e-06
3.848640383e-06
4.226189208e-06
7.385190086e-06
1.066949118e-05
1.145518782e-05
1.394315995e-05
1.955385584e-05
1.388348842e-05
1.402275949e-05
1.735519926e-05
2.167911617e-06
3.556234966e-06
3.854849912e-06
4.440221028e-06
4.705437312e-06
4.195773975e-06
4.735632529e-06
4.695399312e-06
4.042505182e-06
4.810668701e-06
5.376422021e-06
5.117344836e-06
6.66497652e-06
8.756269275e-06
9.536064652e-06
1.180791507e-05
1.733400335e-05
1.124300009e-05
2.66241434e-05
3.373517277e-05
3.523470562e-06
3.503899145e-05
3.216606014e-05
4.736412868e-06
2.410031071e-05
1.176409e-05
4.380360155e-06
3.064568297e-06
7.003614098e-07
6.405179492e-07
5.641419204e-07
8.038317064e-07
1.516659106e-06
6.916612176e-06
4.591020546e-06
6.573479555e-06
3.463133021e-06
7.998534103e-06
7.684055036e-06
1.310328518e-05
3.247042888e-05
1.434391094e-05
2.661629194e-05
2.52071714e-06
4.605244724e-06
1.649725164e-06
7.332278052e-07
8.700461328e-07
3.479323324e-07
7.677467427e-07
6.235159596e-07
1.943886772e-06
3.64107799e-06
2.108172125e-06
5.465391641e-06
6.878777946e-06
3.154931208e-06
8.258781605e-06
6.713692658e-06
4.004336677e-06
2.947114892e-06
1.565367015e-06
1.939732122e-06
1.061264117e-06
8.671203998e-07
1.261149271e-06
8.574717786e-07
1.08724556e-06
1.713691911e-06
1.835452941e-06
3.463855375e-06
5.108572106e-06
5.27179764e-06
6.080826283e-06
9.435623211e-06
6.014238511e-06
6.200826213e-06
9.640814949e-06
1.416991495e-06
2.666231475e-06
2.982300476e-06
4.714503907e-06
7.188055624e-06
5.681298768e-06
9.521015821e-06
1.042905427e-05
6.6980935e-06
9.816398019e-06
8.40729177e-06
6.596379379e-06
7.021796263e-06
6.747174427e-06
7.841214348e-06
9.844758427e-06
1.996682485e-05
2.154900181e-05
4.042632409e-05
7.482040755e-05
6.357922136e-05
0.0001059298677
9.634904283e-05
5.91406076e-05
5.983538382e-05
2.40454269e-05
1.808290756e-05
4.419221338e-06
1.101573621e-06
8.181706638e-07
6.012655405e-07
2.926033196e-08
3.554764763e-09
4.461300456e-06
2.037722289e-06
3.129391484e-06
3.603874538e-06
2.161002488e-05
1.168481716e-05
5.001877593e-05
5.325115368e-05
4.816086748e-05
2.837818718e-05
1.529870377e-06
1.482869248e-06
1.833608619e-06
1.055431028e-06
8.190261023e-07
3.974113909e-07
2.963795396e-07
4.757980943e-07
9.826286137e-07
2.248127862e-06
2.96277919e-06
3.658395508e-06
4.743766235e-06
5.929298289e-06
6.299601956e-06
3.006785662e-06
5.192776109e-06
1.090287297e-06
6.154475759e-07
1.028522373e-06
4.526390719e-07
3.843222936e-07
5.738855677e-07
3.732486961e-07
4.301782644e-07
6.754145922e-07
6.69725781e-07
1.405133496e-06
2.256070785e-06
1.893151253e-06
2.028340549e-06
3.618599256e-06
2.312668521e-06
2.759173907e-06
4.020339099e-06
2.348784739e-06
1.141484449e-06
2.538803709e-06
6.813977532e-07
6.316192674e-07
2.377044011e-06
8.10026324e-07
1.132237818e-06
6.767514079e-06
1.596968834e-06
2.160971559e-06
9.681838916e-06
2.794344496e-06
3.567670945e-06
7.25688065e-06
5.222923723e-06
1.02959604e-05
7.523040693e-06
2.005454127e-05
2.823519286e-05
2.394083435e-05
2.955313744e-05
2.544404082e-05
3.773799403e-05
1.969444015e-05
1.533887587e-05
7.055128012e-05
1.509002128e-05
1.185493719e-05
2.900680152e-05
1.632352399e-06
1.371513449e-06
1.392918172e-06
2.508371925e-06
7.07532077e-06
8.588435054e-07
6.346546743e-07
9.467983157e-07
1.317140699e-06
7.695802586e-06
2.984402938e-05
3.045720048e-05
4.353548596e-05
4.188253026e-05
5.003629399e-05
2.225384749e-05
2.523437177e-06
2.130924571e-06
2.168108127e-06
1.438795961e-06
1.286177825e-06
6.673282062e-07
2.271555909e-07
2.27418866e-07
3.97998895e-07
1.077419654e-06
1.605766201e-06
1.882222076e-06
2.352926822e-06
3.486594538e-06
2.268170345e-06
1.144437429e-06
1.548894549e-06
6.542088385e-07
4.916086991e-07
4.275673154e-07
3.567446246e-07
2.693543054e-07
2.735400363e-07
2.344238014e-07
2.266086022e-07
2.893916753e-07
2.623193033e-07
4.44123263e-07
8.33960613e-07
8.254145318e-07
1.13637143e-06
1.343890027e-06
1.562907972e-06
2.018082219e-06
2.207772518e-06
1.737562853e-06
1.555148975e-06
2.312426419e-06
3.712782422e-08
3.082583052e-08
1.955230118e-07
3.153809384e-08
4.045626535e-08
1.63254669e-07
6.617183608e-08
1.345202732e-07
2.941600907e-07
3.113776375e-07
7.23343514e-07
7.956085386e-07
1.542079774e-06
3.045987341e-06
2.742824497e-06
5.877030539e-06
1.073835495e-05
1.244457129e-05
1.646539878e-05
1.968342904e-05
2.648119315e-05
1.865472079e-05
1.499974184e-05
2.060474632e-05
1.098657267e-05
7.545724201e-06
9.705643072e-06
4.744452894e-06
2.480816068e-06
3.011520233e-06
8.176335532e-07
7.180635052e-08
3.628309522e-07
6.481688267e-08
4.422506202e-08
2.41709197e-07
1.015926181e-07
6.434200666e-07
7.932125856e-07
5.799371945e-06
1.302786805e-05
2.209217244e-05
1.789745764e-05
1.94837992e-05
3.093963472e-05
1.222819034e-05
2.462783758e-06
2.503272576e-06
2.066134968e-06
1.512137543e-06
1.509732353e-06
8.203215235e-07
3.131365446e-07
2.620579486e-07
1.841486384e-07
3.624331042e-07
6.595304542e-07
6.749216509e-07
7.9234491e-07
1.454494561e-06
6.01494024e-07
3.910992659e-07
9.05965423e-07
2.655598463e-07
1.979067209e-07
4.326188226e-07
1.612446143e-07
1.423383381e-07
2.896629541e-07
1.374418411e-07
1.14653936e-07
2.203959233e-07
1.053551303e-07
1.423396247e-07
2.703389285e-07
2.718580645e-07
5.409556946e-07
8.9578872e-07
9.397154495e-07
1.461905608e-06
1.833637199e-06
8.612090091e-07
5.293997085e-07
1.006294258e-06
7.547667194e-09
1.227679208e-08
9.506800958e-09
1.993258481e-08
3.163731871e-08
2.798553565e-08
4.849668871e-08
7.310597349e-08
1.031653361e-07
1.178309092e-07
2.465846132e-07
6.075322641e-07
6.564632765e-07
1.214160548e-06
2.367591566e-06
1.847094586e-06
2.815979831e-06
6.531598749e-06
4.337979821e-06
6.092102035e-06
1.201069016e-05
7.113319664e-06
7.454158812e-06
1.019348613e-05
7.610740415e-06
7.437471966e-06
6.564049117e-06
6.222552226e-06
3.763945526e-06
2.820109714e-06
1.189956706e-06
5.698218039e-09
1.626557434e-08
5.550353894e-09
1.218913932e-08
2.028243056e-08
3.642956014e-08
1.33339782e-07
4.009718449e-07
3.313234143e-06
5.011148503e-06
6.76398274e-06
4.383286824e-06
4.128479087e-06
9.951169522e-06
3.821167783e-06
2.961776615e-06
2.74310537e-06
2.231565438e-06
1.388505568e-06
1.457260042e-06
9.067482992e-07
5.257993204e-07
3.835581666e-07
2.441278776e-07
1.338258525e-07
1.882155115e-07
1.482795458e-07
1.353729941e-07
3.599509878e-07
7.555751934e-08
4.807349279e-08
1.416556388e-07
3.688084661e-08
3.191869557e-08
7.848334141e-08
3.052316408e-08
3.243653103e-08
6.516897687e-08
5.209256158e-08
5.107997668e-08
6.708313339e-08
3.911039878e-08
6.161550279e-08
8.545923428e-08
1.197271602e-07
2.304279741e-07
3.058314479e-07
4.713295946e-07
8.802397453e-07
1.355657953e-06
7.471124025e-07
5.371795488e-07
2.233589652e-07
1.129589763e-08
1.899165184e-08
1.513770979e-08
3.044590854e-08
4.100921509e-08
3.583789266e-08
5.412734482e-08
8.283029065e-08
7.575107745e-08
1.301429854e-07
2.100448834e-07
1.684143545e-07
3.890050853e-07
6.918666304e-07
1.082464596e-06
1.002365679e-06
1.860834448e-06
1.989154514e-06
6.017909563e-06
1.892489602e-05
3.550067851e-06
3.459691002e-05
4.420715421e-05
7.70491524e-06
4.771214425e-05
4.38152674e-05
9.691625338e-06
3.272303541e-05
1.810038161e-05
4.567229902e-06
5.686613537e-06
1.425834093e-09
1.774712528e-09
2.404612671e-09
5.979595239e-09
5.733868822e-09
2.641887765e-08
2.467876993e-07
1.126214721e-07
4.146028613e-06
1.916366563e-05
8.171286082e-06
1.036878494e-05
3.834456621e-06
2.793728643e-06
1.956354084e-06
1.56680869e-06
2.794838414e-06
1.822178985e-06
2.107708486e-06
1.833333159e-06
1.69988387e-06
1.049180027e-06
8.291065536e-07
5.54709255e-07
2.664975975e-07
1.935668754e-07
1.295411367e-07
7.525351338e-08
6.621324425e-08
5.377717129e-08
4.615184238e-08
2.448081582e-08
3.807617632e-08
3.023556301e-08
1.928858817e-08
3.437864374e-08
3.276426936e-08
2.357417738e-08
4.679180987e-08
3.367670358e-08
4.749275184e-08
2.157396895e-08
2.500181705e-08
1.017618092e-07
4.994594152e-08
1.535664658e-07
4.213429101e-07
2.89000825e-07
4.859380992e-07
2.452253242e-06
5.020379492e-07
1.426493076e-06
1.571623058e-06
1.889529835e-07
2.491410238e-07
6.16327568e-08
3.419605542e-07
5.354904875e-07
8.828091982e-08
1.374776273e-06
6.162395465e-06
2.851664342e-07
1.60093615e-05
2.388114345e-05
1.818688802e-06
2.801737904e-05
2.837236103e-05
8.011362865e-06
2.449279792e-05
1.905832127e-05
5.778378316e-06
1.494801387e-05
1.398312852e-05
1.513807121e-05
1.686823626e-05
2.191740094e-05
3.718029581e-05
2.545166302e-05
2.421762478e-05
3.921280866e-05
1.762518894e-05
9.262446195e-06
1.572453557e-05
3.963331142e-06
2.380256479e-06
6.99017831e-08
2.113640049e-06
1.277861127e-06
3.331534178e-07
2.723142179e-07
1.925680371e-07
1.487923369e-06
1.508794173e-05
7.574107858e-05
0.0001544436649
6.035818111e-05
1.536346358e-05
3.07197121e-06
4.565783432e-06
2.297518023e-06
5.251966935e-07
1.749682902e-06
1.768856052e-06
6.407919331e-07
2.114364207e-06
2.729397411e-06
1.252394269e-06
3.634579197e-06
4.900851397e-06
2.38859491e-06
6.653120515e-06
9.027135842e-06
5.255786696e-06
1.178535428e-05
1.35044298e-05
1.225701273e-05
1.223101329e-05
8.700759822e-06
3.280241509e-06
5.299808121e-06
3.052920804e-06
6.14992209e-08
1.73644107e-06
1.020308383e-06
9.820055628e-09
4.931796101e-07
2.007568462e-07
1.712791556e-08
2.578476579e-07
5.921325095e-07
4.195530161e-07
1.286817712e-06
2.774067926e-06
3.303582883e-07
4.520261966e-06
4.256008155e-06
1.165047748e-06
4.4099205e-06
6.786851984e-06
1.846296338e-06
1.016901355e-05
1.359806366e-05
8.208862976e-06
1.674980492e-05
1.906279818e-05
4.064218758e-05
1.82816831e-05
1.408053735e-05
6.290145221e-05
9.362003533e-06
5.949541742e-06
4.801496759e-05
3.595284422e-06
2.46540422e-06
2.392816141e-05
2.196439895e-06
2.450051349e-06
1.24023659e-05
3.148186834e-06
4.41960037e-06
1.047602109e-05
5.466104559e-06
6.928431382e-06
1.306328648e-05
1.03552881e-05
1.578193853e-05
1.154060663e-05
2.122321556e-05
2.484022396e-05
1.026970572e-05
2.372270254e-05
1.678757194e-05
6.623508791e-06
2.376299446e-05
7.835391568e-07
2.728628855e-06
2.278767157e-06
7.993332348e-06
3.208168583e-05
9.977774856e-06
7.707830649e-06
1.385132097e-05
5.644513411e-06
4.60064246e-06
3.793532924e-06
4.338367719e-06
4.658674829e-06
3.138631173e-06
5.505310358e-06
6.932387268e-06
4.504858195e-06
9.051437813e-06
1.18979555e-05
7.73198083e-06
1.521743964e-05
1.826973816e-05
1.302156073e-05
1.986372975e-05
1.887845405e-05
1.648080179e-05
1.521774493e-05
1.033809031e-05
1.114832881e-05
6.164671383e-06
3.408869561e-06
4.232449142e-06
1.761262709e-06
8.339757888e-07
1.228922425e-06
3.598143725e-07
1.701077663e-07
2.580096457e-07
1.656211712e-07
3.301938535e-07
4.944484751e-07
7.22303303e-07
1.397261423e-06
2.072177244e-06
2.287395879e-06
3.300692395e-06
3.918765849e-06
6.330407179e-05
5.139334366e-05
3.927239633e-05
3.429190333e-05
1.994885155e-05
1.983259877e-05
1.102250901e-05
6.379709697e-06
9.547822171e-06
3.977332516e-06
2.527116838e-06
4.128350233e-06
1.616753077e-06
1.157833891e-06
1.106205604e-06
9.851317498e-07
9.29961512e-07
7.612707627e-07
9.279727477e-07
9.795768362e-07
9.471748916e-07
1.122284555e-06
1.465519991e-06
2.06050408e-06
2.10161592e-06
2.364322128e-06
3.937515495e-06
4.444802743e-06
1.208706368e-05
1.607583082e-05
2.69799754e-05
4.506771777e-05
3.880212193e-05
5.226320228e-05
3.598151609e-05
2.80720452e-05
2.963838311e-06
3.311194517e-06
2.52355872e-06
1.280937822e-05
1.668551419e-05
7.381591298e-06
1.442903362e-05
1.07079025e-05
6.157485251e-06
8.812999456e-06
8.501302333e-06
5.507659521e-06
9.303909221e-06
1.104390409e-05
6.932770631e-06
1.367566688e-05
1.691717163e-05
1.115877673e-05
1.983617866e-05
2.099690782e-05
1.854702941e-05
1.944728528e-05
1.55501633e-05
2.284861205e-05
1.071949693e-05
6.486828193e-06
1.622236957e-05
3.60545657e-06
1.926203372e-06
6.121654907e-06
1.006641997e-06
5.202720951e-07
1.660591547e-06
2.820001109e-07
1.844131585e-07
3.389609559e-07
1.654196187e-07
1.967581133e-07
9.601780108e-08
2.780050175e-07
4.331104959e-07
2.666803587e-07
7.03455784e-07
1.131819906e-06
1.048269029e-06
1.746521398e-06
2.556820235e-06
2.708578063e-06
4.443354348e-05
3.651486175e-05
4.321581313e-05
2.577262355e-05
1.627938317e-05
1.700735572e-05
9.861232663e-06
6.160464799e-06
5.465897196e-06
4.105858477e-06
2.895926315e-06
2.370551738e-06
2.145289387e-06
1.689912653e-06
1.353843523e-06
1.425557048e-06
1.265500521e-06
1.082907622e-06
1.151141596e-06
1.05082098e-06
1.007902048e-06
9.496475926e-07
8.603604521e-07
1.114675656e-06
1.024192802e-06
1.173448671e-06
1.516745867e-06
1.041248982e-06
3.158202273e-06
6.759964813e-06
1.287692076e-05
3.114362755e-05
4.210375938e-05
4.365009561e-05
3.318678556e-05
3.817418813e-05
1.906735734e-06
2.421766074e-06
2.617674772e-06
2.827726839e-05
3.644718139e-05
2.858087825e-05
3.200457241e-05
2.657737572e-05
1.82485494e-05
5.998729278e-05
1.158928447e-05
1.275974327e-05
9.454671543e-06
8.012766456e-06
1.339803237e-05
6.608310688e-06
4.958348997e-06
1.414969471e-05
3.44850833e-06
2.525446905e-06
9.063139563e-06
2.138743097e-06
2.012171593e-06
3.915866818e-06
1.959225267e-06
1.910030356e-06
1.661221323e-06
1.851657111e-06
1.790453831e-06
8.873646978e-07
1.736941141e-06
1.700722356e-06
6.49092513e-07
1.689348328e-06
1.70866163e-06
6.237999672e-07
1.763612073e-06
1.859172759e-06
7.376163156e-07
2.001577179e-06
2.199519874e-06
1.052038177e-06
2.464660743e-06
2.811169664e-06
1.730220838e-06
3.257883779e-06
3.828569384e-06
2.952621487e-06
3.109088008e-05
2.545220605e-05
1.949563642e-05
1.969629787e-05
1.470016961e-05
9.055184006e-06
1.070309819e-05
7.637728352e-06
4.42987149e-06
5.376945264e-06
3.786442708e-06
2.369699606e-06
2.714049113e-06
1.997580509e-06
1.530667231e-06
1.493285472e-06
1.097701224e-06
1.096381493e-06
7.52809996e-07
4.584865033e-07
6.4479008e-07
2.592168517e-07
3.491639716e-07
8.110577092e-07
3.778202908e-07
8.202493967e-07
1.451204021e-06
1.84031534e-06
4.252588295e-06
1.461661957e-05
1.035561773e-05
1.145400224e-05
2.250413325e-05
2.85655752e-06
3.662631519e-06
2.792693448e-06
2.849901331e-05
5.790494563e-05
3.691892297e-05
0.0001180210793
0.0001419593239
3.910049442e-05
9.502949936e-05
4.414022637e-05
5.985154512e-06
1.699137224e-05
4.487455242e-06
3.298868591e-06
3.528860007e-06
4.120904885e-06
2.732925466e-06
4.783410475e-06
5.33793804e-06
3.069848836e-06
5.670748175e-06
5.732678296e-06
3.475196215e-06
5.580791988e-06
5.335197907e-06
3.474561569e-06
5.100127009e-06
4.928503075e-06
3.292813457e-06
4.831794681e-06
4.80097413e-06
3.182231829e-06
4.821135362e-06
4.878680006e-06
3.217116681e-06
4.964040738e-06
5.0721241e-06
3.394849909e-06
5.201981341e-06
5.357172821e-06
3.715433699e-06
5.547220051e-06
5.797920666e-06
4.231977143e-06
2.880443029e-05
2.853855848e-05
2.979174105e-05
2.720681455e-05
2.435136902e-05
2.129479286e-05
2.032313427e-05
1.582025984e-05
1.225700256e-05
1.155529209e-05
8.015926866e-06
6.00534445e-06
5.354459443e-06
3.458345224e-06
2.752847557e-06
2.126190776e-06
1.204690032e-06
1.139523476e-06
6.2478187e-07
3.692946595e-07
3.846208751e-07
3.032581109e-07
3.341455606e-07
3.002356933e-07
4.142129781e-07
5.580739171e-07
6.198008207e-07
7.19203298e-07
1.069745932e-06
1.749538303e-06
2.069570974e-06
3.391918069e-06
5.418562823e-06
3.538560777e-06
4.921385372e-06
4.580005883e-06
1.368021666e-05
1.0524186e-05
2.303262455e-05
4.878120745e-06
8.71591739e-06
4.510005185e-05
3.09375946e-05
3.100229235e-06
8.053474726e-06
4.305942048e-06
5.906636938e-06
4.355856233e-06
7.58895215e-06
9.124825736e-06
6.517855443e-06
1.030845438e-05
1.091921961e-05
8.166078402e-06
1.087889219e-05
1.0383583e-05
8.209024388e-06
9.796758716e-06
9.400532617e-06
7.392486759e-06
9.255202092e-06
9.233662974e-06
6.861962328e-06
9.157505917e-06
8.938940267e-06
6.629193129e-06
8.624571832e-06
8.321333944e-06
6.566940148e-06
8.108452204e-06
8.013039255e-06
6.656708477e-06
8.029899333e-06
8.146633764e-06
6.886611686e-06
8.363486453e-06
8.709062255e-06
7.317238074e-06
2.28280988e-05
1.965072169e-05
2.344404057e-05
1.791270018e-05
1.667016633e-05
2.172591435e-05
1.503508545e-05
1.273606511e-05
1.574244862e-05
1.004203828e-05
7.413397374e-06
8.489411488e-06
5.193872966e-06
3.475294917e-06
3.702689103e-06
2.114005609e-06
1.089279584e-06
1.189994515e-06
5.255302905e-07
3.479793894e-07
3.641065574e-07
3.196822463e-07
3.375676963e-07
3.481459661e-07
3.692895764e-07
3.904652218e-07
4.762468169e-07
3.647980676e-07
3.700600905e-07
6.352657438e-07
8.308198263e-07
1.65604683e-06
2.455959984e-06
2.301558789e-06
3.121759233e-06
4.322753234e-06
4.273620058e-06
2.294674191e-06
4.930184325e-06
2.865018059e-07
3.471640846e-07
1.137357088e-06
1.259283401e-06
2.328430121e-06
2.97234883e-06
4.456862105e-06
6.927596273e-06
7.053704008e-06
9.32183863e-06
1.127067685e-05
1.104840984e-05
1.244004366e-05
1.269007333e-05
1.270904887e-05
1.224123791e-05
1.160445924e-05
1.16540258e-05
1.130298262e-05
1.164229081e-05
1.092170513e-05
1.262739083e-05
1.395049133e-05
1.173737837e-05
1.503941605e-05
1.528147879e-05
1.186654195e-05
1.443967143e-05
1.290663612e-05
1.03534324e-05
1.139368764e-05
1.037882427e-05
9.200956479e-06
9.949770092e-06
9.998493989e-06
9.15559682e-06
1.044234811e-05
1.133015088e-05
1.002404653e-05
1.545876584e-05
1.190906923e-05
1.316164911e-05
9.340529485e-06
7.333917896e-06
9.472504138e-06
5.698901242e-06
4.393931023e-06
5.784303119e-06
3.346947041e-06
2.414369175e-06
2.974721182e-06
1.530960998e-06
8.174810627e-07
9.53054841e-07
4.162525594e-07
2.82843876e-07
3.190873715e-07
2.61651685e-07
2.670145691e-07
3.07861607e-07
2.680055147e-07
2.468848505e-07
3.113180247e-07
1.941931112e-07
1.5222496e-07
2.172701958e-07
3.501777882e-07
6.145722187e-07
9.961991895e-07
8.527432225e-07
1.082574215e-06
1.922094877e-06
1.122320158e-06
5.357456033e-07
1.07446761e-06
7.942528478e-08
1.871383463e-07
2.117668563e-07
5.538575879e-07
1.336802501e-06
1.721490828e-06
2.609370313e-06
4.230848428e-06
5.673617514e-06
5.902125395e-06
7.287741533e-06
9.636468256e-06
8.163000225e-06
8.537219748e-06
1.092097133e-05
8.661723288e-06
8.918714992e-06
1.044337038e-05
9.693156942e-06
1.12913618e-05
1.162928941e-05
1.386468853e-05
1.724370567e-05
1.571965163e-05
2.067838276e-05
2.278565561e-05
1.896998955e-05
2.220181198e-05
1.891047889e-05
1.595394522e-05
1.474351334e-05
1.170173815e-05
1.143360634e-05
1.03029064e-05
1.005292383e-05
1.047889735e-05
8.051272376e-06
5.866864991e-06
6.245078492e-06
4.289242978e-06
3.17538263e-06
3.529771689e-06
2.340256371e-06
1.650765899e-06
1.946510568e-06
1.067618446e-06
6.205090893e-07
7.005676626e-07
3.507413712e-07
2.384478762e-07
2.504566406e-07
2.099792275e-07
2.100872124e-07
2.268579276e-07
2.157462182e-07
2.189224129e-07
2.083410817e-07
2.307416925e-07
3.331295116e-07
1.843271201e-07
6.635188832e-07
7.640515623e-07
5.573061786e-07
7.581346919e-07
7.436030292e-07
7.099655666e-07
6.512457178e-07
3.986674835e-07
3.647445004e-07
8.226322815e-08
2.208467621e-07
2.107764589e-07
4.940464179e-07
1.012580064e-06
1.13143045e-06
1.747014974e-06
2.612986424e-06
3.205242313e-06
3.492409315e-06
4.278771911e-06
5.403851732e-06
4.930729293e-06
5.509078378e-06
6.619550205e-06
6.179432955e-06
7.193614357e-06
7.718005626e-06
8.879609394e-06
1.163240837e-05
1.113805679e-05
1.580681191e-05
2.132164344e-05
1.896240934e-05
2.699768309e-05
3.020887106e-05
2.668358397e-05
2.798157324e-05
2.045580566e-05
2.081370473e-05
1.263287965e-05
8.399882629e-06
1.056743787e-05
9.251781812e-06
6.865691163e-06
6.065235309e-06
5.083562555e-06
3.698810428e-06
3.244801435e-06
2.631152786e-06
1.808068369e-06
1.579471954e-06
1.200423418e-06
7.909319616e-07
6.173566928e-07
5.544780582e-07
4.523867345e-07
2.768131453e-07
4.379539289e-07
4.769936245e-07
2.593275118e-07
5.57600545e-07
6.884143002e-07
3.323405422e-07
9.090829053e-07
1.281057833e-06
6.519215308e-07
1.707041033e-06
1.720627429e-06
1.151473997e-06
1.649835201e-06
1.540776445e-06
1.046196215e-06
1.304580965e-06
8.828515613e-07
5.649971729e-07
3.501713396e-07
2.849854139e-07
2.182002289e-07
5.59272215e-07
1.004523963e-06
9.57967131e-07
1.614186517e-06
2.324072764e-06
2.326403612e-06
3.082203513e-06
3.872492435e-06
3.782570419e-06
4.729711614e-06
5.747347767e-06
5.19953954e-06
7.090208259e-06
9.016577357e-06
7.545449907e-06
1.188999026e-05
1.615442267e-05
1.320848255e-05
2.190292658e-05
2.747615042e-05
2.465991989e-05
3.052783784e-05
2.879320932e-05
3.356257366e-05
2.167410939e-05
1.356748639e-05
2.008334566e-05
8.864102239e-06
6.677549882e-06
7.436727083e-06
8.647869687e-06
6.047551035e-06
4.582250868e-06
4.699111787e-06
3.712034544e-06
2.456425212e-06
2.990532704e-06
2.523835767e-06
1.340779293e-06
2.285545789e-06
2.243160454e-06
9.940887257e-07
2.366670834e-06
2.63463024e-06
1.130960084e-06
3.034683364e-06
3.54613686e-06
1.611633376e-06
4.089258517e-06
4.452575904e-06
2.452048151e-06
4.437404533e-06
4.075993105e-06
2.610735348e-06
3.778801079e-06
3.488968736e-06
2.298118007e-06
3.031512012e-06
2.267709194e-06
1.433435017e-06
1.047888917e-06
6.75282726e-07
4.344576229e-07
1.042849868e-06
1.595668772e-06
1.213640909e-06
2.391337739e-06
3.377848891e-06
2.679314585e-06
4.551072933e-06
5.958196116e-06
4.622474135e-06
7.636295264e-06
9.642287862e-06
7.292800972e-06
1.206183847e-05
1.507230255e-05
1.176082178e-05
1.92519496e-05
2.615009546e-05
2.057823558e-05
3.392741977e-05
2.457858306e-05
2.819061681e-05
1.288843167e-05
7.141224884e-06
1.554010994e-05
4.344420463e-06
2.758975338e-06
5.654898945e-06
8.68733443e-06
8.075031193e-06
4.626451608e-06
7.910565933e-06
8.092446255e-06
4.511427328e-06
8.605715016e-06
9.45774897e-06
5.343390028e-06
1.061273598e-05
1.186336223e-05
6.885289801e-06
1.270480248e-05
1.256247344e-05
7.678498362e-06
1.142584065e-05
1.000196776e-05
6.441008745e-06
8.817178806e-06
7.734913944e-06
5.273539055e-06
6.323818153e-06
4.412274872e-06
3.322784688e-06
1.792531903e-06
1.266439279e-06
9.758252716e-07
1.696334915e-06
2.295910381e-06
2.022728042e-06
3.227995929e-06
4.438764175e-06
4.122664429e-06
5.891698805e-06
7.31225921e-06
7.274323729e-06
7.900989515e-06
9.652661199e-06
1.144490671e-05
1.189835712e-05
1.481292951e-05
1.674617941e-05
2.139134271e-05
3.465038907e-05
3.153608584e-05
4.376144826e-05
9.33967445e-06
1.528882433e-05
2.168759015e-05
1.964746435e-05
1.31990478e-05
1.955583605e-05
2.006036369e-05
1.47368306e-05
2.129513481e-05
2.302826878e-05
1.795746866e-05
2.447217655e-05
2.417403075e-05
1.885756505e-05
2.171277925e-05
1.825194109e-05
1.455362056e-05
1.5306816e-05
1.329558006e-05
1.071268127e-05
1.020686681e-05
5.74569191e-06
5.285069981e-06
2.405290511e-06
1.647230668e-06
1.491847258e-06
1.839063295e-06
2.119947276e-06
2.309241939e-06
2.620981068e-06
3.332419145e-06
4.095170544e-06
4.151506583e-06
2.567489911e-06
4.215734688e-06
2.258690526e-06
2.537692232e-06
4.674458683e-06
3.04640671e-06
6.58148795e-06
9.961193358e-06
1.766787423e-05
3.299788682e-05
3.388028758e-05
1.740327109e-05
1.589267046e-05
2.371637708e-05
1.558979005e-05
1.291291699e-05
1.780953275e-05
9.876549912e-06
1.073213527e-05
1.362910725e-05
1.191357004e-05
5.572920459e-06
5.783463614e-06
2.78214985e-06
1.858780748e-06
1.761069352e-06
1.713504901e-06
1.652500797e-06
1.866221032e-06
1.737601911e-06
1.968706971e-06
2.549102273e-06
2.395530922e-06
2.081284513e-06
2.198111908e-06
)
;

boundaryField
{
    dominio_ascii
    {
        type            zeroGradient;
    }
    wallFilmFaces_top
    {
        type            zeroGradient;
    }
    region0_to_wallFilmRegion_wallFilmFaces
    {
        type            zeroGradient;
    }
}


// ************************************************************************* //
