/*--------------------------------*- C++ -*----------------------------------*\
| =========                 |                                                 |
| \\      /  F ield         | OpenFOAM: The Open Source CFD Toolbox           |
|  \\    /   O peration     | Version:  2.1.x                                 |
|   \\  /    A nd           | Web:      www.OpenFOAM.org                      |
|    \\/     M anipulation  |                                                 |
\*---------------------------------------------------------------------------*/
FoamFile
{
    version     2.0;
    format      ascii;
    class       volScalarField;
    location    "0.3";
    object      deltaf;
}
// * * * * * * * * * * * * * * * * * * * * * * * * * * * * * * * * * * * * * //

dimensions      [0 1 0 0 0 0 0];

internalField   nonuniform List<scalar> 
2828
(
1.107796307e-06
1.307309204e-06
1.694897828e-06
3.49134616e-06
7.758454427e-06
1.293246536e-05
7.065922039e-06
4.060487137e-06
1.411928196e-06
7.526737422e-07
8.015384042e-07
1.543923501e-06
3.71132201e-06
7.02549078e-06
2.125963967e-05
5.500061377e-05
3.248053986e-05
2.398683806e-05
2.352016148e-05
1.133147837e-05
5.387447394e-06
2.976871157e-06
1.028711494e-06
8.616699908e-07
9.632683431e-07
1.812117235e-06
5.039810722e-06
9.150528569e-06
1.704221319e-05
3.956650276e-05
3.614073919e-05
3.017364445e-05
3.715610991e-05
9.159666831e-06
1.999918895e-05
1.933345154e-05
1.004208996e-05
4.803952555e-06
2.298261673e-06
5.204243997e-07
1.349471664e-06
1.717481882e-06
2.495265578e-06
6.272656011e-06
1.187900201e-05
1.95475687e-05
2.894010327e-05
3.081256783e-05
2.954167539e-05
5.114175413e-05
1.386809855e-05
7.620494605e-06
2.403375893e-06
4.564909943e-06
1.312566049e-05
1.599598937e-05
9.330166154e-06
4.822450021e-06
2.358365138e-06
6.543943414e-07
2.091747103e-06
2.691026462e-06
2.875180843e-06
4.96593044e-06
1.030550372e-05
2.138965683e-05
3.216453187e-05
4.685446358e-05
6.217523055e-05
5.189221766e-05
2.157601955e-05
3.001163945e-05
3.342198838e-05
9.939096942e-07
1.273783977e-06
1.956935681e-06
7.299802036e-06
1.331683715e-05
8.62688045e-06
5.116198075e-06
2.976815935e-06
1.260850227e-06
3.36475078e-06
3.294860275e-06
1.994829563e-06
2.58823478e-06
5.46036926e-06
1.371481791e-05
2.413231088e-05
4.034867394e-05
7.093190492e-05
0.0001053174481
8.604390719e-05
3.182338579e-05
2.341411531e-05
2.815348616e-05
6.656462209e-07
6.351099483e-07
7.308759946e-07
9.732516303e-07
3.84648127e-06
1.097455743e-05
7.494722372e-06
5.191531044e-06
4.016645976e-06
2.981532466e-06
7.352747153e-06
2.274640642e-06
8.973400282e-07
1.105923495e-06
2.426073632e-06
7.563446284e-06
1.276931892e-05
1.675611071e-05
2.903843311e-05
6.315814246e-05
0.0001060757734
7.091280953e-05
2.136616964e-05
2.058566316e-05
1.006441997e-06
6.977444845e-07
4.073866144e-07
4.382981484e-07
5.899124881e-07
2.170582679e-06
8.663619286e-06
6.037018725e-06
4.766879331e-06
5.238059925e-06
8.621182718e-06
1.222658321e-05
6.48023684e-07
2.990032193e-07
4.218738183e-07
9.537632695e-07
3.901204495e-06
7.07242748e-06
7.607994098e-06
1.051915131e-05
2.226325164e-05
5.756389127e-05
7.84362297e-05
2.89315419e-05
1.428516514e-05
1.03064929e-05
4.507301536e-06
4.107470894e-06
3.505427117e-07
3.599961662e-07
5.282558154e-07
1.348828465e-06
6.350301483e-06
4.717720637e-06
3.972568367e-06
4.776379463e-06
8.292681125e-06
1.329926012e-05
1.722778931e-07
1.201167337e-07
1.69812904e-07
2.748809772e-07
1.5565417e-06
3.365147583e-06
3.859726593e-06
4.990722944e-06
8.920560469e-06
2.535220571e-05
5.428824061e-05
3.182744211e-05
8.882562372e-06
5.147735573e-06
3.849515363e-06
3.667404873e-05
5.031322513e-05
1.198346103e-05
5.336289585e-07
3.826458916e-07
5.832501284e-07
8.796594816e-07
4.573474275e-06
3.768728315e-06
3.233948506e-06
2.264559789e-06
1.768635557e-06
7.082017031e-05
6.70505962e-07
1.343153256e-07
1.020776545e-07
1.419233107e-07
4.554201572e-07
1.249153259e-06
2.186147991e-06
2.96652325e-06
4.775192277e-06
1.404909987e-05
3.646603632e-05
2.563568342e-05
4.343368856e-06
2.758741277e-06
3.652636028e-06
3.314411553e-05
3.264307044e-05
9.148625968e-06
1.539213994e-06
1.687014058e-06
2.105098042e-06
3.039209985e-06
3.659076789e-06
3.015045162e-06
2.5641459e-06
8.403326456e-07
1.221189485e-07
0.0001846964016
3.411005848e-06
3.864539395e-07
2.429296957e-07
2.232669175e-07
1.842058198e-07
3.496795508e-07
9.498149644e-07
2.135629726e-06
4.499240095e-06
1.194120872e-05
2.707230922e-05
1.443704799e-05
2.524260243e-06
1.766170877e-06
2.221743298e-06
1.394348178e-06
1.58306152e-06
2.560899875e-06
2.286468131e-06
6.962240541e-06
1.536094433e-05
1.103486002e-05
3.650627971e-06
2.176670712e-06
1.682046542e-06
2.11130188e-07
4.189764915e-09
8.858094811e-05
4.30105658e-06
8.996684443e-07
1.119251622e-06
8.092806167e-07
3.124694543e-07
2.404313046e-07
4.880250473e-07
1.269411369e-06
3.636541077e-06
1.029069065e-05
1.821996196e-05
4.7113164e-06
1.838288274e-06
2.14687743e-06
2.315619829e-06
1.963728044e-06
2.906375063e-06
2.791025997e-06
2.856782489e-06
1.947317403e-05
4.002247523e-05
2.408326361e-05
8.446396349e-06
1.661209265e-06
1.312794606e-06
9.215052608e-07
2.759925244e-08
2.162460972e-10
1.389688626e-08
2.541302317e-07
1.404032872e-05
4.992253764e-06
2.000798837e-06
5.627008414e-07
3.587477486e-07
6.941879042e-07
1.49974382e-06
3.681077339e-06
8.294726605e-06
6.538314431e-06
2.570559417e-06
2.540298626e-06
4.228415083e-06
5.896050439e-06
4.764018343e-06
2.919107505e-06
3.249844506e-06
2.876442393e-06
8.484716143e-06
3.301260414e-05
2.284379582e-05
1.053193794e-05
4.030411172e-06
1.464230425e-06
8.846540245e-07
6.091389092e-07
9.855954222e-09
2.457186447e-10
3.422751576e-08
1.753430477e-06
8.26021399e-05
2.808877007e-05
5.5902347e-06
1.060367305e-06
8.25890972e-07
1.113197359e-06
1.502036397e-06
2.845454337e-06
2.617458605e-06
5.786577386e-07
6.132820005e-07
1.983468646e-06
5.641974981e-06
1.222996576e-05
2.207218922e-05
4.792369266e-06
4.529285159e-06
2.969192879e-06
1.419360657e-06
5.132009293e-07
6.173139124e-07
2.651348912e-06
3.451656996e-06
5.123360612e-07
1.903295162e-07
4.852866724e-07
9.521911669e-09
4.643227836e-10
1.532757061e-07
3.579518004e-07
5.942984928e-06
1.702748743e-06
6.141444999e-07
1.330232562e-06
1.952764709e-06
5.868869208e-07
1.636498135e-07
9.952327517e-08
7.216904295e-08
3.764418695e-08
7.795396704e-08
4.164912489e-07
1.545468795e-06
3.67699711e-06
7.106681888e-06
1.589146775e-06
1.628085652e-06
1.138963071e-06
3.139493716e-07
1.353284077e-07
5.733575905e-07
1.346302244e-06
1.536750209e-06
2.617761457e-07
2.6380679e-08
2.702224304e-07
2.103764778e-08
2.941257504e-09
3.46462193e-06
1.044059572e-06
6.173408219e-07
4.031003714e-07
4.220800742e-07
1.18953651e-06
1.252691783e-06
5.435246871e-07
2.754723078e-07
3.467577389e-06
7.483986359e-06
1.28513183e-06
1.764708878e-06
5.436557156e-06
7.070537252e-06
4.483033786e-06
4.480136363e-06
3.492731814e-06
1.719916335e-06
9.863111402e-07
1.677991506e-06
6.884253535e-07
7.272823563e-07
6.957472145e-07
3.093742886e-07
3.321350947e-08
6.441542871e-09
6.547248735e-08
2.123886977e-07
5.576412786e-08
3.56779613e-06
3.827620354e-16
3.753072483e-18
1.994233926e-08
6.7314576e-07
2.914489274e-07
1.355807894e-07
2.169813055e-07
2.991186538e-07
1.260551345e-06
4.250875228e-06
1.031496127e-05
3.175290555e-05
4.885558138e-05
1.290495315e-05
3.424708727e-06
3.985935161e-06
1.303996315e-05
4.168824939e-05
4.148098083e-05
1.792467963e-05
2.100145992e-06
4.60966171e-07
3.125178959e-07
1.049440991e-07
1.323868874e-08
2.60965901e-09
2.407306163e-06
5.381407828e-05
2.633056344e-05
6.282761508e-06
1.232549826e-06
2.252985378e-18
1.009756625e-08
6.697585358e-07
2.547846468e-07
1.960997756e-07
9.586756668e-07
7.156416468e-07
3.375335604e-06
1.132837364e-05
2.823999541e-05
4.757778891e-05
2.92392258e-05
1.21780254e-05
4.486295601e-06
4.535688776e-06
1.227876628e-05
2.853910367e-05
1.508819487e-05
1.731081672e-06
2.025808159e-07
1.457533954e-07
5.650718888e-08
3.165153645e-08
1.690113378e-07
2.105233428e-06
5.548306038e-05
0.0001314138968
6.710496532e-05
6.24304983e-06
3.073401168e-17
9.232105697e-09
2.320693773e-07
1.934455585e-07
7.662832642e-07
2.834788118e-06
5.606899674e-06
1.307912033e-05
2.755482726e-05
1.967335632e-05
2.992793089e-06
1.029288254e-06
1.65757777e-06
3.128150646e-06
7.831142069e-06
1.727247281e-06
2.697381544e-06
3.141370795e-06
6.263279688e-07
1.058937673e-07
1.04496884e-07
7.227328599e-08
6.321974412e-08
8.044547871e-08
6.346755266e-08
1.477674451e-06
9.854202209e-06
3.681702469e-05
1.059009312e-05
6.530749128e-07
2.529960005e-07
5.41767523e-08
3.777989723e-08
6.564813155e-08
3.21949837e-07
1.749987479e-06
7.129149925e-06
1.163307428e-05
6.219562147e-06
1.589502292e-06
1.2597101e-06
2.531313768e-06
8.048347289e-06
1.836929312e-05
1.674475686e-06
7.841166192e-07
4.66220055e-07
1.890777795e-07
9.664944735e-08
1.024655476e-07
9.374301599e-08
7.239500072e-08
5.968626836e-08
5.826493864e-08
1.129480179e-07
4.857045869e-08
2.062634712e-06
4.531546309e-06
1.507730156e-06
4.460533692e-07
1.918732841e-07
9.583205808e-08
7.934053687e-08
1.566864867e-07
6.369151686e-07
3.001084976e-06
7.532950825e-06
5.6435906e-06
2.892644479e-06
4.070937545e-06
1.042035746e-05
2.856672752e-05
1.720112392e-06
7.711305974e-07
2.980462267e-07
1.709729637e-07
1.483869919e-07
1.27705126e-07
9.864444346e-08
6.832631015e-08
5.474146485e-08
2.644169503e-08
9.2739909e-10
9.738958949e-08
4.277203629e-07
2.36216811e-07
3.198982596e-07
7.219470352e-07
6.146786112e-07
4.448151722e-07
4.022663324e-07
6.837689345e-07
2.33239521e-06
7.129647554e-06
1.211548612e-05
1.156743568e-05
1.75891752e-05
2.664269284e-05
1.564503512e-05
3.776678734e-06
2.13488587e-06
1.018741208e-06
4.570598434e-07
2.566772954e-07
1.714548563e-07
1.102052402e-07
7.382413359e-08
4.623632256e-08
1.169574466e-08
1.646685506e-10
4.997020057e-09
5.318096043e-08
6.80023736e-08
3.166075944e-07
9.408118339e-07
1.699307485e-06
1.693987765e-06
1.624599802e-06
2.027433471e-06
3.927254914e-06
1.019398824e-05
2.259856821e-05
1.484017796e-05
5.602472595e-06
3.201266679e-06
5.478133153e-06
2.807563278e-06
1.431494599e-06
5.961827835e-07
2.321259864e-07
1.251140603e-07
7.787662704e-08
3.900701293e-08
6.88191959e-09
8.67987331e-11
3.319077809e-09
2.13727649e-08
1.079581557e-07
9.167478065e-07
2.744846885e-06
4.600988636e-06
7.996093639e-06
5.083322414e-06
5.569107674e-06
9.232954284e-06
2.166358287e-05
3.636186963e-05
1.118210002e-05
1.340413775e-06
1.214067281e-06
8.676820341e-06
5.735091864e-06
3.187804273e-06
1.324591223e-06
3.842649592e-07
1.548322294e-07
8.397893187e-08
3.451274723e-08
5.076833932e-09
2.552693897e-10
8.341350095e-09
7.036700734e-08
5.670734004e-07
2.852767146e-06
1.074049823e-05
2.605027449e-05
2.538641073e-05
9.295619705e-06
1.272225268e-05
2.278584023e-05
4.425866495e-05
3.380719513e-05
5.355898848e-06
1.342973277e-06
9.626687403e-06
5.187833946e-06
2.349955512e-06
8.96819215e-07
3.389997675e-07
1.331408654e-07
3.916293107e-08
5.604460851e-09
6.531235192e-09
7.450803315e-08
3.633863652e-07
2.064599962e-06
7.452904281e-06
3.166274773e-05
6.290294715e-05
1.786441884e-05
1.155464706e-05
1.984652824e-05
3.153823536e-05
3.334226797e-05
8.033174395e-06
2.142164962e-06
7.188808099e-06
4.151552001e-06
2.5062149e-06
1.474531696e-06
7.458152134e-07
2.524818209e-07
8.300800187e-08
2.377294813e-07
3.947295012e-07
1.469358187e-06
6.324280278e-06
2.00602763e-05
7.51763602e-05
4.584071636e-05
5.520280118e-06
6.504858821e-06
8.730039623e-06
8.857972775e-06
1.06366417e-05
8.252260049e-06
5.896391885e-06
4.153010051e-06
2.316148471e-06
6.693969347e-07
2.392995233e-07
5.22545871e-07
1.344928939e-06
4.931290123e-06
2.069818173e-05
4.486595133e-05
5.069967291e-05
7.668743376e-06
2.492683706e-06
2.37872887e-06
2.784832312e-06
5.017195836e-06
1.266169183e-05
6.16924329e-06
2.818023959e-06
4.779338171e-07
1.208402257e-07
6.847803276e-08
2.684299616e-06
1.494904848e-05
4.617224357e-05
5.662630767e-05
2.038940987e-05
3.513801724e-06
1.770176023e-06
1.904125813e-06
3.201041119e-06
9.472025202e-08
4.327403597e-08
1.659587189e-06
2.936395728e-05
6.209814241e-05
4.469166632e-05
1.034082823e-05
4.220225497e-06
2.308206382e-06
5.567422401e-06
4.484193611e-06
3.404573075e-06
1.283016908e-06
6.224520197e-07
6.752115668e-07
8.879585035e-07
1.218361118e-06
1.594830533e-06
9.678260137e-07
1.090539645e-06
1.278537112e-06
1.580641482e-06
2.372476962e-06
2.43943608e-06
3.459176224e-06
4.850626902e-06
4.875352949e-06
8.049380843e-06
1.460659028e-05
2.772354769e-05
4.805879088e-05
5.678817227e-05
2.400521648e-05
1.933679215e-05
1.291807124e-05
8.230939847e-06
9.127140173e-06
5.916873477e-06
4.546881087e-06
5.398944443e-06
4.848478866e-05
4.737334837e-05
4.472347874e-05
3.75843519e-05
3.097207482e-05
2.891768577e-05
2.976100443e-05
3.096739443e-05
1.690674402e-05
2.227232441e-05
2.444811065e-05
2.671730809e-05
4.079735186e-05
7.093375904e-05
6.886496499e-05
2.941891515e-05
3.368539295e-06
4.677207716e-06
6.431236557e-06
6.869462995e-06
1.123362954e-05
1.444065149e-05
1.039403471e-05
3.723708661e-06
3.614103932e-06
9.260951198e-06
1.689825204e-05
1.205195349e-06
1.460688468e-06
1.873142723e-06
3.035387823e-05
3.114702576e-05
7.209966132e-07
7.578028576e-07
8.731486965e-07
2.482894654e-05
2.379508268e-05
7.939414402e-07
6.509487633e-07
5.3218959e-07
6.333907121e-07
1.726696622e-05
1.725974027e-05
2.01127994e-05
1.398407502e-05
1.267026622e-06
1.596174374e-06
9.186295062e-07
7.334694571e-06
5.285460037e-06
7.457334626e-06
1.546166103e-05
4.376879605e-06
3.789739232e-06
4.738860703e-05
5.620766384e-05
4.220281203e-05
3.007562007e-06
3.799843482e-06
3.982096332e-06
9.361660395e-07
1.224287947e-06
1.34857688e-06
3.62631244e-05
1.894034364e-06
2.010308129e-06
3.042417608e-06
2.019992192e-06
5.908496065e-06
1.555733444e-06
2.679939268e-06
2.487102655e-06
2.577547117e-06
2.896275875e-06
1.393744793e-05
1.618735742e-05
4.005076666e-06
4.221285647e-06
3.158260448e-06
1.377642234e-05
1.818307151e-05
2.634746845e-05
2.704484831e-06
2.993897392e-06
4.866630594e-06
2.81162024e-06
3.362506819e-06
9.529921624e-06
3.00760715e-06
2.640265057e-06
1.598489908e-06
4.486991963e-06
5.465485139e-06
5.447592498e-06
1.147529518e-05
2.088952324e-05
2.6321339e-06
3.768619731e-06
4.178840988e-06
4.667817853e-06
1.274977981e-05
2.2803273e-05
4.883476506e-06
4.571349219e-06
2.537889269e-06
5.010411817e-06
1.193355263e-05
1.962392055e-06
1.570294645e-06
1.058789966e-06
1.796380045e-06
1.578225682e-05
2.575887683e-05
1.628855481e-05
2.005102025e-06
1.765889979e-06
1.173549754e-06
3.204779845e-05
3.089284516e-05
3.473156451e-05
3.112173878e-06
2.377639115e-06
5.716216982e-06
4.811866065e-06
4.444159137e-06
2.859831886e-06
1.882790856e-06
2.203581944e-06
2.870455215e-06
6.139375248e-06
7.144228477e-06
5.312487984e-06
3.752798623e-06
1.473036351e-06
8.938791881e-07
9.325406605e-07
9.656015827e-06
7.75401397e-06
1.291128815e-06
9.833038594e-07
8.52915185e-06
7.736021126e-06
2.47681636e-06
1.679069969e-06
6.449861292e-06
5.644142845e-06
5.804220544e-06
5.18458792e-06
3.251765917e-06
1.215941562e-05
1.493307137e-05
1.308617434e-05
1.190363723e-05
5.117541321e-06
6.456752673e-06
6.848693318e-06
6.472538682e-06
4.88850916e-06
6.297564535e-06
9.025673059e-06
8.804322351e-06
4.804725196e-06
2.288848199e-06
1.051546922e-06
1.190291325e-06
4.361956922e-07
1.90902375e-07
2.112378666e-07
2.054612796e-06
1.976017129e-06
1.738274466e-06
2.116643594e-06
2.496564576e-06
2.414086202e-06
4.440811188e-06
1.613223207e-07
5.861113244e-08
7.762467534e-08
7.639194935e-08
1.541621929e-06
1.170670508e-05
1.149509488e-05
3.160404212e-05
5.127413214e-05
4.982501043e-05
6.073744656e-05
5.577618407e-05
6.233935883e-05
3.564014643e-05
1.824599628e-05
2.271803853e-05
1.038476536e-05
6.563432852e-06
2.873675079e-06
3.50527316e-06
2.492266499e-06
2.933425829e-06
1.29835873e-06
4.960580984e-07
5.054180812e-07
7.493365032e-07
9.539152292e-07
9.9117941e-07
8.110137699e-07
1.004315226e-06
9.899503452e-07
1.62353612e-06
2.706226751e-06
2.451091174e-06
4.255946998e-06
5.997315032e-06
5.188188604e-06
7.778721389e-06
1.064844557e-05
1.094404797e-05
1.808602061e-05
3.359258329e-05
4.086250278e-05
2.127043954e-05
1.565028749e-05
1.695982773e-05
1.059246946e-05
7.119137124e-06
7.581639237e-06
5.01100131e-06
3.644756192e-06
4.03022206e-06
2.548804829e-06
1.564156832e-06
2.000954231e-06
7.005453536e-07
6.858005711e-07
5.570769779e-07
1.068370473e-06
1.315385698e-06
1.072886026e-06
1.262896906e-06
1.318032185e-06
1.112081196e-06
2.112320794e-06
3.661666351e-06
3.129337758e-06
5.85174838e-06
8.318026625e-06
7.156790484e-06
1.074663465e-05
1.338546681e-05
1.161935136e-05
1.76834008e-05
2.516462886e-05
2.816581027e-05
3.253260895e-05
3.4333079e-05
4.103554089e-05
3.243834947e-05
3.037896336e-05
3.213019239e-05
2.875946833e-05
2.862101776e-05
3.074239012e-05
1.659699707e-05
1.878560926e-05
2.163739181e-05
1.757256157e-05
1.359680493e-05
1.452068265e-05
9.645977996e-06
6.688769467e-06
6.834125767e-06
4.751758889e-06
3.385271639e-06
3.427122512e-06
2.244784695e-06
1.272509118e-06
1.312936666e-06
5.283334848e-07
1.10349242e-06
8.744711339e-07
1.69022575e-06
2.054298166e-06
1.651693865e-06
2.236692565e-06
2.052574536e-06
1.638066521e-06
2.825204744e-06
4.153031632e-06
4.102810933e-06
5.953198928e-06
8.427815174e-06
8.890273682e-06
1.181247438e-05
1.621414577e-05
1.528245971e-05
2.146996415e-05
2.625652485e-05
2.473424642e-05
2.970874833e-05
3.273314529e-05
3.051582571e-05
3.631824955e-05
3.944967952e-05
3.064571117e-05
4.010895547e-05
4.155381236e-05
3.054604026e-05
5.097486971e-05
3.191864322e-05
4.933643996e-05
1.726331222e-06
2.141481523e-06
3.105293394e-06
2.977390393e-06
5.19228969e-06
7.869371034e-06
9.949022168e-06
1.338756705e-05
1.598675317e-05
1.459184613e-05
1.208117172e-05
1.280836341e-05
9.014225999e-06
6.586448494e-06
6.62898389e-06
4.965130268e-06
3.727038793e-06
3.49740234e-06
2.607754316e-06
1.642581141e-06
1.390829666e-06
8.848955697e-07
1.676104827e-06
1.361390361e-06
2.598450421e-06
2.933081745e-06
2.495338845e-06
3.084385482e-06
2.640803075e-06
2.450156361e-06
2.551630149e-06
2.884327184e-06
3.682040201e-06
3.719719322e-06
5.252420497e-06
7.034785621e-06
7.884819493e-06
1.210182249e-05
1.512204215e-05
1.825044313e-05
2.425344192e-05
2.707297113e-05
3.056029075e-05
3.8806464e-05
3.851413674e-05
4.990253396e-05
6.361500384e-05
5.578888447e-05
7.794559304e-05
8.824906042e-05
6.21446172e-05
8.798145581e-05
7.349000615e-05
3.58122337e-05
5.010608801e-05
4.825688213e-05
2.691605408e-05
3.785202981e-05
2.941282057e-05
2.706010663e-05
7.90954471e-07
8.572676499e-07
1.112327565e-06
9.564860705e-07
1.090316401e-06
1.508543534e-06
1.337032116e-06
2.244550207e-06
3.351742158e-06
5.280938783e-06
8.881534481e-06
1.101363388e-05
1.212535445e-05
1.05599678e-05
1.134778021e-05
8.122496479e-06
6.279475758e-06
6.489311295e-06
5.209270535e-06
4.369627097e-06
4.033113547e-06
3.453133877e-06
2.605617113e-06
2.04003171e-06
1.873857145e-06
3.121650065e-06
2.154973746e-06
4.775206938e-06
3.48081175e-06
3.298474911e-06
3.012262228e-06
1.922621921e-06
2.457104548e-06
1.400909605e-06
1.38989412e-06
2.063407234e-06
1.720890196e-06
2.362219153e-06
3.614626783e-06
3.63178056e-06
5.9758559e-06
8.606903601e-06
1.003415561e-05
1.407178392e-05
1.883696344e-05
1.739979144e-05
2.118102636e-05
3.088700824e-05
2.673862334e-05
3.549184136e-05
5.358229943e-05
4.908655822e-05
6.862774944e-05
9.036108633e-05
9.200766193e-05
0.0001103187837
0.0001057415613
0.000109910982
8.50232485e-05
5.647410115e-05
4.953832053e-05
2.705574122e-05
2.318199235e-05
2.086618401e-05
2.184845503e-05
2.688873613e-05
5.116374489e-07
5.237522333e-07
6.698112784e-07
5.660837801e-07
6.338727027e-07
8.172714789e-07
7.5051387e-07
1.247411335e-06
1.61809259e-06
2.854733173e-06
5.597160669e-06
7.046825575e-06
9.828355161e-06
8.76145004e-06
9.695554933e-06
6.778713475e-06
5.472568032e-06
5.933242185e-06
5.040670625e-06
4.921684173e-06
4.684757174e-06
4.638182954e-06
4.359257235e-06
3.359500778e-06
5.142106582e-06
1.095438685e-05
5.512379624e-06
1.052615581e-05
2.67438869e-06
3.313419329e-06
1.390168268e-06
7.075510864e-07
1.270292145e-06
5.294732446e-07
5.545283281e-07
8.947604476e-07
6.887169069e-07
8.756861655e-07
1.478484489e-06
1.594526838e-06
3.057493815e-06
4.310067661e-06
5.606560284e-06
8.320910717e-06
1.085480918e-05
9.593061723e-06
1.012683033e-05
1.432683268e-05
1.099555749e-05
1.296078827e-05
2.116924337e-05
1.689547014e-05
2.438539277e-05
4.247337876e-05
3.794716099e-05
5.91764604e-05
8.829739722e-05
8.317361789e-05
9.523977188e-05
0.0001009261393
8.168265426e-05
4.947184737e-05
3.742261875e-05
2.466225114e-05
1.705479149e-05
1.871196454e-05
1.202550195e-06
4.014438473e-07
4.515133207e-07
3.27908936e-07
3.120621147e-07
4.049873133e-07
3.379343348e-07
3.899752927e-07
4.973060469e-07
4.53714486e-07
7.686882011e-07
9.947639188e-07
1.684793284e-06
3.796979204e-06
4.561824316e-06
7.486505351e-06
6.838311937e-06
7.791837239e-06
5.334830165e-06
4.447163665e-06
4.954873942e-06
4.396400377e-06
4.824177901e-06
5.007101483e-06
5.471036082e-06
6.810800921e-06
5.727830553e-06
1.07396039e-05
1.765843454e-05
1.725014945e-05
1.209610718e-05
9.625106223e-07
1.724972044e-06
2.379023789e-07
1.58266873e-07
3.364113836e-07
1.763179217e-07
2.081668393e-07
3.374950622e-07
2.620872821e-07
2.899680044e-07
4.968161993e-07
5.052550728e-07
1.152534607e-06
1.974938565e-06
2.542055416e-06
4.220869031e-06
6.08214108e-06
5.007786001e-06
5.1854867e-06
7.292785512e-06
5.388228971e-06
5.93697392e-06
8.53393106e-06
7.05333933e-06
9.226300531e-06
1.446499209e-05
1.365328102e-05
2.256291051e-05
3.657706405e-05
3.797440806e-05
5.687027135e-05
7.678916428e-05
6.704521634e-05
5.611591058e-05
5.634868283e-05
3.170671847e-05
1.595163181e-05
1.634177702e-05
1.15801045e-05
9.703678953e-06
1.352754076e-05
2.735523691e-05
2.340591601e-05
6.763930003e-06
9.908414337e-06
5.406147706e-07
4.330530211e-07
5.408834222e-07
4.747786763e-07
3.296735698e-07
4.762848331e-07
5.423558751e-07
4.381919521e-07
6.659684262e-07
7.523123204e-07
7.544477806e-07
1.033372343e-06
2.144936561e-06
2.999260013e-06
5.350774296e-06
5.150946772e-06
5.949679268e-06
4.200631329e-06
3.658168264e-06
4.004739749e-06
3.570478584e-06
3.56333674e-06
4.287705619e-06
3.451694715e-06
3.484772901e-06
5.79664987e-06
4.44340919e-06
9.12129467e-06
1.355159247e-05
2.823164023e-05
7.231465146e-07
9.064498395e-07
2.783181308e-07
1.415080145e-07
1.104095606e-07
1.049734336e-07
9.410651286e-08
1.338429993e-07
1.185710232e-07
1.388467677e-07
1.883703198e-07
1.770630015e-07
3.620496097e-07
6.416509191e-07
8.800815032e-07
1.631669457e-06
2.753234491e-06
2.116621422e-06
2.46395028e-06
3.602741833e-06
2.833820551e-06
3.23472716e-06
4.287171991e-06
3.710155037e-06
4.507369436e-06
6.274886518e-06
6.221439722e-06
1.005925031e-05
1.454357312e-05
1.793949472e-05
3.082015112e-05
4.121757932e-05
4.38374638e-05
4.501264295e-05
5.129355779e-05
2.96235798e-05
1.308549062e-05
1.505298294e-05
6.247379716e-06
4.319767953e-06
6.546261093e-06
3.755043637e-06
3.738317432e-06
4.230176567e-06
5.139917779e-05
3.204004722e-05
3.354962004e-05
1.170138093e-05
1.764231038e-06
5.998941222e-07
6.69082644e-07
5.102194724e-07
4.060319724e-07
4.669930479e-07
5.806831776e-07
4.442947599e-07
9.273313012e-07
1.199441362e-06
7.312724418e-07
1.272595153e-06
1.922255123e-06
1.593276221e-06
4.043941228e-06
3.785102988e-06
4.436617228e-06
3.387282659e-06
3.162388869e-06
3.395914145e-06
2.918957365e-06
2.329867744e-06
2.899530638e-06
1.410893079e-06
6.087229559e-07
1.645191683e-06
5.445258408e-07
5.320216343e-06
5.516420289e-06
0.0001340180626
6.617657031e-06
1.887777288e-06
1.58013043e-06
5.944036286e-07
2.835549048e-07
2.238733978e-07
9.68607186e-08
8.178459552e-08
1.314301035e-07
1.552071457e-07
1.23717925e-07
1.52305925e-07
1.701092469e-07
2.213233115e-07
2.432924281e-07
4.083202301e-07
8.500440063e-07
7.094116525e-07
1.16551718e-06
1.698779925e-06
1.725610717e-06
2.262223171e-06
2.609831576e-06
2.698342857e-06
3.232990701e-06
3.506854038e-06
4.393271169e-06
7.045222808e-06
7.763672818e-06
1.247576235e-05
2.155822229e-05
2.474180181e-05
3.133488335e-05
3.264672499e-05
3.881339617e-05
2.034073264e-05
7.656055696e-06
1.032112461e-05
3.230303816e-06
2.257547813e-06
2.994684394e-06
2.070041184e-06
2.284545721e-06
3.031391982e-06
4.4010429e-06
1.025339879e-05
2.15706323e-05
5.980217716e-06
1.064905152e-06
2.891726402e-06
1.992930895e-06
1.965088721e-06
1.73808248e-06
2.304987478e-06
3.350730202e-06
1.799325281e-06
4.879866656e-06
5.965219859e-06
2.495526988e-06
5.953476919e-06
4.971113313e-06
3.777438292e-06
3.593895825e-06
2.556864045e-06
3.173414791e-06
2.616527051e-06
2.534653596e-06
2.890736528e-06
2.142597007e-06
1.329911662e-06
1.813160759e-06
4.569291948e-07
4.696461418e-08
1.812022657e-07
2.227699126e-08
2.678301353e-05
1.390222446e-05
0.0001717137904
2.682938938e-05
1.699523081e-05
5.367670775e-06
1.665982928e-06
1.112100813e-06
5.981205689e-07
2.679410914e-07
1.474792763e-07
5.270602553e-07
5.597003284e-07
2.746077037e-07
3.816145484e-07
2.855495171e-07
1.902332433e-07
2.095315235e-07
1.897792965e-07
2.270577849e-07
2.272432565e-07
3.289585257e-07
5.810208561e-07
5.191429396e-07
8.475390151e-07
1.467149395e-06
1.403275683e-06
2.318673494e-06
3.049243228e-06
3.825984646e-06
6.416729223e-06
7.104258145e-06
1.094511523e-05
1.757979313e-05
1.962850294e-05
2.273445762e-05
1.919704229e-05
2.610622829e-05
8.730379399e-06
3.354998551e-06
5.271048377e-06
2.074363827e-06
1.839983541e-06
1.910436849e-06
1.838640934e-06
1.857469074e-06
1.821513149e-06
4.397449732e-06
3.314822834e-06
1.303593103e-06
2.509747177e-06
2.595650666e-06
2.527481913e-06
2.483835483e-06
2.646394457e-06
2.23693615e-06
5.119471729e-06
1.394169537e-05
3.367728232e-06
2.545606271e-05
3.000357861e-05
1.22317517e-05
2.655720341e-05
1.930254832e-05
1.45219955e-05
1.19297365e-05
6.222453368e-06
6.938874682e-06
2.648912992e-06
1.20510874e-06
1.870054156e-06
1.72110435e-06
1.616070521e-06
2.093314351e-06
1.251785053e-06
6.077189481e-07
9.108882095e-07
8.01878571e-08
1.617438093e-09
9.742052917e-09
5.885543099e-10
8.446581837e-10
1.949464321e-05
5.663330956e-08
5.544699025e-08
1.741159351e-05
9.873338597e-08
2.806126666e-06
1.840677806e-06
2.789574326e-06
2.452678047e-06
6.752383988e-07
2.375751719e-06
2.024014815e-06
1.112573522e-06
1.456411462e-06
8.475405516e-07
5.14431641e-07
4.663244324e-07
3.045820752e-07
2.303098278e-07
2.977581323e-07
3.910371072e-07
3.241628403e-07
5.685907099e-07
8.605572316e-07
7.703283016e-07
1.356107254e-06
2.213202213e-06
2.146389312e-06
3.6639895e-06
6.041476644e-06
6.154301638e-06
9.557666312e-06
1.303853919e-05
1.564307536e-05
1.281903374e-05
7.404730353e-06
1.262658681e-05
2.912652894e-06
1.825322925e-06
2.221257955e-06
1.863379538e-06
2.231628312e-06
1.93668545e-06
2.701330941e-06
3.109399303e-06
2.303586035e-06
3.320072794e-06
3.24315262e-06
2.174220089e-06
2.847933072e-06
2.925764648e-06
2.913244836e-06
2.850480841e-06
2.838457493e-06
2.697349472e-06
5.047074393e-06
1.705157244e-05
6.172182753e-06
3.534447707e-05
4.130958272e-05
3.570384555e-05
3.519657879e-05
2.539637769e-05
3.384782756e-05
1.666703945e-05
1.020205975e-05
1.511758679e-05
5.783088381e-06
2.980217495e-06
4.091214295e-06
1.463421267e-06
1.187857677e-06
9.284991803e-07
1.024445862e-06
8.33023599e-07
1.177446489e-06
7.169360382e-07
3.976080164e-07
4.438746662e-07
1.275797588e-08
3.045533543e-10
3.773883812e-10
2.038180759e-10
6.024243598e-10
5.19943214e-10
1.950424268e-08
5.715351674e-08
3.763291157e-08
7.08015676e-07
3.46763203e-05
1.266101124e-05
4.167890915e-05
2.699023382e-05
8.904597684e-06
1.270520818e-05
6.152442774e-06
3.286148395e-06
2.932326164e-06
1.292753656e-06
1.084603755e-06
6.009070354e-07
4.299096743e-07
3.578234156e-07
4.976954596e-07
6.723790647e-07
4.819986396e-07
9.079725537e-07
1.202436624e-06
1.009077191e-06
1.617104309e-06
2.311806632e-06
2.318235355e-06
3.468810524e-06
5.095447998e-06
5.797036711e-06
6.117564769e-06
3.526248063e-06
8.980942638e-06
1.822144359e-06
1.470810284e-06
4.007866251e-06
1.63956253e-06
2.247237796e-06
2.202249931e-06
3.323101407e-06
4.864314755e-06
3.280162495e-06
6.83411548e-06
9.153827965e-06
5.181310028e-06
1.162658562e-05
1.393247004e-05
6.115233368e-06
4.01938553e-06
3.521346175e-06
3.124954551e-06
2.95972268e-06
3.027763281e-06
3.241609111e-06
6.713744936e-06
1.519108379e-05
2.302122994e-05
1.821116962e-05
1.457741841e-05
3.047633325e-05
1.041156576e-05
7.537953899e-06
1.578073607e-05
5.584878419e-06
3.893527832e-06
6.742587092e-06
2.259076129e-06
1.239783239e-06
2.299307301e-06
8.976395235e-07
1.917302305e-06
2.00037974e-06
6.521559101e-07
4.066364206e-07
5.879209229e-07
5.461844011e-07
5.230963977e-07
4.291418176e-07
9.473360114e-09
4.935917465e-10
3.741677547e-10
3.215376363e-10
1.256359884e-09
8.260920436e-10
6.639382429e-08
1.645536868e-07
9.475128994e-08
2.77853127e-06
7.685996096e-05
6.691429541e-05
9.251476214e-05
6.210934066e-05
5.512497533e-05
3.053525349e-05
1.31475244e-05
1.266742775e-05
5.487873542e-06
2.201658672e-06
2.346589088e-06
1.151269875e-06
1.08059844e-06
7.722254338e-07
1.071919513e-06
1.019968668e-06
9.61133818e-07
9.815619639e-07
1.013123694e-06
1.276539838e-06
1.140089409e-06
1.200005325e-06
1.96330057e-06
1.17072837e-06
1.044256413e-06
3.286507805e-06
8.131192511e-07
3.693989374e-07
1.080566192e-06
1.965211037e-07
1.797457486e-07
5.097781655e-07
2.406068963e-07
4.726171506e-07
1.048996724e-06
1.00452859e-06
1.923795058e-06
3.499976249e-06
3.247966509e-06
4.984933811e-06
8.503871621e-06
7.204180613e-06
1.00607827e-05
1.687593226e-05
3.271458728e-06
3.128442013e-06
3.82833891e-06
2.511022695e-06
1.657574656e-06
2.13106626e-06
8.857313816e-07
3.920999615e-07
8.647061662e-07
2.000343855e-07
2.578038507e-07
4.04805167e-07
5.621910407e-07
1.150690436e-06
1.343491874e-06
2.018405432e-06
3.078400308e-06
3.832265601e-06
3.705138845e-06
2.614029899e-06
1.780939221e-06
8.004450434e-07
5.443399608e-08
1.315279063e-07
6.537934883e-08
1.27101086e-07
2.422933435e-07
4.021028552e-07
1.347210886e-06
7.329590094e-07
1.042513234e-08
1.136080978e-09
6.844524727e-10
1.061631289e-09
5.885026132e-09
2.185678694e-09
5.666959383e-07
6.405287499e-07
2.706364126e-07
6.421014152e-07
7.018686654e-07
6.573567318e-06
6.804234754e-07
6.419345992e-07
3.328790602e-06
6.328536165e-07
6.686108633e-07
8.386237768e-07
7.563975324e-07
9.748008785e-07
7.831973288e-07
1.736119587e-06
3.028216348e-06
2.044282179e-06
4.278327241e-06
3.737843143e-06
1.321076639e-06
1.688041519e-06
8.795315653e-07
2.463011233e-07
8.548104663e-07
1.320364046e-06
1.22392582e-07
2.04338921e-06
1.884841019e-06
8.463591416e-08
1.1914821e-06
3.284402129e-07
5.747774601e-08
1.594492811e-07
1.621641755e-07
4.372349678e-08
2.920712496e-07
7.485671164e-07
1.79782101e-07
1.728014645e-06
3.034616886e-06
8.584763559e-07
3.844413879e-06
3.710442748e-06
2.483592191e-06
3.16224316e-06
2.77002052e-06
5.170059426e-06
2.09520037e-06
1.438877277e-06
1.500935068e-06
8.427580216e-07
4.300424045e-07
6.710424449e-07
2.334120988e-07
2.226133075e-07
1.459412518e-07
3.449396155e-07
5.19402838e-07
2.733197912e-07
7.499353099e-07
9.349241561e-07
9.710412121e-07
9.946917505e-07
8.858312606e-07
1.595894285e-06
6.244236424e-07
3.001829057e-07
9.619414418e-07
7.521283756e-08
1.33287517e-08
2.617665597e-08
1.163218032e-08
1.533168254e-08
5.226411507e-08
2.100700738e-09
4.821849405e-06
3.14477127e-06
7.5616154e-08
6.887658621e-09
2.666231581e-09
7.070564768e-09
9.563616922e-08
1.934842877e-08
1.436288058e-05
6.088050146e-11
1.677624502e-06
2.013484759e-15
4.105493903e-16
7.689288109e-07
1.445728386e-16
1.264819601e-16
5.150842807e-07
3.999169979e-08
9.780393265e-08
3.857636062e-07
3.461904402e-07
9.448408689e-07
6.575533523e-07
2.933296969e-07
2.218815191e-07
1.475074486e-06
2.204560923e-07
2.318026025e-07
9.907773543e-07
2.053545674e-07
1.990778371e-07
2.943625798e-07
1.726573078e-07
3.583265019e-07
1.026370692e-06
9.096139624e-07
2.002058307e-06
7.250178505e-06
3.238462374e-06
4.033271712e-06
2.982824136e-06
5.246722332e-06
7.717372812e-06
1.137456601e-06
1.22471448e-05
1.77846434e-05
3.281219485e-06
1.995184343e-05
1.589041259e-05
7.120382986e-06
9.518297699e-06
5.465696474e-06
5.71217791e-06
3.943983595e-06
3.832768836e-06
4.067647805e-06
2.711039586e-05
2.697317758e-05
1.113714226e-06
2.29634001e-05
1.702665322e-05
1.329480541e-06
1.052891119e-05
4.899425382e-06
1.339645026e-06
1.404934722e-06
5.038223982e-07
5.746618411e-07
6.618736129e-07
5.723154767e-07
7.705212004e-07
4.667859651e-07
3.179646237e-07
5.231292291e-07
1.722206541e-07
6.820365795e-08
1.29316575e-07
1.872801757e-08
6.140991871e-09
8.480577835e-09
5.002334807e-09
1.306992477e-08
7.271502274e-09
2.620066063e-06
2.119452772e-05
3.962549891e-06
2.214586476e-05
1.357851052e-05
4.961333429e-08
6.79051718e-06
3.464719118e-06
2.586163671e-07
1.809098102e-06
1.718847351e-07
4.622161487e-11
4.980618423e-11
2.235037284e-18
3.000403474e-18
2.364679229e-18
3.214150694e-17
3.432631078e-17
1.292061148e-08
1.24648141e-07
1.397171177e-07
8.359342531e-07
8.339418154e-07
1.024334419e-06
3.012953199e-07
1.683211766e-07
1.878115686e-07
1.277423569e-07
2.078169846e-07
1.417435301e-07
4.540273302e-07
3.582467599e-07
3.191173607e-07
3.788437234e-07
8.314587584e-07
5.773843182e-07
1.857963887e-06
3.654415933e-06
2.495361369e-06
6.423788155e-06
1.071373869e-05
6.60116579e-06
1.774028091e-05
3.146144727e-05
1.763424848e-05
5.643336989e-05
7.973654545e-05
4.783076103e-05
7.353412758e-05
4.165928672e-05
3.107234287e-05
1.450531957e-05
5.122193068e-06
5.195193914e-06
3.436172928e-06
3.419377894e-06
3.428429713e-06
3.176958073e-05
4.427844649e-05
4.69133031e-05
4.317042006e-05
3.259274528e-05
3.033211001e-05
1.925607619e-05
8.321603068e-06
7.875518087e-06
2.128463657e-06
2.719938981e-07
3.886044527e-07
3.076124049e-07
2.666746419e-07
4.051455879e-07
2.002444632e-07
1.279768418e-07
2.014671568e-07
6.813182042e-08
3.082962598e-08
4.184985939e-08
1.546855959e-08
1.44156086e-08
4.418579786e-09
2.34073425e-08
9.335684742e-08
1.036391169e-09
2.753292557e-06
2.648706889e-05
3.310917739e-05
7.246839512e-05
8.689677769e-05
4.295313122e-05
7.249012953e-05
4.68416876e-05
1.382475204e-05
2.282215637e-05
9.055221297e-06
2.384316892e-06
3.469201935e-06
4.439087751e-10
1.72131001e-10
3.714471473e-18
2.219114718e-15
1.4985928e-16
9.685000088e-09
5.356021509e-08
7.532685185e-08
4.457074941e-07
4.317583143e-07
6.095486465e-07
2.084116164e-07
2.159847481e-07
1.599593999e-07
4.306212022e-07
9.438559442e-07
4.39388508e-07
1.806523937e-06
1.795135913e-06
6.332605466e-07
2.376446828e-06
4.252284512e-06
1.572768452e-06
7.642371293e-06
1.291891016e-05
6.452584872e-06
2.031347845e-05
2.845512609e-05
1.87209027e-05
3.166275715e-05
2.439489932e-05
4.085103304e-05
1.078398623e-05
4.86404832e-06
3.724143739e-05
4.161503925e-06
4.518998754e-06
2.223537688e-05
3.970245657e-06
3.318460152e-06
6.148247547e-06
3.244346772e-06
3.64656424e-06
4.268987236e-06
3.35952839e-06
6.610151257e-06
2.362475919e-05
1.061575133e-05
1.132219358e-05
2.414592712e-05
8.250218319e-06
4.094085264e-06
6.700632289e-06
1.149654798e-06
1.160047751e-07
1.734673628e-07
1.406405815e-07
1.443581422e-07
1.885806351e-07
1.218970983e-07
8.879948028e-08
9.600775962e-08
6.269877604e-08
5.164485598e-08
3.500520928e-08
5.557961647e-08
8.909876353e-08
6.404297661e-08
1.262113584e-07
5.475355268e-08
5.089907835e-07
8.913317028e-10
6.553459312e-08
1.003424289e-05
1.202240481e-05
4.410475383e-05
0.0001060779103
5.716828596e-05
4.255222936e-05
0.0001341133426
7.928068733e-05
4.649978579e-05
2.541141394e-05
8.570412821e-06
4.169527013e-09
8.292320857e-10
2.866028277e-09
7.557321443e-14
1.158339519e-14
8.978990886e-09
1.911591807e-08
4.752712468e-08
7.477759222e-08
7.959451198e-08
2.091403718e-07
4.95375348e-08
7.224693388e-08
3.280072588e-07
1.687431235e-07
3.8439211e-07
1.597729428e-06
8.585051944e-07
1.718990317e-06
3.790666392e-06
3.682687662e-06
6.95181649e-06
8.610613501e-06
1.111342311e-05
1.540221337e-05
1.902917089e-05
1.970450698e-05
3.409503483e-05
3.739431916e-05
8.464501947e-06
2.906534663e-06
7.364438271e-06
1.699129497e-06
1.153606853e-06
1.497122792e-06
9.47521999e-07
1.115299852e-06
1.221181801e-06
1.658173654e-06
2.658641613e-06
2.205595336e-06
4.50656418e-06
8.078404564e-06
4.95638818e-06
9.413098448e-07
1.045443059e-06
3.474053322e-06
1.051476894e-06
7.567711596e-07
1.877558066e-06
3.180313941e-07
8.086014637e-08
8.779859484e-08
9.125121792e-08
9.854016073e-08
1.135226054e-07
9.752775306e-08
9.046663377e-08
8.695754765e-08
8.231106132e-08
7.51086222e-08
6.530980537e-08
6.638310581e-08
6.76397555e-08
7.706583958e-08
5.898896786e-08
3.913138488e-08
2.71965372e-08
5.746608608e-08
1.178530384e-07
2.387244533e-07
3.182640381e-07
8.013797262e-07
6.120194015e-06
8.301768963e-07
1.081067385e-06
5.627962114e-06
8.627207357e-06
2.553250772e-05
5.240771361e-05
8.54019704e-06
3.132109201e-06
6.035529076e-07
1.879905917e-06
9.891804374e-07
4.556734781e-07
4.774966719e-07
2.04235674e-07
8.734939953e-08
9.73790958e-08
6.439284354e-08
4.616210058e-08
5.046500139e-08
4.680761943e-08
4.033958495e-08
5.747505213e-08
9.605982531e-08
1.380372378e-07
1.957978161e-07
4.255520646e-07
7.38301519e-07
9.763484156e-07
2.212429896e-06
3.870117524e-06
4.386948596e-06
6.931103006e-06
1.013288182e-05
8.72167398e-06
9.62722268e-06
1.602116471e-05
4.598588711e-06
2.476613767e-06
2.439905428e-06
1.901080099e-06
1.779364022e-06
1.271289215e-06
2.06296285e-06
2.926609627e-06
1.630694521e-06
4.750640398e-06
8.411403585e-06
4.314321907e-06
1.111939732e-06
7.271934801e-07
5.751633279e-07
4.677536794e-07
2.998029816e-07
3.461907681e-07
1.880536331e-07
1.303842274e-07
9.386235416e-08
1.217627518e-07
1.205531986e-07
1.011314116e-07
1.194531564e-07
1.157851559e-07
9.973851943e-08
1.087425782e-07
9.80612612e-08
8.484708909e-08
8.457976604e-08
6.894606939e-08
6.534157369e-08
6.440515562e-08
5.781033682e-08
5.084601895e-08
5.72924122e-08
5.65919759e-08
7.688494756e-08
5.213600002e-08
3.199288859e-08
1.418233216e-07
4.164949768e-09
4.41172596e-08
2.324988498e-07
5.198303634e-07
1.645641168e-06
6.517870242e-06
1.778455309e-06
1.18135399e-06
2.651650454e-06
7.238418349e-07
4.468636719e-07
7.868897688e-07
3.878514497e-07
4.499548088e-07
2.967389759e-07
4.240362464e-07
3.340979666e-07
1.287041075e-07
2.567922696e-07
2.065120025e-07
8.042243573e-08
1.791212613e-07
1.747868448e-07
9.850440811e-08
2.0440994e-07
2.988261211e-07
2.97198807e-07
5.430594617e-07
1.140832246e-06
1.435742135e-06
2.388868692e-06
4.421124779e-06
5.242714425e-06
7.027453395e-06
9.543258016e-06
9.008761237e-06
8.364326711e-06
6.493217786e-06
3.482842849e-06
5.848079945e-06
6.780985385e-06
3.083493624e-06
9.450051962e-06
1.432212459e-05
6.247629746e-06
2.165907045e-05
3.027297101e-05
1.770528117e-05
2.829975677e-06
1.90217853e-06
1.187377878e-06
1.32210518e-06
8.683064838e-07
4.780748579e-07
5.524522977e-07
3.630584924e-07
2.062909495e-07
2.650847187e-07
2.172377751e-07
1.568539905e-07
1.90622136e-07
1.697910124e-07
1.392524918e-07
1.491379981e-07
1.279870617e-07
1.135731936e-07
1.056170116e-07
8.378664164e-08
7.638586359e-08
7.133506145e-08
6.108466972e-08
6.073949699e-08
5.071555855e-08
3.605386139e-08
4.435518614e-08
1.669716533e-08
7.316190651e-11
1.66338844e-10
3.489921045e-10
3.440069283e-09
9.109862302e-09
1.664106522e-08
1.298239595e-07
4.331523309e-07
1.158868821e-07
1.213596282e-07
3.363686199e-07
1.017581475e-07
1.214340156e-07
2.071821188e-07
2.785557454e-07
6.141886182e-07
5.699937404e-07
9.49887921e-07
1.12562398e-06
7.069435401e-07
1.13179759e-06
1.048826224e-06
5.183549359e-07
9.483146093e-07
8.714909749e-07
4.02708927e-07
8.459471747e-07
9.091561905e-07
4.70830043e-07
1.139573823e-06
1.694166474e-06
1.215470665e-06
2.812846166e-06
4.799477491e-06
4.2683572e-06
8.043512291e-06
1.269893359e-05
1.064462379e-05
1.672183712e-05
1.737605088e-05
1.178587175e-05
1.525473097e-05
1.457707459e-05
1.346013632e-05
1.547250928e-05
1.519857377e-05
2.288081972e-05
1.205036436e-05
7.212291835e-06
2.537579214e-05
3.28493531e-06
2.453452367e-06
1.509037193e-06
1.762140271e-06
1.223056447e-06
6.743325921e-07
8.272170535e-07
5.54825617e-07
3.302147871e-07
3.781681227e-07
2.672562143e-07
2.087834193e-07
1.9667078e-07
1.494467247e-07
1.39768577e-07
1.168267573e-07
9.435032941e-08
8.953209993e-08
7.592518883e-08
5.940878108e-08
6.038867792e-08
4.222705127e-08
2.447784913e-08
2.954052539e-08
8.710544121e-09
3.03050677e-11
4.085445158e-11
1.041934314e-10
2.15380622e-09
2.431568836e-09
3.33682764e-09
1.898723983e-08
4.499084482e-08
2.773718309e-08
4.100257534e-08
6.398300299e-08
6.491341123e-08
1.579112604e-07
1.133432149e-07
4.758601698e-07
5.189745822e-07
7.208022922e-07
1.513829082e-06
1.593563316e-06
1.417093099e-06
1.180570623e-06
1.273445988e-06
1.744761094e-06
1.816611144e-06
2.43861604e-06
1.633943028e-06
2.742229868e-06
2.997816353e-06
1.726021459e-06
3.456489986e-06
4.317380311e-06
2.679537335e-06
5.905432956e-06
8.87690285e-06
6.192242556e-06
1.436263335e-05
2.289818619e-05
1.644646201e-05
3.021682084e-05
2.699009459e-05
2.259126006e-05
1.349318579e-05
4.451738187e-06
8.142863706e-06
2.129024566e-06
1.734777945e-06
4.217832249e-06
4.120822653e-06
3.116418645e-06
2.048001329e-06
2.246780966e-06
1.50575976e-06
9.481438658e-07
9.20904534e-07
5.174071961e-07
3.655353907e-07
2.884861523e-07
1.837412684e-07
1.622035776e-07
1.361031457e-07
1.053400414e-07
9.928432423e-08
8.025938957e-08
5.762708127e-08
5.840109587e-08
3.644228402e-08
1.829619939e-08
2.084769043e-08
5.792874663e-09
3.096639126e-11
2.731997044e-11
1.083502686e-10
2.423505999e-09
2.076007478e-09
4.087164536e-09
1.908276101e-08
1.364082051e-08
3.182492246e-08
8.802750231e-08
4.384540712e-08
2.498150367e-07
6.48405644e-07
3.043033659e-07
1.675954337e-06
7.562350203e-06
3.831821918e-06
5.927398565e-06
8.845843539e-06
3.495462222e-06
1.275954335e-05
1.690280681e-05
6.288884165e-06
1.755045966e-05
1.147203411e-05
6.974731081e-06
7.412021124e-06
7.30646805e-06
4.901354277e-06
8.570682245e-06
1.08059955e-05
6.867707587e-06
1.471780703e-05
2.166050318e-05
1.368853914e-05
3.259945232e-05
4.34528579e-05
3.248984449e-05
3.898041779e-05
2.096990529e-05
2.56120847e-05
8.218888629e-06
3.211912549e-06
3.596047245e-06
8.256615235e-06
5.81174414e-06
4.376785836e-06
4.174349645e-06
2.842239568e-06
2.159387969e-06
1.78979807e-06
1.030186614e-06
7.300383724e-07
5.601145058e-07
3.171069994e-07
2.246288284e-07
2.009354349e-07
1.369589727e-07
1.146058447e-07
9.334748291e-08
5.987286333e-08
5.75784832e-08
3.374661069e-08
1.529760098e-08
1.643281359e-08
4.663993056e-09
2.864516249e-10
6.029185314e-11
1.068734922e-09
2.521765603e-08
5.938176078e-09
2.559361836e-08
7.865099305e-08
3.73447887e-08
1.637845344e-07
4.677605946e-07
2.108586161e-07
1.139445734e-06
2.343164813e-06
1.296409041e-06
4.64440827e-06
6.4038122e-06
7.279709968e-06
1.83956349e-05
3.31079342e-05
1.818101069e-05
4.431434957e-05
4.374574088e-05
3.115990876e-05
2.567445402e-05
1.202782306e-05
1.319446775e-05
1.0921801e-05
1.349852343e-05
1.027387224e-05
1.747569909e-05
2.311123791e-05
1.658274319e-05
3.09127804e-05
4.035177425e-05
3.237790726e-05
4.725865176e-05
4.177055239e-05
4.978078606e-05
1.88508252e-05
6.417038798e-06
1.378836711e-05
3.027457349e-06
1.751740767e-06
2.512415387e-06
6.5340498e-06
4.368125688e-06
3.55151833e-06
3.092554589e-06
2.182081961e-06
1.481948156e-06
1.50969233e-06
1.036806569e-06
5.421739155e-07
7.091962054e-07
4.721470769e-07
2.154481639e-07
2.948276534e-07
1.664792612e-07
7.667412954e-08
8.214242423e-08
3.55927741e-08
1.677890918e-08
1.674331484e-08
1.888556697e-08
2.269624701e-09
4.736346734e-08
1.788122347e-07
8.031263391e-08
1.832854134e-07
3.456840365e-07
1.660816274e-07
7.555839441e-07
1.73223384e-06
9.346822316e-07
3.575763377e-06
6.714235193e-06
3.971549437e-06
1.214258209e-05
1.540063685e-05
8.986650194e-06
5.3222958e-05
7.916773954e-05
5.516918759e-05
6.738630972e-05
3.025297048e-05
4.511960473e-05
9.570684178e-06
7.817204629e-06
9.958026622e-06
9.837265121e-06
1.275226123e-05
1.51438245e-05
1.604393209e-05
1.899936172e-05
2.554791551e-05
2.040389788e-05
1.913005825e-05
3.55371969e-05
1.593859013e-05
1.328819053e-05
2.295674017e-05
6.631465628e-06
3.398044312e-06
3.380133627e-06
3.928686975e-06
3.256970298e-06
1.931981706e-06
2.681140082e-06
2.118207289e-06
1.085188349e-06
1.556084937e-06
1.024811985e-06
4.628910665e-07
5.99939753e-07
3.509367703e-07
1.267044522e-07
3.028878826e-07
5.051832583e-07
1.133359963e-07
1.014630033e-06
5.297169644e-07
3.24930979e-07
7.738902838e-07
1.352492867e-06
6.985629437e-07
2.718276932e-06
5.752250842e-06
3.121851567e-06
1.161027524e-05
2.055213751e-05
1.175324765e-05
3.177836103e-05
3.973489267e-05
2.622235844e-05
7.307286799e-05
5.399493688e-05
8.280444016e-05
1.906553389e-05
5.578801447e-06
1.290671864e-05
3.660470031e-06
3.563970088e-06
5.51701442e-06
3.775253713e-06
4.018233288e-06
7.705449031e-06
4.192791858e-06
4.371494104e-06
9.146326561e-06
5.05523e-06
7.328139625e-06
8.855026928e-06
5.900682471e-06
4.325529511e-06
3.281197584e-06
2.795288824e-06
1.351947138e-06
1.358469878e-06
5.482587463e-07
2.406867835e-07
3.284662219e-07
1.508507028e-07
1.335834797e-07
3.186117594e-07
1.40202137e-07
1.952621061e-07
3.705880516e-07
2.191282138e-06
4.311159271e-06
2.481225177e-06
8.828391534e-06
1.932389868e-05
1.081522276e-05
3.310282314e-05
4.661155527e-05
3.309073776e-05
5.432332159e-05
4.94519658e-05
4.944615056e-05
3.225314493e-05
1.243609637e-05
2.51437668e-05
4.343384344e-06
2.36703126e-06
3.326589044e-06
1.877084288e-06
1.796433376e-06
2.340009154e-06
1.894220362e-06
2.156665736e-06
2.511150478e-06
2.694430608e-06
4.222332604e-06
3.452851937e-06
1.049505998e-07
6.711110033e-08
8.446990762e-08
4.968399728e-08
9.623548597e-08
1.269624522e-07
2.251014103e-06
9.500997209e-06
6.812885923e-06
2.256923641e-05
4.18784763e-05
3.061902596e-05
5.657558084e-05
6.273171747e-05
5.733689498e-05
5.232464216e-05
3.051159466e-05
4.098976865e-05
1.385245617e-05
6.872525471e-06
7.993310177e-06
3.775099197e-06
2.45872647e-06
2.155961208e-06
)
;

boundaryField
{
    dominio_ascii
    {
        type            zeroGradient;
    }
    wallFilmFaces_top
    {
        type            zeroGradient;
    }
    region0_to_wallFilmRegion_wallFilmFaces
    {
        type            zeroGradient;
    }
}


// ************************************************************************* //
