/*--------------------------------*- C++ -*----------------------------------*\
| =========                 |                                                 |
| \\      /  F ield         | OpenFOAM: The Open Source CFD Toolbox           |
|  \\    /   O peration     | Version:  2.1.x                                 |
|   \\  /    A nd           | Web:      www.OpenFOAM.org                      |
|    \\/     M anipulation  |                                                 |
\*---------------------------------------------------------------------------*/
FoamFile
{
    version     2.0;
    format      ascii;
    class       surfaceScalarField;
    location    "0.3";
    object      phi;
}
// * * * * * * * * * * * * * * * * * * * * * * * * * * * * * * * * * * * * * //

dimensions      [1 1 -1 0 0 0 0];

internalField   nonuniform List<scalar> 
5536
(
5.272549959e-12
-1.641639453e-10
2.806461646e-11
-5.600971421e-11
-1.716864463e-10
7.454147073e-11
-1.100253532e-10
-3.963714646e-10
1.697695004e-10
-2.582922471e-10
-7.857942799e-10
3.783715662e-10
-5.761746818e-10
-1.773260472e-09
-2.152580052e-09
-4.752555397e-10
2.442247023e-10
-7.911763316e-10
-5.933630089e-11
5.512262579e-10
1.27237169e-10
-4.750259131e-10
-8.036567359e-11
1.452123847e-10
3.492090068e-11
-1.327401509e-10
6.341312391e-12
1.496345728e-10
-1.660224703e-11
-1.594315842e-10
2.948258985e-11
1.531634857e-10
-4.701037831e-11
-1.642170594e-10
7.016706173e-11
4.184425554e-10
-1.273861901e-10
-4.613262448e-10
2.040725939e-10
8.225437756e-10
-3.130513278e-10
-9.064786825e-10
4.620074149e-10
1.385485095e-09
-6.610764704e-10
-1.478640769e-09
9.704366586e-10
4.795207023e-09
-1.598321755e-09
-3.726316132e-09
2.885597805e-09
1.09220947e-08
-8.156858885e-09
3.754594527e-09
-4.625747568e-09
-2.630222134e-09
-4.665341262e-09
1.91242758e-09
-2.518811685e-09
-1.378142295e-09
3.787662703e-09
8.294417301e-10
-2.868353824e-09
-9.024815281e-10
1.579952649e-09
5.657212855e-10
-1.418304785e-09
-3.517168305e-10
7.104032664e-10
2.306378034e-10
-6.500754036e-10
-1.562715325e-10
4.044751232e-10
1.04421169e-10
-3.50799087e-10
-6.314989712e-11
1.065839418e-10
2.955964695e-11
-7.933095888e-11
6.200629271e-12
1.959269054e-10
-2.461711692e-11
-2.584350353e-10
4.526969115e-11
2.010636752e-10
-6.451396351e-11
-2.640379583e-10
1.041227624e-10
5.12560361e-10
-1.643009893e-10
-5.62552706e-10
2.433467091e-10
1.01626676e-09
-3.734669152e-10
-1.11718346e-09
5.663753868e-10
1.678600118e-09
-8.119652356e-10
-1.92228148e-09
1.090533012e-09
3.229651276e-09
-1.440466729e-09
-3.119940769e-09
2.032926444e-09
6.336897651e-09
-2.892480862e-09
-4.891081289e-09
3.282205222e-09
4.622375326e-09
-2.864432359e-09
-4.212260396e-09
2.391500596e-09
4.195328843e-09
-2.238496806e-09
-4.045110882e-09
2.283099562e-09
-6.650761216e-09
1.095268716e-09
-1.810525648e-09
4.952240201e-10
-5.531176078e-10
-5.406970893e-10
1.986178591e-09
8.842008692e-10
-1.574803754e-09
-1.034549081e-09
2.498331218e-09
9.596330709e-10
-2.159371383e-09
-7.099929595e-10
1.292628121e-09
4.708158207e-10
-1.19293536e-09
-3.070426014e-10
6.113005196e-10
2.089406136e-10
-5.912782869e-10
-1.44818343e-10
3.230470852e-10
9.390231314e-11
-3.22210588e-10
-5.142649122e-11
6.959170153e-11
1.90499475e-11
-8.509185598e-11
2.94789623e-12
3.442929718e-10
-4.69795762e-11
-4.496218093e-10
8.870700344e-11
3.543731257e-10
-1.16939077e-10
-4.67666753e-10
1.770142035e-10
5.993828921e-10
-2.04835122e-10
-6.078163267e-10
2.635014981e-10
1.152611105e-09
-3.779012055e-10
-1.074399599e-09
5.589900923e-10
2.103418363e-09
-8.228991193e-10
-2.087839521e-09
1.170858042e-09
3.289171983e-09
-1.569745105e-09
-3.569282486e-09
1.952423624e-09
4.143308154e-09
-2.224041571e-09
-4.356247029e-09
2.340809087e-09
4.179887625e-09
-2.432416717e-09
-5.79166949e-09
2.603817178e-09
4.321526753e-09
-2.743759724e-09
-6.960773691e-09
2.691605643e-09
9.28038128e-09
-1.382474682e-09
-1.033626948e-08
-3.904836224e-09
7.472448971e-09
-3.086558208e-09
-1.151135521e-10
2.471096831e-09
-9.929603352e-10
-2.51626022e-09
3.508125285e-10
3.045026025e-10
-3.075385313e-10
-3.369514181e-10
4.171678874e-10
3.733619965e-10
-3.376358697e-10
-4.347120168e-10
1.18265122e-09
5.678563228e-10
-8.52501847e-10
-6.906744571e-10
1.858102225e-09
7.051642965e-10
-1.595034587e-09
-5.601323814e-10
1.108423497e-09
3.982737228e-10
-1.028840369e-09
-2.802027244e-10
5.8439805e-10
2.070936367e-10
-5.834169809e-10
-1.559979933e-10
3.423502002e-10
1.106435332e-10
-3.7662311e-10
-6.922565005e-11
1.243452871e-10
3.356614645e-11
-1.910636602e-10
1.768538797e-12
5.716944858e-10
-8.91014114e-11
-7.116871096e-10
1.657444215e-10
5.808710302e-10
-1.96556973e-10
-6.607153624e-10
2.187502162e-10
5.747011338e-10
-2.060580483e-10
-5.015405091e-10
2.199056262e-10
8.934809805e-10
-2.73456408e-10
-6.753954947e-10
3.824251671e-10
1.816761097e-09
-5.865028528e-10
-1.380139696e-09
9.489427664e-10
3.644486783e-09
-1.530760855e-09
-3.269740502e-09
2.325515104e-09
5.388449938e-09
-3.221135003e-09
-6.177300163e-09
4.507324356e-09
9.898193163e-09
-6.566837028e-09
-1.391320446e-08
9.362901651e-09
1.461762596e-08
-1.219529522e-08
-2.450375492e-08
1.37828435e-08
1.154740055e-08
-1.290489408e-08
-2.419760819e-08
9.248333441e-09
4.295993168e-09
-4.989178945e-09
-9.493149975e-09
3.043759655e-09
2.015784525e-09
-4.103363324e-09
-1.454662123e-09
3.785824448e-09
-3.307051688e-09
-2.634051953e-09
2.267660041e-10
1.947141214e-10
-1.96077485e-10
-2.265688291e-10
2.790720404e-10
2.562015863e-10
-2.5127666e-10
-2.835380579e-10
3.002517252e-10
3.040688127e-10
-2.831714578e-10
-3.169803642e-10
6.023852782e-10
3.593239645e-10
-4.352664624e-10
-4.402533936e-10
1.365127313e-09
5.125753764e-10
-1.162573191e-09
-4.35246848e-10
9.463437675e-10
3.272827458e-10
-8.57013336e-10
-2.487546916e-10
5.806523314e-10
2.050182895e-10
-5.695042954e-10
-1.756028171e-10
4.190600473e-10
1.465317575e-10
-4.622960789e-10
-1.192222126e-10
2.959782182e-10
8.96679725e-11
-4.513278508e-10
-9.596079736e-12
8.777379582e-10
-1.582621897e-10
-1.089494912e-09
2.913605127e-10
6.855071153e-10
-2.729535524e-10
-6.353635518e-10
2.241963628e-10
4.060233442e-10
-1.656071667e-10
-3.064220436e-10
1.413784063e-10
4.813930794e-10
-1.547761432e-10
-3.335843523e-10
2.069290979e-10
9.490661184e-10
-3.171013688e-10
-6.344918963e-10
5.534411053e-10
2.620834447e-09
-1.062166718e-09
-2.079156052e-09
2.036882658e-09
5.837955914e-09
-3.40546904e-09
-4.871425837e-09
5.491850865e-09
1.391681265e-08
-8.632841577e-09
-1.063237567e-08
1.314380279e-08
2.769650559e-08
-1.923203015e-08
-2.225067351e-08
2.650134603e-08
3.680968777e-08
-3.315093434e-08
-3.821482005e-08
3.563200091e-08
2.112075938e-08
-3.065856854e-08
-3.336137949e-08
1.928507878e-08
4.352428845e-09
-8.672586683e-09
-8.346925102e-09
3.328591358e-09
2.504969996e-09
-1.974091589e-09
-2.135352e-09
1.838243118e-09
-1.830949466e-09
-1.917761441e-09
1.322789156e-10
-1.317622202e-10
-1.376412876e-10
1.564877215e-10
1.732625077e-10
-1.522579052e-10
-1.782741497e-10
2.230159492e-10
2.026655668e-10
-1.962100362e-10
-2.288165595e-10
2.683891571e-10
2.542315414e-10
-2.490145281e-10
-2.719265963e-10
3.374971077e-10
2.78743885e-10
-2.844598121e-10
-3.01500128e-10
9.822147246e-10
3.682914339e-10
-8.202981758e-10
-3.264202103e-10
7.616208608e-10
2.52023151e-10
-6.650241781e-10
-2.020916273e-10
5.465215181e-10
1.827620299e-10
-5.129404845e-10
-1.75738224e-10
4.964039695e-10
1.689582575e-10
-5.13840454e-10
-1.743334361e-10
6.653241775e-10
2.025769937e-10
-9.09354554e-10
-1.275262496e-10
1.367883627e-09
-1.162629028e-10
-1.678369811e-09
3.566157829e-10
5.063508049e-10
-2.592590029e-10
-3.358381539e-10
1.619556344e-10
2.144583323e-10
-9.745165666e-11
-1.384106245e-10
7.691773702e-11
2.26493766e-10
-8.261999103e-11
-1.499870768e-10
1.093530883e-10
4.369205106e-10
-1.62033463e-10
-3.081786778e-10
3.21833064e-10
1.734915697e-09
-7.268832328e-10
-1.432871402e-09
1.524712949e-09
3.951290874e-09
-2.53901994e-09
-3.139564151e-09
3.536775256e-09
7.123805637e-09
-4.682336927e-09
-4.686691306e-09
6.339105971e-09
1.423078639e-08
-9.00649042e-09
-8.300746193e-09
1.3358791e-08
2.935010181e-08
-2.005334079e-08
-1.847135058e-08
2.871760441e-08
3.711632372e-08
-3.609604362e-08
-3.155036685e-08
3.637089051e-08
1.454941861e-08
-2.679578819e-08
-1.910518294e-08
1.298230853e-08
2.145520438e-09
-4.285232853e-09
-2.581609845e-09
1.706399969e-09
1.368923781e-09
-1.045835222e-09
1.280064359e-09
-1.288869952e-09
-9.401872147e-11
-1.22315674e-10
1.247281563e-10
1.075134205e-10
-1.723977354e-10
-9.265994268e-11
1.305289205e-10
1.128489971e-10
-1.079903936e-10
-1.362461435e-10
1.706896569e-10
1.603124231e-10
-1.458467541e-10
-1.851776963e-10
2.251427984e-10
2.100991755e-10
-1.965733184e-10
-2.368986334e-10
2.520952825e-10
2.317475321e-10
-2.241442887e-10
-2.457031288e-10
6.746207963e-10
2.607587908e-10
-5.449650223e-10
-2.387112023e-10
5.737564208e-10
1.875353554e-10
-4.932462642e-10
-1.552770596e-10
4.733601233e-10
1.491772433e-10
-4.319770794e-10
-1.545956989e-10
5.167505603e-10
1.584544979e-10
-4.987044825e-10
-1.684052429e-10
1.114989983e-09
2.29606642e-10
-1.172192399e-09
-3.785910736e-10
1.89039874e-09
2.938589153e-10
-1.901896791e-09
1.762247727e-10
1.788594064e-10
-1.154166966e-10
-7.848537983e-11
5.441565283e-11
8.493557027e-11
-3.321285397e-11
-5.371994655e-11
3.327196981e-11
9.772291477e-11
-4.096310078e-11
-6.46835133e-11
5.726672778e-11
2.120901208e-10
-8.083524469e-11
-1.408158462e-10
1.886024e-10
1.098031187e-09
-4.451864407e-10
-7.761055307e-10
9.362335716e-10
2.378065531e-09
-1.557701328e-09
-1.707012497e-09
2.015164577e-09
3.142500612e-09
-2.355611731e-09
-2.139546436e-09
2.773021342e-09
4.886592951e-09
-3.459579179e-09
-3.015411415e-09
4.66190411e-09
1.058564197e-08
-6.820723628e-09
-5.969976175e-09
1.062429249e-08
2.22668814e-08
-1.641382957e-08
-1.404152276e-08
2.245351755e-08
1.937250838e-08
-2.431817401e-08
-1.634264715e-08
1.878083787e-08
3.283632837e-09
-9.063706379e-09
-3.811085318e-09
2.764774421e-09
7.611424736e-10
-1.012619234e-09
-5.462757913e-10
7.066752423e-10
3.487271735e-10
-2.382595513e-10
3.554476576e-10
-5.50302603e-10
9.181324593e-11
3.585282197e-10
-1.692376099e-09
-5.874937598e-10
3.921861872e-10
4.293662957e-10
-1.064128816e-09
-4.794306648e-11
8.356863979e-11
4.755527634e-11
-7.457776317e-11
-5.712749018e-11
1.20154177e-10
7.183578815e-11
-1.009343434e-10
-9.257713012e-11
1.653067334e-10
1.234006112e-10
-1.296685515e-10
-1.589937506e-10
2.012286199e-10
1.826059187e-10
-1.757647987e-10
-1.987391063e-10
4.332692937e-10
1.870655073e-10
-3.425964238e-10
-1.771698983e-10
4.261232839e-10
1.448862805e-10
-3.719412645e-10
-1.253903131e-10
3.918104402e-10
1.236623295e-10
-3.57103835e-10
-1.286776864e-10
4.255410804e-10
1.358933567e-10
-3.132418222e-10
-1.524470096e-10
8.792281462e-10
1.845279352e-10
-4.586627051e-10
-2.274543982e-10
2.232738484e-09
2.662246323e-10
-6.26607876e-09
-3.162224491e-11
6.453629884e-11
-1.985717826e-11
-1.131331641e-10
1.788078258e-11
3.860594094e-11
-1.422033846e-11
-3.49782164e-11
1.744082261e-11
4.586790102e-11
-2.269476628e-11
-3.7727225e-11
3.525122679e-11
9.826992401e-11
-5.04789152e-11
-7.65644964e-11
8.207205199e-11
5.100493392e-10
-1.810975874e-10
-3.082325451e-10
4.151378e-10
1.16074148e-09
-7.389775125e-10
-7.403667154e-10
9.943977751e-10
1.473354091e-09
-1.192697929e-09
-1.03121692e-09
1.400789716e-09
1.951953275e-09
-1.660726792e-09
-1.319079499e-09
2.017080092e-09
3.440859929e-09
-2.588447958e-09
-2.053311997e-09
3.650526199e-09
8.384697498e-09
-5.64146978e-09
-4.971464705e-09
8.775712036e-09
1.230988973e-08
-1.202950947e-08
-8.824492541e-09
1.265283873e-08
3.825553122e-09
-8.683625504e-09
-3.375770166e-09
3.264732002e-09
3.807169097e-10
-8.395117442e-10
-2.665238095e-10
3.454459955e-10
1.793287101e-10
-2.343215023e-10
-1.48892251e-10
1.870179993e-10
-1.272770276e-10
-1.639178919e-10
-7.878497019e-09
-1.521976183e-08
1.678007219e-08
6.964189164e-09
-9.087002564e-09
-1.170079371e-08
1.942552781e-09
4.09539912e-09
-2.087216477e-09
-1.173295639e-10
5.926309618e-11
4.756858457e-11
-4.146862467e-11
-6.356738543e-11
8.004890934e-11
8.359195322e-11
-5.707929312e-11
-1.090679231e-10
1.270702056e-10
1.366697009e-10
-1.184384896e-10
-1.507272977e-10
1.608727691e-10
1.510958057e-10
-1.623375942e-10
-1.509910192e-10
2.745873222e-10
1.573739185e-10
-2.278908319e-10
-1.379181281e-10
3.279921391e-10
1.206441937e-10
-2.904158998e-10
-1.122547388e-10
3.291207992e-10
1.077256262e-10
-3.019110132e-10
-9.377452715e-11
2.155544317e-10
6.917927147e-11
-1.44311411e-10
-4.534828389e-11
1.790291037e-10
3.139420042e-11
-5.872438364e-11
-8.072438725e-12
2.196626104e-08
-3.054718928e-12
-5.003879661e-08
-8.210222564e-11
2.965432301e-10
-2.676190988e-11
-7.230917205e-10
8.972224418e-11
4.540021656e-11
-4.715921206e-11
-7.4235011e-11
2.501826818e-11
4.105507581e-11
-2.130054731e-11
-6.661287505e-11
3.445883254e-11
6.917220175e-11
-4.6315551e-11
-8.07048972e-11
5.35428235e-11
1.713332742e-10
-7.518095747e-11
-9.962789459e-11
1.397076394e-10
4.386876317e-10
-2.546282094e-10
-2.416231882e-10
3.980228291e-10
7.329189741e-10
-5.655414368e-10
-4.997912957e-10
7.422736515e-10
9.265403572e-10
-8.942473643e-10
-6.580069638e-10
1.002730871e-09
1.28494716e-09
-1.118741657e-09
-8.77554261e-10
1.393290612e-09
3.094578516e-09
-2.091423027e-09
-2.177960748e-09
3.543887941e-09
6.361240801e-09
-5.692412906e-09
-4.74547008e-09
7.14182863e-09
2.687153143e-09
-5.725737271e-09
-1.950049734e-09
2.29517474e-09
2.093096517e-10
-5.280726161e-10
-1.843188046e-10
1.936446e-10
1.237204319e-10
-1.409789466e-10
-1.012497369e-10
1.317919239e-10
1.247260217e-10
-1.090732792e-10
1.7372482e-10
-1.410179087e-10
4.855412793e-09
3.296068286e-10
-1.508759171e-08
1.365191352e-08
5.721838597e-09
-3.963371475e-10
-8.655739773e-09
1.458457309e-09
3.298784921e-09
-4.140603013e-10
-6.353940431e-10
4.117136897e-11
1.183296722e-10
-5.029503818e-11
-8.267714644e-11
5.402116665e-11
8.161839864e-11
-6.779795886e-11
-8.961208823e-11
8.38059303e-11
1.068223691e-10
-1.766059464e-10
-1.265779848e-10
1.712372123e-10
1.477090786e-10
-2.504901407e-10
-1.651189891e-10
1.9499037e-10
1.406150091e-10
-1.843884352e-10
-1.130214712e-10
2.550976472e-10
1.064461218e-10
-2.186346594e-10
-1.041167542e-10
2.688332514e-10
9.346816588e-11
-2.272459614e-10
-6.549198349e-11
9.381601737e-11
2.969721375e-11
-5.599175187e-11
-6.115814443e-12
1.567776375e-11
7.544352225e-13
-3.612773435e-12
1.557743976e-12
7.364087154e-08
-1.641522826e-12
-6.885854482e-08
8.62839884e-10
1.442063967e-09
-1.069561379e-09
-1.861556697e-09
5.326883728e-10
1.192511445e-10
-2.232607114e-10
-1.584918443e-10
8.647645807e-11
1.468044444e-10
-5.235243161e-11
-3.592362753e-10
1.151065506e-10
1.279345261e-10
-1.311908722e-10
-2.385822273e-10
1.024069156e-10
8.306688239e-11
-8.018256878e-11
-1.055018514e-10
7.241440565e-11
1.248146105e-10
-8.245319221e-11
-9.119884793e-11
1.148657618e-10
2.535950428e-10
-1.703327223e-10
-1.340710659e-10
2.491056355e-10
4.104461959e-10
-3.522643985e-10
-2.478960418e-10
4.8280208e-10
7.003400973e-10
-6.625555466e-10
-5.401597146e-10
9.578843696e-10
1.771799521e-09
-1.503570417e-09
-1.443989921e-09
2.476946275e-09
3.585877308e-09
-3.773483575e-09
-2.58742787e-09
4.398474131e-09
1.264865775e-09
-3.106161497e-09
-7.02559004e-10
1.143577023e-09
1.661082862e-10
-3.598182682e-10
-1.509462196e-10
1.888994108e-10
9.174440578e-11
-1.480502916e-10
-9.916728574e-11
1.336782809e-10
8.273913694e-11
-7.104348136e-11
1.422625645e-10
-1.297882631e-10
-5.039392884e-11
1.232423184e-10
1.188901945e-11
-1.33883617e-10
2.824887904e-11
1.233233874e-10
-5.050950644e-11
-1.185637181e-10
2.201488618e-11
1.197046438e-10
-5.439369531e-11
-1.088984115e-10
5.662463962e-11
1.16122354e-10
-1.308483233e-10
-1.808382875e-10
2.225192414e-10
4.409197854e-10
-1.317294243e-09
-1.037127621e-09
7.503985252e-10
1.636871703e-09
-1.998784951e-09
-1.676900599e-09
6.071874491e-10
1.228656762e-09
-9.401395938e-10
-6.708631407e-10
1.956966022e-10
2.698233313e-10
-1.833863768e-10
-9.658025189e-11
1.79508095e-10
9.06202768e-11
-1.395331217e-10
-8.537664419e-11
1.806091169e-10
6.87630362e-11
-1.367149063e-10
-3.786191809e-11
2.843412239e-11
9.1056111e-12
-1.193257631e-11
-4.395579756e-13
8.716524505e-13
-2.10966072e-13
-1.549273892e-13
1.181493708e-13
3.447418676e-08
1.347790455e-09
-1.30756726e-11
1.855886839e-09
1.221457521e-09
-1.165966848e-09
-2.08009306e-11
6.08782116e-10
1.852379674e-10
-3.628781948e-10
-4.36721078e-10
2.140316931e-10
8.321845285e-10
-2.940609943e-10
-1.851827155e-09
6.854616181e-10
4.615907392e-10
-6.892790049e-10
-8.395968313e-10
4.833484067e-10
1.599735451e-10
-2.878886432e-10
-2.304669888e-10
1.609038809e-10
9.271724863e-11
-1.064443576e-10
-1.011630236e-10
9.750531538e-11
1.162593343e-10
-1.137486018e-10
-1.242269737e-10
1.478970606e-10
2.07098264e-10
-2.031991107e-10
-2.004033451e-10
2.958157778e-10
4.626164519e-10
-4.521144202e-10
-4.15784137e-10
7.117206079e-10
1.18913259e-09
-1.136950549e-09
-9.468527099e-10
1.755195711e-09
1.698396418e-09
-2.289188803e-09
-8.995767988e-10
2.016683549e-09
3.646208627e-10
-1.002462875e-09
-2.11286864e-10
4.811883016e-10
1.401359247e-10
-3.296043404e-10
-1.338125169e-10
2.953839778e-10
1.171980981e-10
-3.038967136e-10
-1.3771957e-10
3.207414293e-10
9.032645743e-11
-3.243254757e-10
-1.278147682e-10
3.057767443e-10
7.004216799e-11
-7.683444363e-11
-2.718042573e-10
1.139700765e-10
3.15452584e-11
-3.790856682e-11
-1.239939136e-10
5.08584542e-11
1.269855869e-10
-4.801237672e-11
-1.293505686e-10
5.916676763e-11
1.435033951e-10
-1.048713388e-10
-3.568653413e-10
7.699245636e-10
1.872323781e-09
-2.146448383e-09
-5.466937743e-09
3.134067893e-09
7.63595794e-09
-3.145232979e-09
-7.054955821e-09
2.282735772e-09
5.110872768e-09
-1.641490231e-09
-3.104023404e-09
8.096231291e-10
1.614162225e-09
-5.662224577e-10
-7.142562859e-10
1.559756181e-10
2.650592073e-10
-1.534362811e-10
-9.57838012e-11
1.03422189e-10
6.747052439e-11
-7.639647472e-11
-5.696640052e-11
1.030839259e-10
4.400552468e-11
-8.254195846e-11
-2.214744244e-11
4.603165636e-12
1.559559998e-12
-2.43506112e-12
-2.357102907e-14
6.934583048e-14
-1.994745677e-14
-7.616202099e-14
4.07006722e-14
2.460425245e-12
-1.110313273e-13
-5.457318886e-12
3.082106629e-12
4.503535392e-11
-8.245367523e-12
-1.42520567e-10
5.962887189e-11
2.297549477e-09
-3.192573871e-09
-8.552140905e-09
3.542582297e-09
3.460525745e-09
-3.801105946e-09
-5.371750798e-09
3.394477878e-09
1.324472597e-09
-2.552618961e-09
-1.403814047e-09
1.534844892e-09
2.733304242e-10
-7.501858605e-10
-2.099890263e-10
3.28799723e-10
1.08074696e-10
-1.70911904e-10
-1.101115419e-10
1.406726923e-10
1.296953667e-10
-1.586926971e-10
-1.357026975e-10
1.957526951e-10
1.936115952e-10
-2.469909517e-10
-1.803914072e-10
3.214799329e-10
3.670856703e-10
-4.382343648e-10
-2.957084339e-10
6.14719159e-10
6.698180389e-10
-8.352917829e-10
-3.417570417e-10
9.456398442e-10
2.980234024e-10
-7.275579879e-10
-6.395979166e-11
4.432488761e-10
1.403182467e-10
-3.259181485e-10
-6.740750228e-11
2.942657121e-10
1.37676682e-10
-3.26776351e-10
-1.272730709e-10
4.189984007e-10
1.682739221e-10
-5.61068397e-10
-2.136691441e-10
7.358749683e-10
1.835515132e-10
-9.131566511e-10
-3.009985747e-10
1.045892321e-09
7.148206314e-11
9.63533043e-11
-1.077745124e-09
3.469722015e-11
-3.181159043e-11
-1.342596228e-10
1.441478801e-10
3.8276104e-11
-3.950243355e-11
-1.453745799e-10
4.264753574e-11
1.402226692e-10
-3.519276085e-11
-1.665499287e-10
2.001679296e-10
5.712403606e-10
-1.487423695e-10
-2.764204791e-09
2.246988822e-09
6.060059689e-09
-1.107718877e-09
-6.777663924e-09
1.974134154e-09
5.49175938e-09
-7.687776514e-10
-3.820986407e-09
9.453520718e-10
2.452045049e-09
-4.098220212e-10
-1.473583233e-09
3.597787356e-10
8.230592153e-10
-1.683617469e-10
-4.383512375e-10
1.405604477e-10
2.457200077e-10
-7.465272189e-11
-1.632704526e-10
5.960336789e-11
3.116488622e-11
-3.712170396e-11
-3.458555297e-11
7.199364582e-11
3.498086149e-11
-6.52357594e-11
-2.550013044e-11
2.192650579e-12
7.522885478e-13
-2.48587063e-12
-3.724981665e-14
1.026258844e-13
-2.464663959e-14
-1.439194454e-13
6.879743345e-14
1.037192412e-11
-2.689148677e-13
-2.077894977e-11
1.110180643e-11
3.474775196e-10
-2.724649687e-11
-5.164830349e-10
4.995752626e-10
1.843955367e-08
-2.138229978e-08
-1.984943205e-08
2.755286098e-08
6.757004375e-09
-1.935533025e-08
-6.777034308e-09
1.076241456e-08
1.4941691e-09
-5.309770932e-09
-1.11201995e-09
2.333686549e-09
2.062163944e-10
-8.815696521e-10
-1.567886328e-10
3.538151137e-10
1.240141284e-10
-2.37529714e-10
-1.258309338e-10
2.39649923e-10
1.369386546e-10
-2.59890051e-10
-1.092480059e-10
2.718778716e-10
1.460038527e-10
-2.739990124e-10
-7.801574728e-11
2.746736837e-10
1.830748971e-10
-2.833007374e-10
-4.424597067e-11
2.988090343e-10
7.712232602e-11
-2.656152706e-10
-1.504157886e-11
1.935590592e-10
2.971901343e-11
-1.566339377e-10
-1.260205302e-11
1.244461233e-10
2.810854827e-11
-1.055966379e-10
-1.192763305e-11
1.187327452e-10
7.387891414e-11
-1.911046254e-10
-3.840722061e-11
3.491151739e-10
1.849727385e-10
-6.16349094e-10
-1.077216083e-10
1.025422798e-09
3.745372576e-10
-1.626773218e-09
-2.305812915e-10
2.477699504e-09
6.387126537e-10
-4.357007039e-10
4.875118977e-09
-3.599216688e-09
3.428460484e-11
-2.238131203e-11
-2.422949618e-10
2.263426173e-10
3.95384345e-11
-2.580066528e-11
-1.939942443e-10
2.742994136e-11
1.53862752e-10
-1.476482128e-11
-1.135471955e-10
1.857468598e-11
7.795421163e-11
-4.312173758e-12
-4.910674668e-11
1.539854527e-11
3.054106052e-11
-6.846550083e-13
-2.567131912e-11
2.191856658e-11
4.221717442e-11
-8.328869955e-13
-1.003439265e-10
1.001330185e-10
2.167962978e-10
6.94805172e-12
-3.467367355e-10
3.668456888e-11
3.573520783e-10
1.510260285e-10
-2.101901122e-10
-3.414294073e-12
6.754846288e-11
3.890009373e-11
-1.499397431e-11
8.951261296e-12
1.719959526e-11
-7.371498326e-13
-2.073463849e-11
5.629719597e-11
3.375746858e-11
-4.11205582e-11
-4.007056057e-11
2.956608648e-12
8.877728641e-13
-3.487184893e-12
-9.747501265e-14
2.075553111e-13
-6.11441984e-14
-3.128936625e-13
1.80975343e-13
4.416996134e-11
-9.366167523e-13
-9.905608538e-11
5.807225769e-11
6.008230752e-11
-9.010884589e-11
-7.298489388e-11
1.042197232e-10
7.819909312e-10
-1.718224834e-09
-4.308089091e-11
1.720068172e-09
2.513322313e-10
-1.046042352e-09
-4.811307698e-11
4.594947683e-10
7.486055517e-11
-1.789152928e-10
-4.960050934e-11
1.06036781e-10
1.096865212e-10
-1.112181382e-10
-8.062713805e-11
1.539519827e-10
1.164009682e-10
-1.895574959e-10
-3.211398517e-11
1.563232354e-10
3.911804901e-11
-8.784219912e-11
-1.46273882e-11
5.651307589e-11
6.087806912e-12
-3.591661061e-11
-1.127970945e-12
2.508090591e-11
2.398574147e-12
-1.821058334e-11
-3.193515613e-12
1.395514747e-11
1.365173168e-12
-1.106584885e-11
-2.295899831e-12
9.26082832e-12
2.021592002e-12
-1.127339908e-11
2.046690465e-13
1.002832899e-11
3.374099705e-12
-1.162596298e-11
1.667027453e-13
1.972691928e-11
1.420204268e-11
-4.267037444e-11
5.559331586e-13
9.254206861e-11
4.403901959e-11
-1.801898669e-10
3.193747693e-12
3.117766897e-10
9.63519346e-11
-4.918015249e-10
7.197706128e-12
7.295418501e-10
1.800228925e-10
9.284825604e-12
1.480849508e-09
-1.045474858e-09
-1.009128517e-11
2.531798738e-11
-1.396144215e-10
1.265012567e-10
-9.18642836e-12
2.317873918e-11
-1.041014911e-10
-5.323361071e-12
7.412858655e-11
1.523152873e-11
-4.388009985e-11
-2.40540146e-12
2.184595705e-11
6.132583187e-12
-1.124739847e-11
-1.333099673e-12
1.190489629e-11
5.370090995e-12
-2.834556308e-11
-1.427330436e-11
7.313528164e-11
4.57065863e-11
-1.550334698e-10
-1.090525281e-10
2.54077824e-10
1.617504932e-10
-3.209886693e-10
-2.438064569e-10
3.034762631e-10
2.142237506e-10
-1.867767202e-10
-6.630567678e-11
5.698331328e-11
5.267029885e-11
-7.765017527e-12
-5.187514337e-12
1.023158451e-11
8.236521391e-12
-1.286278254e-11
1.666943976e-11
1.362480193e-11
-8.59184917e-14
-2.681869244e-11
4.120918931e-12
1.095053118e-12
-4.258243637e-12
-2.956710468e-13
4.846470472e-13
1.421608594e-13
-8.577238188e-13
4.443045514e-13
2.147839597e-10
-3.511355521e-12
-4.837420084e-10
3.311415901e-10
6.462352298e-11
-2.563891133e-10
4.748831005e-19
2.077575738e-10
3.930552259e-11
-1.707329972e-10
4.281362279e-20
1.411870627e-10
2.756318307e-11
-1.163665926e-10
1.250052304e-11
8.379266103e-11
1.962175337e-11
-6.614454745e-11
7.495456773e-12
5.426146834e-11
3.552134358e-11
-5.807442831e-11
1.011947134e-11
7.475427542e-11
5.225413571e-12
-8.039399749e-11
1.21098038e-11
6.54958818e-11
-1.519302937e-11
-5.1717754e-11
9.185741075e-12
3.811693725e-11
2.795431571e-12
-3.795677274e-11
3.810247016e-12
4.26745749e-11
1.387710212e-11
-1.317565731e-10
4.156424028e-11
3.717784752e-10
-5.562006323e-12
-5.997089215e-10
1.467359934e-10
4.235435082e-10
-6.70471051e-12
-2.349916568e-10
4.946538294e-11
1.519053662e-10
-1.108573485e-11
-1.374585813e-10
6.989239368e-11
2.014467089e-10
-5.800829952e-11
-3.500925264e-10
2.016548423e-10
5.369111455e-10
-1.152007441e-10
-6.435606848e-10
2.3108581e-10
5.960339605e-10
-8.141028551e-11
-4.700186581e-10
1.167970812e-10
3.700331903e-10
-6.534020076e-11
1.053323946e-10
3.759571467e-10
-3.380758183e-10
-4.971042133e-11
9.810805308e-11
-1.840543357e-10
1.252712759e-10
-3.897433433e-11
8.909998423e-11
-8.710474857e-11
-1.950772851e-11
8.543401237e-11
6.096222799e-11
-1.308707508e-10
-8.205629517e-12
1.926727323e-10
1.108191797e-10
-1.90796559e-10
-1.528195241e-11
1.314387377e-10
3.980339864e-11
-1.362466458e-10
-9.235616795e-11
2.003170302e-10
1.040002921e-10
-2.46515418e-10
-1.651397695e-10
2.530627928e-10
1.367597541e-10
-2.154648905e-10
-1.410990239e-10
1.467516354e-10
8.768577741e-11
-7.240518741e-11
-2.791605557e-11
2.208647095e-11
1.559473889e-11
-6.449703296e-12
-7.005165092e-12
5.071788385e-12
4.937165863e-12
-3.215588226e-12
3.049765408e-12
2.639410315e-12
-7.665709934e-11
1.906441049e-12
4.063283439e-12
4.751869878e-12
2.485855795e-11
-4.87188385e-12
1.210254882e-12
5.452673633e-12
8.3246689e-12
-6.802957986e-12
9.144309852e-11
-9.017956008e-13
4.405375758e-10
-6.008169731e-15
-1.117612738e-19
9.820715734e-20
4.34679987e-20
-8.270459726e-22
-2.059415187e-21
3.577186374e-22
1.304320127e-21
6.309571115e-22
-6.417336928e-12
-8.507528457e-21
3.951063773e-12
2.874200797e-12
-2.577889439e-11
-4.11718197e-12
5.253492149e-11
4.753738162e-12
-1.303194239e-11
-1.625376184e-11
1.479263378e-11
1.404593125e-11
-7.232024437e-12
-9.833937817e-12
5.106367534e-12
7.117043325e-12
-5.398994938e-12
-7.244966817e-12
6.225020014e-12
1.085362437e-11
-1.392299829e-11
-3.810433404e-11
2.79087517e-11
5.739703698e-11
-5.557993468e-11
-1.101508905e-10
9.221818314e-11
2.316663724e-10
-1.709835362e-10
-4.508675386e-10
2.780960279e-10
7.801789227e-10
-2.896545166e-10
-1.259146398e-09
6.85390974e-10
2.041663778e-09
-6.25464621e-10
-3.494730427e-09
1.564055703e-09
5.951913497e-09
-8.775343178e-10
-8.039381916e-09
1.086112938e-09
6.935009242e-09
-3.58323995e-10
-3.396288606e-09
3.682389341e-10
1.062262687e-09
-1.141461199e-10
-3.728727801e-10
1.035991205e-10
2.383578776e-10
-1.143642185e-10
1.059322225e-10
2.70332582e-10
-2.341192951e-10
-5.26959284e-10
-3.713153582e-09
9.015667015e-09
-2.327308062e-09
3.630629502e-09
-1.250274806e-08
-2.34357004e-09
1.208042707e-08
4.477491744e-09
-9.066066018e-09
-1.048688576e-09
5.263962321e-09
1.915659268e-09
-2.194479998e-09
-1.3408191e-10
5.534236184e-10
2.088453445e-10
-1.010774897e-10
-1.040191567e-10
1.307400332e-10
7.709942155e-11
-1.323911079e-10
-1.02753406e-10
1.157426574e-10
7.342375379e-11
-8.348181229e-11
-5.431573014e-11
4.836672621e-11
3.426196126e-11
-2.150849485e-11
-9.396903883e-12
7.621421121e-12
5.42988683e-12
-2.822798786e-12
-4.069077939e-12
1.792499745e-12
1.872434791e-12
-3.95932741e-13
-3.849557994e-11
-3.365701582e-15
1.79539404e-11
-3.284491197e-09
-5.198639159e-09
1.853431902e-08
1.329424261e-08
-1.976499904e-08
-2.047289265e-09
1.342612903e-08
8.5620646e-09
-7.094155526e-09
-5.393943822e-10
3.004134704e-09
2.105637485e-09
-1.00607284e-09
-6.968635359e-15
3.725438573e-10
2.122840457e-10
-2.898116862e-14
-9.508342281e-22
9.023030562e-23
8.536299685e-22
1.838736968e-22
-2.666390732e-12
-1.945763387e-20
1.890021488e-12
1.111954127e-12
-6.46689316e-11
-3.889417208e-12
6.194220937e-11
1.211884406e-11
-1.585675107e-11
-1.651061529e-11
1.302638369e-11
1.041002617e-11
-4.928749313e-12
-6.696960989e-12
7.287314652e-12
8.083058551e-12
-1.272538734e-11
-1.757293366e-11
2.565464874e-11
3.78082388e-11
-3.464234305e-11
-5.775421255e-11
4.731481479e-11
1.046372728e-10
-1.403807583e-10
-2.375903851e-10
2.298049482e-10
5.282058739e-10
-4.637738539e-10
-1.072284185e-09
8.024153449e-10
2.009110424e-09
-1.289519206e-09
-3.475860123e-09
1.981215099e-09
5.318972915e-09
-2.108893105e-09
-7.539526435e-09
-5.354438192e-12
8.190720658e-09
7.5686782e-10
-5.450434122e-09
-2.541119821e-10
3.265465918e-09
-1.192999688e-10
-1.764984215e-09
7.657865459e-11
7.20080034e-10
-9.707499879e-11
-3.307343844e-10
1.061274789e-10
2.462028675e-10
-9.87760526e-11
7.641299115e-11
2.867408706e-10
-2.359256594e-10
1.430742299e-09
-2.334586527e-09
6.708482344e-10
-3.991616208e-09
-4.418850337e-09
6.131337762e-09
2.416667706e-09
-5.731333346e-09
-2.008433352e-09
3.644958162e-09
1.411679519e-09
-1.546708056e-09
-2.104515149e-10
3.682907444e-10
1.781947926e-10
-3.65843053e-11
-5.300227483e-11
4.638716908e-11
3.649860125e-11
-4.868825538e-11
-5.276884087e-11
4.323970989e-11
3.932330115e-11
-3.184243198e-11
-2.329493117e-11
2.03119733e-11
1.873920413e-11
-1.344346964e-11
-5.715428385e-12
1.284269705e-11
1.254546126e-11
-1.902578914e-11
-9.861341356e-12
3.035886586e-11
3.490965411e-11
-5.38904863e-11
3.593542418e-12
5.373470482e-11
-6.179073512e-15
-4.619438274e-10
-1.607325453e-08
9.432342147e-09
7.970590513e-09
-3.246325207e-08
-2.173668878e-08
4.680920705e-08
3.315141088e-08
-4.897100305e-08
-7.302919391e-09
2.361449796e-08
1.794780393e-08
-8.23235721e-09
-6.158743191e-10
1.595422488e-09
1.136331167e-09
-1.090394159e-13
-1.252137973e-21
8.136376786e-22
8.231076406e-21
1.065898778e-21
-1.55786731e-12
-7.566365058e-19
1.320840044e-12
5.848710808e-13
-4.973466972e-11
-2.674528195e-12
3.522848672e-11
1.364389124e-11
-9.221593107e-12
-1.142894748e-11
8.971076086e-12
7.527636349e-12
-1.482043041e-11
-1.125316443e-11
2.606034814e-11
2.536221957e-11
-4.785415965e-11
-5.339211767e-11
7.725194701e-11
9.752179132e-11
-9.403793682e-11
-1.557395609e-10
1.617235686e-10
3.128420605e-10
-4.045422356e-10
-6.251030838e-10
4.965366646e-10
1.138603708e-09
-1.185557086e-09
-1.818263436e-09
1.129246666e-09
2.507877457e-09
-2.009181585e-09
-3.101489489e-09
1.23644215e-09
2.035626048e-09
-5.298298614e-10
-1.55574327e-09
4.723111702e-10
1.020812576e-09
-5.464925484e-11
-5.524343607e-10
1.242217795e-10
3.395198151e-10
-1.767370887e-10
-3.623299216e-10
1.491062817e-10
4.619172251e-10
-1.416871508e-10
-5.814137502e-10
2.392039237e-10
7.811499506e-10
-1.598195147e-10
5.141574292e-10
-1.18184494e-09
1.859933195e-10
7.1059682e-11
-1.848167871e-10
-1.645354287e-10
3.013364162e-10
-7.358054824e-10
1.815498195e-10
-4.201021003e-10
-7.056403163e-10
4.052476172e-10
2.750724738e-10
-2.549097865e-10
-1.336277316e-10
9.178835349e-11
7.862041067e-11
-1.447724153e-11
-2.582822311e-11
1.959603292e-11
1.853259771e-11
-2.31031569e-11
-2.917996332e-11
2.313132859e-11
2.25588779e-11
-2.072422494e-11
-1.810107769e-11
1.846903362e-11
1.861425197e-11
-1.799202891e-11
-1.971395637e-11
1.894254141e-11
2.058773232e-11
-1.866507005e-11
-1.982838377e-11
1.196459037e-11
1.246361502e-11
-3.31077744e-12
-5.839127635e-15
8.354953912e-12
1.232391965e-11
-4.094232448e-11
-1.184570153e-09
2.975275548e-10
3.395087715e-10
-1.180308656e-09
-1.024185908e-08
2.242399116e-09
1.040021418e-09
1.561890595e-10
-1.802546018e-08
-5.585334633e-10
9.179965125e-09
-7.344528872e-09
-1.527083159e-09
1.743725073e-09
1.700374327e-09
4.19920258e-12
-4.681512363e-13
-1.018138926e-10
6.590178074e-11
1.192349377e-10
-1.026891902e-12
-8.481505666e-11
2.25049813e-11
4.874498316e-11
-2.272978674e-11
-2.970742517e-11
1.93988058e-11
2.94666e-11
-1.098017074e-11
-2.913962588e-11
1.416458046e-11
2.413811072e-11
-2.725079429e-11
-2.360469405e-11
1.900388219e-11
3.252952494e-11
-8.104469956e-11
-5.256442498e-11
5.73782471e-11
8.395510707e-11
-1.715586568e-10
-1.222648633e-10
1.480368939e-10
1.869856147e-10
-3.82855176e-10
-2.976960387e-10
3.330949234e-10
4.482325609e-10
-5.750354396e-10
-5.571981739e-10
3.744070907e-10
5.649621995e-10
-4.22287269e-10
-5.646201458e-10
1.925770108e-10
5.370987482e-10
-3.204186964e-10
-4.639400589e-10
3.056166786e-10
3.963261235e-10
-1.432883107e-10
-3.434420818e-10
2.019576947e-10
3.434657758e-10
-1.860236037e-10
-4.381742653e-10
3.208645454e-10
6.734761462e-10
8.883758924e-10
2.203077084e-09
-4.25113536e-10
-1.160803868e-09
-1.177898302e-09
-5.225515712e-09
-8.054861301e-11
9.522180566e-11
-1.156097258e-10
7.931378209e-11
-6.582605336e-11
5.563439578e-11
-6.036902489e-11
-9.588619755e-11
5.133820676e-11
4.236719274e-11
-4.060979475e-11
-3.956247231e-11
2.402965062e-11
2.232963266e-11
-1.307433258e-11
-1.487617123e-11
1.475838458e-11
1.444183221e-11
-1.67830657e-11
-1.918453809e-11
1.827080713e-11
1.836286998e-11
-1.895108499e-11
-1.917890812e-11
1.898615131e-11
1.96676321e-11
-1.849237916e-11
-1.9572781e-11
1.725071435e-11
1.821830159e-11
-1.47894777e-11
-1.258385211e-11
1.432334199e-11
1.447505378e-11
-1.579713847e-11
-2.012010914e-11
2.044139326e-11
2.090875812e-11
-2.706772846e-11
-1.231065875e-10
3.72675808e-11
4.542430589e-11
-2.940145129e-11
-5.582941601e-11
4.493685307e-12
2.658226186e-12
2.174083297e-12
-2.793071416e-09
-5.191479658e-11
7.345123441e-10
4.49448902e-10
-1.288503296e-09
-1.134389348e-09
7.581062177e-10
8.548137875e-10
-1.833075819e-10
-4.804120384e-10
1.471615938e-10
2.459120697e-10
-3.887404621e-11
-1.183131309e-10
3.4535833e-11
6.445128362e-11
-2.327731454e-11
-5.076185464e-11
2.939301763e-11
4.53637504e-11
-1.649677281e-11
-3.901852369e-11
2.459385068e-11
3.302909049e-11
-1.594432929e-11
-2.876901726e-11
1.94127894e-11
2.77425032e-11
-3.895544595e-11
-3.216759081e-11
3.106945984e-11
4.550691263e-11
-1.131817423e-10
-7.213377895e-11
8.638034832e-11
1.218352534e-10
-2.904801554e-10
-2.14274024e-10
2.539111277e-10
3.677912318e-10
-4.12214535e-10
-5.583610685e-10
4.826452383e-10
7.040593166e-10
-1.472091156e-10
-7.186130863e-10
2.538741788e-10
5.720298251e-10
-3.393710549e-10
-5.197541145e-10
4.275113336e-10
5.141021194e-10
-3.279193524e-10
-5.960837674e-10
6.148324022e-10
8.378269388e-10
-6.516933517e-10
-1.366906574e-09
1.432903538e-09
2.399626818e-09
-1.898136501e-09
3.107509254e-09
6.489928921e-09
-4.157761325e-09
1.538523572e-10
-8.009581894e-11
1.251101505e-10
-1.093287882e-10
-4.151021756e-11
7.380192801e-11
6.639566402e-11
-4.812935087e-11
-2.075852231e-11
3.19154169e-11
3.062673705e-11
-2.365971001e-11
-1.647762566e-11
2.105816719e-11
2.080451051e-11
-2.073859341e-11
-1.924035478e-11
2.100376988e-11
2.106672152e-11
-2.097038904e-11
-2.013597196e-11
2.02562053e-11
2.036555917e-11
-1.872870548e-11
-1.664155661e-11
1.636851504e-11
1.54517119e-11
-1.387956272e-11
-1.582926234e-11
1.461615971e-11
1.631981402e-11
-1.442530092e-11
-1.948788518e-11
1.374057849e-11
1.731302905e-11
-1.156311204e-11
-2.172501214e-11
7.126526161e-12
1.208226108e-11
-2.824832058e-14
-2.417246383e-13
3.916669035e-14
7.18087069e-14
4.776449648e-14
-1.415151783e-10
-1.27174429e-12
2.271922155e-11
1.590739762e-11
-2.198891367e-10
-7.190794441e-11
7.461177746e-11
6.799272235e-11
-7.186163479e-11
-5.240923231e-11
3.445953576e-11
3.54326614e-11
-2.930581033e-11
-2.828579767e-11
2.713415156e-11
4.038886287e-11
-4.867906313e-11
-7.288604951e-11
7.420785121e-11
1.034066906e-10
-5.014248499e-11
-1.166932519e-10
9.632516049e-11
1.154397988e-10
-3.726817734e-11
-1.072966831e-10
7.811555576e-11
9.787957779e-11
-3.807383827e-11
-9.085562183e-11
6.757587676e-11
8.963817195e-11
-7.771373424e-11
-9.942415274e-11
9.648486969e-11
1.312216024e-10
-2.363227604e-10
-2.067497917e-10
2.53121793e-10
3.547524182e-10
-5.542152369e-10
-5.983741653e-10
6.558477167e-10
9.365692199e-10
-5.098371912e-10
-1.281396276e-09
9.207356312e-10
1.308127434e-09
-6.555671633e-10
-1.257112122e-09
9.280676642e-10
1.392899359e-09
-1.251186096e-09
-1.854594354e-09
1.710138021e-09
2.634774929e-09
-2.573565784e-09
-3.487411307e-09
2.063684382e-09
3.800951753e-09
-1.832675737e-09
5.282216339e-10
-2.851109987e-09
2.677922262e-10
-2.489013469e-10
-1.98772061e-10
1.868498366e-10
-1.105430626e-10
1.736721706e-10
-1.347492315e-10
-5.282607142e-11
9.383597205e-11
9.097049e-11
-6.450224522e-11
-2.892809001e-11
4.554983771e-11
4.479633081e-11
-3.433389111e-11
-2.353619894e-11
2.786680768e-11
2.753706732e-11
-2.365984999e-11
-2.017309094e-11
2.015990496e-11
1.983448899e-11
-1.680012981e-11
-1.536964574e-11
1.417914475e-11
1.596354952e-11
-1.334253714e-11
-1.609073701e-11
1.247393219e-11
1.535850766e-11
-1.096236894e-11
-1.484734443e-11
8.848623936e-12
1.239143922e-11
-5.975928222e-12
-7.460695717e-12
2.672982011e-12
4.778211918e-12
-8.635118392e-15
-3.712263058e-14
4.6250377e-15
2.025382644e-14
1.416435396e-14
-4.24886647e-12
-1.502097139e-13
1.141024424e-12
3.049319782e-13
-3.084629243e-11
-4.000039242e-12
1.269710375e-11
6.646342429e-12
-1.956012805e-11
-7.789342955e-12
1.280453995e-11
7.79786747e-12
-2.912656464e-11
-1.203628591e-11
3.776343951e-11
3.131203236e-11
-9.558947836e-11
-7.309071297e-11
1.598058847e-10
1.058979171e-10
-1.520524541e-10
-1.748685112e-10
2.07731432e-10
2.273234523e-10
-1.426760333e-10
-2.50634944e-10
2.265119405e-10
2.580770111e-10
-1.265470733e-10
-2.598461995e-10
2.201100512e-10
2.649158215e-10
-1.536126673e-10
-2.833624221e-10
2.617707267e-10
3.297900484e-10
-3.227212663e-10
-4.283191581e-10
4.713095283e-10
6.193578919e-10
-8.385780432e-10
-9.730786668e-10
1.182847578e-09
1.585988102e-09
-1.491518977e-09
-2.429436819e-09
2.258278637e-09
2.924521508e-09
-9.170288803e-10
-2.273121538e-09
8.208200827e-10
1.069946747e-09
-8.267506475e-10
-4.643507465e-10
1.659938874e-10
2.849508979e-10
7.114541843e-11
1.292767917e-10
-4.378159557e-10
-1.902632881e-10
4.6216892e-10
4.377881268e-10
-3.101342212e-10
-2.641323695e-10
2.319893454e-10
-1.484210427e-10
2.263019582e-10
-1.692230784e-10
-7.333347708e-11
1.187114799e-10
1.163443004e-10
-7.937629749e-11
-3.564910312e-11
5.069902782e-11
5.046103654e-11
-3.179396553e-11
-2.02359227e-11
2.090105613e-11
2.238558282e-11
-1.567496929e-11
-1.647788322e-11
1.351384596e-11
1.668902148e-11
-1.188248489e-11
-1.432702921e-11
9.980064003e-12
1.315456929e-11
-7.88945206e-12
-1.013176311e-11
5.57597997e-12
8.156571458e-12
-3.197674904e-12
-3.07142708e-12
1.177554187e-12
1.956962702e-12
-3.649234906e-15
-1.249636954e-14
3.765186276e-16
9.305833777e-15
5.543473162e-15
-6.865740827e-13
-1.112665301e-13
6.207542893e-13
1.690493942e-13
-6.081797094e-12
-1.015829421e-12
4.345858855e-12
2.156796827e-12
-1.149787302e-11
-4.281591093e-12
1.792522829e-11
9.980120372e-12
-5.918257789e-11
-2.587923671e-11
1.138243466e-10
5.117563578e-11
-6.809315401e-10
-5.880850234e-10
1.991603769e-09
9.166697518e-10
-4.604098384e-10
-1.461803027e-09
3.349375563e-09
2.021747618e-09
-4.847751097e-10
-2.400251629e-09
3.550699705e-09
2.046357574e-09
-3.55545662e-10
-1.119227214e-09
6.645426416e-10
7.094741067e-10
-4.379569377e-10
-7.057625097e-10
7.106254076e-10
8.381324201e-10
-7.455678902e-10
-1.083431521e-09
1.228995471e-09
1.527132282e-09
-1.815151243e-09
-2.336955935e-09
2.87551439e-09
3.662103114e-09
-3.241309659e-09
-5.125632077e-09
3.998457286e-09
5.060755132e-09
-7.690563812e-10
-3.002286983e-09
8.305197595e-10
1.010673493e-09
8.412524159e-11
7.337417619e-11
-6.666126664e-11
-2.395878516e-10
-4.143608898e-11
-4.849979325e-11
-5.46023566e-10
-6.439657938e-10
4.514215197e-10
-3.204107615e-10
4.357359326e-10
-3.299012389e-10
-1.705709767e-10
2.317346414e-10
2.308290262e-10
-1.531606541e-10
-7.202675424e-11
9.322794775e-11
9.861371653e-11
-5.224436177e-11
-2.686857079e-11
2.893644702e-11
3.448883756e-11
-1.826027136e-11
-1.679602863e-11
1.352624285e-11
1.735961196e-11
-1.052754648e-11
-1.197016087e-11
7.981881262e-12
1.091409109e-11
-5.632043409e-12
-6.482755435e-12
3.466639122e-12
5.114915068e-12
-1.666223814e-12
-1.261669957e-12
4.648957753e-13
8.559274985e-13
-3.682987338e-15
-1.002363407e-14
3.167450081e-15
2.006731101e-14
6.032400415e-15
-7.00391141e-13
-2.299093753e-13
1.312600802e-12
3.691955548e-13
-5.990551031e-12
-2.381932389e-12
1.21099118e-11
5.888351205e-12
-3.88504576e-11
-1.711143822e-11
8.266735237e-11
4.356844263e-11
-2.064016677e-10
-9.40250736e-11
3.534461686e-10
1.73825363e-10
-5.046187198e-09
-1.2815296e-09
1.035042693e-08
3.772388441e-09
-1.068587017e-08
-7.661134991e-09
2.320996814e-08
1.109356702e-08
-8.378183284e-09
-1.100197326e-08
1.093959618e-08
5.801724224e-09
-9.588537087e-10
-1.901439856e-09
1.139774679e-09
1.216273989e-09
-1.110742535e-09
-1.438253151e-09
1.639930934e-09
1.915351076e-09
-2.022626117e-09
-2.653930156e-09
3.079321676e-09
3.778433525e-09
-4.316869855e-09
-5.323077537e-09
5.475365224e-09
6.801363823e-09
-4.065998374e-09
-6.678673012e-09
2.849631645e-09
3.969503942e-09
-8.023970041e-10
-1.749664047e-09
5.748788189e-10
8.006157273e-10
-1.423071903e-10
1.335590416e-10
2.078343825e-10
-3.907441704e-10
-5.356372698e-10
-6.223302268e-10
3.405713143e-10
-2.939271037e-10
3.60273729e-10
-2.24084074e-10
-1.297307389e-10
1.454587347e-10
1.678011924e-10
-9.232582046e-11
-4.771855929e-11
5.730081922e-11
7.16798802e-11
-3.567894768e-11
-2.014056454e-11
2.281424351e-11
3.009320901e-11
-1.467565586e-11
-1.04341657e-11
9.090725639e-12
1.265881676e-11
-5.183931377e-12
-4.101518054e-12
2.555937231e-12
3.891161696e-12
-9.790423879e-13
-6.334404963e-13
2.632610965e-13
6.221749791e-13
-7.414038041e-14
-7.14501698e-14
9.451494906e-14
3.760850739e-13
1.979095759e-14
-3.682131166e-12
-1.924379809e-12
9.694815491e-12
2.812768225e-12
-2.529798267e-11
-8.410006021e-12
4.967246285e-11
2.355215781e-11
-1.565896304e-10
-6.17681764e-11
2.710069926e-10
1.353248519e-10
-5.913936069e-10
-2.64660426e-10
9.926704262e-10
4.994833281e-10
-1.896515464e-08
-1.692058092e-09
3.165094349e-08
1.055987575e-08
-3.853645398e-08
-1.934899372e-08
4.770888694e-08
1.928207014e-08
-8.162010734e-09
-9.128186525e-09
3.381719499e-09
2.032414914e-09
-1.238781944e-09
-9.519709027e-10
1.176936625e-09
1.226208399e-09
-2.126593305e-09
-1.769576966e-09
2.104632923e-09
2.48283459e-09
-3.824743477e-09
-3.301303571e-09
3.218482997e-09
4.004143897e-09
-4.938179811e-09
-4.082017929e-09
2.492255181e-09
2.98883083e-09
-1.013033562e-09
-1.322683462e-09
2.799087934e-10
5.367342965e-10
2.035031943e-10
2.93603492e-10
-3.262711405e-10
-3.674754656e-10
-3.210574195e-10
-4.612214094e-10
2.35697174e-10
2.907088201e-10
-1.816613469e-10
-2.183399464e-10
1.367603999e-10
-1.130558305e-10
1.772659637e-10
-1.031812675e-10
-5.58990041e-11
7.679367218e-11
1.046691828e-10
-5.466449371e-11
-2.383021646e-11
3.584336953e-11
5.198808372e-11
-2.068189614e-11
-6.757853807e-12
1.000002968e-11
1.782015601e-11
-4.217522887e-12
-1.510683331e-12
2.281151266e-12
6.051203018e-12
-2.333000794e-12
-2.342597769e-12
2.669883549e-12
1.003918629e-11
-1.031448917e-12
-2.125394154e-11
-4.806738465e-12
4.021336272e-11
1.244171497e-11
-9.160729479e-11
-2.654494113e-11
1.614907986e-10
6.728906306e-11
-4.588110293e-10
-1.61486781e-10
8.149228235e-10
3.622090564e-10
-1.694236789e-09
-7.397846353e-10
2.874937526e-09
1.329161558e-09
-4.429516856e-08
-3.598169724e-09
4.171327625e-08
1.586207316e-08
-3.769240911e-08
-1.563562159e-08
1.463802208e-08
5.439919367e-09
-1.134174856e-09
-8.037749005e-10
5.741247657e-10
2.936153565e-10
-8.878230127e-10
-3.117009242e-10
5.434755028e-10
3.884463825e-10
-1.359837292e-09
-4.779216124e-10
6.011807481e-10
5.418588625e-10
-1.506450906e-09
-5.351185003e-10
4.885129876e-10
4.571397007e-10
4.556730399e-10
4.147003093e-10
-8.032041918e-10
-3.884619568e-10
-4.612593078e-10
2.761890365e-10
3.669702941e-10
-2.128545871e-10
2.71208867e-10
4.022997923e-10
-2.249634893e-10
-2.660676523e-10
1.799139266e-10
-1.746954397e-10
2.506212062e-10
-1.304977789e-10
-9.629150745e-11
8.257502127e-11
1.356542832e-10
-4.24537138e-11
-3.983446458e-11
1.857455206e-11
5.821022033e-11
-8.310821079e-12
-2.000774781e-11
5.35536039e-12
2.941390163e-11
-6.111876989e-12
-3.387267075e-11
8.30869278e-12
4.511682108e-11
-3.683788747e-12
-6.916339323e-11
-3.074251595e-12
1.0718285e-10
3.447044642e-11
-2.806664856e-10
-7.242269184e-11
4.979158491e-10
1.574327381e-10
-1.519114036e-09
-4.160775038e-10
2.720088557e-09
9.643605726e-10
-4.542426555e-09
-1.775194953e-09
6.239725423e-09
2.601764178e-09
-2.111949129e-08
-3.189621397e-09
7.329020831e-09
3.179659662e-09
-2.909078682e-09
-1.121623634e-09
7.498867975e-10
2.706566867e-10
-3.684925189e-10
-1.283757178e-10
2.379647904e-10
1.038750971e-10
-3.063261258e-10
-1.008998297e-10
1.879097656e-10
1.028520743e-10
-2.666220584e-10
-1.069677927e-10
1.729310778e-10
1.152219808e-10
2.574577097e-10
1.942537404e-10
-2.582035512e-10
-1.380678452e-10
-5.478935212e-10
-3.219561418e-10
-1.655439815e-10
-3.597478476e-10
1.002931227e-10
1.996515411e-10
-7.294489677e-11
-1.680634375e-10
4.581443877e-11
6.231499881e-11
-2.818760859e-11
-6.45238867e-11
1.922016836e-11
-3.067815738e-11
2.887394349e-11
-1.367317273e-11
-3.534118914e-11
6.108671437e-12
2.783657797e-11
3.440713971e-12
-1.623963187e-10
-9.072310554e-12
2.04793674e-10
6.641519569e-11
-8.957071612e-10
-1.610956479e-10
1.52750941e-09
3.254063023e-10
-4.297541901e-09
-8.287203999e-10
5.853825054e-09
1.719175751e-09
-7.21856674e-09
-2.584826215e-09
7.078739173e-09
2.740664062e-09
-3.151647999e-09
-1.851913568e-09
1.645627051e-09
7.10735075e-10
-3.695830046e-10
-2.141772361e-10
2.718017161e-10
9.580046088e-11
1.458368964e-10
5.886227179e-11
-1.670439319e-10
-6.568933703e-11
-6.185080573e-11
1.401673984e-10
6.750349858e-11
-1.443483022e-10
-6.884969883e-11
1.105949623e-10
-1.629294172e-10
1.177387098e-11
-6.750948957e-12
-2.699974692e-11
1.868645997e-12
5.723735157e-12
-2.267914407e-11
-4.511974215e-12
1.855350528e-10
6.238781403e-11
-2.081571865e-10
-2.373456795e-10
2.938269877e-09
5.082807197e-10
-2.299236684e-09
-1.179374226e-09
7.439620246e-09
2.11886988e-09
-6.981227995e-09
-2.459165872e-09
4.823299572e-09
1.775595993e-09
-6.091735959e-09
-8.632555038e-10
8.110094814e-10
2.385366481e-10
-1.003322042e-09
-1.461978989e-10
9.702079016e-11
-2.724817589e-10
-1.83850978e-10
-8.29477369e-11
-1.752415082e-10
-8.828031632e-10
-8.192862931e-11
-2.101914069e-11
-3.866849023e-10
4.259999411e-11
1.577232854e-10
1.492114607e-11
-1.056386088e-10
2.919922406e-11
2.093574548e-10
5.084033131e-11
-1.832965215e-10
7.103666799e-11
2.617590397e-10
1.203742649e-10
-2.762303959e-10
1.918837153e-10
5.720066513e-10
2.907498487e-10
-6.011070326e-10
4.200407552e-10
1.025553414e-09
6.070267045e-10
-1.058505851e-09
9.802488978e-10
2.01063436e-09
-2.279328644e-09
3.550941989e-09
5.467110794e-09
-8.725490028e-09
-1.060699242e-09
-3.74878774e-10
-2.420735567e-09
-3.858126403e-10
1.133965984e-09
-2.514260651e-10
-1.014951014e-09
-1.676987617e-10
6.162433123e-10
-1.153513206e-10
-5.398599794e-10
4.195532949e-09
-3.663867336e-09
6.538538952e-09
3.310067263e-09
-5.666436464e-09
2.349441817e-09
4.362702839e-09
1.52952102e-09
-4.177382085e-09
2.119850605e-09
-5.123426655e-09
-8.764730368e-10
-1.29337111e-09
-1.241468907e-09
2.968843719e-09
-1.107218955e-09
-2.550181291e-09
-2.528145913e-10
-1.982782629e-09
2.123232758e-08
-5.438790117e-09
-1.41302014e-08
-3.872389401e-10
4.741022413e-10
-4.435570888e-10
-3.707204494e-10
-5.454377544e-10
8.739127077e-10
-7.214494561e-10
-6.154980042e-10
4.362177352e-10
1.640718494e-09
1.123125182e-09
9.871234328e-10
-1.138091112e-09
2.649987079e-09
-3.378140096e-09
-2.471609178e-10
2.847029523e-10
-2.807410082e-10
-2.509440448e-10
2.321215945e-09
-2.521098187e-09
-2.561025072e-09
-1.557739782e-10
1.771151715e-10
-1.544912789e-10
-1.784350159e-10
1.650328129e-09
-1.57349303e-09
-1.085017512e-09
-1.067909302e-10
-1.241222776e-10
-1.126776992e-10
1.355571574e-10
-1.339675372e-10
-1.135469452e-10
9.496132776e-10
-1.103768009e-09
8.30365465e-10
8.030970468e-10
-5.702574013e-10
-1.674098874e-10
1.529575637e-10
-1.440096777e-10
-4.238827412e-10
2.502352787e-10
-3.560955741e-10
1.525638757e-10
-1.396555236e-10
8.415531539e-10
-3.4533322e-09
-5.058000301e-09
-1.564027871e-10
-2.217241853e-08
9.407484812e-09
-6.311034697e-09
-2.061612102e-08
1.575208055e-10
-1.26581626e-10
1.169857673e-10
-8.723469958e-11
-3.514536284e-10
1.078150232e-11
-2.954055341e-10
5.634456067e-11
-6.477482497e-10
7.223638156e-11
1.754524995e-10
-1.882742483e-10
4.135365028e-11
2.079785331e-10
-7.215005688e-11
-7.406172807e-12
-1.901432081e-11
-1.851345656e-10
-5.074946701e-10
-1.194383893e-10
1.032628075e-11
-3.239422494e-11
-1.180485065e-10
3.420896173e-09
-2.668614222e-09
-1.225590458e-09
-1.920490906e-10
3.812181732e-11
-4.075518568e-11
-1.897190151e-10
3.076786223e-09
-2.143226397e-09
5.512918103e-10
-2.111245272e-10
-1.968197233e-10
2.66997758e-11
1.002478415e-11
-1.976481576e-10
2.963918344e-10
-2.9286111e-10
-1.000377472e-11
6.736452197e-11
-1.794780636e-10
-2.553402824e-11
4.771989422e-11
-1.41978411e-10
3.257171076e-10
-2.77089784e-10
-1.137695242e-10
1.235696603e-10
-3.283199487e-09
-1.100387369e-10
1.334955502e-09
-6.171893589e-09
2.384907875e-10
-2.169896549e-10
-1.108418371e-10
1.098922812e-10
-8.010301451e-10
5.360209737e-10
-5.443158752e-09
-1.796376085e-10
-1.992433341e-10
1.16088558e-10
-3.29780916e-10
-2.225140623e-09
-1.058827916e-10
-1.070297559e-10
6.635963854e-11
-1.002924446e-10
-3.842968762e-10
4.02556312e-09
-2.159477737e-09
-1.017366978e-09
2.447927991e-09
-7.213623832e-10
-1.755979022e-10
-7.407302519e-11
1.038444939e-10
-1.045765956e-10
6.049827042e-09
-5.611846095e-09
-3.352719762e-09
-1.540436347e-10
-2.568847588e-10
-3.621597844e-10
-3.834247078e-10
-2.215272033e-10
3.398959322e-10
-2.775299799e-10
-1.495752398e-10
8.001359842e-11
-7.352172087e-11
-5.695316057e-11
-1.292092887e-10
-4.451486478e-10
-3.043256051e-10
4.216707306e-10
-3.327418563e-10
-2.022293406e-10
1.933320723e-10
-4.62533103e-10
-4.40131e-11
7.378016734e-11
-4.78595563e-11
-6.045967849e-10
-6.280536305e-10
-2.735485327e-10
-5.574257955e-10
-4.074598529e-10
-4.199501342e-10
-3.244245452e-10
-1.821885535e-10
-4.03760871e-10
-3.046946127e-10
-3.029189939e-10
-2.537852893e-10
-2.274276156e-10
3.767227865e-10
-2.008034338e-10
-1.581191002e-10
4.362743589e-10
-2.84443299e-10
-5.170173458e-10
5.017241849e-10
-5.253031336e-10
-1.980524668e-10
-2.710752079e-10
-3.102893384e-10
-2.077895246e-10
-2.175145811e-10
2.263615908e-10
-1.405755811e-10
-4.341335491e-10
-3.414342382e-10
-2.367975053e-10
-6.396352936e-11
-1.136057285e-10
-3.78947295e-11
-1.107172026e-10
-2.053428246e-11
-3.731391634e-11
3.862159837e-11
-1.448746283e-11
-3.906486067e-11
3.762226016e-11
-6.746065122e-11
-1.347970189e-10
5.654188304e-11
-1.489878173e-10
7.187327939e-11
-1.778138246e-10
-1.457801344e-10
-2.506165901e-10
-2.218603099e-11
-3.274704e-11
1.567510397e-12
-2.878456246e-11
5.782061263e-11
-9.360799474e-10
2.377674642e-10
-7.931546366e-10
5.243615414e-10
-5.654869412e-09
1.141376876e-09
-4.848653237e-09
1.859099583e-09
-7.368848127e-09
1.890481825e-09
-7.768217059e-09
1.217532691e-09
-2.012003077e-09
6.719235273e-10
-2.946766882e-09
-4.542008134e-10
-1.910301548e-10
-7.253513898e-11
3.298379036e-10
-3.439452788e-11
-2.676879025e-10
6.864490352e-12
1.114685886e-10
1.936181493e-11
-1.349253221e-10
3.437599082e-11
1.885634327e-10
5.137092594e-11
-2.248553859e-10
8.127453148e-11
3.177509396e-10
1.431358105e-10
-3.749222578e-10
2.228980067e-10
6.563380285e-10
3.441583029e-10
-7.23634809e-10
5.173631425e-10
1.176888325e-09
7.380947633e-10
-1.347238245e-09
1.011308012e-09
2.082722124e-09
1.444664255e-09
-2.149444455e-09
2.331355321e-09
6.628144178e-09
-5.133038114e-09
-7.995772208e-10
2.15265285e-09
-5.145706388e-10
-1.914990474e-09
-3.257855449e-10
9.240735846e-10
-2.165159486e-10
-8.593737123e-10
-1.478227977e-10
4.857530815e-10
-9.630481171e-11
-4.551273073e-10
-5.458197875e-11
2.163870169e-10
-2.236520776e-11
-1.928454055e-10
4.362621409e-12
1.782685334e-10
3.355356534e-11
-2.438334338e-10
6.318925862e-11
2.898720759e-10
8.661319217e-11
-3.785103645e-10
1.377615642e-10
4.381273174e-10
1.867361734e-10
-4.962246798e-10
2.59204268e-10
7.861717898e-10
3.886747301e-10
-8.168282003e-10
5.863642269e-10
1.516105397e-09
8.49460316e-10
-1.594126377e-09
1.157996581e-09
2.376247705e-09
1.500169574e-09
-2.657184182e-09
1.915502282e-09
4.226543221e-09
2.380483137e-09
-3.889729264e-09
2.56992523e-09
4.628012174e-09
2.423242132e-09
-4.113326529e-09
2.281261047e-09
4.056085169e-09
2.25817612e-09
-4.324983099e-09
2.278428522e-09
4.246383067e-09
-4.577629288e-09
-8.537798853e-10
2.102112849e-09
-8.240454687e-10
-1.682560424e-09
-6.307485139e-10
1.712075635e-09
-4.330602874e-10
-1.536807639e-09
-2.928239742e-10
8.143872858e-10
-2.065134639e-10
-7.808474663e-10
-1.479401727e-10
4.465891825e-10
-9.886298709e-11
-4.549749926e-10
-5.631275919e-11
2.005827141e-10
-2.271979178e-11
-2.329523049e-10
2.375455337e-12
3.310097173e-10
6.523592978e-11
-4.388023859e-10
1.224020836e-10
4.826341865e-10
1.544758609e-10
-5.917929864e-10
2.071895118e-10
5.375671142e-10
2.123856668e-10
-5.565666691e-10
2.505105669e-10
7.853177083e-10
3.362899791e-10
-6.839837773e-10
4.836464459e-10
1.50210719e-09
7.27214065e-10
-1.248653391e-09
1.10180182e-09
2.80948492e-09
1.600916625e-09
-2.636674437e-09
2.130724911e-09
4.071072772e-09
2.55111723e-09
-4.448173943e-09
2.999070492e-09
4.871471198e-09
3.731846391e-09
-7.168763212e-09
4.723368528e-09
6.699073267e-09
5.530959093e-09
-1.282983894e-08
5.512149668e-09
7.018304643e-09
2.618175557e-09
-1.393049427e-08
-2.501842664e-09
8.641886793e-09
-8.045149628e-09
-3.085664734e-10
3.253398189e-10
-3.305365613e-10
-3.003424802e-10
-3.590070039e-10
4.172667027e-10
-4.43342797e-10
-2.959314855e-10
-5.519583558e-10
1.314636807e-09
-6.019903926e-10
-1.00272092e-09
-4.955651487e-10
1.379436649e-09
-3.635668522e-10
-1.232008967e-09
-2.662769388e-10
7.500277644e-10
-2.076837156e-10
-7.142304274e-10
-1.664216908e-10
4.732959333e-10
-1.275165673e-10
-4.9427074e-10
-9.026053707e-11
2.856031976e-10
-5.410938931e-11
-3.572036493e-10
-7.075424158e-14
5.708534756e-10
1.202901176e-10
-7.395702726e-10
2.214705274e-10
6.91186665e-10
2.383343193e-10
-7.577613689e-10
2.235653453e-10
5.502076004e-10
1.892779844e-10
-5.069064721e-10
1.800897594e-10
5.431283718e-10
2.084686077e-10
-4.046659755e-10
2.845164186e-10
9.287852353e-10
4.397178892e-10
-6.412646533e-10
7.46654363e-10
2.129228149e-09
1.326814933e-09
-1.531473491e-09
2.299248989e-09
4.422821531e-09
3.605017319e-09
-3.853663028e-09
5.654581791e-09
9.29539376e-09
8.874880034e-09
-9.120640162e-09
1.336530281e-08
1.945514198e-08
1.870802094e-08
-2.027425276e-08
2.359799239e-08
2.676180677e-08
2.573795736e-08
-3.434629668e-08
2.293641836e-08
1.721890957e-08
1.555831414e-08
-3.200620448e-08
7.64597189e-09
9.715021609e-10
5.333125538e-09
-9.448564317e-09
3.535464412e-09
2.8194811e-09
-2.823225651e-09
-2.022068932e-10
2.219880132e-10
-2.288478873e-10
-1.956565748e-10
-2.564471366e-10
2.778635891e-10
-2.802593753e-10
-2.525294677e-10
-2.929589702e-10
2.366284015e-10
-3.099441343e-10
-2.114249407e-10
-3.572694399e-10
7.455655923e-10
-4.351494187e-10
-5.428296483e-10
-3.787028483e-10
1.089615195e-09
-2.894884049e-10
-9.509002052e-10
-2.269059958e-10
6.685399114e-10
-1.967453222e-10
-6.124335252e-10
-1.79554826e-10
5.107170377e-10
-1.625028747e-10
-5.166775289e-10
-1.51608378e-10
4.425314208e-10
-1.435732631e-10
-5.251510244e-10
-3.85248092e-11
9.741747003e-10
1.828799464e-10
-1.325088608e-09
3.55558808e-10
7.585512657e-10
2.861931934e-10
-6.643101748e-10
2.047968949e-10
4.202647979e-10
1.343286478e-10
-3.051217277e-10
1.073034253e-10
2.9003503e-10
1.141595756e-10
-2.009401387e-10
1.506880377e-10
4.272880487e-10
2.271352452e-10
-2.781892631e-10
4.119912169e-10
1.092382883e-09
8.556052829e-10
-8.429618755e-10
1.755873558e-09
3.230357505e-09
2.968673487e-09
-2.784268693e-09
4.524336048e-09
7.249146915e-09
6.652601063e-09
-5.306735731e-09
9.763778461e-09
1.548922599e-08
1.441096703e-08
-9.87915466e-09
2.108579283e-08
3.060731131e-08
2.949590558e-08
-2.083026055e-08
3.721862013e-08
4.034483417e-08
3.931637996e-08
-3.665487856e-08
3.19820272e-08
1.988762362e-08
1.817683689e-08
-2.808613726e-08
6.906676773e-09
3.360575225e-09
2.538022468e-09
-5.2298179e-09
1.629129212e-09
1.87100038e-09
-1.51174652e-09
-1.564779789e-10
1.71434634e-10
-1.801425753e-10
-1.480883433e-10
-2.052118159e-10
2.257384766e-10
-2.306702326e-10
-1.990050814e-10
-2.527016927e-10
1.988904461e-10
-2.540598278e-10
-1.922839108e-10
-2.670022429e-10
3.943121328e-10
-3.105584434e-10
-2.95901591e-10
-2.794298381e-10
8.173806656e-10
-2.1735201e-10
-6.925945649e-10
-1.772212166e-10
5.500146777e-10
-1.656855466e-10
-4.879396546e-10
-1.657618021e-10
5.09835223e-10
-1.644379433e-10
-4.915140412e-10
-1.738785644e-10
5.82132187e-10
-2.245187125e-10
-6.175433667e-10
-2.715817554e-10
1.86413813e-09
-1.299882116e-10
-2.457504477e-09
2.818761461e-10
4.879251033e-10
1.945795675e-10
-2.879076963e-10
1.061024313e-10
1.894343114e-10
6.109292837e-11
-1.009732306e-10
5.152174612e-11
1.342675726e-10
5.840413847e-11
-8.770692125e-11
7.88186829e-11
1.748138516e-10
1.140212302e-10
-1.076622755e-10
2.553996389e-10
6.733438209e-10
6.020095433e-10
-5.055791012e-10
1.253011651e-09
2.340420222e-09
2.064982289e-09
-1.82460643e-09
2.714219715e-09
3.83897877e-09
3.300905877e-09
-2.749472e-09
4.100921272e-09
6.019637521e-09
5.441265217e-09
-3.771629838e-09
7.784622184e-09
1.222674562e-08
1.183083679e-08
-6.923833459e-09
1.822684322e-08
2.625992197e-08
2.613113731e-08
-1.62617001e-08
3.13760027e-08
2.919612309e-08
2.862799544e-08
-2.430763408e-08
1.78990303e-08
8.046453032e-09
6.934789499e-09
-1.010573351e-08
2.131103225e-09
1.287323468e-09
-1.160620593e-09
-6.911942696e-11
9.134175556e-11
-8.755126473e-11
-6.742385582e-11
-1.128137247e-10
1.246747688e-10
-1.393356606e-10
-9.915640969e-11
-1.657304407e-10
1.732287524e-10
-1.876043496e-10
-1.51420556e-10
-2.179873784e-10
1.922219385e-10
-2.155669389e-10
-1.909352517e-10
-2.272576377e-10
2.383404913e-10
-2.189274182e-10
-2.071823836e-10
-2.046912083e-10
5.805160865e-10
-1.634668493e-10
-4.836490092e-10
-1.379072491e-10
4.323447391e-10
-1.352112707e-10
-3.869948576e-10
-1.436616467e-10
4.595442458e-10
-1.551467882e-10
-4.079432485e-10
-1.794139936e-10
6.253241296e-10
-2.520048739e-10
-5.082882245e-10
-3.691439301e-10
2.477884399e-09
-2.990478329e-10
-1.887596441e-09
-1.903199947e-11
1.293404867e-10
3.481176867e-11
-1.073162425e-10
2.233891774e-11
5.274705875e-11
1.790614677e-11
-3.986711037e-11
2.244252706e-11
5.749447658e-11
2.947194861e-11
-3.876004138e-11
4.334714854e-11
7.050695844e-11
6.11570519e-11
-5.357026257e-11
1.247037449e-10
3.447509574e-10
2.928033585e-10
-2.210455494e-10
6.443971744e-10
1.321869424e-09
1.103959711e-09
-8.927090014e-10
1.441931854e-09
1.929175782e-09
1.680633876e-09
-1.323367685e-09
1.945153874e-09
2.461770998e-09
2.339563862e-09
-1.665764811e-09
2.979395976e-09
4.029402571e-09
4.096933566e-09
-2.452385094e-09
6.150707724e-09
9.409192443e-09
9.686247152e-09
-5.356237395e-09
1.43928124e-08
1.745386167e-08
1.779867216e-08
-1.151064003e-08
1.630175408e-08
1.029042147e-08
9.577935976e-09
-9.021888195e-09
3.236904647e-09
1.089390802e-09
9.499213482e-10
-9.941795081e-10
5.059717289e-10
3.681781515e-10
-2.402980822e-10
-5.541667068e-09
2.196384631e-09
-2.47086891e-09
-5.340618404e-09
-9.152276719e-11
4.940880427e-11
-6.35904558e-11
-3.654502517e-11
-7.830117685e-11
8.584336311e-11
-9.680253982e-11
-6.838934723e-11
-1.192779259e-10
1.217521953e-10
-1.429218651e-10
-9.986311434e-11
-1.467448275e-10
1.643244366e-10
-1.59317946e-10
-1.512782297e-10
-1.695362832e-10
1.852110173e-10
-1.671806876e-10
-1.664068234e-10
-1.552646001e-10
4.019025452e-10
-1.309396468e-10
-3.329145585e-10
-1.172092909e-10
3.529216363e-10
-1.145165404e-10
-3.27564348e-10
-1.102504782e-10
3.466398961e-10
-1.004967512e-10
-2.924003148e-10
-9.168030122e-11
3.0646787e-10
-8.783569802e-11
-1.497869003e-10
-9.068195321e-11
1.233259686e-09
-2.677659833e-10
-7.091484697e-10
-2.904526733e-11
1.05495849e-10
1.092378744e-11
-3.425246717e-10
3.254863299e-11
5.415274435e-11
2.075723645e-11
-1.125576065e-10
1.733609193e-11
2.810430914e-11
1.977246549e-11
-2.462450218e-11
3.158951204e-11
4.772183831e-11
4.483227066e-11
-5.171142448e-11
6.044714641e-11
1.398989432e-10
1.121460932e-10
-9.375876927e-11
2.488070301e-10
5.499580432e-10
4.571862504e-10
-3.014413523e-10
6.525480284e-10
8.896988816e-10
8.369574379e-10
-5.86506029e-10
1.028457822e-09
1.168520648e-09
1.221766473e-09
-8.464142149e-10
1.421020288e-09
1.558172978e-09
1.694502258e-09
-1.033176008e-09
2.224143275e-09
3.096539547e-09
3.334910028e-09
-1.883010077e-09
5.368823699e-09
7.393584111e-09
8.030236234e-09
-4.924737441e-09
9.424306841e-09
7.250762664e-09
7.203867771e-09
-5.581458547e-09
2.879087893e-09
8.315656688e-10
6.763368753e-10
-6.471261931e-10
2.417285017e-10
1.740988681e-10
1.721053667e-10
-1.411064272e-10
1.560048965e-10
1.419339228e-10
-1.241207822e-10
-1.272671929e-08
5.881029215e-09
-4.344960306e-09
-3.698040341e-09
-3.554357423e-10
6.946450855e-11
-3.295303776e-11
-1.890217067e-10
-2.437651943e-11
4.955065132e-11
-2.334956788e-11
-5.075041205e-11
-2.993516099e-11
7.630838275e-11
-5.299737945e-11
-6.301412204e-11
-1.062119796e-10
1.558591532e-10
-1.547635313e-10
-1.295859778e-10
-1.613833087e-10
1.507275646e-10
-1.464967892e-10
-1.662406813e-10
-1.242197354e-10
2.73704444e-10
-1.129322745e-10
-2.215457475e-10
-1.086842216e-10
3.049633736e-10
-1.014755534e-10
-2.785943734e-10
-7.938026709e-11
2.449583207e-10
-4.603081112e-11
-1.989395652e-10
-1.823720628e-11
6.049087107e-11
-7.639877736e-12
-2.043675e-11
5.468518231e-12
6.744668471e-10
4.30002116e-11
-2.337599747e-09
-2.104706311e-10
1.437642575e-09
1.951608485e-10
-4.542874731e-09
2.366283863e-10
2.353269155e-10
1.103969117e-10
-4.106400877e-10
4.626792303e-11
2.853627005e-11
3.008336908e-11
-4.141395965e-11
5.371927155e-11
7.702925903e-11
6.591455976e-11
-1.559890589e-10
6.303700507e-11
7.826830529e-11
6.397192773e-11
-9.525154601e-11
8.451373742e-11
1.540421787e-10
1.333928587e-10
-9.321263857e-11
2.184501411e-10
3.651905298e-10
3.325196927e-10
-1.806746837e-10
4.521844627e-10
6.02643605e-10
5.488758572e-10
-3.307981516e-10
6.200834887e-10
7.169612345e-10
7.200044306e-10
-5.168975665e-10
9.685155608e-10
1.290123429e-09
1.565625294e-09
-1.061901834e-09
2.761598064e-09
3.593022775e-09
4.493122208e-09
-2.842741407e-09
5.617525133e-09
4.155050603e-09
4.390281532e-09
-2.915663881e-09
1.694876861e-09
4.991745936e-10
4.274721379e-10
-3.708222538e-10
1.788710497e-10
1.221097406e-10
1.305451745e-10
-1.14144801e-10
1.18922009e-10
9.751213628e-11
-8.048006443e-11
-1.301186175e-09
7.943295422e-10
-1.147223353e-09
-2.388575743e-11
-1.380444377e-10
6.379043365e-11
-9.690879727e-11
-5.353760962e-11
-9.816829056e-11
5.329579238e-11
-1.196997993e-10
-9.03276377e-11
-1.820989141e-10
1.082564477e-10
-2.829185584e-10
-5.006227081e-10
-3.678899426e-10
2.395719683e-10
-3.669980236e-10
-7.81292751e-10
-2.78103422e-10
2.169508695e-10
-1.693008292e-10
-3.703405419e-10
-1.030451062e-10
1.725536852e-10
-9.941188055e-11
-1.220421779e-10
-9.65882063e-11
2.441200809e-10
-8.23628131e-11
-2.01756274e-10
-5.12853793e-11
1.520429085e-10
-1.771650369e-11
-1.085143834e-10
-1.855453007e-12
6.066033859e-12
2.546966812e-13
-1.436637175e-12
3.176995678e-13
6.669250146e-09
-2.166730147e-09
-5.88304835e-09
3.21999066e-09
8.586173615e-09
1.818110365e-09
-5.967286916e-09
7.988147024e-10
5.156683082e-10
3.41245139e-10
-4.190856174e-10
1.403025015e-10
7.168512075e-11
1.05735125e-10
-1.775854673e-10
2.44790302e-10
3.547684191e-10
2.619877258e-10
-7.682090549e-10
1.996716857e-10
1.581979188e-10
1.397944624e-10
-2.943690582e-10
9.640520039e-11
8.695733612e-11
8.057477682e-11
-1.042849146e-10
8.488009418e-11
1.075946956e-10
1.050691644e-10
-9.918620584e-11
1.456708223e-10
1.776982974e-10
2.152546011e-10
-1.493789206e-10
3.260016403e-10
3.589164433e-10
5.00257735e-10
-3.032991385e-10
7.855731641e-10
8.627839369e-10
1.277678632e-09
-7.366406908e-10
2.083948904e-09
2.230156762e-09
3.015810517e-09
-1.692421326e-09
3.172191252e-09
1.822051565e-09
1.88761293e-09
-9.574673229e-10
7.191491566e-10
2.610415683e-10
3.308805454e-10
-1.887306867e-10
2.312847311e-10
1.168439563e-10
2.076797813e-10
-1.251015137e-10
1.995046816e-10
8.40455529e-11
-1.06443002e-10
-1.506198734e-10
-1.078672315e-11
-1.167684935e-10
-3.870688238e-11
-1.212486721e-10
5.37962585e-11
-1.207743955e-10
-5.219387714e-11
-1.344759943e-10
6.030854035e-11
-2.878363517e-10
-1.491608163e-10
-1.151677545e-09
5.136611337e-10
-3.215189282e-09
-2.174120507e-09
-4.744745247e-09
1.976491878e-09
-4.550388486e-09
-3.0087849e-09
-3.308892676e-09
1.530920513e-09
-1.926827988e-09
-1.462888577e-09
-8.977501181e-10
4.65175595e-10
-3.196237603e-10
-3.858361197e-10
-9.353000873e-11
7.579092201e-11
-7.972512309e-11
-5.509357356e-11
-7.142142946e-11
1.563203113e-10
-5.501236978e-11
-1.146472385e-10
-2.755009183e-11
7.579090354e-11
-3.92217647e-12
-5.840615327e-11
-8.378836728e-14
2.728294802e-13
6.257507769e-14
-7.458795831e-14
8.485592353e-14
2.355965085e-13
1.410308736e-13
-1.487054412e-13
1.028198266e-11
1.567216505e-11
1.089222026e-11
-8.522766333e-12
1.977835892e-11
4.564239861e-10
5.50849971e-10
-2.178489243e-09
6.643331369e-10
6.700652916e-10
1.152448125e-09
-2.559586586e-09
1.632584563e-09
1.479012653e-09
1.431625149e-09
-2.351565171e-09
9.914656825e-10
4.848108478e-10
5.331798015e-10
-6.311184714e-10
2.608660516e-10
1.265103185e-10
1.471466699e-10
-1.38592491e-10
1.223220224e-10
1.066603684e-10
1.363385524e-10
-1.131802429e-10
1.694221613e-10
1.527785381e-10
2.216026117e-10
-1.544045309e-10
3.060602792e-10
2.810399633e-10
4.458523593e-10
-2.595032931e-10
6.715873284e-10
6.366625245e-10
1.010201302e-09
-5.246947792e-10
1.398450887e-09
1.15177941e-09
1.503921174e-09
-5.847638193e-10
1.03072835e-09
4.095989081e-10
5.131428778e-10
-1.535887925e-10
3.41949356e-10
1.498786526e-10
3.172297721e-10
-1.338324383e-10
3.493060403e-10
1.341540057e-10
4.113035231e-10
-1.515743562e-10
4.81364642e-10
1.368695666e-10
5.347570465e-10
-1.810170273e-10
5.479033369e-10
1.104914932e-10
-1.707019695e-10
-1.301782329e-10
4.459562658e-11
-1.340775872e-10
-4.154204714e-11
-1.401970896e-10
5.168683893e-11
-2.767372967e-10
-5.350152707e-11
-1.548370615e-09
6.064952947e-10
-5.42968887e-09
-1.110648784e-09
-8.330479607e-09
3.245898719e-09
-7.977789463e-09
-2.428197646e-09
-5.978348588e-09
2.430756631e-09
-3.856980784e-09
-1.412146487e-09
-2.230171062e-09
1.005629427e-09
-1.169166727e-09
-5.993348402e-10
-5.577962172e-10
2.970163854e-10
-2.536690058e-10
-2.131889647e-10
-1.299040699e-10
6.280122248e-11
-5.455984883e-11
-9.895264434e-11
-4.433244368e-11
8.163522394e-11
-3.748514712e-11
-5.753504436e-11
-2.183025296e-11
5.545890151e-11
-8.40584781e-13
-6.294337849e-11
-2.421716787e-14
7.367081462e-14
1.825528788e-14
-1.111641468e-13
4.736603345e-14
1.974798651e-13
1.605211745e-13
-3.014234001e-13
5.292875994e-12
1.367402162e-11
1.498194129e-11
-2.369601086e-11
1.964563994e-10
7.528941128e-09
1.053695297e-08
-1.531431986e-08
1.324336181e-08
7.177397708e-09
9.57343412e-09
-1.283384629e-08
5.300369848e-09
3.027830319e-09
2.875433628e-09
-3.459586887e-09
1.382761309e-09
5.43977824e-10
5.72926731e-10
-5.388978529e-10
2.427443278e-10
1.200150328e-10
1.563407426e-10
-1.300290374e-10
1.621755728e-10
1.204442851e-10
1.95658327e-10
-1.307269646e-10
2.349086231e-10
1.538003251e-10
2.752815605e-10
-1.400909413e-10
3.243662535e-10
2.260114406e-10
3.986724909e-10
-1.633794738e-10
4.986050359e-10
3.711601229e-10
5.552809978e-10
-1.498025174e-10
4.438814522e-10
1.300124332e-10
2.876448013e-10
-2.024917404e-11
2.17341683e-10
5.384856078e-11
2.003644913e-10
-2.556025101e-11
2.350571884e-10
9.339278295e-11
3.324510281e-10
-4.318771032e-11
5.069717379e-10
1.677520016e-10
7.717997298e-10
-1.207539189e-10
1.13782497e-09
2.614006378e-10
1.604506425e-09
-2.692084582e-10
2.140122573e-09
3.151386626e-10
-4.952961285e-10
-1.723710804e-10
3.788609353e-11
-1.500888417e-10
-3.424433652e-11
-1.599454063e-10
4.084302846e-11
-4.342253614e-10
-2.087485538e-11
-1.693255837e-09
6.842147641e-10
-3.187546262e-09
-1.981696874e-11
-3.139966253e-09
1.016301135e-09
-2.401570923e-09
-1.364041603e-11
-1.727937684e-09
5.619202852e-10
-1.226191015e-09
-4.972156588e-11
-8.128879815e-10
2.814031079e-10
-4.578572216e-10
-1.093465443e-10
-2.444263226e-10
1.00284116e-10
-1.514452776e-10
-2.749998299e-12
-1.129902141e-10
1.031112016e-10
-1.272225897e-11
-5.992805561e-12
-2.691348172e-11
3.884413289e-11
-3.445877986e-11
-2.125342076e-11
-3.201619751e-11
7.776191958e-11
-8.191623051e-13
-9.900291488e-11
-5.898756954e-14
1.716824351e-13
3.784573623e-14
-2.662137955e-13
1.075691703e-13
4.889571535e-13
4.873396199e-13
-8.435746013e-13
2.479514521e-11
4.092454492e-11
4.319285472e-11
-5.96948733e-11
6.669909062e-10
1.647529491e-08
2.496318043e-08
-7.748656697e-10
3.167654886e-08
1.346202834e-08
2.205123506e-08
-4.907063144e-10
1.133457738e-08
2.953339419e-09
4.978791542e-09
-1.18298957e-10
1.886254912e-09
3.621617414e-10
6.268542882e-10
-7.778197726e-11
2.857118572e-10
1.305209443e-10
2.665063722e-10
-1.436942932e-10
2.810579019e-10
1.198570722e-10
2.662266864e-10
-7.690125781e-11
2.214026424e-10
9.384143696e-11
1.709029018e-10
-1.376971598e-11
1.455375766e-10
6.264441904e-11
1.374363901e-10
-3.367158691e-12
1.293876906e-10
2.621645434e-11
1.101147184e-10
-1.833024242e-12
8.053316497e-11
6.078293224e-12
6.558679506e-11
-1.597037411e-12
5.028358526e-11
1.028570688e-11
4.384576855e-11
-2.135058667e-12
5.449428741e-11
2.038168772e-11
9.926643831e-11
-6.886860381e-12
1.984723447e-10
6.732516784e-11
3.670957249e-10
-2.645969744e-11
6.170612189e-10
1.610967417e-10
9.687483972e-10
-6.710682803e-11
1.459669152e-09
3.202276366e-10
-1.332831229e-10
-1.801068668e-10
2.102797135e-11
-1.430467643e-10
7.418460398e-12
-9.642433323e-11
8.820703677e-12
-5.429909155e-11
3.668453952e-12
-2.618590327e-11
1.673790523e-12
-1.501249213e-11
1.526169984e-12
-2.222792839e-11
6.201347155e-13
-5.583618381e-11
3.383403243e-12
-1.290246393e-10
6.355795586e-13
-2.471758661e-10
4.739263497e-11
-3.864897019e-10
-6.759652086e-11
-4.470239953e-10
1.893467724e-10
-3.091527098e-10
-1.136046028e-10
-1.009805524e-10
1.888425501e-10
-8.578405992e-12
3.052612914e-13
-1.200539375e-11
4.01171422e-12
-1.674742522e-11
3.244291459e-12
-2.661765281e-11
8.867526144e-12
-4.436874953e-11
1.256559484e-10
-1.128885975e-12
-1.47443406e-10
-2.055575076e-13
4.180605429e-13
6.753445895e-15
-6.095393884e-13
2.29940614e-13
1.539558917e-12
1.411228482e-12
-2.506964912e-12
1.258799764e-10
8.820749962e-11
1.476936939e-10
-1.011306721e-10
1.478286735e-10
3.727769056e-11
1.567869398e-10
-4.905761473e-11
1.455340912e-10
4.9086047e-11
1.298341239e-10
-3.327172138e-11
1.179567572e-10
4.780246965e-11
1.112343105e-10
-2.486514503e-11
1.098829469e-10
5.705332003e-11
1.183836224e-10
-1.44548255e-11
1.689730502e-10
8.760449028e-11
2.412305939e-10
-3.074002418e-11
2.983817821e-10
-1.567507701e-12
2.513704776e-10
2.254398108e-11
1.795195072e-10
-8.702916323e-13
1.189808401e-10
2.674768312e-11
9.812799206e-11
1.910565759e-12
1.264292429e-10
-7.077776422e-12
1.634523882e-10
3.287307202e-12
1.236591264e-10
-3.137933809e-12
6.62628041e-11
4.253304847e-12
4.578951693e-11
2.453550056e-12
3.436852902e-11
-1.46377515e-13
3.112927746e-11
6.653891396e-12
4.861484708e-11
-2.647605642e-13
1.072759022e-10
2.647844284e-11
2.155893575e-10
-1.422828958e-12
3.379637416e-10
9.711786612e-11
4.018246998e-10
-5.398772275e-12
3.859854181e-10
1.025367556e-10
3.336143167e-10
-8.42200938e-12
6.759944858e-11
-1.005987224e-10
-1.973530539e-11
-6.329414549e-11
2.899016178e-11
-3.620232793e-11
-1.029338196e-11
-2.299327979e-11
1.208737279e-11
-2.678502539e-11
-3.949461704e-12
-5.25418894e-11
9.158613797e-12
-1.012384124e-10
-1.549626846e-11
-1.817992599e-10
5.147790737e-11
-2.685091442e-10
-1.003147155e-10
-3.248717415e-10
1.355870797e-10
-3.21926639e-10
-2.07410972e-10
-2.53082294e-10
1.688298407e-10
-1.404212072e-10
-1.533516383e-10
-4.300317431e-11
8.483239118e-11
-9.362172803e-12
-6.878150619e-12
-8.781416398e-12
6.487064291e-12
-7.399932052e-12
-1.040064945e-11
-2.449762171e-13
3.307656574e-12
6.525564833e-15
1.240782494e-10
-4.181592007e-12
-4.393062552e-11
-1.035831337e-12
6.777682052e-13
-1.075015509e-12
-2.254441066e-13
5.329143582e-14
4.549655674e-12
9.284664374e-12
-5.833340757e-12
-2.777718212e-15
4.870862753e-15
-6.511750711e-19
-2.033339142e-15
-1.741949074e-19
-1.121252446e-19
-3.832146724e-20
7.857174744e-22
1.134791447e-20
-2.610934945e-20
3.207868332e-20
1.427671606e-20
6.762973361e-12
-1.753458429e-12
4.045327814e-12
7.099836238e-12
4.610172871e-12
-1.89868846e-11
1.297566372e-11
4.949805445e-11
1.606101996e-11
-6.428857608e-12
1.317675595e-11
8.497786672e-12
1.300516119e-11
-1.483341005e-11
1.337221031e-11
6.693337644e-12
1.23968852e-11
-1.355767178e-11
2.537788221e-11
1.068370096e-11
3.413882927e-11
-1.342261317e-11
7.072853583e-11
2.552648203e-11
1.663666924e-10
-9.855500402e-11
3.43327926e-10
1.093070896e-10
5.539850651e-10
-7.37007285e-11
7.148069531e-10
2.177688166e-10
9.525528316e-10
-4.639031505e-11
1.39588167e-09
4.225092759e-10
2.1042902e-09
-1.245550106e-10
2.708159071e-09
8.257168253e-10
2.490540062e-09
-2.55683382e-10
1.541936186e-09
6.704429253e-10
7.570587722e-10
-1.63926041e-10
4.037472022e-10
1.757020783e-10
2.86545501e-10
-9.95971254e-11
1.029054365e-10
-7.353268554e-09
-6.45854607e-11
-6.721292904e-09
2.621153132e-09
-5.028993608e-09
-8.56581079e-11
-3.016512863e-09
1.745644947e-09
-1.335771295e-09
-8.530710379e-11
-3.724790912e-10
4.654563506e-10
-1.05992714e-10
-6.835032496e-11
-1.529628614e-10
6.62900539e-11
-1.885434127e-10
-1.300264203e-10
-1.752561443e-10
1.069889234e-10
-1.347864403e-10
-1.213543108e-10
-8.298917768e-11
8.290816688e-11
-3.790502186e-11
-4.667877812e-11
-1.200437942e-11
2.684450672e-11
-4.396843519e-12
-5.141987788e-12
-3.776423604e-12
3.932088454e-12
-5.54629812e-12
-9.869671576e-13
-2.652490657e-11
1.623665312e-12
-2.304009472e-09
-2.824555118e-10
-8.012216256e-09
3.340872432e-09
-6.467840591e-09
-7.857954733e-12
-3.535822831e-09
3.769162523e-09
-1.796894566e-09
-2.79284416e-11
-8.819531025e-10
1.060040457e-09
-9.213446093e-11
-9.915722929e-15
-2.114547508e-14
6.120046881e-11
-5.54465805e-22
-5.125639607e-22
-2.263651179e-22
4.121433897e-22
2.805504019e-22
-9.296731641e-21
5.988319098e-21
8.316889578e-21
1.618843569e-12
-1.015672942e-11
4.805742448e-12
1.036366765e-11
1.250139571e-11
-5.736070832e-11
2.044358802e-11
4.89403613e-11
1.324095712e-11
-8.18932166e-12
7.826012794e-12
7.581519298e-12
5.887424865e-12
-4.630867821e-12
9.250843803e-12
6.700890007e-12
1.952622252e-11
-1.045405005e-11
4.088840604e-11
9.180747198e-12
6.958153802e-11
-4.790786183e-11
1.480505566e-10
6.889781307e-11
3.23840624e-10
-1.681969108e-10
6.467107591e-10
2.645747772e-10
1.190316471e-09
-4.336186153e-10
2.094885784e-09
7.817248673e-10
3.562296696e-09
-1.104646504e-09
6.126374582e-09
1.989672057e-09
1.009610577e-08
-1.547940539e-09
1.262935783e-08
3.155675787e-11
9.768456124e-09
-6.939327649e-10
4.189940082e-09
-4.277336895e-10
1.065499195e-09
-1.660926438e-10
3.283628943e-10
1.353354431e-10
2.194105649e-10
-9.685482321e-11
9.414780977e-11
-1.031516059e-08
-4.749352103e-09
-1.150484934e-08
4.093119607e-09
-9.142476757e-09
-3.322664656e-09
-5.383187362e-09
3.451661699e-09
-2.216632753e-09
-7.957715099e-10
-5.331212966e-10
8.248069961e-10
-6.808625647e-11
-5.427860647e-11
-8.471589866e-11
3.82245603e-11
-8.368563576e-11
-8.068104849e-11
-7.062895453e-11
5.825594895e-11
-4.985222191e-11
-5.565775065e-11
-2.88517736e-11
3.872214136e-11
-1.403399014e-11
-1.638475581e-11
-7.556600863e-12
1.189890043e-11
-7.475814166e-12
-2.62991863e-12
-1.226761854e-11
6.40974875e-12
-2.592115863e-11
-9.055295435e-14
-8.382952223e-11
4.140456594e-12
-3.132780389e-09
-5.019100882e-09
-2.077275442e-08
2.62545976e-09
-3.404355225e-08
-1.26082376e-08
-3.183121424e-08
2.355908497e-08
-2.123603547e-08
-4.667768885e-09
-1.00145641e-08
1.465599857e-08
-3.500296201e-09
-7.344340803e-10
-9.711028415e-10
2.631299453e-09
-6.293949015e-14
-3.54683524e-14
-1.605495857e-22
9.421863107e-14
1.136695129e-22
-3.096061287e-20
1.67078843e-19
3.870730517e-19
7.171531631e-13
-9.334309223e-12
3.150809147e-12
7.853938105e-12
1.30095817e-11
-3.276541581e-11
1.052585984e-11
2.085643543e-11
7.476619411e-12
-6.979924719e-12
7.573885655e-12
8.615584984e-12
1.473804595e-11
-1.347925349e-11
3.295393508e-11
2.773728608e-11
6.497295201e-11
-1.566320978e-11
1.037132764e-10
4.463957907e-11
2.151815669e-10
-1.070832091e-10
4.700020353e-10
2.023383991e-10
9.653982824e-10
-4.472491565e-10
1.805794337e-09
7.329488522e-10
3.033536434e-09
-1.324727336e-09
4.399642934e-09
1.639472356e-09
4.93290937e-09
-2.206178224e-09
3.65103096e-09
1.598262637e-09
1.489598067e-09
2.963046643e-10
5.623045948e-10
5.214307911e-11
3.346631153e-10
1.163672952e-10
2.455719165e-10
1.561951778e-10
1.85517995e-10
-1.275928844e-10
1.572281958e-10
1.487095677e-10
1.581709833e-10
-1.045450164e-10
1.565072675e-10
-7.360568878e-10
-1.681924724e-09
-1.469486534e-09
-1.872145829e-09
-2.220661226e-09
-1.454185759e-09
8.890236519e-10
-7.012721895e-10
-6.23855303e-10
-1.885677012e-10
3.87910623e-10
-2.054859713e-11
-2.504026969e-11
-2.859209081e-11
1.770874057e-11
-3.285433963e-11
-4.294386265e-11
-3.076284238e-11
3.079737596e-11
-2.443376646e-11
-2.898272996e-11
-1.86084288e-11
2.338038327e-11
-1.647541755e-11
-1.271554306e-11
-1.891876718e-11
1.647968917e-11
-2.503011097e-11
-1.85228843e-11
-2.385017699e-11
1.887818267e-11
-6.618600848e-12
-6.557076842e-12
-8.286109e-14
9.677691018e-13
-1.845340577e-12
3.20309261e-13
-2.257870773e-10
4.689368623e-13
-7.302448218e-09
-2.335545691e-08
-1.531449454e-08
5.755473518e-09
-1.105126014e-08
-2.942254554e-08
-1.987339845e-08
9.714665587e-09
-1.202850169e-08
-6.479170934e-09
-1.886587192e-09
9.967342546e-09
-1.723448289e-13
-1.104845917e-13
1.068146818e-13
3.274758409e-13
-1.572027816e-19
-1.837721618e-18
4.390661522e-18
9.423978119e-18
4.998497539e-13
-6.159386526e-12
3.388988021e-12
3.307867286e-12
1.4463678e-11
-1.509521612e-11
6.38076003e-12
2.036113388e-11
3.12952765e-12
-1.280489364e-11
3.623098626e-12
1.385650213e-11
7.892151091e-12
-4.736423826e-11
1.690348664e-11
4.958224733e-11
3.485515943e-11
-9.8330765e-11
6.808770162e-11
1.119142965e-10
1.579701008e-10
-2.901920081e-10
3.455838429e-10
2.634316242e-10
6.310586412e-10
-7.702279164e-10
9.165543565e-10
4.925861194e-10
1.037280181e-09
-1.606705841e-09
7.171338743e-10
1.125841731e-09
5.622832849e-10
-8.73292571e-10
5.915160417e-10
4.442462897e-10
5.007961253e-10
-2.227292604e-10
3.727172528e-10
2.027460855e-10
3.012841815e-10
-1.238434569e-10
3.36928998e-10
1.437023981e-10
4.762711311e-10
-1.806015504e-10
7.386194798e-10
2.685610332e-10
1.240790353e-09
-3.639919238e-10
-1.178282747e-10
-2.655004082e-10
-1.25045512e-10
8.28729023e-11
-9.587575699e-11
-1.935851298e-10
-4.385303934e-11
8.039612446e-11
-1.235192863e-11
-1.332923624e-11
-1.539639265e-11
1.166217405e-11
-1.811076776e-11
-2.228945362e-11
-1.929562056e-11
1.778303175e-11
-1.913344581e-11
-2.046877917e-11
-1.862329679e-11
1.930404685e-11
-1.834981377e-11
-1.87085591e-11
-1.783325855e-11
1.944584708e-11
-1.569869137e-11
-1.352219273e-11
-1.266494064e-11
1.14994756e-11
-1.246249338e-11
-4.74528782e-12
-2.256142448e-11
1.22627685e-11
-4.494025452e-11
-5.128713161e-11
-1.100228201e-10
4.346956086e-11
-2.031421459e-10
-9.868284866e-10
-1.765352673e-10
1.367062101e-10
1.022150577e-11
-2.342197283e-09
2.591746467e-10
5.189670203e-10
6.630964726e-10
-9.914985773e-09
-2.458744372e-10
4.859723199e-09
6.774667788e-10
-6.34228221e-11
5.190933456e-10
3.519334553e-10
3.174036192e-10
-4.317373436e-11
1.602754905e-10
8.749871669e-11
7.700012931e-11
-1.473125616e-11
4.741591572e-11
1.998318111e-11
3.510380565e-11
-1.808088555e-11
2.880760233e-11
2.035602144e-11
2.415992669e-11
-1.357550006e-11
2.208239492e-11
1.442812967e-11
2.50703681e-11
-3.264766154e-11
3.625417781e-11
2.308231633e-11
5.932264292e-11
-9.20393259e-11
9.606530534e-11
6.641866171e-11
1.570164322e-10
-2.31119055e-10
2.605563918e-10
1.879013373e-10
4.125173497e-10
-3.951534384e-10
5.5280844e-10
3.855409604e-10
5.916747088e-10
-4.79335841e-10
5.655352753e-10
3.743822705e-10
4.816213549e-10
-3.849908367e-10
4.434762515e-10
3.632154798e-10
4.068140947e-10
-2.300777947e-10
4.053751316e-10
3.068873433e-10
4.826137384e-10
-2.301387679e-10
7.002136345e-10
4.289541733e-10
1.175416866e-09
-5.065091917e-10
1.087996595e-09
-7.094477823e-11
-4.599656383e-11
-4.776251107e-11
5.800278608e-11
-3.248363642e-11
-3.588251344e-11
-2.190100573e-11
2.968341042e-11
-1.646500113e-11
-1.25481371e-11
-1.671407183e-11
1.5984992e-11
-1.7928361e-11
-1.665727302e-11
-1.909937859e-11
1.787415848e-11
-1.972614531e-11
-1.931131794e-11
-1.963584572e-11
2.007241633e-11
-1.878372085e-11
-1.948934081e-11
-1.711290173e-11
1.922597531e-11
-1.435503547e-11
-1.188014283e-11
-1.497549339e-11
1.332125932e-11
-1.573732833e-11
-1.590955402e-11
-1.688642286e-11
1.711726306e-11
-1.689606626e-11
-3.041586163e-11
-1.416116668e-11
2.187411438e-11
-4.273836146e-12
-8.598241359e-12
-7.281856127e-14
-9.874890766e-17
2.593866321e-13
-9.554281746e-11
7.603020967e-12
1.637069414e-11
1.08102914e-10
-1.430433123e-09
3.354586224e-10
3.953644172e-10
3.436279102e-10
-3.101564855e-10
2.091503739e-10
1.416548334e-10
1.128691553e-10
-6.750342373e-11
6.312407137e-11
3.812311508e-11
5.150293624e-11
-2.30727286e-11
6.350911144e-11
3.213922781e-11
7.281265974e-11
-2.884567193e-11
7.066934119e-11
5.455538694e-11
6.312008941e-11
-2.078883202e-11
5.516853675e-11
4.298562245e-11
4.940357476e-11
-2.203762258e-11
4.779406718e-11
3.497275545e-11
5.30747442e-11
-5.006414868e-11
6.987979531e-11
4.988295902e-11
1.084320943e-10
-1.516779781e-10
1.897081829e-10
1.352483053e-10
3.388365359e-10
-3.791182211e-10
5.592523275e-10
3.825992469e-10
8.073282906e-10
-4.98358282e-10
9.702271556e-10
6.816066956e-10
8.438974218e-10
-3.931970381e-10
7.874936402e-10
5.412897765e-10
8.550979109e-10
-4.750987462e-10
1.130975603e-09
8.668447959e-10
1.732312713e-09
-9.079602764e-10
2.786036138e-09
1.848790769e-09
4.267602933e-09
-2.227511937e-09
3.07557756e-09
-1.676087766e-10
-9.398596399e-11
-1.201301105e-10
-8.196988212e-11
-4.495925928e-11
-5.469783656e-11
7.755582067e-11
-3.794433431e-11
-2.310815415e-11
-2.932106228e-11
3.712509389e-11
-2.544946261e-11
-2.066185136e-11
-2.364611483e-11
2.524653571e-11
-2.224341062e-11
-2.112737033e-11
-2.044062404e-11
2.213830999e-11
-1.798371933e-11
-1.846428459e-11
-1.508617656e-11
1.738587807e-11
-1.364617934e-11
-1.492996685e-11
-1.36763367e-11
1.5908698e-11
-1.271547528e-11
-1.688211325e-11
-1.107323761e-11
1.580068621e-11
-8.248125573e-12
-1.632617859e-11
-4.199498281e-12
1.226774722e-11
-1.610697409e-14
-9.914010973e-15
-2.343744561e-14
1.782314815e-14
1.020511678e-14
-2.941820345e-12
1.729254212e-13
9.116596517e-13
1.16783822e-12
-1.099411994e-10
1.341894437e-11
3.069492928e-11
1.678780345e-11
-6.129560872e-11
1.692444267e-11
2.838341141e-11
1.332415464e-11
-2.272242438e-11
1.479753296e-11
1.746973779e-11
3.194458122e-11
-4.212706712e-11
7.158803092e-11
5.206729771e-11
1.210524721e-10
-9.451812215e-11
1.581361566e-10
1.34406145e-10
1.750659566e-10
-8.822431582e-11
1.765450077e-10
1.517354565e-10
1.702481843e-10
-7.028592298e-11
1.627438981e-10
1.32442683e-10
1.598030397e-10
-7.373349968e-11
1.686033039e-10
1.306223625e-10
2.016002874e-10
-1.504248809e-10
2.809453792e-10
2.106626059e-10
4.388915768e-10
-4.191643153e-10
7.180025858e-10
5.188492625e-10
1.162292883e-09
-9.155861122e-10
1.722633268e-09
1.263171797e-09
1.987992748e-09
-8.454066265e-10
1.734395061e-09
1.285893349e-09
1.409827778e-09
-1.243393831e-09
1.409991056e-09
8.006523984e-10
1.529434945e-09
-2.105896783e-09
1.356991396e-09
7.178905714e-10
8.139857721e-10
-1.476491094e-09
-2.090306663e-10
-1.286451452e-10
-1.524461185e-10
-1.079416013e-10
-6.309666411e-11
-7.477140797e-11
1.055468383e-10
-5.15062296e-11
-3.387687012e-11
-3.6142735e-11
5.064833524e-11
-2.635438783e-11
-2.336048555e-11
-2.001333064e-11
2.613540679e-11
-1.586581917e-11
-1.685057707e-11
-1.376606183e-11
1.723367938e-11
-1.269664335e-11
-1.607210692e-11
-1.119948579e-11
1.570925598e-11
-9.330065768e-12
-1.428025436e-11
-7.033536287e-12
1.259740118e-11
-4.362620038e-12
-9.166431227e-12
-1.766496445e-12
6.786965256e-12
-5.278165038e-15
-1.430814524e-14
-6.556642527e-16
1.012723862e-14
9.056509734e-15
-5.495215565e-13
1.296618123e-13
4.169779788e-13
1.840644601e-13
-8.511612385e-12
1.527198351e-12
3.149038358e-12
3.08870556e-12
-1.378916155e-11
4.435168711e-12
8.128643127e-12
6.635591078e-12
-1.756173455e-11
1.489318443e-11
2.417139256e-11
4.087824383e-11
-6.987194546e-11
7.353157473e-11
1.282275386e-10
2.538432038e-10
-1.855474338e-10
1.991856327e-10
6.621136333e-10
1.423625099e-10
-2.254434518e-10
1.639623936e-10
4.492593915e-10
2.464164175e-10
-2.217751492e-10
3.453393017e-10
3.981577908e-10
4.020248088e-10
-2.297975129e-10
4.511980081e-10
3.814787991e-10
5.310187397e-10
-3.329892947e-10
6.765549089e-10
5.447127944e-10
9.482896524e-10
-7.278684388e-10
1.4603227e-09
1.127993289e-09
2.361605813e-09
-1.830928769e-09
3.558273657e-09
2.74743924e-09
4.078628339e-09
-1.836187e-09
2.748831081e-09
2.353402813e-09
8.978358198e-10
-2.857397522e-10
2.182229956e-10
1.571662035e-10
9.649623179e-11
-1.077337436e-10
-2.44987878e-10
-1.651420273e-10
-1.733790073e-10
2.384844471e-10
-1.152329729e-10
-7.825290565e-11
-7.068673462e-11
1.148896377e-10
-4.043000149e-11
-3.231896077e-11
-2.358201386e-11
4.297050736e-11
-1.632808925e-11
-1.827940961e-11
-1.331094464e-11
1.987818002e-11
-1.108707734e-11
-1.508532021e-11
-8.884584978e-12
1.439804442e-11
-6.657606373e-12
-1.092574271e-11
-4.403199248e-12
9.36179549e-12
-2.32294792e-12
-4.968305946e-12
-7.542448431e-13
3.589912523e-12
-2.88666328e-15
-7.342306691e-15
-9.15653921e-16
6.237125913e-15
4.453839848e-15
-3.313713428e-13
1.124109497e-13
3.022102262e-13
1.941943829e-13
-2.134980167e-12
1.322323661e-12
2.851365363e-12
2.932782026e-12
-8.055808164e-12
7.834697813e-12
1.506025466e-11
2.100835759e-11
-4.471218034e-11
5.065963209e-11
9.069651623e-11
9.285358346e-11
-1.389026143e-09
1.193485158e-09
2.040434483e-09
2.011516178e-09
-2.653019911e-09
3.769016773e-09
7.906512299e-09
5.707909496e-09
-3.988198176e-09
6.579008337e-09
1.191799082e-08
4.633882226e-09
-1.505343017e-09
1.867463787e-09
2.538408482e-09
1.00942835e-09
-6.154381742e-10
1.037014843e-09
9.174861386e-10
1.294715421e-09
-8.942874577e-10
1.736560509e-09
1.447462181e-09
2.487080173e-09
-1.848093131e-09
3.726116636e-09
2.986303296e-09
5.423371716e-09
-4.013522631e-09
6.607800737e-09
5.211242235e-09
5.272996179e-09
-2.36769562e-09
2.735736501e-09
1.948349268e-09
1.154448791e-09
-2.409415725e-10
3.311456678e-10
-4.199641463e-10
-3.23143136e-10
-2.880087889e-10
-1.891224265e-10
-1.561820025e-10
-1.173061229e-10
1.996219147e-10
-6.850242716e-11
-5.843971546e-11
-3.890885407e-11
8.002945297e-11
-2.330040398e-11
-2.277312586e-11
-1.547905797e-11
2.953424384e-11
-1.088619352e-11
-1.39118303e-11
-7.563910043e-12
1.456464917e-11
-4.903799616e-12
-7.987917432e-12
-2.76063805e-12
6.994508521e-12
-1.195447089e-12
-2.578758725e-12
-3.02049735e-13
1.90850663e-12
-1.22295301e-14
-9.035128632e-15
-1.549996141e-14
3.265007554e-14
1.173298558e-14
-5.591135752e-13
7.771114152e-13
1.838055444e-12
1.04885858e-12
-5.266892261e-12
4.520559588e-12
1.033924253e-11
1.222032758e-11
-3.351622901e-11
3.441834464e-11
6.867266749e-11
8.052204223e-11
-1.737594644e-10
1.612766064e-10
3.063897392e-10
3.04805497e-10
-1.234605806e-09
1.213159485e-09
8.391574992e-10
6.4972024e-09
-1.794799102e-08
1.316523188e-08
3.354818208e-08
1.675253975e-08
-2.202172864e-08
1.257204646e-08
2.770418054e-08
4.432945423e-09
-2.379646539e-09
1.429683623e-09
1.600206577e-09
1.330997877e-09
-1.272771439e-09
1.795237523e-09
1.582490197e-09
2.500605456e-09
-2.208583694e-09
3.473454534e-09
2.874324015e-09
4.704994131e-09
-4.297648747e-09
5.890372716e-09
4.75925388e-09
6.089312406e-09
-5.300288061e-09
4.179220965e-09
3.364465916e-09
1.721346976e-09
-1.203763458e-09
7.696593954e-10
5.319200886e-10
4.36697917e-10
-2.788860993e-10
-2.632292463e-10
-2.467115374e-10
-1.828128419e-10
-1.282619367e-10
-1.113777404e-10
-8.877744871e-11
-6.11231201e-11
-4.590260964e-11
-4.172988312e-11
7.99397811e-11
-2.751578967e-11
-1.986450171e-11
-1.684623347e-11
3.778826634e-11
-9.165682924e-12
-7.470180371e-12
-4.194617619e-12
1.35295853e-11
-1.550756996e-12
-1.710540951e-12
-5.898569575e-13
3.08445731e-12
-4.880569703e-13
-2.01656935e-13
-6.143462459e-13
1.328362166e-12
-1.813668564e-13
-4.902691748e-12
3.35901736e-12
9.744384111e-12
6.342400058e-12
-2.019184293e-11
1.518583594e-11
3.86857634e-11
4.147121913e-11
-1.263194809e-10
1.016982244e-10
2.170753711e-10
2.190801001e-10
-5.194286557e-10
4.374974827e-10
8.990569813e-10
8.197707199e-10
-1.193129365e-09
2.637081582e-09
2.128712587e-09
1.522189073e-08
-5.186732885e-08
2.215480595e-08
5.973611887e-08
1.447777425e-08
-2.167794762e-08
3.599715477e-09
8.526104907e-09
6.754290626e-10
-1.053894236e-09
5.773295843e-10
7.499413953e-10
8.163466903e-10
-1.574505844e-09
1.160687812e-09
1.112384136e-09
1.542062255e-09
-2.708032411e-09
1.828219588e-09
1.535444553e-09
1.811134065e-09
-3.275946082e-09
1.37318985e-09
1.209886547e-09
8.192707562e-10
-1.199007087e-09
5.037668711e-10
3.56351349e-10
-2.581912916e-10
-1.604386147e-10
-1.373786928e-10
-1.262522521e-10
-9.395224431e-11
-7.646845453e-11
-6.377128454e-11
1.343171975e-10
-3.750217247e-11
-3.200144024e-11
-1.884169585e-11
6.383923405e-11
-9.32961808e-12
-9.521874757e-12
-6.7102996e-12
2.488041244e-11
-8.421052502e-12
-6.3236777e-12
-9.699115049e-12
2.382285446e-11
-1.95166719e-12
-1.62833841e-11
6.368594632e-12
2.601206914e-11
2.199843067e-11
-7.176877346e-11
4.4745938e-11
1.280009938e-10
1.038362157e-10
-3.718064743e-10
2.597061634e-10
6.743978478e-10
6.09032634e-10
-1.620552336e-09
1.209146886e-09
2.869594193e-09
1.992818147e-09
-3.663640737e-09
3.782089101e-09
5.425331571e-09
9.081865146e-09
-4.061705772e-08
5.187848409e-09
1.339015141e-08
1.083743822e-09
-1.888263347e-09
2.448905134e-10
6.040411584e-10
1.701714403e-10
-5.13295465e-10
1.707430177e-10
3.247601299e-10
1.814909802e-10
-5.831414108e-10
1.901580801e-10
2.886779641e-10
1.916039952e-10
-5.687452618e-10
1.898339276e-10
2.473382949e-10
2.073380692e-10
-4.275275068e-10
-1.588143595e-10
-1.911212642e-10
-1.027943519e-10
-6.454377832e-11
-9.145205722e-11
-4.295941088e-11
-2.927177003e-11
-3.636636351e-11
-2.290581387e-11
-1.923092557e-11
-3.565925923e-11
-1.050496657e-11
3.090252758e-11
3.467263658e-12
-3.138693826e-11
8.930029857e-12
3.214747198e-11
5.284688429e-11
-2.197778135e-10
1.128223844e-10
3.673059289e-10
2.331479341e-10
-1.274780314e-09
6.187383298e-10
2.28485897e-09
1.360506169e-09
-4.569810857e-09
2.279005414e-09
6.258609639e-09
2.890083223e-09
-6.400639707e-09
2.552693307e-09
5.898657751e-09
1.317254108e-09
-2.971920449e-09
3.741594608e-10
9.898852622e-10
1.302532561e-10
-3.303653121e-10
8.095138608e-11
2.153189325e-10
6.986063215e-11
-2.050877934e-10
7.010254508e-11
7.431807415e-11
-1.761376565e-10
8.379152383e-11
1.022797904e-10
-1.906998599e-10
-9.544847338e-12
-2.582601573e-11
-3.950547481e-12
2.696426619e-12
-3.050119379e-11
7.382853412e-12
6.776029269e-11
-5.722892184e-10
2.058388965e-10
4.206349837e-10
-3.593265155e-09
1.02065975e-09
1.985913518e-09
-7.406793784e-09
2.633235949e-09
2.284968796e-09
-4.406542907e-09
1.24930648e-09
4.671475995e-10
-5.576670033e-10
1.848929034e-10
9.725206886e-11
-1.797299437e-10
)
;

boundaryField
{
    dominio_ascii
    {
        type            calculated;
        value           nonuniform List<scalar> 
168
(
1.728983972e-10
2.232851641e-10
4.091491467e-10
8.02481059e-10
2.662010564e-09
2.86303549e-09
8.299470224e-10
3.704641547e-09
3.961948426e-09
5.209478715e-09
6.508622138e-10
4.794482313e-09
6.371018387e-09
4.143842135e-09
1.418139892e-10
2.247581491e-10
2.785435078e-10
1.893686649e-08
1.218398821e-08
2.234489831e-10
7.00264566e-10
1.1291695e-10
2.388476681e-10
1.456211314e-10
2.40321311e-10
2.454239933e-09
1.747961085e-09
7.821580472e-09
1.575969272e-10
1.275185186e-09
3.313103185e-10
8.875253583e-11
1.393214722e-09
1.407307695e-09
9.264768021e-10
1.041398164e-09
5.852934487e-10
1.749882551e-10
2.407522993e-11
1.639101482e-11
2.867390557e-10
2.734337074e-10
1.139644869e-09
5.602269704e-10
4.229568427e-10
1.143096823e-10
1.755343105e-10
2.592239791e-10
2.859419333e-10
5.821103298e-10
1.020606429e-09
3.00990388e-09
6.527499981e-09
1.041110338e-08
1.745269446e-08
5.23346621e-09
2.370282163e-09
1.151575259e-09
5.657201261e-09
5.740350354e-09
3.64298416e-09
7.45653515e-09
2.18492846e-09
2.828037742e-09
1.864910408e-08
9.212718223e-09
7.600706647e-10
1.003762215e-09
1.430774496e-09
7.455603172e-09
4.73871283e-10
5.933999231e-10
5.421433023e-09
2.901353299e-10
3.717858307e-10
2.908476967e-09
2.406022661e-10
1.199924383e-09
1.102587979e-09
1.16774246e-10
1.86017654e-10
4.553835569e-10
2.050896065e-09
5.022407073e-10
1.585924896e-10
1.721111098e-08
1.876751955e-10
3.129506336e-10
2.450654048e-10
1.668130111e-10
2.786739974e-10
2.268508348e-10
1.074621474e-10
3.859709394e-10
1.454043743e-10
9.481258571e-11
4.702327801e-09
1.777704295e-10
4.102992885e-09
5.385281201e-09
1.858825635e-10
3.54062871e-10
2.016638112e-09
2.063636452e-10
3.988820029e-10
4.6009948e-10
1.329501997e-09
2.525649463e-10
3.162184849e-10
1.493887899e-09
2.188965138e-10
4.087220035e-10
2.329868728e-10
4.645005664e-10
3.064662071e-09
3.019460463e-10
1.419232788e-10
5.807406857e-09
3.157548331e-10
8.430258539e-09
7.204402313e-09
4.88279142e-10
2.032488069e-10
3.7094194e-10
7.61033518e-10
1.374828358e-10
9.801254244e-11
9.948629137e-10
6.34867186e-10
1.000696191e-10
1.501841528e-09
3.331770267e-10
2.378930132e-10
1.159657834e-09
4.914113221e-10
4.112886856e-10
8.064596113e-10
3.953386551e-10
6.159940177e-10
7.967563881e-10
5.31054962e-10
7.725404092e-10
7.597067994e-10
3.79205507e-10
3.129482135e-10
7.784830151e-10
2.408504018e-10
2.816294396e-10
1.065634454e-10
5.764929404e-11
1.330182584e-10
1.437712528e-10
2.691764241e-10
4.194766499e-10
5.276577521e-11
1.884939468e-11
3.224264182e-11
1.487709784e-10
9.1103146e-10
3.116159539e-09
5.744974321e-09
7.166521515e-09
6.436662718e-09
3.695789184e-09
1.499751936e-09
1.193669e-09
3.828286275e-10
2.047909345e-10
)
;
    }
    wallFilmFaces_top
    {
        type            calculated;
        value           uniform 0;
    }
    region0_to_wallFilmRegion_wallFilmFaces
    {
        type            calculated;
        value           uniform 0;
    }
}


// ************************************************************************* //
