/*--------------------------------*- C++ -*----------------------------------*\
| =========                 |                                                 |
| \\      /  F ield         | OpenFOAM: The Open Source CFD Toolbox           |
|  \\    /   O peration     | Version:  2.1.x                                 |
|   \\  /    A nd           | Web:      www.OpenFOAM.org                      |
|    \\/     M anipulation  |                                                 |
\*---------------------------------------------------------------------------*/
FoamFile
{
    version     2.0;
    format      ascii;
    class       volScalarField;
    location    "1";
    object      deltaf;
}
// * * * * * * * * * * * * * * * * * * * * * * * * * * * * * * * * * * * * * //

dimensions      [0 1 0 0 0 0 0];

internalField   nonuniform List<scalar> 
2828
(
2.195462715e-06
3.004735056e-06
9.881051358e-06
2.181294251e-05
3.47861615e-05
1.42583922e-05
1.615878843e-05
3.627946087e-05
3.762938032e-05
1.695441723e-06
3.88863904e-06
1.40548615e-05
2.755562495e-05
3.911232147e-05
4.794319767e-05
5.592331609e-05
6.121690294e-05
1.738217182e-05
2.668102114e-05
2.483333939e-05
2.844391339e-05
3.384441862e-05
3.014351099e-05
1.50591477e-06
5.7625744e-06
1.840010107e-05
3.170914312e-05
4.020238081e-05
4.463446342e-05
4.723245468e-05
6.024611338e-05
6.47769854e-05
7.067903143e-05
1.747788982e-05
1.951256442e-05
3.377349897e-05
4.047063404e-05
3.993828133e-05
3.133787689e-05
2.085729001e-05
1.965728318e-06
8.50457462e-06
2.047225157e-05
2.951345627e-05
3.285473313e-05
3.301155907e-05
3.2636269e-05
7.435946964e-05
8.836769191e-05
8.260552638e-05
9.273008007e-05
0.0001121962667
3.467239087e-05
2.66427923e-05
2.57196532e-05
3.691660969e-05
4.635847716e-05
4.277846267e-05
2.732875293e-05
1.521717236e-05
3.90904554e-06
1.242577402e-05
2.011425578e-05
2.325621039e-05
2.398363068e-05
2.639365343e-05
3.457847074e-05
6.591307885e-05
0.0001112797329
0.000118301463
0.0001216520311
0.0001389012995
0.0001511236054
5.506467787e-05
3.167538348e-05
2.139413287e-05
2.25806142e-05
3.680549833e-05
3.948287585e-05
3.489243905e-05
1.909776911e-05
1.186236335e-05
1.009850893e-05
1.722200659e-05
1.899082472e-05
1.883400262e-05
2.236052638e-05
3.190155077e-05
5.262993338e-05
4.769864581e-05
8.836525768e-05
0.0001255214277
0.0001422176722
0.0001619757121
0.0001739386306
0.0001673976028
7.084688686e-05
4.431067041e-05
1.765190132e-05
1.008482363e-05
1.209164491e-05
3.466236777e-05
2.624896086e-05
2.221372081e-05
2.306658334e-05
9.115805195e-06
1.633785898e-05
2.043873102e-05
1.890558036e-05
1.946347722e-05
2.690793056e-05
3.955310609e-05
5.509146748e-05
5.764913963e-05
8.126876819e-05
0.0001119087998
0.0001399723233
0.0001673127428
0.0001812302874
0.0001707867585
6.727541291e-05
6.51221148e-05
2.866747478e-05
8.553981302e-06
3.613163113e-06
3.972217564e-06
2.254476891e-05
1.46129132e-05
1.21744174e-05
0.0002256656868
7.139298633e-06
1.515461823e-05
1.866130207e-05
1.850626104e-05
2.167764003e-05
3.087795756e-05
4.282269316e-05
5.5504612e-05
7.19208471e-05
8.721438947e-05
0.0001054507287
0.0001304805556
0.0001588175022
0.000172604055
0.0001583148991
0.0001310789958
5.763491414e-05
4.410062652e-05
1.742128914e-05
4.820965084e-06
1.333818804e-06
7.490929337e-07
5.353843511e-06
7.111677017e-06
3.660998365e-06
2.423626475e-05
5.038168127e-06
1.10725447e-05
1.397969966e-05
1.663590708e-05
2.476384366e-05
3.846204351e-05
5.242804098e-05
6.390281859e-05
7.433813673e-05
8.578564967e-05
0.0001000614389
0.0001208252931
0.0001454106139
0.0001543956155
0.0001345987519
0.0001063833586
9.116794137e-05
3.488852404e-05
3.850413584e-05
2.416782347e-05
9.718710642e-06
3.172411132e-06
1.355369762e-06
1.480965994e-06
2.957445279e-07
2.892064275e-06
2.980696383e-06
2.843729524e-06
6.278015397e-06
8.628481546e-06
1.116362064e-05
1.876112959e-05
3.298152577e-05
5.215708062e-05
7.123348874e-05
8.534329817e-05
9.349398091e-05
9.854815329e-05
0.0001046815121
0.0001171129852
0.0001330465295
0.0001326290225
0.0001060705902
7.775597063e-05
7.118483702e-05
2.237278763e-05
2.114611364e-05
1.175518654e-05
4.970138844e-06
3.086856559e-06
8.981291283e-06
1.9286162e-05
1.682397576e-07
5.286299017e-07
2.252972197e-06
3.03414625e-06
4.961535856e-06
7.170410057e-06
1.368492088e-05
4.770530692e-05
5.488578509e-05
6.313131534e-05
8.253622789e-05
0.0001021380789
0.0001138129803
0.0001163155426
0.000114995699
0.0001174239428
0.0001216010491
0.0001098340698
7.824520935e-05
5.212420747e-05
4.851135156e-05
1.239843917e-05
1.147929421e-05
7.585117896e-06
4.391038176e-06
5.7371552e-06
2.219405293e-05
3.858021568e-05
4.050832477e-08
6.823990762e-08
8.602172241e-07
2.11579522e-06
4.2605862e-06
1.216928493e-05
2.97056148e-05
8.589874804e-05
0.0001062643914
8.285504062e-05
8.726148946e-05
0.0001065308969
0.0001227880877
0.0001276135842
0.0001226360284
0.0001159005621
0.0001077557587
8.630503196e-05
5.426385036e-05
3.306666136e-05
3.055800371e-05
3.680827349e-05
4.299037241e-06
5.161201222e-06
5.485514304e-06
6.002514446e-06
8.633393272e-06
3.603295743e-05
3.793727457e-05
4.699510426e-08
2.567790995e-09
5.745443207e-07
2.133332262e-06
8.266604234e-06
2.432290114e-05
5.489152793e-05
6.869597795e-05
0.0001093581548
0.0001078576264
9.95841294e-05
0.0001114282943
0.0001260003688
0.0001310216081
0.0001227425387
0.0001074353571
8.85445844e-05
6.219258604e-05
3.508176886e-05
2.020128262e-05
1.708071611e-05
2.221943565e-05
1.601367603e-05
1.591800966e-06
1.403769677e-06
3.295038033e-06
1.084883835e-05
1.99449054e-05
4.699848276e-05
2.149242565e-05
3.384054002e-07
3.676858397e-09
6.823851912e-07
2.946397874e-06
1.275068886e-05
2.72726107e-05
4.577640352e-05
7.017749888e-05
8.784280681e-05
0.0001016982515
0.0001113676427
0.0001207868424
0.0001302808938
0.000129744787
0.0001140646491
8.987698127e-05
6.379941213e-05
3.858932905e-05
1.995788956e-05
1.08848586e-05
7.152478209e-06
6.499915948e-06
4.607262708e-05
2.100990572e-05
9.532136982e-06
5.936671873e-06
3.143037453e-06
1.833562721e-05
3.146878754e-05
8.083534789e-06
1.36636895e-05
1.355791313e-06
1.761553685e-06
6.484030112e-06
1.559965651e-05
2.749039647e-05
4.316503192e-05
6.365973287e-05
8.660985805e-05
0.0001063840033
0.0001185586853
0.0001277396647
0.000133009818
0.0001221146351
9.548400769e-05
6.461329998e-05
3.730959279e-05
1.8071483e-05
8.322174282e-06
3.557667355e-06
1.654573091e-06
1.269006193e-06
5.274477993e-05
1.866967205e-05
2.239816449e-06
9.238012036e-08
1.526469514e-07
1.406885289e-06
6.033731512e-06
1.573850333e-06
1.555294391e-05
1.556267028e-05
4.91290501e-06
1.242859844e-05
2.349193374e-05
3.685089529e-05
5.26325549e-05
7.055523307e-05
9.085387271e-05
0.0001100152872
0.0001213577858
0.0001307396566
0.0001294153815
0.0001036463211
6.761889353e-05
3.712241054e-05
1.568363097e-05
5.043337302e-06
2.349193564e-06
8.371380205e-07
3.81471329e-07
3.39742122e-07
5.606416939e-05
2.33951937e-05
3.654178867e-06
2.479825018e-07
7.568491935e-09
4.442469338e-09
8.632876806e-09
4.664138925e-08
1.251436705e-07
1.700467111e-06
7.600953799e-06
1.914431318e-05
3.525853298e-05
5.308983802e-05
6.987040964e-05
8.487243317e-05
0.0001029979734
0.0001193344685
0.0001243253362
0.0001308480454
0.0001150625996
7.302099108e-05
3.649251576e-05
1.52214359e-05
3.854600112e-06
1.219027929e-06
1.063481184e-06
9.975080141e-07
5.155279301e-07
6.233819703e-07
4.822674419e-05
2.582639103e-05
5.852223716e-06
6.301443938e-07
5.575103679e-08
2.967970544e-08
3.543059615e-08
4.182227375e-08
5.367079876e-08
3.696633608e-06
1.321846809e-05
2.880170038e-05
4.870202256e-05
6.836831825e-05
8.296474549e-05
9.524214211e-05
0.0001155706898
0.0001268814265
0.0001216751957
0.0001238895491
8.581158402e-05
3.638285944e-05
1.251428641e-05
4.296934001e-06
2.726436469e-06
3.624444662e-06
7.387235315e-06
1.758068265e-05
2.299540129e-05
2.412476215e-05
2.92259955e-05
1.424854905e-05
4.322886923e-06
2.5715963e-07
9.498523016e-08
7.582804291e-08
6.262347525e-08
7.637185307e-08
7.94331786e-06
2.166598378e-05
4.129350889e-05
6.262098753e-05
7.960548033e-05
8.792612709e-05
9.977366067e-05
0.0001233792306
0.0001203898486
0.0001078143796
0.0001050422547
4.662898436e-05
9.022237876e-06
2.889813033e-06
2.594412636e-06
4.975666283e-06
8.474079503e-06
1.119911619e-05
9.025065521e-06
8.329108239e-06
8.967406728e-06
4.851251995e-05
3.440458676e-05
2.183730797e-05
1.305320348e-05
3.734969791e-06
1.19704879e-07
9.659932846e-08
7.018825476e-06
1.513878454e-05
3.320396103e-05
5.56648121e-05
7.509471486e-05
8.549908967e-05
8.532141404e-05
0.000102427341
0.000115876172
9.428029337e-05
8.369390089e-05
7.35760711e-05
3.333373745e-05
5.207528233e-06
1.719135896e-06
1.47301834e-06
1.279240884e-06
1.47718095e-06
2.299981147e-06
3.946403682e-06
6.420214474e-06
8.560905585e-06
4.812655332e-05
4.587000955e-05
3.99897052e-05
2.390923843e-05
1.668679226e-05
4.886930375e-06
1.971173219e-06
8.262918067e-06
2.434677899e-05
4.767097163e-05
6.994522985e-05
8.302619548e-05
8.387276125e-05
7.519192772e-05
0.0001068018309
7.4522237e-05
7.238758962e-05
4.354574396e-05
4.791595538e-05
7.912581735e-05
8.867823125e-06
1.370908068e-06
4.332551411e-07
1.545821729e-07
1.390623475e-07
5.235377445e-07
3.169398927e-06
8.759529246e-06
2.196915389e-05
4.308399317e-05
3.643688398e-05
1.771417828e-05
3.487546071e-06
3.402311232e-06
1.52915183e-05
3.844429542e-05
6.404888597e-05
8.060225629e-05
8.299124339e-05
7.359862824e-05
5.885572293e-05
0.000122365906
1.150412348e-05
7.504173315e-05
9.719486904e-06
6.69966642e-05
9.976802716e-05
1.679260593e-05
4.115899821e-06
1.569984149e-07
8.205235683e-08
1.671617777e-07
1.207804938e-06
1.409125963e-06
7.859316683e-07
9.695914802e-06
2.711658328e-05
2.721499426e-05
1.46138713e-05
2.078399395e-06
6.902242621e-06
2.74897161e-05
5.685738944e-05
7.839345382e-05
8.288236803e-05
7.289937031e-05
5.61392408e-05
3.974944727e-05
0.000135565095
4.792550153e-07
9.328360285e-05
1.120527709e-05
0.0001159658416
5.509748361e-05
2.205613109e-05
1.01053631e-05
3.224368089e-07
1.2734981e-07
3.365514361e-07
1.723026513e-06
3.939405787e-07
1.952542696e-05
2.102593165e-05
2.087693618e-05
3.197064892e-06
1.457260984e-05
4.696777944e-05
7.632617126e-05
8.422004825e-05
7.305954968e-05
5.400144519e-05
3.576623646e-05
2.291115087e-05
2.448762874e-05
9.721295538e-05
0.0001379975055
0.000205749004
4.751411554e-05
3.759417121e-05
2.841791281e-05
1.341557769e-05
3.198912625e-06
2.311913618e-07
6.805752902e-07
2.187795282e-06
1.091810314e-06
1.716095497e-06
1.147340941e-05
2.011839429e-05
3.186571587e-06
3.082575673e-05
7.362452609e-05
8.825995355e-05
7.47959317e-05
5.18493111e-05
3.168402724e-05
1.801157324e-05
1.476249678e-05
2.350811759e-05
0.0001493046206
1.574236438e-05
9.192713381e-05
4.192092444e-05
3.688213357e-05
3.524740068e-05
2.166816648e-05
4.422019457e-06
3.241587556e-07
1.140937851e-06
2.666308673e-06
7.945172498e-07
1.9082855e-05
2.27323212e-06
6.560079224e-05
9.819159653e-05
7.970557202e-05
4.938250264e-05
2.662830114e-05
1.326547715e-05
6.774144248e-06
3.994533132e-05
4.813237867e-05
5.60455906e-05
1.661587807e-06
5.557283503e-06
3.234306268e-05
2.813057061e-05
3.655617675e-05
3.323013981e-05
1.06956665e-05
3.963145902e-07
1.683493244e-06
7.683725409e-07
1.157561041e-07
0.0001262829196
9.247868359e-05
4.532262355e-05
1.947058568e-05
7.992888764e-06
3.197630728e-06
2.370044063e-06
1.49838355e-05
2.578308903e-06
1.284638609e-06
5.856276609e-06
2.817523363e-06
6.345407855e-06
1.35731216e-05
2.598469001e-05
4.084030661e-05
3.030989668e-05
4.721056673e-07
0.0001361641156
3.092852532e-05
7.945102421e-06
2.316378887e-06
6.436306355e-07
1.519697213e-05
1.878126162e-05
2.039812131e-05
1.492699903e-06
1.193017757e-06
1.936332569e-06
9.155042078e-07
4.448386639e-07
2.14305686e-06
6.41817414e-06
2.209341466e-05
9.391144713e-05
3.525297198e-07
3.261602061e-07
2.002013714e-09
1.180172224e-06
0.0001835865642
3.38790616e-05
2.918910745e-05
2.168654468e-06
1.021576126e-06
1.292037102e-06
7.158528909e-08
7.652897945e-08
1.217318775e-07
5.590488011e-08
2.550280879e-06
7.599628356e-06
4.51604438e-05
4.927690638e-05
5.298206072e-06
1.06393792e-06
8.865762245e-07
1.044031882e-07
6.068210845e-08
3.029424411e-05
3.729945067e-05
4.188704963e-05
3.979836268e-05
1.544193763e-05
1.379852123e-05
1.995561655e-06
1.614916874e-06
1.598632766e-06
3.320625989e-06
6.712907439e-06
5.736353369e-06
1.165819302e-05
1.775932019e-05
1.539091508e-05
2.437278179e-05
3.095626263e-05
2.84323632e-05
3.706887901e-05
4.207519319e-05
4.592833624e-05
4.971493722e-05
5.412632035e-05
2.471091116e-05
2.250615057e-05
1.676271868e-05
1.634634216e-05
1.23506129e-05
2.271943358e-05
3.317460717e-05
2.933671712e-05
5.335725713e-05
5.732069723e-05
5.852170834e-05
6.125269722e-05
6.503288931e-05
6.480052842e-05
6.617049951e-05
6.856667805e-05
1.39266677e-05
1.707677645e-05
2.38011009e-05
2.234366175e-05
7.258849336e-05
7.833324481e-05
7.546104278e-05
8.567795708e-05
2.972852581e-05
2.574936572e-05
2.101225113e-05
2.363999459e-05
2.210453032e-05
1.627797859e-05
0.0001059977606
0.0001150199943
0.0001017910363
0.0001239243225
0.0001325672443
5.070650846e-05
4.430273197e-05
3.980783584e-05
0.0001627126367
0.000163711974
6.876158896e-05
6.607993309e-05
6.166775031e-05
0.0001705359277
0.0001611317669
7.14918228e-05
7.127180335e-05
5.634899962e-05
6.323843386e-05
0.0001661398851
0.0001521153639
0.000157412908
0.0001390139096
6.337185601e-05
6.571622931e-05
7.168358907e-05
0.0001199012284
0.0001089032127
0.0001194656175
4.61254216e-05
5.255090507e-05
8.107719524e-05
2.824864985e-05
3.101195576e-05
3.878913297e-05
5.893053849e-05
6.014757827e-05
6.875582854e-05
1.505920523e-05
1.764603052e-05
1.797196668e-05
2.394517243e-05
3.906945975e-05
4.478175357e-05
5.262430409e-05
4.469461337e-05
5.859004846e-06
1.006948662e-05
2.95768709e-05
7.66706777e-06
3.643499775e-06
3.539252264e-06
1.40380196e-05
1.333592358e-05
3.234322754e-05
1.932482964e-05
6.625693782e-06
2.898760597e-06
3.02750182e-06
6.900034105e-06
4.916208101e-05
3.417190082e-05
3.383349077e-05
6.159638312e-07
5.860697946e-07
1.236786015e-06
5.540171454e-05
3.991992685e-05
3.700217322e-05
2.207769491e-07
2.144942344e-07
3.267923373e-07
5.298958909e-05
4.222193167e-05
4.206377205e-05
5.453591038e-06
7.511698827e-06
9.130381783e-07
4.052096647e-05
4.286951193e-05
1.255926014e-05
2.214825656e-05
3.920866438e-05
3.770838257e-05
8.80522365e-06
4.849362347e-05
4.061691178e-05
3.631849839e-05
4.173317357e-05
6.962241454e-06
8.849479402e-06
7.980650667e-06
4.902416204e-05
5.228674834e-05
4.748808295e-05
7.524849602e-06
8.675709885e-06
1.071745342e-05
1.440519603e-05
2.409360286e-05
4.436421862e-07
9.119831583e-06
2.144582513e-05
1.917971925e-05
2.193911644e-07
1.717956525e-07
2.434507052e-07
3.03189088e-05
1.463223858e-06
7.862571788e-06
2.004827619e-05
2.410777157e-06
2.165837642e-06
1.98374993e-06
1.89066415e-05
1.026871569e-05
2.832939382e-06
2.381822701e-06
3.218654676e-05
1.873398329e-05
1.813079961e-06
2.473166528e-06
1.917868382e-06
3.602320948e-07
5.449759203e-07
0.0001686712324
9.192008125e-05
5.371464776e-05
2.285727829e-08
2.846487947e-08
4.545319248e-07
1.119103189e-06
0.0003002080227
1.774848493e-07
6.90957525e-08
6.392001978e-05
3.238211739e-07
5.897655394e-07
4.42407929e-05
7.177277761e-07
4.350301787e-07
2.314545138e-07
6.697487038e-08
3.210895403e-08
4.089586788e-07
4.660809496e-09
6.214741121e-08
7.182388409e-09
2.476607012e-09
9.416395753e-07
2.314726195e-07
7.380642756e-08
1.149072759e-07
9.424858575e-07
4.36824858e-06
2.428414294e-05
1.851245592e-05
4.971768863e-05
7.307966074e-05
6.271946973e-05
6.429542294e-05
3.201517908e-05
2.118212087e-05
9.284729857e-06
2.519995194e-06
1.568975171e-06
1.283041379e-06
1.046157885e-06
1.020900518e-06
8.915976742e-07
7.871119781e-07
4.65053395e-08
3.510925826e-05
3.749293724e-05
3.971467384e-05
3.444265284e-05
4.666664923e-06
5.65521149e-06
1.548672421e-06
1.863623167e-06
1.689432103e-06
4.709559695e-06
9.858954853e-06
8.194489189e-06
1.642212025e-05
2.354482704e-05
2.078655858e-05
3.02779606e-05
3.600934053e-05
3.37356069e-05
4.065271207e-05
4.447019989e-05
4.374522532e-05
4.773387434e-05
5.067504784e-05
5.204126063e-05
3.070370718e-05
3.347406017e-05
2.738970074e-05
3.319049706e-05
3.078326922e-05
2.288745849e-05
3.468509188e-05
3.582136716e-05
3.449953455e-05
3.261416863e-05
3.126787253e-05
3.466107939e-05
2.533950078e-05
3.738776361e-06
3.899570955e-06
1.618569224e-06
2.794944088e-06
2.201445751e-06
7.014759779e-06
1.308394017e-05
1.152097047e-05
1.977732394e-05
2.615819731e-05
2.544717336e-05
3.14209064e-05
3.513609112e-05
3.662934833e-05
3.737897118e-05
3.8556185e-05
4.275322067e-05
3.914995238e-05
3.971443821e-05
4.618788282e-05
3.934858107e-05
5.236043914e-05
5.376407286e-05
6.569756099e-05
7.136172204e-05
6.330313722e-05
7.089597688e-05
7.00963499e-05
6.787925022e-05
2.294228918e-05
2.765023262e-05
2.547053586e-05
3.58805816e-05
4.223977267e-05
3.864051736e-05
4.510917062e-05
4.198382267e-05
3.776102138e-05
4.290466141e-05
3.714557653e-05
3.689475372e-05
2.971844319e-05
2.257642006e-05
2.723454778e-05
1.745700598e-05
4.295768893e-06
3.928850287e-06
2.638321185e-06
5.2165876e-06
3.738124306e-06
1.030239353e-05
1.578735571e-05
1.451291952e-05
2.052789936e-05
2.414815972e-05
2.564214911e-05
2.653177387e-05
2.768551092e-05
3.185452442e-05
2.793430207e-05
2.791299419e-05
3.30400515e-05
2.824897998e-05
3.038312093e-05
3.363277958e-05
3.039673084e-05
4.995173578e-05
5.242538944e-05
7.504251401e-05
9.666783917e-05
8.724861548e-05
0.0001065518142
0.0001048157068
8.422315436e-05
0.000100428054
0.0001005336118
8.606643068e-05
3.613095643e-05
2.937636315e-05
3.024608505e-05
2.575003244e-05
2.460081477e-05
2.509494431e-05
2.573335899e-05
2.988340582e-05
2.962212087e-05
3.708226963e-05
4.352279708e-05
4.386627046e-05
4.425810154e-05
4.038912656e-05
4.276785797e-05
3.983250923e-05
3.256583428e-05
3.589672985e-05
2.381103893e-05
1.283313429e-05
1.754502201e-05
1.357970045e-05
6.332242159e-06
4.991176849e-06
6.320786465e-06
1.051947363e-05
7.451859114e-06
1.480157886e-05
1.788661627e-05
1.690237544e-05
1.950133919e-05
2.014598715e-05
2.213329552e-05
2.047964827e-05
2.093675594e-05
2.372463344e-05
2.201598889e-05
2.428034248e-05
2.470648443e-05
2.792767486e-05
3.761828668e-05
3.170648845e-05
4.372409756e-05
4.341233776e-05
4.5827775e-05
5.467090789e-05
7.646926511e-05
9.084398116e-05
0.0001018973213
0.0001200455901
0.0001192974391
0.0001272849648
0.0001300945604
0.0001175699793
0.0001349681784
0.0001430217556
0.0001296786884
0.0001521483306
0.00015976454
0.0001454918029
5.188592201e-05
3.598956059e-05
4.287171243e-05
2.464856181e-05
1.826702678e-05
2.471378685e-05
1.549960534e-05
1.52564961e-05
2.076751138e-05
1.748380165e-05
2.357389169e-05
2.767535712e-05
3.626367635e-05
3.917034493e-05
4.166415874e-05
3.309192363e-05
2.954933829e-05
3.564048937e-05
2.879039885e-05
2.041872006e-05
2.718153823e-05
1.452202679e-05
7.164235431e-06
9.28357963e-06
1.038179139e-05
1.077547187e-05
8.598788887e-06
1.40338717e-05
1.745787878e-05
1.411745563e-05
1.929260556e-05
1.952493664e-05
1.877454336e-05
1.880121012e-05
1.815436523e-05
1.87057062e-05
1.859739924e-05
2.063792686e-05
1.991850539e-05
2.440202247e-05
2.975309475e-05
2.640670998e-05
3.633949163e-05
4.995166232e-05
4.525417374e-05
5.627711718e-05
4.700723226e-05
4.370377116e-05
4.827793142e-05
6.046992484e-05
6.414721167e-05
8.025017656e-05
0.0001013514641
0.0001110398603
0.0001182987603
0.0001311951414
0.0001341061912
0.000143056828
0.0001553069005
0.0001519271377
0.0001669507338
0.0001758001242
0.0001699645404
0.0001798322499
0.0001782314066
0.0001718058544
3.623002825e-05
2.102416348e-05
2.801151462e-05
1.221312416e-05
7.899159332e-06
1.228860796e-05
6.132442612e-06
5.939935174e-06
9.976233672e-06
7.445782007e-06
1.269303767e-05
1.841461718e-05
3.03249786e-05
3.495330228e-05
3.692876007e-05
1.991988993e-05
1.743711417e-05
2.318824145e-05
1.585512279e-05
1.239978436e-05
1.364380541e-05
9.460110305e-05
5.614692118e-06
5.893297858e-06
7.8460281e-06
1.154388259e-05
1.181707779e-05
1.654280991e-05
1.950992698e-05
1.944901733e-05
2.021568445e-05
1.967662778e-05
1.993152395e-05
1.894997356e-05
1.900919598e-05
1.843520982e-05
2.066379409e-05
2.410600498e-05
2.234150599e-05
2.900277399e-05
3.486536517e-05
3.277972999e-05
4.12876011e-05
4.813329085e-05
4.971343511e-05
5.412224178e-05
6.175557559e-05
5.392880979e-05
6.996405044e-05
7.800661029e-05
6.724281237e-05
8.676957075e-05
9.691103547e-05
9.696562722e-05
0.0001084407274
0.0001213310281
0.0001259248103
0.0001355317033
0.0001503924865
0.0001542005672
0.0001642083861
0.0001744198082
0.0001770462855
0.0001785646838
0.0001755158948
0.0001788817233
5.483654443e-05
3.798174214e-05
4.715644285e-05
2.24266242e-05
1.198717942e-05
1.571795597e-05
6.261444657e-06
3.433313397e-06
5.100267046e-06
2.128101663e-06
1.647474908e-06
3.25025565e-06
1.787467311e-06
3.141134744e-06
7.200941619e-06
1.315486858e-05
2.638944911e-05
3.193102869e-05
1.038758078e-05
9.518252675e-06
1.275001164e-05
1.926333792e-05
0.0001031331149
4.209553434e-05
0.0002181127204
6.410518369e-05
1.611207629e-05
1.10816263e-05
9.325164606e-06
1.04597226e-05
1.303623892e-05
1.536380806e-05
1.787726941e-05
1.633026132e-05
1.682782516e-05
1.857681909e-05
1.755853257e-05
1.934711337e-05
1.93039416e-05
2.278029278e-05
2.774238475e-05
2.568309713e-05
3.36615721e-05
3.990816934e-05
3.672026335e-05
4.605415946e-05
5.196917907e-05
4.906938981e-05
5.777655621e-05
6.374532325e-05
6.364087488e-05
7.009713929e-05
7.69153949e-05
7.957279833e-05
8.426413373e-05
9.23298924e-05
9.564835495e-05
0.0001015161879
0.0001123487377
0.0001170353712
0.0001250700884
0.0001390197881
0.0001450499832
0.0001522023865
0.0001615751855
0.0001689168541
0.0001642479509
0.0001590569145
0.0001686705872
0.0001474876687
0.0001331337755
0.0001448029344
4.909653433e-05
4.383431452e-05
5.557094506e-05
3.356140446e-05
2.231851418e-05
2.969805134e-05
1.325381362e-05
7.312687051e-06
9.343995206e-06
3.857488235e-06
1.971979603e-06
2.475046685e-06
1.045287693e-06
6.871339756e-07
8.525055229e-07
5.858763029e-07
4.868047712e-07
1.05667559e-06
1.20701687e-06
1.019498113e-05
1.850903442e-05
4.669912181e-06
4.317810074e-06
6.215817983e-06
3.106769231e-06
2.331289414e-06
2.459583863e-06
2.205697914e-06
3.812259161e-06
3.027801436e-06
5.668186698e-06
7.859706804e-06
8.249476777e-06
9.682931502e-06
1.101316351e-05
1.290630472e-05
1.215934012e-05
1.364553773e-05
1.497828152e-05
1.655545673e-05
2.136967474e-05
1.977849902e-05
2.814731249e-05
3.634472743e-05
3.123544151e-05
4.51554674e-05
5.378276323e-05
4.570039661e-05
6.160105952e-05
6.826876763e-05
5.845408134e-05
7.37810019e-05
7.841046097e-05
6.909283076e-05
8.255354182e-05
8.656811004e-05
7.985311332e-05
9.074607499e-05
9.543971876e-05
9.237005247e-05
0.0001011971483
0.0001086761445
0.0001094498509
0.0001181914589
0.0001290247705
0.0001335112837
0.0001389850661
0.0001448332353
0.0001533483808
0.0001437195969
0.0001349017504
0.0001475446576
0.0001205380336
0.0001048493511
0.0001195102917
9.206989723e-05
8.461437299e-05
9.799123139e-05
2.873949283e-05
2.322070726e-05
3.257936406e-05
1.675206841e-05
1.10488877e-05
1.599269072e-05
6.8750816e-06
4.220289611e-06
5.614233241e-06
2.798396705e-06
2.446182867e-06
1.860957056e-06
3.228534419e-06
5.072173339e-06
1.393400682e-06
6.015575852e-06
2.990640903e-06
8.988326014e-07
1.598602131e-07
1.015187947e-06
3.768595802e-06
1.536843041e-06
2.544665765e-06
3.213985703e-06
2.799065903e-06
2.446252914e-06
2.48199224e-06
3.222259632e-06
4.790267359e-06
4.597748423e-06
5.960707875e-06
6.786316315e-06
7.566251071e-06
7.64885342e-06
9.000004359e-06
9.690469226e-06
1.139001724e-05
1.473430087e-05
1.336934106e-05
2.736173136e-05
3.427169841e-05
2.511689507e-05
4.043195867e-05
4.840132693e-05
4.221376689e-05
5.79615357e-05
6.830260575e-05
6.206538595e-05
7.856038913e-05
8.787153638e-05
7.909251941e-05
9.551345762e-05
0.0001011069073
9.003375557e-05
0.0001047029841
0.0001066934202
9.617514644e-05
0.0001076673145
0.0001083609534
0.0001011510958
0.000109661449
0.0001124478265
0.0001098899356
0.0001171021054
0.0001228375889
0.0001255847874
0.0001273873025
0.0001276544965
0.0001362776789
0.0001213167967
0.0001084315701
0.0001217219952
9.181974002e-05
7.582427012e-05
9.003998382e-05
6.424242345e-05
5.878181396e-05
7.129988859e-05
1.55997928e-05
1.229956839e-05
1.654006741e-05
8.95516876e-06
6.150908585e-06
7.775524168e-06
4.202044843e-06
3.382610717e-06
3.376653921e-06
4.264724089e-06
8.07429402e-06
4.603694892e-06
1.653837971e-05
2.843296498e-05
1.605019395e-05
3.228135523e-05
1.75461529e-05
9.938306676e-06
8.872218889e-08
9.014989773e-08
2.334387244e-07
2.272334426e-07
1.022957509e-06
1.843492689e-06
1.454260696e-06
1.774689492e-06
2.182793994e-06
2.493404154e-06
3.310322489e-06
4.107601122e-06
4.203738478e-06
5.593749621e-06
5.822581075e-06
8.281919384e-06
1.268823768e-05
9.588689405e-06
1.940150255e-05
2.677781181e-05
1.86376028e-05
7.284187792e-05
8.6311391e-05
5.533841379e-05
7.984116484e-05
7.182330956e-05
5.693987789e-05
7.056340865e-05
7.566297046e-05
7.215490343e-05
8.455756737e-05
9.500887129e-05
9.293519937e-05
0.0001052172122
0.0001137552896
0.0001092344719
0.0001196952384
0.0001227238769
0.0001159928768
0.0001231298689
0.0001217053841
0.0001156301062
0.0001195844923
0.000117913713
0.0001154387204
0.0001172691373
0.0001170224976
0.0001202043895
0.0001152069129
0.0001093711383
0.0001187711692
9.816706493e-05
8.256428937e-05
9.531330025e-05
6.566713047e-05
5.11949231e-05
6.276140633e-05
4.171528232e-05
3.791064762e-05
4.757915945e-05
7.621136472e-06
8.307505718e-06
1.260711685e-05
8.158455113e-06
7.543485003e-06
9.634777673e-06
6.688950516e-06
5.773837059e-06
5.719611521e-06
5.057581243e-06
5.068444764e-06
4.090853788e-06
7.034140589e-06
1.357291146e-05
1.097430355e-05
2.857754184e-05
4.578287491e-05
3.726100191e-05
4.116438573e-05
1.824774777e-05
1.887575578e-05
3.227140618e-08
5.97151015e-09
2.484064439e-08
1.333020098e-08
7.583149162e-08
3.721913829e-07
6.294154047e-07
1.295838056e-06
1.429743026e-06
2.028168701e-06
3.098208536e-06
2.953141066e-06
5.553352519e-06
1.079614583e-05
7.053630335e-06
1.847103954e-05
2.755461693e-05
1.91598595e-05
4.345828778e-05
6.04127583e-05
4.117395334e-05
8.176213252e-05
0.0001050058199
0.00010738882
0.000117326824
0.0001111904473
9.30118471e-05
9.782832624e-05
9.087747457e-05
8.16384535e-05
9.245534259e-05
9.925671613e-05
9.640026312e-05
0.0001082112202
0.0001171568712
0.0001157816114
0.00012445542
0.0001289332191
0.0001267686504
0.0001300481368
0.0001280190066
0.0001258798192
0.0001237389568
0.00011838154
0.0001190785396
0.0001127466654
0.000106654172
0.0001126690269
9.891704695e-05
8.819887483e-05
9.922535011e-05
7.42809117e-05
5.869108935e-05
7.032193697e-05
4.40885041e-05
3.28664737e-05
4.125419916e-05
2.600258536e-05
2.311209432e-05
2.979516923e-05
2.332171914e-05
2.598219811e-05
3.417071809e-05
2.254206016e-06
2.585428553e-06
4.942799044e-06
2.697663664e-06
2.738679802e-06
5.289651257e-06
3.395968036e-06
5.117989088e-06
5.737807893e-06
7.514898856e-06
9.353620784e-06
6.450768576e-06
1.234276785e-05
2.317733323e-05
1.700029266e-05
4.348333368e-05
4.93249545e-05
5.063886788e-05
3.038621182e-05
1.225616616e-05
1.555503149e-05
9.52779915e-08
6.868494658e-09
3.773588421e-09
2.735280445e-09
7.623783057e-09
5.409538932e-09
5.89025952e-07
1.457872172e-06
1.320024252e-06
2.39097931e-06
5.259797855e-06
3.801416822e-06
1.107529076e-05
1.853032845e-05
1.543639197e-05
2.718611614e-05
3.682737141e-05
3.426088487e-05
5.545844354e-05
7.047711593e-05
7.459526267e-05
6.078268909e-05
7.494026705e-05
8.784525764e-05
9.46775497e-05
0.0001063983116
0.0001156609953
0.0001072917448
0.0001053961928
0.0001002995824
0.000106260314
0.000110165055
0.0001041922929
0.0001159662247
0.0001224062222
0.0001192588302
0.0001280090069
0.0001312273665
0.0001302229125
0.0001309334926
0.0001268432142
0.0001282946117
0.000119563757
0.0001102137298
0.0001154896517
9.97978259e-05
8.870169021e-05
9.868371727e-05
7.672327783e-05
6.370852082e-05
7.630000369e-05
5.020967202e-05
3.752113526e-05
4.774379585e-05
2.709396153e-05
1.97818501e-05
2.581240674e-05
1.527506239e-05
1.277899285e-05
1.75525638e-05
1.16625468e-05
1.179783874e-05
1.853875375e-05
7.660412655e-06
4.29615647e-06
9.760357068e-07
5.140547051e-06
7.276060179e-06
2.109461732e-06
9.869943891e-06
1.213686559e-05
5.922457562e-06
1.333958993e-05
1.782093786e-05
1.518454722e-05
2.482635442e-05
3.600842286e-05
3.196079026e-05
4.263646045e-05
3.008116879e-05
4.15802239e-05
1.37586581e-05
7.828900998e-06
9.508376498e-06
2.714061121e-06
1.920599825e-07
2.118524234e-08
1.69902571e-07
1.880588722e-07
2.220884689e-08
9.066470754e-07
2.375859357e-06
1.759077826e-06
4.197879057e-06
8.533206721e-06
7.025671523e-06
1.38463796e-05
1.988058614e-05
1.955219078e-05
2.667408741e-05
3.445485419e-05
3.596306545e-05
4.346660745e-05
5.376981131e-05
5.455018914e-05
7.09559093e-05
8.299749409e-05
8.064759923e-05
9.138718253e-05
9.899610225e-05
9.504688998e-05
0.000105929077
0.000111605177
0.0001069889983
0.0001161557615
0.0001203846588
0.0001157809108
0.0001249076921
0.0001293241984
0.0001260386363
0.000132175178
0.0001317441568
0.0001319077659
0.0001270159204
0.000118110059
0.0001235611021
0.0001060672305
9.228470738e-05
0.0001024647385
7.796094956e-05
6.384316491e-05
7.692065056e-05
5.038550028e-05
3.812546674e-05
5.079553164e-05
2.770239233e-05
1.95156703e-05
2.806881786e-05
1.36271744e-05
9.786810704e-06
1.447875496e-05
6.900121672e-06
4.929405832e-06
8.567139402e-06
3.745767224e-06
3.125055319e-06
6.485462716e-06
1.711448463e-05
6.494941862e-06
1.296555729e-05
2.214422292e-06
6.566957797e-07
7.934528529e-06
2.088737634e-07
2.474227193e-07
3.344824948e-06
6.655403122e-07
2.070956319e-06
6.971905462e-06
7.442737781e-06
1.73314057e-05
3.00149374e-05
1.790449007e-05
9.458171156e-06
1.856452985e-05
4.125764875e-06
5.173882744e-06
7.003485271e-06
2.499695427e-05
1.464772057e-05
4.763997173e-06
5.898126002e-06
8.479622568e-06
1.12719792e-06
3.870793067e-06
5.629396172e-06
3.628712605e-06
9.45547996e-06
1.378405713e-05
1.059879117e-05
1.883769682e-05
2.450544354e-05
2.119831264e-05
3.086111827e-05
3.806809664e-05
3.473335382e-05
4.624702569e-05
5.541719091e-05
5.285229341e-05
6.550386173e-05
7.631064875e-05
7.512927375e-05
8.743990778e-05
9.81719822e-05
9.731068707e-05
0.0001074730921
0.000114598281
0.0001133374808
0.0001199459489
0.0001247698195
0.0001231340363
0.0001295499964
0.0001328747945
0.0001316584756
0.0001322518449
0.0001260293735
0.0001300186225
0.0001144488224
9.922150618e-05
0.000110082612
8.248387188e-05
6.596917335e-05
7.993276489e-05
5.066333686e-05
3.705052935e-05
5.023838083e-05
2.548208296e-05
1.649179194e-05
2.642768501e-05
1.033334415e-05
6.594116673e-06
1.218654667e-05
4.480732642e-06
3.205971818e-06
5.892908252e-06
1.5340796e-06
9.049727371e-07
2.2310096e-06
7.338051338e-07
6.56728763e-07
1.391414571e-06
2.103247531e-05
8.511486536e-06
7.100243275e-06
2.963111744e-06
8.171096134e-07
5.253127256e-07
1.391326216e-07
1.729406211e-08
5.607797834e-08
7.103984036e-09
8.791378943e-09
4.579908665e-07
1.612745802e-08
4.007385741e-08
4.097697215e-06
7.994576056e-07
8.083511993e-07
3.565393882e-06
3.70214341e-07
7.349959693e-07
2.363569711e-06
1.07400528e-06
5.564870488e-06
3.849134969e-05
7.885053593e-06
5.093085775e-06
5.394951848e-06
6.155540092e-06
9.922027974e-06
7.689869281e-06
1.5510964e-05
2.19945141e-05
1.768905447e-05
2.90822061e-05
3.667100368e-05
2.9867631e-05
4.465596263e-05
5.287406927e-05
4.445690797e-05
6.109912494e-05
6.924369593e-05
6.131630069e-05
7.759806222e-05
8.661761683e-05
8.044126394e-05
9.640335297e-05
0.0001061805819
0.0001011373721
0.0001142226473
0.0001194127396
0.0001165383759
0.0001230276265
0.000127221913
0.0001260660394
0.0001313265125
0.0001314046919
0.0001329008602
0.0001239104937
0.000108951373
0.0001191674868
8.968678676e-05
6.979200222e-05
8.561039018e-05
5.185585422e-05
3.700417204e-05
5.128035649e-05
2.502214317e-05
1.553477516e-05
2.522962998e-05
8.383550664e-06
4.164681372e-06
8.965856546e-06
2.384602209e-06
1.737167241e-06
3.153059697e-06
1.50779172e-06
1.371186488e-06
1.90909483e-06
5.545537882e-07
2.85260803e-07
4.581843965e-07
2.379058051e-07
2.228577075e-07
3.520832496e-07
2.464962357e-05
1.130375001e-05
1.003783966e-05
4.20847041e-06
1.296243079e-06
1.130541663e-06
3.30751616e-07
6.578373701e-08
3.253620223e-08
1.585740796e-08
9.675744181e-09
4.835254867e-09
9.420261879e-09
1.294640829e-08
4.909454489e-09
2.222441246e-08
2.644007781e-08
1.021801888e-08
4.423649074e-08
1.027964103e-07
6.483594033e-07
1.12959758e-07
5.515654015e-07
3.30406451e-07
2.451316434e-06
5.595837116e-06
4.084249348e-06
1.008361048e-05
1.607525828e-05
1.26078461e-05
2.358138971e-05
3.232044924e-05
2.682212473e-05
4.184327933e-05
5.163568047e-05
4.412432431e-05
6.116430091e-05
6.990657525e-05
6.17948349e-05
7.741647814e-05
8.397413854e-05
7.732460403e-05
9.094480092e-05
9.958166292e-05
9.339031964e-05
0.0001096042283
0.0001188796217
0.000112463413
0.0001240649927
0.0001243700198
0.0001224660367
0.0001242029321
0.0001270962386
0.0001278006412
0.0001286007946
0.0001210374846
0.0001277163882
0.0001023565891
7.794621571e-05
9.513783092e-05
5.468875049e-05
3.612130095e-05
5.28032452e-05
2.295950373e-05
1.436867824e-05
2.43549697e-05
8.250384165e-06
4.275723156e-06
8.438884791e-06
2.409612429e-06
1.653197396e-06
1.860211482e-06
1.365519408e-06
1.363474805e-06
1.040584778e-06
1.857795408e-06
3.290435036e-06
1.287177857e-06
3.124100681e-06
2.717634654e-06
6.057892262e-07
2.865777618e-06
3.659084876e-06
5.067581036e-07
2.801964012e-05
1.740263761e-05
1.352044964e-05
9.421270229e-06
4.01736581e-06
2.04720448e-06
1.074908631e-06
3.040775824e-07
1.782667033e-07
1.587200117e-07
1.223059915e-07
3.166703042e-08
9.707226756e-08
8.015189942e-08
3.243787903e-08
7.389031543e-08
7.359326236e-08
3.817702515e-08
7.561844915e-08
8.661340466e-08
4.404161994e-08
1.579217649e-07
1.650018614e-06
9.777255153e-07
5.429438711e-06
1.047262367e-05
7.728666949e-06
1.705199239e-05
2.521721496e-05
2.027355808e-05
3.473470628e-05
4.511453699e-05
3.845836571e-05
5.569169103e-05
6.5734695e-05
5.889052441e-05
7.454526347e-05
8.153907759e-05
7.653515942e-05
8.641775596e-05
9.077754414e-05
8.844835635e-05
9.799300857e-05
0.0001090795384
0.000104747815
0.0001204360615
0.0001272845919
0.0001242759399
0.0001261390596
0.0001190858208
0.0001236481764
0.000116188464
0.0001195098581
0.0001244820868
0.0001161479693
9.685179012e-05
0.0001107651415
6.640368778e-05
3.813081625e-05
5.832362605e-05
2.034788494e-05
1.055060032e-05
2.148667549e-05
5.872202913e-06
4.003404285e-06
7.616331146e-06
2.941433122e-06
3.592767473e-06
2.940909559e-06
6.376508634e-06
1.019375141e-05
3.098259816e-06
1.569138239e-05
2.311009956e-05
4.754357659e-06
3.22663688e-05
4.114336371e-05
1.229872746e-05
4.403964358e-05
3.731642479e-05
2.116902633e-05
2.603114622e-05
1.769839874e-05
2.527916251e-05
3.306748545e-05
2.640315191e-05
2.107982681e-05
2.051883978e-05
1.528577853e-05
8.754914733e-06
1.061868751e-05
6.606305437e-06
1.27461071e-06
2.854602508e-06
3.703209518e-07
1.398817873e-07
1.500445965e-07
9.871352221e-08
7.856867272e-08
8.532247339e-08
8.09553467e-08
7.136553611e-08
7.289907238e-08
7.389833725e-08
5.93593271e-08
1.069210916e-07
5.571861243e-06
3.342665493e-06
1.115128075e-05
1.822481133e-05
1.397364315e-05
2.705863209e-05
3.732127576e-05
3.091692493e-05
4.833811874e-05
5.92588894e-05
5.212429519e-05
6.921055806e-05
7.743052947e-05
7.200452356e-05
8.335390181e-05
8.666113041e-05
8.493837461e-05
8.756940337e-05
9.03415754e-05
9.131083614e-05
0.0001011179573
0.0001161456803
0.0001129008824
0.0001227175842
0.0001181075103
0.0001260189379
0.0001091832122
9.823213281e-05
0.000110282545
9.699830895e-05
0.0001002742027
0.0001117276393
9.064619052e-05
6.363216772e-05
8.02848643e-05
3.152997655e-05
8.953691752e-06
2.022591572e-05
4.444561398e-06
2.856108587e-06
4.364681324e-06
2.151608493e-06
2.120006315e-06
2.645294722e-06
2.058169392e-06
2.026852217e-06
3.439524611e-06
2.055337845e-06
2.190132241e-06
6.865236363e-06
2.467374351e-06
2.932110845e-06
1.017677985e-05
3.52026206e-06
4.195883607e-06
1.046289669e-05
4.997071954e-06
5.959557928e-06
8.39885553e-06
7.091252513e-06
8.1256265e-06
8.592414185e-06
3.29158551e-05
2.932616709e-05
2.81448225e-05
2.441737636e-05
1.911534443e-05
1.7097425e-05
1.585447926e-05
1.37062074e-05
9.268762064e-06
1.125178281e-05
8.173224134e-06
2.707928952e-07
3.805465968e-07
1.307079568e-07
1.007736601e-07
1.113692028e-07
4.087174535e-06
1.026140634e-07
6.444032901e-06
1.157629278e-05
9.552684712e-06
1.914247086e-05
2.885607285e-05
2.321666901e-05
4.006615229e-05
5.180915168e-05
4.433333087e-05
6.299344725e-05
7.260163874e-05
6.621258515e-05
7.984969364e-05
8.427612598e-05
8.165154503e-05
8.574492312e-05
8.44050936e-05
8.653628909e-05
8.116556769e-05
8.442924673e-05
8.802044569e-05
0.0001041060127
0.0001168453376
0.000118023138
0.0001001639699
7.64227467e-05
0.0001015310194
8.0256435e-05
7.400004167e-05
8.532341241e-05
6.654501362e-05
6.078296124e-05
8.365560847e-05
5.605061097e-05
5.303060051e-05
5.011609226e-05
5.442713511e-05
1.758217135e-05
1.083911507e-05
6.438688861e-06
3.242712243e-06
3.084634609e-06
1.316278406e-06
1.144335066e-06
1.622251599e-06
9.064682745e-07
7.209682128e-07
1.343477139e-06
6.070156366e-07
5.828536633e-07
1.316910508e-06
6.453479339e-07
8.352776233e-07
1.793034945e-06
1.233567251e-06
1.952659769e-06
3.018017792e-06
3.130332552e-06
4.792742357e-06
5.051615599e-06
5.909236023e-05
6.616920102e-05
4.535906634e-05
6.978754115e-05
6.599241559e-05
3.176009521e-05
5.330955755e-05
4.268875515e-05
2.077069453e-05
2.966720027e-05
2.060645677e-05
1.35260086e-05
1.43367687e-05
6.673730647e-07
9.171063885e-08
2.126512164e-06
5.443786237e-06
3.92641446e-06
1.123567485e-05
1.980270839e-05
1.507552341e-05
3.079076903e-05
4.323605803e-05
3.55391475e-05
5.580351238e-05
6.711059487e-05
5.953315559e-05
7.601478342e-05
8.17927667e-05
7.796742914e-05
8.419141316e-05
8.337363687e-05
8.494256588e-05
7.979604157e-05
7.407215198e-05
8.021629295e-05
6.763141294e-05
7.365015905e-05
7.963228465e-05
0.0001118472082
9.388149585e-05
0.0001099715113
4.193366197e-05
2.205026048e-05
4.717264441e-05
7.173335505e-05
5.435175119e-05
6.458121184e-05
1.690550827e-05
2.487452312e-05
3.58569171e-05
5.048510279e-05
6.504365518e-05
5.896585557e-05
9.747147387e-05
3.73946261e-05
2.784075414e-05
1.273311408e-05
5.914887866e-06
3.926345921e-06
2.099087896e-06
5.52691756e-07
8.035191487e-07
1.602439855e-07
8.42261796e-08
2.405032845e-07
8.666652196e-08
9.957768175e-08
1.235308486e-07
1.37609226e-07
2.693851952e-07
2.235741715e-07
8.160921729e-07
2.309332623e-06
1.401829612e-06
4.370771649e-06
5.549130039e-06
5.662736962e-06
1.141481749e-05
2.066073732e-05
3.196608027e-05
2.980010959e-05
3.207155566e-05
4.509358174e-05
2.718684328e-05
1.911572667e-05
2.618961157e-05
1.130175588e-05
5.926681397e-06
1.212581987e-05
1.84782922e-06
1.840687762e-06
2.059049932e-06
4.747709713e-06
1.089960523e-05
7.772404065e-06
2.06035946e-05
3.321795782e-05
2.581144185e-05
4.721597495e-05
6.06747309e-05
5.173344234e-05
7.182972014e-05
7.946880701e-05
7.398100646e-05
8.30827156e-05
8.280377874e-05
8.355485435e-05
7.922258567e-05
7.317475502e-05
7.943260849e-05
6.55572042e-05
5.716941452e-05
6.624443571e-05
4.936275319e-05
5.757555836e-05
6.638559649e-05
0.0001460161971
8.237938129e-06
6.382005618e-05
5.742855381e-07
3.25782047e-06
7.15536609e-06
8.245975036e-05
1.388300506e-05
3.336122603e-05
1.000715031e-05
6.131307487e-05
3.308072219e-05
9.238242279e-05
7.444374432e-05
7.120327188e-05
8.297875385e-05
3.692573894e-05
4.067657046e-05
1.976438447e-05
1.258630888e-05
9.129347605e-06
7.219701739e-06
2.178342601e-06
5.457465049e-07
2.333803841e-07
8.012515968e-08
7.10391392e-08
9.656909835e-08
1.347414575e-07
1.063994553e-07
2.314542031e-07
5.542302802e-07
3.783029638e-07
1.48220789e-06
1.196299343e-06
2.8242699e-06
6.392028058e-07
4.397739879e-07
9.70369501e-07
2.452362916e-05
2.741665891e-05
3.02541741e-05
2.643761033e-05
2.342166282e-05
2.115178341e-05
1.868013087e-05
1.055844934e-05
6.680895866e-06
2.651107707e-06
3.870178287e-06
2.628271505e-06
1.004940691e-05
2.124219335e-05
1.525914325e-05
3.62244531e-05
5.239608773e-05
4.210826657e-05
6.685176602e-05
7.736150483e-05
6.949267349e-05
8.284079174e-05
8.331425079e-05
8.282514635e-05
7.958560845e-05
7.283776175e-05
7.924655181e-05
6.430347981e-05
5.506154773e-05
6.488071468e-05
4.596995322e-05
3.764223236e-05
4.741890039e-05
3.073739709e-05
3.39778561e-05
4.709239126e-05
0.0002219037864
6.161426363e-05
1.451683767e-05
9.183826292e-06
2.785832568e-05
5.168983518e-06
0.0001130226811
4.255259718e-05
2.082293461e-05
6.646514769e-05
0.0002338815745
0.0001131714743
0.0001266363328
5.087462278e-05
6.574587306e-05
3.873972455e-05
3.103780758e-05
3.169215506e-05
2.481136069e-05
1.776552119e-05
1.545279807e-05
1.105440556e-05
5.530658501e-06
6.404725403e-06
8.696959943e-07
1.722318261e-07
1.123362962e-07
1.77942611e-07
2.6114397e-07
1.848574698e-07
4.876878022e-07
1.083470607e-06
7.947647443e-07
1.959856074e-06
1.850836811e-06
1.490795098e-06
1.212358232e-05
1.714498565e-05
2.194835607e-05
2.037027606e-05
1.955697273e-05
1.608104933e-05
3.316903783e-06
7.939404571e-06
5.567886553e-06
2.11420443e-05
4.005144726e-05
2.932085655e-05
5.963509551e-05
7.517104762e-05
6.369535949e-05
8.400720603e-05
8.577726116e-05
8.320352132e-05
8.169676817e-05
7.366334077e-05
8.034863743e-05
6.357042263e-05
5.293937306e-05
6.385617486e-05
4.280756245e-05
3.378770179e-05
4.442360477e-05
2.624395848e-05
2.057085665e-05
2.851250548e-05
1.726374833e-05
1.568873463e-05
1.859184023e-05
1.497723925e-05
2.14705797e-05
4.594154366e-05
0.0001536157228
8.889109753e-05
7.444031459e-05
9.042096201e-05
0.0002100668066
0.0001029319482
0.0002168770477
9.44432439e-05
0.0001454766177
4.180058735e-05
3.738353456e-05
3.875926454e-05
3.807177907e-05
3.652996308e-05
3.415417505e-05
3.211919853e-05
2.526412617e-05
2.106419285e-05
1.699378752e-05
9.005254543e-06
7.001889784e-06
3.118362273e-06
1.332476562e-07
1.606958144e-07
2.805455911e-07
4.831048847e-07
3.623069412e-07
9.017415755e-07
1.677403047e-06
1.38844817e-06
1.113899222e-05
1.709091095e-05
1.639584559e-05
1.980180789e-05
1.88216969e-05
2.032185679e-05
2.830152038e-06
1.815027439e-05
1.16900185e-05
4.509164508e-05
7.102950033e-05
5.393282925e-05
8.742402137e-05
9.212228345e-05
8.536899452e-05
8.73052785e-05
7.668494927e-05
8.38791263e-05
6.368149923e-05
5.069098821e-05
6.349245876e-05
3.905901786e-05
2.933593025e-05
4.104772792e-05
2.158347504e-05
1.56400472e-05
2.396905582e-05
1.14721368e-05
1.027442373e-05
1.435999279e-05
1.95674998e-05
4.480581156e-05
1.926300676e-05
6.816448282e-05
0.0001148361098
5.768692825e-05
0.0001754364819
0.0001419687184
6.720826429e-05
6.35079851e-06
6.719955067e-06
5.084095381e-05
1.811442996e-05
5.396324993e-05
7.959054312e-05
4.400928296e-05
3.044674626e-05
3.46444806e-05
3.353025256e-05
3.646418735e-05
3.74897159e-05
3.70254753e-05
3.412975719e-05
2.983088866e-05
2.724092133e-05
1.715716975e-05
1.234242309e-05
6.722609512e-06
7.539630782e-08
1.027425546e-07
3.622766126e-07
7.561955982e-07
6.166530765e-07
1.395722485e-06
2.289825319e-06
1.961774023e-06
1.727558281e-05
1.004594153e-05
1.555116651e-05
1.427238291e-06
5.14467294e-05
2.983498657e-05
9.33662553e-05
0.0001081648343
9.024937045e-05
0.0001015869459
8.452845684e-05
9.271143387e-05
6.514603177e-05
4.773806667e-05
6.420857466e-05
3.38198177e-05
2.34140959e-05
3.672006582e-05
1.594654081e-05
1.072564284e-05
1.894065903e-05
7.139065644e-06
4.780478049e-06
9.211729242e-06
3.825331175e-06
7.951435113e-06
8.440388817e-06
1.666809048e-05
1.119636183e-05
5.186218803e-05
5.769532358e-06
3.83046392e-06
4.643495504e-05
6.270757329e-06
1.35960347e-05
5.454238581e-05
6.183987595e-06
1.886188821e-06
2.08059229e-06
3.966748806e-06
7.163554582e-06
2.081224704e-05
1.15487246e-05
1.594024582e-05
2.451964677e-05
2.112979846e-05
2.702378257e-05
3.301405095e-05
3.299839624e-05
3.764317988e-05
3.719206483e-05
3.850851943e-05
3.242158996e-05
2.379276141e-05
1.768546858e-05
3.786625486e-08
5.36451679e-08
4.315376715e-07
1.05543777e-06
8.988330305e-07
0.0001527573952
0.0001066284151
0.0001175231155
6.758474633e-05
4.095982841e-05
6.647152894e-05
2.43801808e-05
1.445943261e-05
2.996682115e-05
8.605450631e-06
5.124486175e-06
1.252097824e-05
3.039794974e-06
1.810368115e-06
5.070065484e-06
1.196243683e-06
1.301028642e-06
2.191507438e-06
2.499554352e-06
3.598682488e-05
1.463630315e-05
1.699141037e-05
6.398342639e-06
8.162713146e-06
1.472216492e-06
6.945635558e-07
5.274789138e-07
1.107969675e-06
2.073747717e-06
4.019640187e-06
2.938292603e-06
4.04379925e-07
7.258952795e-07
1.828184962e-06
1.577421499e-06
4.140557394e-06
2.542212922e-06
4.310183809e-06
9.429558465e-06
6.81192919e-06
1.057040537e-05
1.905354939e-05
1.62914223e-05
2.481931819e-05
3.387637895e-05
3.661174399e-05
4.995946589e-05
4.232261371e-05
1.878387519e-08
8.6765949e-12
1.538296907e-05
1.96208815e-12
3.764482142e-13
4.25172009e-06
5.893784269e-14
9.287496738e-15
1.221878393e-06
1.825114664e-07
5.45680612e-05
5.347072634e-07
0.0004632143859
0.0001140923695
6.094566103e-06
2.761932574e-05
3.691111616e-05
3.246153066e-05
2.408176235e-05
8.124489425e-06
6.896906448e-06
1.707520612e-06
8.880729556e-07
8.457378466e-07
1.13307552e-06
1.446007382e-06
1.690812255e-06
1.533458527e-06
1.066453672e-06
5.537880457e-07
1.235841758e-07
5.91939713e-08
3.197902091e-07
1.218499183e-07
4.101141561e-11
1.3337604e-06
1.233637735e-11
7.28807317e-13
3.670265439e-06
3.275496976e-08
2.182149106e-07
1.168265797e-05
2.122438853e-06
4.186667553e-06
4.728465407e-06
9.480985904e-06
1.838523325e-05
1.642762943e-05
3.94565415e-05
5.141779555e-05
4.313599339e-05
3.690609159e-05
1.397887754e-05
1.022472531e-05
3.135614089e-06
1.093880658e-06
9.24784078e-07
9.770763371e-07
1.090339774e-06
1.230976353e-06
1.116807381e-06
1.207314356e-06
1.435759084e-06
8.204375156e-08
4.357349779e-08
3.877855003e-08
)
;

boundaryField
{
    dominio_ascii
    {
        type            zeroGradient;
    }
    wallFilmFaces_top
    {
        type            zeroGradient;
    }
    region0_to_wallFilmRegion_wallFilmFaces
    {
        type            zeroGradient;
    }
}


// ************************************************************************* //
