/*--------------------------------*- C++ -*----------------------------------*\
| =========                 |                                                 |
| \\      /  F ield         | OpenFOAM: The Open Source CFD Toolbox           |
|  \\    /   O peration     | Version:  2.1.x                                 |
|   \\  /    A nd           | Web:      www.OpenFOAM.org                      |
|    \\/     M anipulation  |                                                 |
\*---------------------------------------------------------------------------*/
FoamFile
{
    version     2.0;
    format      ascii;
    class       volScalarField;
    location    "0.1";
    object      deltaf;
}
// * * * * * * * * * * * * * * * * * * * * * * * * * * * * * * * * * * * * * //

dimensions      [0 1 0 0 0 0 0];

internalField   nonuniform List<scalar> 
2828
(
4.284134877e-06
3.909980486e-06
2.276192697e-06
1.035469637e-06
5.385608835e-07
5.321797124e-05
3.386600064e-05
1.279305671e-05
7.72265691e-06
3.604594569e-06
3.74941716e-06
3.168299069e-06
1.78058535e-06
6.910220256e-07
1.30570658e-07
2.294473505e-07
1.297420909e-06
2.840291292e-05
4.831259118e-05
4.565076513e-05
1.407265255e-05
4.982946259e-06
3.512121146e-06
3.206565063e-06
3.80254922e-06
4.644951354e-06
2.696551977e-06
1.021592565e-06
1.966736509e-07
2.977520952e-07
1.908754915e-06
5.573665998e-06
1.017746158e-05
2.650959781e-05
3.836024806e-05
5.476529079e-05
2.601419105e-05
5.888403596e-06
2.350424202e-06
2.224699973e-06
3.334128047e-06
3.51721495e-06
5.477273712e-06
3.899312478e-06
1.603065625e-06
1.066255193e-06
1.992677902e-06
4.360503527e-06
9.932135637e-06
1.827969688e-05
1.939067025e-05
1.390666021e-05
2.296049573e-05
3.292194248e-05
5.457820475e-05
4.749308789e-05
1.516861896e-05
3.260497211e-06
1.363942201e-06
1.461681182e-06
4.971678199e-06
2.696477364e-06
3.788921514e-06
5.833697506e-06
1.883906601e-06
2.608650691e-06
5.36738511e-06
8.542883889e-06
1.48237546e-05
2.427659317e-05
3.181485265e-05
2.438858411e-05
1.341622211e-05
2.397721635e-05
3.789126399e-05
6.332778238e-05
6.407378742e-05
3.330784794e-05
1.032707426e-05
2.650177473e-06
1.055654742e-06
7.410901925e-07
5.096169852e-06
1.929041679e-06
1.952420773e-06
7.693078153e-06
1.113455305e-06
2.805028015e-06
5.963928956e-06
9.118933347e-06
1.331347178e-05
2.064829634e-05
2.974451473e-05
3.048259913e-05
2.310671655e-05
2.122566877e-05
4.266317824e-05
5.463802087e-05
6.524267337e-05
5.703295944e-05
3.242880737e-05
1.440972989e-05
6.57495873e-06
2.923650121e-06
1.250971282e-06
4.841717692e-07
1.239341013e-06
1.482715018e-06
5.365794799e-07
3.213028314e-06
1.057255795e-06
2.286601196e-06
4.021773697e-06
5.83517241e-06
8.439432177e-06
1.324541003e-05
2.045867473e-05
2.597966565e-05
2.851142287e-05
3.221444202e-05
3.929352249e-05
4.049165189e-05
4.001402106e-05
3.344667598e-05
1.936219281e-05
9.43815153e-06
5.16461179e-06
3.863031198e-06
6.593900498e-06
2.103696434e-06
7.398349613e-07
9.36554255e-07
1.292458513e-06
1.038404536e-07
2.342347969e-07
4.00042722e-07
1.025248925e-06
2.042063907e-06
3.274118784e-06
4.988039932e-06
7.914572803e-06
1.250506508e-05
1.806622879e-05
2.42618348e-05
3.060957368e-05
3.381652736e-05
2.126473791e-05
1.735278215e-05
1.750493079e-05
1.324016777e-05
7.219247439e-06
3.894249816e-06
2.991433457e-06
1.359311404e-05
4.159102968e-05
4.783180618e-06
3.93057923e-06
4.610954115e-06
2.065839968e-06
1.250548762e-07
2.591180349e-08
8.089450221e-08
2.736901951e-07
7.069454581e-07
1.420850312e-06
2.61953007e-06
4.629456649e-06
7.71140003e-06
1.197092444e-05
1.731193477e-05
2.240751893e-05
2.364594774e-05
1.954148481e-05
1.108346205e-05
8.864700421e-06
8.265207675e-06
9.053148489e-06
6.98227683e-06
3.976852065e-06
2.503448519e-06
9.102307307e-06
4.598927075e-05
5.726422591e-05
2.471597724e-05
2.76548245e-05
1.625590917e-05
4.705919394e-06
2.950831358e-07
1.233421572e-07
1.82662866e-07
1.699500937e-07
1.91057395e-07
3.73906355e-07
1.021795896e-06
2.504118802e-06
4.875644783e-06
7.9963539e-06
1.167980471e-05
1.495833082e-05
1.530913587e-05
1.169037032e-05
5.907954354e-06
4.484773062e-06
4.013890464e-06
4.274147007e-06
3.70414243e-06
2.588159382e-06
2.444376453e-06
1.345636804e-05
5.147522744e-05
0.0001451023205
4.715035213e-05
1.997350041e-05
7.666636787e-06
2.389664507e-06
9.628702331e-07
5.767668223e-07
7.116505982e-07
4.761351678e-07
1.917574028e-07
1.006286959e-07
2.839071699e-07
1.129710566e-06
2.886139114e-06
5.171656127e-06
7.447809227e-06
8.91255693e-06
8.424238809e-06
6.369632086e-06
2.150278179e-06
1.670631614e-06
1.370578799e-06
1.397327985e-06
1.668669205e-06
2.10862229e-06
2.286079855e-06
5.500818217e-06
3.555321605e-05
0.0001065697756
2.538162351e-05
1.05757047e-05
5.063909489e-06
2.773706393e-06
2.697335675e-06
1.321966907e-06
1.230611795e-06
8.166772777e-07
3.387018388e-07
1.217875734e-07
1.000588799e-07
4.072361922e-07
1.410507628e-06
2.818130126e-06
3.875527924e-06
4.055376386e-06
3.478736412e-06
2.927334762e-06
2.757164084e-06
2.805619451e-06
6.393399346e-07
3.32140946e-07
3.509720487e-07
5.971832193e-07
3.226286648e-06
7.708831024e-06
2.154140265e-05
6.001528526e-05
4.270136202e-05
2.038225578e-05
1.081907219e-05
6.144125916e-06
4.735955727e-06
4.616761649e-06
5.26303201e-07
6.648280638e-07
7.005328433e-07
6.641656188e-07
3.930613883e-07
1.377646152e-07
1.410503511e-07
4.446960991e-07
8.531000451e-07
9.957718522e-07
9.026406431e-07
8.639673201e-07
1.003893678e-06
1.521598823e-06
1.003906965e-05
4.983443241e-06
1.877574788e-06
8.003162445e-07
1.541848094e-06
1.36004412e-05
2.890874336e-05
1.873180776e-05
4.057829418e-05
5.403268529e-05
2.880099842e-05
1.358529724e-05
7.28287592e-06
4.31575685e-06
3.613891679e-06
3.586229503e-06
2.784946152e-07
1.043480704e-06
9.965745525e-07
9.516906164e-07
6.32928215e-07
2.013941892e-07
5.628216208e-08
5.469613571e-08
5.635508948e-08
5.093251954e-08
5.628084395e-08
8.916100291e-08
2.285161491e-07
8.378281156e-07
1.18992934e-05
2.538467168e-05
3.065798708e-05
2.837916585e-05
4.684343453e-05
4.110394585e-05
3.53863667e-05
4.981754991e-05
4.77036991e-05
2.219681583e-05
8.421417627e-06
3.522776258e-06
1.440080585e-06
7.193500999e-07
7.565533879e-07
1.051859655e-06
2.627808541e-07
4.654712941e-07
3.81026732e-07
3.313784347e-07
2.657484972e-07
7.761995721e-08
1.328324428e-08
3.461204533e-09
1.775522166e-09
1.762293928e-09
5.887219779e-09
2.975766062e-08
1.992299501e-07
1.312712935e-06
1.315764588e-06
3.563256184e-06
6.495707456e-06
1.601724041e-06
1.703251442e-06
4.257181671e-06
1.746985093e-05
4.117515867e-05
2.309853764e-05
8.120136658e-06
3.213215584e-06
1.32545993e-06
3.935875623e-07
8.250835722e-08
3.125341438e-08
5.706446703e-08
3.573679474e-07
1.752498262e-07
2.242360868e-11
2.624627643e-08
4.393271337e-08
1.735364646e-09
4.284143693e-10
1.648536452e-10
1.756198973e-10
2.971750099e-09
2.719340392e-08
1.149097242e-07
8.363285445e-07
4.544025781e-06
1.45142539e-06
1.185003942e-06
1.384766121e-06
1.589865858e-06
2.026824356e-06
5.158380065e-06
3.047541227e-05
5.334859399e-05
3.166838697e-05
1.563271819e-05
8.799371462e-06
5.91818625e-06
3.517370857e-06
1.091243196e-06
1.203578386e-07
2.282243362e-08
9.22033177e-06
3.557021361e-10
2.195229342e-10
9.283231365e-08
9.486990618e-08
2.292649623e-08
6.016072061e-09
1.233760066e-09
1.112101866e-08
6.246910587e-07
2.436972295e-06
2.662020015e-06
2.032020332e-06
2.4453943e-06
1.578288697e-06
2.512817583e-06
4.127083139e-06
6.56509884e-06
1.053835764e-05
1.763319454e-05
2.419050499e-05
3.882350828e-05
4.067374071e-05
2.511805282e-05
1.309305556e-05
6.777056467e-06
3.396933259e-06
1.390033691e-06
4.475183231e-07
3.062426111e-07
1.156954505e-05
2.331995204e-06
1.786331317e-06
1.317956455e-06
8.507041897e-07
8.10100438e-07
5.027193792e-07
1.418216526e-06
3.52158268e-06
4.816951073e-06
3.027873556e-06
3.255751272e-06
6.484889084e-06
3.229946608e-06
2.504732782e-06
2.936353553e-06
3.936985799e-06
3.229896181e-06
2.004202917e-06
3.659674946e-06
1.023638992e-05
1.15262943e-05
1.317512797e-05
1.254961934e-05
8.844996422e-06
5.251317797e-06
2.837613337e-06
1.723055647e-06
1.691762435e-06
4.158442667e-06
6.685450776e-07
1.610807442e-06
3.203834015e-06
5.265890052e-06
6.471300854e-06
5.21607324e-06
8.447451796e-06
1.659761424e-05
1.532057274e-05
5.426573652e-06
1.513174529e-06
6.606114236e-07
6.033921509e-07
1.628452528e-05
7.100430466e-06
3.205190769e-06
2.147015243e-06
1.991537693e-06
2.561285853e-06
5.427972376e-06
1.680145573e-05
1.589904913e-05
3.906596194e-06
3.089256046e-06
3.905293037e-06
2.814294562e-06
1.82787179e-06
6.803875309e-07
5.109625972e-07
3.820965287e-07
3.486865067e-06
9.644420271e-06
1.610459739e-05
1.820597499e-05
1.466270778e-05
2.256089492e-05
3.94157948e-05
2.590860911e-05
6.770906854e-06
1.757721498e-06
1.002558898e-06
8.087041785e-07
3.4854446e-05
1.717227081e-05
4.735635771e-06
2.308953064e-06
2.4485257e-06
3.768898884e-06
7.000594424e-06
1.056273826e-05
4.661806885e-06
7.840541997e-07
1.288884861e-06
8.092393261e-06
2.47195373e-06
1.682353942e-06
9.833334928e-07
5.080936057e-07
1.594087776e-06
8.485366835e-06
2.012831724e-05
2.941618838e-05
2.834285951e-05
1.980355378e-05
3.053353483e-05
4.127330725e-05
1.221023874e-05
1.194916546e-06
4.571432604e-07
1.254531123e-06
3.33872686e-05
1.257222916e-05
4.660426493e-06
5.299281008e-06
8.883920388e-06
9.403287144e-06
6.195897452e-06
2.177562625e-06
1.07522243e-06
2.659891617e-06
1.109200771e-05
3.077890499e-06
2.460075224e-06
3.075407981e-06
1.468297406e-06
2.330668273e-06
1.321271635e-05
2.579342017e-05
3.095777848e-05
2.338449964e-05
1.197725691e-05
1.236908371e-05
8.855233884e-06
1.679567805e-06
4.294908602e-07
2.556723638e-07
3.852023156e-07
2.791897895e-05
2.806674497e-05
1.312815746e-05
1.158648312e-05
1.65207804e-05
1.234204356e-05
5.707386397e-06
2.506900402e-06
2.415673587e-06
6.039327377e-06
9.98706722e-06
4.676626006e-06
2.726580783e-06
3.366871149e-06
5.304762292e-07
8.726212062e-07
8.140329942e-06
1.45416274e-05
1.479724165e-05
9.154949624e-06
4.59736079e-06
2.745117455e-06
1.408721998e-06
7.759969657e-07
4.808327795e-07
3.660025364e-07
2.506806549e-05
2.956011435e-05
2.352803182e-05
2.79651135e-05
2.162514732e-05
1.082256241e-05
5.778877602e-06
5.511357179e-06
9.117819564e-06
1.186924173e-05
4.107356372e-06
2.048050063e-06
1.790535837e-06
2.225174829e-07
4.256053542e-07
2.686605865e-06
4.300671278e-06
3.997613301e-06
2.764048759e-06
1.753062008e-06
1.136703976e-06
8.433336637e-07
8.223760624e-07
7.861411607e-07
6.887631935e-07
1.948140446e-05
2.825480036e-05
3.538637549e-05
4.072100092e-05
4.048991114e-05
2.854724464e-05
1.808290855e-05
1.354549222e-05
1.019328479e-05
2.421249807e-06
5.19204496e-07
6.410784022e-07
1.324726164e-06
2.73109554e-07
2.130343579e-07
1.043762135e-06
2.729668653e-06
2.338431095e-06
1.877554887e-06
1.563585524e-06
1.360391072e-06
1.282745006e-06
1.310027984e-06
1.346687095e-06
2.291862341e-05
2.520504084e-05
2.879217636e-05
3.476860199e-05
4.043205985e-05
3.466755905e-05
2.230931292e-05
6.158827027e-06
3.214418918e-07
8.32178654e-08
2.716381514e-07
9.870664012e-07
4.946401192e-07
3.16726934e-07
8.74852986e-07
4.016250811e-06
3.942427507e-06
2.949806157e-06
2.590636938e-06
2.36774489e-06
2.21016125e-06
2.179582034e-06
2.378290957e-05
2.02809399e-05
1.624572529e-05
1.733955645e-05
1.836687687e-05
8.07095864e-06
7.404166229e-07
8.642165715e-08
3.654626704e-08
1.50221098e-07
5.715332826e-07
1.374245696e-06
8.323681282e-07
3.911565183e-06
1.207389829e-05
2.144437725e-05
5.778866374e-06
4.217892689e-06
4.084673697e-06
3.856487545e-06
1.594473218e-05
9.985044884e-06
5.087793986e-06
1.447675343e-06
1.507607117e-07
4.476031205e-08
2.415838348e-08
9.932227743e-08
3.265769768e-07
2.73805932e-06
9.456605272e-07
1.529174377e-05
4.832529774e-05
3.242788047e-05
5.559792236e-06
5.985105195e-06
6.568323828e-06
6.780578195e-06
2.224191471e-06
2.89203069e-07
2.657552267e-08
2.626818603e-08
1.838914384e-08
7.08854347e-08
2.1852253e-07
9.674230371e-06
8.725434521e-07
2.749698887e-05
5.010538161e-05
8.844641582e-06
9.411086058e-06
1.184529247e-08
1.879820346e-08
1.675334978e-08
5.611075819e-08
1.651296818e-07
2.535916379e-05
2.432488123e-06
1.841070998e-05
1.348977455e-05
2.435049966e-05
1.751804148e-05
1.401496523e-05
1.195249605e-05
9.596933951e-06
9.494325512e-06
4.038025605e-06
4.381033202e-06
4.55193756e-06
3.816219701e-06
3.197584338e-06
2.88570344e-06
2.665032864e-06
2.087820298e-06
1.48425746e-06
1.383189811e-06
7.225011734e-07
5.418919751e-07
5.660084361e-07
1.452168591e-07
1.112209855e-07
1.565537146e-07
2.058371607e-07
4.386497993e-05
5.349936057e-05
5.270638507e-05
3.822907949e-05
4.632444696e-05
2.256057928e-05
1.271137599e-05
2.208323471e-05
2.624136466e-07
5.559037477e-07
4.669546427e-07
1.523125521e-06
2.787313508e-06
2.387424118e-06
4.638769403e-06
6.335358139e-06
2.659647259e-05
3.178350971e-05
4.513780346e-05
3.542110915e-05
1.377440253e-05
1.500934062e-05
1.187767634e-05
1.473133308e-05
2.344462442e-05
2.554657459e-05
2.525415829e-05
2.871377047e-05
3.451513351e-05
2.902808652e-05
2.750776429e-05
2.455289078e-05
1.698119957e-05
1.73933686e-05
1.29982383e-05
1.98508407e-05
2.121784488e-05
2.090437283e-05
1.698045039e-05
1.596678497e-05
3.191818979e-05
3.322135279e-05
2.297282925e-05
2.707746529e-05
2.871560008e-05
4.418930356e-05
4.73691608e-05
5.145174336e-05
4.948717544e-05
3.303699888e-05
3.535638123e-05
3.353559022e-05
3.558809751e-05
3.112588686e-05
2.846384757e-05
4.096509074e-05
2.854606524e-05
2.735176835e-05
3.196177852e-05
1.541109666e-05
2.152096752e-05
1.520562634e-05
7.999499455e-06
7.284653001e-06
1.099669454e-05
8.822970093e-06
7.474591071e-06
9.967811911e-06
3.585361616e-06
3.795603204e-06
3.321659003e-06
5.137101786e-06
4.426924865e-06
3.978160234e-06
5.547726282e-06
3.654154346e-06
2.552815768e-06
2.321156142e-06
2.04677038e-06
8.645998197e-06
7.116496512e-06
4.872155903e-06
1.133404848e-06
1.314351405e-06
1.664549253e-05
1.650783833e-05
7.606246766e-06
9.207860079e-07
1.598943363e-06
1.28011718e-06
2.029006702e-06
3.152497883e-06
1.80287943e-05
2.035487615e-06
3.326914417e-06
2.273105957e-06
1.125383176e-06
9.901725986e-07
1.768816542e-06
3.515712833e-06
4.166566571e-06
5.744519716e-06
1.566357003e-06
1.824161058e-06
1.306655497e-06
2.824409216e-06
2.43539103e-06
2.697058624e-06
1.949608057e-06
1.790704052e-06
9.169434765e-07
3.086135638e-06
7.35247257e-06
3.077373121e-06
6.639656957e-07
1.59583556e-05
2.705714906e-05
1.892265117e-05
1.110323227e-05
1.741253832e-06
1.575761633e-06
8.885511897e-07
3.837825095e-05
3.658338589e-05
2.837868014e-05
7.486932228e-07
9.973513297e-07
1.465345292e-06
3.231533112e-05
3.648778133e-05
3.154661867e-07
2.260968762e-05
2.655730938e-05
3.262139096e-05
4.907395528e-07
4.464875332e-07
3.496547842e-07
2.050995009e-05
2.081587503e-05
2.773771314e-05
3.11215675e-05
1.034283569e-06
1.034698942e-06
7.599176666e-07
2.126232736e-05
2.229871448e-05
1.648734139e-06
1.281176274e-06
2.381187776e-05
2.373058529e-05
2.66519987e-06
2.07698988e-06
2.27130406e-05
2.253597754e-05
2.109294371e-05
1.894288452e-05
1.806394386e-05
5.6282403e-06
5.264192797e-06
3.946689702e-06
4.806837698e-06
3.569251082e-06
1.86642373e-05
1.462660194e-05
1.160401576e-05
1.27451827e-05
6.066244263e-06
6.463199142e-06
6.461564597e-06
4.178270388e-06
1.570237414e-06
6.301849875e-07
9.591720945e-07
1.558516983e-07
2.245846448e-08
4.687997831e-08
2.489957309e-05
9.602302935e-06
2.734758085e-05
5.925362103e-06
7.326524805e-06
7.412463927e-06
7.859561844e-06
1.88173709e-08
2.290162366e-08
1.155109546e-08
1.191733549e-08
1.631212832e-08
6.171255628e-08
5.129988115e-08
5.060377263e-08
8.660546558e-08
9.716335862e-08
1.45412341e-07
4.407219363e-07
6.532203496e-07
3.030074316e-05
1.707417949e-05
9.766729537e-06
3.361098448e-06
5.302026477e-07
2.332947687e-05
7.929876387e-06
5.96663617e-06
9.50441834e-06
5.011468247e-06
4.205597642e-06
6.212466296e-06
3.354455476e-06
4.233718911e-06
4.265451388e-06
3.774587375e-06
3.836045651e-06
3.541479965e-06
3.830734295e-06
3.658597225e-06
2.82164522e-06
2.21489518e-06
1.335922344e-06
9.996865752e-07
8.651910072e-07
2.087329395e-07
1.765603363e-07
1.523052552e-07
2.055987493e-07
1.78333208e-07
5.565229997e-05
5.181688351e-05
5.749437606e-05
3.502533533e-05
1.830218952e-05
2.708207272e-05
8.882169785e-06
4.878402832e-06
7.671297547e-06
3.320623487e-06
2.781441917e-06
3.923219199e-06
2.716433046e-06
2.82138773e-06
3.247061663e-06
3.164982197e-06
4.109441961e-06
4.198743799e-06
3.738702621e-06
4.141933854e-06
4.043504186e-06
5.348349397e-06
5.766098654e-06
4.629163492e-06
3.24602215e-06
1.98983465e-06
1.686422818e-06
1.200731166e-06
4.731127848e-07
2.483660755e-07
3.95459466e-07
5.423442229e-07
2.574028611e-07
5.569861028e-07
1.492425641e-06
7.168551333e-07
2.655867595e-06
4.665089952e-06
3.537602058e-06
7.337910734e-06
1.054376899e-05
7.542119953e-06
4.526654142e-05
5.458530989e-05
5.040411766e-05
5.169944844e-05
3.642301745e-05
4.402921455e-05
1.947680156e-05
8.879360273e-06
1.243394626e-05
4.197043331e-06
2.404463566e-06
3.309937017e-06
1.747630393e-06
1.595072823e-06
2.083318143e-06
1.836625151e-06
2.529667034e-06
2.632557083e-06
3.908732695e-06
4.055681056e-06
4.005944659e-06
3.142672996e-06
3.598511829e-06
4.024639306e-06
4.851677396e-06
8.242287668e-06
7.051619671e-06
4.723156059e-06
2.424308158e-06
2.275240937e-06
1.902737994e-06
1.631713875e-06
1.167740133e-06
1.9656358e-06
2.848542836e-06
1.769332381e-06
3.462254884e-06
5.033400688e-06
4.070464729e-06
6.484105175e-06
9.13174948e-06
6.604193984e-06
1.28172476e-05
1.735727226e-05
1.403790909e-05
2.229520077e-05
2.639103912e-05
2.119888994e-05
2.560381896e-05
3.321497826e-05
2.679967133e-05
4.496876215e-05
5.766672352e-05
4.318165283e-05
6.362423349e-05
5.738033415e-05
5.768303843e-05
4.167099284e-05
2.460155041e-05
3.004165417e-05
1.237248927e-05
5.771561966e-06
6.85173302e-06
2.795338093e-06
1.622007697e-06
1.885047112e-06
1.141192649e-06
9.456591103e-07
1.22321085e-06
1.078147962e-06
1.952519629e-06
2.367566877e-06
5.839615858e-06
5.963044233e-06
4.575211188e-06
2.274231495e-06
2.289137291e-06
2.963983747e-06
2.79792345e-06
7.841175644e-06
8.694889105e-06
7.069550318e-06
2.124504806e-06
2.368143954e-06
1.534643999e-06
1.957954239e-06
1.970279358e-06
2.863982715e-06
4.357029766e-06
3.864243354e-06
6.298111625e-06
7.901143118e-06
6.534735234e-06
9.749816517e-06
1.204424693e-05
1.129209683e-05
1.499296791e-05
1.882036314e-05
1.921182477e-05
2.354468235e-05
2.85790325e-05
2.911770083e-05
3.237960332e-05
3.281989411e-05
3.030942534e-05
2.887205276e-05
2.257574107e-05
1.639607432e-05
3.991891349e-05
4.771296454e-05
2.931349998e-05
5.81800944e-05
6.760646961e-05
5.057825003e-05
7.053751349e-05
6.436332763e-05
6.918788253e-05
5.13135946e-05
3.623151302e-05
5.006466422e-05
2.33010943e-05
1.42011123e-05
1.938674286e-05
8.455643072e-06
4.887919646e-06
5.231933077e-06
2.721957709e-06
1.639233596e-06
1.55139561e-06
1.093363338e-06
7.096852766e-07
7.711115681e-07
5.38003903e-07
6.938579784e-07
1.273002293e-06
2.89010176e-06
9.766925517e-06
8.168013881e-06
1.669741189e-06
1.063713125e-06
1.643329499e-06
1.157629359e-06
3.537371822e-06
5.878702543e-06
6.38096882e-06
1.593837603e-06
1.767597788e-06
9.373400198e-07
1.551234949e-06
1.707137826e-06
2.651516985e-06
3.875782288e-06
4.317599974e-06
5.081472499e-06
6.253517049e-06
7.532897574e-06
7.476444192e-06
8.914589745e-06
1.094967866e-05
1.079890732e-05
1.338794521e-05
1.650089496e-05
1.68556592e-05
2.106524474e-05
2.543224551e-05
2.530763647e-05
2.834404716e-05
3.182917852e-05
2.920052373e-05
2.828794248e-05
2.66850281e-05
2.71758623e-05
2.700600004e-05
2.059801689e-05
5.353033434e-05
5.459784264e-05
6.079979087e-05
5.213142357e-05
4.517645108e-05
6.445163864e-05
3.537184117e-05
2.550649195e-05
4.511269343e-05
1.753687297e-05
1.199045916e-05
2.186006207e-05
8.460894987e-06
6.276060158e-06
9.629777889e-06
4.889418649e-06
3.989259422e-06
4.467525372e-06
3.418428263e-06
2.82329855e-06
1.908043573e-06
1.556484404e-06
9.05804839e-07
7.545200911e-07
5.431431645e-07
4.779390863e-07
4.604256041e-07
8.124125198e-07
5.717894818e-06
8.714575826e-06
1.349603741e-06
4.038662084e-07
6.290406977e-07
2.036375311e-07
5.294724376e-07
1.603347859e-06
1.00454423e-06
7.359940954e-07
1.399591271e-06
8.252333988e-07
1.163303673e-06
1.500544489e-06
1.681637792e-06
2.304076551e-06
3.15250922e-06
2.975832874e-06
3.679684299e-06
4.895549102e-06
4.445579077e-06
5.352914266e-06
6.959059152e-06
6.526155471e-06
8.117612188e-06
1.048041255e-05
1.026063693e-05
1.297711709e-05
1.670554691e-05
1.60742461e-05
1.917223649e-05
2.375288108e-05
2.197666261e-05
2.455539631e-05
2.730124685e-05
2.721844162e-05
3.012015361e-05
3.016549114e-05
2.711942612e-05
2.676138256e-05
4.020332821e-05
2.630140284e-05
2.429808718e-05
3.817991681e-05
2.031889122e-05
1.545409427e-05
2.651265352e-05
1.109092219e-05
7.858281166e-06
1.353075302e-05
5.691573316e-06
4.306386672e-06
6.798805469e-06
3.504867246e-06
3.400166785e-06
4.209542197e-06
5.016547879e-06
1.087956334e-05
4.482765441e-06
2.042323566e-05
2.208359884e-05
7.784922036e-06
3.057608683e-06
2.105324583e-06
1.238437331e-06
1.331856719e-06
1.342420193e-06
6.826919927e-07
1.607171563e-06
2.721894017e-06
3.431437636e-06
1.442887471e-06
4.128831938e-07
3.569766424e-07
1.011717633e-07
3.43842152e-08
1.331918602e-07
5.115454995e-08
8.30815957e-08
2.663484564e-07
1.587344456e-07
3.055277781e-07
6.511248657e-07
5.438601599e-07
8.725862342e-07
1.50070685e-06
1.274151408e-06
1.735536559e-06
2.62862564e-06
2.266592993e-06
2.904728154e-06
4.031661981e-06
3.708176364e-06
4.745529101e-06
6.249768807e-06
6.081588342e-06
7.755949681e-06
1.00216178e-05
9.76728132e-06
1.208787806e-05
1.522065443e-05
1.469938917e-05
1.759676685e-05
2.106224785e-05
2.072419704e-05
2.386814517e-05
2.756320021e-05
2.658625249e-05
2.829551257e-05
3.288463269e-05
1.299751063e-05
1.176236979e-05
1.809058528e-05
1.1655332e-05
1.219549989e-05
1.7545552e-05
1.240988004e-05
1.144520379e-05
1.608142843e-05
9.412441313e-06
7.123111379e-06
9.982893399e-06
5.207496602e-06
3.831141266e-06
5.225925989e-06
2.946003403e-06
2.673235389e-06
3.091898209e-06
4.304557991e-06
1.293641208e-05
5.032951671e-06
3.185469294e-05
4.867938937e-05
2.97322095e-05
5.248279408e-05
3.779416619e-05
3.457145135e-05
9.82584905e-06
1.431904577e-05
5.02001197e-06
1.437816821e-05
1.471318689e-05
4.347373245e-06
1.287402577e-05
8.334417825e-06
4.055031803e-06
3.591304081e-06
6.54092592e-07
5.263541731e-07
1.770924351e-07
2.309488502e-08
1.443822375e-08
4.958096455e-08
7.303386954e-08
4.510643527e-08
9.264228801e-08
1.184773627e-07
1.509067863e-07
1.638000189e-07
2.393168521e-07
4.587923369e-07
3.54359512e-07
5.243810097e-07
1.021562689e-06
7.790308323e-07
1.161212005e-06
1.939367134e-06
1.714923063e-06
2.473713508e-06
3.503508218e-06
3.458279298e-06
4.678793243e-06
6.026608906e-06
6.138615304e-06
7.83967175e-06
9.691459975e-06
9.783521859e-06
1.195604689e-05
1.453705029e-05
1.42869197e-05
1.658868705e-05
2.007607851e-05
1.850520531e-05
1.954311179e-05
2.374718627e-05
1.926532956e-05
1.764821776e-05
2.226170083e-05
6.336302015e-06
5.856772049e-06
8.171772166e-06
5.893973862e-06
6.239808983e-06
8.79949331e-06
6.440015692e-06
6.078978065e-06
8.413946868e-06
5.170826088e-06
4.084743365e-06
5.350874666e-06
3.148862246e-06
2.513718266e-06
3.002064878e-06
2.460594541e-06
4.732793108e-06
3.22563182e-06
1.489353104e-05
3.308618596e-05
2.634402338e-05
4.891632424e-05
6.415977038e-05
5.644263658e-05
7.945188403e-05
3.54144423e-05
3.728990248e-05
4.456867411e-05
4.42434011e-05
3.193264212e-05
2.823370086e-05
1.922311807e-05
2.275197855e-05
1.219856251e-05
7.119291328e-06
9.850551027e-06
3.563804052e-06
8.263049005e-07
7.452726622e-07
5.338564973e-07
1.631110771e-07
6.503542157e-08
2.873332498e-07
3.679161715e-07
1.669185501e-07
3.835321434e-07
3.448497349e-07
1.786720206e-07
2.772650035e-07
2.067214781e-07
1.699986637e-07
1.559047847e-07
1.398669141e-07
2.492547714e-07
1.74120752e-07
2.929677379e-07
6.126776934e-07
5.546922167e-07
1.02249792e-06
1.646124265e-06
1.732121253e-06
2.674364886e-06
3.587658647e-06
3.809509435e-06
5.093682905e-06
6.349427342e-06
6.490341455e-06
7.959812977e-06
9.794782724e-06
9.432856259e-06
1.077657021e-05
1.34959114e-05
1.177151869e-05
1.213946199e-05
1.567652168e-05
1.16708575e-05
1.042344151e-05
1.383685347e-05
2.923192573e-06
2.629701688e-06
4.092365373e-06
2.494114004e-06
2.499840358e-06
4.150726518e-06
2.561504385e-06
2.587084772e-06
4.143901372e-06
2.525270817e-06
2.392847051e-06
3.119584342e-06
2.238689735e-06
2.082659363e-06
2.242504472e-06
1.983156728e-06
2.202836996e-06
4.992547453e-06
4.135864704e-06
1.920825155e-05
2.716876061e-05
9.303588623e-05
0.0002227582827
0.0001016038594
0.0001793475402
6.445636823e-05
3.581485579e-05
3.170170803e-05
2.15196732e-05
3.713675089e-05
1.338825028e-05
8.505197181e-06
1.243517945e-05
5.538672504e-06
3.603546546e-06
4.543338136e-06
2.262024745e-06
1.766539205e-06
1.090478875e-06
1.675185031e-06
6.552002278e-07
3.448604206e-07
9.758650909e-07
1.108419127e-06
7.043588903e-07
1.074868521e-06
9.215914864e-07
6.219173964e-07
6.990764722e-07
4.572396696e-07
3.180036482e-07
2.602774233e-07
1.411386749e-07
1.19473819e-07
8.935950118e-08
8.838794163e-08
1.424428528e-07
1.50355419e-07
3.276026468e-07
5.925471018e-07
6.931596923e-07
1.288816147e-06
1.908239639e-06
2.087598879e-06
3.010186568e-06
3.9961078e-06
3.963906821e-06
4.861478806e-06
6.348531885e-06
5.617214999e-06
6.139450198e-06
8.354757993e-06
6.33833595e-06
6.163564551e-06
8.958388575e-06
5.666772419e-06
5.0202551e-06
7.451526277e-06
1.824363425e-06
1.393518527e-06
1.875366355e-06
1.141478429e-06
9.203134916e-07
1.492954256e-06
7.526505656e-07
6.911028476e-07
1.345176201e-06
7.294264292e-07
8.597038875e-07
1.503774589e-06
1.101462003e-06
1.523296058e-06
1.88976918e-06
2.224738522e-06
2.998057199e-06
2.22800527e-06
3.298828091e-06
4.283392307e-06
2.809997271e-06
1.007574998e-05
2.830223183e-05
1.522385538e-05
4.937197696e-05
5.578196084e-05
6.399788546e-05
4.836576635e-05
3.240885732e-05
4.123240136e-05
2.158526687e-05
1.458849684e-05
1.619383101e-05
1.026902079e-05
7.438444143e-06
7.206141782e-06
5.487620257e-06
4.23278596e-06
3.647044903e-06
3.754735841e-06
4.807983084e-06
3.085580857e-06
3.859971266e-06
1.713073499e-06
1.153023739e-06
1.125578094e-06
1.022953354e-06
1.330190441e-06
9.74032787e-07
8.899354305e-07
1.049968447e-06
7.726335444e-07
6.101005214e-07
5.569897324e-07
4.527411039e-07
3.233038303e-07
1.978632635e-07
2.177731784e-07
1.39624641e-07
8.935427825e-08
1.012173473e-07
1.221438718e-07
1.856227851e-07
2.369249919e-07
4.82431123e-07
8.178868477e-07
8.586470543e-07
1.309518261e-06
2.111407523e-06
1.746581851e-06
2.084898268e-06
3.433035591e-06
2.268162766e-06
2.28602393e-06
4.088830631e-06
2.180568506e-06
2.026547526e-06
3.817429934e-06
1.891496538e-06
1.813558003e-06
3.157382699e-06
1.810229653e-06
1.892948129e-06
2.809525569e-06
3.800930632e-06
1.858239881e-06
1.355793048e-06
7.438104907e-07
2.769201752e-07
3.923678806e-07
1.625897991e-07
1.67837764e-07
3.24405587e-07
2.542768803e-07
5.180502675e-07
4.223829253e-07
1.24292684e-06
3.230790246e-06
1.146449444e-06
8.865815853e-06
1.509660835e-05
6.932472266e-06
1.515837285e-05
1.734506011e-05
1.015854686e-05
3.12763393e-05
5.245232111e-05
4.452584656e-05
6.055460016e-05
5.191246953e-05
5.653140428e-05
3.765939755e-05
2.605173135e-05
2.949623113e-05
1.841509533e-05
1.350729575e-05
1.462423581e-05
1.013063257e-05
7.676683912e-06
8.098022868e-06
5.943594682e-06
4.927018697e-06
4.952478367e-06
4.762110489e-06
5.527860481e-06
5.849639978e-06
4.573454941e-06
1.207391317e-06
1.500994448e-06
3.078286726e-07
5.540868329e-07
5.858981669e-07
7.561536724e-07
7.401875135e-07
6.704190215e-07
7.877679264e-07
8.922908395e-07
7.107105723e-07
9.022120897e-07
7.875909891e-07
5.51667274e-07
5.786595572e-07
3.530972601e-07
2.407544956e-07
1.853737803e-07
1.014235994e-07
1.02450341e-07
8.788232927e-08
1.219238691e-07
2.5837856e-07
1.816424092e-07
2.430382471e-07
6.617765888e-07
2.835287547e-07
2.9337217e-07
9.698365609e-07
2.825721169e-07
2.697506641e-07
9.573213175e-07
2.668518066e-07
2.786265772e-07
8.666849936e-07
3.093626966e-07
3.696502831e-07
9.04052356e-07
4.838279518e-07
6.98452002e-07
1.192739075e-06
1.509501879e-05
1.264733807e-05
3.110112391e-06
9.731165111e-06
7.219744035e-06
1.138043345e-06
5.86398514e-06
8.308064989e-06
8.343359061e-07
2.121818003e-05
4.023399445e-05
4.430305983e-06
4.728359968e-05
3.937127631e-05
2.752979098e-05
3.008967449e-05
2.575888567e-05
2.162806697e-05
2.956795926e-05
4.144744402e-05
2.415827101e-05
5.15050407e-05
5.03980169e-05
5.471510476e-05
3.960372683e-05
2.68161821e-05
4.194224113e-05
1.722367391e-05
1.126405563e-05
1.945144986e-05
7.648767213e-06
5.33530302e-06
9.836606869e-06
3.788533487e-06
2.776180093e-06
5.497372563e-06
2.188569151e-06
1.953237442e-06
3.681860121e-06
2.034690812e-06
2.430683094e-06
4.124644542e-06
2.16808067e-06
7.224850721e-07
1.071381699e-06
2.838810614e-07
5.855638167e-07
6.718244795e-07
8.171219201e-07
8.301714904e-07
1.064222724e-06
7.467296273e-07
7.315966984e-07
1.005853436e-06
6.857116407e-07
6.205754882e-07
8.32898363e-07
4.961926962e-07
3.129595124e-07
3.927901524e-07
1.580022487e-07
7.047958726e-08
9.58187522e-08
3.274855019e-08
1.860784021e-08
5.022373629e-08
1.278866319e-08
9.842555554e-09
5.777414934e-08
8.32770307e-09
7.682916448e-09
5.306134946e-08
7.731158881e-09
8.739139668e-09
5.155577185e-08
1.157792745e-08
1.813978508e-08
6.731327783e-08
3.262389136e-08
6.707203345e-08
1.331216249e-07
1.597744605e-07
4.010093283e-07
4.364397191e-07
7.668650131e-06
1.885840044e-05
3.074712242e-05
1.693023215e-05
1.36189922e-05
2.76676018e-05
1.563169214e-05
2.283848248e-05
3.76191173e-05
2.810618465e-05
3.117445262e-05
4.653628047e-05
3.614669871e-05
4.43723448e-05
3.629518174e-05
5.265960348e-05
5.641052359e-05
4.063999909e-05
5.370260191e-05
4.434753744e-05
5.402581068e-05
3.138997158e-05
1.981295856e-05
3.473869855e-05
1.1951013e-05
7.310819356e-06
1.354311047e-05
4.617669114e-06
2.934681482e-06
5.415103341e-06
1.796369803e-06
1.022487794e-06
2.264084331e-06
5.413075649e-07
2.872527422e-07
9.526914653e-07
1.780288121e-07
1.438228767e-07
6.639639645e-07
1.516969798e-07
2.427577776e-07
1.06941386e-06
3.11726403e-07
1.452353259e-07
3.892248147e-07
2.537364999e-07
2.662182267e-07
3.969757006e-07
2.304222229e-07
1.455233452e-07
4.478590156e-07
9.953843798e-08
8.845561772e-08
3.578993444e-07
8.665535263e-08
9.689927824e-08
3.15291605e-07
8.971762862e-08
4.603158552e-08
1.627089161e-07
1.653106416e-08
5.688622779e-09
3.236516245e-08
2.758735702e-09
1.689503926e-09
6.123858312e-09
1.126231498e-09
7.818439839e-10
2.325884627e-09
5.813270026e-10
5.920205243e-10
1.565210595e-09
1.18407236e-09
3.419696112e-09
2.824886971e-09
9.450242139e-09
2.275700648e-08
1.322101922e-08
5.028744834e-08
1.189484359e-07
7.167236853e-08
3.419744493e-07
9.298032709e-07
5.524206341e-07
9.362296093e-07
1.169464083e-06
7.318708855e-06
1.619626471e-06
1.271123442e-06
3.385546119e-06
7.134682566e-07
7.301239712e-07
1.192693703e-06
1.161657614e-06
1.878111103e-06
2.674872041e-06
3.610926367e-06
8.463778677e-06
7.941055033e-06
1.948185586e-05
3.345231892e-05
3.300735146e-05
3.75530947e-05
2.94899208e-05
3.481243401e-05
1.950736059e-05
1.280170701e-05
1.378602972e-05
8.745775583e-06
6.342440076e-06
4.980503105e-06
4.948493699e-06
4.071524171e-06
2.104733265e-06
3.335135386e-06
2.527659763e-06
7.65159185e-07
1.648416238e-06
8.72844368e-07
1.819609721e-07
3.746910038e-07
1.574820002e-07
4.421550134e-08
9.450512133e-08
9.747829302e-08
4.147303396e-08
9.936197798e-08
1.547094244e-07
4.210461549e-08
7.479157e-07
7.739160151e-08
3.076231738e-07
1.49694995e-12
3.077696225e-15
3.875806801e-16
8.708456878e-11
5.247116848e-11
2.518308428e-11
5.70731062e-08
7.504081501e-08
4.067647287e-08
6.721239364e-08
3.521062502e-08
1.210247575e-08
9.978006154e-09
4.266554259e-09
7.33472372e-10
2.172790532e-09
1.042802109e-09
2.577974642e-10
5.022795595e-10
3.937672372e-10
1.190294628e-10
1.279729623e-09
6.544140008e-09
6.951758618e-10
2.757808256e-08
8.689182126e-08
1.020097333e-08
2.00284685e-07
3.512337521e-07
5.868793824e-08
5.325301865e-07
8.322652096e-07
2.589661347e-07
1.414554026e-06
2.399954975e-06
2.391009693e-06
2.234560778e-06
2.833989519e-06
1.256428646e-06
3.725792344e-06
5.250545496e-06
1.482515179e-06
8.30970184e-06
1.453418071e-05
1.74345906e-06
2.474234119e-05
3.639626366e-05
2.796297634e-06
4.519874037e-05
4.888801793e-05
1.270736237e-05
5.205872576e-05
5.935823417e-05
4.953289348e-05
6.128758639e-05
5.252982049e-05
4.374605953e-05
4.004986077e-05
2.889441275e-05
2.216737346e-05
2.0351472e-05
1.43495192e-05
1.141518723e-05
1.035017986e-05
7.70353191e-06
7.139102518e-06
5.856281298e-06
4.423707058e-06
4.771893304e-06
3.185819106e-06
2.075913806e-06
2.207192763e-06
1.156996807e-06
5.336351139e-07
4.020534792e-07
2.186746307e-07
1.043669412e-07
4.302057229e-08
9.637688623e-08
5.840928339e-07
1.853286934e-08
6.177826146e-06
6.104454526e-06
3.7472874e-09
2.669088969e-06
1.342684092e-06
3.279637035e-10
9.215866762e-07
8.301434218e-07
8.84118037e-11
7.341193363e-07
5.695064344e-07
1.054307073e-07
4.574923016e-07
3.493194751e-07
5.920191178e-08
2.479693538e-07
1.29878908e-07
1.21657589e-08
6.140365447e-08
1.119298777e-07
2.699670176e-09
2.473666776e-07
4.678253115e-07
1.235313961e-09
9.21118915e-07
1.771897962e-06
1.247321041e-07
2.656178301e-06
4.115067272e-06
1.539267878e-06
6.402722372e-06
9.426547659e-06
2.839632308e-06
1.174666846e-05
1.081435527e-05
2.258232534e-06
7.117483304e-06
4.156606849e-06
2.13652445e-06
2.260802978e-06
2.957025166e-06
3.223540184e-06
3.815659982e-06
4.59871485e-06
5.222809066e-06
5.028835784e-06
4.879069468e-06
8.223141998e-06
4.263239505e-06
3.934014009e-06
1.395857181e-05
5.245152493e-06
8.434182005e-06
2.121714501e-05
1.283734568e-05
1.596879187e-05
2.960018316e-05
1.72487044e-05
2.035279572e-05
4.375462134e-05
2.409732631e-05
2.526413139e-05
3.322098617e-05
2.335926275e-05
1.952329258e-05
1.825600163e-05
1.52645542e-05
1.149794529e-05
9.401729287e-06
8.481389963e-06
6.150396824e-06
4.858735514e-06
4.369605353e-06
3.031808453e-06
2.255988263e-06
2.076891614e-06
1.477622021e-06
7.946688468e-07
1.228149665e-06
1.330255449e-06
2.870283782e-07
1.452437601e-06
3.315188514e-06
2.902310658e-06
9.471956873e-06
1.019222419e-06
5.212907828e-06
1.228040081e-06
1.580177383e-06
1.988589007e-06
1.686785643e-06
1.746023802e-06
1.593518121e-06
1.8468269e-06
2.028325997e-06
1.045411077e-06
2.253377263e-06
2.46878551e-06
7.585844644e-07
2.747966782e-06
2.628543589e-06
6.852368241e-07
2.127523597e-06
2.660745232e-06
7.88234644e-07
4.064844704e-06
6.037373588e-06
2.288758946e-06
8.532380409e-06
1.039285584e-05
4.758763389e-06
8.843538628e-06
5.539876135e-06
3.918899386e-06
3.495796782e-06
2.454485538e-06
2.665305792e-06
1.582805745e-06
1.037625643e-06
5.38203155e-06
9.786568749e-07
9.916355278e-07
4.295442432e-06
6.673152859e-06
5.660960064e-06
2.509416805e-06
4.692647993e-06
3.929339157e-06
3.532459321e-06
3.430779702e-06
2.987246485e-06
3.839739419e-06
2.508250243e-06
2.129829029e-06
2.467212013e-06
2.010618106e-06
2.168979802e-06
2.201060364e-06
2.551557543e-06
3.509834708e-06
6.714881212e-06
6.279281242e-06
1.093205222e-05
1.13207344e-05
1.48959297e-05
1.679749588e-05
1.231864026e-05
1.738400631e-05
1.689550838e-05
1.335487218e-05
1.474253993e-05
1.081084573e-05
1.090403071e-05
7.352322623e-06
5.641471483e-06
6.864296273e-06
4.918632711e-06
4.040662535e-06
3.896817962e-06
3.159336292e-06
2.362452921e-06
2.103592286e-06
1.768917069e-06
1.255127744e-06
1.719846772e-06
1.203581071e-06
1.374601249e-06
2.520844038e-06
1.498799883e-06
5.968745874e-08
2.418536022e-07
4.030455205e-07
1.048310807e-06
1.136745915e-06
2.145449112e-06
3.766146538e-06
2.287511359e-06
5.788057186e-06
7.961512871e-06
4.258272026e-06
9.941064471e-06
1.129667463e-05
6.012624425e-06
1.18244698e-05
1.062611842e-05
5.956235718e-06
9.591306681e-06
1.079687003e-05
5.992957136e-06
1.476206651e-05
2.08605275e-05
1.213579947e-05
2.766844907e-05
2.955804034e-05
1.907376459e-05
2.194662222e-05
1.240984266e-05
9.146597497e-06
6.88786947e-06
4.101940724e-06
3.844930831e-06
1.838528293e-06
9.969887731e-07
7.65625983e-07
7.947012595e-07
7.164261658e-07
6.3628793e-07
1.099004692e-05
5.964085598e-06
4.53812978e-06
3.517997184e-06
2.469555764e-06
2.528849608e-06
2.057959097e-06
1.964092713e-06
1.971848106e-06
2.06640181e-06
2.326771939e-06
2.179948688e-06
2.808770037e-06
3.758686273e-06
3.383704306e-06
5.728964416e-06
9.477446616e-06
1.012395944e-05
1.395693095e-05
1.423078231e-05
1.973061068e-05
8.418019768e-06
2.476534484e-06
8.783187029e-06
1.019919538e-06
9.225542891e-07
2.793610576e-06
1.398945757e-06
3.157719954e-06
3.651080893e-06
4.920080264e-06
3.2628335e-06
3.440240005e-06
2.49882178e-06
1.989437572e-06
2.190811022e-06
1.826539775e-06
7.149063077e-07
8.087794556e-07
5.593229018e-07
4.590758382e-07
6.310746928e-07
3.040694094e-07
3.009874126e-08
1.92629834e-08
7.062497112e-07
2.546613134e-06
1.481043959e-06
5.660537742e-06
9.835091045e-06
6.295549857e-06
1.463557156e-05
1.935303574e-05
1.310835523e-05
2.309300911e-05
2.491420485e-05
1.7932231e-05
2.434796507e-05
2.074866024e-05
1.599429114e-05
1.883245872e-05
2.172785119e-05
1.665676552e-05
2.937251214e-05
3.93507767e-05
3.121709832e-05
4.618584774e-05
4.045512686e-05
3.837781426e-05
2.320571345e-05
9.454826186e-06
1.34860437e-05
4.585596916e-06
3.889330417e-06
3.725148804e-06
3.270101512e-06
2.196556016e-06
1.148191799e-06
2.566992039e-05
1.440799917e-05
8.974034946e-06
7.478274854e-06
4.244643122e-06
2.939061106e-06
3.074496813e-06
2.956014076e-06
2.228874055e-06
3.450107895e-06
4.449323405e-06
2.924732416e-06
5.866846323e-06
7.318431944e-06
5.127421796e-06
8.331949112e-06
8.629660705e-06
9.161890892e-06
7.878551098e-06
5.713521562e-06
9.027832633e-06
2.876795922e-06
1.155168096e-06
1.405806283e-06
8.281502468e-07
9.545997576e-07
7.990183494e-07
1.682727582e-06
6.047487625e-06
4.074061768e-06
1.073145182e-05
3.681535886e-06
3.446834707e-06
2.650987948e-06
2.054561234e-06
1.902849575e-06
1.902446912e-06
2.067823789e-06
1.152523972e-06
1.90745345e-06
1.517515469e-06
7.870577806e-07
9.92432702e-07
3.81870039e-07
1.212538055e-07
2.525003778e-06
5.856786707e-06
4.188510003e-06
1.136028989e-05
1.798597395e-05
1.405314047e-05
2.462845321e-05
2.997469257e-05
2.563815377e-05
3.278513582e-05
3.220054525e-05
3.043715207e-05
2.823143851e-05
2.168961439e-05
2.311258932e-05
1.68820151e-05
1.79132732e-05
2.267751456e-05
2.32749738e-05
2.752320503e-05
3.908399544e-05
2.432672299e-05
1.313821416e-05
2.987772184e-05
4.210689316e-06
1.237455824e-06
3.423655568e-06
5.108638596e-07
3.024200833e-07
6.691357661e-07
2.375438684e-07
4.131664075e-07
8.93953164e-07
3.352902152e-05
2.991861117e-05
2.220965016e-05
2.020608334e-05
1.207197334e-05
6.98626913e-06
7.688193092e-06
6.63744134e-06
4.336863657e-06
8.004742261e-06
1.056641233e-05
7.080520066e-06
1.243825063e-05
1.234178515e-05
9.759771704e-06
1.053476755e-05
7.97918192e-06
8.09343409e-06
5.471352488e-06
3.440483271e-06
4.038480619e-06
2.10153648e-06
1.522293142e-06
1.209826228e-06
1.588943447e-06
2.248455818e-06
1.399637108e-06
4.270367279e-06
1.031794991e-05
8.576030085e-06
1.023683671e-05
4.889351321e-06
4.070986688e-06
3.822283441e-06
3.121974875e-06
2.514597744e-06
2.774952524e-06
3.583381152e-06
3.130938574e-06
3.765924517e-06
2.767757953e-06
2.402909352e-06
1.112008075e-06
4.833154014e-07
5.91930473e-07
1.494344827e-06
6.38221206e-06
7.083305285e-06
1.214158688e-05
1.747780995e-05
1.981836078e-05
2.185670792e-05
2.423640933e-05
2.986356992e-05
2.384988195e-05
2.070578067e-05
2.860857586e-05
1.585448798e-05
1.095983107e-05
1.682416838e-05
7.569731246e-06
6.03550016e-06
1.092124281e-05
5.490945397e-06
4.561920121e-06
1.250095283e-05
2.958213938e-06
1.664665087e-06
4.144285332e-06
9.99311677e-07
6.185655944e-07
7.495708008e-07
4.293038896e-07
3.385615069e-07
3.063265705e-07
2.944149929e-07
2.879280366e-07
2.891490821e-07
3.111365994e-05
2.800148757e-05
1.985391161e-05
2.131016329e-05
1.660720481e-05
1.042328884e-05
1.652114685e-05
1.954615309e-05
1.46661687e-05
2.151994077e-05
1.991181585e-05
1.547457594e-05
1.567742328e-05
1.096993474e-05
8.727386096e-06
7.21073165e-06
4.791670326e-06
3.645701061e-06
3.548412058e-06
3.209306853e-06
2.136061274e-06
3.627365795e-06
4.937509891e-06
3.460953799e-06
7.67645148e-06
1.160790232e-05
1.093146273e-05
1.114134312e-05
7.931321847e-06
6.173618975e-06
5.11277882e-06
3.21138997e-06
3.437822114e-06
2.554545687e-06
2.592031269e-06
3.177100226e-06
2.516556683e-06
1.736505484e-06
2.371530848e-06
2.757354144e-07
2.242573237e-07
3.472893483e-07
5.58070509e-07
1.831058228e-06
3.616217753e-06
4.439251052e-06
6.64443941e-06
1.182175448e-05
8.004730443e-06
8.433514493e-06
1.567227595e-05
7.798904993e-06
6.442261123e-06
1.227500665e-05
4.944856534e-06
3.688277598e-06
6.448921759e-06
2.762717757e-06
2.103004688e-06
3.484304798e-06
1.60645139e-06
1.211200091e-06
2.049588205e-06
9.346984971e-07
7.957779496e-07
9.959285465e-07
7.337429684e-07
6.649829247e-07
6.016260211e-07
5.943964594e-07
5.373322476e-07
4.079030815e-07
3.244840884e-05
3.259170541e-05
2.517401712e-05
3.151817324e-05
3.292502159e-05
2.574109753e-05
3.547853887e-05
3.513184146e-05
2.649621917e-05
3.072419881e-05
2.417244336e-05
1.575552105e-05
1.784724479e-05
1.312390774e-05
7.536789157e-06
1.026157903e-05
8.914909798e-06
5.187227628e-06
8.648829343e-06
9.122869909e-06
6.750010004e-06
9.961423189e-06
1.027355396e-05
1.221359423e-05
7.366279326e-06
2.693375514e-06
7.660371658e-06
1.8387217e-06
1.50289762e-06
2.545446266e-06
1.114749283e-06
1.12879844e-06
1.923693739e-06
1.278603775e-06
8.331042701e-07
1.255661533e-06
3.558542924e-07
2.222729103e-07
1.820041955e-07
2.793380248e-07
5.958826504e-07
1.147564845e-06
1.617487182e-06
2.633619282e-06
3.845034964e-06
2.862731714e-06
2.733548622e-06
4.342353861e-06
2.491614691e-06
2.19947701e-06
3.403464017e-06
1.904379748e-06
1.638629936e-06
2.202909822e-06
1.414848219e-06
1.235180204e-06
1.403779762e-06
1.100633882e-06
1.015287286e-06
9.47151248e-07
9.828668869e-07
9.945450975e-07
8.174765383e-07
1.019536671e-06
1.03320884e-06
8.116633614e-07
2.327768658e-05
2.729175273e-05
3.297183502e-05
3.127882088e-05
3.465076161e-05
3.755274573e-05
3.819868309e-05
4.178099376e-05
4.248396417e-05
4.367938923e-05
4.266223337e-05
3.51720672e-05
3.889201806e-05
3.357743769e-05
2.252474395e-05
2.814777717e-05
2.344353334e-05
1.526040733e-05
1.933649543e-05
1.504954784e-05
1.219165282e-05
9.636692276e-06
2.520238958e-06
6.159865925e-06
7.843141391e-07
2.733096534e-07
6.930294766e-07
1.743555224e-07
2.738178497e-07
6.211008082e-07
4.001177339e-07
5.383710145e-07
7.545474214e-07
1.196043349e-06
1.064325911e-06
7.782364763e-07
3.336214109e-07
2.364970208e-07
1.929994351e-07
2.430632099e-07
3.87822812e-07
3.913018594e-07
8.938412946e-07
2.04234763e-06
2.150834634e-06
3.216846699e-06
3.37375993e-06
2.619789603e-06
2.957461705e-06
2.571081584e-06
2.085097868e-06
2.311868045e-06
2.133822868e-06
1.706030604e-06
1.999093159e-06
1.890432655e-06
1.447943862e-06
1.802818053e-06
1.737228232e-06
1.304406923e-06
1.696951808e-06
1.683173686e-06
1.290394048e-06
1.692064426e-06
1.717616951e-06
1.330090913e-06
2.344312442e-05
2.25203944e-05
2.694146366e-05
2.167637467e-05
2.116527601e-05
3.128689092e-05
2.199058926e-05
2.512277131e-05
3.847774576e-05
2.966018438e-05
3.226103374e-05
3.902204329e-05
3.055203013e-05
2.508645043e-05
2.884415286e-05
1.743723505e-05
9.404481895e-06
1.488083677e-05
2.234628871e-06
4.085974475e-07
9.584506747e-07
1.550709463e-07
7.887197338e-08
1.36788651e-07
5.127309565e-08
9.906410009e-08
1.522334929e-07
1.967598606e-07
3.056714793e-07
3.999563502e-07
7.677190337e-07
2.022916542e-06
1.498010589e-06
8.617976672e-07
5.462248079e-07
3.290544306e-07
4.989620085e-07
3.896138539e-07
4.621462991e-07
2.038812804e-06
2.386242827e-06
2.272323085e-06
2.405096233e-06
3.082756912e-06
4.544616746e-06
3.467489463e-06
3.714264836e-06
3.316678299e-06
3.620484899e-06
3.442296966e-06
2.737239738e-06
3.31575404e-06
3.20074557e-06
2.471735706e-06
3.085082448e-06
2.968257625e-06
2.278123368e-06
2.873055526e-06
2.836600477e-06
2.177044979e-06
1.570611996e-05
1.336925942e-05
1.590068346e-05
1.184850058e-05
1.073436358e-05
1.905942969e-05
9.067176121e-06
6.285430188e-06
1.424438684e-05
3.087187223e-06
9.2063881e-07
3.216168277e-06
3.07980214e-07
1.111279842e-07
1.969052697e-07
5.720223592e-08
3.937106389e-08
5.196882383e-08
2.841924106e-08
5.685807089e-08
7.17929204e-08
1.199848876e-07
1.950605196e-07
2.403178885e-07
4.2400032e-07
1.688466789e-06
2.102793315e-06
1.654707076e-06
1.273761872e-06
9.417671296e-07
1.12346782e-06
5.929195007e-06
4.108387785e-06
8.709473046e-06
1.777478467e-05
6.919933642e-06
3.008755663e-05
3.9610467e-05
1.819596394e-05
3.526663257e-05
1.387712226e-05
1.464481567e-05
4.902122885e-06
4.868911593e-06
4.277095825e-06
5.18487221e-06
5.36178233e-06
4.17056633e-06
8.578575608e-06
5.646791155e-06
7.423508017e-06
3.358747832e-06
1.735886536e-06
3.053462166e-06
7.329392977e-07
1.600586959e-07
3.45343248e-07
7.849448811e-08
5.504852462e-08
7.4192931e-08
3.909232767e-08
3.177220447e-08
3.343448046e-08
2.276241662e-08
4.319530437e-08
4.849458325e-08
8.370277438e-08
1.401645354e-07
1.633769946e-07
2.624537881e-07
1.480318308e-06
1.574072061e-06
5.17334938e-06
2.144623119e-06
1.62841763e-06
8.288627927e-07
1.001775495e-06
2.857040706e-06
2.259079207e-05
4.558875421e-05
3.254898595e-05
5.725093222e-05
4.676891739e-05
5.178225813e-05
1.920659558e-05
6.863967519e-06
9.382337687e-06
7.193321607e-06
6.341482863e-06
5.716349822e-06
1.416020517e-08
2.260171348e-08
3.218249693e-08
1.907285296e-08
1.328879261e-08
2.096610564e-08
1.521997373e-08
4.274815638e-08
3.750654272e-08
6.198467672e-08
1.081545417e-07
1.221387739e-07
1.87675422e-07
9.551366839e-07
1.264776234e-06
1.674620777e-05
5.286195557e-06
3.092668949e-06
1.282340653e-06
4.530377523e-07
5.394102617e-07
2.702015422e-05
4.15656715e-05
5.004018284e-05
)
;

boundaryField
{
    dominio_ascii
    {
        type            zeroGradient;
    }
    wallFilmFaces_top
    {
        type            zeroGradient;
    }
    region0_to_wallFilmRegion_wallFilmFaces
    {
        type            zeroGradient;
    }
}


// ************************************************************************* //
