/*--------------------------------*- C++ -*----------------------------------*\
| =========                 |                                                 |
| \\      /  F ield         | OpenFOAM: The Open Source CFD Toolbox           |
|  \\    /   O peration     | Version:  2.1.x                                 |
|   \\  /    A nd           | Web:      www.OpenFOAM.org                      |
|    \\/     M anipulation  |                                                 |
\*---------------------------------------------------------------------------*/
FoamFile
{
    version     2.0;
    format      ascii;
    class       surfaceScalarField;
    location    "0.1";
    object      phi;
}
// * * * * * * * * * * * * * * * * * * * * * * * * * * * * * * * * * * * * * //

dimensions      [1 1 -1 0 0 0 0];

internalField   nonuniform List<scalar> 
5536
(
1.396819366e-10
-3.062935769e-10
-8.022094256e-11
5.65786427e-11
-2.460941694e-10
-2.945467123e-11
1.522472233e-11
-1.458087702e-10
-7.271015594e-12
9.667487596e-13
-1.297010401e-10
5.498310863e-12
-7.637122895e-12
-4.320900369e-11
-1.258578708e-08
-5.136237105e-09
3.308093193e-09
-5.693423494e-09
-1.444465924e-09
3.265923374e-09
1.184076638e-09
-1.966699995e-09
-7.759517838e-10
1.560676527e-09
5.278388879e-10
-1.045700899e-09
-3.197503297e-10
2.817086626e-10
1.164078726e-10
-2.709606067e-10
-8.552027127e-11
2.499653202e-10
6.354987251e-11
-2.583928323e-10
-4.165387511e-11
1.729132837e-10
2.427236528e-11
-2.058188417e-10
-1.734772115e-11
1.73831752e-10
3.475567709e-12
-2.220156048e-10
8.060352178e-12
4.514813539e-11
-8.20833305e-12
-6.271788196e-11
-9.463329058e-13
3.602696661e-11
-4.083120192e-12
-4.603570944e-11
1.031448391e-11
6.4414015e-11
-6.463764368e-11
1.212219806e-11
-1.634910352e-11
-2.94530916e-11
-2.897665368e-10
8.933609411e-11
-2.844966667e-09
-2.288806741e-09
7.510640283e-09
3.348236082e-09
-8.417865327e-09
-5.678306941e-09
9.857477631e-09
5.075546415e-09
-7.665358594e-09
-3.181851381e-09
3.504235974e-09
1.629295364e-09
-2.109244926e-09
-8.059709984e-10
1.194641313e-09
4.600155604e-10
-7.825961171e-10
-3.175102388e-10
7.609399947e-10
2.448416343e-10
-6.151741401e-10
-1.862552034e-10
2.671079432e-10
1.196850814e-10
-2.709884422e-10
-9.329086583e-11
2.679244124e-10
7.020736689e-11
-2.741616636e-10
-5.421909548e-11
2.443743236e-10
4.274539551e-11
-2.802941079e-10
-3.356663238e-11
2.729830457e-10
9.236961963e-12
-3.266209343e-10
1.040164571e-11
8.608602475e-11
-1.273670445e-11
-1.044869368e-10
-3.226782975e-12
5.924310291e-11
-6.33650683e-12
-7.73269209e-11
1.909651621e-11
7.346464717e-11
-2.948048186e-11
-8.116822698e-11
3.11391755e-11
3.421101092e-10
-5.464865828e-11
-3.950337141e-10
1.102734049e-10
6.434676871e-10
-1.877409931e-10
-7.675366313e-10
3.03438562e-10
-1.352384626e-09
5.832110444e-10
-3.49479062e-10
1.419679032e-09
-1.897626045e-09
-1.659145485e-09
3.563707401e-09
2.596710668e-09
-4.682202811e-09
-4.099305499e-09
8.815436408e-09
5.356337994e-09
-8.667795666e-09
-4.927864253e-09
5.612999542e-09
3.145617234e-09
-4.066809249e-09
-1.516023538e-09
1.322571204e-09
6.789589445e-10
-8.991191934e-10
-3.521487456e-10
5.570370725e-10
2.307661477e-10
-4.24114836e-10
-1.856157427e-10
5.302919416e-10
1.734170653e-10
-4.630379009e-10
-1.691569672e-10
2.920785243e-10
1.412982346e-10
-3.482273099e-10
-1.02906542e-10
2.7139484e-10
7.348628234e-11
-2.564180796e-10
-6.326995091e-11
2.934800421e-10
6.13392092e-11
-2.683313948e-10
-4.489525871e-11
3.828647106e-10
9.060986658e-12
-4.399796258e-10
1.480443592e-11
1.311033128e-10
-2.39961806e-11
-1.51566225e-10
2.326032628e-11
8.357076292e-11
-1.736911476e-11
-1.010573874e-10
1.303698236e-11
9.133887184e-11
-2.158785739e-11
-1.455740612e-10
3.841479372e-11
4.768435714e-10
-1.489731972e-10
-5.464495429e-10
2.285197041e-10
9.433656697e-10
-4.051207279e-10
-1.153334739e-09
6.772080049e-10
1.770127889e-09
-1.020961168e-09
-2.164763446e-09
1.352727617e-09
1.882752395e-09
-2.547901303e-09
1.151840526e-09
-1.514166024e-09
-9.632657746e-10
-1.359313923e-09
1.26969092e-09
1.216737544e-09
-1.510941707e-09
-1.498024436e-09
2.345565525e-09
2.043008183e-09
-3.915962292e-09
-3.158395292e-09
6.461176327e-09
4.817945797e-09
-8.914625776e-09
-5.985640438e-09
8.290664218e-09
5.526920313e-09
-7.672494809e-09
-3.74266887e-09
3.036169774e-09
1.920809537e-09
-2.385848695e-09
-8.395245282e-10
6.745188184e-10
3.842728121e-10
-5.620590551e-10
-2.194385456e-10
3.435380887e-10
1.563089013e-10
-3.003685642e-10
-1.31918965e-10
3.918069383e-10
1.369478356e-10
-3.106340089e-10
-1.697268131e-10
4.544120567e-10
2.164120559e-10
-5.748572682e-10
-1.268922928e-10
2.322275034e-10
6.520050807e-11
-2.050833781e-10
-5.233142757e-11
2.158326345e-10
4.082392489e-11
-1.654110953e-10
-7.439425255e-12
4.945088058e-10
-2.568152678e-11
-5.283275085e-10
3.164595031e-11
1.543693053e-10
-2.673633241e-11
-1.374333855e-10
2.293250387e-11
1.30419076e-10
-2.609721277e-11
-1.459801544e-10
4.557153262e-11
2.43235573e-10
-1.054424417e-10
-3.355156887e-10
2.310103461e-10
6.476715588e-10
-3.7767515e-10
-7.208961749e-10
5.740373374e-10
1.311216401e-09
-8.410319721e-10
-1.321196796e-09
1.191507395e-09
2.375087387e-09
-1.6239202e-09
-2.301794447e-09
2.09434893e-09
3.032907788e-09
-2.477130978e-09
-3.115330229e-09
2.561197624e-09
1.900937381e-09
-2.194325621e-09
-2.321012444e-09
1.533896145e-09
-1.025495229e-09
-8.905805409e-10
1.44472985e-09
1.733178744e-09
-3.388576405e-09
-2.191088977e-09
2.873782238e-09
3.17391231e-09
-6.435732226e-09
-4.912189206e-09
7.487163819e-09
7.165546772e-09
-1.107339209e-08
-8.850499882e-09
1.073790912e-08
8.894093464e-09
-1.009006094e-08
-7.266442102e-09
6.563750562e-09
4.886394247e-09
-4.919297774e-09
-2.769520845e-09
1.953241439e-09
1.383400958e-09
-1.605766859e-09
-6.51908506e-10
5.175301591e-10
3.262062531e-10
-5.146501923e-10
-2.039090665e-10
2.89430922e-10
1.47937952e-10
-3.076946072e-10
-1.072731091e-10
2.338155929e-10
9.070429112e-11
-1.892076757e-10
-1.08029043e-10
5.707349133e-10
1.646440865e-10
-3.774337019e-10
-1.281985852e-10
1.800604602e-10
5.000057838e-11
-1.60173827e-10
-3.105706488e-11
1.224323e-10
1.047992753e-11
-7.923665484e-11
1.384867276e-11
5.136762215e-10
-4.491747765e-11
-3.991096647e-10
2.524443182e-11
1.09020289e-10
-1.885865372e-11
-8.87640966e-11
2.731942743e-11
1.55576263e-10
-6.644875156e-11
-1.661360612e-10
1.44145203e-10
3.676861145e-10
-2.532620743e-10
-3.433477359e-10
3.812018694e-10
6.841916211e-10
-5.165717075e-10
-5.7257919e-10
6.664725482e-10
1.166113733e-09
-8.491183284e-10
-9.311602969e-10
1.088364748e-09
1.98865003e-09
-1.406257759e-09
-1.572766522e-09
1.801282948e-09
2.826996386e-09
-2.214014533e-09
-2.328753185e-09
2.504377637e-09
2.476339439e-09
-2.506735297e-09
-2.351546471e-09
2.189353723e-09
1.447539039e-09
-1.753001241e-09
-1.803285453e-09
1.44374192e-09
-1.53869042e-09
-1.304528381e-09
4.172731753e-09
-5.520131492e-09
-7.414296247e-09
8.55712691e-09
6.479452305e-09
-8.052801097e-09
-9.931991498e-09
9.856996388e-09
1.123881431e-08
-9.634317464e-09
-1.171661219e-08
1.100103034e-08
1.081552638e-08
-7.77033714e-09
-8.739772359e-09
7.186851783e-09
6.249087681e-09
-4.132880939e-09
-4.06249323e-09
3.195246503e-09
2.499346195e-09
-1.912062619e-09
-1.517291235e-09
1.279250357e-09
9.302117344e-10
-9.89718822e-10
-5.760759961e-10
5.381301855e-10
3.680842159e-10
-6.292559643e-10
-2.688852783e-10
3.511614565e-10
2.057449477e-10
-4.155882927e-10
-1.348994915e-10
1.898201069e-10
8.273872997e-11
-2.30003154e-10
-5.580526398e-11
1.939103805e-10
3.292823136e-11
-1.544651236e-10
9.029753468e-12
1.466217239e-10
3.450238323e-11
-1.385385165e-10
-1.241441356e-11
4.150336709e-11
-2.565646398e-12
-1.847759452e-11
9.48554195e-12
1.983204789e-10
-2.203193627e-11
-6.607242175e-11
1.622930244e-11
8.57952303e-11
-2.154033272e-11
-6.317984118e-11
4.579370038e-11
1.582754855e-10
-8.919323842e-11
-1.260480729e-10
1.430738862e-10
2.890116306e-10
-2.025273431e-10
-2.247943253e-10
2.654482805e-10
4.523806629e-10
-3.328192658e-10
-3.473405006e-10
4.095793543e-10
7.089106951e-10
-5.05401451e-10
-5.307910164e-10
6.350676906e-10
1.177855086e-09
-8.157270196e-10
-8.582567843e-10
1.057994369e-09
1.789416344e-09
-1.349614242e-09
-1.31535541e-09
1.641442038e-09
2.041025159e-09
-1.862686689e-09
-1.664674407e-09
1.980329552e-09
1.978507831e-09
-2.040108731e-09
-1.939779214e-09
2.119587802e-09
2.06365651e-09
-2.283564757e-09
2.430087182e-09
-2.257204355e-09
-4.530270344e-09
-9.274368051e-09
6.063107601e-09
8.671096832e-09
-4.341013416e-09
-8.644570279e-09
6.920298416e-09
8.741234472e-09
-4.816742607e-09
-8.573817828e-09
6.903969571e-09
7.725331751e-09
-4.30347312e-09
-6.215077734e-09
4.478269993e-09
4.499019032e-09
-2.50601051e-09
-3.032693326e-09
2.220714699e-09
1.993501844e-09
-1.288116513e-09
-1.334313148e-09
1.168868409e-09
9.36836669e-10
-7.974313298e-10
-7.042113589e-10
8.253478491e-10
5.936349234e-10
-1.171220627e-09
-6.37102163e-10
1.380969534e-09
9.28825294e-10
-6.760431279e-09
-1.201418907e-09
4.937616809e-10
3.430523441e-10
-5.588193105e-10
-2.302311231e-10
3.126225555e-10
1.583800807e-10
-4.687175e-10
-1.174344569e-10
2.104567e-10
3.103079084e-11
-3.839554576e-10
2.637375523e-11
1.382284265e-10
2.963392226e-11
-1.611762869e-10
-1.340912111e-11
1.132224067e-11
5.631579693e-13
-1.32584799e-11
2.789076572e-12
1.789416086e-11
-3.849864586e-12
-4.739414227e-12
8.498314079e-12
3.377881024e-11
-1.459345077e-11
-1.547840129e-11
2.628705487e-11
8.379861023e-11
-4.522721648e-11
-4.903138249e-11
7.190369993e-11
1.622882699e-10
-1.047727555e-10
-1.075308721e-10
1.415880083e-10
2.584924767e-10
-1.812256092e-10
-1.82576634e-10
2.249727903e-10
3.92911114e-10
-2.770913413e-10
-2.844472687e-10
3.446938196e-10
6.181299774e-10
-4.368376718e-10
-4.429385096e-10
5.624250582e-10
9.467935666e-10
-7.2603464e-10
-6.81890355e-10
9.250399183e-10
1.309470103e-09
-1.152900811e-09
-1.015944514e-09
1.407059472e-09
1.743351088e-09
-1.691374609e-09
-1.478473609e-09
2.004062527e-09
2.199136859e-09
-2.322265639e-09
-1.944367314e-09
2.597808318e-09
2.215510755e-09
-2.015255924e-09
2.93829418e-09
-2.781692421e-09
2.77974046e-09
5.313022776e-09
-1.818290602e-09
-4.09074736e-09
2.741386067e-09
3.862692307e-09
-1.704368221e-09
-3.892783397e-09
3.144277426e-09
3.942169851e-09
-2.065078723e-09
-3.710722165e-09
2.679755486e-09
3.107177026e-09
-1.750248154e-09
-2.3388062e-09
1.524900572e-09
1.657377891e-09
-1.020374964e-09
-1.163825182e-09
8.462045207e-10
8.400726499e-10
-6.200631698e-10
-6.46672773e-10
6.904221802e-10
6.052138446e-10
-1.024376659e-09
-1.006559772e-09
4.045012087e-09
3.164093084e-09
-1.345031335e-08
-9.136295949e-09
2.24577791e-08
1.521644762e-08
-3.705932026e-08
-1.256681074e-08
6.345744026e-10
9.492794837e-10
-1.271599278e-09
-2.598140032e-10
8.069556681e-10
2.407782355e-10
-2.025650954e-09
-3.714215616e-10
8.241046014e-10
3.602201325e-10
-1.965188477e-09
-2.122910557e-10
2.41165452e-10
1.038116532e-10
-4.414028077e-10
-3.004673906e-11
1.933526454e-11
5.932916421e-12
-3.113809376e-11
9.045218866e-13
2.949908151e-12
-8.836546646e-13
-6.747994652e-12
2.194212224e-12
9.044901292e-12
-4.28051939e-12
-1.155998118e-11
7.646564394e-12
2.730742142e-11
-1.372994913e-11
-1.808339072e-11
2.37578081e-11
6.424949197e-11
-3.797286609e-11
-3.523484465e-11
5.583893437e-11
1.1851787e-10
-7.70420826e-11
-6.843339625e-11
1.024204876e-10
1.973390194e-10
-1.341968409e-10
-1.280167127e-10
1.757332551e-10
3.156686239e-10
-2.315274322e-10
-2.227337383e-10
3.073059804e-10
4.993130047e-10
-4.09653863e-10
-3.737760254e-10
5.450373581e-10
7.894394268e-10
-7.189190828e-10
-6.178189502e-10
9.344780911e-10
1.210594299e-09
-1.189813719e-09
-9.687605699e-10
1.472372718e-09
1.630951235e-09
-1.751401313e-09
-1.312835478e-09
1.975216132e-09
1.69014615e-09
-2.081565439e-09
-1.342520295e-09
2.02954427e-09
-9.27048237e-10
-1.947237132e-09
-8.578072982e-10
-2.481224164e-09
1.816812696e-09
1.117704358e-09
-7.174671566e-10
-1.652927753e-09
1.085403181e-09
1.652920959e-09
-6.955993314e-10
-1.761925016e-09
1.35551473e-09
1.852223735e-09
-8.590324177e-10
-1.781699508e-09
1.17847316e-09
1.526812791e-09
-7.905452398e-10
-1.196913195e-09
7.27158299e-10
9.040357979e-10
-5.396822418e-10
-6.926277397e-10
5.114934766e-10
5.857737821e-10
-4.862653381e-10
-7.665107389e-10
2.414509141e-09
2.452019815e-09
-4.656779437e-09
-9.952896696e-09
2.475952661e-08
2.383490269e-08
-2.840202293e-08
-3.358645089e-08
4.406172326e-08
3.355818778e-08
-6.40504894e-08
-1.799138347e-08
4.863834432e-09
6.101165087e-09
-1.273729113e-08
-4.713239904e-09
5.768211948e-09
5.841913359e-09
-7.980476239e-09
-4.88280893e-09
3.636827566e-09
3.233733993e-09
-3.530035359e-09
-1.636786168e-09
6.999345959e-10
5.413913832e-10
-7.565864469e-10
-5.813611797e-11
5.616683343e-11
2.359724495e-11
-1.061481052e-10
-8.714706537e-13
1.859036531e-11
-5.765327513e-12
-4.530839325e-11
1.466504268e-11
2.481412033e-11
-2.020925685e-11
-5.609051727e-11
2.154852767e-11
2.081341892e-11
-2.026413198e-11
-3.793212296e-11
1.839819652e-11
2.10959174e-11
-1.742284722e-11
-1.930232199e-11
1.833869087e-11
3.503283759e-11
-2.215973523e-11
-1.740596558e-11
3.061315335e-11
7.60837203e-11
-4.646376121e-11
-4.134877445e-11
7.313450553e-11
1.546623919e-10
-1.140973597e-10
-1.050271311e-10
1.723091253e-10
2.845235238e-10
-2.499522744e-10
-2.175275465e-10
3.486898012e-10
4.861163783e-10
-4.699417849e-10
-3.823660585e-10
6.142320024e-10
7.617428028e-10
-7.79061561e-10
-5.892413266e-10
9.553762728e-10
1.017643721e-09
-1.122961187e-09
-7.599955646e-10
1.24857124e-09
1.017169613e-09
-1.292609885e-09
-7.295671539e-10
1.230174052e-09
6.517145341e-10
-4.957313489e-10
9.409667569e-10
-1.076902931e-09
5.121840332e-10
-2.352928094e-10
-8.870934481e-10
8.128778365e-10
4.640206533e-10
-2.760856579e-10
-7.661990756e-10
4.355078186e-10
7.670637818e-10
-2.570811768e-10
-8.019737484e-10
5.10936282e-10
8.338576768e-10
-2.857028329e-10
-8.263699452e-10
5.135284468e-10
7.685426164e-10
-3.196986008e-10
-6.816705851e-10
4.157172672e-10
5.986574849e-10
-3.348388963e-10
-5.490473739e-10
4.63264532e-10
6.309908599e-10
-3.532699683e-10
-1.424327607e-09
4.536500152e-09
5.285609962e-09
-1.098600561e-09
-1.558188564e-08
2.800549424e-08
3.745095392e-08
-3.571805261e-08
-8.697513537e-08
1.332063534e-07
1.300951509e-07
-1.369545137e-07
-2.139391816e-08
1.591067618e-08
1.23574323e-08
-1.052123523e-08
-1.034022296e-08
6.500618701e-09
7.053683135e-09
-4.46302738e-09
-4.088166269e-09
2.49009477e-09
2.24010812e-09
-1.831481767e-09
-1.150800433e-09
6.875010172e-10
5.132595035e-10
-7.563730898e-10
-1.404806246e-10
1.953848964e-10
8.042208507e-11
-3.355088685e-10
3.413269548e-12
9.402221166e-11
-4.202216353e-11
-1.624512046e-10
7.810725945e-11
1.122115783e-10
-9.874177797e-11
-1.844660805e-10
1.005678788e-10
7.346274134e-11
-8.709305239e-11
-1.225890782e-10
6.476255138e-11
2.6594042e-11
-4.091581803e-11
-3.957171718e-11
2.271045095e-11
1.053939236e-11
-1.282836121e-11
-9.479954811e-12
9.860448091e-12
2.133948942e-11
-1.298780343e-11
-1.164110478e-11
2.443019978e-11
6.93309233e-11
-4.8435067e-11
-4.437885188e-11
8.84159131e-11
1.64548198e-10
-1.448429466e-10
-1.210373324e-10
2.15651266e-10
2.976907735e-10
-2.977640424e-10
-2.254096053e-10
3.8757852e-10
4.458882295e-10
-4.800961639e-10
-3.244036019e-10
5.674915163e-10
5.434765319e-10
-6.38052566e-10
-3.667838283e-10
6.772940539e-10
4.951286734e-10
-6.735959371e-10
-3.152181324e-10
6.275914007e-10
3.464870962e-10
-2.308121778e-10
4.813507864e-10
-5.561496679e-10
1.481158652e-10
3.111807335e-10
-8.461040251e-11
-3.014094319e-10
1.428428241e-10
2.885544876e-10
-6.726063276e-11
-2.740500512e-10
1.35834656e-10
2.727909493e-10
-5.995077784e-11
-2.929874107e-10
1.581849773e-10
3.26902151e-10
-8.797904124e-11
-3.649024215e-10
2.020329344e-10
4.057140022e-10
-1.439089969e-10
-4.533074137e-10
2.874222528e-10
5.082489609e-10
-2.64403411e-10
-5.580904352e-10
3.627504312e-10
6.009787332e-10
-3.824385089e-10
-7.501291186e-10
9.380268499e-10
1.418111529e-09
-1.18069435e-09
-4.034543827e-09
7.927554891e-09
1.134066687e-08
-9.456139633e-09
-2.565829338e-08
2.041544549e-08
5.36544414e-08
-2.958173024e-09
-2.134104067e-08
7.846957823e-09
1.195095055e-08
-6.409391797e-09
-7.346123739e-09
3.337684245e-09
4.411378474e-09
-2.986971109e-09
-2.688393305e-09
1.602772786e-09
1.670077317e-09
-1.591654186e-09
-1.053586898e-09
9.199761445e-10
6.726799148e-10
-1.075074179e-09
-4.194075974e-10
5.193903735e-10
2.027238209e-10
-7.034263515e-10
2.660011266e-11
2.246700322e-10
-1.458980996e-10
-2.1846611e-10
1.926971081e-10
2.372448647e-10
-2.099176743e-10
-2.315033953e-10
2.036020274e-10
1.630863135e-10
-1.754999257e-10
-1.738552039e-10
1.315803531e-10
5.323982096e-11
-8.311543685e-11
-6.741349652e-11
4.671015303e-11
1.283251734e-11
-2.602829898e-11
-2.351085348e-11
1.547503582e-11
8.242165018e-12
-1.074227585e-11
-9.071478629e-12
1.10976566e-11
2.779241987e-11
-1.875052083e-11
-1.740639924e-11
3.753062015e-11
8.459827265e-11
-6.969745751e-11
-5.421387603e-11
1.133315699e-10
1.608390262e-10
-1.630780891e-10
-1.026448474e-10
2.124582345e-10
2.195321268e-10
-2.553498695e-10
-1.305366995e-10
2.866631607e-10
2.274720984e-10
-3.033131068e-10
-1.247641467e-10
3.056163098e-10
1.892726032e-10
-2.977128787e-10
-1.068702304e-10
2.854532845e-10
1.510751891e-10
-2.733807557e-10
-9.705745592e-11
2.64180631e-10
1.275766391e-10
-8.901193403e-11
-2.606164958e-10
2.13260087e-10
6.525834978e-11
-5.751012592e-11
-1.108767421e-10
1.942726546e-11
6.047158981e-11
-1.347511963e-11
-4.559380523e-11
1.65189217e-11
4.925898281e-11
-3.660235034e-12
-6.216910782e-11
3.307476943e-11
8.66178696e-11
-3.408618427e-12
-1.292132156e-10
7.503302344e-11
1.993673157e-10
2.190123601e-12
-3.211073253e-10
2.805923356e-10
5.514077335e-10
-2.972532468e-10
-8.441863123e-10
5.109735309e-10
9.802512057e-10
-7.492490821e-10
-1.301983857e-09
1.975330824e-09
3.674354476e-09
-3.190323915e-09
-1.221524403e-08
1.184643744e-08
2.32987029e-08
-1.202027697e-08
-2.682260601e-08
1.123901308e-08
2.266624646e-08
-9.797990275e-09
-1.631332285e-08
5.789626395e-09
1.105294471e-08
-5.146328331e-09
-7.435744483e-09
2.970012618e-09
5.016483548e-09
-2.742978509e-09
-3.362034261e-09
1.625022505e-09
2.237938936e-09
-1.506713142e-09
-1.520105501e-09
1.124470115e-09
1.113158884e-09
-1.012868516e-09
-9.002316012e-10
7.78033483e-10
5.251110736e-10
-7.19047267e-10
-1.259485105e-10
1.34418778e-10
-8.24439744e-11
-7.650932751e-11
9.621925819e-11
1.923564411e-10
-1.229361374e-10
-1.708281376e-10
1.470188366e-10
1.655603984e-10
-1.432423877e-10
-1.579377954e-10
1.37014684e-10
9.345076267e-11
-1.343280948e-10
-1.33224845e-10
1.244285278e-10
4.560751462e-11
-9.925501996e-11
-7.276289007e-11
6.583537953e-11
1.342549078e-11
-3.651323984e-11
-1.931556801e-11
1.858452648e-11
1.117674748e-11
-1.227639115e-11
-7.527579789e-12
1.519838242e-11
3.021212549e-11
-2.553641833e-11
-1.370983277e-11
4.125384544e-11
5.388890432e-11
-5.904091659e-11
-2.061501697e-11
7.512891368e-11
6.228623795e-11
-8.692759568e-11
-2.128953042e-11
9.40196069e-11
5.740465686e-11
-9.765372223e-11
-2.04352276e-11
9.944131301e-11
5.363788969e-11
-1.00673205e-10
-2.152449378e-11
1.023572854e-10
5.634839974e-11
-1.055136257e-10
-2.766386932e-11
1.114400863e-10
6.17972149e-11
-3.139766384e-11
-1.218074682e-10
1.717498525e-10
-8.873853819e-11
-5.858653458e-10
3.827919622e-10
4.355980353e-11
-8.39273711e-12
-2.401458356e-10
8.680300102e-12
1.489105477e-10
1.234802153e-11
-9.520980872e-11
-8.652170418e-13
7.214286526e-11
1.496394213e-11
-8.173306743e-11
-1.07744458e-11
1.625049104e-10
3.160051218e-11
-4.910994424e-10
-8.430813584e-11
1.678421477e-09
-6.784900632e-10
-4.074416812e-09
7.876169227e-10
4.862837594e-09
-1.632576095e-09
-3.806538358e-09
1.071513074e-09
3.437599838e-09
-1.980508583e-09
-5.416288801e-09
4.736669829e-09
1.295174112e-08
-6.696278081e-09
-2.354740713e-08
1.079340523e-08
2.809875832e-08
-7.95921047e-09
-2.448344581e-08
7.449419506e-09
1.773419698e-08
-4.313048951e-09
-1.192149154e-08
3.766411275e-09
7.933324917e-09
-2.031478647e-09
-5.339941289e-09
1.983385087e-09
3.634922157e-09
-1.029071958e-09
-2.506830035e-09
1.112778826e-09
1.778737081e-09
-6.028529896e-10
-1.329593111e-09
7.546263916e-10
1.055649915e-09
-4.548233831e-10
-8.549757241e-10
5.485939803e-10
5.843182362e-10
-3.293303487e-10
-1.661751179e-10
5.432295554e-11
4.304143636e-12
-5.131141296e-11
3.818639898e-11
1.478898122e-10
-1.102084986e-10
-1.170855954e-10
1.842307547e-10
1.722511637e-10
-2.34174526e-10
-1.375112255e-10
2.561982508e-10
1.525716315e-10
-2.53532725e-10
-1.171070383e-10
2.268757497e-10
8.448113543e-11
-1.799134434e-10
-6.886195615e-11
1.199882949e-10
2.203724166e-11
-6.541259307e-11
-1.803939857e-11
3.001071841e-11
5.272611119e-12
-1.312687187e-11
-3.465552687e-12
7.321506166e-12
4.825904567e-12
-6.443361281e-12
-1.447202217e-12
7.248847715e-12
5.201975223e-12
-8.345003051e-12
-1.060021388e-12
9.224732367e-12
5.007343421e-12
-9.806496314e-12
-9.655378125e-13
1.019858614e-11
5.233885101e-12
-1.05960582e-11
-1.216453749e-12
1.127558221e-11
6.764373529e-12
-1.261424463e-11
-2.499536348e-12
1.516652779e-11
1.2794142e-11
-2.00187933e-11
-8.136507704e-12
2.961597228e-11
3.101677952e-11
-2.922178141e-11
8.036539007e-11
-4.812276893e-11
3.861279797e-11
-5.131044272e-12
-1.322811372e-09
2.049244827e-09
4.07206949e-11
-5.590061953e-11
-2.626850534e-09
5.91540858e-12
2.692904378e-09
-2.05276094e-10
-2.46446565e-09
-1.329736054e-11
2.754275273e-09
-3.042414673e-10
-4.714711018e-09
1.093214212e-09
7.875070783e-09
-1.067829293e-09
-9.553083114e-09
1.939069828e-09
9.510328956e-09
-1.49184979e-09
-9.1991142e-09
1.863574039e-09
1.007468239e-08
-2.140314239e-09
-1.392204999e-08
3.771888584e-09
2.14608508e-08
-3.906461814e-09
-2.856673442e-08
6.548474168e-09
2.927325829e-08
-3.944419977e-09
-2.340789439e-08
4.296413403e-09
1.557567452e-08
-1.924048533e-09
-9.41242889e-09
1.878315056e-09
5.593792158e-09
-8.073441688e-10
-3.403233998e-09
8.4122617e-10
2.119876318e-09
-3.5484678e-10
-1.332361227e-09
3.881267371e-10
8.452262218e-10
-1.367479321e-10
-5.63542099e-10
2.267101521e-10
4.253720484e-10
-6.148836669e-11
-3.762137014e-10
2.094493508e-10
3.676225275e-10
-5.803851472e-11
-3.46284529e-10
1.594718321e-10
2.207057641e-10
-4.684644153e-11
-7.206472654e-11
4.654376233e-11
1.445339819e-11
-4.707826087e-11
2.61883438e-11
7.029665177e-11
-6.760182051e-11
-3.848844584e-11
1.015444901e-10
7.467227911e-11
-1.213565027e-10
-2.163290934e-11
1.164275871e-10
6.050779675e-11
-1.065281591e-10
-1.692072883e-11
9.254713626e-11
3.741195772e-11
-7.318380732e-11
-1.205051142e-11
4.889468318e-11
9.389023838e-12
-2.674501876e-11
-2.265338283e-12
1.266347296e-11
1.753893161e-12
-5.924086803e-12
-6.059088088e-13
3.128274293e-12
5.817401711e-13
-1.906995408e-12
-2.606539584e-13
1.278322682e-12
2.986406239e-13
-9.083570363e-13
-1.074403468e-13
6.842389697e-13
2.479726326e-13
-5.715103395e-13
-1.562286613e-13
5.92554841e-13
6.163651232e-13
-8.486166615e-13
-8.28567171e-13
1.523434021e-12
2.037350458e-12
-2.853210698e-12
-2.59228808e-12
5.244427647e-12
8.221639891e-12
-1.012992756e-11
-9.742355179e-12
2.228775888e-11
3.172564e-11
-3.195217435e-11
9.838669975e-11
-4.944059984e-11
-1.028848044e-10
1.463985353e-10
-4.459939851e-10
4.995466622e-10
-6.05393784e-11
8.219060437e-11
-5.090778314e-10
9.433862864e-11
4.227203538e-10
-7.205415159e-12
-2.403270915e-10
3.958101858e-11
1.274667581e-10
-1.205172764e-11
-1.123136829e-10
6.827051901e-11
1.953019454e-10
-5.377255942e-11
-3.701708119e-10
2.216587126e-10
6.886367232e-10
-2.821371398e-10
-1.460281023e-09
5.366393978e-10
3.974450727e-09
-3.419778072e-10
-1.070387735e-08
2.142320158e-09
1.873208233e-08
1.967354795e-10
-1.993789235e-08
2.167367486e-09
1.502554895e-08
-2.041440276e-10
-9.35773524e-09
8.97428642e-10
5.429491333e-09
-1.611759172e-10
-3.216757731e-09
3.842539368e-10
2.034257869e-09
-1.247013394e-10
-1.345875112e-09
1.888155101e-10
8.833519662e-10
-1.136796356e-10
-5.470234289e-10
7.555861144e-11
3.08897418e-10
-7.474021119e-11
-1.588568776e-10
2.299307579e-11
8.02986347e-11
-2.325463012e-11
-4.762454687e-11
1.232234132e-11
3.607216736e-11
-1.065822791e-11
-2.953544518e-11
6.51992968e-12
2.000177797e-11
-5.146972363e-12
-8.313713926e-12
6.337578501e-11
-4.022779834e-12
-8.442548416e-11
4.414120432e-11
2.114775117e-11
-1.899424475e-11
-3.135394596e-17
-6.527482135e-21
3.859063937e-15
-4.651446822e-20
-1.035623706e-14
4.191189865e-15
4.14215746e-12
-1.972120989e-15
-6.786052736e-12
1.654941546e-12
4.941108254e-12
-1.536006101e-12
-6.601742642e-12
-3.559861603e-13
2.760334403e-13
-7.087735467e-13
-3.276262024e-13
5.769871869e-13
8.891436135e-14
-3.513836981e-13
3.26401183e-15
2.052693674e-13
2.89886241e-14
-1.189074346e-13
-4.377144337e-15
7.070253534e-14
2.224947194e-14
-4.671129977e-14
-3.481839516e-14
6.255460199e-14
2.560844443e-13
-2.212249384e-13
-5.965997303e-13
8.265240292e-13
1.472379703e-12
-2.388940094e-12
-2.574299116e-12
5.068551422e-12
3.177244105e-12
-8.2634861e-12
-1.939574483e-12
1.178504049e-11
1.00320786e-11
-1.908387924e-11
1.323427102e-12
4.602258308e-11
2.026913465e-11
1.655682944e-11
1.736688809e-10
-1.060458948e-10
-8.126835613e-11
3.749107687e-11
-3.070956219e-10
3.026684865e-10
-2.139018518e-11
3.111766473e-11
-3.452599637e-10
-2.46782097e-11
3.995336061e-10
4.087625024e-11
-4.526452123e-10
-6.957097267e-12
5.245867627e-10
3.963354719e-11
-6.237523688e-10
1.531205043e-11
7.691250903e-10
1.588049062e-11
-1.07113983e-09
1.404821281e-10
1.838115517e-09
-2.053538705e-11
-4.030773844e-09
-3.949867567e-10
9.942331542e-09
6.476685401e-10
-1.928151858e-08
-2.145479623e-09
2.450402099e-08
3.581737129e-09
-2.250352804e-08
-1.214005495e-09
1.721167017e-08
2.40613275e-09
-1.206506856e-08
-4.838899197e-10
8.200797674e-09
1.094682337e-09
-5.647432006e-09
-2.354704729e-10
4.079004112e-09
5.325747343e-10
-3.118755184e-09
-1.516817215e-10
2.466643799e-09
3.236421434e-10
-1.925990019e-09
-8.694399025e-11
1.399716074e-09
1.938717938e-10
-8.883917828e-10
-2.703715799e-11
4.615181718e-10
7.080372272e-11
-1.870627795e-10
-9.548803926e-12
6.352836252e-11
1.0810486e-11
-2.293655703e-11
-2.94938579e-12
1.044130899e-11
1.877955523e-12
-2.885157931e-12
1.064919395e-10
-1.866147038e-12
3.625553678e-10
-3.400858004e-13
-7.182109853e-17
-1.423452615e-13
2.721816098e-14
1.077559491e-13
2.235977169e-14
-6.591248831e-14
6.264321351e-15
2.348548853e-14
1.179807027e-11
-6.300853101e-15
-1.925185518e-11
7.690356649e-12
9.881794475e-12
-8.567830765e-12
-1.126372042e-11
7.534719865e-12
-1.256733398e-12
-7.915609367e-12
3.420842549e-12
4.311921252e-12
-2.279412715e-13
-2.192254889e-12
7.874814989e-13
9.773252326e-13
-3.943850026e-14
-3.762511186e-13
1.498499879e-13
1.411538007e-13
-3.0143425e-14
-1.126078517e-13
8.013658722e-13
8.132492902e-13
-2.59053805e-13
-7.676595011e-12
8.494608193e-12
3.42757394e-11
-1.220170899e-12
-7.887017852e-11
4.601680317e-12
1.194023945e-10
-2.780792703e-12
-1.336889265e-10
5.567799022e-12
1.197457443e-10
-7.704769893e-12
-9.631819681e-11
1.067102527e-11
8.190954188e-11
-1.720259097e-11
1.392847938e-11
8.944219175e-11
-8.163931682e-11
-6.394973066e-11
-3.549964322e-10
4.371735972e-10
-6.903622313e-11
7.890957634e-11
-6.034045666e-10
-1.397104257e-10
7.948085098e-10
1.678720759e-10
-1.007286733e-09
-2.272631464e-10
1.228097793e-09
2.623217629e-10
-1.442735676e-09
1.51746734e-10
1.711066303e-09
1.363272124e-10
-2.150246477e-09
6.204001826e-10
2.687155949e-09
-1.277349892e-10
-3.294573359e-09
2.928848432e-10
3.952869377e-09
-2.712853696e-10
-5.663309322e-09
-3.552934267e-09
1.009630634e-08
1.447054651e-09
-1.524179257e-08
-3.262977791e-09
1.684000333e-08
3.006141089e-09
-1.487198574e-08
-1.6507002e-09
1.145400574e-08
2.057878964e-09
-8.141373293e-09
-7.659006718e-10
5.556649881e-09
1.062572552e-09
-3.744092555e-09
-4.008001378e-10
2.529930445e-09
5.333118531e-10
-1.716932666e-09
-2.204926606e-10
1.154942823e-09
2.766005075e-10
-7.513761539e-10
-9.184336469e-11
4.598346022e-10
1.296529784e-10
-2.613505096e-10
-2.197241528e-11
1.418288081e-10
4.617904567e-11
-7.639955174e-11
-6.747914201e-12
3.459824418e-11
1.749390399e-11
7.349736605e-12
-2.619551961e-10
-1.511422329e-10
5.316528154e-10
3.687276e-10
-2.194227197e-10
-2.887549724e-10
2.23702593e-10
2.671350779e-10
-1.011749029e-10
-2.488213346e-10
1.437133899e-10
2.16965422e-10
-5.531262594e-11
-1.823114386e-10
9.224830051e-11
1.441129685e-10
-2.846795135e-11
-1.143615139e-10
5.370772841e-11
9.544658994e-11
-2.560421248e-11
-8.502171828e-11
4.401396192e-11
8.463240666e-11
-1.098618985e-11
-7.402165442e-11
7.270585561e-11
5.832813557e-11
-3.888823665e-11
-8.980592313e-11
2.123519967e-10
1.579112773e-10
-1.109239886e-10
-2.436427079e-10
4.71962394e-10
3.407003685e-10
-9.806526145e-11
-4.08007953e-10
3.622987062e-10
4.126997043e-10
2.348539622e-11
-3.674105712e-10
2.982015264e-11
2.803413711e-10
1.4850048e-11
-2.131741743e-10
3.099296979e-11
2.10558642e-10
-2.206071171e-11
-2.770286845e-10
5.93478949e-11
2.712719304e-10
-2.047012215e-11
-7.83457543e-12
1.786242836e-10
-1.875130377e-10
2.716667019e-10
-7.200753313e-11
8.105002169e-11
-2.821920724e-10
-1.505936965e-10
3.441095744e-10
1.163444935e-10
-4.312123338e-10
-2.321726391e-10
4.984767914e-10
1.93124022e-10
-5.00701181e-10
-1.912894714e-10
4.305724574e-10
1.861000309e-10
-3.354120988e-10
-1.15803099e-10
2.787576471e-10
1.307223747e-10
-3.12212443e-10
5.049703087e-11
5.069921823e-10
1.387305424e-10
-8.802522543e-10
-4.084471606e-10
1.368380742e-09
4.167557472e-10
-1.639929907e-09
-1.456388871e-09
1.825062683e-09
6.643993164e-10
-2.184471535e-09
-1.667908831e-09
2.617822078e-09
7.872471734e-10
-2.886646878e-09
-1.178606001e-09
2.840242624e-09
7.889558441e-10
-2.497421069e-09
-6.880922066e-10
1.994173515e-09
6.462906855e-10
-1.490067671e-09
-3.8177126e-10
1.078556521e-09
4.5580241e-10
-7.463618277e-10
-2.091945926e-10
4.988285387e-10
2.86324212e-10
-3.312999159e-10
-1.265749839e-10
2.351247646e-10
1.874574727e-10
-1.957316664e-10
-7.952823641e-11
1.523119161e-10
8.661042008e-11
-1.299473247e-10
-4.591776926e-10
8.339433779e-11
2.07638798e-10
-2.101359969e-12
-1.3210006e-10
-1.036587929e-11
7.100154791e-11
5.657699035e-11
-1.303051578e-10
-9.106827861e-11
1.243910093e-10
1.277720336e-10
-1.254549113e-10
-1.827454672e-10
2.259632274e-10
2.60041003e-10
-1.42278487e-10
-3.519124785e-10
3.601403069e-10
4.413683984e-10
-1.531623301e-10
-5.088659295e-10
4.100532962e-10
5.471613912e-10
-2.432204309e-10
-5.247849163e-10
5.183496034e-10
5.069191036e-10
-6.112398102e-10
-6.387784833e-10
1.303561332e-09
9.62499624e-10
-1.258126241e-09
-1.428025895e-09
2.620049843e-09
1.920973045e-09
-9.232367656e-10
-2.082433958e-09
1.81972112e-09
1.658202029e-09
-1.470909801e-10
-1.14572526e-09
2.918499935e-10
7.908476209e-10
-6.279366072e-11
-5.201785816e-10
7.418514988e-11
4.200191804e-10
-7.524973698e-11
-3.417355458e-10
1.024646125e-10
2.875723607e-10
-4.305916776e-11
6.647960975e-11
-2.531339268e-10
2.290274896e-09
3.865271355e-10
-1.461162829e-09
-2.441368514e-10
1.022410994e-09
-2.169872078e-10
3.967776423e-10
-7.071203932e-10
-1.933362446e-10
5.442117338e-10
2.071783606e-10
-4.724313272e-10
-1.737505243e-10
4.429250733e-10
1.746651799e-10
-4.482481857e-10
-1.758157305e-10
4.945876517e-10
2.136282457e-10
-5.781762531e-10
-2.642506706e-10
6.904444458e-10
3.447642458e-10
-8.409755924e-10
-5.220068504e-10
1.061862686e-09
6.173303064e-10
-1.424345801e-09
-9.446201481e-10
2.000828848e-09
1.211265306e-09
-2.402550332e-09
-8.105627856e-10
2.054752977e-09
7.424718671e-10
-1.198348082e-09
-1.854673487e-10
5.525490789e-10
1.159247539e-10
-4.04938968e-10
-2.99880219e-10
4.302283669e-10
2.225924829e-10
-4.311318259e-10
-4.018713007e-10
3.979831208e-10
3.09221717e-10
-3.336937228e-10
-2.937057779e-10
2.563618993e-10
2.356358123e-10
-1.773147543e-10
-1.674098192e-10
1.025920742e-10
1.144884356e-10
-3.213831337e-11
-5.514357307e-11
2.481226882e-11
2.793336425e-11
-1.673823982e-11
-7.43788487e-11
9.505664422e-12
2.420465708e-11
-1.756570695e-13
-4.002734305e-11
-6.251664363e-13
3.361709189e-11
2.51502791e-11
-1.66920169e-10
-9.691363311e-11
2.754887838e-10
2.416646007e-10
-4.378625407e-10
-4.712558547e-10
7.855132056e-10
7.768597235e-10
-7.519475208e-10
-1.119276478e-09
1.327984242e-09
1.428952857e-09
-8.444739864e-10
-1.624319802e-09
1.42188426e-09
1.651674851e-09
-8.982438568e-10
-1.468703814e-09
1.320392946e-09
1.451135155e-09
-2.306137249e-09
-1.840969744e-09
3.438439328e-09
2.711223278e-09
-4.468975107e-09
-3.883328409e-09
6.189468276e-09
4.811723423e-09
-2.655188162e-09
-4.437173076e-09
2.810667006e-09
2.955058029e-09
-3.788620967e-10
-1.649974672e-09
2.797425306e-10
8.843917664e-10
-8.239856476e-11
-5.241650643e-10
5.930872851e-11
3.906462235e-10
1.179772705e-10
3.204721398e-10
-1.300759317e-10
-3.563815685e-10
-9.342521008e-11
-3.246860925e-10
-1.237567209e-09
2.090040933e-09
-4.150637031e-09
2.748891098e-09
-7.127007969e-10
1.215624954e-09
-1.509715509e-09
-2.553357696e-10
8.115743857e-10
3.803928734e-10
-5.159310661e-10
-1.865040622e-10
4.237160283e-10
2.245396869e-10
-4.301622272e-10
-2.467038612e-10
4.883255667e-10
3.046540085e-10
-5.770519899e-10
-4.00693954e-10
6.93216998e-10
5.232145823e-10
-8.433190451e-10
-6.973996623e-10
1.024447682e-09
8.68872197e-10
-1.211238847e-09
-1.197084904e-09
1.312378902e-09
1.070306374e-09
-1.120715202e-09
-5.899355967e-10
6.237557032e-10
4.76985859e-10
-2.446236987e-10
-1.379080345e-10
1.771609678e-10
1.590506611e-10
-1.832152922e-10
-2.301258534e-10
2.04449479e-10
2.570664569e-10
-2.29088581e-10
-3.949382426e-10
2.877762533e-10
6.541731059e-10
-2.185128698e-10
-1.970722273e-10
1.552700532e-10
1.900354983e-10
-1.115376e-10
-7.015190067e-11
7.641249122e-11
4.975894493e-11
-3.671251348e-11
-2.060712529e-11
2.518590967e-11
3.252527048e-11
-1.590754851e-11
-1.345925925e-11
7.796807782e-12
2.074111693e-11
-1.077939315e-12
-5.126214934e-11
-1.784102939e-12
9.039736693e-11
6.735961149e-11
-4.540574351e-10
-2.30890159e-10
6.815993858e-10
5.463698954e-10
-1.262455235e-09
-1.022155071e-09
1.790569517e-09
1.605952442e-09
-2.020959213e-09
-2.184439198e-09
2.652757118e-09
2.610349243e-09
-2.009939881e-09
-2.752614879e-09
2.389329982e-09
2.557798225e-09
-1.602455063e-09
-2.076748806e-09
1.561641507e-09
1.872187781e-09
-4.148480135e-09
-2.36902408e-09
3.728603419e-09
3.445090443e-09
-6.628450969e-09
-4.490694633e-09
4.90405638e-09
4.467340038e-09
-1.896560747e-09
-2.739458222e-09
7.042966728e-10
9.74099179e-10
-2.513554281e-11
-3.085712372e-10
3.165571954e-11
1.298013307e-10
2.46749619e-12
-7.839663349e-11
7.196501065e-12
6.221806051e-11
-1.337217191e-10
7.828211715e-11
2.052872349e-10
-1.414924409e-10
4.608499998e-09
-1.888366177e-09
2.389011869e-09
-3.400318362e-09
-6.570198879e-10
2.009094453e-09
1.174172658e-09
-1.114090515e-09
-3.167968583e-10
7.287885106e-10
5.110744697e-10
-6.658388085e-10
-4.397938364e-10
7.972508773e-10
7.055762311e-10
-1.057018502e-09
-8.173293716e-10
1.359212472e-09
1.308784335e-09
-1.549656875e-09
-1.095731637e-09
1.523470496e-09
1.344432674e-09
-1.308800856e-09
-9.324850502e-10
9.924469585e-10
8.419235333e-10
-6.53854187e-10
-3.950000646e-10
3.754466483e-10
3.584029878e-10
-2.304449295e-10
-1.867886066e-10
2.081990591e-10
2.37909199e-10
-2.295279247e-10
-3.083489106e-10
2.747972424e-10
4.105416676e-10
-3.44696437e-10
-8.587047685e-10
4.068354191e-10
8.585086112e-10
-2.324843797e-10
-1.94000638e-10
1.685765835e-10
2.03914048e-10
-1.28104436e-10
-5.202113337e-11
1.002544756e-10
6.79233452e-11
-9.141363998e-11
-5.732628737e-11
7.025889385e-11
8.651888051e-11
-4.586673409e-11
-3.761213923e-11
2.332408826e-11
5.526014982e-11
-6.515197149e-12
-1.165165052e-10
-3.219227082e-13
1.019508091e-10
5.217888734e-11
-8.858462604e-10
-3.052220959e-10
9.462290927e-10
7.341429299e-10
-2.188835647e-09
-1.290574277e-09
2.206865725e-09
1.868168194e-09
-2.951340328e-09
-2.31696315e-09
2.683376873e-09
2.494068304e-09
-2.343913731e-09
-2.331396338e-09
1.847102164e-09
1.894157556e-09
-1.235455247e-09
-1.362681901e-09
8.411466467e-10
1.003650856e-09
-2.246792193e-09
-9.698003233e-10
9.35248793e-10
1.137245598e-09
-2.070695803e-09
-1.115534677e-09
5.554045383e-10
7.169704765e-10
-2.193870995e-10
-2.986046576e-10
9.124330425e-11
1.36433533e-10
-4.057566429e-11
-8.836165464e-11
3.609375372e-11
6.835656291e-11
-1.847441924e-11
-5.65943999e-11
2.256418709e-11
4.851668574e-11
-2.776081554e-11
2.801764968e-11
-5.115156187e-11
1.500361576e-09
-3.710763739e-09
-1.718963369e-09
3.62685091e-09
-1.908943973e-09
2.499914422e-09
-2.737301846e-09
-8.97668428e-10
1.84329146e-09
1.59024887e-09
-1.450937624e-09
-1.136308032e-09
1.633065107e-09
1.751437007e-09
-2.211134499e-09
-1.980003909e-09
2.728195737e-09
2.837541758e-09
-2.731390316e-09
-1.653277808e-09
2.236527596e-09
2.127154363e-09
-1.568378836e-09
-8.354823415e-10
9.973584392e-10
9.616231702e-10
-6.183399653e-10
-3.769683372e-10
4.130851025e-10
4.646148519e-10
-3.344375426e-10
-3.268857309e-10
3.391460505e-10
4.580747827e-10
-3.959178678e-10
-5.629200546e-10
4.955938329e-10
7.100657637e-10
-6.10792233e-10
-7.529542731e-10
5.151931993e-10
6.850969497e-10
-3.335126151e-10
-2.207009035e-10
2.285017981e-10
2.26577829e-10
-1.471332968e-10
-8.41762073e-11
9.866133049e-11
9.103079617e-11
-9.204128074e-11
-1.059876105e-10
7.259900784e-11
1.058775293e-10
-4.045024338e-11
-5.915360376e-11
8.361144989e-12
4.955214196e-11
1.148379388e-11
-7.691843039e-11
-2.030369742e-11
5.772435099e-11
4.270069987e-11
-7.4640312e-10
-1.367399464e-10
4.331563447e-10
3.31481568e-10
-1.731210015e-09
-5.937782747e-10
1.038286045e-09
8.406517473e-10
-1.919134255e-09
-9.827506548e-10
1.083229167e-09
9.700144921e-10
-1.173333193e-09
-8.305485117e-10
6.424162093e-10
6.464501227e-10
-5.313124258e-10
-4.829684697e-10
3.209374808e-10
3.645104752e-10
-3.759859788e-10
-2.866592279e-10
1.845483195e-10
2.281557923e-10
-1.748789561e-10
-1.672226852e-10
8.370082857e-11
1.093869727e-10
-5.35989873e-11
-7.250448047e-11
4.059082022e-11
5.874317603e-11
-3.311461929e-11
-5.421691358e-11
3.255813763e-11
5.175204131e-11
2.743187873e-11
4.746438786e-11
-2.479686719e-11
-4.96184432e-11
2.332763722e-09
1.332157427e-09
-3.126646473e-09
-2.37298909e-09
3.376092565e-09
-2.538860497e-09
3.224845091e-09
-3.109209453e-09
-2.584323046e-09
3.11091806e-09
3.599445266e-09
-3.750500758e-09
-3.914814107e-09
4.558062608e-09
5.186316738e-09
-4.702308498e-09
-2.93392764e-09
3.990267942e-09
4.262389478e-09
-2.887256813e-09
-1.325288848e-09
1.892627569e-09
2.13551669e-09
-1.220452296e-09
-6.690906586e-10
8.501007413e-10
1.117645484e-09
-6.823896182e-10
-6.464339195e-10
6.335625681e-10
9.512589337e-10
-6.53007324e-10
-8.385899198e-10
7.094040913e-10
9.587792705e-10
-7.557805771e-10
-6.804463835e-10
6.372638467e-10
5.765754622e-10
-3.65585044e-10
-1.95396535e-10
1.582753696e-10
1.357958413e-10
-8.194870216e-11
-8.944860187e-11
6.087826269e-11
8.500441963e-11
-5.193347683e-11
-9.708415766e-11
4.204755847e-11
9.089485942e-11
-2.700854968e-11
-3.853937347e-11
6.428506163e-12
2.690402519e-11
9.160526605e-12
-4.424168196e-11
-1.895637719e-11
3.552865119e-11
3.233533843e-11
-2.253326596e-10
-5.647441599e-11
1.355933108e-10
8.893562968e-11
-5.088704426e-10
-1.281679405e-10
2.382114304e-10
1.728743607e-10
-5.188742287e-10
-2.03256237e-10
2.375976651e-10
2.070950241e-10
-3.277341404e-10
-1.900133944e-10
1.664725223e-10
1.641808243e-10
-1.831224462e-10
-1.37978038e-10
1.054331704e-10
1.146945679e-10
-1.026120514e-10
-9.486713095e-11
6.661352566e-11
7.827523091e-11
-5.398806577e-11
-6.538096398e-11
4.600844451e-11
5.73406498e-11
-3.743419581e-11
-5.434025006e-11
4.05390918e-11
5.493075501e-11
4.089976494e-11
5.830437254e-11
-3.499813199e-11
-5.682544418e-11
-2.896366972e-11
-6.518233791e-11
-1.04465371e-09
-1.755505485e-09
2.337922937e-09
-2.964361413e-09
2.046654886e-09
-3.040302904e-09
-4.372288423e-09
3.613286751e-09
4.094144875e-09
-4.267777355e-09
-6.315516076e-09
5.245650201e-09
6.426002704e-09
-6.173614604e-09
-6.060083557e-09
6.396360865e-09
7.46788488e-09
-5.756899288e-09
-3.641924854e-09
4.629521721e-09
5.685141504e-09
-3.479467777e-09
-2.034303818e-09
2.571210622e-09
3.552002933e-09
-1.941268857e-09
-1.472258661e-09
1.504038776e-09
2.237118258e-09
-1.150060396e-09
-1.023483034e-09
7.908079754e-10
9.748098518e-10
-3.989701479e-10
-2.903931413e-10
1.801333502e-10
1.156628292e-10
-6.177045597e-11
-7.765728628e-11
2.481778029e-11
4.246895588e-11
5.028973481e-12
-6.577414374e-11
-2.058666094e-11
5.421573669e-11
3.139519383e-11
-7.87699694e-11
-4.369642676e-11
9.008497879e-11
3.204351592e-11
-4.838014637e-11
-2.128798676e-11
5.064680701e-11
2.08950405e-11
-3.676563292e-11
-1.775049504e-11
3.768987028e-11
1.929746118e-11
-1.009313744e-10
-2.690025554e-11
8.698435513e-11
4.441998268e-11
-1.353161987e-10
-6.508028166e-11
1.158487303e-10
7.939118856e-11
-1.272885432e-10
-8.490047596e-11
1.002489765e-10
8.546663998e-11
-1.003769371e-10
-8.379652261e-11
8.485827884e-11
8.118014708e-11
-7.511959822e-11
-7.830030846e-11
7.230735274e-11
7.552569097e-11
-5.788244894e-11
-7.307568615e-11
6.344801595e-11
7.119396482e-11
-4.95631102e-11
-7.015546875e-11
5.891377855e-11
7.020482592e-11
-4.781820239e-11
-7.133888499e-11
5.745523315e-11
7.312716235e-11
-4.855644052e-11
5.520640627e-11
8.132670381e-11
-7.519975016e-11
-1.775458706e-09
-1.366957168e-09
1.86034984e-09
-2.848407686e-09
1.889759587e-09
-2.067639736e-09
-4.883613329e-09
2.361844707e-09
2.842309724e-09
-2.822726959e-09
-6.902058456e-09
3.521604066e-09
4.250617443e-09
-4.334029395e-09
-7.041577916e-09
4.876745617e-09
6.072412119e-09
-4.791546997e-09
-5.164365973e-09
4.117367537e-09
5.513499417e-09
-3.162948004e-09
-2.938006963e-09
2.163671041e-09
2.865337663e-09
-1.220890292e-09
-7.164042918e-10
4.188313049e-10
3.150656616e-10
-6.908974958e-11
-4.884918837e-11
2.816991552e-11
2.21910976e-11
-1.305280901e-11
-2.586531178e-11
6.808130905e-12
1.700749092e-11
8.872406983e-13
-4.403420719e-11
-1.258815767e-11
3.509321306e-11
2.081153481e-11
-8.980135901e-11
-2.832600172e-11
8.179418183e-11
3.39655789e-11
-5.571534603e-11
-3.28354745e-11
6.99659307e-11
2.53944272e-11
-4.01381426e-11
-2.113761938e-11
4.739149356e-11
2.106478625e-11
-8.508749495e-11
-2.763591494e-11
1.20129605e-10
4.190215516e-11
-1.404315069e-10
-8.415521208e-11
1.979812093e-10
1.211287291e-10
-1.073272098e-10
-1.247156858e-10
1.251536442e-10
1.097961906e-10
-8.897262745e-11
-9.82415392e-11
9.713472963e-11
9.345779264e-11
-8.006506607e-11
-9.231948702e-11
8.985000379e-11
9.254136031e-11
-7.415667641e-11
-9.312267506e-11
8.57786929e-11
9.358243705e-11
-7.035483811e-11
-9.37625318e-11
8.236229809e-11
9.411048187e-11
7.762336127e-11
1.004677042e-10
-6.81842062e-11
-9.513467361e-11
-1.543297987e-09
-1.629403423e-09
1.364082426e-09
1.58303359e-09
-1.177630828e-09
-1.787041026e-09
1.018156061e-09
-2.03892215e-09
1.302964276e-09
-9.863787538e-10
-3.343997861e-09
1.119490838e-09
1.480546496e-09
-1.320966496e-09
-3.832581256e-09
1.334960365e-09
1.71999055e-09
-1.029252305e-09
-1.761143705e-09
5.604141392e-10
7.882911565e-10
-2.01686191e-10
-1.050442341e-10
4.230994803e-11
4.002786814e-11
-1.148386582e-11
-1.132800281e-11
5.239244475e-12
6.790548315e-12
-3.09530843e-12
-1.165377602e-11
2.096262108e-12
8.245791227e-12
7.325185162e-13
-2.767995609e-11
-6.503468279e-12
2.162880068e-11
1.210525818e-11
-6.932151783e-11
-1.754856822e-11
5.485153182e-11
2.944619914e-11
-1.057468458e-10
-7.529997748e-11
1.596704838e-10
5.754279795e-11
-6.785819173e-11
-4.543054295e-11
1.066729217e-10
5.248366065e-11
-7.414368284e-10
-8.593875064e-10
2.451278245e-09
1.648303637e-09
-7.339967512e-10
-3.711898793e-09
7.347294733e-09
6.824982339e-09
-7.075118593e-10
-9.105941906e-09
8.341352658e-09
6.9824514e-09
-1.244279394e-10
-1.812671915e-09
1.945985062e-10
1.92261329e-10
-1.003855132e-10
-1.167623287e-10
1.134229756e-10
1.202502666e-10
1.155132769e-10
1.294624782e-10
-9.857123079e-11
-1.250466466e-10
-1.286461659e-10
1.164828122e-10
1.312500205e-10
-9.642209498e-11
9.572324715e-10
1.236686838e-09
-7.592655277e-10
-1.212453078e-09
5.771273551e-10
-8.909710258e-10
7.227936732e-10
-4.256742197e-10
-7.149907488e-10
3.071407576e-10
4.039579529e-10
-2.109343909e-10
-3.479514269e-10
1.216586645e-10
1.633023832e-10
-2.724502023e-11
-1.853755195e-11
7.824065251e-12
1.003944952e-11
-2.825097169e-12
-4.893440773e-12
1.696846435e-12
4.06407122e-12
-1.342587423e-12
-5.962291846e-12
1.082717357e-12
4.387842466e-12
1.246264729e-13
-1.669503179e-11
-3.077494808e-12
1.273655978e-11
6.826011406e-12
-4.183338872e-11
-1.08213887e-11
3.201975558e-11
1.873927384e-11
-1.994735921e-10
-3.535251241e-11
3.481396379e-10
-3.321900976e-11
-1.624084449e-10
3.677737366e-11
1.608698562e-10
1.300910579e-11
-6.625549623e-09
-6.704104253e-10
1.291148215e-08
6.841378564e-09
-2.033726005e-08
-1.650199865e-08
3.302197103e-08
2.385689147e-08
-1.35195771e-08
-2.056227516e-08
1.041896425e-08
7.116957248e-09
-1.494282157e-10
-6.926237327e-10
2.315953647e-10
1.630706085e-10
1.411535831e-10
1.487127872e-10
-1.276602616e-10
-1.434029296e-10
-1.401323351e-10
-1.663963509e-10
-2.524343634e-10
-6.291589019e-10
1.457023073e-10
2.024745035e-10
-7.329299849e-11
-2.751625658e-10
2.690465922e-11
6.25501526e-11
-5.999988428e-12
-9.015472404e-11
2.584597218e-12
-6.236907145e-12
4.603276588e-12
-1.26501832e-12
-3.699481841e-12
9.222764403e-13
3.65385984e-12
-9.132634628e-13
-3.425844137e-12
7.761358899e-13
3.007574506e-12
-5.064326698e-13
-9.645578895e-12
-8.900599424e-13
7.282242349e-12
3.287951986e-12
-2.491919263e-11
-6.258138848e-12
1.978768817e-11
1.050326478e-11
-6.874397341e-10
-7.262507281e-12
1.356214092e-09
-1.421702885e-10
-1.453572322e-10
6.139798318e-11
1.469551801e-10
-2.116476976e-13
-1.943980306e-08
-1.240061405e-10
2.222077824e-08
1.061343716e-08
2.543857754e-08
1.551796617e-08
-3.622771639e-08
-1.88326991e-08
-5.413026643e-09
1.451744602e-09
9.83709103e-10
-4.361821402e-09
-4.943644925e-10
4.197520593e-10
-4.301617158e-10
1.664689216e-12
-9.065599219e-13
-3.809267606e-12
7.406278891e-13
-1.364904395e-13
-3.351233414e-12
1.525811905e-13
2.331585739e-12
1.009888741e-13
-2.615316804e-12
-1.687941239e-13
4.615539474e-12
1.429424922e-12
-5.67102488e-12
-3.471035217e-12
1.333271692e-11
6.094747448e-12
-1.605725408e-11
-2.524570178e-12
3.662744497e-09
-3.212986523e-10
-2.434995068e-09
8.456960897e-11
5.035807197e-10
-1.793265441e-11
-2.092064667e-10
-6.719612537e-11
3.940771701e-09
-1.822625159e-08
-9.120245131e-09
-4.356922308e-09
-1.761638825e-09
-6.664560445e-09
-1.054701438e-09
-6.494476489e-10
-2.220629357e-09
-1.653898017e-10
1.514470018e-09
-1.137064724e-10
-9.590182585e-10
-8.450543743e-11
3.162099899e-10
-6.253144974e-11
-3.175111191e-10
-3.64544089e-11
1.650123687e-10
-1.968732346e-11
-1.765345122e-10
-1.185866865e-11
1.536540724e-10
-1.735017929e-12
-2.139140656e-10
6.807089197e-12
6.05244332e-11
5.588971147e-12
-8.755790731e-11
-3.191275366e-12
2.032625763e-12
-2.113702356e-11
7.396230279e-12
1.490371796e-11
-5.067787935e-11
-4.721782703e-09
-4.287514019e-09
-1.034398594e-08
-4.310205792e-09
9.287937249e-09
-2.588334967e-09
-6.560490616e-09
-1.33595021e-09
3.256824937e-09
-7.347530842e-10
-1.887817266e-09
2.581423168e-11
-2.191460052e-11
9.927986855e-11
4.396676318e-11
-1.272319939e-10
9.601776365e-11
4.875832394e-10
9.76692248e-11
-4.843642781e-10
2.422892752e-10
-9.138405034e-10
-1.900247103e-09
-2.184479015e-09
-3.363844598e-09
5.159323085e-09
-5.033245731e-09
-6.350418916e-09
9.014467769e-10
-6.794303364e-10
1.511882156e-09
8.845558748e-10
-2.023163932e-09
-1.367955887e-09
1.535894044e-09
-1.654887718e-09
-1.624421419e-09
-2.201456054e-09
2.688435336e-09
-3.384964106e-09
-3.894828101e-09
2.053289213e-09
-2.104473936e-09
2.100053971e-09
1.625625792e-09
-2.688674002e-09
9.578562778e-10
-1.121242613e-09
-1.190254099e-09
1.160768692e-09
-1.502035897e-09
-1.940062769e-09
9.681101845e-10
-1.364943334e-09
-1.162369603e-09
-3.672882904e-09
2.523530331e-09
-5.413657658e-09
-4.399779433e-09
1.936220153e-09
-1.854550294e-09
-1.971343047e-09
-9.374946912e-09
-5.543217743e-09
-9.602306966e-09
7.135572286e-09
-1.032365958e-08
-6.413985432e-09
2.637379835e-09
-2.406338912e-09
2.219293487e-09
2.949638293e-09
-2.30578383e-09
-6.51892877e-09
4.395164655e-09
-6.149346591e-09
-2.768500791e-09
2.487690616e-09
-2.4851521e-09
1.790393662e-09
-1.442030564e-09
2.063566546e-09
-1.14882453e-09
-2.832277945e-09
-1.425730714e-09
-1.391426601e-09
8.096298356e-10
-5.182221274e-10
-1.222433989e-09
6.76338371e-10
-7.931205006e-10
3.817406153e-10
-2.65823067e-10
-6.472455323e-10
-1.482492649e-10
-5.399672022e-10
2.963460947e-10
-5.097180591e-10
-1.484077991e-10
3.556334881e-10
-3.901101789e-10
1.679504517e-10
3.648544686e-10
-1.372576562e-10
9.522833092e-11
-8.727060403e-11
-1.667876452e-10
-1.878113532e-10
-6.427972924e-10
1.651957554e-11
-7.92121745e-11
-2.800616206e-10
1.244508672e-10
-7.497068559e-11
-4.584713554e-11
-1.312840586e-09
5.26067842e-11
-4.365218452e-11
-1.201067767e-09
8.108903702e-11
-4.159427464e-11
4.046714071e-11
-4.171751596e-11
-6.406346561e-10
1.022196152e-11
1.307681262e-10
-9.000700106e-10
1.220412408e-10
-6.638054371e-11
3.647517947e-11
-1.132073663e-11
-2.540955932e-10
-1.762628062e-10
6.940284269e-11
-1.439619719e-10
1.227561536e-10
-8.675670958e-11
-1.979251639e-11
1.696649212e-11
-3.979443632e-10
-3.499473086e-11
4.939058765e-11
-5.147103625e-10
1.035716307e-10
-1.58145955e-10
-1.406663903e-11
2.379335151e-11
7.219392196e-12
3.937786783e-11
-2.910801429e-10
-1.817089387e-10
-8.481363523e-11
2.915906651e-10
-7.039929629e-10
-2.868593674e-10
-2.691136581e-09
-5.654774519e-10
1.127789308e-09
-1.716566345e-09
-2.353220088e-10
3.047456924e-10
-3.294677492e-10
-6.483286461e-11
1.103900365e-10
-1.013177e-10
-5.699852621e-09
-1.784017192e-09
1.66550122e-09
-3.910642533e-09
1.320529847e-10
-6.856043517e-11
-1.030326886e-10
-2.174158876e-09
-4.436761371e-09
-5.218797141e-11
-2.594580367e-09
-2.320678663e-09
1.38429748e-09
-3.330672626e-09
-2.418040888e-09
5.493533817e-11
-5.244937834e-11
-2.506381313e-11
-1.856389765e-11
-2.369635895e-09
-2.658975153e-09
1.907484152e-09
-3.185241684e-09
-2.767213909e-09
6.715935157e-11
-6.494640964e-11
-3.630525055e-11
4.672061944e-11
-3.350817301e-11
-1.205829063e-09
-1.80196381e-09
-9.04862511e-11
-1.514745381e-09
-1.681929906e-09
-2.017112665e-09
-1.128561222e-10
-6.573189721e-11
-1.708526401e-09
-1.349159131e-09
-1.725423521e-09
-1.181580241e-09
-1.425561817e-09
1.514783927e-09
-9.729689959e-10
-1.843725757e-09
1.655367878e-10
-1.47434279e-10
-1.189049917e-10
1.507883416e-10
-9.810101962e-11
-9.226502209e-11
-6.669315841e-10
-9.519914842e-10
-4.869858775e-10
-1.022793445e-09
1.389496772e-10
-1.688436085e-10
-1.512252453e-10
-1.343210571e-10
-4.14419444e-10
-4.942218826e-11
-1.218729559e-10
-1.922531854e-11
-1.759079208e-10
-3.185944748e-12
-1.671717926e-11
1.486887782e-11
-2.010115267e-12
-2.15033453e-11
3.846248233e-09
-1.151483435e-08
-8.183304316e-09
1.117102204e-09
-2.057957065e-08
5.508140531e-10
-8.943743585e-10
-7.048613528e-10
-2.220159056e-10
-3.459087322e-12
-2.959404806e-12
-4.749459489e-13
-2.945051836e-12
3.661708032e-14
-2.833261316e-12
-3.705530706e-14
-2.654839708e-12
8.246914597e-13
-8.180302035e-12
2.335559486e-12
-9.861068668e-12
4.393047449e-12
-4.887159826e-11
2.020805751e-12
-7.359333304e-11
-4.077797284e-10
-1.554036651e-09
-1.132526151e-11
-8.224267085e-10
-1.271816648e-10
-2.311766903e-08
-4.8068416e-10
1.381482565e-09
-3.419658436e-10
-9.062692789e-10
-2.288952406e-10
7.285741969e-10
-1.169486327e-10
-6.085493173e-10
-8.896068398e-11
3.255899787e-10
-6.646732006e-11
-3.335178824e-10
-4.766881071e-11
1.869336604e-10
-3.159793968e-11
-1.988674935e-10
-2.450419548e-11
2.805127192e-10
-6.134269012e-12
-3.513671778e-10
9.184228994e-12
1.213540213e-10
1.070795935e-11
-1.57308195e-10
-2.120472932e-12
3.289074979e-11
4.959097923e-12
-4.780794433e-11
1.383578609e-11
6.015265472e-11
-7.232191548e-11
-5.481341908e-09
9.801074758e-09
-4.093465048e-09
-8.48416218e-09
-2.208467029e-09
4.317596629e-09
-1.027015433e-09
-2.795336485e-09
-5.111831447e-10
1.147581537e-09
-3.118699649e-10
-7.57019269e-10
-2.330649513e-10
6.523095331e-10
-1.982804933e-10
-5.048548986e-10
-1.711756685e-10
5.655089576e-10
-1.262023401e-10
-5.572856663e-10
-9.768119466e-11
3.37371093e-10
-7.310549073e-11
-3.394401446e-10
-6.029081381e-11
2.113332378e-10
-5.530915226e-11
-2.152646894e-10
-4.26645485e-11
4.261532743e-10
-1.124388534e-11
-5.018587512e-10
1.198923526e-11
1.893422711e-10
2.217854434e-11
-2.200370399e-10
2.190938804e-11
6.577193666e-11
2.019540943e-11
-7.788322421e-11
1.653072176e-11
8.7733425e-11
9.503613812e-12
-9.043609052e-11
8.267407176e-12
1.614845455e-10
4.950074835e-11
-2.160477106e-10
1.371616215e-10
5.51347682e-10
2.574434703e-10
-6.534775715e-10
4.422696429e-10
1.055914235e-09
-1.342164504e-09
-4.934015162e-09
7.428949865e-09
-5.472661487e-09
-8.562141387e-09
-4.29030817e-09
7.047601295e-09
-2.412927162e-09
-5.803593703e-09
-1.085577584e-09
1.87793203e-09
-4.867044666e-10
-1.362780167e-09
-2.654116317e-10
5.451279497e-10
-1.836221011e-10
-4.291085425e-10
-1.547235491e-10
4.054221704e-10
-1.555984032e-10
-3.300804791e-10
-1.717470016e-10
5.551935152e-10
-1.726501241e-10
-5.285754619e-10
-1.11813785e-10
3.523425532e-10
-7.060541394e-11
-4.0276268e-10
-6.033721774e-11
2.020160663e-10
-5.521907275e-11
-1.74692346e-10
-3.274806023e-11
5.616818323e-10
2.918758642e-13
-5.676643664e-10
2.069088265e-11
2.394547419e-10
2.437159758e-11
-2.421712956e-10
2.073535863e-11
9.934491077e-11
1.895049015e-11
-1.181853968e-10
2.430821085e-11
1.259620245e-10
4.241909597e-11
-1.716449481e-10
9.967809334e-11
3.210160241e-10
2.413861067e-10
-4.345154275e-10
3.894306457e-10
7.921283885e-10
6.281042394e-10
-9.279299232e-10
9.670446372e-10
1.634748003e-09
1.386601841e-09
-1.808099156e-09
1.816276219e-09
2.556248196e-09
-2.865232367e-09
-2.193038278e-09
2.289025584e-09
-3.545336773e-09
-4.742069353e-09
-5.487157891e-09
6.484004277e-09
-7.040952422e-09
-9.982074331e-09
-7.033731529e-09
9.466659131e-09
-5.428728481e-09
-9.305273669e-09
-3.274348261e-09
4.779582699e-09
-1.60768094e-09
-3.842275162e-09
-7.114745068e-10
1.088762288e-09
-3.36829762e-10
-9.502890943e-10
-2.008176194e-10
3.729110259e-10
-1.444364409e-10
-3.593526251e-10
-1.152532597e-10
2.732580851e-10
-1.140773297e-10
-2.395262089e-10
-1.494876469e-10
4.43346773e-10
-2.260589242e-10
-3.068900724e-10
-1.410921675e-10
5.281746215e-10
-5.821994675e-11
-7.41484573e-10
-4.212624285e-11
1.420386198e-10
-2.501142044e-11
-1.083500284e-10
7.685365355e-12
4.932049808e-10
4.38676917e-11
-3.608411804e-10
4.211508202e-11
2.254297285e-10
2.620782677e-11
-1.867935074e-10
2.35261965e-11
1.196763745e-10
4.042563562e-11
-1.085732275e-10
9.317104247e-11
2.121078301e-10
2.007657096e-10
-2.443619343e-10
3.583295215e-10
5.174493287e-10
5.136789933e-10
-5.149461866e-10
6.982543058e-10
9.790082635e-10
9.324251381e-10
-8.922889807e-10
1.236202351e-09
1.767743004e-09
1.623287618e-09
-1.531210193e-09
2.074742303e-09
2.820819144e-09
2.497617919e-09
-2.473325925e-09
2.70607007e-09
2.956478158e-09
2.514836821e-09
-2.8512995e-09
1.959578488e-09
1.553582755e-09
-1.905230639e-09
-5.641242524e-09
4.498867237e-09
-7.469176527e-09
-8.04832343e-09
-9.52544642e-09
8.982538403e-09
-1.080274665e-08
-1.111045297e-08
-1.046363335e-08
1.152129417e-08
-8.607483467e-09
-9.471696881e-09
-6.084152077e-09
7.538991271e-09
-3.787292843e-09
-4.939100944e-09
-2.155143543e-09
2.89912235e-09
-1.166552862e-09
-2.02248617e-09
-6.180867817e-10
8.746998867e-10
-3.40075694e-10
-8.112910165e-10
-2.256895725e-10
3.775546149e-10
-1.680594714e-10
-4.270221877e-10
-1.127082019e-10
2.35623902e-10
-7.760944401e-11
-2.622326058e-10
-6.900196681e-11
1.920570003e-10
-8.109494585e-11
-1.551441711e-10
-5.170208387e-11
9.43261408e-10
-4.161395503e-11
-9.130158551e-10
-2.016494532e-11
7.664689119e-11
-5.287754349e-13
-5.237000404e-11
1.396507213e-11
2.179357686e-10
3.465737615e-11
-1.040957151e-10
-6.422661144e-12
1.465438887e-10
6.203487706e-12
-1.111645082e-10
3.554848708e-11
1.051312384e-10
8.916347682e-11
-1.075364607e-10
1.622271834e-10
2.48731555e-10
2.456132024e-10
-2.203758005e-10
3.349032548e-10
4.494771972e-10
4.303369915e-10
-3.646995863e-10
5.385010068e-10
7.262353695e-10
6.726056527e-10
-5.620201212e-10
8.523180766e-10
1.210557067e-09
1.098606721e-09
-9.109321739e-10
1.419118466e-09
1.980887327e-09
1.782072711e-09
-1.491309671e-09
2.0971396e-09
2.474583333e-09
2.2440497e-09
-1.98669115e-09
2.176346244e-09
2.063831909e-09
1.997470983e-09
-2.005494641e-09
1.866488105e-09
1.661212241e-09
-2.005794327e-09
-1.090565332e-08
9.070887187e-09
-1.082811524e-08
-7.230572168e-09
-9.696067922e-09
9.197170233e-09
-7.709882633e-09
-5.863063722e-09
-5.506544606e-09
5.888795989e-09
-3.642587202e-09
-3.191057952e-09
-2.329808639e-09
2.80163383e-09
-1.505828399e-09
-1.573658089e-09
-1.011969446e-09
1.349043376e-09
-7.128308434e-10
-9.286878153e-10
-5.303819256e-10
7.572994402e-10
-4.343520334e-10
-9.240837415e-10
-3.952568877e-10
5.985595199e-10
-2.600892368e-10
-1.833341318e-09
-1.753235934e-10
3.163907636e-10
-1.081801265e-10
-4.007602391e-10
-7.083367529e-11
1.940352271e-10
-2.326248544e-11
-3.061985483e-10
1.580385594e-11
6.492365264e-10
-2.995797926e-11
-4.235483494e-10
-1.040091232e-11
4.070267095e-11
1.414523235e-12
-4.29140023e-11
4.802851881e-12
3.854523743e-11
1.055195245e-11
-1.142342517e-11
1.836770293e-11
5.860030923e-11
2.469059398e-11
-2.264596633e-11
4.299921356e-11
8.826620841e-11
7.118533658e-11
-5.433642224e-11
1.083521036e-10
1.725456e-10
1.517375389e-10
-1.205316056e-10
1.989551711e-10
2.821669929e-10
2.49633311e-10
-2.079023841e-10
3.064372314e-10
4.2673419e-10
3.759321758e-10
-3.179979815e-10
4.685466058e-10
6.718994851e-10
5.971137139e-10
-4.910023157e-10
7.719948598e-10
1.082801443e-09
9.923149672e-10
-7.735201015e-10
1.237961559e-09
1.514743964e-09
1.478083011e-09
-1.125523588e-09
1.698171972e-09
1.792752092e-09
1.914135311e-09
-1.511888484e-09
2.151158653e-09
2.115650715e-09
-1.98854413e-09
-6.048233075e-09
4.540781521e-09
-6.019061798e-09
-2.932206982e-09
-5.689187488e-09
4.816787269e-09
-4.847667458e-09
-3.093806622e-09
-3.689396612e-09
3.420214984e-09
-2.586508087e-09
-2.079925009e-09
-1.754521427e-09
1.782506494e-09
-1.204318962e-09
-1.115705495e-09
-8.621844481e-10
9.749349861e-10
-6.63876894e-10
-6.903868849e-10
-6.071107917e-10
7.779381229e-10
-8.5853777e-10
-1.229999505e-09
-2.021353167e-09
2.883052907e-09
-4.579092147e-09
-1.214976672e-08
-5.465828902e-09
8.692331409e-09
-5.401966643e-10
-2.176194129e-08
-2.65428323e-10
5.27217806e-10
-2.246557438e-10
-7.602131858e-10
-2.172303623e-10
5.4544341e-10
-6.976690752e-11
-1.086094619e-09
3.108347165e-11
3.616627217e-10
-4.086895278e-11
-5.065321099e-10
-2.021813737e-11
5.582466059e-11
-2.29819519e-12
-7.599627547e-11
2.200706298e-12
3.52019211e-12
1.44705364e-12
-1.716165426e-12
2.944292176e-12
8.153725389e-12
6.229256821e-12
-5.242323768e-12
1.274790373e-11
2.872324544e-11
2.444455688e-11
-1.59323774e-11
4.237245009e-11
7.58320792e-11
6.590902257e-11
-4.355630034e-11
9.34483235e-11
1.429826022e-10
1.239011157e-10
-8.905050037e-11
1.579525287e-10
2.285351541e-10
1.984349707e-10
-1.540500857e-10
2.501131877e-10
3.545738851e-10
3.193260425e-10
-2.503186472e-10
4.132623884e-10
5.518612136e-10
5.386924011e-10
-3.97070733e-10
7.008387367e-10
8.347751343e-10
9.033059424e-10
-6.281617099e-10
1.148709498e-09
1.231562204e-09
1.436244714e-09
-9.857797589e-10
1.754550648e-09
1.732687465e-09
2.072535338e-09
-1.440590267e-09
2.335837123e-09
2.050693905e-09
-1.726747784e-09
-2.522060392e-09
1.668204719e-09
-2.458636998e-09
-1.042356128e-09
-2.57090805e-09
1.888649934e-09
-2.669940714e-09
-1.22365697e-09
-2.537619133e-09
2.032519926e-09
-2.135085586e-09
-1.348760722e-09
-1.627519878e-09
1.363424221e-09
-1.184154606e-09
-9.396425699e-10
-8.637077915e-10
7.735686136e-10
-6.589161606e-10
-5.771167722e-10
-5.925127231e-10
5.919893089e-10
-9.575568077e-10
-7.101125779e-10
-3.39187499e-09
3.819005791e-09
-1.159672787e-08
-1.016825671e-08
-2.251595828e-08
2.801854179e-08
-2.573465078e-08
-3.771529066e-08
-1.664315706e-08
2.907621807e-08
-2.238762785e-09
-2.870503241e-08
-1.133623617e-09
1.761029367e-09
-1.583447929e-09
-5.851401044e-09
-1.838841926e-09
2.447729688e-09
-1.57209135e-09
-5.193110912e-09
-8.284680762e-10
1.12851021e-09
-2.496713042e-10
-1.930448336e-09
-4.102696719e-11
9.805142781e-11
-1.23791373e-11
-1.141657181e-10
-1.744749798e-13
2.99805556e-12
1.837584223e-12
-8.827755014e-12
5.362171241e-12
9.683145629e-12
8.077267381e-12
-2.405606764e-11
9.912939098e-12
1.386716442e-11
1.208493445e-11
-2.297849339e-11
1.586054718e-11
2.50599929e-11
2.194652944e-11
-1.984359782e-11
3.066473113e-11
4.925605461e-11
4.261971457e-11
-2.561891854e-11
5.931603393e-11
9.434367434e-11
8.317406966e-11
-5.135888457e-11
1.171746145e-10
1.702209124e-10
1.648521842e-10
-1.100944677e-10
2.304639915e-10
2.890283311e-10
3.186722115e-10
-2.119155016e-10
4.339727952e-10
4.820021526e-10
5.801280165e-10
-3.752267704e-10
7.592578517e-10
7.821979026e-10
9.694345797e-10
-6.169663345e-10
1.199653097e-09
1.157846057e-09
1.424216612e-09
-9.047545144e-10
1.599790016e-09
1.386385935e-09
1.6738323e-09
-1.064163379e-09
1.610634548e-09
1.182700993e-09
-8.814457162e-10
-1.132625379e-09
6.731889998e-10
-1.137861203e-09
-4.328826615e-10
-1.20679535e-09
7.747371319e-10
-1.266007412e-09
-4.678477588e-10
-1.235137546e-09
8.727030951e-10
-1.093903602e-09
-5.330592137e-10
-8.992558002e-10
6.603644061e-10
-7.203575871e-10
-4.651422754e-10
-5.969463855e-10
4.60530706e-10
-6.04798302e-10
-3.898783991e-10
-1.240534475e-09
1.055639931e-09
-5.095879484e-09
-1.120280451e-09
-1.661981958e-08
1.519171527e-08
-3.144563264e-08
-1.261972096e-08
-4.50520107e-08
4.348631553e-08
-5.520218814e-08
-6.577748283e-08
-1.866172227e-08
2.356611113e-08
-1.122091058e-08
-1.746999826e-08
-9.265139454e-09
1.133833849e-08
-8.283465624e-09
-1.137053822e-08
-5.453134801e-09
5.681559329e-09
-3.138742656e-09
-4.115314157e-09
-1.561277274e-09
1.882532558e-09
-6.085108017e-10
-1.415477351e-09
-8.760684827e-11
1.27837042e-10
-4.416724872e-11
-1.686714079e-10
-7.381782496e-13
2.416221539e-11
1.714391543e-11
-5.666937767e-11
3.62629834e-11
5.600033756e-11
4.789234113e-11
-1.125703621e-10
4.95127673e-11
4.872256557e-11
4.344377473e-11
-9.722392521e-11
3.364715537e-11
2.718019281e-11
2.377479134e-11
-4.742696262e-11
1.66688751e-11
1.581624753e-11
1.368054502e-11
-1.46937572e-11
1.551404549e-11
2.529725947e-11
2.405911095e-11
-1.251966404e-11
4.289175857e-11
6.744212514e-11
7.602846424e-11
-3.950577698e-11
1.26055584e-10
1.549057169e-10
1.934871882e-10
-1.113511805e-10
2.776818732e-10
2.933356035e-10
3.777048314e-10
-2.273050198e-10
4.921517384e-10
4.829297983e-10
6.175109513e-10
-3.725409981e-10
7.454751329e-10
6.885725805e-10
8.601838609e-10
-5.075237954e-10
9.381482815e-10
7.786824719e-10
9.548874643e-10
-5.404416389e-10
9.001205137e-10
6.230355452e-10
-4.218316893e-10
-4.856765509e-10
2.599528985e-10
-4.846163649e-10
-1.367076003e-10
-5.052142198e-10
2.677717252e-10
-5.289297805e-10
-1.440731171e-10
-5.396241178e-10
3.046938665e-10
-5.365018164e-10
-1.761216105e-10
-5.294448401e-10
3.28839293e-10
-5.25808855e-10
-2.404043193e-10
-5.23545101e-10
3.396286432e-10
-5.313596465e-10
-3.280030278e-10
-6.177977855e-10
4.480338721e-10
-1.21691845e-09
-4.685930828e-10
-8.507958024e-09
6.382807064e-09
-7.676590092e-08
-2.873884485e-09
-2.851134763e-07
1.066081082e-07
-2.490787242e-07
-1.456400041e-08
-4.627865967e-08
1.941406976e-08
-9.066834754e-09
-1.05491594e-08
-8.952079972e-09
6.99925147e-09
-5.252606589e-09
-5.127012387e-09
-3.011679336e-09
2.829989758e-09
-1.733385886e-09
-2.258607947e-09
-9.926802279e-10
1.198585178e-09
-5.427950813e-10
-1.192196861e-09
-2.43800146e-10
2.703504476e-10
-1.333483112e-10
-4.679844098e-10
1.385364025e-11
1.103828641e-10
8.516578024e-11
-1.805603186e-10
1.392288108e-10
1.864266493e-10
1.658665544e-10
-2.422779943e-10
1.651814506e-10
1.612941443e-10
1.422744173e-10
-2.104087502e-10
1.05119136e-10
7.704066222e-11
6.451398639e-11
-1.030200938e-10
3.350254768e-11
1.819931548e-11
1.659186322e-11
-2.517918578e-11
9.819858388e-12
7.856109672e-12
9.189099582e-12
-8.203943344e-12
1.468059962e-11
2.279875067e-11
2.979510718e-11
-1.385880902e-11
5.88336277e-11
7.762344318e-11
1.033575864e-10
-5.179186516e-11
1.609650423e-10
1.71527525e-10
2.268640004e-10
-1.22494148e-10
2.955206666e-10
2.782783968e-10
3.609180493e-10
-1.947837722e-10
4.161362998e-10
3.564297538e-10
4.536180073e-10
-2.310097077e-10
4.671815581e-10
3.515265931e-10
4.558019683e-10
-2.113551282e-10
4.263202489e-10
2.706890647e-10
-1.681394188e-10
-1.445947187e-10
7.429235072e-11
-1.378204907e-10
-3.529062e-11
-1.30052655e-10
6.089828482e-11
-1.296573886e-10
-1.458704333e-11
-1.498864361e-10
6.960193229e-11
-1.925130802e-10
-2.288489031e-11
-2.564029901e-10
1.117576027e-10
-3.421927119e-10
-4.794397444e-11
-4.498912628e-10
1.924483525e-10
-5.678146364e-10
-1.390446842e-10
-6.523752369e-10
3.414968487e-10
-6.545667522e-10
-4.72266063e-10
-7.67867214e-10
4.886005876e-10
-1.736348282e-09
-6.805474068e-10
-6.617066343e-09
4.294969836e-09
-1.683091796e-08
-6.587908781e-09
-2.386969057e-08
1.024247443e-08
-2.346634339e-08
-1.331265278e-08
-1.663567361e-08
9.339054677e-09
-1.102167747e-08
-8.240516683e-09
-7.038433523e-09
4.317491638e-09
-4.518120946e-09
-4.107247404e-09
-2.924371396e-09
2.140322017e-09
-1.898526019e-09
-2.174659914e-09
-1.253180522e-09
1.254106177e-09
-8.745908291e-10
-1.285579142e-09
-6.716154551e-10
7.592301926e-10
-3.307227032e-10
-9.851959973e-10
-4.266068317e-11
2.432633694e-10
1.443160624e-10
-2.491192819e-10
1.640552549e-10
2.284862569e-10
1.731645508e-10
-1.644850191e-10
1.760087966e-10
2.144384297e-10
1.604986509e-10
-1.900617659e-10
1.305336529e-10
1.150403826e-10
9.646908683e-11
-1.245110039e-10
7.024098601e-11
3.955994294e-11
4.976754209e-11
-6.9036942e-11
3.224780017e-11
1.374917275e-11
1.916261283e-11
-2.582980733e-11
1.254341732e-11
9.899676845e-12
1.354173273e-11
-8.983520647e-12
2.363347519e-11
3.253628918e-11
4.399332198e-11
-1.876992609e-11
7.309408613e-11
7.905602175e-11
1.062906892e-10
-4.294251151e-11
1.377617101e-10
1.207981251e-10
1.626167679e-10
-6.058632493e-11
1.782916521e-10
1.311404386e-10
1.852575581e-10
-6.041446702e-11
1.863531608e-10
1.154683847e-10
1.847732516e-10
-5.492540309e-11
1.826515901e-10
1.006553569e-10
1.813080573e-10
-5.39154654e-11
1.822145738e-10
9.593869368e-11
-6.192220727e-11
-1.395051963e-10
2.995761388e-11
-5.989082556e-11
-2.147212062e-11
-2.491683658e-11
5.762043149e-12
-1.664747386e-11
-1.446257114e-12
-1.952091733e-11
3.431733713e-12
-3.341989578e-11
3.189491567e-12
-7.622805515e-11
1.732695917e-12
-1.980058078e-10
3.566221512e-11
-4.99343198e-10
1.950588469e-11
-1.16886798e-09
1.139598892e-10
-1.835129509e-09
7.169244825e-10
-1.913300128e-09
-1.165078388e-09
-2.469969239e-09
1.039243646e-09
-6.714284621e-09
-1.795683252e-09
-1.759759563e-08
8.161425677e-09
-2.700177263e-08
-8.829291933e-09
-2.730735071e-08
1.213452486e-08
-2.163641864e-08
-9.790874893e-09
-1.529198093e-08
7.166600801e-09
-1.046064867e-08
-5.303246985e-09
-7.161258182e-09
3.740126061e-09
-4.908837203e-09
-2.717223493e-09
-3.350234254e-09
2.01789601e-09
-2.29304037e-09
-1.46524233e-09
-1.616410889e-09
1.181661736e-09
-1.217307341e-09
-8.894699784e-10
-9.755540101e-10
9.394633155e-10
-6.448850484e-10
-6.715468056e-10
-1.600427087e-10
2.238746598e-10
2.714354313e-11
-1.856788788e-10
5.068479521e-11
1.300983084e-10
9.041530478e-11
-1.065980183e-10
1.268606896e-10
1.62646963e-10
1.485246423e-10
-1.484042658e-10
1.837175032e-10
1.47036112e-10
2.074457791e-10
-1.706590566e-10
1.979522536e-10
1.072817456e-10
1.586165372e-10
-1.230716319e-10
1.050233156e-10
4.068309115e-11
5.700685048e-11
-4.738943055e-11
2.652103409e-11
9.531370572e-12
1.299257872e-11
-9.609355558e-12
1.029050924e-11
9.696643337e-12
1.338952253e-11
-4.504559358e-12
1.925954924e-11
1.78082241e-11
2.574361235e-11
-5.155929628e-12
3.128449355e-11
2.158392017e-11
3.521558131e-11
-5.094293013e-12
3.766171702e-11
2.072116974e-11
3.915338563e-11
-5.030418557e-12
4.036816672e-11
2.062567892e-11
4.203041724e-11
-5.736654858e-12
4.49053016e-11
2.360225834e-11
5.001852066e-11
-8.790321678e-12
5.913743881e-11
3.484621079e-11
-2.015034728e-11
-9.9061433e-10
-8.308418267e-12
-7.458736147e-10
-4.784297196e-11
-5.427146585e-10
-1.337293767e-11
-4.369577521e-10
1.350697129e-11
-6.663411421e-10
-2.065080166e-11
-2.33233149e-09
-1.700547414e-10
-6.244758466e-09
-5.731228619e-11
-8.909282844e-09
-1.800166602e-09
-8.148475644e-09
1.641550632e-09
-6.579788917e-09
-1.852566234e-09
-6.034641112e-09
1.509995799e-09
-8.215690372e-09
-2.369875356e-09
-1.510679113e-08
3.828482689e-09
-2.406077226e-08
-5.668612326e-09
-2.789898403e-08
8.409195222e-09
-2.438162419e-08
-5.826686943e-09
-1.741478266e-08
6.175036817e-09
-1.121139392e-08
-2.871523269e-09
-7.048534401e-09
2.938861843e-09
-4.498887079e-09
-1.247641243e-09
-2.937568795e-09
1.432433994e-09
-1.963028702e-09
-5.691415833e-10
-1.361075875e-09
7.633579504e-10
-1.010916e-09
-2.786525832e-10
-8.256181749e-10
5.158527366e-10
-7.236970634e-10
-2.13861095e-10
-6.155731369e-10
3.696485767e-10
-4.04236195e-10
-1.561530621e-10
-1.228400719e-10
1.236125609e-10
-8.248311425e-12
-6.736290768e-11
3.637548e-11
9.025020238e-11
9.842701407e-11
-6.302125528e-11
1.576836519e-10
1.18985088e-10
1.992906944e-10
-6.938641069e-11
2.065532013e-10
1.311718674e-10
1.989294947e-10
-6.822214911e-11
1.768673231e-10
9.795352059e-11
1.415446273e-10
-5.293413199e-11
9.543227681e-11
3.879890428e-11
5.248303433e-11
-2.057443938e-11
2.438701957e-11
7.62880399e-12
1.055208329e-11
-3.97372289e-12
5.042039809e-12
1.999096863e-12
3.166400372e-12
-9.300963664e-13
2.561821403e-12
1.194161037e-12
2.328728794e-12
-4.023646978e-13
2.20307878e-12
9.872209862e-13
2.133323682e-12
-2.445182007e-13
2.142730883e-12
1.021325414e-12
2.312239909e-12
-3.486049054e-13
2.799777599e-12
1.649598849e-12
3.865512925e-12
-1.133081583e-12
5.972041381e-12
4.24324593e-12
1.031228502e-11
-3.854435897e-12
2.020712251e-11
1.60942724e-11
-1.727765395e-11
-1.282562802e-09
2.040704415e-10
-1.270918988e-09
-7.911827929e-11
-1.123267398e-09
1.842475655e-10
-1.653617324e-09
-6.13161599e-11
-3.475949136e-09
6.83408844e-10
-5.665019642e-09
-3.911120699e-11
-7.466425392e-09
1.291307171e-09
-1.003149397e-08
-1.254924018e-10
-1.468047606e-08
1.758581551e-09
-2.125266271e-08
-3.774008757e-10
-2.751332359e-08
2.88079134e-09
-3.066169672e-08
-1.045673785e-09
-2.854149451e-08
4.41791763e-09
-2.188279742e-08
-2.63131121e-09
-1.429011045e-08
2.909564354e-09
-8.51536607e-09
-1.447447625e-09
-4.993415156e-09
1.235177035e-09
-3.017967562e-09
-5.68742842e-10
-1.875523251e-09
5.378421228e-10
-1.158046379e-09
-2.705352358e-10
-6.860117816e-10
2.250017247e-10
-3.874475407e-10
-1.247510563e-10
-2.213884314e-10
8.486675044e-11
-1.457873427e-10
-4.188978332e-11
-1.201845182e-10
5.620004608e-11
-1.170116009e-10
-1.497783049e-11
-1.188155861e-10
3.481097152e-11
-7.894218343e-11
-4.324132646e-12
-3.081500688e-11
2.563963115e-11
-1.695814155e-11
-5.686145946e-12
2.283292371e-11
4.566446063e-11
4.936865992e-11
-4.771690985e-11
5.423475023e-11
2.869354011e-11
4.293680254e-11
-5.367203383e-20
3.448905332e-11
1.802633547e-11
2.843195939e-11
-3.640901702e-15
2.501656885e-11
1.689127606e-11
1.976590323e-11
-5.750716578e-12
1.307550578e-11
5.962124269e-12
6.821728003e-12
-1.475912163e-12
3.714251312e-12
1.043625128e-12
2.318581689e-12
-1.365508086e-13
1.528682201e-12
3.959053212e-13
1.000390112e-12
-5.120636133e-14
6.397955451e-13
1.653167212e-13
4.041973313e-13
-1.7911757e-14
2.665945418e-13
9.317724464e-14
2.374022481e-13
-7.305477954e-14
4.104076663e-13
3.729430501e-13
1.004203694e-12
-7.108555921e-13
2.271512032e-12
1.547165346e-12
4.335294582e-12
-2.326186581e-12
7.455048721e-12
4.594769751e-12
1.360213605e-11
-4.790649302e-12
3.04022177e-11
1.95333991e-11
-1.822027195e-11
-7.070706833e-11
4.703240895e-12
-7.046624487e-11
1.491462657e-11
-5.961880833e-11
1.117336511e-11
-4.353871074e-11
1.755290923e-11
-6.479340579e-11
2.164426365e-11
-1.506046054e-10
1.842702538e-12
-3.361693317e-10
1.211329315e-10
-8.114946061e-10
-5.296179536e-11
-2.176190666e-09
5.440473536e-10
-5.735489274e-09
-1.911434571e-10
-1.182116946e-08
-2.174761871e-10
-1.579614723e-08
1.51178115e-09
-1.410206888e-08
1.090572548e-10
-9.954694294e-09
1.822100675e-09
-6.545829497e-09
1.944039852e-10
-4.313192607e-09
7.617952676e-10
-2.98560851e-09
1.364827806e-10
-2.238213668e-09
3.23711451e-10
-1.792994959e-09
1.197697229e-10
-1.450644079e-09
1.855241346e-10
-1.104831255e-09
9.934899054e-11
-7.423252307e-10
1.207576843e-10
-4.18776761e-10
4.58490867e-11
-1.983294196e-10
5.29995724e-11
-9.401344979e-11
1.233082495e-11
-6.354606756e-11
1.367556343e-11
-6.106594009e-11
3.541951974e-12
-4.966612227e-11
3.273264935e-12
-4.357434971e-11
1.094739384e-11
-4.008156017e-11
-6.353125693e-14
7.87200818e-12
7.557739488e-12
-2.891270952e-17
7.504183469e-13
-1.793907233e-19
5.735821223e-20
1.84117651e-20
8.632160186e-20
4.364004479e-15
4.532182875e-15
2.735142556e-15
-8.809713054e-15
4.067585158e-12
8.17884592e-12
5.278499572e-12
-1.20771037e-11
4.779285111e-12
3.686703376e-12
4.452329985e-12
-5.815391084e-12
2.000502606e-12
-3.961607253e-15
9.2498589e-13
6.340088426e-13
4.31963689e-13
-1.989555305e-16
1.739467629e-13
1.139675204e-13
6.708165178e-14
8.25254871e-15
4.254966698e-14
1.825722689e-14
1.202104391e-13
1.665611584e-13
5.566719794e-13
8.805138345e-14
2.075209217e-12
1.527885089e-12
5.635589913e-12
6.400502388e-13
1.123723813e-11
2.769458574e-12
1.74203972e-11
1.86541983e-12
2.382079011e-11
3.370137775e-13
3.414538591e-11
4.610448914e-12
5.40321267e-11
-6.766975734e-12
1.236904054e-11
-6.812778032e-10
-3.509800834e-11
-9.122283941e-10
9.806934537e-11
-1.258169232e-09
-4.401889337e-11
-1.843242964e-09
1.94629884e-10
-2.894815878e-09
-2.743317345e-11
-4.555016669e-09
1.059223341e-10
-6.472273392e-09
-7.329610611e-12
-7.921333044e-09
-4.140138108e-10
-8.642284049e-09
-3.934386941e-11
-1.034825905e-08
-6.598315616e-10
-1.604726917e-08
-2.390678244e-09
-2.309445876e-08
1.424403898e-09
-2.441328548e-08
-3.26444036e-09
-2.049406868e-08
3.951528206e-09
-1.516318569e-08
-1.640799687e-09
-1.046635436e-08
2.389596385e-09
-7.018338731e-09
-7.437387778e-10
-4.73678774e-09
1.116905625e-09
-3.292340691e-09
-4.063090321e-10
-2.359813343e-09
5.440887867e-10
-1.707802187e-09
-2.577890661e-10
-1.200917728e-09
3.00179998e-10
-7.809158966e-10
-1.289706138e-10
-4.452759346e-10
1.513253168e-10
-2.149740442e-10
-3.032888082e-11
-9.287828509e-11
4.744401457e-11
-4.432037075e-11
-3.825755384e-12
-2.603879837e-11
1.107441085e-11
-1.015850008e-11
-7.698164131e-13
5.342200645e-11
2.500294051e-11
5.414948576e-10
-2.467601657e-13
6.307345717e-10
1.531435883e-10
4.790105806e-10
-2.863071438e-14
3.662233089e-10
1.473715701e-10
2.891224489e-10
-4.817231517e-16
2.295857576e-10
8.023596373e-11
1.726430588e-10
1.40389707e-11
1.294121181e-10
3.951875088e-11
9.363476539e-11
8.504521439e-12
6.420253826e-11
1.841497963e-11
3.432541293e-11
-1.701311769e-12
1.550827557e-11
1.298206201e-11
8.335472824e-12
-3.780020826e-13
1.448996323e-11
1.873840176e-11
3.027715125e-11
-1.241756067e-13
5.121100032e-11
6.785132298e-11
7.957127504e-11
-4.613739174e-12
1.179754644e-10
1.401605571e-10
1.602166219e-10
-7.698110105e-12
2.432738023e-10
1.894855349e-11
3.686330322e-10
-3.247986117e-12
5.189346257e-10
-2.076315072e-11
5.991409619e-10
-8.630307518e-12
4.902301472e-10
-4.841588747e-12
2.882339221e-10
-1.257287705e-11
2.448004114e-11
-4.151420804e-10
-1.182714068e-10
-5.642823148e-10
1.055861318e-10
-7.024729287e-10
-2.23278098e-10
-7.812130688e-10
1.987060295e-10
-7.581114888e-10
-2.41382682e-10
-6.506729864e-10
2.290891609e-10
-5.789569461e-10
1.74404903e-11
-7.285886805e-10
1.513657108e-10
-1.122577031e-09
2.850982064e-10
-1.754454328e-09
5.260696506e-11
-2.333707157e-09
-1.270881828e-10
-2.834342919e-09
-9.599622651e-11
-4.196144786e-09
-2.685920172e-09
-6.35097494e-09
9.755152762e-10
-7.858105474e-09
-2.643671308e-09
-7.921856264e-09
1.69416189e-09
-6.835815248e-09
-1.501006181e-09
-5.300794125e-09
1.458937906e-09
-3.846379132e-09
-7.489069117e-10
-2.686465666e-09
9.107361533e-10
-1.833759336e-09
-3.84231795e-10
-1.229259394e-09
5.14257726e-10
-8.087194765e-10
-1.943779763e-10
-5.242248379e-10
2.821974471e-10
-3.440284852e-10
-8.042063294e-11
-2.443215412e-10
1.593974061e-10
-1.96259519e-10
-2.411885684e-11
-1.366351993e-10
7.53398044e-11
-1.065685229e-10
-1.360382128e-10
3.923863009e-11
1.617155894e-10
6.577624898e-11
-1.404246063e-10
4.777196008e-11
5.500111845e-11
1.171989259e-10
-1.775114073e-10
1.456722219e-10
1.377160374e-10
1.526875458e-10
-1.183067237e-10
1.556698402e-10
1.248280112e-10
1.62677297e-10
-7.025404106e-11
1.774661971e-10
1.328140911e-10
1.968063057e-10
-4.24068423e-11
2.159355883e-10
1.479811913e-10
2.374239805e-10
-3.988428867e-11
2.419560362e-10
1.344438068e-10
2.171567614e-10
-1.197662852e-10
2.848385892e-10
3.764829479e-10
4.469065759e-10
-3.31990916e-10
6.676633499e-10
9.216943751e-10
9.097511403e-10
-5.334865391e-10
1.029158071e-09
1.368320758e-09
8.98451539e-10
-1.214771909e-10
7.038035572e-10
3.750370408e-10
5.372622511e-10
-1.929753965e-11
3.986233176e-10
8.294156515e-11
3.113664635e-10
-4.118291654e-11
2.35652405e-10
8.667296281e-11
2.053214842e-10
-5.188138238e-11
6.849547513e-11
-6.242599202e-10
-8.922430272e-11
-5.686788697e-10
-5.407608952e-10
-1.564305272e-10
-5.369697728e-10
2.005574835e-10
-5.218211592e-10
-2.054228918e-10
-4.801184586e-10
1.862318489e-10
-4.450220996e-10
-1.523222102e-10
-4.613935993e-10
1.653676437e-10
-5.444831139e-10
-1.391957312e-10
-6.744791487e-10
2.10759984e-10
-8.700024705e-10
-1.621310174e-10
-1.204186359e-09
3.563946798e-10
-1.574772592e-09
-5.889261604e-10
-1.999454942e-09
7.571137081e-10
-2.322559459e-09
-7.295841705e-10
-2.501891159e-09
9.526565683e-10
-2.498361756e-09
-8.142415997e-10
-2.191800328e-09
5.328955809e-10
-1.593098163e-09
-7.246991619e-10
-1.06504836e-09
1.256590777e-10
-7.945031556e-10
-5.623423563e-10
-6.680204783e-10
4.414192802e-10
-5.238142031e-10
-3.626626684e-10
-3.839236843e-10
3.513175856e-10
-2.62226404e-10
-2.29791134e-10
-1.665517127e-10
2.336805781e-10
-9.27209795e-11
-8.443181869e-11
-6.630338541e-11
5.449272287e-11
-4.881656568e-11
-1.238370466e-10
-3.26686037e-11
6.510856806e-11
-6.191429098e-13
-1.366383675e-11
2.271724282e-12
3.321112747e-12
3.030815591e-11
-9.83568057e-11
7.52388677e-11
8.833467025e-11
1.565086566e-10
-1.661996138e-10
2.864877583e-10
2.853751029e-10
4.624318138e-10
-2.957308786e-10
6.645955842e-10
6.043272589e-10
8.556856867e-10
-4.001912977e-10
9.895433837e-10
8.39147525e-10
1.037054621e-09
-3.500048762e-10
9.532070105e-10
7.100450065e-10
9.373757177e-10
-8.133016175e-10
1.176550683e-09
1.424384107e-09
1.747117637e-09
-1.958919755e-09
2.564543667e-09
3.45248749e-09
3.354088265e-09
-2.733401104e-09
3.405061265e-09
4.323444579e-09
2.516145425e-09
-7.677907541e-10
1.597518533e-09
1.060226573e-09
1.005204089e-09
-1.59806959e-10
6.67657943e-10
1.757436581e-10
5.125252756e-10
-1.231820166e-10
4.034898304e-10
1.614547112e-10
3.316496719e-10
-8.517766397e-11
-9.840109842e-10
-2.70731408e-10
-6.074510303e-10
4.073971931e-10
-4.537702813e-10
-1.816138126e-10
-4.088018929e-10
1.97418197e-10
-4.227394439e-10
-1.838412768e-10
-4.753733761e-10
2.045751414e-10
-5.543714149e-10
-2.66695523e-10
-6.539695616e-10
3.117669523e-10
-7.790128442e-10
-4.563843125e-10
-9.50452686e-10
5.220261679e-10
-1.221826421e-09
-8.811153023e-10
-1.583710914e-09
9.533432895e-10
-1.641292636e-09
-1.203575647e-09
-1.045304357e-09
1.081253655e-09
-3.682846543e-10
-2.635537187e-10
-2.015544928e-10
2.133916215e-10
-2.079717042e-10
-1.179589735e-10
-2.460593204e-10
1.534751781e-10
-2.686394256e-10
-3.372418357e-10
-2.810441963e-10
3.599270771e-10
-2.413694818e-10
-2.748916214e-10
-1.814450761e-10
2.477724749e-10
-1.280134071e-10
-1.854233166e-10
-8.265681977e-11
1.526910303e-10
-2.291458815e-11
-3.035622419e-11
-1.624448135e-11
2.350160232e-11
-1.026448982e-11
-2.784679239e-11
-4.997786776e-12
1.859121383e-11
-2.559963537e-13
-1.029460305e-12
7.509330754e-13
1.517765152e-12
3.896820973e-11
-1.200646208e-10
1.534237087e-10
1.968546154e-10
3.788320523e-10
-5.028971927e-10
7.29850848e-10
8.22303345e-10
1.183640943e-09
-1.081243672e-09
1.668178401e-09
1.69548536e-09
2.073082217e-09
-1.453896227e-09
2.28346231e-09
2.139618048e-09
2.232443747e-09
-1.170388734e-09
1.909290476e-09
1.598791009e-09
1.847561302e-09
-2.099837568e-09
2.372071807e-09
2.509034164e-09
3.476354855e-09
-5.060883178e-09
4.790009466e-09
5.916211909e-09
5.443857598e-09
-5.351016892e-09
4.319608455e-09
4.89861996e-09
2.150625098e-09
-9.001847786e-10
7.987883303e-10
3.327120496e-10
3.80447319e-10
-1.254674877e-10
3.250908621e-10
-3.857764825e-12
3.506715732e-10
-1.186224743e-10
1.240666394e-10
-2.367883366e-09
-6.831888737e-10
-1.252833741e-09
1.180544895e-09
-7.091341863e-10
-2.555770138e-10
-5.170443377e-10
3.987077303e-10
-5.040001997e-10
-2.462073293e-10
-5.858063914e-10
3.400680227e-10
-7.286367837e-10
-3.958378873e-10
-9.187633554e-10
6.068001118e-10
-1.11813336e-09
-6.872934295e-10
-1.253168738e-09
1.00339426e-09
-1.266498249e-09
-1.025494007e-09
-1.127427375e-09
1.072236873e-09
-8.201331696e-10
-8.631959939e-10
-4.472873124e-10
6.807136969e-10
-2.206376715e-10
-2.074762389e-10
-1.816166823e-10
2.152437602e-10
-1.906535087e-10
-1.809999506e-10
-2.167565225e-10
2.19611597e-10
-2.568138065e-10
-4.832181211e-10
-3.462471622e-10
6.858980464e-10
-2.178514142e-10
-2.573891161e-10
-1.538194626e-10
2.70227992e-10
-1.135354303e-10
-1.386296731e-10
-8.350769134e-11
1.341448884e-10
-6.318533151e-11
-3.382540368e-11
-4.535251676e-11
5.581806808e-11
-2.925542886e-11
-2.900508867e-11
-1.517937036e-11
5.10190691e-11
-3.92858906e-12
-5.677827618e-12
1.482790457e-12
1.706842746e-11
7.397505804e-11
-3.062413465e-10
2.912828894e-10
3.947851879e-10
6.909523097e-10
-1.203106294e-09
1.255381926e-09
1.526459674e-09
1.896298892e-09
-2.31866946e-09
2.467973585e-09
2.712456569e-09
2.808519144e-09
-2.683566109e-09
2.801413641e-09
2.818348078e-09
2.442329141e-09
-1.806563751e-09
1.860557834e-09
1.660908752e-09
1.503101224e-09
-2.263578493e-09
1.735958505e-09
1.479928135e-09
2.408340828e-09
-5.048841829e-09
2.837675233e-09
2.721494231e-09
2.261218123e-09
-2.692319558e-09
1.017993862e-09
7.965456182e-10
3.586199908e-10
-1.329784953e-10
1.647150454e-10
8.059210296e-11
9.636143842e-11
-1.245799337e-11
6.55144049e-11
2.509942604e-11
4.769175724e-11
-4.736383356e-11
2.665419284e-11
-4.029266683e-09
-1.863122986e-09
-2.967238917e-09
-1.818330852e-09
-7.061751596e-10
-1.140160136e-09
1.281114509e-09
-9.55929745e-10
-5.241132784e-10
-1.141528416e-09
8.536606666e-10
-1.564427114e-09
-1.011370449e-09
-1.975884534e-09
1.618595166e-09
-2.079815877e-09
-1.433261227e-09
-1.823194361e-09
1.973642022e-09
-1.378779541e-09
-1.117248816e-09
-9.335040085e-10
1.221459232e-09
-5.860680988e-10
-5.747245535e-10
-3.650204188e-10
5.533126124e-10
-2.671968812e-10
-2.432318621e-10
-2.61457238e-10
3.052251776e-10
-3.021319349e-10
-2.910662868e-10
-3.776297558e-10
4.103298399e-10
-4.830074549e-10
-8.904522664e-10
-4.542227061e-10
9.476747418e-10
-2.716355519e-10
-2.866949694e-10
-1.979312562e-10
3.20818195e-10
-1.457985943e-10
-1.363326762e-10
-1.057997537e-10
1.349005508e-10
-1.024152412e-10
-8.23710835e-11
-8.376584903e-11
1.016770028e-10
-5.263103516e-11
-7.536020592e-11
-2.010429371e-11
8.704310067e-11
-1.23693612e-12
-2.995437174e-11
9.585921667e-12
3.249498183e-11
4.179299694e-11
-4.031874972e-10
2.297052702e-10
2.944287742e-10
5.872416096e-10
-1.598077585e-09
1.023172582e-09
1.278763143e-09
1.442198533e-09
-2.609661859e-09
1.71876223e-09
1.969881358e-09
1.754290211e-09
-2.395539238e-09
1.542218869e-09
1.60746704e-09
1.191003032e-09
-1.236285226e-09
8.483867401e-10
7.802686889e-10
6.166170886e-10
-7.857138242e-10
5.133601327e-10
4.215518392e-10
4.733414887e-10
-9.158633202e-10
3.8431644e-10
2.954619036e-10
2.34487231e-10
-2.096289383e-10
1.210639057e-10
8.724846158e-11
7.810399036e-11
-5.234798808e-11
6.341876894e-11
4.028448312e-11
5.615529646e-11
-2.745127495e-11
5.099809386e-11
2.823064968e-11
4.693512191e-11
-2.343304636e-11
-3.376756585e-09
-2.102722997e-09
-2.750931883e-09
-2.216343369e-09
-1.416623075e-09
-2.297133423e-09
2.293889503e-09
-2.957407394e-09
-2.406495754e-09
-3.604597434e-09
3.359073076e-09
-3.589080806e-09
-2.69347447e-09
-2.909143203e-09
3.715903636e-09
-2.010313295e-09
-1.476290296e-09
-1.264950227e-09
2.032745612e-09
-7.914345835e-10
-6.349458781e-10
-5.466259764e-10
8.871953076e-10
-4.522795472e-10
-4.1465568e-10
-4.496580276e-10
6.050325127e-10
-5.064578332e-10
-5.650717996e-10
-6.081341147e-10
7.482156004e-10
-7.086915986e-10
-8.794710515e-10
-6.093385175e-10
8.239403599e-10
-4.079507066e-10
-3.655167673e-10
-2.266607462e-10
3.737089725e-10
-1.218001281e-10
-1.219838797e-10
-8.571256274e-11
1.032192493e-10
-7.508205534e-11
-1.037674554e-10
-5.554793547e-11
9.619823167e-11
-3.001548773e-11
-8.608549229e-11
-6.75259451e-12
8.153885878e-11
9.38181594e-12
-3.176878371e-11
2.021282164e-11
2.565917056e-11
3.768729593e-11
-1.658159257e-10
8.256314973e-11
9.701097336e-11
1.582397533e-10
-7.664915622e-10
2.720981943e-10
3.842182517e-10
3.902066751e-10
-1.154121882e-09
4.589881634e-10
5.572999741e-10
4.561560894e-10
-8.785592675e-10
4.007506033e-10
4.272389626e-10
3.274380699e-10
-4.498686323e-10
2.591329922e-10
2.449608776e-10
2.036413918e-10
-2.409811323e-10
1.599338249e-10
1.377595136e-10
1.236079837e-10
-1.310684373e-10
9.22631101e-11
7.424423384e-11
6.886331503e-11
-5.350722415e-11
5.623371896e-11
4.248223275e-11
5.272777003e-11
-3.564538602e-11
5.270739773e-11
3.596924136e-11
5.288388837e-11
-2.973584956e-11
-3.562527816e-09
-3.308910844e-09
-3.761865853e-09
3.752900568e-09
-4.362198503e-09
-4.425359347e-09
-5.311538634e-09
5.288176132e-09
-5.827950485e-09
-5.12392952e-09
-5.398264706e-09
6.667403696e-09
-4.289245473e-09
-3.119914064e-09
-3.062949055e-09
4.879150676e-09
-2.099277116e-09
-1.476811798e-09
-1.486812633e-09
2.667269305e-09
-1.146380737e-09
-9.697947437e-10
-9.688098815e-10
1.674352606e-09
-8.674004927e-10
-9.845759875e-10
-7.752999586e-10
1.302075864e-09
-6.412640997e-10
-7.536644683e-10
-4.164783091e-10
5.306243336e-10
-1.580845818e-10
-2.35170788e-10
-6.423495829e-11
9.894266609e-11
-1.764583571e-11
-8.573981954e-11
-8.515154509e-12
7.56151475e-11
1.126249531e-11
-9.245492889e-11
3.167335379e-11
7.318259275e-11
4.663914009e-11
-7.247944022e-11
4.600891831e-11
7.786020671e-11
2.809994194e-11
-1.936513839e-11
1.899179084e-11
3.142687186e-11
2.108160384e-11
-6.784414564e-11
3.095338227e-11
5.943690999e-11
5.328474557e-11
-1.990479554e-10
7.708604821e-11
1.276833998e-10
9.509941449e-11
-2.522565023e-10
1.066183426e-10
1.34649363e-10
1.096275579e-10
-2.041609938e-10
1.053756721e-10
1.14720998e-10
9.738626298e-11
-1.328340405e-10
8.845195891e-11
8.68278545e-11
7.995630879e-11
-8.369433231e-11
7.247632141e-11
6.545307502e-11
6.640591995e-11
-5.393502788e-11
6.222409169e-11
5.256751102e-11
6.038111038e-11
-4.2129552e-11
6.078003377e-11
4.831174047e-11
6.25619885e-11
-4.055248907e-11
4.800802042e-11
-2.137318404e-09
-3.065152457e-09
-2.646405171e-09
-3.224617881e-09
-5.185651242e-09
-3.985323279e-09
3.804935994e-09
-4.949584421e-09
-7.354943038e-09
-5.77955086e-09
6.012486842e-09
-6.053653547e-09
-6.792107974e-09
-5.648318698e-09
7.285327767e-09
-4.776317529e-09
-4.524995843e-09
-3.768380304e-09
6.248179271e-09
-2.849376629e-09
-2.818681093e-09
-2.064494377e-09
4.037779494e-09
-1.362655348e-09
-1.661377975e-09
-7.156575795e-10
1.822619068e-09
-1.800834434e-10
-2.677636871e-10
-6.889838577e-11
1.143853121e-10
-2.734900721e-11
-4.405973694e-11
-1.357144082e-11
2.278436002e-11
8.560835311e-13
-5.847700112e-11
1.787419968e-11
4.061324912e-11
2.720803384e-11
-6.024615062e-11
3.63406301e-11
4.999883854e-11
3.464604638e-11
-9.121762318e-11
2.363144607e-11
1.073051515e-10
2.07886146e-11
-3.660035353e-11
1.816286729e-11
4.166040939e-11
1.894817268e-11
-5.453787053e-11
2.551660585e-11
5.321994862e-11
4.231819394e-11
-1.127285931e-10
6.92122839e-11
1.259077511e-10
9.153219452e-11
-1.084857798e-10
9.626232269e-11
1.243783775e-10
9.173277555e-11
-9.229509127e-11
8.726565519e-11
9.613684743e-11
8.47071439e-11
-7.815769155e-11
8.338740535e-11
8.396729146e-11
8.262831284e-11
-6.738181253e-11
8.21156955e-11
7.683321453e-11
8.175787647e-11
-6.06218586e-11
8.164793541e-11
7.201741163e-11
8.205375326e-11
-5.802292115e-11
8.314417387e-11
6.909023273e-11
8.469095143e-11
-5.731350849e-11
-1.572807234e-09
-2.340904749e-09
-1.51131949e-09
-1.493802538e-09
-3.445947052e-09
-1.621761042e-09
-2.028193011e-09
-5.244869741e-09
-2.662414323e-09
2.54379828e-09
-3.108628278e-09
-6.201661388e-09
-2.970162383e-09
3.956406369e-09
-2.310768795e-09
-4.304205736e-09
-1.435759747e-09
2.971563437e-09
-6.546965771e-10
-1.387798469e-09
-1.409762114e-10
5.958351759e-10
-2.803983478e-11
-5.064507529e-11
-1.188159736e-11
2.319030377e-11
-6.330616601e-12
-1.284386287e-11
-3.609494885e-12
8.164604771e-12
9.703172577e-13
-2.837914514e-11
8.982232897e-12
1.997325792e-11
1.581947628e-11
-4.137228814e-11
2.220779923e-11
3.404528506e-11
3.218176938e-11
-1.282291923e-10
5.349425602e-11
1.49949313e-10
3.844237247e-11
-5.157293738e-11
2.991675201e-11
7.626260836e-11
2.885755855e-11
-5.973691132e-11
4.952476835e-11
8.922836095e-11
2.779530422e-10
-1.809640402e-10
1.34225427e-10
7.929656548e-10
7.892043751e-11
-1.627706793e-10
8.589947627e-11
8.209686359e-10
9.162990437e-11
-1.060913019e-10
1.003123081e-10
3.834486711e-10
1.025367438e-10
-9.264440802e-11
1.027533221e-10
1.014741485e-10
1.043735127e-10
-8.763885946e-11
1.062593407e-10
9.954643078e-11
1.078551857e-10
-8.413774394e-11
1.080006404e-10
1.077375777e-10
-8.058536769e-11
-7.873196139e-10
-1.299590372e-09
-6.757752614e-10
-6.102029815e-10
-1.725223064e-09
-5.322833087e-10
8.112283302e-10
-3.990153109e-10
-1.333132381e-09
-2.374851767e-10
5.556913639e-10
-6.655158373e-11
-1.915899516e-10
-1.592579256e-11
7.327386065e-11
-5.097661906e-12
-1.186763405e-11
-2.625060992e-12
7.226386848e-12
-1.803305334e-12
-6.057222496e-12
-1.417597775e-12
4.997902376e-12
4.107470433e-13
-1.389109203e-11
4.608923562e-12
9.446393313e-12
9.211468715e-12
-2.78874499e-11
1.38524779e-11
2.275745889e-11
2.454368903e-11
-1.471851975e-10
7.353738124e-11
1.232647005e-10
6.906771243e-11
-1.223428588e-10
5.919624252e-11
1.75025589e-10
6.479252073e-11
-1.210472895e-09
1.300391934e-09
1.239596776e-09
3.882084061e-09
-4.470902243e-09
9.677793301e-09
1.342575351e-08
1.662963105e-08
-9.586135201e-09
1.863716831e-08
2.20950836e-08
9.984380774e-09
-2.442847984e-09
1.322448969e-09
1.938731302e-09
1.344987437e-10
-1.120925971e-10
1.248588494e-10
1.183397041e-10
1.372367586e-10
-1.150714201e-10
-3.466620239e-10
-5.431708593e-10
-2.231684333e-10
-1.297366707e-10
-2.877345101e-10
-5.884207289e-11
-1.270677623e-11
-3.550493704e-11
-4.531236911e-12
-1.969044572e-12
-5.189264784e-12
-1.355752983e-12
4.23541555e-12
-1.168618555e-12
-4.31471376e-12
-8.691370979e-13
3.762309415e-12
-1.885329173e-13
-6.316203952e-12
1.833533356e-12
4.202947686e-12
4.841527154e-12
-1.848730038e-11
8.299587474e-12
1.495632261e-11
1.40102286e-11
-1.208915504e-10
1.674981675e-11
1.163242662e-10
-9.0739679e-11
-2.424114994e-10
-5.95439482e-11
3.224150562e-10
1.048102117e-12
-5.827360567e-10
2.438560009e-10
2.72313221e-10
9.617919405e-09
-2.591710989e-08
2.052031773e-08
3.557485459e-08
2.360253447e-08
-2.749912357e-08
1.393974233e-08
2.945858505e-09
-1.045878116e-09
4.709874684e-10
2.85634044e-10
-1.44067566e-10
-1.331967037e-12
-3.808000675e-12
-9.887516847e-13
-6.780732161e-13
-3.524706676e-12
-1.321382861e-13
1.831616093e-13
-2.808558897e-12
4.493910754e-13
2.19244273e-12
-1.209348892e-11
4.679471435e-12
7.958080897e-12
-9.935043606e-11
3.337415037e-12
-2.193418439e-10
-4.696780909e-10
-7.169910638e-11
6.870112172e-14
-1.584232229e-10
9.054103258e-11
8.74854644e-09
-3.518452179e-08
)
;

boundaryField
{
    dominio_ascii
    {
        type            calculated;
        value           nonuniform List<scalar> 
168
(
2.998004429e-10
2.479211671e-10
1.243038452e-10
9.386590174e-11
4.805073645e-11
1.849613197e-08
7.697783037e-09
2.270859305e-10
4.213155921e-09
9.263486505e-10
1.748818567e-09
1.834993143e-09
1.515731753e-09
2.525090108e-09
6.10323972e-09
1.462512578e-08
2.915256246e-09
3.745409419e-09
9.186391936e-10
2.495110479e-10
1.340286026e-10
7.052641185e-10
8.251367112e-10
3.905523728e-10
3.265793835e-10
3.721360432e-10
2.202188766e-10
4.085949153e-10
4.486655449e-09
5.501959817e-11
2.642198614e-09
9.880388129e-11
2.45175128e-09
3.040538751e-09
3.30604996e-09
3.314047619e-10
8.907658501e-10
6.442034164e-10
2.99911771e-12
2.788978101e-12
1.054467784e-08
6.40258742e-09
9.922990242e-09
4.241468887e-09
3.162400093e-09
2.086408525e-09
1.842937857e-09
3.224949711e-10
1.512611088e-10
1.073367117e-10
4.035060824e-11
1.174586818e-11
2.785657764e-11
4.089302801e-11
7.780394583e-11
1.032705809e-08
8.401201845e-09
1.04994041e-08
7.270476273e-11
5.767979865e-10
4.832384501e-10
1.117838828e-09
3.51061226e-09
3.596247791e-09
1.88982237e-09
2.283457204e-09
2.529343675e-09
2.846834408e-09
1.367979299e-09
1.567334235e-09
2.221996115e-09
2.220391588e-09
1.794445897e-09
6.341774766e-09
3.195773007e-09
3.707155301e-09
1.456457178e-08
2.540674559e-09
5.266605924e-09
6.755381862e-09
2.346493638e-09
4.861183821e-09
3.108521039e-09
8.373148421e-09
1.179227735e-09
1.4466661e-09
5.6883258e-10
1.322499587e-09
8.563155329e-10
4.061469651e-10
5.074427069e-10
2.135513947e-10
3.029158809e-10
1.970724111e-10
9.455060957e-10
3.168443722e-10
1.919229496e-10
1.29998943e-09
1.317433053e-10
1.101862065e-10
4.709386369e-10
1.858351299e-10
1.59416207e-10
3.159400375e-10
1.438703671e-10
2.072464131e-10
3.042354192e-10
8.076337451e-11
9.608632519e-11
2.032741001e-10
1.318115606e-10
1.962179459e-10
7.184530749e-10
3.139747024e-10
2.451940361e-10
2.906655185e-09
3.210744916e-09
2.60305416e-10
8.187776007e-09
2.430612591e-10
2.246534464e-10
6.000302768e-09
4.129777906e-09
8.155772044e-11
3.247601808e-09
8.174327872e-11
4.2390263e-11
2.807995106e-09
1.548428969e-09
6.605211398e-11
2.748703471e-09
1.535444958e-10
1.339391826e-10
3.235909282e-09
1.998585252e-10
1.744976236e-10
3.193856469e-09
1.64507449e-09
1.621819225e-10
2.819301952e-10
2.360801395e-10
2.624909598e-09
1.973439504e-09
8.512619918e-10
1.524277098e-10
2.970195694e-10
3.116232593e-10
2.529828406e-10
9.001099692e-11
4.404115279e-11
1.994241364e-09
8.866622825e-10
1.554084588e-09
5.839900418e-10
1.633787024e-11
3.331237226e-12
3.437955458e-12
1.82432944e-12
3.269078403e-12
3.97428549e-12
7.039676322e-12
1.145854523e-11
3.257764544e-11
4.229766127e-09
2.359263317e-09
6.8977835e-10
1.239706095e-10
1.074798375e-08
)
;
    }
    wallFilmFaces_top
    {
        type            calculated;
        value           uniform 0;
    }
    region0_to_wallFilmRegion_wallFilmFaces
    {
        type            calculated;
        value           uniform 0;
    }
}


// ************************************************************************* //
