/*--------------------------------*- C++ -*----------------------------------*\
| =========                 |                                                 |
| \\      /  F ield         | OpenFOAM: The Open Source CFD Toolbox           |
|  \\    /   O peration     | Version:  2.1.x                                 |
|   \\  /    A nd           | Web:      www.OpenFOAM.org                      |
|    \\/     M anipulation  |                                                 |
\*---------------------------------------------------------------------------*/
FoamFile
{
    version     2.0;
    format      ascii;
    class       volVectorField;
    location    "0.1";
    object      Uf;
}
// * * * * * * * * * * * * * * * * * * * * * * * * * * * * * * * * * * * * * //

dimensions      [0 1 -1 0 0 0 0];

internalField   nonuniform List<vector> 
2828
(
(-0.36154279 0 -0.09913192871)
(-0.3026918634 0 -0.06773170483)
(-0.264144539 0 -0.03039958575)
(-0.4424259156 0 0.009097518273)
(-0.2947689198 0 0.03788110738)
(-1.020272888 0 -0.5186002812)
(-1.218382333 0 -0.5247177649)
(-1.197967002 0 -0.4172571338)
(-0.996129168 0 -0.286401456)
(-0.3827282467 0 -0.1048833604)
(-0.3240040445 0 -0.07316250372)
(-0.2609330633 0 -0.03385816622)
(-0.4741861507 0 0.004361491748)
(-0.3217041836 0 0.04404962277)
(-1.390322832 0 0.3017989268)
(-1.147400907 0 0.4483441952)
(-0.9137504672 0 0.3315046199)
(-0.4072674355 0 -0.3050080563)
(-0.6920246298 0 -0.4311666199)
(-1.048686934 0 -0.5605401199)
(-1.170276471 0 -0.5353019804)
(-1.131243971 0 -0.4130100393)
(-1.063274705 0 -0.3062034779)
(-0.4062077529 0 -0.1160945829)
(-0.343092341 0 -0.0797779358)
(-0.2491803293 0 -0.03903889622)
(-0.4835964626 0 -0.002160256075)
(-0.4345283292 0 0.03480366045)
(-1.378198014 0 0.4010911868)
(-1.157742523 0 0.5730463041)
(-0.8114926713 0 0.2993630912)
(-0.5301418495 0 0.2563326206)
(-0.4764922824 0 0.2830207207)
(-0.3052394726 0 -0.277524171)
(-0.4692795046 0 -0.3525892347)
(-0.7885218666 0 -0.5095078407)
(-1.019508453 0 -0.5952648296)
(-1.046260166 0 -0.5295157111)
(-1.145670387 0 -0.4508807935)
(-1.175070348 0 -0.3452475795)
(-0.4246081939 0 -0.1357574096)
(-0.3795237887 0 -0.08972957494)
(-0.2602500252 0 -0.04588219415)
(-0.4608454136 0 -0.006529575396)
(-0.3847555208 0 0.05869763721)
(-0.2529657105 0 0.06159983619)
(-0.20077899 0 0.06129705052)
(-0.4340724996 0 0.2272677457)
(-0.4366961243 0 0.3139982476)
(-0.4630865782 0 0.3581222124)
(-0.4385307036 0 0.3309228456)
(-0.361153518 0 0.2730393088)
(-0.2662975357 0 -0.2596035764)
(-0.3593565985 0 -0.3175174076)
(-0.6119489653 0 -0.4639399547)
(-0.855358436 0 -0.5849420288)
(-0.9377422359 0 -0.6039656705)
(-0.9763604235 0 -0.558316749)
(-1.233651945 0 -0.5412280017)
(-1.326834488 0 -0.4066844509)
(-0.446178087 0 -0.136237527)
(-0.4227752916 0 -0.1021723425)
(-0.2762226466 0 -0.03568771273)
(-0.3811086724 0 0.001092577955)
(-0.406556496 0 0.05759407119)
(-0.239319313 0 0.067498534)
(-0.231748311 0 0.161221637)
(-0.352636741 0 0.3029650626)
(-0.4219589678 0 0.3735017801)
(-0.4702070522 0 0.4136239396)
(-0.4616666148 0 0.4011172284)
(-0.3811471737 0 0.3252671229)
(-0.2849561542 0 0.2598433288)
(-0.3234141695 0 -0.3407189718)
(-0.430108944 0 -0.429390263)
(-0.6590782423 0 -0.5818837873)
(-0.8748133858 0 -0.6860224637)
(-0.9797362045 0 -0.7013086946)
(-0.9026711059 0 -0.6154888323)
(-0.9208971131 0 -0.600659954)
(-1.338302155 0 -0.6842421826)
(-1.588680089 0 -0.525143959)
(-0.5754566856 0 -0.02082186039)
(-0.4530919383 0 -0.1190830525)
(-0.3107288269 0 0.01116429021)
(-0.3051646048 0 0.01655229869)
(-0.4866427304 0 0.08774842003)
(-0.2822881171 0 0.2251150058)
(-0.3118415461 0 0.2945700847)
(-0.3633650674 0 0.3393556818)
(-0.4170543676 0 0.3823070236)
(-0.4560031915 0 0.4157246862)
(-0.4501563348 0 0.4138321406)
(-0.3900517004 0 0.3624230568)
(-0.3117848395 0 0.3038466888)
(-0.270080152 0 0.3034446363)
(-0.5573776614 0 -0.6946869097)
(-0.6547914599 0 -0.7624859711)
(-0.817786068 0 -0.8484927615)
(-1.003392235 0 -0.923329399)
(-1.113693495 0 -0.9131189209)
(-1.081253011 0 -0.7946938232)
(-0.9475734642 0 -0.6407501503)
(-0.8728302787 0 -0.611652571)
(-1.330751727 0 -0.8373494738)
(-1.974997593 0 -0.7626795575)
(-0.8231699683 0 0.1443553697)
(-0.4814865799 0 -0.1487296886)
(-0.3960307958 0 0.0799294495)
(-0.2974114374 0 0.0421942494)
(-0.3568075138 0 0.1413478482)
(-0.3449252898 0 0.2956073429)
(-0.3530062244 0 0.3115160063)
(-0.3725775397 0 0.3305246873)
(-0.3959426141 0 0.3539595158)
(-0.4138801894 0 0.3786525527)
(-0.4065308058 0 0.3874929921)
(-0.3707945258 0 0.370226706)
(-0.3391780292 0 0.3552294365)
(-0.3210002427 0 0.3577091347)
(-0.7288521764 0 -1.043958796)
(-0.7644954617 0 -1.030149732)
(-0.8724062227 0 -1.06115595)
(-1.023954762 0 -1.120243637)
(-1.113658728 0 -1.099580283)
(-1.109170833 0 -0.9754072356)
(-1.083740266 0 -0.833008898)
(-1.055071794 0 -0.7028888751)
(-1.115833119 0 -0.6910122852)
(-1.020745631 0 -0.7751416482)
(-1.965420405 0 -1.045362494)
(-1.154562849 0 0.2848709621)
(-0.5226701949 0 -0.2046472024)
(-0.5712396945 0 0.103528321)
(-0.3991320983 0 0.1231422757)
(-0.4321005915 0 0.3003932397)
(-0.4096868781 0 0.3361225584)
(-0.3906491655 0 0.3329689464)
(-0.3805144485 0 0.3291929598)
(-0.3713818032 0 0.3293216527)
(-0.3607293325 0 0.3369538357)
(-0.3477573118 0 0.3503223405)
(-0.3390820371 0 0.3674315438)
(-0.344653044 0 0.3909453313)
(-0.3509119113 0 0.4077667249)
(-0.3396977696 0 0.4058018763)
(-0.7093720336 0 -1.096621522)
(-0.7401771722 0 -1.059226066)
(-0.8385533761 0 -1.091795528)
(-0.9341282473 0 -1.129523714)
(-0.9723413668 0 -1.083828505)
(-1.022042213 0 -1.016201869)
(-1.114455813 0 -0.9503089055)
(-1.66830976 0 -1.263797306)
(-3.117121596 0 -1.823824443)
(-0.5411801903 0 -0.2459792913)
(-0.560664725 0 -0.337484265)
(-0.578066819 0 -0.2675718058)
(-0.5708551177 0 -0.2475429716)
(-0.7968466175 0 -0.1551866427)
(-0.6019771618 0 0.3618224585)
(-0.5688291486 0 0.4595527771)
(-0.5016425449 0 0.4254784661)
(-0.4526725234 0 0.3867234403)
(-0.4078672777 0 0.3524986383)
(-0.3581512005 0 0.3248291203)
(-0.3161374318 0 0.3153305266)
(-0.2991340601 0 0.3307328229)
(-0.3088000882 0 0.3644845034)
(-0.331239239 0 0.4007318829)
(-0.3473078712 0 0.4214281439)
(-0.3426974126 0 0.4163507337)
(-0.3184381005 0 0.3942479043)
(-0.5596464243 0 -0.9686417939)
(-0.5748910127 0 -0.97334464)
(-0.595579561 0 -0.9523154491)
(-0.6776999106 0 -0.9952036572)
(-0.7688881985 0 -1.061810979)
(-0.8467071511 0 -1.096713422)
(-0.9628598819 0 -1.127572071)
(-1.374946861 0 -1.43091373)
(-2.778339442 0 -2.774756934)
(-3.721428277 0 -2.686864506)
(-1.186365983 0 -0.4333476152)
(-1.208106848 0 -1.043487742)
(-1.258214579 0 -0.8936424692)
(-0.8179951272 0 -0.4043871441)
(-0.9357256406 0 -0.4232592911)
(-0.7417653422 0 0.5539536439)
(-0.6745657502 0 0.5746596697)
(-0.6170260837 0 0.5309418738)
(-0.5577481667 0 0.4756828201)
(-0.4637453323 0 0.4078473848)
(-0.3562650714 0 0.3501748896)
(-0.2907586733 0 0.3287013612)
(-0.2748758832 0 0.3370788814)
(-0.2861084251 0 0.3609541895)
(-0.3061615733 0 0.3868973812)
(-0.3188430629 0 0.3998014564)
(-0.3111239103 0 0.3891667911)
(-0.2830842596 0 0.3636015538)
(-0.4285136106 0 -0.8091782149)
(-0.4717027158 0 -0.8840866845)
(-0.5019979485 0 -0.9215060589)
(-0.5439648137 0 -0.9403077996)
(-0.6319677866 0 -1.01774396)
(-0.7435658877 0 -1.140313906)
(-0.8852037033 0 -1.26729226)
(-1.608464507 0 -2.296605563)
(-2.427172584 0 -3.771250073)
(-4.789015891 0 -4.151298817)
(-1.680259641 0 -0.9382424359)
(-1.617204071 0 -1.653259658)
(-1.596714989 0 -1.303545724)
(-1.539405669 0 -0.9351749499)
(-0.9747030822 0 -0.5016739817)
(-0.7926010401 0 0.6309199762)
(-0.7837923175 0 0.676383756)
(-0.7842461791 0 0.6640542788)
(-0.7000126231 0 0.5935893475)
(-0.5093206221 0 0.4878698572)
(-0.3621422853 0 0.4229353924)
(-0.2977970846 0 0.3818243217)
(-0.2739908774 0 0.3592878832)
(-0.2731048331 0 0.3573073628)
(-0.2808623506 0 0.363683631)
(-0.2836109899 0 0.3648622591)
(-0.2721123822 0 0.3563229449)
(-0.2520135093 0 0.3579094392)
(-0.3101559896 0 -0.725807355)
(-0.3864969754 0 -0.8487472897)
(-0.4637265135 0 -0.9986445283)
(-0.5600651524 0 -1.15336861)
(-0.5792403811 0 -1.157610391)
(-0.6168651948 0 -1.168270631)
(-0.699176527 0 -1.286645041)
(-0.6985077621 0 -1.198541205)
(-0.8905918365 0 -1.715008474)
(0.6866785805 0 -2.694885536)
(-1.460336798 0 -2.241955394)
(-1.447095494 0 -1.892278907)
(-1.460761719 0 -1.478135751)
(-1.51320332 0 -1.034565659)
(-0.9005874069 0 -0.4531682097)
(-0.8257594456 0 0.6634900223)
(-0.986232921 0 0.7785501617)
(-1.017044535 0 0.7947071026)
(-0.7492144838 0 0.6810081139)
(-0.5023700483 0 0.6204296252)
(-0.4095084555 0 0.5550541071)
(-0.3383079789 0 0.4604274824)
(-0.2931791821 0 0.3940628391)
(-0.2751216886 0 0.364363916)
(-0.2701842632 0 0.354822387)
(-0.266352739 0 0.3569725867)
(-0.2603527451 0 0.3819763484)
(-0.2503693409 0 0.4227890685)
(-0.228506159 0 0.4337935299)
(-0.09001828797 0 -0.375145565)
(-0.1148827036 0 -0.494742154)
(-0.1785451561 0 -0.8018166451)
(-0.3088161199 0 -1.330185208)
(-0.5323805836 0 -1.597659208)
(-0.3117779542 0 -0.5507963839)
(-0.2240922639 0 -0.6023158786)
(-0.4547348923 0 -1.008252237)
(-0.9477692211 0 -2.098230028)
(-1.247260249 0 -2.636877888)
(-1.337186083 0 -2.53326573)
(-1.290328804 0 -2.104246712)
(-1.215974725 0 -1.616952589)
(-1.045141401 0 -0.9292171308)
(-0.7692045417 0 -0.5451966863)
(-1.412197348 0 0.7830301341)
(-1.480383089 0 1.041345681)
(-1.125214549 0 0.9699048024)
(-0.6706640915 0 0.9072839113)
(-0.5796217809 0 0.8363810693)
(-0.484563211 0 0.6850120481)
(-0.3937111176 0 0.5408850335)
(-0.3393545978 0 0.4556787287)
(-0.3175371284 0 0.4219063227)
(-0.3184793796 0 0.4373920358)
(-0.3280271535 0 0.5110822197)
(-0.3139529382 0 0.5701336604)
(-0.2702379901 0 0.5565298644)
(-0.2133963359 0 0.4820778185)
(-0.04037005263 0 -0.3695991511)
(-0.02611416637 0 -0.3651456957)
(0.01466736849 0 -0.3855254132)
(0.08918102764 0 -0.4476582141)
(0.22778118 0 -0.5190284216)
(0.08371718001 0 -0.6407895563)
(-0.2513820797 0 -0.8350908678)
(-0.2989735253 0 -0.9067683478)
(-0.5959626539 0 -1.815897084)
(-0.9600955716 0 -2.674019714)
(-1.233014812 0 -2.979673577)
(-1.316201733 0 -2.702192778)
(-1.305599576 0 -2.283092366)
(-1.257316223 0 -1.863256124)
(-1.0077788 0 -1.203176864)
(-0.7284104052 0 -0.7790775489)
(-0.900482807 0 0.5566393491)
(-0.6748925869 0 0.8143098583)
(-0.8606059827 0 1.230412144)
(-0.791832048 0 1.182631076)
(-0.6538074016 0 0.9686511513)
(-0.5347733123 0 0.7482493696)
(-0.4707742034 0 0.6333662034)
(-0.4618901323 0 0.6164365141)
(-0.5061168912 0 0.7309683027)
(-0.5403129468 0 0.9341943628)
(-0.4882297125 0 0.9862869492)
(-0.3788844147 0 0.8640989538)
(-0.2680496863 0 0.6772396425)
(-0.1779493208 0 0.4923048755)
(-0.03186344704 0 -0.3332752159)
(-0.03712374419 0 -0.4010372431)
(-0.05025651465 0 -0.4234306664)
(-0.06848362912 0 -0.4998105651)
(-0.1935240852 0 -0.9093270953)
(-0.2331167015 0 -1.158969359)
(-0.2361634196 0 -1.458335277)
(-0.3826063588 0 -2.302984053)
(-0.665956118 0 -3.115690586)
(-0.8895837414 0 -3.382162884)
(-0.971520544 0 -3.087169873)
(-1.060153082 0 -2.830969642)
(-1.285725612 0 -2.815489109)
(-1.637136158 0 -2.812928195)
(-1.517395771 0 -2.040879095)
(-0.7254746531 0 -0.9511301702)
(-0.8657404394 0 0.2933114348)
(-0.7489317349 0 0.969053351)
(-0.9739552883 0 1.47454487)
(-0.9051193723 0 1.399129712)
(-0.6731526549 0 0.947994631)
(-0.5999549245 0 0.7603599437)
(-0.722144263 0 0.950862344)
(-0.9889397241 0 1.677548325)
(-0.8998737864 0 1.880700086)
(-0.6939729731 0 1.687071351)
(-0.4865824232 0 1.344455588)
(-0.3015684615 0 0.9337028686)
(-0.1726791378 0 0.5995193231)
(-0.09658076736 0 0.3839109138)
(0.5290408938 0 -1.420151358)
(0.1106642718 0 -0.3694398245)
(-0.07391493297 0 -0.3252475877)
(-0.119288443 0 -0.4071540029)
(-0.2130607966 0 -0.6032671612)
(-0.3373622113 0 -0.8271552004)
(-0.1421444925 0 -1.245091338)
(-0.1838130174 0 -2.495927946)
(-0.360816976 0 -3.240497326)
(-0.4066219091 0 -3.143222058)
(-0.4431071476 0 -3.020469645)
(-0.533559196 0 -3.27822588)
(-0.7060445281 0 -3.946325096)
(-0.9996833924 0 -4.903758417)
(-1.629536368 0 -5.639741116)
(-0.3808332352 0 -2.181836918)
(-0.7873629574 0 0.6200757592)
(-0.3055581589 0 0.02936967383)
(-0.5413884381 0 1.349128885)
(-0.546929726 0 0.310062109)
(-0.4640958968 0 0.06804955648)
(-0.8110199853 0 0.9100428624)
(-0.6062699287 0 2.313350758)
(-0.4554034035 0 2.14177588)
(-0.3409368626 0 1.792389054)
(-0.2525740899 0 1.42847065)
(-0.1619085233 0 1.007811077)
(-0.06912466695 0 0.5721264531)
(-0.01203604435 0 0.2966804605)
(0.01187516289 0 0.1951823112)
(0.1284837697 0 -1.089571144)
(0.1048575699 0 -1.277729931)
(0.1172605725 0 -1.408959655)
(0.1395767116 0 -1.645180463)
(0.1616777863 0 -1.853490915)
(0.1523858332 0 -1.598321651)
(0.2206043621 0 -1.685239385)
(0.3185401506 0 -2.356247357)
(0.3358829672 0 -2.634528075)
(0.2995853825 0 -2.445771948)
(0.2534880037 0 -2.146930042)
(0.2277634177 0 -1.954462263)
(0.2323756007 0 -1.899848192)
(0.2842678813 0 -2.095009783)
(0.4154311754 0 -2.693108857)
(0.398317852 0 -1.969578721)
(0.1820719966 0 0.4833058546)
(0.3535694299 0 1.715987274)
(-0.3781349704 0 0.7408940027)
(-0.6254133404 0 0.399234545)
(-0.5210388474 0 0.3842044893)
(0.7097950218 0 0.9034904865)
(0.3260394814 0 0.8283414219)
(0.3811358295 0 0.6074762986)
(0.1465109153 0 0.3848384172)
(0.0461115764 0 0.2737951375)
(0.02134783311 0 0.2388992041)
(0.0172650988 0 0.2204310494)
(0.02588294889 0 0.1982965342)
(0.02399944649 0 0.1782534744)
(0.1181961402 0 -0.7762027446)
(0.1569851263 0 -0.8798394563)
(0.1956453515 0 -0.9318871204)
(0.1624577555 0 -0.8746177651)
(-0.05298202831 0 -0.7479261758)
(-0.1826819408 0 -0.7323759791)
(-0.100619828 0 -0.8107099842)
(0.2300287354 0 -1.468891243)
(0.3884110094 0 -2.09774326)
(0.4054513175 0 -2.177065983)
(0.3821435388 0 -1.970142516)
(0.35909755 0 -1.731156695)
(0.3671403863 0 -1.602903908)
(0.422934154 0 -1.581183097)
(0.5176247502 0 -1.466716077)
(0.2809407328 0 -0.00101897065)
(0.2120753061 0 0.2677993937)
(0.407865148 0 0.4929554023)
(0.3994285435 0 0.5942060329)
(0.3467552219 0 0.5268128975)
(0.3103708036 0 0.5274017073)
(0.2696172391 0 0.5264427114)
(0.7858418484 0 0.5602524143)
(0.7233377419 0 0.5406167738)
(0.6098403549 0 0.4944073285)
(0.2699166971 0 0.3892055302)
(-0.07093511814 0 0.464826685)
(-0.04660586168 0 0.3434222289)
(0.005377744443 0 0.2173598606)
(0.03947521199 0 0.2381003877)
(0.1454444671 0 -0.5287065645)
(0.1801553345 0 -0.5742929332)
(0.2202816613 0 -0.6177863494)
(0.2520868125 0 -0.6454252603)
(0.2616963798 0 -0.6752275683)
(-0.03081274672 0 -0.6435094832)
(0.09975179365 0 -0.6679873596)
(0.2594242184 0 -0.7967372263)
(0.3045104351 0 -1.001103489)
(0.344388147 0 -1.098234365)
(0.382553247 0 -1.063683946)
(0.4242166738 0 -0.9516449656)
(0.4944846014 0 -0.8009323993)
(0.5166607851 0 -0.5996915515)
(0.2583568281 0 -0.3722273954)
(0.2363899081 0 -0.07083261391)
(0.5193613256 0 0.4223798582)
(0.3688439856 0 0.379202421)
(0.327049005 0 0.3847109762)
(0.3104156834 0 0.3989088063)
(0.283004959 0 0.4068490736)
(0.4953760609 0 0.440741999)
(0.729009158 0 0.5307883467)
(0.7377602973 0 0.5670295143)
(0.5485385278 0 0.5048104982)
(0.237261997 0 0.668365541)
(0.2403237244 0 0.5682956716)
(0.6413461905 0 2.186192398)
(0.487342501 0 1.8300613)
(0.1972213619 0 -0.5900223935)
(0.2461473898 0 -0.7171359187)
(0.2906210788 0 -0.8515767117)
(0.3638694284 0 -1.038435023)
(0.4745172151 0 -1.23986153)
(0.5976297136 0 -1.280957483)
(0.5057671921 0 -0.7732049996)
(0.3144797263 0 -0.5661668346)
(0.1786943643 0 -0.6378780192)
(-0.1374492674 0 -0.6858985918)
(0.0737044736 0 -0.6309567122)
(0.3757516145 0 -0.4758592041)
(0.4187636186 0 -0.4193691328)
(0.3814176103 0 -0.1819604792)
(0.2069210421 0 -0.1507186207)
(0.2334891327 0 -0.0749499862)
(0.453511818 0 0.3228699906)
(0.3744844927 0 0.3191927158)
(0.3760430333 0 0.3722670314)
(0.3797738879 0 0.4186389623)
(0.3600223432 0 0.43650834)
(0.4404723136 0 0.446997665)
(0.7471194765 0 0.5571126258)
(0.772560395 0 0.5976224073)
(0.5694952223 0 0.535994077)
(0.2488202672 0 0.6167682922)
(0.2016694823 0 0.7139622761)
(0.7457965365 0 1.556780584)
(0.6298283206 0 1.531568233)
(0.2697427134 0 -0.6622567167)
(0.3286577989 0 -0.7944990734)
(0.3666472543 0 -0.8258892155)
(0.4528047429 0 -0.9024442785)
(0.5904118596 0 -0.9641010418)
(0.6747054111 0 -0.8352263267)
(0.5824729181 0 -0.6614763543)
(0.4454010883 0 -0.585419122)
(0.4025060651 0 -0.6779719103)
(0.8727018481 0 -1.174846566)
(0.9594127703 0 -0.4978258086)
(0.3864100599 0 -0.3004201174)
(0.3723579742 0 -0.294817442)
(0.1495669417 0 -0.1685658818)
(0.1666388162 0 -0.1088279931)
(0.2037946041 0 -0.06226449992)
(0.3062894206 0 0.1636526559)
(0.3861160465 0 0.2867664331)
(0.4222060453 0 0.3666038187)
(0.4281694403 0 0.4184412479)
(0.4025970524 0 0.434804222)
(0.3929563315 0 0.4311637805)
(0.6402462952 0 0.5255003583)
(0.6435762355 0 0.5451649231)
(0.3137082687 0 0.387411013)
(-0.09406495806 0 0.4900216579)
(-0.1738025755 0 0.5760807057)
(0.3400658137 0 0.7757071691)
(0.3576357551 0 -0.7086426199)
(0.4400111273 0 -0.7717326736)
(0.509094299 0 -0.7420115275)
(0.619818755 0 -0.7119041738)
(0.6796667032 0 -0.7475173593)
(0.6530974697 0 -0.7786796857)
(0.6081365962 0 -0.7639461915)
(0.7374643589 0 -0.8643063551)
(1.090890189 0 -0.8940340593)
(0.8046265248 0 -0.3132240932)
(0.378629439 0 -0.2799916625)
(0.337062215 0 -0.2575558693)
(0.1282198477 0 -0.1600103436)
(0.1377213966 0 -0.09919297406)
(0.175845407 0 -0.06852183847)
(0.2052794698 0 0.0420599918)
(0.3637569813 0 0.2401851514)
(0.4215485121 0 0.3315903454)
(0.4267547089 0 0.3809143068)
(0.3904411185 0 0.3898910513)
(0.3385275531 0 0.3900287908)
(0.3952110849 0 0.4379743347)
(0.3210646056 0 0.4123081699)
(0.2603991081 0 0.3266873884)
(0.4149875842 0 0.6779559562)
(0.4247235523 0 0.9242980027)
(0.3271351568 0 0.8044538919)
(0.2900227053 0 -0.497959565)
(0.4508825282 0 -0.6476179172)
(0.5775917949 0 -0.6718039317)
(0.7044474561 0 -0.6872217788)
(0.7933054723 0 -0.8251039452)
(0.7867952527 0 -0.8704829059)
(0.769278523 0 -0.8227374654)
(0.87972261 0 -0.776114531)
(0.942723092 0 -0.621185492)
(0.5889231348 0 -0.3119784819)
(0.3419214132 0 -0.2712050748)
(0.2556605567 0 -0.2218273948)
(0.154319378 0 -0.1585102446)
(0.1378209645 0 -0.08752615515)
(0.3248141064 0 -0.07508720414)
(0.2792159265 0 0.277538103)
(0.2667504809 0 0.1709453787)
(0.3608295629 0 0.2618828957)
(0.3674368277 0 0.308751658)
(0.3428142487 0 0.3289485889)
(0.338152801 0 0.3700904296)
(0.3266033582 0 0.3989684065)
(0.2863477167 0 0.3847625473)
(0.2539877283 0 0.3383585744)
(0.349160866 0 0.4764819482)
(0.3862748042 0 0.6093388436)
(0.3204538378 0 -0.4409125399)
(0.5565249218 0 -0.5730457033)
(0.7549795083 0 -0.655225108)
(0.8913928479 0 -0.8222742791)
(0.9290151719 0 -0.8901764923)
(0.916511971 0 -0.8096794187)
(0.9113576669 0 -0.6676408717)
(0.8336858808 0 -0.5087121328)
(0.509166709 0 -0.3275686808)
(0.2700226481 0 -0.2492854027)
(0.1577713187 0 -0.1613400884)
(0.1699387077 0 -0.1377525352)
(0.2060485334 0 -0.1040362577)
(0.7685810116 0 -0.1746066578)
(0.4050844943 0 0.4288127853)
(0.2433407883 0 0.1722536553)
(0.2860132582 0 0.1743622625)
(0.3036291735 0 0.2376152886)
(0.3056712436 0 0.2762097163)
(0.3045020311 0 0.3072515807)
(0.2945543568 0 0.3281204234)
(0.2703992063 0 0.3301062813)
(0.2412888449 0 0.3158673156)
(0.2637386703 0 0.3477884582)
(0.2849610657 0 0.3960976605)
(0.2424577773 0 -0.3585753646)
(0.3906465041 0 -0.4170183921)
(0.6208899437 0 -0.5120976991)
(0.8215764314 0 -0.6578498873)
(0.9313088486 0 -0.7793439849)
(0.9820588726 0 -0.7651941112)
(0.9579572064 0 -0.6472607033)
(0.8110304133 0 -0.4923046088)
(0.4861898984 0 -0.3318987678)
(0.1825311677 0 -0.424134731)
(0.2455570638 0 -0.02852783182)
(0.3371354679 0 0.1968462862)
(0.3098563395 0 0.2829247812)
(0.9128115749 0 0.3135753681)
(0.8666371943 0 0.4614559597)
(0.3578041894 0 0.2515534333)
(0.2082252449 0 0.1336374711)
(0.2237178623 0 0.1654849312)
(0.2337195079 0 0.2004516375)
(0.2371297281 0 0.2259595068)
(0.2370312024 0 0.2468612143)
(0.2309673505 0 0.261246972)
(0.218662414 0 0.2664832176)
(0.2136245251 0 0.2734761578)
(0.2862391361 0 -0.3525710076)
(0.3831276858 0 -0.3601915153)
(0.5340066596 0 -0.4087618156)
(0.67877524 0 -0.5153054693)
(0.8087722513 0 -0.5919759348)
(0.8336851567 0 -0.5529207934)
(0.6842030771 0 -0.4308344471)
(0.2820202185 0 -0.2960696769)
(0.3223607412 0 -0.4453730645)
(0.8836549174 0 -0.3166155306)
(0.5800775412 0 0.3773748587)
(0.3775940656 0 0.3220312141)
(0.7362291693 0 0.2019149932)
(0.7541496231 0 0.32526705)
(0.4717587459 0 0.2601119385)
(0.2198313554 0 0.1558454618)
(0.1605760735 0 0.1298929565)
(0.1693286137 0 0.1470065538)
(0.1779018933 0 0.1666971565)
(0.1841402585 0 0.1851612164)
(0.1878557746 0 0.2021818673)
(0.1841760301 0 0.2131011298)
(0.3351176682 0 -0.3379131891)
(0.3751056645 0 -0.3175470731)
(0.3958821819 0 -0.2971475946)
(0.4496775654 0 -0.3210564514)
(0.5110836221 0 -0.3530636048)
(0.4204546717 0 -0.3250771932)
(0.2423657668 0 -0.2712973893)
(0.3614477146 0 -0.2939795621)
(1.103426935 0 -0.2752858332)
(0.6885579849 0 0.4081889338)
(0.4487486002 0 0.3355288955)
(0.5571177655 0 0.1831827866)
(0.6241035838 0 0.2436297264)
(2.645713283 0 1.642003115)
(2.667387309 0 2.739783975)
(1.801175964 0 2.127036894)
(0.1826542002 0 0.1913499726)
(0.1357232196 0 0.1339998163)
(0.1436219393 0 0.1471466647)
(0.1495354805 0 0.1600074639)
(0.3670183808 0 -0.2968832898)
(0.3514961386 0 -0.2747060274)
(0.3681234385 0 -0.3037807048)
(0.5625599034 0 -0.4435518361)
(0.3011530705 0 -0.1855209895)
(0.4286070192 0 -0.1842629757)
(0.9527249308 0 -0.2318430247)
(0.6413531988 0 0.3373647443)
(0.4747980133 0 0.3128233174)
(0.5968602644 0 -0.02832238705)
(0.7762435169 0 -0.2031246753)
(3.934233723 0 1.904813819)
(3.312394399 0 2.479279122)
(1.742893057 0 1.562766178)
(0.1517808088 0 0.1612641695)
(0.113077481 0 0.1202495435)
(0.1200276379 0 0.128779185)
(0.3369927826 0 -0.3002332897)
(0.3914369587 0 -0.3472278341)
(0.6601410916 0 -0.4915069604)
(0.4221055472 0 -0.2072539949)
(0.4676330527 0 -0.165566209)
(0.6552579042 0 -0.1593445755)
(0.5188707654 0 0.2086549401)
(0.4455191218 0 0.2534018926)
(0.647572661 0 -0.1644781393)
(0.8087580953 0 -0.3901278613)
(4.083883747 0 1.773669323)
(2.83571607 0 1.731062094)
(0.8357152895 0 0.6472911139)
(0.3274492253 0 0.284485943)
(1.332494393 0 -0.1679140228)
(0.8365045407 0 -0.2386165942)
(0.716997189 0 0.1289971819)
(0.4169377347 0 0.09129123233)
(0.397399803 0 0.1860418397)
(0.7036171969 0 -0.1399270595)
(0.7244317939 0 -0.1651500518)
(2.788340771 0 1.138386287)
(1.387937687 0 0.7610028562)
(-1.245274904 0 -0.4744911502)
(-1.210037649 0 -0.4151050412)
(-1.120160972 0 -0.3517259137)
(-0.9831474758 0 -0.2858012348)
(-0.6860867415 0 -0.1848989337)
(-0.6278682838 0 -0.1701939796)
(-0.3703203909 0 -0.1018966443)
(-0.3503291586 0 -0.08946689655)
(-0.3394097486 0 -0.08708949582)
(-0.3146259424 0 -0.07040638783)
(-0.2438825253 0 -0.03964859567)
(-0.2520141259 0 -0.04032452286)
(-0.2640953596 0 -0.03205606062)
(-0.3607304346 0 -0.02528357119)
(-0.3503052953 0 -0.02262660811)
(-0.4590912399 0 0.007102307318)
(-0.4076656237 0 0.03293247385)
(-0.3929909398 0 0.03091319126)
(-0.2989713002 0 0.03657107963)
(-0.4894428204 0 -0.03456436536)
(-1.268709029 0 0.277176096)
(-1.319849113 0 0.3907686689)
(-1.159365689 0 0.4261236538)
(-0.6708344676 0 -0.4082276436)
(-0.8324530418 0 -0.474291513)
(-1.01315283 0 -0.5293530762)
(-1.159812539 0 -0.5565273915)
(-1.142317238 0 -0.5381752828)
(-1.219812959 0 -0.5346811156)
(-1.208381586 0 -0.479651487)
(-1.2441991 0 -0.4831446254)
(-1.205609964 0 0.524290246)
(-0.8901651911 0 0.4249425425)
(-0.8313433205 0 0.3688400641)
(-0.9037685145 0 0.3278432395)
(-0.6994883516 0 0.2704510018)
(-0.7420399212 0 0.2825511985)
(-0.5805770648 0 0.2521054221)
(-0.5277469448 0 0.257049669)
(-0.3457429885 0 -0.2899855139)
(-0.4230268542 0 -0.3216898812)
(-0.5800728449 0 -0.3952059978)
(-0.5109045377 0 -0.3521993921)
(-0.463844467 0 0.317711445)
(-0.4557208179 0 0.314315392)
(-0.4601034377 0 0.2888958547)
(-0.4330054804 0 0.3005947476)
(-0.2642798031 0 -0.257449405)
(-0.2812958269 0 -0.2670584031)
(-0.2822212422 0 -0.2665681527)
(-0.3203112967 0 -0.2861422889)
(-0.3950247219 0 -0.3243869196)
(-0.353406827 0 -0.2967045905)
(-0.4539174774 0 0.3743281591)
(-0.4187083836 0 0.3406811158)
(-0.4000118072 0 0.3018634186)
(-0.365068272 0 0.2926524909)
(-0.3185192847 0 0.2611507897)
(-0.2695629945 0 -0.2707197344)
(-0.2710327771 0 -0.2702086579)
(-0.2580573483 0 -0.2545564885)
(-0.291647115 0 0.2763349575)
(-0.2677083772 0 0.2746575088)
(-0.4403357409 0 -0.5208373159)
(-0.4389722375 0 -0.5064455166)
(-0.3246225265 0 -0.3472069273)
(-0.2933872855 0 0.3292038663)
(-0.2885600562 0 0.3364462465)
(-0.667548688 0 -0.90147849)
(-0.6747769669 0 -0.8843278163)
(-0.7268497906 0 -0.913877116)
(-0.6038588044 0 -0.7355065035)
(-0.3392957334 0 0.3853383255)
(-0.3275706718 0 0.3850192491)
(-0.3081716289 0 0.3583138213)
(-0.3242104004 0 0.3882117685)
(-0.7399111666 0 -1.09918805)
(-0.7555358856 0 -1.089918354)
(-0.7364859984 0 -1.028238089)
(-0.3464922949 0 0.4178875173)
(-0.3360181795 0 0.4098029861)
(-0.333392337 0 0.4049449138)
(-0.6420789488 0 -1.054118342)
(-0.6972938042 0 -1.096609991)
(-0.3024772166 0 0.3800196467)
(-0.4913577271 0 -0.8882429828)
(-0.506929874 0 -0.9106855886)
(-0.5746162078 0 -0.984926005)
(-0.2656012537 0 0.3553494388)
(-0.2541067569 0 0.3560255894)
(-0.2711487582 0 0.358651161)
(-0.3395868233 0 -0.7113624888)
(-0.3651629953 0 -0.7440872447)
(-0.4047012911 0 -0.8096824594)
(-0.4525102621 0 -0.852142275)
(-0.2469085524 0 0.3795653676)
(-0.2383255114 0 0.3933883329)
(-0.2431843609 0 0.3665033055)
(-0.2330367571 0 0.4028958148)
(-0.1184091149 0 -0.4179680202)
(-0.2593494402 0 -0.6432566642)
(-0.2223891161 0 0.4618046988)
(-0.06243866665 0 -0.3588849688)
(-0.06510963568 0 -0.3535509318)
(-0.09777577528 0 -0.3680412221)
(-0.1972329901 0 0.4901154398)
(-0.180457504 0 0.4642486012)
(-0.001119774795 0 -0.3818300052)
(0.01159859418 0 -0.3829870901)
(-0.0350754763 0 -0.3658685319)
(-0.1401287673 0 0.449159578)
(-0.1176169675 0 0.3934028276)
(-0.1533890865 0 0.4411616273)
(0.006741129063 0 -1.120061229)
(0.002266213564 0 -0.8262658574)
(-0.03096741112 0 -0.3732851624)
(-0.05516565919 0 0.3096601308)
(-0.03711288574 0 0.2686834976)
(-0.07892094082 0 0.3345854566)
(0.6529148827 0 -1.321508584)
(0.5691542331 0 -1.100667806)
(0.400051356 0 -0.9771732576)
(0.02273631121 0 0.1694569177)
(0.01996360617 0 0.1656679053)
(0.01628398001 0 0.1736838956)
(0.1188871022 0 -1.02078524)
(0.1296967988 0 -1.069436972)
(0.120045395 0 -1.166243653)
(0.03065422048 0 0.1785680506)
(0.02861419376 0 0.1733485268)
(0.02301060688 0 0.1723009874)
(0.1264615383 0 -0.5961982025)
(0.1227629912 0 -0.7784120922)
(0.117940407 0 0.8334403171)
(0.03644675878 0 0.2086030314)
(0.1470183533 0 -0.4935243396)
(0.1318371831 0 -0.5125760306)
(0.6299147741 0 1.846444372)
(0.1873697487 0 -0.5640133483)
(0.2384243006 0 -0.6484833195)
(0.2678555166 0 -0.725561813)
(0.2255847444 0 -0.6624067661)
(0.3907145378 0 0.8159865953)
(0.4115099051 0 0.8749874228)
(0.6528883289 0 1.500849089)
(0.2817532322 0 -0.6416917702)
(0.3056685472 0 -0.6814979883)
(0.2987569682 0 -0.7353852476)
(0.2510303394 0 0.7175880198)
(0.2995219212 0 0.7424023224)
(0.3509338284 0 0.7776355603)
(0.2831355822 0 -0.5489859901)
(0.3037566822 0 -0.6172701849)
(0.3782693367 0 0.7724373598)
(0.2470058261 0 -0.4238630459)
(0.3066816704 0 -0.4729542136)
(0.3748940779 0 -0.5908331115)
(0.3335277576 0 0.4878966829)
(0.3417388814 0 0.5237372257)
(0.3777326459 0 0.634219351)
(0.2497809876 0 -0.3931301769)
(0.2648408135 0 -0.3795727587)
(0.3701636666 0 -0.4376228032)
(0.4483038428 0 -0.5221598104)
(0.2358060009 0 0.3067080851)
(0.2390699027 0 0.3170241574)
(0.2735032609 0 0.3692785832)
(0.2628156196 0 -0.3563232537)
(0.2860630722 0 -0.3729491336)
(0.1989120361 0 0.2483693847)
(0.2185296495 0 0.284353683)
(0.310799726 0 -0.3459675209)
(0.3176283801 0 -0.3514083851)
(0.17004969 0 0.1924401421)
(0.1849952823 0 0.2197250224)
(0.3553044057 0 -0.328359092)
(0.3545903379 0 -0.3293606434)
(0.3670906152 0 -0.3196038175)
(0.3735915688 0 -0.3086141653)
(0.3868061815 0 -0.305851805)
(0.1282559135 0 0.1352429636)
(0.1336918999 0 0.1416684819)
(0.1471819105 0 0.1540495114)
(0.1385654162 0 0.1491780484)
(0.1536408916 0 0.167491456)
(0.3680362959 0 -0.309401124)
(0.3581701059 0 -0.2974715304)
(0.3488440683 0 -0.2901217826)
(0.361048453 0 -0.2823550022)
(0.1084438744 0 0.1188326596)
(0.1110542756 0 0.1192909387)
(0.1161247515 0 0.1231974336)
(0.3519207305 0 -0.3206676608)
(0.4261087635 0 -0.3515928207)
(0.674192564 0 -0.4609533805)
(0.4931800488 0 -0.3944784854)
(1.44674144 0 -0.8469866764)
(2.815386608 0 -1.126394985)
(0.738115658 0 -0.7317583453)
(1.986009686 0 1.146049786)
(1.037808752 0 0.6954675695)
(1.799076966 0 1.239966648)
(0.6932672987 0 0.5175421579)
(0.5669909846 0 0.4486486284)
(0.5015542036 0 0.418807956)
(0.1866397053 0 0.1775267876)
(2.673926013 0 -0.9428868582)
(0.722276006 0 -0.2259874152)
(0.9731039691 0 -0.1937857826)
(1.03377523 0 -0.2277429529)
(0.6063278593 0 0.09465859623)
(0.2547714312 0 -0.05285262677)
(0.274319584 0 -0.05324595264)
(0.3817769689 0 0.04827396353)
(0.395046888 0 0.1265433337)
(0.4218669335 0 0.1604133377)
(0.3766101507 0 0.1584176008)
(0.3484450195 0 0.1624862991)
(0.3617550283 0 0.173039265)
(0.6915934297 0 -0.113464663)
(0.7577373956 0 -0.1960689467)
(0.7305989242 0 -0.2214124552)
(0.7122388814 0 -0.1344900249)
(1.334432606 0 0.2962206553)
(2.230821834 0 1.075187133)
(-1.160907142 0 -0.4126141176)
(-1.105482903 0 -0.3515611159)
(-1.115349589 0 -0.3509504105)
(-1.024541683 0 -0.294180301)
(-0.8707459154 0 -0.2303131868)
(-0.8017458784 0 -0.2131673255)
(-0.3949509262 0 -0.1096111208)
(-0.3748713933 0 -0.09581651575)
(-0.3628869987 0 -0.09238858347)
(-0.3320544906 0 -0.07611412262)
(-0.2323777725 0 -0.04514908727)
(-0.2348829697 0 -0.04116428898)
(-0.2542753928 0 -0.03581210455)
(-0.3663945307 0 -0.03117067217)
(-0.3674491264 0 -0.02832938368)
(-0.4824943472 0 0.001201210673)
(-0.4403404028 0 0.03712091195)
(-0.4259829052 0 0.03513518383)
(-0.3718890358 0 0.04108503771)
(-0.8490398837 0 -0.1313147369)
(-0.657621529 0 -0.08426571543)
(-1.513142028 0 0.3588624653)
(-1.411398421 0 0.5021438924)
(-1.372969645 0 0.4372059481)
(-0.754235183 0 -0.4759033342)
(-0.9179214433 0 -0.5429240886)
(-0.8945214343 0 -0.5134458537)
(-1.044915419 0 -0.582527052)
(-1.106038684 0 -0.5779332681)
(-1.147247552 0 -0.5714161931)
(-1.104500275 0 -0.529774338)
(-1.10535425 0 -0.4743969362)
(-1.149100299 0 -0.4728408464)
(-1.127233975 0 -0.4257088669)
(-1.139421706 0 -0.3761866694)
(-1.111683604 0 -0.3590489899)
(-1.11411468 0 -0.3232717201)
(-0.9926651732 0 -0.2610203766)
(-0.9338477595 0 -0.2460212855)
(-0.4164902045 0 -0.1248551741)
(-0.4001279478 0 -0.1058455717)
(-0.3871947547 0 -0.1002044671)
(-0.3593106384 0 -0.08433390582)
(-0.2496598028 0 -0.0574430709)
(-0.2386456252 0 -0.05109176143)
(-0.2518351541 0 -0.04345233784)
(-0.3469915421 0 -0.02892798081)
(-0.3588477537 0 -0.03258013563)
(-0.4770417001 0 -0.005147687589)
(-0.4591951147 0 0.041164473)
(-0.4508789056 0 0.03908932348)
(-0.3992135959 0 0.06727688483)
(-0.3422876333 0 0.1086886819)
(-0.9895005764 0 -0.1545002313)
(-0.4998209107 0 0.2992955527)
(-0.2757261755 0 0.1001853562)
(-1.274065228 0 0.525200918)
(-0.2390095718 0 0.06803104048)
(-0.2252009211 0 0.07461050611)
(-0.8113043461 0 0.4298536838)
(-0.6130898103 0 0.2429811424)
(-0.5145863312 0 0.2532405833)
(-0.6172378365 0 0.2552241498)
(-0.4724596454 0 0.2779604474)
(-0.4642197575 0 0.3025575359)
(-0.4990912947 0 0.2676553658)
(-0.5257671298 0 -0.3950091086)
(-0.678551498 0 -0.4755239516)
(-0.627053301 0 -0.4322904921)
(-0.818180365 0 -0.5433799735)
(-0.9258332504 0 -0.5895840502)
(-0.9276664272 0 -0.5679104753)
(-0.9790199113 0 -0.6012001583)
(-0.9799886121 0 -0.5724082798)
(-1.044347966 0 -0.5760286272)
(-1.00540037 0 -0.5396080127)
(-1.086423758 0 -0.5181586764)
(-1.086906599 0 -0.4899671716)
(-1.182149363 0 -0.4888627379)
(-1.252531579 0 -0.4415511002)
(-1.186318091 0 -0.40311613)
(-1.244490917 0 -0.3722943762)
(-1.065878912 0 -0.2815618986)
(-1.039708304 0 -0.2737012147)
(-0.4302205267 0 -0.1446563119)
(-0.4203746147 0 -0.1217564196)
(-0.4121244022 0 -0.1129738461)
(-0.401531542 0 -0.09569189238)
(-0.2749551699 0 -0.0667024918)
(-0.2620340203 0 -0.0629567486)
(-0.2683629483 0 -0.04354833226)
(-0.3184692245 0 0.005229903679)
(-0.3328730495 0 -0.01594993014)
(-0.4294401918 0 -0.004689111923)
(-0.479220571 0 0.04765616207)
(-0.4662438558 0 0.04382174207)
(-0.3785362727 0 0.04998656167)
(-0.2857706705 0 0.05543675312)
(-0.2982844892 0 0.08140929048)
(-0.2402112682 0 0.05646112719)
(-0.2096818622 0 0.06242672368)
(-0.2145548008 0 0.05591164778)
(-0.2025180055 0 0.08045397233)
(-0.3271434912 0 0.1953290541)
(-0.2836511938 0 0.1235745201)
(-0.372170193 0 0.2643980545)
(-0.3971618184 0 0.3120932079)
(-0.4321262549 0 0.2762004946)
(-0.4241366524 0 0.3490388637)
(-0.4501217196 0 0.376676722)
(-0.4514708303 0 0.3426562443)
(-0.4677491922 0 0.3922139679)
(-0.4702254816 0 0.3921911073)
(-0.4615517879 0 0.3569504889)
(-0.2995998936 0 -0.2944074859)
(-0.364244273 0 -0.3417363427)
(-0.2959781862 0 -0.2793982304)
(-0.4745311379 0 -0.4158433788)
(-0.6074415265 0 -0.4970200913)
(-0.471209236 0 -0.384023359)
(-0.7335300818 0 -0.5646975623)
(-0.8374695186 0 -0.6121634803)
(-0.7459654913 0 -0.533781583)
(-0.9102034902 0 -0.6387182527)
(-0.9366356028 0 -0.6387333546)
(-0.9250836307 0 -0.6120662314)
(-0.909520021 0 -0.6079142492)
(-0.8823107339 0 -0.5742177618)
(-0.9244329846 0 -0.5716398024)
(-0.9500820912 0 -0.5806641962)
(-1.108023413 0 -0.6057292701)
(-1.095748904 0 -0.5572529574)
(-1.29047546 0 -0.6073301994)
(-1.435317409 0 -0.5616476768)
(-1.336207126 0 -0.4933634091)
(-1.436043046 0 -0.4544644052)
(-1.10164781 0 -0.2820103411)
(-1.074987264 0 -0.2833800314)
(-0.4970050865 0 -0.09099981819)
(-0.425436205 0 -0.137108091)
(-0.4230045528 0 -0.1313569446)
(-0.4403052683 0 -0.1096971066)
(-0.3047636757 0 -0.06773435851)
(-0.2888159514 0 -0.06840711838)
(-0.289141061 0 -0.01844256273)
(-0.2958805968 0 0.04507617151)
(-0.3058863489 0 0.02762238065)
(-0.3338030409 0 0.009028919804)
(-0.5161409362 0 0.04882889404)
(-0.4998234848 0 0.05182481082)
(-0.4514933025 0 0.07050532853)
(-0.2966364545 0 0.07723525366)
(-0.2893579247 0 0.05997856405)
(-0.2495502525 0 0.1210158189)
(-0.2503370783 0 0.1906902602)
(-0.2163720909 0 0.1001436005)
(-0.2783214791 0 0.2504929163)
(-0.3172856193 0 0.2942940973)
(-0.3091595011 0 0.2508694289)
(-0.3542413342 0 0.328530938)
(-0.388851566 0 0.3580600802)
(-0.3884007826 0 0.3415747581)
(-0.4209863918 0 0.3845218355)
(-0.4483591334 0 0.4066592407)
(-0.4508875293 0 0.3985494819)
(-0.4667816598 0 0.4212050732)
(-0.4717664534 0 0.4244336997)
(-0.4749047074 0 0.4152499649)
(-0.4604895559 0 0.4137324508)
(-0.4325856302 0 0.3879793228)
(-0.4298456888 0 0.3704206619)
(-0.389620889 0 0.3483543704)
(-0.3383757777 0 0.3049987135)
(-0.3227338081 0 0.2773475363)
(-0.4851313169 0 -0.5458206429)
(-0.5450518004 0 -0.5870049974)
(-0.3625416272 0 -0.3763795722)
(-0.6333038329 0 -0.6442771589)
(-0.7398979719 0 -0.7071730884)
(-0.5355458404 0 -0.5042156923)
(-0.8469241462 0 -0.7610140324)
(-0.9405618254 0 -0.7966092801)
(-0.7766241644 0 -0.6445838042)
(-1.011561344 0 -0.8101059028)
(-1.050010094 0 -0.7984445411)
(-0.9460870883 0 -0.7056897755)
(-1.044940154 0 -0.7588391845)
(-0.994110522 0 -0.6952803857)
(-0.9628464653 0 -0.6686274532)
(-0.9170271805 0 -0.6264794611)
(-0.8568352284 0 -0.5848097906)
(-0.8576903858 0 -0.5787169819)
(-0.8904942207 0 -0.6119278076)
(-1.095161589 0 -0.706756019)
(-1.112048918 0 -0.6585860513)
(-1.359332372 0 -0.7656954213)
(-1.639658944 0 -0.7564266237)
(-1.543348845 0 -0.6496167588)
(-1.782294825 0 -0.6273142576)
(-1.443527888 0 -0.3277066361)
(-1.208734877 0 -0.2905167979)
(-0.6749268889 0 0.05726780568)
(-0.4807968729 0 -0.1085622575)
(-0.4439557374 0 -0.1305011553)
(-0.4651061892 0 -0.1312116555)
(-0.3634436901 0 -0.05101128847)
(-0.3260574374 0 -0.06282438118)
(-0.3442129928 0 0.04660908654)
(-0.2981525303 0 0.06936634713)
(-0.2915086925 0 0.05717468714)
(-0.2935429636 0 0.02496591384)
(-0.3845530588 0 -0.06333405645)
(-0.4956539502 0 0.01540290611)
(-0.4206892637 0 0.1011776928)
(-0.3365962032 0 0.2626676469)
(-0.3131177839 0 0.1480595654)
(-0.3182627514 0 0.2881418749)
(-0.3227600366 0 0.2978694168)
(-0.2919658637 0 0.2670889182)
(-0.3350069321 0 0.3089609772)
(-0.3511149076 0 0.3221460934)
(-0.3366760808 0 0.3175157307)
(-0.3694143735 0 0.3369420215)
(-0.3888493522 0 0.3530168388)
(-0.3906161138 0 0.3610159128)
(-0.4082857982 0 0.3699454588)
(-0.4257222324 0 0.3864833844)
(-0.4401701099 0 0.4016121933)
(-0.4378188427 0 0.399978215)
(-0.4406413953 0 0.4068117433)
(-0.4602346001 0 0.4207775933)
(-0.4316265969 0 0.4039539599)
(-0.4112139778 0 0.3904599048)
(-0.4258509741 0 0.3937724078)
(-0.3830354184 0 0.3687800758)
(-0.3532476719 0 0.345998203)
(-0.348677006 0 0.3277504719)
(-0.3281427133 0 0.3306854522)
(-0.3100119852 0 0.3263251535)
(-0.2826375241 0 0.2965512773)
(-0.7880563674 0 -0.9393316883)
(-0.86717076 0 -0.975804572)
(-0.7270156428 0 -0.801388872)
(-0.9552236681 0 -1.014208587)
(-1.038046789 0 -1.041310238)
(-0.9145238926 0 -0.8930068604)
(-1.102914593 0 -1.045649613)
(-1.140235625 0 -1.020820485)
(-1.073151141 0 -0.9316747316)
(-1.145527634 0 -0.9669523697)
(-1.123119631 0 -0.8923261275)
(-1.116617578 0 -0.8657683839)
(-1.085025478 0 -0.8105618387)
(-1.041148603 0 -0.7323984497)
(-1.019277258 0 -0.7139439337)
(-0.9924626304 0 -0.6628681793)
(-0.9358249264 0 -0.6096307058)
(-0.8831253101 0 -0.5938812892)
(-0.8906304911 0 -0.606569108)
(-0.9816847241 0 -0.7337661051)
(-1.049056545 0 -0.7378071092)
(-1.227252375 0 -0.8662176328)
(-1.655423316 0 -0.9875011708)
(-1.691461463 0 -0.8755090788)
(-2.082672508 0 -0.9208392704)
(-2.104474178 0 -0.5000698785)
(-1.784839051 0 -0.4002705977)
(-0.9975260763 0 0.2247521865)
(-0.5648279079 0 -0.03868279277)
(-0.522338127 0 -0.07493732109)
(-0.5011903222 0 -0.1744521655)
(-0.5313137385 0 -0.07265653463)
(-0.433320204 0 -0.04078909876)
(-0.4724613525 0 0.1062427456)
(-0.3735964709 0 0.120049862)
(-0.3232997552 0 0.0898273019)
(-0.3323534899 0 0.07119467923)
(-0.3865807261 0 0.1042723496)
(-0.3759567258 0 0.006501755955)
(-0.3766370258 0 0.2174168817)
(-0.3767188216 0 0.2819210622)
(-0.3502004782 0 0.2739121828)
(-0.3730464408 0 0.3042676835)
(-0.3704220228 0 0.3127666783)
(-0.3467343973 0 0.3036742347)
(-0.3702488623 0 0.3177897891)
(-0.3721529916 0 0.3223088585)
(-0.3619614087 0 0.3204802523)
(-0.3753328221 0 0.3271723606)
(-0.3790740454 0 0.3328109362)
(-0.3841507139 0 0.341673356)
(-0.382835781 0 0.3396384848)
(-0.3859567027 0 0.347777269)
(-0.4066467354 0 0.3668641392)
(-0.3871846732 0 0.3564770063)
(-0.3847249188 0 0.3639417433)
(-0.4145417765 0 0.3864310446)
(-0.3774611352 0 0.3683003299)
(-0.3665545787 0 0.3693221264)
(-0.3906261146 0 0.381195479)
(-0.3554871897 0 0.3691985307)
(-0.3478307774 0 0.3709853033)
(-0.3524600633 0 0.3600522554)
(-0.3444652861 0 0.3757242373)
(-0.3430319357 0 0.3814588254)
(-0.3297978029 0 0.3552483468)
(-0.7814966863 0 -1.08096114)
(-0.8262729824 0 -1.086309298)
(-0.8078668102 0 -1.037797304)
(-0.8876881694 0 -1.108847282)
(-0.9531834787 0 -1.136594471)
(-0.9493935147 0 -1.093643034)
(-1.006910763 0 -1.150375354)
(-1.03917221 0 -1.136915135)
(-1.081656021 0 -1.125116688)
(-1.050919563 0 -1.096336984)
(-1.053147179 0 -1.040867168)
(-1.119724164 0 -1.045736997)
(-1.058747531 0 -0.9840662319)
(-1.073792707 0 -0.931422486)
(-1.094899908 0 -0.9022237077)
(-1.095880417 0 -0.8804265024)
(-1.118846649 0 -0.8272638315)
(-1.073099387 0 -0.7671552903)
(-1.181939823 0 -0.8094734801)
(-1.499626022 0 -0.9676938675)
(-1.03948203 0 -0.6568507972)
(-2.055658428 0 -1.176981627)
(-2.496975008 0 -1.190275294)
(-1.274224739 0 -0.7859018098)
(-0.7294424439 0 -0.5003345028)
(-0.9537848014 0 -0.7064953916)
(-1.444313966 0 -1.004934648)
(-1.405167917 0 -0.9086065785)
(-1.699690844 0 -0.6411307844)
(-2.191861421 0 -0.6027495015)
(-1.133491978 0 0.2253497833)
(-0.6552358607 0 -0.04015318612)
(-0.6170063938 0 -0.01529768438)
(-0.5467047268 0 -0.2313383367)
(-0.6748671392 0 -0.2379703287)
(-0.6194082977 0 -0.1555336088)
(-0.6832363807 0 0.02026252122)
(-0.5326277064 0 0.1882058787)
(-0.447465834 0 0.1540144893)
(-0.4879687995 0 0.215099021)
(-0.5120698805 0 0.3363729461)
(-0.427698983 0 0.2246597897)
(-0.501642208 0 0.3818536688)
(-0.4776593494 0 0.3872969185)
(-0.4225622793 0 0.3291103247)
(-0.4535074647 0 0.3787819409)
(-0.4333832864 0 0.3670913021)
(-0.3986418468 0 0.3354062555)
(-0.4173055932 0 0.3559288296)
(-0.4036733833 0 0.3460241403)
(-0.3850214316 0 0.3307490666)
(-0.3906712579 0 0.3372432361)
(-0.3771405227 0 0.3296811407)
(-0.3761163264 0 0.3285474876)
(-0.3629994853 0 0.3240480522)
(-0.3490877275 0 0.3214022424)
(-0.3662762454 0 0.3320896534)
(-0.3366281332 0 0.3225727847)
(-0.3268256206 0 0.3278430646)
(-0.3544943332 0 0.3432944908)
(-0.32081157 0 0.3370943179)
(-0.3195278548 0 0.3500051975)
(-0.3419118856 0 0.3580693645)
(-0.3231824579 0 0.3658338612)
(-0.3307368349 0 0.3830409895)
(-0.3403616127 0 0.3788037343)
(-0.3400167016 0 0.3993597859)
(-0.3483443638 0 0.4123741465)
(-0.349197599 0 0.4014274762)
(-0.3532493871 0 0.4201927157)
(-0.3528544425 0 0.4219530201)
(-0.347878848 0 0.4088051598)
(-0.6436106388 0 -1.037425554)
(-0.6487553285 0 -1.015625881)
(-0.7177086387 0 -1.073106877)
(-0.6677756273 0 -1.003672561)
(-0.7072246125 0 -1.014705385)
(-0.7822865751 0 -1.065973187)
(-0.7600375913 0 -1.045633634)
(-0.8107072453 0 -1.077931076)
(-0.893555771 0 -1.119309839)
(-0.8490062111 0 -1.094896535)
(-0.8767672632 0 -1.09397892)
(-0.9575308644 0 -1.115197532)
(-0.9044668341 0 -1.084303217)
(-0.9420322262 0 -1.074833022)
(-0.9913034473 0 -1.048520117)
(-0.9928732441 0 -1.066570306)
(-1.055557511 0 -1.054727898)
(-1.064444164 0 -0.9850933765)
(-1.163907233 0 -1.073677864)
(-1.604655492 0 -1.434809015)
(-1.221818035 0 -0.9625555472)
(-2.374063471 0 -2.047921406)
(-3.096702189 0 -2.376412156)
(-2.414617157 0 -1.675170454)
(-3.646038171 0 -2.313240511)
(-3.835738981 0 -1.897472708)
(-3.533827713 0 -1.652212868)
(-0.6984860413 0 -0.2813673807)
(-0.681297377 0 -0.4756663818)
(-0.496302515 0 -0.2489234183)
(-0.7881079302 0 -0.5785053703)
(-0.9000099541 0 -0.6178310836)
(-0.6926201564 0 -0.4805348781)
(-0.8832633983 0 -0.5512704187)
(-0.755497583 0 -0.4005674598)
(-0.540759169 0 -0.2338529974)
(-0.6057204431 0 -0.265210196)
(-0.7276983938 0 -0.3355346201)
(-0.707248749 0 -0.2993553421)
(-0.8863257076 0 -0.334030695)
(-0.637419838 0 0.2615856217)
(-0.60525745 0 0.2244499539)
(-0.7008879829 0 0.5003857482)
(-0.6685238026 0 0.5352241614)
(-0.6006282082 0 0.4492500563)
(-0.6256157274 0 0.5236792794)
(-0.5872401993 0 0.5006678594)
(-0.5330865738 0 0.4455320308)
(-0.5550521442 0 0.4756809115)
(-0.5268676645 0 0.4510359852)
(-0.4754295556 0 0.4054078845)
(-0.4990951373 0 0.4265434632)
(-0.4683308317 0 0.4015071317)
(-0.4308198668 0 0.3691818171)
(-0.4329945144 0 0.3761371034)
(-0.3943922272 0 0.3523055973)
(-0.3832655167 0 0.3372284402)
(-0.3563704093 0 0.3329797736)
(-0.3237551286 0 0.3208064236)
(-0.3348868002 0 0.3170813592)
(-0.3003204629 0 0.3169661723)
(-0.2873493746 0 0.320957336)
(-0.3039392382 0 0.320037561)
(-0.2838284153 0 0.3312305066)
(-0.2876247225 0 0.345884969)
(-0.3012567993 0 0.3461620589)
(-0.2963735148 0 0.3629522277)
(-0.3077559568 0 0.3803879397)
(-0.3196134996 0 0.3834744709)
(-0.3194774146 0 0.3960370853)
(-0.329271966 0 0.4077647892)
(-0.3411979992 0 0.413977106)
(-0.3350797149 0 0.4137732264)
(-0.3353699953 0 0.4130071897)
(-0.3480229168 0 0.4222663694)
(-0.329574509 0 0.4055041044)
(-0.3178170667 0 0.3932660264)
(-0.3304992129 0 0.4043220973)
(-0.5173248223 0 -0.9214158735)
(-0.5258126254 0 -0.9234714166)
(-0.5799368836 0 -0.9600919226)
(-0.5382503561 0 -0.9221035795)
(-0.5624869734 0 -0.9285818584)
(-0.6293629094 0 -0.9634329986)
(-0.6020810711 0 -0.953459255)
(-0.649520387 0 -0.9924285006)
(-0.7271236086 0 -1.032787499)
(-0.6963609409 0 -1.034186313)
(-0.7428465606 0 -1.075019771)
(-0.8057573153 0 -1.08088154)
(-0.794430008 0 -1.116639033)
(-0.8553565153 0 -1.158176913)
(-0.8985046365 0 -1.113208411)
(-0.9286312837 0 -1.196030477)
(-1.083115101 0 -1.314005566)
(-1.051508703 0 -1.147437479)
(-1.616869978 0 -1.96200162)
(-2.303436446 0 -2.846913383)
(-2.089183032 0 -2.184643221)
(-2.776428248 0 -3.306448441)
(-3.18603553 0 -3.413783818)
(-3.299457663 0 -2.918643309)
(-3.995598741 0 -3.232921891)
(-2.834693033 0 -1.807532518)
(-3.536406865 0 -1.926912792)
(-1.550281279 0 -0.5990645216)
(-1.37957446 0 -1.404403549)
(-1.072461789 0 -0.9783708958)
(-1.496766394 0 -1.403553628)
(-1.5438964 0 -1.311222094)
(-1.284682574 0 -1.010591254)
(-1.511390726 0 -1.151458947)
(-1.41046003 0 -0.9476506422)
(-1.120414757 0 -0.6970980676)
(-1.214009203 0 -0.6868870487)
(-0.7421858528 0 -0.3281598139)
(-0.7386021096 0 -0.342578842)
(-0.9675003959 0 -0.4640335607)
(-0.7559620213 0 0.4205303487)
(-0.6618810681 0 0.2948076741)
(-0.7673821556 0 0.5856318606)
(-0.7458007817 0 0.622410146)
(-0.7108529576 0 0.584339365)
(-0.7249717426 0 0.6234887192)
(-0.7084331018 0 0.6119823117)
(-0.6435966259 0 0.5544719329)
(-0.6921823586 0 0.5935249549)
(-0.6680206632 0 0.5676396366)
(-0.5903090093 0 0.5049944959)
(-0.627174379 0 0.5327184195)
(-0.5667815199 0 0.4901184087)
(-0.5154400803 0 0.4426776171)
(-0.4929144964 0 0.4455651433)
(-0.4184418575 0 0.4068596134)
(-0.4078952665 0 0.3754169337)
(-0.3570577953 0 0.3789481634)
(-0.3148602056 0 0.361150405)
(-0.3162945164 0 0.3347451999)
(-0.2895095345 0 0.3507153186)
(-0.2763779713 0 0.3461586553)
(-0.2780215534 0 0.3301262496)
(-0.2717863205 0 0.3467079171)
(-0.2730896814 0 0.3513614343)
(-0.278365577 0 0.3478843469)
(-0.2782322327 0 0.3587755853)
(-0.2853980399 0 0.3673544161)
(-0.2960438676 0 0.3745897957)
(-0.2927837828 0 0.3753165358)
(-0.2985323049 0 0.3808266935)
(-0.3144106651 0 0.3958918364)
(-0.3008691219 0 0.3822810374)
(-0.2984458022 0 0.3787843319)
(-0.3179579468 0 0.3975125683)
(-0.2908247228 0 0.3708666912)
(-0.2790473074 0 0.3612841159)
(-0.2989649151 0 0.3767132617)
(-0.4331363321 0 -0.8604600457)
(-0.4591767616 0 -0.9085047476)
(-0.4875129117 0 -0.9073340997)
(-0.4853762364 0 -0.9530998271)
(-0.5079733568 0 -0.9837258687)
(-0.5183078658 0 -0.928391262)
(-0.524826977 0 -0.995478226)
(-0.545218305 0 -1.003843248)
(-0.5833481539 0 -0.9703171074)
(-0.5809698189 0 -1.032520868)
(-0.6309301509 0 -1.088148688)
(-0.6853436025 0 -1.076049031)
(-0.6886540258 0 -1.162723561)
(-0.7523032801 0 -1.246022566)
(-0.8088297717 0 -1.205470285)
(-0.8196478107 0 -1.320966344)
(-0.8820325384 0 -1.36545071)
(-1.06412728 0 -1.465104511)
(-0.9328319099 0 -1.452390763)
(-1.037978017 0 -2.791052882)
(-2.139411995 0 -3.195522169)
(-1.239700174 0 -5.11541496)
(-1.557307563 0 -7.14280153)
(-3.007749982 0 -4.425009677)
(-2.513055826 0 -6.159159659)
(-1.046396877 0 -0.7143712975)
(-1.834826962 0 -1.566160404)
(-1.495795329 0 -2.021455447)
(-1.561639216 0 -1.959367991)
(-1.549782094 0 -1.726344952)
(-1.57170468 0 -1.795023286)
(-1.560572001 0 -1.593299288)
(-1.622739754 0 -1.492688686)
(-1.567186739 0 -1.401416543)
(-1.611643512 0 -1.234727155)
(-1.571034298 0 -1.120619684)
(-1.660435144 0 -1.061753902)
(-0.7263964995 0 -0.2591541715)
(-0.7381771039 0 -0.2979887432)
(-0.9420864865 0 -0.5028733574)
(-0.795469666 0 0.5818208595)
(-0.816699205 0 0.5354074124)
(-0.8002447167 0 0.6621878468)
(-0.8257486431 0 0.7031121238)
(-0.7835294393 0 0.6651751229)
(-0.8582126894 0 0.7287279097)
(-0.8871568663 0 0.7415622035)
(-0.7874194515 0 0.675847736)
(-0.8937445453 0 0.7353888103)
(-0.8530935404 0 0.7030701222)
(-0.7592132379 0 0.6372771805)
(-0.7548136079 0 0.6465743635)
(-0.6237233235 0 0.5847509279)
(-0.6101287725 0 0.5393327693)
(-0.5057691524 0 0.5400134897)
(-0.4278566621 0 0.511665422)
(-0.4225785132 0 0.4497130184)
(-0.378670697 0 0.4834928036)
(-0.3428287767 0 0.4512727934)
(-0.3231062247 0 0.4008223557)
(-0.3149085332 0 0.4195355002)
(-0.2943605957 0 0.3932620823)
(-0.2821311924 0 0.3676166772)
(-0.2810915313 0 0.3747866971)
(-0.2740509704 0 0.3637183003)
(-0.2715842749 0 0.3563444556)
(-0.2714838452 0 0.3581731547)
(-0.2714855001 0 0.3559513129)
(-0.2767788284 0 0.3603650513)
(-0.2722726883 0 0.355128678)
(-0.2722826049 0 0.3543348648)
(-0.2836482531 0 0.3655912375)
(-0.2703335626 0 0.3530828708)
(-0.2659671204 0 0.3523587991)
(-0.2797545358 0 0.3612532509)
(-0.259814149 0 0.3550828154)
(-0.2532689852 0 0.3645085767)
(-0.262111308 0 0.3539071854)
(-0.1271164584 0 -0.459861055)
(-0.1484074042 0 -0.5360622891)
(-0.3576710179 0 -0.8018958632)
(-0.1754310663 0 -0.6227798628)
(-0.2153278249 0 -0.7333859086)
(-0.4175664884 0 -0.909881054)
(-0.2993505131 0 -0.9196482509)
(-0.4473385571 0 -1.161313572)
(-0.518130567 0 -1.090331071)
(-0.5964695719 0 -1.370734033)
(-0.6693127778 0 -1.489969777)
(-0.577260526 0 -1.173590225)
(-0.6734548663 0 -1.489172648)
(-0.623126334 0 -1.342277292)
(-0.5878035013 0 -1.141906103)
(-0.5218118802 0 -1.104050944)
(-0.4336698796 0 -0.9812044744)
(-0.657242563 0 -1.232131676)
(-0.4107438676 0 -0.9199572862)
(-0.3779534744 0 -0.797330184)
(-0.713785633 0 -1.270568559)
(-0.4228117651 0 -0.8532804554)
(-0.6854580245 0 -1.385636153)
(-0.7663626378 0 -1.339213125)
(-0.9404928947 0 -1.878310823)
(-1.132718479 0 -2.21832146)
(-0.6194619378 0 -2.125709059)
(-1.269003488 0 -2.426548483)
(-1.353589047 0 -2.486220361)
(-1.401538638 0 -2.263310675)
(-1.379049041 0 -2.400639016)
(-1.363762802 0 -2.216178874)
(-1.466360558 0 -2.099209777)
(-1.334809648 0 -1.993739789)
(-1.314514908 0 -1.76800097)
(-1.43758272 0 -1.677528678)
(-1.313575631 0 -1.542205258)
(-1.318425301 0 -1.290524825)
(-1.515921021 0 -1.286151783)
(-1.226147521 0 -0.9382022295)
(-0.7859602047 0 -0.3984464978)
(-0.7249148175 0 -0.2662213869)
(-0.8431328963 0 -0.4215761276)
(-0.6557542054 0 0.1830451402)
(-0.7028974735 0 0.5473472186)
(-1.031141978 0 0.622826237)
(-1.220059067 0 0.7713895246)
(-0.9168208746 0 0.7312125628)
(-1.287720481 0 0.8477526723)
(-1.275284824 0 0.8805792866)
(-1.030244232 0 0.8041800801)
(-1.135929165 0 0.8442826493)
(-0.8874656983 0 0.7716347143)
(-0.9166758362 0 0.7463679881)
(-0.6754396773 0 0.7410581933)
(-0.5768090855 0 0.7435092008)
(-0.5938735455 0 0.6384105212)
(-0.5305311683 0 0.7296762435)
(-0.4915724234 0 0.6876312066)
(-0.4506055056 0 0.5957529226)
(-0.4481415908 0 0.6261068431)
(-0.4040770342 0 0.5602817006)
(-0.3716392257 0 0.5067749438)
(-0.3649994183 0 0.501238049)
(-0.3339213468 0 0.453979983)
(-0.3118424252 0 0.4220962365)
(-0.3114869121 0 0.4194145663)
(-0.2967224927 0 0.3960872195)
(-0.2815391689 0 0.375577747)
(-0.2878738036 0 0.3816949267)
(-0.2831387043 0 0.3743671019)
(-0.2719214898 0 0.3580167243)
(-0.2810891839 0 0.3735860444)
(-0.2807240803 0 0.3805659958)
(-0.2685825961 0 0.3541869778)
(-0.2811825082 0 0.397330133)
(-0.2812668539 0 0.4234263695)
(-0.2634632736 0 0.3655433305)
(-0.2790518282 0 0.4525507928)
(-0.272248285 0 0.4751367219)
(-0.2566266313 0 0.4036995384)
(-0.2594791169 0 0.4841756225)
(-0.241292093 0 0.4779645333)
(-0.2400066589 0 0.4324338995)
(-0.05869132568 0 -0.3518266599)
(-0.05821379968 0 -0.3683058453)
(-0.09816728926 0 -0.4155510787)
(-0.06028259442 0 -0.4039594641)
(-0.05981426116 0 -0.4585111727)
(-0.1413575764 0 -0.6214176269)
(-0.03933715928 0 -0.5222160203)
(0.03206890651 0 -0.5909044789)
(-0.2305173116 0 -1.036371538)
(0.1775921568 0 -0.6660233805)
(0.3859623164 0 -0.7407347603)
(-0.4207300562 0 -1.60282261)
(0.5653436201 0 -0.7826655281)
(0.4807457068 0 -0.6963742699)
(-0.5399080323 0 -1.087184468)
(-0.01008586523 0 -0.5662890507)
(-0.2360961001 0 -0.5981167944)
(-0.2191105961 0 -0.6159866835)
(-0.2494212133 0 -0.6109598263)
(-0.3104102776 0 -0.7529523311)
(-0.2633794048 0 -0.6254207546)
(-0.521795472 0 -1.302911311)
(-0.7589713039 0 -1.909481467)
(-0.7300903983 0 -1.618651951)
(-0.9513322555 0 -2.359724005)
(-1.115925894 0 -2.675925759)
(-1.119947251 0 -2.444056735)
(-1.241103267 0 -2.823262817)
(-1.31258576 0 -2.794400432)
(-1.318108626 0 -2.656414861)
(-1.33532301 0 -2.641387579)
(-1.326172076 0 -2.431571275)
(-1.321826105 0 -2.332209182)
(-1.298923027 0 -2.204496867)
(-1.259988304 0 -1.970660397)
(-1.253743892 0 -1.867860817)
(-1.20841723 0 -1.720052524)
(-1.129224273 0 -1.418399727)
(-1.16450548 0 -1.319529307)
(-0.9892271686 0 -1.026996156)
(-0.8004094457 0 -0.6613787916)
(-0.8252778217 0 -0.5432372702)
(-0.7348589951 0 -0.6877861164)
(-0.8417596643 0 -0.5806894607)
(-0.9322208116 0 -0.2579825831)
(-0.9651955052 0 0.7953238324)
(-0.7803061846 0 0.7796407245)
(-1.46566493 0 0.9655272174)
(-0.6806651866 0 0.7812501618)
(-0.6649541372 0 0.8236275287)
(-1.437055436 0 1.073651059)
(-0.7927386432 0 1.096008104)
(-0.7877134146 0 1.135245757)
(-0.7886656459 0 0.9011333014)
(-0.7419511422 0 1.089210469)
(-0.6828119563 0 1.01029993)
(-0.6204140234 0 0.8854408452)
(-0.6235974206 0 0.9170358257)
(-0.5676320132 0 0.8200337162)
(-0.5350501569 0 0.7667049865)
(-0.5128707198 0 0.7253584403)
(-0.4644775003 0 0.6442578398)
(-0.4353261595 0 0.6064123261)
(-0.4266446267 0 0.5822430238)
(-0.4000864402 0 0.5390293836)
(-0.3618273293 0 0.4909742252)
(-0.3839514108 0 0.512785208)
(-0.3773484877 0 0.5030215352)
(-0.3250583952 0 0.4331086886)
(-0.3797011221 0 0.512153568)
(-0.3901092111 0 0.5458500355)
(-0.3156597814 0 0.4224371928)
(-0.4045327088 0 0.6058094122)
(-0.4133205377 0 0.6737950455)
(-0.3240684017 0 0.4690071628)
(-0.4072241495 0 0.7208941277)
(-0.3854297071 0 0.7343068376)
(-0.3252557644 0 0.5484828875)
(-0.3536488411 0 0.7190683256)
(-0.3168281913 0 0.6827519905)
(-0.2951277451 0 0.572845721)
(-0.277040438 0 0.6289719678)
(-0.2368577625 0 0.563427398)
(-0.2414089132 0 0.5240122933)
(0.02546078791 0 -0.3772930939)
(0.03764682907 0 -0.3689762818)
(-0.009316823282 0 -0.3700632671)
(0.0499367707 0 -0.3608360117)
(0.06727510945 0 -0.3550813597)
(0.04637860648 0 -0.4118407646)
(0.09078436969 0 -0.354963799)
(0.08844611201 0 -0.4103382456)
(0.1491149079 0 -0.4867876042)
(-0.03166084427 0 -0.6407629822)
(-0.1492515879 0 -0.8446968638)
(0.273006906 0 -0.5396815788)
(-0.2218787383 0 -0.9593454372)
(-0.2577677689 0 -1.02259978)
(-0.1433156495 0 -0.7761412285)
(-0.2700353014 0 -1.071264142)
(-0.2820313119 0 -1.171955218)
(-0.2805941947 0 -0.8507694689)
(-0.343394093 0 -1.488645072)
(-0.4832469444 0 -2.001205916)
(-0.4017893721 0 -1.240331117)
(-0.6490721146 0 -2.471542587)
(-0.8117441917 0 -2.828361406)
(-0.7855894655 0 -2.304571564)
(-0.9633711893 0 -3.065260563)
(-1.086127684 0 -3.151010897)
(-1.117312058 0 -2.913897024)
(-1.162788733 0 -3.079038295)
(-1.200839629 0 -2.909363248)
(-1.295069964 0 -2.885736314)
(-1.224377315 0 -2.718839443)
(-1.252263702 0 -2.549072727)
(-1.315696715 0 -2.491813506)
(-1.292246447 0 -2.40792305)
(-1.340803183 0 -2.281831224)
(-1.288949838 0 -2.079235847)
(-1.376945376 0 -2.136296136)
(-1.34444163 0 -1.906509102)
(-1.181077902 0 -1.590919275)
(-1.129794919 0 -1.495136657)
(-0.697536628 0 -0.9270183307)
(-0.7568186653 0 -0.7796642285)
(-0.7244453392 0 -0.8563937883)
(-0.8204369426 0 -0.7701024257)
(-0.816233262 0 -0.7049383611)
(-0.8283065363 0 0.4918070263)
(-0.7368274665 0 0.7335260646)
(-0.7372930666 0 0.7547222611)
(-0.6956833257 0 0.8741108023)
(-0.7020674006 0 0.971704049)
(-0.6688960188 0 0.8745389783)
(-0.9010383426 0 1.324719777)
(-0.88006094 0 1.321644156)
(-0.8353438823 0 1.229061046)
(-0.8423149954 0 1.280012661)
(-0.7794807016 0 1.188153294)
(-0.7310786786 0 1.098563537)
(-0.6745450585 0 0.9946330751)
(-0.599644949 0 0.8461318034)
(-0.5872314491 0 0.8457659855)
(-0.5585076341 0 0.7590392673)
(-0.5408411828 0 0.7184541138)
(-0.4959341208 0 0.6782299682)
(-0.5431698823 0 0.7148814615)
(-0.5703827293 0 0.7592415641)
(-0.4593919183 0 0.6122570928)
(-0.6233356483 0 0.8702168661)
(-0.6856459198 0 1.048257487)
(-0.4785864906 0 0.6531341122)
(-0.7162861199 0 1.217993849)
(-0.7033590088 0 1.316412582)
(-0.53184243 0 0.8381231274)
(-0.6616583616 0 1.344287238)
(-0.6011388527 0 1.312246561)
(-0.5252521683 0 0.9870143556)
(-0.5261822046 0 1.224845218)
(-0.4437423263 0 1.095290172)
(-0.4361520797 0 0.9390526733)
(-0.3645536745 0 0.9507630856)
(-0.2939869266 0 0.8083473186)
(-0.322444369 0 0.775405575)
(-0.2313878829 0 0.670145497)
(-0.1790700132 0 0.5459303984)
(-0.2184983719 0 0.5781085474)
(-0.03325079173 0 -0.3036607095)
(-0.05510634396 0 -0.3482286378)
(-0.05026147567 0 -0.4174092711)
(-0.06821535884 0 -0.3708477239)
(-0.0837220844 0 -0.4185116546)
(-0.0482995704 0 -0.4289031672)
(-0.1208176248 0 -0.5937355452)
(-0.1583051468 0 -0.8622929153)
(-0.1319377803 0 -0.6996284211)
(-0.1740703471 0 -1.06576157)
(-0.1753852376 0 -1.225377291)
(-0.2241560199 0 -1.05545597)
(-0.1639537619 0 -1.429775274)
(-0.1470930101 0 -1.736030513)
(-0.2335123614 0 -1.266828051)
(-0.1536871433 0 -2.126344103)
(-0.2120105052 0 -2.541961532)
(-0.2778107862 0 -1.820944997)
(-0.3151487977 0 -2.923311729)
(-0.4328745611 0 -3.237467097)
(-0.5222424027 0 -2.759017544)
(-0.5380677437 0 -3.435915267)
(-0.6119754248 0 -3.468264053)
(-0.7944433583 0 -3.334943035)
(-0.6518150689 0 -3.352081498)
(-0.6741126606 0 -3.185454577)
(-0.9431482779 0 -3.270196847)
(-0.7018504119 0 -3.069751297)
(-0.7502412684 0 -3.046330575)
(-1.003618955 0 -2.927329552)
(-0.8299892611 0 -3.122452722)
(-0.9529886721 0 -3.296980529)
(-1.152390629 0 -2.79955505)
(-1.131048766 0 -3.55070369)
(-1.369424784 0 -3.821827057)
(-1.456694736 0 -2.842852484)
(-1.666349394 0 -4.010782679)
(-2.00112746 0 -3.981086373)
(-1.735848386 0 -2.605911317)
(-2.141078958 0 -3.394996917)
(-0.6723058049 0 -1.284686672)
(-0.6987053719 0 -1.055512771)
(-0.7116104053 0 -1.136674581)
(-0.853470434 0 -0.8922164945)
(-0.8350205352 0 -0.819697023)
(-0.9089218993 0 0.2528709606)
(-0.8591873132 0 0.6076245832)
(-0.7816636318 0 0.6595745882)
(-0.8490440855 0 1.166001004)
(-1.106552082 0 1.085461559)
(-0.7800507973 0 1.117628433)
(-1.105693114 0 1.737137459)
(-1.006398882 0 1.578020531)
(-0.9439087131 0 1.448922233)
(-0.9638496925 0 1.497649475)
(-0.8412426681 0 1.265053162)
(-0.8274636657 0 1.273426127)
(-0.6128327306 0 0.6872185258)
(-0.6292072756 0 0.7076833312)
(-0.6111032923 0 0.8129571253)
(-0.7125709417 0 0.7108104306)
(-1.122286484 0 1.439817154)
(-0.6353370386 0 0.8013097844)
(-1.382752768 0 2.461624497)
(-1.361053664 0 2.842662986)
(-0.8857228305 0 1.303639346)
(-1.231399052 0 2.825226729)
(-1.055042311 0 2.612301335)
(-0.9750423329 0 1.858268739)
(-0.8763582432 0 2.335642533)
(-0.7150872262 0 2.053048549)
(-0.7994825881 0 1.80885571)
(-0.5778222349 0 1.78401665)
(-0.4634559242 0 1.532171474)
(-0.589945054 0 1.532517485)
(-0.3624608261 0 1.277207785)
(-0.2727923827 0 1.022472314)
(-0.3875235904 0 1.134461375)
(-0.2006533978 0 0.800499862)
(-0.1462920152 0 0.6186965152)
(-0.2309834662 0 0.7559736451)
(-0.1057001547 0 0.4767523558)
(-0.07690294642 0 0.3756789224)
(-0.1276928507 0 0.4731394269)
(0.1143625283 0 -0.3683996198)
(0.01055578356 0 -0.2104600812)
(-0.05100027619 0 -0.2974996574)
(0.02985440069 0 -0.2058897659)
(0.006965274235 0 -0.2428226025)
(-0.09287407857 0 -0.3533040276)
(-0.04476178242 0 -0.3403679912)
(-0.1274374805 0 -0.5072760827)
(-0.1593036076 0 -0.4927645708)
(-0.2334168458 0 -0.7311813464)
(-0.3439320289 0 -0.9793468506)
(-0.2768665441 0 -0.7198886578)
(-0.4134528177 0 -1.16925828)
(-0.3063372729 0 -1.290175727)
(-0.310315105 0 -0.9321004893)
(-0.0254996297 0 -1.527171045)
(0.1562032471 0 -1.855254375)
(-0.09250316849 0 -1.858703421)
(0.2297379532 0 -2.17140016)
(0.2558735684 0 -2.40655198)
(-0.2914292554 0 -2.986550626)
(0.2603146532 0 -2.47872483)
(0.2478944835 0 -2.416203442)
(-0.393682654 0 -3.257216476)
(0.2297352108 0 -2.304806566)
(0.2128620831 0 -2.201133031)
(-0.4193685994 0 -3.038873917)
(0.2013319669 0 -2.128040001)
(0.1980978576 0 -2.086600333)
(-0.4802578337 0 -3.099222868)
(0.2066891192 0 -2.075788875)
(0.2305700563 0 -2.106598404)
(-0.6074171125 0 -3.562285899)
(0.2714331986 0 -2.201874734)
(0.3299097799 0 -2.387909467)
(-0.833296871 0 -4.405216788)
(0.4050691048 0 -2.675123781)
(0.4890564226 0 -3.034565044)
(-1.239060714 0 -5.397769741)
(0.5499560004 0 -3.396246994)
(-0.02307228172 0 -2.594720026)
(-0.3246000285 0 -1.169569137)
(-0.114305994 0 -2.185557715)
(-0.238658162 0 -0.5080909958)
(-0.4380464428 0 0.2936165473)
(-0.2924994243 0 -0.00440515016)
(-0.3095777226 0 0.1051614097)
(-0.6247508483 0 0.5613253397)
(0.1051659611 0 -0.2898418729)
(0.04539498947 0 -0.2677976079)
(-0.2236914928 0 -0.2010357523)
(-0.5969486552 0 0.3250898556)
(-0.4493613789 0 0.1546443411)
(-0.3774564665 0 0.4393875331)
(-0.591358781 0 0.3443992965)
(-0.5312412335 0 0.3379472714)
(-0.5123044495 0 0.2934537299)
(-0.4764314912 0 0.3355545575)
(-0.4640326038 0 0.3453040636)
(-0.5386827548 0 -0.3494887022)
(0.4964015822 0 0.8651240044)
(0.7130259084 0 1.054026774)
(-0.6613707684 0 2.272627089)
(0.6792983466 0 1.021351917)
(0.5508457446 0 0.8818759242)
(-0.5433128493 0 2.273142737)
(0.3720576169 0 0.7150736468)
(0.1886503549 0 0.5635099473)
(-0.3894834395 0 1.962937563)
(0.07994608435 0 0.470851734)
(0.05152544667 0 0.42813086)
(-0.2959038727 0 1.61547159)
(0.04458563689 0 0.3858320078)
(0.04011909965 0 0.3341281639)
(-0.2095232785 0 1.23123892)
(0.03769130571 0 0.2863793178)
(0.03580902115 0 0.2504214148)
(-0.1124062674 0 0.7740508728)
(0.0333321724 0 0.2241777989)
(0.03035894944 0 0.2039689964)
(-0.03489380519 0 0.4088357156)
(0.02672851235 0 0.1888652052)
(0.02447285957 0 0.177060829)
(0.002277018123 0 0.2309747113)
(0.1435145091 0 -1.129080563)
(0.1579133794 0 -1.168831631)
(0.1107629357 0 -1.349247462)
(0.1688062213 0 -1.174513809)
(0.1615589331 0 -1.119977791)
(0.126862472 0 -1.510612489)
(0.1029285 0 -1.003560243)
(0.001198032185 0 -0.9020614783)
(0.1526639746 0 -1.777274601)
(-0.08378226554 0 -0.8586207214)
(-0.1349130739 0 -0.8422181503)
(0.1626997134 0 -1.812177432)
(-0.1543010191 0 -0.8345742342)
(-0.1303914584 0 -0.8575128339)
(0.1622616888 0 -1.4381609)
(-0.01516562466 0 -1.045947904)
(0.1859316426 0 -1.543110829)
(0.277946342 0 -2.041764509)
(0.3256522976 0 -2.06570292)
(0.3785830072 0 -2.385094013)
(0.3365496461 0 -2.569274198)
(0.391543416 0 -2.51505687)
(0.3863642287 0 -2.509803771)
(0.3217592917 0 -2.576436281)
(0.3699483325 0 -2.414125614)
(0.3474758749 0 -2.268269266)
(0.2751782691 0 -2.290159721)
(0.3247041834 0 -2.112621251)
(0.3062589127 0 -1.978045062)
(0.2372888115 0 -2.034137579)
(0.2944348186 0 -1.878385089)
(0.2900276158 0 -1.81590869)
(0.2257502064 0 -1.907635909)
(0.2938485687 0 -1.791005191)
(0.3078595132 0 -1.808240658)
(0.2501061797 0 -1.950819068)
(0.3353830048 0 -1.873743756)
(0.3798580414 0 -1.980178182)
(0.3407061916 0 -2.355572828)
(0.4428859504 0 -2.08302743)
(0.5063723239 0 -1.979469966)
(0.343870402 0 -2.406502669)
(0.3888057433 0 -0.6052306215)
(0.1913049409 0 0.4387507445)
(0.2058322142 0 0.4802555327)
(0.1935967246 0 0.4361498173)
(0.2283295906 0 0.4023824273)
(0.4025311323 0 -1.352998755)
(0.3783537674 0 0.5859034206)
(0.6118696717 0 1.130910005)
(0.2227899735 0 1.182171567)
(0.650472129 0 1.478557535)
(0.5560531168 0 1.523209251)
(-0.504507725 0 0.2831944002)
(0.3738365078 0 1.12337494)
(0.3290916924 0 1.12737909)
(-0.565594702 0 0.3940962834)
(0.284890967 0 1.047704554)
(0.243301425 0 0.9115956071)
(-0.4767449524 0 0.3764798296)
(0.7190028545 0 0.8477616793)
(0.6289997984 0 0.477183311)
(0.7104850039 0 0.8968510498)
(0.9280688404 0 0.6656941208)
(0.8450748458 0 0.6339675082)
(0.4969098191 0 0.7271012003)
(0.7834701257 0 0.6058718609)
(0.7078970086 0 0.5668931985)
(0.2564910935 0 0.488214141)
(0.5453291727 0 0.4825563985)
(0.2774804715 0 0.3460304879)
(0.07809713074 0 0.315473921)
(0.08499226578 0 0.2924037012)
(0.01740973219 0 0.2853286481)
(0.03115078722 0 0.2514139535)
(-0.002705996266 0 0.2803588743)
(-0.004232363967 0 0.2701537833)
(0.01568467916 0 0.2297684152)
(0.003244284395 0 0.2559454888)
(0.01375695525 0 0.2313352824)
(0.02328593215 0 0.2097708061)
(0.02483993865 0 0.2018969046)
(0.03182020593 0 0.1856020097)
(0.02500883367 0 0.1874339109)
(0.1523560409 0 -0.6591228437)
(0.1759105385 0 -0.6984762496)
(0.1793713449 0 -0.9182344133)
(0.1966689714 0 -0.7257639003)
(0.2141175111 0 -0.7426616096)
(0.1979921977 0 -0.919611483)
(0.222903344 0 -0.7491896604)
(0.2128288595 0 -0.7419206605)
(0.07081361918 0 -0.8065126226)
(0.1790907898 0 -0.7218815535)
(0.1081311042 0 -0.6889262401)
(-0.1487361284 0 -0.7263207207)
(-0.04906831723 0 -0.6422034446)
(-0.1550281985 0 -0.6331636043)
(-0.1675379532 0 -0.7544615039)
(-0.1007578347 0 -0.6765654043)
(-0.002327148202 0 -0.7240195573)
(0.04429328481 0 -1.02219893)
(0.1272248776 0 -0.8506979241)
(0.2454745682 0 -1.124569275)
(0.3420819689 0 -1.867685602)
(0.3186002004 0 -1.400008581)
(0.3561329086 0 -1.579020214)
(0.404752446 0 -2.189460273)
(0.3775608468 0 -1.668663554)
(0.3892749969 0 -1.683948845)
(0.3962709114 0 -2.092655192)
(0.3930368238 0 -1.640671202)
(0.392526034 0 -1.561645449)
(0.3682430165 0 -1.841735008)
(0.3925177384 0 -1.470183012)
(0.3974169701 0 -1.3833671)
(0.3579782179 0 -1.650615281)
(0.4107302237 0 -1.308777831)
(0.4348686312 0 -1.243686197)
(0.3883794382 0 -1.583964129)
(0.4685294148 0 -1.171514998)
(0.4976986269 0 -1.056198916)
(0.4697228651 0 -1.565454838)
(0.4691098815 0 -0.8472648877)
(0.2953572604 0 -0.5644612168)
(0.508389326 0 -1.079950667)
(0.2655357552 0 -0.3357561661)
(0.2303170418 0 0.02803416554)
(0.2180399562 0 0.2305392112)
(0.2274044479 0 0.08524892843)
(0.2462130304 0 -0.0190710897)
(0.0115132451 0 0.03694635492)
(0.5096816412 0 0.4673439391)
(0.4159485612 0 0.4455785697)
(0.4378407167 0 0.6028653771)
(0.370111731 0 0.4363219822)
(0.3419521674 0 0.4297226838)
(0.3682266795 0 0.5678750589)
(0.3228191945 0 0.4233494406)
(0.3083282655 0 0.4195157879)
(0.3346160847 0 0.5195279239)
(0.2937011666 0 0.4177804033)
(0.2738321138 0 0.4181407448)
(0.2610874115 0 0.5465399779)
(0.2503949998 0 0.4191476074)
(0.2289945549 0 0.4080744519)
(0.3282904528 0 0.4737568112)
(0.5993373411 0 0.4730552434)
(0.6964804677 0 0.5038735164)
(0.7590306789 0 0.5504048339)
(0.7112713972 0 0.5210273815)
(0.7073143291 0 0.5320262532)
(0.6827390233 0 0.5261432445)
(0.6747918155 0 0.527786527)
(0.5930772087 0 0.4947738347)
(0.4817921721 0 0.4338267529)
(0.4515974462 0 0.4556411809)
(0.270646433 0 0.5196828156)
(0.02759806987 0 0.4323978654)
(0.1671613125 0 0.6993248521)
(0.1414733617 0 0.7747814495)
(-0.06990817352 0 0.4198291389)
(0.1401074296 0 0.7831966567)
(0.09892851833 0 1.104470799)
(-0.02206272812 0 0.2730360049)
(0.08734672377 0 1.075299324)
(0.09836918407 0 0.9445888847)
(0.02545061787 0 0.1817315495)
(0.1581274304 0 -0.505449734)
(0.1746923984 0 -0.5446707965)
(0.1624126791 0 -0.5504430309)
(0.1979546958 0 -0.6144666887)
(0.2240540423 0 -0.7045169887)
(0.1999695891 0 -0.597352416)
(0.2501847876 0 -0.7966446308)
(0.2752610598 0 -0.8790792729)
(0.2382128814 0 -0.6334571219)
(0.3010139722 0 -0.9570990037)
(0.3308333217 0 -1.047059696)
(0.261742324 0 -0.6584802506)
(0.3641421966 0 -1.153777159)
(0.3909522689 0 -1.253477605)
(0.2156630772 0 -0.6846916157)
(0.3944566991 0 -1.281068025)
(0.365618419 0 -1.095261942)
(-0.134295879 0 -0.6135495839)
(0.2898722387 0 -0.7428040901)
(0.2844236887 0 -0.63743404)
(0.2133740853 0 -0.7201732868)
(0.2920458031 0 -0.648428639)
(0.2816450026 0 -0.6759746793)
(0.2847545595 0 -0.9017876044)
(0.266700429 0 -0.7023841508)
(0.2583286907 0 -0.7136752758)
(0.3244209882 0 -1.068682217)
(0.2564028499 0 -0.7098731974)
(0.2709567311 0 -0.70093571)
(0.3640862478 0 -1.094404794)
(0.3156572863 0 -0.6856416146)
(0.3815755098 0 -0.6621800675)
(0.4014701929 0 -1.01388016)
(0.4056461696 0 -0.6375305622)
(0.435053722 0 -0.603005081)
(0.4548853042 0 -0.8811998643)
(0.4705382294 0 -0.5598198211)
(0.5110055242 0 -0.5023318619)
(0.5339152351 0 -0.7060611095)
(0.5241541652 0 -0.3986737997)
(0.2232561617 0 -0.3083463341)
(0.2464196282 0 -0.4894263122)
(0.2315302071 0 -0.2189448856)
(0.2336976889 0 -0.1210329532)
(0.2364159987 0 -0.1211960379)
(0.2414987369 0 -0.08770434092)
(0.2704803653 0 -0.01175577458)
(0.2702007831 0 -0.01251565671)
(0.4966861361 0 0.3757168773)
(0.4100562269 0 0.3436571908)
(0.4177369149 0 0.3871780228)
(0.3699077828 0 0.3429486887)
(0.35308136 0 0.3549209232)
(0.3419640949 0 0.3796527829)
(0.3476895654 0 0.3728452618)
(0.3463107283 0 0.3916042898)
(0.3181269857 0 0.3919534524)
(0.3439387093 0 0.4072207186)
(0.3371262067 0 0.4165779796)
(0.2997223095 0 0.4032736729)
(0.3233512816 0 0.4218774209)
(0.3018006713 0 0.4177456242)
(0.2605730394 0 0.4026414007)
(0.4560719006 0 0.4409214887)
(0.6408539454 0 0.4941832119)
(0.6586324088 0 0.4892381716)
(0.7486626608 0 0.5482765245)
(0.790652124 0 0.584006043)
(0.7550592065 0 0.5599418872)
(0.7738320614 0 0.5924377843)
(0.7039288611 0 0.5680416198)
(0.6682098955 0 0.5421009784)
(0.5885467954 0 0.5351443529)
(0.4254693462 0 0.5634851401)
(0.3783267932 0 0.5336531403)
(0.2785826906 0 0.6709942506)
(0.2152206758 0 0.7289798749)
(0.1839271695 0 0.7298807682)
(0.2290433842 0 0.8323369211)
(0.8352527255 0 1.83857434)
(0.6992023124 0 2.097791262)
(0.8303774972 0 2.028472696)
(0.7124766668 0 1.940157654)
(0.5461034594 0 1.991308295)
(0.2912044198 0 -0.7761518045)
(0.3067954278 0 -0.8066544347)
(0.2657486653 0 -0.7768633539)
(0.3295227996 0 -0.8489232212)
(0.3658265005 0 -0.9127969392)
(0.3231172186 0 -0.9403686418)
(0.4164885657 0 -0.9919616665)
(0.4798880623 0 -1.0719619)
(0.4142015074 0 -1.141928186)
(0.5536998004 0 -1.133832923)
(0.6315599609 0 -1.150221929)
(0.5404402817 0 -1.303510888)
(0.6913147354 0 -1.081189403)
(0.6846452583 0 -0.9043006501)
(0.606536747 0 -1.10112353)
(0.5827961564 0 -0.6843134484)
(0.4546368613 0 -0.5499457454)
(0.3782196088 0 -0.5743763946)
(0.3751165034 0 -0.5365624695)
(0.3224880583 0 -0.5680081982)
(0.260577672 0 -0.6001967113)
(0.2671293947 0 -0.6214186232)
(0.2433504295 0 -0.8030174793)
(0.04230058702 0 -0.6693017336)
(0.4195428751 0 -1.089513742)
(0.5634320116 0 -1.06877358)
(-0.161073952 0 -0.7028254054)
(0.6150464612 0 -0.6146323971)
(0.5172237696 0 -0.1991299682)
(0.3666629748 0 -0.4993883828)
(0.3817004539 0 -0.3472501529)
(0.3678655384 0 -0.3606606133)
(0.3965500529 0 -0.4523350085)
(0.3823272582 0 -0.3342441725)
(0.374524275 0 -0.2815999531)
(0.4353334326 0 -0.3551667691)
(0.2179863426 0 -0.1515440052)
(0.1670076349 0 -0.1552978556)
(0.1921693331 0 -0.1983829406)
(0.1860022248 0 -0.1227614369)
(0.2027342959 0 -0.09134132289)
(0.2196289642 0 -0.1032318074)
(0.2199608856 0 -0.06609812117)
(0.2494929208 0 -0.01547103316)
(0.2620871745 0 -0.01250419835)
(0.3883681399 0 0.2540668795)
(0.3795358208 0 0.2738190165)
(0.39618354 0 0.3068219596)
(0.3815344467 0 0.3025554581)
(0.3924877862 0 0.337724006)
(0.3718492955 0 0.3438559149)
(0.4032153041 0 0.3722298957)
(0.4092727175 0 0.4014928334)
(0.3799026352 0 0.3983950336)
(0.4091785357 0 0.4232335336)
(0.4021284136 0 0.4357826702)
(0.3736359864 0 0.4305041334)
(0.3872915598 0 0.4414084082)
(0.3626047673 0 0.4362541853)
(0.3376285342 0 0.4319497989)
(0.4215049854 0 0.4445808303)
(0.5847326766 0 0.4940140076)
(0.6222740241 0 0.4998621812)
(0.7122103223 0 0.5498188925)
(0.7583031093 0 0.5815059269)
(0.7940167742 0 0.5919576182)
(0.7309728257 0 0.5819650558)
(0.6387463877 0 0.5445412589)
(0.6963091944 0 0.5698673071)
(0.4692690321 0 0.4760771778)
(0.246901261 0 0.4107324157)
(0.3925329361 0 0.5557924703)
(0.1475421339 0 0.3989847061)
(0.1273336647 0 0.396841583)
(0.1962093325 0 0.636058353)
(0.1229657753 0 0.4053014199)
(0.2750762516 0 0.6234397276)
(0.7173329054 0 1.416176063)
(0.3520378592 0 -0.7706244056)
(0.3838282922 0 -0.80348865)
(0.3477287117 0 -0.8158671456)
(0.4048525348 0 -0.8010174684)
(0.4337022983 0 -0.7992728782)
(0.4011334244 0 -0.8563590849)
(0.4804208463 0 -0.8120108563)
(0.5406723509 0 -0.8216582231)
(0.518745729 0 -0.9473674599)
(0.6021082127 0 -0.8048605322)
(0.6445539794 0 -0.7632208075)
(0.6519231448 0 -0.9264197698)
(0.6547488931 0 -0.7359730041)
(0.6384715623 0 -0.7267402575)
(0.6449408087 0 -0.7394794362)
(0.6055737385 0 -0.713389557)
(0.5630347347 0 -0.6919355034)
(0.5080448461 0 -0.6042343018)
(0.5238543659 0 -0.6783354321)
(0.5102504435 0 -0.6961285307)
(0.4039843544 0 -0.6033364614)
(0.5755734612 0 -0.7925728594)
(0.8314042887 0 -1.035916192)
(0.5795777159 0 -0.988247408)
(1.067738572 0 -1.062913625)
(1.140423285 0 -0.8479508475)
(1.027555804 0 -1.019575672)
(0.9503819689 0 -0.3839463585)
(0.5618797992 0 -0.02164065221)
(0.5742127068 0 -0.03947615642)
(0.3872608351 0 -0.2867317415)
(0.355896067 0 -0.2797432093)
(0.358729744 0 -0.3063377272)
(0.3633816201 0 -0.2756339379)
(0.3373035851 0 -0.2534185955)
(0.3599571459 0 -0.2662570992)
(0.1334864236 0 -0.1668811449)
(0.1332966255 0 -0.1257305009)
(0.147606722 0 -0.1364217195)
(0.1499745569 0 -0.1019717678)
(0.1678739787 0 -0.08267190046)
(0.1849278233 0 -0.08472944866)
(0.1870454495 0 -0.06384459058)
(0.2150851633 0 -0.03475793347)
(0.2332748467 0 -0.02296967903)
(0.2365606031 0 0.07180529179)
(0.3395767207 0 0.2084805665)
(0.3602285388 0 0.2406349976)
(0.3826995537 0 0.2673876389)
(0.4117648829 0 0.3145366254)
(0.407636062 0 0.3292746226)
(0.4291830943 0 0.3532716505)
(0.4364857235 0 0.3833927189)
(0.4289778961 0 0.3967150438)
(0.4347549622 0 0.4043308709)
(0.4240784457 0 0.4152830997)
(0.4195836537 0 0.4306328433)
(0.4040460181 0 0.4172110077)
(0.3731799186 0 0.410720297)
(0.3747438374 0 0.4289372472)
(0.3617597137 0 0.4103823427)
(0.4347907371 0 0.441855303)
(0.5209330767 0 0.4734891625)
(0.5292929237 0 0.4853471068)
(0.555783594 0 0.5042645081)
(0.6815277832 0 0.5529240532)
(0.4946331609 0 0.4816329974)
(0.3424376769 0 0.4075084625)
(0.5210647973 0 0.48931904)
(0.2394481006 0 0.3343770681)
(0.281982335 0 0.481555032)
(0.09079127771 0 0.3772876567)
(0.3483791459 0 0.7943044587)
(0.3594345597 0 1.01467292)
(-0.1815702355 0 0.5589291095)
(0.3221438953 0 1.064366254)
(0.2420631389 0 0.8642022705)
(0.2649412643 0 0.7370551077)
(0.327947284 0 -0.6003065887)
(0.4028525928 0 -0.6859598161)
(0.4046025319 0 -0.7596515338)
(0.4588613814 0 -0.721841764)
(0.5030591053 0 -0.7214290025)
(0.469116618 0 -0.7561777846)
(0.5444167242 0 -0.6995660938)
(0.5967122067 0 -0.6799997641)
(0.5630229422 0 -0.7285426066)
(0.6569578889 0 -0.6853769461)
(0.7067588378 0 -0.7318536508)
(0.6622397375 0 -0.7171462399)
(0.7315620612 0 -0.788977192)
(0.7317186721 0 -0.8246866898)
(0.6742885525 0 -0.7728319705)
(0.7151044009 0 -0.8326687217)
(0.6949028426 0 -0.8222013123)
(0.6256907256 0 -0.7699239431)
(0.6915370664 0 -0.8116363138)
(0.7321103474 0 -0.8193085401)
(0.6290357855 0 -0.7863476347)
(0.8370740535 0 -0.8432432309)
(0.9731148231 0 -0.8364097797)
(0.9510225053 0 -0.9587627619)
(1.027581834 0 -0.7379379336)
(0.9293650836 0 -0.5475212535)
(1.062179876 0 -0.6747680022)
(0.6738122 0 -0.2983450965)
(0.4700123739 0 -0.1493399412)
(0.5246598879 0 -0.07083467628)
(0.36227753 0 -0.2753708181)
(0.3274933101 0 -0.2566231459)
(0.3466598586 0 -0.2667830567)
(0.2971257006 0 -0.239257774)
(0.2313463114 0 -0.2080647335)
(0.2876371509 0 -0.2302857072)
(0.1360535471 0 -0.1571797501)
(0.1267516934 0 -0.116628583)
(0.1250806393 0 -0.1196339283)
(0.1315916053 0 -0.09647601882)
(0.146263058 0 -0.08570976525)
(0.1540018273 0 -0.08365077804)
(0.1845426744 0 -0.08749602452)
(0.2716321054 0 0.06294654163)
(0.2129364545 0 -0.03695202601)
(0.2135684363 0 0.1269497434)
(0.2392710283 0 0.1408212531)
(0.305717033 0 0.1721698273)
(0.3219043844 0 0.2036769629)
(0.3713593211 0 0.2591827064)
(0.400645136 0 0.2914920012)
(0.3975539924 0 0.3010004675)
(0.4068929524 0 0.3303980766)
(0.4296496202 0 0.361408118)
(0.4029120414 0 0.3481870362)
(0.3878790188 0 0.3556374551)
(0.4134929807 0 0.3898957041)
(0.3654591156 0 0.3570905081)
(0.3436107411 0 0.3618930489)
(0.3595422698 0 0.3853178527)
(0.3334437561 0 0.3792021873)
(0.3323801552 0 0.4009122706)
(0.356103411 0 0.4122979743)
(0.328699386 0 0.4139121664)
(0.3103017945 0 0.4122464696)
(0.3914660816 0 0.4423911306)
(0.2800367563 0 0.3955329501)
(0.2462208369 0 0.3648154706)
(0.2388669704 0 0.3636953159)
(0.2609463995 0 0.3325533459)
(0.3274931714 0 0.4163373337)
(0.3434042882 0 0.4510315074)
(0.3932974278 0 0.5659109042)
(0.4241230086 0 0.6872970168)
(0.438171435 0 0.847195754)
(0.4240553985 0 0.7568183441)
(0.4015521416 0 0.7748269858)
(0.3779381463 0 0.8971023032)
(0.4090593147 0 -0.5535049641)
(0.5015146779 0 -0.606726342)
(0.5184092335 0 -0.6746871076)
(0.5861544931 0 -0.6329823754)
(0.6662813778 0 -0.6456675274)
(0.6377025672 0 -0.6621098088)
(0.7450633723 0 -0.6842980889)
(0.811252933 0 -0.7626380657)
(0.761487059 0 -0.7556020945)
(0.852190589 0 -0.8403018407)
(0.8674611752 0 -0.8855818142)
(0.7992845919 0 -0.8650101308)
(0.862897262 0 -0.8914418307)
(0.8491087717 0 -0.863402361)
(0.7696692468 0 -0.8505204837)
(0.8431115797 0 -0.8161629367)
(0.8604578274 0 -0.7648201561)
(0.8065863565 0 -0.8009160151)
(0.89495087 0 -0.709538775)
(0.9126805414 0 -0.6391008863)
(0.9466787359 0 -0.7220845304)
(0.8737979696 0 -0.5471009801)
(0.7455164569 0 -0.4344911577)
(0.8186254764 0 -0.4732591037)
(0.5373359186 0 -0.323790859)
(0.3607781456 0 -0.2607314124)
(0.4097470314 0 -0.2227512963)
(0.314951395 0 -0.2630840489)
(0.2662284188 0 -0.229659722)
(0.300702449 0 -0.2462006842)
(0.2082493322 0 -0.1951448062)
(0.15741435 0 -0.1683792315)
(0.1823169078 0 -0.1882409707)
(0.1652997015 0 -0.1532731161)
(0.167787912 0 -0.1244430902)
(0.1448579106 0 -0.119120678)
(0.1631932261 0 -0.0871794204)
(0.1926704152 0 -0.07851004544)
(0.154821147 0 -0.0759266447)
(0.569566377 0 -0.1561387307)
(0.5037869065 0 0.4823132819)
(0.372088139 0 0.2824966989)
(0.3541185614 0 0.3813504731)
(0.2365894338 0 0.2655809848)
(0.2023960994 0 0.1911258346)
(0.2428399689 0 0.1662736481)
(0.2917671436 0 0.175019372)
(0.3292302153 0 0.2188313366)
(0.3229851855 0 0.2169646456)
(0.3338884666 0 0.2495925758)
(0.3712898097 0 0.291337815)
(0.3335066887 0 0.2713062221)
(0.329998993 0 0.2885430603)
(0.3552206658 0 0.3186010938)
(0.3288309237 0 0.3069185855)
(0.3299333669 0 0.3269810801)
(0.3376661868 0 0.3469485058)
(0.3298690226 0 0.3457538625)
(0.3258800356 0 0.3602391292)
(0.3359411818 0 0.3892702874)
(0.3167830711 0 0.3684348563)
(0.3023607342 0 0.3691524338)
(0.3097831698 0 0.3976494798)
(0.2827656351 0 0.3613910373)
(0.2586957589 0 0.3456046596)
(0.2564326489 0 0.3602935999)
(0.2481819463 0 0.3328790642)
(0.2711619962 0 0.3574389922)
(0.2984237 0 0.3879878063)
(0.3029838596 0 0.4044169891)
(0.3248039185 0 0.4508585866)
(0.3787253309 0 0.5553809365)
(0.4884946394 0 -0.4971828325)
(0.6032752024 0 -0.5441169274)
(0.6580448134 0 -0.6072501033)
(0.7139277018 0 -0.594397424)
(0.8135123237 0 -0.6712977062)
(0.8366912471 0 -0.7370726153)
(0.887317108 0 -0.760744958)
(0.9332924141 0 -0.8273723236)
(0.9201244103 0 -0.8767480804)
(0.9592046078 0 -0.8552297232)
(0.9717328802 0 -0.8439789542)
(0.9248789217 0 -0.8645682231)
(0.9736406512 0 -0.7995147934)
(0.9646663359 0 -0.7323508566)
(0.9127187304 0 -0.740524914)
(0.9418530382 0 -0.6551179418)
(0.8979338108 0 -0.5760776985)
(0.8935420647 0 -0.5915356859)
(0.8203230802 0 -0.4964575539)
(0.6912736266 0 -0.4139785115)
(0.7063989589 0 -0.4173685906)
(0.4982741725 0 -0.3314042742)
(0.2720083981 0 -0.266423445)
(0.3190358514 0 -0.2650108241)
(0.1952653928 0 -0.2752136385)
(0.1090451181 0 -0.2872258039)
(0.1850528406 0 -0.2080290124)
(0.1589351683 0 -0.04769989523)
(0.172201501 0 -0.06503745817)
(0.1503874995 0 -0.147355244)
(0.2273756387 0 -0.008366637846)
(0.2725004687 0 0.1052611233)
(0.1874662559 0 -0.1212258708)
(0.2797937577 0 0.16407339)
(0.2957394864 0 0.18609573)
(0.2567715546 0 -0.1022311846)
(0.3891438822 0 0.3439540428)
(0.4273558811 0 0.4136335321)
(0.5920085441 0 0.5695524947)
(0.394670729 0 0.4057021719)
(0.295584589 0 0.3176146851)
(0.2707332789 0 0.2991748814)
(0.2401525994 0 0.180082451)
(0.2338103668 0 0.1354936961)
(0.2622290363 0 0.1447818016)
(0.2447121995 0 0.1448367551)
(0.2574898448 0 0.1732554258)
(0.2990266112 0 0.2104445451)
(0.2655872508 0 0.2002099022)
(0.2694279145 0 0.2211106203)
(0.3050099181 0 0.2583435467)
(0.2710198696 0 0.2377565366)
(0.2715200864 0 0.2520973202)
(0.3057501564 0 0.2925577341)
(0.2711605224 0 0.2649925646)
(0.2696276427 0 0.2764470033)
(0.3010310236 0 0.3194638148)
(0.2663574467 0 0.2859431094)
(0.2606983254 0 0.2926217976)
(0.2844589461 0 0.3320687834)
(0.2521541884 0 0.295463934)
(0.2409670276 0 0.2943223798)
(0.2529696492 0 0.3224511551)
(0.2314707197 0 0.2924566592)
(0.2307729394 0 0.2967181463)
(0.2484820794 0 0.3259083574)
(0.3020978156 0 -0.3628935407)
(0.3912256072 0 -0.3890243168)
(0.5053956624 0 -0.4645310926)
(0.4934888506 0 -0.4241718716)
(0.5981288045 0 -0.4687294321)
(0.730158032 0 -0.5751283575)
(0.6945489343 0 -0.5311738381)
(0.7745033403 0 -0.6040649543)
(0.8869157902 0 -0.7338062189)
(0.8376692469 0 -0.6642791276)
(0.8890894783 0 -0.6963394034)
(0.9626648603 0 -0.7887679871)
(0.9272070998 0 -0.6965292088)
(0.942348617 0 -0.6675736567)
(0.9831319014 0 -0.7150255007)
(0.9244087183 0 -0.6157931763)
(0.8681491077 0 -0.5491019501)
(0.9019515694 0 -0.5712618494)
(0.7716315368 0 -0.473890972)
(0.6294514052 0 -0.3935323905)
(0.6764608133 0 -0.4111917202)
(0.4302517932 0 -0.3177965571)
(0.1937612766 0 -0.366509573)
(0.2227340781 0 -0.2884972373)
(0.2758272394 0 -0.4748246189)
(0.3669251914 0 -0.4844517108)
(0.2433264605 0 -0.4300436721)
(0.5380659235 0 -0.2628204015)
(0.5909666824 0 0.3092274904)
(0.3093410936 0 0.1211747726)
(0.4714069783 0 0.3177074508)
(0.4158590534 0 0.3360913988)
(0.3477931832 0 0.2734684181)
(0.3410217615 0 0.3132450001)
(0.5228091178 0 -0.03450148516)
(0.5986521486 0 -0.05042202248)
(0.8630645983 0 0.24846761)
(0.8898189216 0 0.3509453872)
(0.9272634578 0 0.4214673263)
(0.8291939129 0 0.3870256008)
(0.6757697192 0 0.3612308146)
(0.6603368717 0 0.4074357694)
(0.4410654535 0 0.2697172829)
(0.2715138025 0 0.1839736813)
(0.2307588069 0 0.1561943808)
(0.1983995022 0 0.14065116)
(0.1822265599 0 0.1319063465)
(0.2144310222 0 0.1449179291)
(0.186857425 0 0.1414463692)
(0.1937702961 0 0.1558066192)
(0.230046855 0 0.1846152823)
(0.1990490423 0 0.1695394716)
(0.202860696 0 0.1818136028)
(0.2358694623 0 0.2139208575)
(0.2057118318 0 0.1929708138)
(0.2078604426 0 0.2033653505)
(0.2375999987 0 0.2369659943)
(0.2092992178 0 0.2131134429)
(0.2098111747 0 0.2220612387)
(0.2349723197 0 0.2551909704)
(0.2090597249 0 0.229777241)
(0.2067712555 0 0.2357615753)
(0.224941998 0 0.2646480742)
(0.2030276073 0 0.2397731431)
(0.1978595911 0 0.241646274)
(0.2152147725 0 0.2693632797)
(0.3355641962 0 -0.3398486521)
(0.3761424683 0 -0.3352432567)
(0.457713078 0 -0.3783820833)
(0.413936235 0 -0.3346792602)
(0.4505414212 0 -0.3420620209)
(0.6072862264 0 -0.4565732232)
(0.4952483096 0 -0.3665024459)
(0.5588187676 0 -0.4097373351)
(0.7490913407 0 -0.56604792)
(0.6310234598 0 -0.4530776459)
(0.6817594535 0 -0.4726599737)
(0.8409628099 0 -0.5865459147)
(0.6897950793 0 -0.4608879257)
(0.6469968904 0 -0.422870573)
(0.7821299349 0 -0.4986524733)
(0.5459276478 0 -0.3664020176)
(0.3621579207 0 -0.3002535331)
(0.5310092344 0 -0.3551359825)
(0.2079577172 0 -0.3033677755)
(0.2657225892 0 -0.3530770493)
(0.2415057581 0 -0.3939025671)
(0.3413221942 0 -0.3805493342)
(0.4687213533 0 -0.389399194)
(0.4338936329 0 -0.4696714215)
(1.075000543 0 -0.288187139)
(0.9533889108 0 0.4684951754)
(0.8262872114 0 0.4177384544)
(0.6533307382 0 0.404858939)
(0.5165145128 0 0.3709345974)
(0.4720479968 0 0.3603743141)
(0.4155105023 0 0.3306076339)
(0.37728847 0 0.07412703667)
(0.4416800467 0 0.009574924955)
(0.6185240667 0 0.1812681546)
(0.7040766608 0 0.2490063102)
(0.7983772408 0 0.2926098315)
(0.6810792848 0 0.2783430944)
(0.5998537686 0 0.277418812)
(0.6401639506 0 0.3135103704)
(0.8458906637 0 0.9402007466)
(0.4439918481 0 0.3646854386)
(0.3194216851 0 0.198932053)
(0.2523263696 0 0.1738847889)
(0.1718404586 0 0.1403832107)
(0.1708117441 0 0.1330482865)
(0.1428935379 0 0.1266373731)
(0.1417273011 0 0.1268538658)
(0.1641560598 0 0.137127685)
(0.1457068795 0 0.1324516545)
(0.1500410928 0 0.1395639733)
(0.1739527636 0 0.1570154533)
(0.1543494837 0 0.1472165244)
(0.1584134557 0 0.1551107144)
(0.1812808268 0 0.176057527)
(0.1621840747 0 0.1631355954)
(0.165529643 0 0.1713425403)
(0.1864159628 0 0.193972066)
(0.1679884572 0 0.1791779115)
(0.1672851387 0 0.1848960891)
(0.1876521846 0 0.2090442709)
(0.3755796771 0 -0.2912150246)
(0.3710865115 0 -0.2778292394)
(0.4129266689 0 -0.3003830395)
(0.3683914052 0 -0.2716645861)
(0.373671276 0 -0.2758034456)
(0.4929431068 0 -0.3455480897)
(0.3843521736 0 -0.2891227256)
(0.4077298169 0 -0.3209276448)
(0.4865321771 0 -0.3405405051)
(0.512656529 0 -0.4164618386)
(0.3256524811 0 -0.2749568592)
(0.2439110589 0 -0.2750123603)
(0.2757863156 0 -0.2193291046)
(0.2996483161 0 -0.2190952684)
(0.2794610712 0 -0.2863492603)
(0.3945881717 0 -0.2200794803)
(0.5936638587 0 -0.2200149229)
(0.5264714751 0 -0.2777671767)
(1.059759539 0 -0.2617484579)
(0.8731213788 0 0.3997813243)
(0.9691142884 0 0.4665624792)
(0.6834924597 0 0.3858510472)
(0.5606524353 0 0.3597399798)
(0.5474261507 0 0.3715386724)
(0.4700014237 0 0.3302585625)
(0.3388040306 0 0.2318397489)
(0.3324644031 0 0.1631768446)
(0.5567018319 0 0.1904640699)
(0.6117775872 0 0.2135287208)
(0.6349091256 0 0.2213216228)
(0.6067959012 0 0.2348800171)
(1.229128186 0 0.3204222673)
(1.597211741 0 0.3637565229)
(3.371137988 0 1.780749567)
(3.45173635 0 2.481570763)
(2.742228291 0 2.389846799)
(3.151176896 0 2.723761505)
(2.652217792 0 2.563248157)
(2.369517651 0 2.668461794)
(1.901036511 0 1.946358117)
(0.7458968659 0 0.7750034923)
(0.842234151 0 0.9986267675)
(0.1387940689 0 0.1428977418)
(0.1185435189 0 0.1215916427)
(0.1320097287 0 0.1287375454)
(0.1219121925 0 0.1257643226)
(0.12573835 0 0.1305217572)
(0.1400235986 0 0.1403977876)
(0.340637296 0 -0.2900456986)
(0.3499045569 0 -0.3023286774)
(0.3489573126 0 -0.2783862609)
(0.3878710887 0 -0.3413682498)
(0.4588416408 0 -0.381700676)
(0.4345042664 0 -0.3615123987)
(0.5124729314 0 -0.3858321344)
(0.5478965889 0 -0.3730003943)
(0.4356664542 0 -0.3105985761)
(0.3366082806 0 -0.1797564472)
(0.3466567202 0 -0.1611899159)
(0.3251012941 0 -0.1781165183)
(0.4458263523 0 -0.1691501127)
(0.6151505757 0 -0.1843298745)
(0.6265372428 0 -0.2017155886)
(0.7907124959 0 -0.1859469411)
(0.5311089515 0 0.1438497195)
(0.7063845457 0 0.2810643626)
(0.5793164493 0 0.2734662106)
(0.5274968064 0 0.2941483555)
(0.5532024338 0 0.3332378585)
(0.4644981746 0 0.2855646647)
(0.3758430225 0 0.2365646964)
(0.3623547825 0 0.2464134877)
(0.6146222653 0 -0.1274411644)
(0.7090176497 0 -0.2870996257)
(0.701856559 0 -0.169462349)
(0.8359140366 0 -0.4051258607)
(1.185571097 0 0.4228215287)
(0.7788092218 0 0.3379923572)
(4.173806319 0 1.894550526)
(3.836744125 0 2.163664344)
(3.788374456 0 2.368327963)
(3.223625322 0 2.147587926)
(2.396378142 0 1.795421415)
(2.662295087 0 2.241583154)
(1.302262253 0 1.056025102)
(0.4768742115 0 0.4270483718)
(0.5839763515 0 0.5514171107)
(0.2449216812 0 0.2381479954)
(0.1281085173 0 0.1384490411)
(0.1135169471 0 0.1220208493)
(1.2168376 0 -0.3140267884)
(0.7425397268 0 -0.2380965434)
(0.3917544954 0 -0.1662252951)
(0.8825678063 0 -0.2456695206)
(1.096949791 0 -0.2518376124)
(0.529815351 0 -0.2519002398)
(0.8952700986 0 0.1686539538)
(0.3205507285 0 -0.03781474242)
(0.3949130534 0 0.02844131989)
(0.4636880546 0 0.1468548421)
(0.4566874939 0 0.2036455444)
(0.492934718 0 0.2492156556)
(0.4225965715 0 0.2197295464)
(0.3742464426 0 0.1954577449)
(0.3793460855 0 0.2177871459)
(0.6834033109 0 -0.1659222447)
(0.7113548919 0 -0.2635248501)
(0.7042263074 0 -0.2943851567)
(0.7482331256 0 -0.2975640441)
(1.405159644 0 0.3159810759)
(1.43592524 0 0.3961476422)
(3.65224199 0 1.539607394)
(3.061558179 0 1.528092608)
(3.616210932 0 1.894621476)
)
;

boundaryField
{
    dominio_ascii
    {
        type            zeroGradient;
    }
    wallFilmFaces_top
    {
        type            fixedValue;
        value           uniform (0 0 0);
    }
    region0_to_wallFilmRegion_wallFilmFaces
    {
        type            slip;
    }
}


// ************************************************************************* //
