/*--------------------------------*- C++ -*----------------------------------*\
| =========                 |                                                 |
| \\      /  F ield         | OpenFOAM: The Open Source CFD Toolbox           |
|  \\    /   O peration     | Version:  2.1.x                                 |
|   \\  /    A nd           | Web:      www.OpenFOAM.org                      |
|    \\/     M anipulation  |                                                 |
\*---------------------------------------------------------------------------*/
FoamFile
{
    version     2.0;
    format      ascii;
    class       surfaceScalarField;
    location    "0.8";
    object      phi;
}
// * * * * * * * * * * * * * * * * * * * * * * * * * * * * * * * * * * * * * //

dimensions      [1 1 -1 0 0 0 0];

internalField   nonuniform List<scalar> 
5536
(
3.839678828e-12
-2.222550379e-12
-2.965148525e-12
1.827392248e-12
-1.403640724e-12
-1.033251217e-13
6.293239746e-16
-3.124355702e-19
-5.495154957e-17
9.851659469e-17
-8.309736484e-18
-2.19755715e-17
-4.682838981e-18
-9.243657774e-16
-1.542882989e-11
-2.820767273e-11
2.777548069e-11
-1.524391406e-11
-2.721277554e-11
1.29222604e-11
1.947340316e-11
-1.130329538e-11
-1.407186061e-11
4.327127712e-12
7.486639267e-12
-5.315231505e-12
-3.891101706e-13
4.126756098e-13
6.469666711e-13
1.632936783e-12
-2.672216253e-12
-3.79115813e-13
1.507807406e-11
1.085387825e-10
-1.163372959e-10
-9.06805344e-19
6.483994073e-10
2.047289783e-09
-2.669851207e-09
-2.708953728e-17
9.07730319e-09
1.77442182e-08
-2.670181671e-08
-1.72094115e-15
7.172532319e-08
1.108328592e-07
-1.818593861e-07
-4.447632578e-13
4.439455609e-07
6.350123738e-07
-1.07539684e-06
3.389917001e-11
3.937955307e-06
-6.560031996e-06
2.64743834e-06
6.921344795e-06
1.131398431e-05
-7.032502987e-06
-2.115088364e-11
-8.76273793e-11
1.669570791e-11
8.722612812e-11
-1.784017559e-11
-5.127724549e-11
1.579564928e-11
4.122254434e-11
-1.284580629e-11
-3.701909512e-11
1.412325479e-11
3.534236058e-11
-9.450675453e-12
-3.015967364e-11
7.796298181e-12
2.181964921e-11
1.843989746e-11
-3.418496385e-11
-1.911875614e-11
7.110260493e-11
1.371681744e-10
-1.769372919e-10
-1.45267467e-10
5.251805653e-10
1.476176272e-09
-1.824244655e-09
-2.13123891e-09
5.792587153e-09
1.232397264e-08
-1.586372649e-08
-1.730799366e-08
3.876623233e-08
6.619821249e-08
-8.718409595e-08
-9.62807091e-08
1.842515865e-07
2.841394607e-07
-3.703051382e-07
-4.479044853e-07
7.105059513e-07
1.042974909e-06
-1.299193295e-06
-1.846013147e-06
2.250456068e-06
3.247824363e-06
-3.633567069e-06
-6.601136414e-06
5.261988576e-06
7.685631215e-06
-6.305533339e-06
-9.618226669e-06
5.065500025e-06
7.469133651e-06
-2.880965077e-06
-1.241378735e-11
1.30633755e-11
9.7027704e-13
-1.395385804e-19
-5.025341639e-27
-2.118522332e-26
2.878117886e-26
1.831163449e-10
-3.765732554e-11
-1.922460001e-10
1.929886288e-11
1.010457854e-10
-1.149844261e-11
-7.142818317e-11
1.182386878e-11
5.397278942e-11
-6.135201291e-12
-4.485438816e-11
8.485061527e-12
3.995086142e-11
1.470474107e-12
-3.562808622e-11
-8.762100737e-12
4.917200203e-11
7.515885833e-11
-9.243716342e-11
-1.08002862e-10
2.201269993e-10
5.275506289e-10
-6.080027931e-10
-9.074026618e-10
1.849811198e-09
4.350552203e-09
-5.214115588e-09
-7.563837405e-09
1.314266771e-08
2.471077211e-08
-3.004245896e-08
-4.164976125e-08
6.348153055e-08
1.048351023e-07
-1.258716146e-07
-1.742672836e-07
2.367129134e-07
3.64850696e-07
-4.248444562e-07
-6.133252139e-07
7.291403555e-07
1.085578382e-06
-1.194497755e-06
-1.83716206e-06
1.85817403e-06
2.716590398e-06
-2.72100295e-06
-4.491765231e-06
3.697320926e-06
5.375388493e-06
-4.549594264e-06
-7.717637311e-06
4.865636843e-06
7.11511433e-06
-4.223827278e-06
-5.498083587e-06
2.651903303e-06
3.905642213e-06
-1.039142608e-06
-2.866697711e-13
3.613053075e-13
1.139684628e-13
-6.392855026e-21
6.654828729e-27
2.714596374e-25
1.863382516e-26
-2.395707564e-25
1.07402478e-11
-1.213459506e-11
6.627740398e-12
-4.642750786e-12
-7.940438609e-12
-8.287327569e-12
-1.386101784e-11
3.434188194e-10
-1.000771653e-11
-1.92430406e-10
1.888092737e-11
1.383061951e-10
-3.960455567e-12
-9.906890732e-11
4.416292095e-12
6.980297402e-11
4.571152614e-12
-5.312717134e-11
-1.845787983e-12
4.594802152e-11
3.233991235e-11
-5.613264843e-11
-5.046339513e-11
9.803710005e-11
1.976292485e-10
-2.109024888e-10
-3.118061638e-10
5.127720374e-10
1.262822047e-09
-1.406095335e-09
-2.383210374e-09
3.746609217e-09
7.894175563e-09
-9.119628923e-09
-1.419630461e-08
2.026388566e-08
3.598662472e-08
-4.167386079e-08
-6.184366555e-08
8.040509373e-08
1.295777184e-07
-1.470794219e-07
-2.177639212e-07
2.568999684e-07
3.93919282e-07
-4.302256976e-07
-6.515836053e-07
6.917365097e-07
1.033470565e-06
-1.066700215e-06
-1.670951088e-06
1.572328915e-06
2.31624639e-06
-2.202803161e-06
-3.556571675e-06
2.909462369e-06
4.254424361e-06
-3.581141363e-06
-5.834261968e-06
4.038888556e-06
5.898556972e-06
-4.068243824e-06
-6.190802556e-06
3.520082258e-06
5.160457087e-06
-2.460169978e-06
-2.704281287e-06
1.251394975e-06
1.83607879e-06
-3.729840973e-07
-1.54581444e-13
7.546969992e-12
8.692556014e-13
-8.21150165e-12
2.123813087e-12
1.135685654e-11
-1.318685852e-11
-3.36217839e-13
1.407864499e-11
-1.416787632e-11
-1.350133627e-11
1.428152249e-11
6.908933597e-12
-1.195547059e-11
-3.876693711e-12
9.4059328e-12
-1.197344013e-12
-7.742572938e-12
-6.363331704e-11
5.098145325e-10
2.465399187e-11
-2.90119927e-10
-8.404745914e-12
2.048912635e-10
2.770653627e-11
-1.422733524e-10
-1.096261661e-11
9.793783552e-11
2.825155448e-11
-6.987833416e-11
-2.309574083e-11
6.595807076e-11
8.504174746e-11
-9.85907843e-11
-1.279727456e-10
1.85510339e-10
3.853124385e-10
-3.923291126e-10
-6.727279924e-10
9.473296567e-10
2.20890623e-09
-2.393557626e-09
-4.235052968e-09
5.734713772e-09
1.138940473e-08
-1.268600764e-08
-2.052860465e-08
2.60095966e-08
4.496685131e-08
-4.994019089e-08
-7.677937191e-08
9.070714764e-08
1.444500405e-07
-1.571034655e-07
-2.386123395e-07
2.609363789e-07
3.977553553e-07
-4.170130022e-07
-6.408966817e-07
6.421395051e-07
9.579524762e-07
-9.523719477e-07
-1.493868538e-06
1.357624845e-06
2.003234473e-06
-1.853466498e-06
-2.958227661e-06
2.410761037e-06
3.536567826e-06
-2.966224539e-06
-4.745542637e-06
3.42023439e-06
5.005389733e-06
-3.6488806e-06
-5.648519341e-06
3.537850808e-06
5.18055392e-06
-3.038539958e-06
-4.159409779e-06
2.225066315e-06
3.262122501e-06
-1.308416335e-06
-1.22701853e-06
5.563964666e-07
8.09011915e-07
-1.336385297e-07
-2.341467125e-12
4.530288343e-11
4.554563779e-12
-4.755157282e-11
3.821692116e-11
5.983315261e-11
4.901645872e-11
-1.530461543e-10
-1.089141239e-13
5.786679885e-10
7.392373323e-10
-1.320765821e-09
-9.839206175e-13
2.818267041e-09
2.929440579e-09
-5.753396175e-09
-7.994454752e-13
1.141872439e-08
1.085046793e-08
-2.229071251e-08
3.980058409e-08
4.322525112e-08
-6.306833715e-11
3.56353813e-10
-4.498175086e-10
3.230717427e-10
-5.68793262e-11
8.88866631e-11
-2.229737472e-10
-4.755476566e-11
1.467204019e-10
7.819641118e-11
-1.029128351e-10
-6.893823037e-11
1.067953301e-10
1.716213723e-10
-1.641562683e-10
-2.453783058e-10
3.028324035e-10
6.425091372e-10
-6.277770048e-10
-1.156389759e-09
1.452820776e-09
3.225126129e-09
-3.393669476e-09
-6.128689925e-09
7.517312947e-09
1.443257857e-08
-1.555005815e-08
-2.581009761e-08
3.013233908e-08
5.142366302e-08
-5.511995217e-08
-8.682443485e-08
9.591940813e-08
1.521574221e-07
-1.59803193e-07
-2.466798109e-07
2.560851496e-07
3.897553451e-07
-3.959357309e-07
-6.120068389e-07
5.915122862e-07
8.811590646e-07
-8.539748772e-07
-1.335235226e-06
1.190045339e-06
1.754767958e-06
-1.597024581e-06
-2.524354182e-06
2.056769551e-06
3.018416391e-06
-2.53022442e-06
-4.003453114e-06
2.95534057e-06
4.328630007e-06
-3.252107591e-06
-5.042553942e-06
3.337743728e-06
4.888278261e-06
-3.152398782e-06
-4.586260034e-06
2.689748837e-06
3.941488826e-06
-2.020471586e-06
-2.500562909e-06
1.286110258e-06
1.879563036e-06
-6.535404515e-07
-5.269182649e-07
2.382932502e-07
3.391437916e-07
-4.840590006e-08
-2.487170091e-11
9.29637142e-10
1.013961102e-10
-1.003269524e-09
-7.328979706e-10
1.846834739e-09
2.029903551e-09
-3.1549679e-09
-2.59640648e-09
5.013435073e-09
5.087140952e-09
-7.518756081e-09
-7.049279576e-09
1.057265233e-08
1.01942108e-08
-1.373933272e-08
-1.560647577e-08
1.598214144e-08
1.505299757e-08
-1.545664055e-08
-1.926473244e-08
9.283078748e-09
-8.102995403e-12
9.971751669e-09
1.921402599e-10
-1.037047846e-09
-1.747779408e-10
5.988648416e-10
1.883997304e-10
-3.790702757e-10
-1.171054919e-10
2.377291554e-10
1.644107158e-10
-1.675569856e-10
-1.455188659e-10
1.716655952e-10
2.908340024e-10
-2.506347263e-10
-4.01527142e-10
4.410298077e-10
9.486550349e-10
-8.893953312e-10
-1.702217118e-09
1.950690364e-09
4.198203592e-09
-4.275763962e-09
-7.858345687e-09
8.938577809e-09
1.686752918e-08
-1.760648124e-08
-2.981931919e-08
3.273535025e-08
5.560370842e-08
-5.778350416e-08
-9.27784358e-08
9.742751581e-08
1.546850604e-07
-1.577379005e-07
-2.467775671e-07
2.462174607e-07
3.754815797e-07
-3.715814285e-07
-5.773863219e-07
5.430484842e-07
8.098354873e-07
-7.689356614e-07
-1.199188369e-06
1.054339561e-06
1.554581063e-06
-1.397926301e-06
-2.19282027e-06
1.78805916e-06
2.623031631e-06
-2.199330246e-06
-3.450525244e-06
2.590758701e-06
3.793671521e-06
-2.907640644e-06
-4.500208235e-06
3.088937851e-06
4.522441904e-06
-3.080928939e-06
-4.585803614e-06
2.85479188e-06
4.181716982e-06
-2.423447773e-06
-3.302551435e-06
1.849797286e-06
2.706841537e-06
-1.236692644e-06
-1.388679832e-06
6.971760124e-07
1.010388736e-06
-3.123761043e-07
-2.157074118e-07
1.005233715e-07
1.355930244e-07
-1.945238505e-08
-3.07997533e-10
3.57967764e-09
6.928218321e-10
-3.949133525e-09
-3.77372599e-09
5.596591567e-09
5.590385257e-09
-7.439275165e-09
-7.422994215e-09
9.329215359e-09
9.005986475e-09
-1.093788328e-08
-1.149795477e-08
1.182067868e-08
1.112152983e-08
-1.146995569e-08
-1.21179062e-08
9.534627188e-09
8.728214361e-09
-6.164201837e-09
-4.375405583e-09
2.386850413e-09
1.983392697e-09
-8.57428295e-14
7.237175946e-12
-1.07838375e-11
5.582938428e-12
-1.540590319e-14
-6.369239656e-10
1.252005485e-09
3.778728972e-10
-5.727747556e-10
-2.233365686e-10
3.767721992e-10
2.856076959e-10
-2.779251968e-10
-2.59017108e-10
2.731603888e-10
4.503814735e-10
-3.66971879e-10
-5.982253346e-10
6.087579278e-10
1.28800403e-09
-1.166220189e-09
-2.254995853e-09
2.410880249e-09
5.061878465e-09
-4.998230825e-09
-9.310113959e-09
9.974672411e-09
1.866450306e-08
-1.891502638e-08
-3.260737931e-08
3.407143162e-08
5.790721172e-08
-5.852969389e-08
-9.554432187e-08
9.634931129e-08
1.535778673e-07
-1.526566892e-07
-2.417426227e-07
2.336287875e-07
3.578131944e-07
-3.462653531e-07
-5.412748811e-07
4.97839822e-07
7.447671305e-07
-6.948736101e-07
-1.083410781e-06
9.415095965e-07
1.390499381e-06
-1.237363914e-06
-1.93145188e-06
1.574890992e-06
2.311238566e-06
-1.93699511e-06
-3.019659217e-06
2.29545725e-06
3.360299184e-06
-2.61151986e-06
-4.030853161e-06
2.839663839e-06
4.155391534e-06
-2.934922206e-06
-4.411741733e-06
2.863678941e-06
4.192222266e-06
-2.615448541e-06
-3.719693784e-06
2.211633944e-06
3.236860758e-06
-1.707003484e-06
-2.175960016e-06
1.180005383e-06
1.719323038e-06
-7.117639163e-07
-7.250344295e-07
3.610655136e-07
5.137783495e-07
-1.460650848e-07
-8.42715252e-08
4.423867043e-08
5.213158076e-08
-1.128198525e-08
-1.362661614e-09
6.19488836e-09
2.780866503e-09
-6.838910552e-09
-7.940670638e-09
8.903779762e-09
9.469475654e-09
-9.407762484e-09
-9.606207089e-09
9.884531429e-09
9.290240288e-09
-9.598057063e-09
-9.655543983e-09
8.447568015e-09
7.709600637e-09
-6.524243435e-09
-5.790993782e-09
4.174840479e-09
3.579978328e-09
-1.975552341e-09
-8.457174319e-10
5.129318646e-10
3.304806189e-10
-4.354294882e-13
1.343944911e-11
-7.914629419e-14
-1.108726432e-11
4.617124116e-12
-1.680922997e-12
-6.81456965e-12
3.57435082e-10
-1.363575336e-09
6.088934652e-10
-3.956249425e-10
4.623362288e-10
-4.336930369e-10
-4.087537985e-10
4.116916677e-10
6.535495681e-10
-5.213811051e-10
-8.433218451e-10
8.133570098e-10
1.670405357e-09
-1.464574285e-09
-2.798484108e-09
2.848087114e-09
5.829751743e-09
-5.603284176e-09
-1.045780632e-08
1.07275829e-08
1.990700878e-08
-1.968495523e-08
-3.432618783e-08
3.452517081e-08
5.874586337e-08
-5.799852238e-08
-9.593590834e-08
9.364972954e-08
1.500001865e-07
-1.458654773e-07
-2.334823889e-07
2.19831795e-07
3.384976051e-07
-3.213238558e-07
-5.054768901e-07
4.562652594e-07
6.855830272e-07
-6.299829621e-07
-9.837391396e-07
8.460156856e-07
1.253119854e-06
-1.10459035e-06
-1.720146423e-06
1.400816152e-06
2.05897303e-06
-1.722906843e-06
-2.674661382e-06
2.050914749e-06
3.003676334e-06
-2.35666626e-06
-3.627956218e-06
2.605673778e-06
3.811974962e-06
-2.761326744e-06
-4.169967396e-06
2.791571912e-06
4.08465218e-06
-2.676790884e-06
-3.891485476e-06
2.417373471e-06
3.537213925e-06
-2.038064817e-06
-2.762082751e-06
1.586282581e-06
2.315854957e-06
-1.123643576e-06
-1.337719423e-06
7.108985485e-07
1.02643586e-06
-3.919184727e-07
-3.600522213e-07
1.824224605e-07
2.498382834e-07
-6.961665627e-08
-3.25290046e-08
2.296049058e-08
2.062602688e-08
-9.82392931e-09
-4.762119493e-09
7.499718807e-09
6.327001137e-09
-8.373567546e-09
-9.586896896e-09
9.014320505e-09
8.80985891e-09
-8.428717821e-09
-8.30393991e-09
7.604682493e-09
6.944399677e-09
-6.272296458e-09
-5.737647737e-09
4.608535818e-09
4.008375985e-09
-2.896709259e-09
-2.065583561e-09
1.451563193e-09
1.113445686e-09
-5.065855404e-10
-1.175091844e-10
9.418816867e-11
2.355001205e-11
-7.860193071e-13
4.183142629e-12
-5.62964228e-13
-2.066302926e-12
3.622857303e-12
-4.670974806e-14
1.991892924e-12
3.32395472e-12
-4.354560811e-12
-8.119568792e-10
1.403607893e-09
-7.484470394e-10
6.166256803e-10
-6.238075871e-10
9.321196891e-10
-7.144399615e-10
-1.141125415e-09
1.052090546e-09
2.1059975e-09
-1.786244132e-09
-3.356623704e-09
3.277024216e-09
6.563120868e-09
-6.138717087e-09
-1.138546382e-08
1.130714232e-08
2.079028973e-08
-2.013278776e-08
-3.523838238e-08
3.447455508e-08
5.860464901e-08
-5.678376037e-08
-9.465118801e-08
9.017285232e-08
1.448922398e-07
-1.384406273e-07
-2.233046014e-07
2.060057832e-07
3.186549928e-07
-2.977367981e-07
-4.709176777e-07
4.186030568e-07
6.317638608e-07
-5.730899337e-07
-8.969089663e-07
7.643308726e-07
1.136081279e-06
-9.930002514e-07
-1.54519134e-06
1.25594082e-06
1.850179391e-06
-1.544892862e-06
-2.39242065e-06
1.845407191e-06
2.705887282e-06
-2.136608454e-06
-3.282896031e-06
2.392122497e-06
3.500719626e-06
-2.58234769e-06
-3.90826789e-06
2.678835011e-06
3.918734385e-06
-2.659426772e-06
-3.914689196e-06
2.514273434e-06
3.678146172e-06
-2.250283133e-06
-3.154757644e-06
1.892807422e-06
2.765527806e-06
-1.482982817e-06
-1.911038985e-06
1.070171755e-06
1.554223157e-06
-7.013350998e-07
-7.776198345e-07
4.100005452e-07
5.820832589e-07
-2.092056723e-07
-1.717228132e-07
9.124760143e-08
1.167787738e-07
-3.443105772e-08
-1.316276145e-08
1.335821997e-08
8.326044026e-09
-7.755642131e-09
-7.000724507e-09
7.593180454e-09
6.963330377e-09
-7.546353951e-09
-7.690626086e-09
7.000451755e-09
6.468427539e-09
-5.927197825e-09
-5.473389715e-09
4.641120399e-09
4.079215585e-09
-3.266660022e-09
-2.633616628e-09
1.994401715e-09
1.619498035e-09
-9.925892752e-10
-5.524016167e-10
3.500763814e-10
2.512049593e-10
-5.561696479e-11
2.140237464e-17
1.510188949e-17
1.40267496e-16
3.208024918e-17
8.205969803e-18
-2.869330133e-17
9.122254776e-17
2.267916772e-17
-6.303577704e-12
5.764794298e-12
1.060940028e-12
-1.812787295e-17
-1.109327359e-09
1.134538497e-09
1.494156413e-09
-1.066444145e-09
-1.510830503e-09
1.385897146e-09
2.623547404e-09
-2.183174052e-09
-3.956255977e-09
3.763763299e-09
7.322559606e-09
-6.698255821e-09
-1.221640933e-08
1.186053206e-08
2.152861047e-08
-2.048970269e-08
-3.568386717e-08
3.426534018e-08
5.797783611e-08
-5.537746908e-08
-9.239171659e-08
8.657316545e-08
1.390980245e-07
-1.311680176e-07
-2.122451479e-07
1.929807423e-07
2.991939647e-07
-2.761931767e-07
-4.381619e-07
3.850639834e-07
5.829515561e-07
-5.234751903e-07
-8.205080117e-07
6.942568784e-07
1.034938148e-06
-8.98376575e-07
-1.397593853e-06
1.133871324e-06
1.674186732e-06
-1.394922431e-06
-2.156905073e-06
1.670931412e-06
2.453695925e-06
-1.946188371e-06
-2.986128565e-06
2.20017746e-06
3.221973215e-06
-2.409013253e-06
-3.650023701e-06
2.548190768e-06
3.728124325e-06
-2.596153863e-06
-3.85016684e-06
2.538431793e-06
3.712987806e-06
-2.371962023e-06
-3.393908871e-06
2.107378295e-06
3.080096521e-06
-1.769405285e-06
-2.386369752e-06
1.393726127e-06
2.029594014e-06
-1.020641741e-06
-1.247148316e-06
6.873293777e-07
9.884268247e-07
-4.19919317e-07
-4.30587387e-07
2.290510849e-07
3.147836343e-07
-1.096709604e-07
-7.824956119e-08
4.576615176e-08
5.108901192e-08
-1.747136461e-08
-5.230868543e-09
7.587709292e-09
3.204491757e-09
-5.692402683e-09
-6.504307031e-09
6.037211585e-09
5.790817382e-09
-5.461682025e-09
-5.232241766e-09
4.485115277e-09
4.061737526e-09
-3.369901237e-09
-2.876986577e-09
2.279268408e-09
1.920919852e-09
-1.343285786e-09
-9.27517387e-10
6.532275542e-10
5.055992912e-10
-2.460448327e-10
-1.43709889e-10
9.317567654e-11
1.20810368e-10
-8.755817163e-11
-7.792092288e-11
1.601178848e-10
2.312958742e-10
-3.651771518e-10
-5.014538375e-10
1.094454112e-09
2.736954885e-09
-3.602464743e-09
-7.19950268e-09
1.007038099e-08
2.053278963e-08
-2.412575523e-08
-6.595690199e-08
7.5047727e-08
4.880949129e-08
2.046202766e-09
-2.249825074e-09
3.534412246e-09
-2.815350141e-09
-4.68107033e-09
4.478555466e-09
8.254447161e-09
-7.498354108e-09
-1.30782104e-08
1.266040563e-08
2.232326631e-08
-2.10926056e-08
-3.598093469e-08
3.431279312e-08
5.727905636e-08
-5.427997864e-08
-8.97844549e-08
8.343347246e-08
1.333112301e-07
-1.246853144e-07
-2.011712216e-07
1.813802318e-07
2.808416874e-07
-2.571642248e-07
-4.076938274e-07
3.557406764e-07
5.389446423e-07
-4.805369327e-07
-7.52957248e-07
6.341670535e-07
9.467944598e-07
-8.177793187e-07
-1.27112303e-06
1.030297187e-06
1.523638421e-06
-1.267591289e-06
-1.957257363e-06
1.521831965e-06
2.237405232e-06
-1.780977492e-06
-2.72925712e-06
2.029085845e-06
2.973473617e-06
-2.24690575e-06
-3.405532108e-06
2.413927981e-06
3.531763675e-06
-2.510858454e-06
-3.738289772e-06
2.522654488e-06
3.685611711e-06
-2.441001332e-06
-3.52529097e-06
2.265367912e-06
3.298841971e-06
-2.00341683e-06
-2.756246437e-06
1.675084703e-06
2.434173948e-06
-1.319005286e-06
-1.704221183e-06
9.807875819e-07
1.416658448e-06
-6.805731776e-07
-7.767381863e-07
4.396836563e-07
6.10581127e-07
-2.669519637e-07
-2.286976094e-07
1.585452825e-07
1.762851592e-07
-1.025195619e-07
-3.014495071e-08
8.299852726e-08
2.440356034e-08
-7.143618721e-08
-1.359159993e-09
3.974313506e-08
-1.235804899e-08
-1.749908113e-08
-4.636617705e-09
7.198696894e-09
3.380521231e-09
-5.071804433e-09
-2.986320311e-09
3.416124006e-09
1.778676342e-09
-2.111269195e-09
-1.231290307e-09
1.195242147e-09
7.717612381e-10
-6.04106777e-10
-2.97848137e-10
2.70582291e-10
2.456457393e-10
-1.237644321e-10
-1.355883106e-10
1.09716278e-10
1.860636219e-10
-2.080742207e-10
-6.894375055e-10
6.079906179e-10
1.73616238e-09
-1.943560748e-09
-6.86605832e-09
5.165876001e-09
1.223475453e-08
-1.127971257e-08
-3.417116866e-08
2.073660413e-08
4.423513648e-08
-3.184311744e-08
-8.342547323e-08
9.235864276e-08
3.910292233e-08
-2.099465826e-09
4.235303833e-09
-4.202314346e-09
6.069198207e-09
-5.64202007e-09
9.42541988e-09
-9.112930559e-09
-1.410328788e-08
1.421261286e-08
2.327602831e-08
-2.240534121e-08
-3.6371361e-08
3.5062003e-08
5.67593385e-08
-5.393580191e-08
-8.729182289e-08
8.119297626e-08
1.279903302e-07
-1.194157144e-07
-1.9074042e-07
1.715547399e-07
2.64091075e-07
-2.408217236e-07
-3.799267087e-07
3.304966556e-07
4.996724694e-07
-4.436427656e-07
-6.932139653e-07
5.826944318e-07
8.697076902e-07
-7.489414561e-07
-1.16168695e-06
9.419136841e-07
1.393567554e-06
-1.158735194e-06
-1.785801858e-06
1.39353982e-06
2.050078061e-06
-1.637142981e-06
-2.505217915e-06
1.8769088e-06
2.751648996e-06
-2.09729385e-06
-3.178414102e-06
2.281184906e-06
3.33799107e-06
-2.411797674e-06
-3.601293104e-06
2.474989315e-06
3.615306988e-06
-2.461431427e-06
-3.583866132e-06
2.36640352e-06
3.439776716e-06
-2.188769464e-06
-3.048761216e-06
1.932542649e-06
2.785707428e-06
-1.616132281e-06
-2.130210372e-06
1.276667119e-06
1.853437973e-06
-9.538633509e-07
-1.172382597e-06
6.816015136e-07
9.679486475e-07
-4.611994041e-07
-4.84189293e-07
3.018038324e-07
3.853915398e-07
-1.974237359e-07
-1.440390205e-07
1.349984356e-07
1.06512993e-07
-9.280801716e-08
1.175576165e-08
4.334103502e-08
-2.308909672e-08
-2.833937958e-08
1.220083839e-08
2.352778212e-08
-1.306462703e-08
-1.730647435e-08
1.233756504e-09
1.223454133e-08
-1.905687236e-09
-8.941099299e-09
-2.20886678e-09
6.11708879e-09
8.673257511e-10
-3.530555029e-09
-1.390500206e-09
1.870057483e-09
1.280769806e-09
-9.374101602e-10
-5.411523319e-10
4.587749687e-10
7.726862074e-10
-1.906916633e-10
-3.1981203e-10
2.04674647e-10
6.188529615e-10
-6.801503679e-10
-3.49320446e-09
2.149271068e-09
5.945939644e-09
-5.255307198e-09
-1.813976301e-08
1.043706893e-08
2.408832848e-08
-1.746358809e-08
-5.008163847e-08
2.461242474e-08
5.277811715e-08
-2.801991248e-08
-6.45609806e-08
4.673314965e-08
-3.356257351e-09
2.219320558e-08
-6.726969075e-09
1.036239415e-08
-9.405940436e-09
1.480718507e-08
-1.568773887e-08
2.524521066e-08
-2.314197468e-08
-3.709720952e-08
3.558919536e-08
5.693391038e-08
-5.368046227e-08
-8.521022247e-08
7.936121128e-08
1.235300722e-07
-1.149550694e-07
-1.813548489e-07
1.631073782e-07
2.492813871e-07
-2.266906549e-07
-3.550874291e-07
3.086543938e-07
4.650402764e-07
-4.117765021e-07
-6.405910632e-07
5.383415979e-07
8.023650171e-07
-6.897247472e-07
-1.066500295e-06
8.659030729e-07
1.280588748e-06
-1.064928242e-06
-1.637231907e-06
1.282437231e-06
1.886607365e-06
-1.511255424e-06
-2.308494424e-06
1.741327321e-06
2.553139699e-06
-1.959896485e-06
-2.968685222e-06
2.152292737e-06
3.149599101e-06
-2.303223584e-06
-3.447821065e-06
2.398625553e-06
3.505899855e-06
-2.427903678e-06
-3.574050939e-06
2.385762814e-06
3.480315507e-06
-2.272575459e-06
-3.255183977e-06
2.092664516e-06
3.034757167e-06
-1.852249391e-06
-2.519111343e-06
1.562853801e-06
2.252196932e-06
-1.249124068e-06
-1.602886964e-06
9.444903084e-07
1.370956121e-06
-6.754608544e-07
-7.937071321e-07
4.661930242e-07
6.416805506e-07
-3.050177375e-07
-3.002140342e-07
1.905571439e-07
2.237577202e-07
-1.104454837e-07
-6.228525988e-08
5.425459018e-08
2.791284915e-08
-1.894542784e-08
2.418956271e-08
1.79262654e-08
-2.297475086e-08
-1.866399047e-08
1.322120139e-08
1.450841595e-08
-1.349494663e-08
-9.398413662e-09
2.372700582e-09
4.877182176e-09
-2.440815651e-09
-2.26789642e-09
-2.928067299e-11
1.235827411e-09
3.947027658e-11
-9.592852147e-10
-8.039914353e-10
8.152069359e-10
5.39852387e-10
-6.432039918e-10
-8.191831723e-10
4.496237362e-10
7.898350626e-10
-3.118142242e-10
-1.179724136e-09
6.103292297e-10
2.08093633e-09
-1.969367569e-09
-9.004898523e-09
4.800160368e-09
1.251177463e-08
-9.294470045e-09
-2.961658883e-08
1.508143416e-08
3.427074157e-08
-2.077802602e-08
-5.279189157e-08
2.388775486e-08
5.064339515e-08
-2.163815756e-08
-3.485031484e-08
2.735654793e-08
-4.223114892e-09
1.343119679e-08
-1.599163556e-08
2.433420447e-08
-2.460548629e-08
3.617568653e-08
-3.902786696e-08
5.794546361e-08
-5.300444959e-08
-8.418505969e-08
7.688081639e-08
1.202584113e-07
-1.099005396e-07
-1.734821049e-07
1.54429708e-07
2.367713281e-07
-2.130330281e-07
-3.33431082e-07
2.883503438e-07
4.351552108e-07
-3.829039614e-07
-5.946780853e-07
4.988301513e-07
7.440743581e-07
-6.375434221e-07
-9.837653579e-07
7.993348468e-07
1.18262711e-06
-9.829349022e-07
-1.507968037e-06
1.185094622e-06
1.743775053e-06
-1.400242772e-06
-2.135093781e-06
1.620321628e-06
2.375842025e-06
-1.834848901e-06
-2.776632885e-06
2.031395653e-06
2.972447883e-06
-2.19636419e-06
-3.289509703e-06
2.31628887e-06
3.385448617e-06
-2.379385153e-06
-3.512835156e-06
2.377368272e-06
3.471686359e-06
-2.307085355e-06
-3.340809575e-06
2.171466251e-06
3.164933663e-06
-1.979173643e-06
-2.787943489e-06
1.742785685e-06
2.5268757e-06
-1.476732743e-06
-1.985317937e-06
1.196977871e-06
1.72300929e-06
-9.216421174e-07
-1.153219615e-06
6.689765987e-07
9.517901622e-07
-4.558941587e-07
-5.086017106e-07
2.972472204e-07
3.936726053e-07
-1.788785568e-07
-1.586056428e-07
9.607766784e-08
1.065747666e-07
-4.21499752e-08
-1.019224187e-08
1.352343935e-08
2.538010613e-09
-4.615679259e-09
2.033203454e-08
8.342602944e-09
-1.492787239e-08
-1.62205232e-08
1.37024978e-08
1.508186751e-08
-1.363166835e-08
-1.095590113e-08
2.481612373e-09
6.120163696e-09
-2.444368662e-09
-2.764429416e-09
-1.225823908e-10
1.22755248e-09
2.046713311e-10
-6.917917056e-10
-4.430671194e-10
5.063258998e-10
4.222220117e-10
-4.218031575e-10
-7.906125418e-10
3.93369017e-10
8.808005332e-10
-5.797300872e-10
-3.361090379e-09
1.566519924e-09
5.012441158e-09
-4.003570163e-09
-1.625543353e-08
7.879274637e-09
2.002315351e-08
-1.280108419e-08
-3.777861046e-08
1.76562647e-08
4.013433035e-08
-2.067426464e-08
-4.725187551e-08
2.008236496e-08
4.343463879e-08
-1.542005064e-08
-2.283895842e-08
2.017197181e-08
-4.052299921e-09
8.775184846e-09
-3.616437741e-08
5.082371944e-08
-5.571705059e-08
7.530653623e-08
-8.290405056e-08
1.152021677e-07
-1.041435673e-07
-1.667272307e-07
1.444266176e-07
2.256836532e-07
-1.982336552e-07
-3.150644352e-07
2.677119639e-07
4.100150827e-07
-3.549972995e-07
-5.554120132e-07
4.619797996e-07
6.946207866e-07
-5.900164405e-07
-9.125574772e-07
7.395952511e-07
1.098607818e-06
-9.099366589e-07
-1.395882719e-06
1.098633118e-06
1.619648067e-06
-1.301341671e-06
-1.982501958e-06
1.511584412e-06
2.21830878e-06
-1.720758208e-06
-2.602174238e-06
1.918373902e-06
2.807923584e-06
-2.092637194e-06
-3.135271647e-06
2.231293482e-06
3.261225815e-06
-2.32281024e-06
-3.436356395e-06
2.357771864e-06
3.442998904e-06
-2.33016693e-06
-3.387288817e-06
2.238715155e-06
3.265515761e-06
-2.087469458e-06
-2.962733894e-06
1.885878749e-06
2.743496055e-06
-1.647706396e-06
-2.263440371e-06
1.388992042e-06
2.007145394e-06
-1.126057378e-06
-1.473735251e-06
8.735040577e-07
1.245506029e-06
-6.432121711e-07
-7.715605813e-07
4.447318527e-07
6.157633876e-07
-2.858757021e-07
-2.967922972e-07
1.702437223e-07
2.179350021e-07
-8.918456453e-08
-6.701009334e-08
3.766417967e-08
4.011202252e-08
-1.007074956e-08
-2.485067672e-10
6.175067919e-11
2.748719251e-11
6.656806123e-11
9.441038896e-09
-9.669336569e-10
-1.115076547e-08
-2.315499324e-09
1.268106388e-08
1.3561141e-08
-1.005658783e-08
-1.183970234e-08
2.318870781e-09
7.323507865e-09
-2.078366461e-09
-3.49303383e-09
-2.949893535e-10
1.489839483e-09
4.013303248e-10
-7.315067213e-10
-4.375914308e-10
4.721398661e-10
4.77780223e-10
-3.954474658e-10
-1.097674345e-09
5.154066753e-10
1.473016995e-09
-1.186744162e-09
-6.991951774e-09
3.050085951e-09
9.233811956e-09
-6.330204536e-09
-2.364091635e-08
1.061776125e-08
2.69848728e-08
-1.505014927e-08
-4.153010868e-08
1.832501342e-08
4.223805574e-08
-1.913906396e-08
-3.977651547e-08
1.691869848e-08
3.670824568e-08
-1.244571411e-08
-1.861065713e-08
1.767262125e-08
-4.598352203e-09
7.714997696e-09
-6.495778278e-08
-6.380233743e-08
1.191666184e-07
-1.588955985e-07
2.213362563e-07
-1.756513324e-07
-3.000073288e-07
2.438562239e-07
3.91423582e-07
-3.26839262e-07
-5.22940596e-07
4.271837556e-07
6.543413062e-07
-5.46641889e-07
-8.525414744e-07
6.860422706e-07
1.028065731e-06
-8.450844661e-07
-1.299901976e-06
1.0220489e-06
1.513273473e-06
-1.213580042e-06
-1.849380337e-06
1.414477007e-06
2.080038255e-06
-1.617649257e-06
-2.445249173e-06
1.814194456e-06
2.657506803e-06
-1.993915535e-06
-2.987668015e-06
2.145863e-06
3.136963854e-06
-2.259264296e-06
-3.34786055e-06
2.324545669e-06
3.394379047e-06
-2.334538684e-06
-3.407629982e-06
2.285408802e-06
3.333749575e-06
-2.177723252e-06
-3.112927207e-06
2.016695916e-06
2.935984439e-06
-1.811873551e-06
-2.51513973e-06
1.576429098e-06
2.284384068e-06
-1.32537391e-06
-1.764579318e-06
1.073510155e-06
1.539394736e-06
-8.339362202e-07
-1.043062493e-06
6.171006702e-07
8.678337772e-07
-4.305017043e-07
-4.8517301e-07
2.793261725e-07
3.788916138e-07
-1.660457937e-07
-1.563064057e-07
8.867897899e-08
1.098914856e-07
-4.003326518e-08
-2.316844946e-08
1.382228098e-08
1.324275304e-08
-3.385068592e-09
-1.458795944e-10
1.175741916e-09
1.12367938e-09
7.513882881e-10
7.5444699e-09
2.998392691e-09
-5.254356001e-09
-1.000783005e-08
8.657038488e-09
1.324446256e-08
-7.245737126e-09
-1.214111086e-08
1.702112822e-09
8.19132589e-09
-1.196055189e-09
-4.211494666e-09
-5.312844136e-10
1.814962041e-09
6.918674161e-10
-8.327941267e-10
-5.429957286e-10
5.155733391e-10
6.38833358e-10
-4.914749189e-10
-2.032829781e-09
8.690909529e-10
2.792018784e-09
-2.16407412e-09
-1.165698772e-08
4.767078632e-09
1.417689274e-08
-8.445478381e-09
-2.995821102e-08
1.248165403e-08
3.250525725e-08
-1.584815556e-08
-4.248230617e-08
1.750787763e-08
4.236690061e-08
-1.690920383e-08
-3.463726332e-08
1.442992265e-08
3.352361411e-08
-1.143079258e-08
-1.76097395e-08
2.661838286e-08
-1.568163946e-08
9.692480451e-09
2.581188283e-07
-2.946081598e-07
3.684360709e-07
-3.225353162e-07
-4.985523871e-07
4.087964482e-07
6.19399388e-07
-5.165653136e-07
-8.034522607e-07
6.44859588e-07
9.68935551e-07
-7.926565161e-07
-1.219180191e-06
9.58304588e-07
1.422972222e-06
-1.138984899e-06
-1.73477948e-06
1.330470612e-06
1.960006159e-06
-1.526817272e-06
-2.306153214e-06
1.720525826e-06
2.522547688e-06
-1.902736441e-06
-2.849812221e-06
2.063714207e-06
3.017481307e-06
-2.193405253e-06
-3.252649242e-06
2.2824979e-06
3.332668577e-06
-2.323300886e-06
-3.401200207e-06
2.310482889e-06
3.370118905e-06
-2.242241278e-06
-3.225756252e-06
2.120610808e-06
3.088636769e-06
-1.951787475e-06
-2.741132889e-06
1.745667184e-06
2.534171413e-06
-1.514764292e-06
-2.056026043e-06
1.272752608e-06
1.833568664e-06
-1.033022051e-06
-1.333281516e-06
8.070831992e-07
1.146071399e-06
-6.033086246e-07
-7.190337819e-07
4.272626666e-07
5.938803644e-07
-2.823436036e-07
-2.948311427e-07
1.704721799e-07
2.294852258e-07
-9.181087154e-08
-7.57972368e-08
4.32919201e-08
5.117305875e-08
-1.744570608e-08
-7.65387094e-09
5.753198831e-09
4.70208384e-09
-2.102534587e-09
-1.777107006e-09
6.062297152e-10
-5.32928181e-10
-3.480546446e-10
3.78374067e-09
2.641910116e-09
-2.785161465e-09
-7.32597516e-09
5.83673037e-09
1.144939655e-08
-4.484185186e-09
-1.183874851e-08
5.74682472e-10
8.75388488e-09
1.523469151e-10
-4.847639756e-09
-8.89434609e-10
2.174650617e-09
1.129779029e-09
-9.86646825e-10
-7.740119148e-10
6.259262653e-10
9.590863796e-10
-7.168475617e-10
-3.75184833e-09
1.47106823e-09
4.901465635e-09
-3.376961804e-09
-1.671527125e-08
6.422856755e-09
1.921149685e-08
-1.005241559e-08
-3.461476534e-08
1.340594917e-08
3.633611311e-08
-1.557024114e-08
-4.198014077e-08
1.592891841e-08
4.149138823e-08
-1.447866165e-08
-3.271557589e-08
1.186267298e-08
3.194229824e-08
-8.9806825e-09
-2.300512321e-08
2.1045704e-08
6.336381607e-09
3.266832091e-07
6.289437296e-07
-4.83385943e-07
-4.539112841e-07
6.144763158e-07
-7.574301233e-07
9.189146678e-07
-7.565498507e-07
-1.149931747e-06
9.125661034e-07
1.344856383e-06
-1.082524715e-06
-1.636364279e-06
1.263955406e-06
1.855626667e-06
-1.452276446e-06
-2.184209346e-06
1.641102222e-06
2.402472921e-06
-1.822827424e-06
-2.723968208e-06
1.988903242e-06
2.90599273e-06
-2.130136532e-06
-3.156852524e-06
2.237474437e-06
3.26516946e-06
-2.303091215e-06
-3.376275772e-06
2.320859565e-06
3.383863073e-06
-2.286966371e-06
-3.303940452e-06
2.201341747e-06
3.206583162e-06
-2.06719156e-06
-2.927840549e-06
1.891219834e-06
2.748689967e-06
-1.683176812e-06
-2.320129234e-06
1.454961051e-06
2.103802582e-06
-1.219609921e-06
-1.619687402e-06
9.896665954e-07
1.416338201e-06
-7.75688932e-07
-9.76423129e-07
5.85128034e-07
8.225750128e-07
-4.221923907e-07
-4.878296598e-07
2.880690842e-07
3.959129046e-07
-1.820639974e-07
-1.782397562e-07
1.03000376e-07
1.366179236e-07
-4.977630721e-08
-3.372813597e-08
2.000092985e-08
2.170078755e-08
-7.544511982e-09
-3.246374703e-09
2.67834918e-09
1.904214461e-09
-7.35531905e-10
8.264028974e-10
1.734307574e-12
-7.99949936e-10
-2.475523713e-10
2.062280056e-09
1.560035221e-09
-1.526613225e-09
-5.443009781e-09
3.201813233e-09
9.775437e-09
-2.007300513e-09
-1.116305713e-08
-9.588445556e-10
8.988443919e-09
1.818960331e-09
-5.376732625e-09
-1.417910273e-09
2.556518235e-09
1.75733356e-09
-1.198387908e-09
-1.205516592e-09
8.201523529e-10
1.52482442e-09
-1.093284787e-09
-6.222053923e-09
2.288258655e-09
7.69128848e-09
-4.671031051e-09
-2.162377341e-08
7.872296584e-09
2.393036803e-08
-1.117342092e-08
-3.775073474e-08
1.376246594e-08
3.892634995e-08
-1.49974243e-08
-4.112643412e-08
1.469209979e-08
4.095671388e-08
-1.32369743e-08
3.310041198e-08
-1.057767557e-08
-3.182607876e-08
1.149715007e-08
-1.74975158e-08
1.952709203e-08
-6.910655054e-07
7.496868035e-07
-7.865614417e-07
9.059945965e-07
-1.091768597e-06
1.265419154e-06
-1.052483964e-06
-1.549527776e-06
1.218258428e-06
1.760696722e-06
-1.39572229e-06
-2.07633701e-06
1.577762579e-06
2.295025899e-06
-1.756699822e-06
-2.610411773e-06
1.924638522e-06
2.803715349e-06
-2.073467892e-06
-3.064658565e-06
2.19469158e-06
3.197061581e-06
-2.280108802e-06
-3.340796126e-06
2.322925558e-06
3.383307168e-06
-2.318875564e-06
-3.357240004e-06
2.265796354e-06
3.29885278e-06
-2.164556917e-06
-3.082292968e-06
2.019105481e-06
2.935546125e-06
-1.836365761e-06
-2.556398275e-06
1.625946466e-06
2.356280038e-06
-1.399278982e-06
-1.889610825e-06
1.168300335e-06
1.681499865e-06
-9.446044976e-07
-1.225276215e-06
7.380092088e-07
1.048350421e-06
-5.557277343e-07
-6.83310722e-07
4.018882624e-07
5.585637645e-07
-2.773876804e-07
-3.146632642e-07
1.804791858e-07
2.431327752e-07
-1.080563074e-07
-1.016055117e-07
5.700721351e-08
7.220929614e-08
-2.48098179e-08
-1.360650001e-08
8.406242708e-09
8.263104159e-09
-2.505107244e-09
-5.39829404e-10
2.556610467e-10
-2.235155588e-11
4.337055632e-11
6.628703482e-10
-1.439496264e-10
-4.695960754e-10
4.48221428e-11
1.127777122e-09
9.906646801e-10
-8.169666915e-10
-4.360938746e-09
9.023199287e-10
8.496611488e-09
1.49111583e-10
-1.037677229e-08
-2.700967571e-09
9.014951307e-09
3.59138729e-09
-5.806110518e-09
-2.149804551e-09
2.957182248e-09
2.596521169e-09
-1.477494761e-09
-1.927902188e-09
1.117374063e-09
2.424029524e-09
-1.630939633e-09
-9.286854633e-09
3.261756636e-09
1.09888998e-08
-5.962248227e-09
-2.612710311e-08
9.12668627e-09
2.821825545e-08
-1.201043628e-08
-3.991076283e-08
1.395009211e-08
4.079551531e-08
-1.456685115e-08
-4.07886582e-08
1.38931741e-08
4.065440603e-08
-1.230963946e-08
-3.356220724e-08
3.317203655e-08
-7.804098065e-09
1.02503494e-08
1.16768957e-06
-1.467227083e-06
1.681181207e-06
-1.344500522e-06
-1.978876568e-06
1.522814641e-06
2.199003102e-06
-1.699126823e-06
-2.508014824e-06
1.868690504e-06
2.712385389e-06
-2.023894809e-06
-2.97913998e-06
2.156089719e-06
3.13252482e-06
-2.257251526e-06
-3.300713572e-06
2.321379042e-06
3.374826312e-06
-2.343072897e-06
-3.393312043e-06
2.319029166e-06
3.372061503e-06
-2.248330003e-06
-3.211725432e-06
2.132665136e-06
3.099338229e-06
-1.97685754e-06
-2.771171941e-06
1.788271404e-06
2.59405956e-06
-1.576208943e-06
-2.153051057e-06
1.351131517e-06
1.951004695e-06
-1.12414406e-06
-1.48283236e-06
9.057212926e-07
1.296204134e-06
-7.047020428e-07
-8.872522692e-07
5.278307365e-07
7.431847219e-07
-3.791183581e-07
-4.491198707e-07
2.59752155e-07
3.557118945e-07
-1.683797494e-07
-1.822112741e-07
1.017996704e-07
1.329523926e-07
-5.595662556e-08
-4.874513357e-08
2.679508833e-08
3.147834483e-08
-1.052190718e-08
-4.978334661e-09
3.178788679e-09
2.61879847e-09
-5.974181206e-10
1.215322052e-10
2.685085326e-11
-1.225086716e-09
2.437249876e-11
5.170976868e-10
1.59583517e-10
-2.724099827e-09
-4.601576652e-10
5.948683681e-10
1.34156705e-09
-1.20641657e-09
-4.009323772e-09
-1.195429488e-09
7.798645101e-09
2.207976271e-09
-9.934914339e-09
-4.495101276e-09
9.073358925e-09
5.417619394e-09
-6.213614407e-09
-3.101100154e-09
3.395833097e-09
3.668655683e-09
-1.83785139e-09
-3.021159629e-09
1.532466383e-09
3.724592884e-09
-2.323643204e-09
-1.277574135e-08
4.335144915e-09
1.463004202e-08
-7.209724798e-09
-3.022495138e-08
1.022674202e-08
3.215518062e-08
-1.272858201e-08
-4.16450324e-08
1.423695994e-08
4.25031288e-08
-1.45754397e-08
-4.091463939e-08
1.393804336e-08
4.132185409e-08
-1.282804797e-08
-4.505796387e-08
3.190659716e-08
1.174537619e-08
1.946863964e-06
-1.700593296e-06
-2.038243785e-06
1.826726158e-06
-2.416545489e-06
2.618419586e-06
-1.974179623e-06
-2.903719203e-06
2.116635637e-06
3.080000524e-06
-2.23447964e-06
-3.262324877e-06
2.318782286e-06
3.36629816e-06
-2.363727447e-06
-3.418819713e-06
2.365573166e-06
3.432168205e-06
-2.322267284e-06
-3.321091199e-06
2.234527115e-06
3.243464238e-06
-2.105699766e-06
-2.965876462e-06
1.940783795e-06
2.815438137e-06
-1.747204359e-06
-2.408570919e-06
1.533888857e-06
2.218876987e-06
-1.310702921e-06
-1.753754204e-06
1.087937797e-06
1.564228847e-06
-8.749902332e-07
-1.123544748e-06
6.796981998e-07
9.659778594e-07
-5.081823934e-07
-6.165450912e-07
3.640251175e-07
5.069177866e-07
-2.483893397e-07
-2.781948241e-07
1.60217178e-07
2.153419447e-07
-9.660684303e-08
-9.518959439e-08
5.356674614e-08
6.73396324e-08
-2.667242371e-08
-1.994339823e-08
1.163460167e-08
1.21097661e-08
-4.630937037e-09
-9.926897965e-10
3.117273394e-09
-5.211371775e-09
-6.938296912e-09
8.735377354e-09
1.575013835e-08
-2.774775802e-08
-2.422855135e-08
1.573477264e-08
2.975243578e-08
-4.496191656e-08
-3.003226786e-08
8.172011735e-09
2.482577763e-08
-3.76749076e-08
-1.621916295e-08
-3.260327314e-09
1.047573575e-08
1.283419976e-10
-9.624567849e-09
-6.379488824e-09
9.141892623e-09
7.574037366e-09
-6.652490618e-09
-4.303721312e-09
3.90388405e-09
5.012517983e-09
-2.299030336e-09
-4.5363987e-09
2.074082406e-09
5.455117039e-09
-3.144460192e-09
-1.653093533e-08
5.441485779e-09
1.84497783e-08
-8.354491489e-09
-3.401420498e-08
1.114987035e-08
3.581070941e-08
-1.330813229e-08
-4.338163884e-08
1.455860211e-08
4.436532466e-08
-1.48487538e-08
4.087397863e-08
-1.16123257e-08
-4.182989435e-08
1.403062882e-08
1.786752668e-06
3.324831406e-06
-2.189636753e-06
-2.836491051e-06
2.325908165e-06
-3.241665602e-06
3.377054452e-06
-2.395217219e-06
-3.44137689e-06
2.415866597e-06
3.484066196e-06
-2.394624495e-06
-3.415512283e-06
2.332428461e-06
3.374261003e-06
-2.229603264e-06
-3.142069706e-06
2.087824908e-06
3.024043549e-06
-1.912389559e-06
-2.652110534e-06
1.71247942e-06
2.479654703e-06
-1.498023418e-06
-2.028808682e-06
1.27678207e-06
1.84159471e-06
-1.05812281e-06
-1.384575935e-06
8.505148617e-07
1.21639577e-06
-6.609083035e-07
-8.238871842e-07
4.947767322e-07
6.97171215e-07
-3.551929311e-07
-4.132234118e-07
2.431085423e-07
3.339775406e-07
-1.574846895e-07
-1.65198803e-07
9.56160414e-08
1.255899152e-07
-5.374213459e-08
-4.72500663e-08
2.765985094e-08
3.2786026e-08
-1.340640057e-08
-6.733395612e-09
8.154137339e-09
2.627804892e-09
-1.256517668e-08
1.821276093e-08
2.811207329e-08
-2.838728858e-08
-5.567248281e-08
5.289695568e-08
8.83701398e-08
-7.26890347e-08
-1.215981418e-07
8.636068168e-08
1.496162528e-07
-1.17772669e-07
-1.672567528e-07
9.232602453e-08
1.708716303e-07
-1.389499623e-07
-1.584028574e-07
4.520696277e-08
1.286125457e-07
-1.171976175e-07
-7.929037349e-08
-8.556045095e-09
1.812499871e-08
9.479825003e-11
-7.274099339e-09
-5.80566216e-09
4.431297783e-09
6.73688288e-09
-2.8790836e-09
-6.478172608e-09
2.745994894e-09
7.602704645e-09
-4.065920139e-09
-2.034743863e-08
6.527873462e-09
2.219116769e-08
-9.307714696e-09
-3.750383923e-08
1.167789497e-08
3.887486809e-08
-1.323302321e-08
4.790464431e-08
-1.534840454e-08
-4.585659308e-08
1.412718537e-08
-4.906730099e-08
3.208113881e-08
-3.012115844e-06
-2.369790789e-06
2.499233257e-06
-3.440525757e-06
3.481755806e-06
-2.472197345e-06
-3.495662823e-06
2.427650888e-06
3.487081326e-06
-2.352370924e-06
-3.310771365e-06
2.239275252e-06
3.225130293e-06
-2.086859597e-06
-2.891969877e-06
1.89972882e-06
2.73991528e-06
-1.688894709e-06
-2.301957399e-06
1.468755481e-06
2.126761148e-06
-1.249043512e-06
-1.659959793e-06
1.03339429e-06
1.485993262e-06
-8.305701084e-07
-1.060882096e-06
6.461386727e-07
9.186100166e-07
-4.849395196e-07
-5.852965905e-07
3.495305317e-07
4.874387484e-07
-2.406351579e-07
-2.675519884e-07
1.571418838e-07
2.123277219e-07
-9.646529211e-08
-9.451022405e-08
5.501618078e-08
7.022906314e-08
-2.881387043e-08
-2.246793973e-08
1.408380869e-08
1.503690911e-08
-8.094875798e-09
1.913275834e-09
1.044093467e-08
-3.807020576e-09
-2.445971449e-08
3.166356406e-08
5.264348248e-08
-2.661669648e-08
-8.974491494e-08
7.522694034e-08
1.327772834e-07
-6.092885197e-08
-1.767683454e-07
1.191596443e-07
2.160181248e-07
-9.491774564e-08
-2.456347799e-07
1.441868134e-07
2.624867632e-07
-1.149525357e-07
-2.653405626e-07
1.408174869e-07
2.544379047e-07
-1.170914819e-07
-2.308220805e-07
1.03882402e-07
1.953985339e-07
-1.076468696e-07
-1.460577756e-07
-7.302238512e-09
1.409081943e-08
1.224769047e-09
-3.864084834e-09
-8.844170251e-09
3.828822091e-09
9.751159163e-09
-5.03466281e-09
-2.398951553e-08
7.587930945e-09
2.586621636e-08
-1.029808262e-08
-3.975749199e-08
1.241804178e-08
4.078138351e-08
-1.350410815e-08
-4.615195934e-08
5.386455803e-08
-1.979212898e-08
1.297417011e-08
-2.254659088e-06
-3.741453583e-06
2.363272769e-06
-3.465984941e-06
3.427179761e-06
-2.251231312e-06
-3.119448773e-06
2.089927989e-06
2.999629016e-06
-1.887064834e-06
-2.573581635e-06
1.664627071e-06
2.409269156e-06
-1.445044753e-06
-1.957990633e-06
1.230641201e-06
1.79277157e-06
-1.016830811e-06
-1.321248899e-06
8.143600421e-07
1.167118087e-06
-6.343907016e-07
-7.897045867e-07
4.774721822e-07
6.740548691e-07
-3.456583791e-07
-4.026335106e-07
2.394746221e-07
3.297876132e-07
-1.577147089e-07
-1.667888557e-07
9.787929964e-08
1.295495107e-07
-5.654547891e-08
-5.137530065e-08
2.987785432e-08
3.685983235e-08
-1.407419225e-08
-9.637165954e-09
5.813216094e-09
5.897707064e-09
-2.747438584e-09
2.3684084e-09
4.046679072e-09
-5.060709472e-10
-1.413567909e-08
1.724591564e-08
3.147045429e-08
-8.624341133e-09
-5.471529835e-08
4.021836695e-08
8.246479404e-08
-2.251674916e-08
-1.119723375e-07
6.325835399e-08
1.395202918e-07
-3.711422948e-08
-1.613744564e-07
7.681496802e-08
1.748369089e-07
-4.572458616e-08
-1.788791186e-07
7.785566883e-08
1.743793075e-07
-4.45577881e-08
-1.639056115e-07
7.312012078e-08
1.512542122e-07
-3.553428841e-08
-1.406465441e-07
8.050149951e-08
1.361205372e-07
-2.567457344e-08
-1.431316379e-07
-7.623336467e-09
5.767726097e-08
-2.545016846e-08
-4.276836108e-09
-2.702219529e-08
1.435741294e-08
1.958170295e-08
-1.218761647e-08
5.458609109e-08
-2.57600964e-08
-4.265739921e-08
1.400578287e-08
-1.966805989e-06
-3.538495701e-06
1.902427865e-06
2.724811726e-06
-1.674899733e-06
-2.8690428e-06
1.439409741e-06
-2.254063637e-06
2.101383385e-06
-1.215725602e-06
-1.627570266e-06
1.00402014e-06
1.46337924e-06
-8.055155458e-07
-1.024434378e-06
6.252811551e-07
8.935796383e-07
-4.718736488e-07
-5.712812943e-07
3.431028399e-07
4.807012409e-07
-2.392048757e-07
-2.677475717e-07
1.588192416e-07
2.153476302e-07
-9.961376653e-08
-9.936442048e-08
5.832472578e-08
7.510843712e-08
-3.130171614e-08
-2.582631295e-08
1.49569729e-08
1.758594726e-08
-6.038401459e-09
-3.073052942e-09
1.886428878e-09
1.224899993e-09
-1.80298179e-11
2.328902329e-12
1.238588044e-11
1.426642975e-11
-5.254819953e-10
3.108460568e-09
5.761263115e-09
-4.23796388e-10
-1.732983505e-08
1.106193608e-08
3.178709025e-08
-4.286896737e-09
-4.871498296e-08
1.987123916e-08
6.63260791e-08
-8.685041759e-09
-8.235963461e-08
2.582780568e-08
9.4581194e-08
-1.208683995e-08
-1.012112282e-07
2.646120104e-08
1.01467166e-07
-1.378744441e-08
-9.579477355e-08
2.178205544e-08
8.546789604e-08
-1.356545262e-08
-7.213432304e-08
1.373376916e-08
5.71981386e-08
-1.221526668e-08
-4.169519609e-08
-7.024344974e-09
-1.460437321e-08
5.787421468e-09
2.632486889e-08
-7.354242859e-10
7.475032446e-08
-7.563470079e-10
-2.656672215e-08
1.1278085e-06
1.867063206e-06
-9.955374294e-07
-1.9435594e-06
7.981860289e-07
-1.303745873e-06
1.152697454e-06
-6.211149848e-07
-7.744173907e-07
4.678341898e-07
6.66705472e-07
-3.410830441e-07
-4.014367471e-07
2.397036294e-07
3.324812482e-07
-1.602637128e-07
-1.714679816e-07
1.013824902e-07
1.350635729e-07
-6.014874406e-08
-5.579353367e-08
3.28170152e-08
4.055767595e-08
-1.597549163e-08
-1.144057714e-08
6.605627918e-09
7.120412423e-09
-2.120056818e-09
-1.520804957e-10
5.043645929e-11
8.437266594e-12
-1.0714262e-12
-1.65266718e-12
2.793554793e-13
7.507322507e-13
-2.209268507e-12
-5.745580944e-10
4.51807241e-11
1.795225696e-10
-6.462767996e-10
-4.851612152e-10
1.999629419e-09
1.292249671e-09
-5.935394e-09
-1.705993458e-10
1.698356596e-08
3.368213031e-09
-3.529042698e-08
9.432818746e-11
5.74085519e-08
8.037510986e-09
-7.970002907e-08
2.059195736e-09
9.801923015e-08
9.640602151e-09
-1.096676468e-07
5.433924202e-09
1.151865412e-07
8.641136817e-09
-1.149633214e-07
-4.325705629e-09
-9.769902652e-08
1.259691119e-08
1.096581987e-07
9.633798114e-09
1.01828459e-07
-4.510873048e-07
-1.10220099e-06
3.003826188e-07
5.263406897e-07
-2.372068105e-07
-5.704043643e-07
1.628805669e-07
2.209153183e-07
-1.033209325e-07
-2.726858616e-07
6.117655802e-08
-1.05224475e-07
8.120347311e-08
-3.408710349e-08
-2.866000317e-08
1.706640898e-08
1.950745601e-08
-7.199518771e-09
-3.902660731e-09
2.371697095e-09
1.720546054e-09
-1.522673085e-10
-1.196144378e-11
6.830226103e-12
2.12282033e-11
-2.80174017e-12
-1.466577446e-12
7.649327529e-13
3.332540906e-12
-1.372291878e-13
-3.574745363e-11
1.180652813e-12
7.355957537e-12
-2.055557323e-11
-1.19072133e-09
9.28757559e-11
7.404993867e-10
-4.11051787e-10
-3.859647792e-09
3.575550039e-09
2.502985754e-09
-1.523949401e-08
1.007617368e-08
-6.049078519e-08
-1.111711392e-08
3.405181829e-08
8.889334967e-08
1.215333135e-08
-1.117344118e-07
-1.530595448e-08
1.672515002e-07
-1.252983995e-07
-2.047283439e-08
3.182444589e-08
-1.564479407e-08
-6.266067382e-08
6.797499361e-09
-2.22999598e-09
-1.251901398e-08
1.57106805e-10
5.572771566e-11
-7.987651283e-12
-3.433608358e-10
2.038311322e-12
3.328906407e-11
2.183934302e-12
-2.959677283e-11
3.735904508e-13
1.899186315e-11
-3.534863038e-13
-7.958999127e-12
8.002261855e-14
6.304120199e-13
-1.223090834e-12
-1.69010151e-12
1.073134899e-11
2.672423778e-10
-1.094919274e-10
-4.276760144e-10
1.697975669e-11
-3.705575218e-10
-8.922830945e-10
-1.334808583e-08
4.192947708e-09
-1.46043444e-11
-1.064897406e-11
-1.235605306e-11
-8.619518295e-12
-9.25468129e-12
-4.875821824e-12
2.734234748e-12
-3.076748398e-12
-2.222693946e-13
-2.758395079e-12
2.639465362e-12
-1.110259295e-12
-1.829158649e-12
-5.663740128e-18
7.650944426e-18
-2.097001148e-19
3.3694998e-17
-1.003541514e-18
2.327990042e-18
-6.175025586e-19
1.098503626e-18
-8.947643655e-19
1.718415466e-16
-1.042240214e-16
1.493794922e-16
-1.252331046e-15
-1.505027582e-14
1.931281249e-14
-3.766413786e-13
-7.664868012e-12
6.011034978e-12
-5.246534109e-11
-5.019132866e-11
-1.916190487e-11
-3.385651901e-11
1.82154457e-11
-3.179529595e-11
-1.553398999e-11
-2.882396188e-11
1.300819927e-11
-2.213457031e-11
-1.149535002e-11
-7.128527115e-06
4.500138052e-06
-1.100286638e-05
-6.514957931e-06
1.043985025e-05
-4.77661613e-06
-1.188890794e-05
-1.612797498e-10
7.146231745e-06
-1.369480887e-10
1.638312767e-19
-1.298821144e-10
1.224705041e-12
-8.098699228e-11
2.591305398e-11
-6.146588092e-11
-1.576223416e-11
-4.787300461e-26
5.846406875e-26
6.028532183e-12
2.666322979e-12
-8.476637594e-12
-2.576480573e-10
2.426912155e-11
-1.631977116e-10
-2.556038164e-11
-1.234045227e-10
1.695675411e-11
-8.454063432e-11
-9.141630264e-12
1.027644915e-11
-7.751724252e-12
1.044880999e-11
1.030216473e-11
-9.898068802e-12
9.569324139e-12
-4.330937474e-12
-4.239733052e-10
-3.638927872e-11
-2.363181084e-10
5.803930366e-12
2.511467839e-12
-4.371325472e-12
-4.281300206e-11
-5.930833637e-10
-9.355049288e-11
6.951971016e-11
-3.616375059e-10
1.543840663e-11
2.047643862e-08
1.273021675e-11
-9.698684077e-10
3.051220443e-10
-4.491890369e-10
-1.167046323e-10
-2.869003963e-10
1.368405049e-10
-3.536189183e-14
4.898011496e-09
7.580015545e-16
1.395447882e-14
-4.242473824e-14
-6.856193612e-10
-2.183340386e-10
-4.67617941e-10
2.608676856e-10
6.432616383e-12
-2.826359686e-14
1.028946535e-11
-3.867334378e-12
-3.289121885e-10
8.189874466e-10
-7.338215583e-10
-3.713110312e-12
-7.905477448e-10
-5.498336854e-10
6.47541295e-10
-5.456004875e-10
5.943034174e-12
-6.290320557e-12
-1.766735585e-12
8.657503313e-12
-1.817184642e-09
6.822752727e-10
-8.701354131e-10
-8.283774275e-10
-8.74199608e-10
1.135639118e-09
-1.08809916e-08
3.309493728e-09
-9.670523973e-12
-3.282931001e-08
2.104019282e-08
-1.319242345e-09
2.098236072e-09
-1.28100639e-09
4.79974359e-08
-4.595497933e-09
-3.667397428e-09
3.615310182e-09
-3.778512703e-09
1.628226048e-10
2.810644322e-08
6.236511237e-09
-5.997262258e-09
-6.167383272e-09
1.043362531e-08
-9.411930675e-09
-4.117229196e-09
1.742464721e-08
-7.165789282e-09
7.742344116e-09
-1.520541313e-08
-1.693096622e-08
2.647700281e-08
-2.333805064e-08
-4.16424324e-09
1.059965609e-08
-8.404839659e-09
9.330374744e-09
-3.826287642e-08
-3.985840028e-08
5.772516716e-08
-5.383244091e-08
-4.121414724e-09
7.821785108e-09
-1.040946607e-08
1.157122457e-08
-7.092653153e-08
-8.019591341e-08
1.095226927e-07
-9.660844273e-08
-6.310127169e-09
8.60200391e-09
-1.223781807e-08
1.05713003e-08
-1.710506614e-07
2.053597235e-07
-1.715188397e-07
8.276732705e-09
-2.498862471e-07
2.96756733e-07
-3.350489184e-07
6.998334966e-09
-6.149202589e-07
-7.445201997e-07
8.995637786e-07
-7.496249784e-07
-5.964322774e-07
-9.035888904e-09
1.072595624e-08
-3.827134051e-08
3.109115303e-08
-2.640063809e-08
-7.874240921e-07
-1.04281593e-06
1.314934589e-06
-1.023994794e-06
-2.080473865e-08
1.143194212e-08
-2.386910935e-08
-1.327631258e-06
-1.194165556e-06
2.409274157e-08
-1.685176592e-06
-2.336161426e-06
2.639658156e-06
-1.92400369e-06
-2.159580691e-06
-2.204221736e-08
1.552501592e-08
-3.519374506e-08
-5.185204751e-08
-2.459013115e-06
-3.273859576e-06
3.342973682e-06
-2.461014026e-06
-3.070061933e-06
-9.710433026e-09
1.222809482e-08
-6.352174855e-08
4.31464604e-08
-4.519151201e-08
-3.551374558e-06
-2.27171138e-06
2.667047913e-08
-3.732269729e-06
-2.158004531e-06
-3.541073149e-06
2.118925767e-08
-5.600004809e-08
-3.151969513e-06
-1.71338266e-06
-3.135469448e-06
-1.368121621e-06
-2.419563877e-06
2.469800908e-06
-1.325659428e-06
-2.56718579e-06
-8.224164769e-09
2.620036478e-08
1.077751142e-08
1.012574877e-08
2.191184097e-09
-6.407843146e-08
-8.607402199e-07
-1.458144546e-06
-6.217866829e-07
-1.619315325e-06
-1.082122017e-07
1.691767476e-07
-1.277183659e-08
1.590994678e-08
-7.728791521e-07
-1.884200013e-07
-3.439889057e-07
-1.222104296e-07
-4.073412986e-07
-7.191376292e-08
-1.374106077e-07
1.161262382e-07
-4.548472998e-08
-1.743933288e-07
-4.540461218e-08
1.537407063e-08
-1.184860182e-08
-5.986743385e-08
-1.372768784e-08
-6.552877784e-08
-5.555469913e-08
-2.050000273e-08
-5.760940825e-08
-3.090468698e-08
-1.617452665e-09
-7.089013532e-11
-3.956716958e-09
-6.477479202e-12
-4.014793861e-11
-1.067421076e-13
-3.594574222e-11
5.259847266e-12
-3.583355173e-11
3.134023274e-12
-2.023538495e-11
-5.154413854e-13
-1.755759298e-12
-7.021655192e-14
-7.034276175e-13
-2.148808809e-13
-2.276846689e-11
5.770203781e-13
-8.343623478e-11
-6.999614453e-10
-2.180067211e-09
-1.354527157e-11
7.071472917e-12
-1.384791752e-11
2.776357207e-12
-3.204254119e-11
-4.132653415e-13
-7.98395422e-11
5.432703382e-11
-2.159337158e-10
-1.131007806e-11
-7.273595439e-10
5.376753554e-10
-2.717123084e-09
-5.461179967e-10
-8.64247671e-09
6.539767983e-09
-2.376310547e-08
-6.460822887e-09
-5.903191527e-08
4.202187689e-08
-1.369497111e-07
-4.530850745e-08
-3.018456124e-07
2.115232532e-07
-6.361528766e-07
-2.636921435e-07
-1.285806563e-06
9.188610945e-07
-2.48627807e-06
-1.580288986e-06
3.613765143e-06
-4.773437529e-11
1.444441435e-11
-4.157817564e-11
-9.810554312e-12
-3.826214587e-11
1.207041398e-11
-3.215320535e-11
-6.053315005e-12
-3.26838244e-11
4.096265757e-12
-5.834182746e-11
3.93685424e-11
-1.299231206e-10
-5.225607603e-11
-3.425174897e-10
2.860115349e-10
-1.081356567e-09
-4.207286301e-10
-3.379217096e-09
2.771830669e-09
-9.369616029e-09
-4.567006422e-09
-2.316075934e-08
1.854019861e-08
-5.214387483e-08
-2.968241143e-08
-1.092405909e-07
8.742071848e-08
-2.161200999e-07
-1.400165739e-07
-4.071581062e-07
3.3322872e-07
-7.324540531e-07
-5.551762746e-07
-1.255548525e-06
1.085017959e-06
-2.038517843e-06
-1.881355541e-06
-3.099540354e-06
2.96004011e-06
-4.317448554e-06
-5.27137325e-06
-5.284463098e-06
6.273588786e-06
-5.274644676e-06
-9.24627372e-06
-3.730484079e-06
7.742353371e-06
-1.731980978e-06
-4.283529154e-06
-1.173953978e-12
2.563416044e-06
-3.260895798e-20
-3.598781074e-20
6.669357913e-21
-6.045415907e-11
8.339849882e-12
-4.810360506e-11
-1.566808628e-12
-4.210742434e-11
4.152601545e-12
-4.328647167e-11
1.438567763e-11
-6.98610404e-11
-2.715468635e-11
-1.430420839e-10
1.287010726e-10
-3.466777363e-10
-1.916381467e-10
-9.70399259e-10
8.591608083e-10
-2.760415309e-09
-1.57515216e-09
-7.169421366e-09
6.091561095e-09
-1.683288271e-08
-1.083867802e-08
-3.626558822e-08
3.058530791e-08
-7.285584498e-08
-5.242343922e-08
-1.381815007e-07
1.186833439e-07
-2.495192284e-07
-1.996701613e-07
-4.310211241e-07
3.838361562e-07
-7.133931237e-07
-6.416981377e-07
-1.129728286e-06
1.064970001e-06
-1.704453421e-06
-1.759655379e-06
-2.432873318e-06
2.503716912e-06
-3.251065769e-06
-3.960034405e-06
-4.002866033e-06
4.740284619e-06
-4.427469666e-06
-6.627261288e-06
-4.227443869e-06
6.464386832e-06
-3.26830224e-06
-6.203675837e-06
-1.838757621e-06
4.80057933e-06
-6.228218194e-07
-1.531829451e-06
-1.218129963e-12
9.137540618e-07
-1.181684743e-12
-1.509497789e-21
-1.580180127e-12
3.969698643e-13
5.398354064e-13
1.282195306e-11
-1.956535004e-11
-1.642547274e-10
7.963772971e-12
-1.150169194e-10
9.424722832e-12
-8.162339908e-11
-5.503431199e-13
-6.053623441e-11
1.378687072e-11
-5.355815124e-11
-1.034134431e-11
-7.450826519e-11
5.519037895e-11
-1.366399875e-10
-8.333678772e-11
-2.941339029e-10
2.824315095e-10
-7.157361913e-10
-4.732336039e-10
-1.888223213e-09
1.718796696e-09
-4.751997572e-09
-3.28584575e-09
-1.097652523e-08
9.680357787e-09
-2.333730338e-08
-1.746354526e-08
-4.622226397e-08
4.079357642e-08
-8.629052136e-08
-6.995293618e-08
-1.532137556e-07
1.38048878e-07
-2.603703482e-07
-2.302497862e-07
-4.250414505e-07
3.978816555e-07
-6.674466143e-07
-6.498338105e-07
-1.007435928e-06
9.967041516e-07
-1.457793634e-06
-1.580932838e-06
-2.013247803e-06
2.150509774e-06
-2.636205205e-06
-3.230640535e-06
-3.244060586e-06
3.862851576e-06
-3.705814922e-06
-5.22959266e-06
-3.861609141e-06
5.418325094e-06
-3.577782055e-06
-5.950861687e-06
-2.836105449e-06
5.240097764e-06
-1.810800194e-06
-3.612204525e-06
-8.393463818e-07
2.656092067e-06
-2.232693571e-07
-5.437289249e-07
-1.884595349e-11
3.223008623e-07
-2.02370145e-11
-3.526673857e-12
-2.509988549e-11
8.366776483e-12
-1.73398624e-13
3.32747998e-11
3.201415852e-11
-6.376262297e-11
1.922408477e-11
7.006425688e-12
1.176382975e-11
9.082790621e-13
7.179611032e-12
2.166359465e-12
8.252510407e-13
-2.615458724e-10
-2.796867393e-11
-1.804965101e-10
5.143991856e-11
-1.199158601e-10
-2.661794333e-11
-8.335878226e-11
4.940338223e-11
-8.361734359e-11
-4.235598904e-11
-1.285880224e-10
1.240132942e-10
-2.416411046e-10
-1.822508988e-10
-5.047092083e-10
5.061169902e-10
-1.19656874e-09
-9.030966572e-10
-2.901642213e-09
2.716418868e-09
-6.664499351e-09
-5.192044115e-09
-1.421667673e-08
1.298105703e-08
-2.827218374e-08
-2.332352625e-08
-5.288331832e-08
4.850259981e-08
-9.385755971e-08
-8.23671624e-08
-1.591856822e-07
1.490612287e-07
-2.593250272e-07
-2.438735436e-07
-4.070930749e-07
3.947945077e-07
-6.166764157e-07
-6.276377085e-07
-9.013237684e-07
9.190424576e-07
-1.269083305e-06
-1.411727235e-06
-1.716407183e-06
1.872057392e-06
-2.220394406e-06
-2.725802108e-06
-2.731761128e-06
3.258817367e-06
-3.172573748e-06
-4.344429119e-06
-3.444227967e-06
4.64579012e-06
-3.449676604e-06
-5.340052758e-06
-3.130102123e-06
5.051802262e-06
-2.507698284e-06
-4.453274525e-06
-1.707532109e-06
3.675443002e-06
-9.308630315e-07
-1.915371782e-06
-3.65399966e-07
1.358090853e-06
-8.012556581e-08
-1.898272865e-07
-2.987261206e-10
1.1068718e-07
-3.17786378e-10
-1.900732624e-11
-5.910649192e-10
2.849129852e-10
-1.282317214e-09
-3.595080934e-10
-2.404746075e-09
1.475382062e-09
-4.270054554e-09
-1.494298159e-09
-7.156635835e-09
4.369958708e-09
-1.129172986e-08
-5.654359593e-09
-1.65005752e-08
1.084184591e-08
-2.128542005e-08
-2.084040323e-08
1.999598771e-08
-1.831686569e-10
-7.672530078e-11
-1.297311434e-10
1.162704163e-10
-1.356405673e-10
-1.030831662e-10
-2.047053155e-10
2.270821374e-10
-3.690254938e-10
-3.183121005e-10
-7.568793698e-10
7.909155233e-10
-1.706264793e-09
-1.425287106e-09
-3.85493168e-09
3.722734591e-09
-8.278351474e-09
-7.022895457e-09
-1.667942226e-08
1.572990584e-08
-3.161126822e-08
-2.797363644e-08
-5.673054997e-08
5.377488822e-08
-9.706265658e-08
-9.0257159e-08
-1.592423533e-07
1.539623596e-07
-2.516085667e-07
-2.475201109e-07
-3.83990722e-07
3.831886085e-07
-5.669093177e-07
-5.95065452e-07
-8.099513783e-07
8.447313103e-07
-1.118886007e-06
-1.264410617e-06
-1.491741022e-06
1.649420701e-06
-1.914040149e-06
-2.34819512e-06
-2.35445611e-06
2.808325073e-06
-2.762851541e-06
-3.708739338e-06
-3.073386563e-06
4.046546725e-06
-3.215167661e-06
-4.762150954e-06
-3.130606734e-06
4.708279606e-06
-2.798636223e-06
-4.618142301e-06
-2.25462282e-06
4.100223801e-06
-1.594827948e-06
-2.959361416e-06
-9.534237206e-07
2.332622416e-06
-4.538170591e-07
-9.486871139e-07
-1.547664546e-07
6.537681482e-07
-2.992816894e-08
-6.363425374e-08
-2.110797246e-09
3.608499259e-08
-2.310349643e-09
-1.116305349e-09
-3.640332484e-09
2.427114606e-09
-5.400516732e-09
-3.321626713e-09
-7.544168479e-09
5.446623199e-09
-9.900690195e-09
-7.406024175e-09
-1.207710638e-08
9.559390962e-09
-1.340592838e-08
-1.305901508e-08
-1.299510437e-08
1.262235954e-08
-1.008407662e-08
-1.448478101e-08
9.280015739e-09
-3.038414425e-10
-1.656506221e-10
-2.180259968e-10
2.208888112e-10
-2.173667012e-10
-1.972048877e-10
-3.04168855e-10
3.647098493e-10
-5.204652032e-10
-4.947745385e-10
-1.025197264e-09
1.113991014e-09
-2.184529017e-09
-1.980099632e-09
-4.655103959e-09
4.645106942e-09
-9.500206131e-09
-8.623299542e-09
-1.834346867e-08
1.784377433e-08
-3.354001826e-08
-3.135795942e-08
-5.835752503e-08
5.696478701e-08
-9.715009946e-08
-9.450556962e-08
-1.5548573e-07
1.54503837e-07
-2.401555265e-07
-2.447654843e-07
-3.589467868e-07
3.669453605e-07
-5.20002531e-07
-5.593817142e-07
-7.306557294e-07
7.765415176e-07
-9.954779793e-07
-1.139048693e-06
-1.313606984e-06
1.468678123e-06
-1.675765167e-06
-2.054749947e-06
-2.061119426e-06
2.458371225e-06
-2.43581243e-06
-3.222517599e-06
-2.753986642e-06
3.56606203e-06
-2.963030405e-06
-4.256779189e-06
-3.013466082e-06
4.336979541e-06
-2.872932864e-06
-4.511892594e-06
-2.540070411e-06
4.207131974e-06
-2.053435059e-06
-3.549510247e-06
-1.489560001e-06
3.005396986e-06
-9.444020422e-07
-1.80468211e-06
-5.039662513e-07
1.373294803e-06
-2.137439788e-07
-4.448366872e-07
-6.584715502e-08
2.990785396e-07
-1.37708553e-08
-2.040734856e-08
-4.788296549e-09
1.166923334e-08
-5.367488358e-09
-3.955158698e-09
-7.504347961e-09
6.369615643e-09
-8.828955051e-09
-7.31104615e-09
-1.008969297e-08
8.540753421e-09
-1.07170664e-08
-1.041614405e-08
-1.04026016e-08
1.007413435e-08
-8.961200409e-09
-1.066340184e-08
-6.502678737e-09
8.184384099e-09
-3.580395985e-09
-5.489986498e-09
-1.134714204e-09
3.035659615e-09
-1.874464134e-13
1.281250469e-13
-3.032245265e-13
-4.681000021e-10
-2.933628181e-10
-3.469673313e-10
3.608379521e-10
-3.378518593e-10
-3.295952187e-10
-4.397299419e-10
5.468036008e-10
-7.062661173e-10
-7.140418183e-10
-1.312321575e-09
1.472860901e-09
-2.631709903e-09
-2.526566558e-09
-5.313170484e-09
5.454602647e-09
-1.037991897e-08
-9.918736868e-09
-1.935234369e-08
1.934320972e-08
-3.43814988e-08
-3.358777773e-08
-5.838202496e-08
5.848199639e-08
-9.514487007e-08
-9.599189824e-08
-1.494020536e-07
1.520367628e-07
-2.267998115e-07
-2.379242476e-07
-3.336804132e-07
3.482832979e-07
-4.765813364e-07
-5.232691041e-07
-6.613536771e-07
7.144599336e-07
-8.918334432e-07
-1.031790562e-06
-1.167975436e-06
1.318936229e-06
-1.483694823e-06
-1.820497114e-06
-1.82483492e-06
2.17881195e-06
-2.167681107e-06
-2.838042245e-06
-2.479377393e-06
3.173615889e-06
-2.720287623e-06
-3.821613988e-06
-2.849820548e-06
3.979956109e-06
-2.834694969e-06
-4.295539242e-06
-2.658632365e-06
4.148626068e-06
-2.33084458e-06
-3.829278506e-06
-1.889094198e-06
3.411069855e-06
-1.395301787e-06
-2.495162053e-06
-9.215601705e-07
2.035497508e-06
-5.305362217e-07
-1.02968041e-06
-2.570865103e-07
7.618661252e-07
-1.003219949e-07
-1.989863444e-07
-3.108245266e-08
1.313472669e-07
-1.042323742e-08
-7.192441032e-09
-7.054087897e-09
5.002337953e-09
-7.967118039e-09
-8.183282071e-09
-9.377950165e-09
8.69160154e-09
-9.219515255e-09
-8.972703312e-09
-8.955954009e-09
8.660481556e-09
-7.999527906e-09
-8.897357971e-09
-6.423022998e-09
7.297375718e-09
-4.471290093e-09
-5.817560643e-09
-2.53247732e-09
3.864145872e-09
-1.027317449e-09
-1.566569772e-09
-2.110905615e-10
7.454014265e-10
-7.439076363e-13
6.846259553e-13
2.215970223e-13
-1.293210175e-12
1.949568529e-12
3.27026142e-12
-3.679051693e-12
-4.959804355e-10
-4.992205223e-10
-6.10493033e-10
7.763810075e-10
-9.279785343e-10
-9.85775594e-10
-1.621753693e-09
1.881108286e-09
-3.061963493e-09
-3.073352782e-09
-5.876779248e-09
6.196742881e-09
-1.103236133e-08
-1.094222517e-08
-1.993545548e-08
2.037927046e-08
-3.454003009e-08
-3.48620824e-08
-5.744577274e-08
5.876834864e-08
-9.196793699e-08
-9.545722424e-08
-1.421809317e-07
1.475800416e-07
-2.128627369e-07
-2.285675067e-07
-3.09306089e-07
3.285804598e-07
-4.369242364e-07
-4.880047427e-07
-6.005888877e-07
6.580380228e-07
-8.03606184e-07
-9.388833641e-07
-1.046457057e-06
1.192373852e-06
-1.325183984e-06
-1.628775551e-06
-1.629937496e-06
1.949886802e-06
-1.943834123e-06
-2.526846393e-06
-2.242641905e-06
2.848382383e-06
-2.496229861e-06
-3.448778413e-06
-2.671680961e-06
3.652189803e-06
-2.738569678e-06
-4.039761926e-06
-2.675552671e-06
4.006442718e-06
-2.476914947e-06
-3.917148713e-06
-2.157233002e-06
3.623793446e-06
-1.751937413e-06
-2.980321426e-06
-1.31187467e-06
2.558843525e-06
-8.929861366e-07
-1.634523981e-06
-5.42496513e-07
1.29387902e-06
-2.873342057e-07
-5.56963927e-07
-1.29194111e-07
4.026386566e-07
-4.883881889e-08
-8.624475153e-08
-1.749600901e-08
5.632840113e-08
-8.905693298e-09
-4.104520671e-09
-7.759505678e-09
3.942145895e-09
-8.173306276e-09
-8.392247039e-09
-8.136787201e-09
7.795817926e-09
-7.259891177e-09
-7.803042612e-09
-6.100400947e-09
6.626396849e-09
-4.652561493e-09
-5.612937256e-09
-3.125946704e-09
4.068403871e-09
-1.765574233e-09
-2.407025673e-09
-7.700756329e-10
1.402010326e-09
-2.144762617e-10
-3.295147074e-10
-2.115137324e-11
1.334469628e-10
3.523027343e-12
2.061679378e-12
2.24635725e-12
-1.338502669e-17
3.455605309e-12
2.048386093e-12
-4.467961608e-18
-1.206008993e-09
-1.314083509e-09
-1.971444563e-09
2.346113985e-09
-3.505996021e-09
-3.65045824e-09
-6.404805052e-09
6.934786344e-09
-1.15729576e-08
-1.180560354e-08
-2.030440543e-08
2.116556256e-08
-3.4365711e-08
-3.549869599e-08
-5.607470328e-08
5.832481017e-08
-8.835275022e-08
-9.360192049e-08
-1.347430033e-07
1.4203216e-07
-1.993482037e-07
-2.17828426e-07
-2.866735158e-07
3.08828348e-07
-4.013151437e-07
-4.542762477e-07
-5.474152101e-07
6.067383671e-07
-7.279602934e-07
-8.575238397e-07
-9.437616605e-07
1.083718106e-06
-1.19234203e-06
-1.468433618e-06
-1.466773783e-06
1.758631648e-06
-1.754703724e-06
-2.269543203e-06
-2.038029704e-06
2.574737243e-06
-2.293491709e-06
-3.129071262e-06
-2.494565157e-06
3.357426809e-06
-2.61475819e-06
-3.777928404e-06
-2.631999463e-06
3.825189988e-06
-2.533610974e-06
-3.890580248e-06
-2.320738458e-06
3.706139433e-06
-2.01059536e-06
-3.290772614e-06
-1.635518826e-06
2.938143068e-06
-1.237961863e-06
-2.162320021e-06
-8.622438088e-07
1.800786228e-06
-5.449341037e-07
-1.010787009e-06
-3.071065688e-07
7.7985166e-07
-1.512713703e-07
-2.878481421e-07
-6.412551358e-08
2.032794318e-07
-2.413519914e-08
-3.641341437e-08
-9.979362055e-09
2.303069889e-08
-6.611412571e-09
-4.048017914e-09
-6.984799913e-09
4.251478273e-09
-6.619014958e-09
-7.036848582e-09
-5.759242392e-09
6.116276354e-09
-4.598249268e-09
-5.327953815e-09
-3.349656592e-09
4.064013056e-09
-2.165148253e-09
-2.780589465e-09
-1.186889886e-09
1.787674229e-09
-5.07945666e-10
-7.50527991e-10
-1.487119906e-10
3.786010986e-10
-5.389223732e-11
-7.473564533e-11
-6.867125092e-11
7.843628716e-11
-1.586110426e-10
-1.158873889e-16
-3.372422959e-10
1.551665944e-10
-9.225851546e-10
-2.369389465e-17
2.175468264e-09
-1.579941582e-09
-1.779019567e-09
-2.416888874e-09
3.007097288e-09
-4.058109335e-09
-4.286381421e-09
-7.041149311e-09
7.755505154e-09
-1.220466931e-08
-1.263227958e-08
-2.073414496e-08
2.190579211e-08
-3.422883893e-08
-3.583302142e-08
-5.475847347e-08
5.761529051e-08
-8.491170571e-08
-9.109871668e-08
-1.27792621e-07
1.361688163e-07
-1.869716042e-07
-2.066623897e-07
-2.663437583e-07
2.89841003e-07
-3.698781456e-07
-4.226091951e-07
-5.012097527e-07
5.603496363e-07
-6.630487336e-07
-7.856931643e-07
-8.56474956e-07
9.893739819e-07
-1.079994091e-06
-1.331993935e-06
-1.32871151e-06
1.596071852e-06
-1.593521885e-06
-2.053145653e-06
-1.860695105e-06
2.341557561e-06
-2.112136477e-06
-2.853169309e-06
-2.326525315e-06
3.094239496e-06
-2.481398238e-06
-3.52559131e-06
-2.556130235e-06
3.630306918e-06
-2.535565736e-06
-3.79773894e-06
-2.412941435e-06
3.706708544e-06
-2.192017861e-06
-3.468769669e-06
-1.889262944e-06
3.200083924e-06
-1.536252412e-06
-2.582855881e-06
-1.173813024e-06
2.23879396e-06
-8.340648453e-07
-1.479761054e-06
-5.462288322e-07
1.202557648e-06
-3.271033725e-07
-5.947390883e-07
-1.786509668e-07
4.512390341e-07
-8.9367816e-08
-1.414647194e-07
-4.089975379e-08
9.504400903e-08
-1.863289517e-08
-1.362925439e-08
-1.088700596e-08
6.94875586e-09
-7.491155619e-09
-4.310265349e-09
-5.785304349e-09
3.137140657e-09
-4.60553403e-09
-5.089771473e-09
-3.492279193e-09
3.93473149e-09
-2.43724329e-09
-2.947605559e-09
-1.521463494e-09
2.037397656e-09
-8.155050177e-10
-1.081692778e-09
-3.601690078e-10
6.434442274e-10
-1.426401678e-10
-2.110682631e-10
-9.214227022e-11
1.556860626e-10
-1.329564631e-10
-1.247618136e-10
-2.935896845e-10
2.251601953e-10
-8.923114445e-10
-7.58015769e-10
-2.824417821e-09
2.393553408e-09
-7.460474133e-09
-8.154732354e-09
-1.654109679e-08
1.647466058e-08
-3.111145956e-08
-4.489725324e-08
6.096513883e-08
-5.271366962e-09
-5.168452332e-09
-8.23013487e-09
8.767963867e-09
-1.334246148e-08
-1.357566186e-08
-2.165136321e-08
2.27759246e-08
-3.458652887e-08
-3.615688055e-08
-5.399867411e-08
5.698674066e-08
-8.218369375e-08
-8.850502008e-08
-1.218841628e-07
1.305753543e-07
-1.762381262e-07
-1.958433633e-07
-2.486603928e-07
2.722438802e-07
-3.426308693e-07
-3.934503428e-07
-4.613896854e-07
5.187268779e-07
-6.074438682e-07
-7.22159897e-07
-7.820177697e-07
9.069555655e-07
-9.843766378e-07
-1.21447529e-06
-1.211083312e-06
1.456301992e-06
-1.455331449e-06
-1.868379053e-06
-1.706634721e-06
2.140492925e-06
-1.9508047e-06
-2.613523529e-06
-2.170615674e-06
2.859515761e-06
-2.347430762e-06
-3.289578487e-06
-2.46326648e-06
3.434594751e-06
-2.503450964e-06
-3.671374451e-06
-2.458682034e-06
3.656090551e-06
-2.325308674e-06
-3.561530515e-06
-2.105433017e-06
3.379048004e-06
-1.810803256e-06
-2.91213227e-06
-1.469424677e-06
2.618129284e-06
-1.124051007e-06
-1.916995281e-06
-8.1748622e-07
1.631694164e-06
-5.586061559e-07
-9.709499802e-07
-3.622935885e-07
7.828742701e-07
-2.298426637e-07
-3.474919709e-07
-1.533031406e-07
2.75705409e-07
-1.165822269e-07
-7.919920852e-08
-9.178640378e-08
6.000607527e-08
-4.772015355e-08
1.451594829e-08
-3.46034587e-08
-2.090448181e-08
-2.843849387e-08
2.794618771e-09
-2.049636366e-08
-5.464698955e-09
-1.084629028e-08
-2.572204733e-09
-5.565291992e-09
1.434707209e-09
-2.973141322e-09
-1.231353895e-09
-1.54201268e-09
1.905859405e-09
-7.571637427e-10
-4.45918831e-10
-3.544943698e-10
9.014129909e-10
-1.393482083e-10
-1.566294816e-10
-1.353266643e-10
2.568003355e-10
-3.643685873e-10
-4.935551828e-10
-1.213993636e-09
1.091041795e-09
-3.437824133e-09
-5.119694251e-09
-7.768733263e-09
8.746233585e-09
-1.462117829e-08
-2.495406015e-08
-2.31656033e-08
3.240570879e-08
-2.999093976e-08
-6.74272759e-08
6.506843036e-08
-1.473687799e-08
-1.469402587e-08
-2.301077054e-08
2.405039487e-08
-3.552429441e-08
-3.66371359e-08
-5.39541725e-08
5.668868908e-08
-8.036255611e-08
-8.617333816e-08
-1.171996468e-07
1.2560443e-07
-1.672597681e-07
-1.858973113e-07
-2.335719109e-07
2.564142717e-07
-3.192407078e-07
-3.671307027e-07
-4.271783133e-07
4.817714464e-07
-5.597404357e-07
-6.660515475e-07
-7.182632945e-07
8.348763172e-07
-9.025183781e-07
-1.112445677e-06
-1.110133195e-06
1.335099403e-06
-1.336044699e-06
-1.708917396e-06
-1.572137875e-06
1.965600986e-06
-1.807136711e-06
-2.403752381e-06
-2.026987417e-06
2.649640057e-06
-2.21587054e-06
-3.071412478e-06
-2.357720533e-06
3.242590754e-06
-2.438545294e-06
-3.526432516e-06
-2.448685742e-06
3.563413369e-06
-2.383754454e-06
-3.589076086e-06
-2.243473108e-06
3.471615792e-06
-2.029634763e-06
-3.167355806e-06
-1.749715586e-06
2.930907291e-06
-1.427441929e-06
-2.331396538e-06
-1.101902842e-06
2.061585825e-06
-8.058316902e-07
-1.383744565e-06
-5.665831921e-07
1.164003902e-06
-3.787769892e-07
-6.308092692e-07
-2.456547691e-07
5.040464954e-07
-1.557344453e-07
-2.179321431e-07
-9.434850113e-08
1.601235837e-07
-4.767959694e-08
-1.621556538e-08
-2.413697793e-08
-6.916475774e-09
-2.04201465e-08
2.083600729e-08
-1.607092006e-08
-2.139459062e-08
-1.080809214e-08
6.142587162e-09
-6.209036886e-09
-6.582282593e-09
-3.37077108e-09
2.820453152e-10
-2.314174906e-09
-5.560474983e-10
-1.835977607e-09
-1.327310361e-09
-1.31138167e-09
5.32289396e-10
-8.430715337e-10
-1.060313914e-09
-4.878730379e-10
8.971727828e-10
-2.468235113e-10
-4.174199771e-10
-3.510451827e-10
6.157229955e-10
-1.211913744e-09
-2.148217614e-09
-3.36994204e-09
3.721372846e-09
-7.262243229e-09
-1.303312194e-08
-1.295392783e-08
1.768425251e-08
-1.959360034e-08
-3.848578978e-08
-2.489613345e-08
4.288228871e-08
-2.522996584e-08
-5.929694131e-08
5.206468673e-08
-3.551784964e-08
-3.793141004e-08
-5.317312912e-08
5.748555628e-08
-7.810554832e-08
-8.453887902e-08
-1.124985372e-07
1.218091787e-07
-1.588543027e-07
-1.771976106e-07
-2.198969795e-07
2.427421584e-07
-2.984243715e-07
-3.438415661e-07
-3.970923963e-07
4.494942534e-07
-5.181188372e-07
-6.168050642e-07
-6.629092524e-07
7.72111233e-07
-8.316125327e-07
-1.023651026e-06
-1.022645432e-06
1.229819136e-06
-1.232238818e-06
-1.570351817e-06
-1.454075252e-06
1.812764965e-06
-1.67915767e-06
-2.219061826e-06
-1.895920372e-06
2.461954952e-06
-2.090836686e-06
-2.870424925e-06
-2.249419581e-06
3.059510177e-06
-2.357772223e-06
-3.368336371e-06
-2.404478685e-06
3.446268466e-06
-2.382587457e-06
-3.546169133e-06
-2.291055211e-06
3.478478517e-06
-2.13470034e-06
-3.307680602e-06
-1.922363258e-06
3.106130964e-06
-1.664947314e-06
-2.674644571e-06
-1.377073222e-06
2.405521679e-06
-1.080541082e-06
-1.806108902e-06
-8.008043054e-07
1.559419997e-06
-5.594059799e-07
-9.657298346e-07
-3.767747236e-07
7.876914729e-07
-2.38225795e-07
-3.948802288e-07
-1.398253409e-07
3.007172755e-07
-7.199274245e-08
-1.062174762e-07
-2.920814868e-08
6.488986961e-08
-1.110796521e-08
7.916890639e-09
-1.449881453e-08
-4.437587394e-09
-1.812427309e-08
2.295654091e-08
-1.491344102e-08
-2.511831152e-08
-1.014766696e-08
6.805765876e-09
-5.390096978e-09
-6.908380766e-09
-2.382502721e-09
5.158892829e-10
-1.117324111e-09
-4.39239988e-10
-7.27798816e-10
-3.077277762e-10
-5.923443535e-10
2.910952561e-10
-4.989851389e-10
-7.136402424e-10
-4.055074822e-10
6.037761833e-10
-4.129460489e-10
-8.853797039e-10
-1.011912042e-09
1.294142272e-09
-2.918033586e-09
-5.79652083e-09
-6.338460632e-09
8.305008276e-09
-1.118032012e-08
-2.23513874e-08
-1.665104673e-08
2.669892532e-08
-2.104406589e-08
-4.535002016e-08
-2.2078766e-08
4.606192531e-08
-1.818980272e-08
-4.486167853e-08
3.861038213e-08
-7.609452052e-08
-8.385882627e-08
-1.073149539e-07
1.183325957e-07
-1.4980183e-07
-1.701142083e-07
-2.059532237e-07
2.311655187e-07
-2.782166889e-07
-3.238685997e-07
-3.689528563e-07
4.219991612e-07
-4.801959333e-07
-5.742113906e-07
-6.133357634e-07
7.182505422e-07
-7.687680431e-07
-9.467487845e-07
-9.454830376e-07
1.138914549e-06
-1.140678382e-06
-1.449867285e-06
-1.349436846e-06
1.679441586e-06
-1.564536062e-06
-2.056321434e-06
-1.776485886e-06
2.294651824e-06
-1.973881565e-06
-2.687239723e-06
-2.144021253e-06
2.888519059e-06
-2.274027993e-06
-3.211753187e-06
-2.352134739e-06
3.323632268e-06
-2.369280897e-06
-3.476225782e-06
-2.320637639e-06
3.460041481e-06
-2.206785965e-06
-3.366703793e-06
-2.034190002e-06
3.218509726e-06
-1.814531873e-06
-2.878642132e-06
-1.562860484e-06
2.636858064e-06
-1.295328964e-06
-2.132966097e-06
-1.02768788e-06
1.867476932e-06
-7.748427173e-07
-1.322754069e-06
-5.497563628e-07
1.103069619e-06
-3.646396726e-07
-6.310775931e-07
-2.280594874e-07
4.964084241e-07
-1.286493903e-07
-2.21147792e-07
-6.145755647e-08
1.562515319e-07
-2.077160544e-08
-3.738006527e-08
-1.555227626e-09
1.838597573e-08
-6.087727304e-11
7.012590515e-10
3.405053738e-10
-9.087451691e-11
-1.029444594e-08
2.670265269e-08
-1.463465102e-08
-2.324765181e-08
-1.150631099e-08
6.820952638e-09
-6.762738871e-09
-6.506741122e-09
-3.126324546e-09
3.531081362e-10
-1.348803434e-09
-2.367390956e-10
-7.0171977e-10
-3.244974501e-10
-4.758901462e-10
3.733849252e-10
-3.916276289e-10
-5.658107786e-10
-4.278354123e-10
5.894791873e-10
-8.340257459e-10
-1.914949303e-09
-2.25784793e-09
2.799515581e-09
-5.163189373e-09
-1.113977609e-08
-9.331177118e-09
1.417604079e-08
-1.409935653e-08
-3.050193046e-08
-1.81845327e-08
3.367114752e-08
-1.997681249e-08
-4.548443826e-08
-1.831298698e-08
4.416819853e-08
-1.351191277e-08
-3.355428531e-08
2.963797334e-08
-1.358143737e-07
-1.628285107e-07
-1.886164539e-07
2.210906418e-07
-2.563226738e-07
-3.069362271e-07
-3.408735207e-07
3.994855748e-07
-4.441725787e-07
-5.382695498e-07
-5.676555349e-07
6.732659365e-07
-7.119170467e-07
-8.811472405e-07
-8.763973941e-07
1.061675818e-06
-1.059045745e-06
-1.34591962e-06
-1.256034678e-06
1.564303261e-06
-1.461553392e-06
-1.913552491e-06
-1.667780202e-06
2.146776606e-06
-1.86510009e-06
-2.521488307e-06
-2.042531726e-06
2.730862985e-06
-2.188457351e-06
-3.060451439e-06
-2.291700249e-06
3.198800074e-06
-2.342658853e-06
-3.393410042e-06
-2.33464482e-06
3.420819428e-06
-2.265014776e-06
-3.401129033e-06
-2.135861484e-06
3.304100446e-06
-1.954293302e-06
-3.041808755e-06
-1.731908244e-06
2.844297496e-06
-1.483505606e-06
-2.39051886e-06
-1.225227787e-06
2.147280053e-06
-9.720250145e-07
-1.61803462e-06
-7.365100171e-07
1.390012284e-06
-5.283701e-07
-9.071072106e-07
-3.54592637e-07
7.381425069e-07
-2.197773449e-07
-3.833279617e-07
-1.24069891e-07
2.909008353e-07
-6.02237067e-08
-1.063946216e-07
-2.270354955e-08
7.029210461e-08
-5.223293e-09
-8.527416793e-09
-2.884912675e-10
3.895068845e-09
1.772452687e-10
-1.34006435e-10
3.601194934e-10
-5.09606326e-10
-1.101407603e-08
1.129577035e-08
-1.4018657e-08
-9.318434194e-09
-1.218940278e-08
5.907173028e-09
-7.793598852e-09
-5.207622709e-09
-3.855121429e-09
7.375857947e-11
-1.646192339e-09
1.411746913e-10
-7.756202781e-10
-4.339728159e-10
-4.860468822e-10
5.088542749e-10
-4.28642739e-10
-6.752864861e-10
-6.612196232e-10
8.334388353e-10
-1.635157583e-09
-3.965093167e-09
-3.900260245e-09
5.396482776e-09
-7.440360817e-09
-1.728661252e-08
-1.167619589e-08
2.034836472e-08
-1.562397947e-08
-3.621871844e-08
-1.808031834e-08
3.817394621e-08
-1.81313807e-08
-4.261579314e-08
-1.574512774e-08
4.120218523e-08
-1.202138041e-08
-2.682994914e-08
2.549618285e-08
-2.371617735e-07
-2.963675593e-07
-3.169290101e-07
3.851084209e-07
-4.13471772e-07
-5.09885611e-07
-5.285555274e-07
6.374428162e-07
-6.630402628e-07
-8.267567111e-07
-8.16757744e-07
9.975000311e-07
-9.882341583e-07
-1.257723828e-06
-1.174424682e-06
1.466323223e-06
-1.370665893e-06
-1.789874946e-06
-1.570492571e-06
2.017810375e-06
-1.765783117e-06
-2.373473243e-06
-1.947094977e-06
2.588064298e-06
-2.104066796e-06
-2.917307839e-06
-2.226320923e-06
3.076410143e-06
-2.3043112e-06
-3.300685003e-06
-2.330458947e-06
3.364602947e-06
-2.300275181e-06
-3.407287625e-06
-2.212950512e-06
3.355338374e-06
-2.072036086e-06
-3.174263657e-06
-1.885270877e-06
3.017266004e-06
-1.664254206e-06
-2.632971651e-06
-1.422732167e-06
2.413974492e-06
-1.174972253e-06
-1.912335701e-06
-9.342436323e-07
1.688965492e-06
-7.114775405e-07
-1.185897927e-06
-5.145372888e-07
1.005813166e-06
-3.489996669e-07
-5.965416465e-07
-2.184151718e-07
4.80768861e-07
-1.238729361e-07
-2.17663967e-07
-6.238359396e-08
1.613234672e-07
-2.640667604e-08
-4.543708599e-08
-8.63094205e-09
2.888552661e-08
-2.528778831e-09
-2.243963655e-09
-1.434213881e-09
1.719817775e-09
9.570080922e-10
1.705180555e-09
-2.947625675e-09
-1.511204235e-09
-8.54866245e-09
7.629294187e-09
-1.234065009e-08
-5.985082473e-09
-1.20470732e-08
4.322202576e-09
-8.515850409e-09
-3.332346505e-09
-4.543471808e-09
-4.222327598e-10
-1.991779095e-09
7.785223452e-10
-9.029501847e-10
-6.027572723e-10
-5.615108057e-10
7.216029685e-10
-5.865154279e-10
-1.079498914e-09
-1.139974714e-09
1.430169227e-09
-2.751963293e-09
-7.056780248e-09
-5.616073565e-09
8.898184137e-09
-9.317444227e-09
-2.32591588e-08
-1.304300799e-08
2.594724765e-08
-1.579006774e-08
-3.957872174e-08
-1.672232418e-08
4.050311519e-08
-1.559260666e-08
-3.997170089e-08
-1.298671864e-08
3.883402899e-08
-1.013910057e-08
-2.606240617e-08
2.660319144e-08
-4.090679123e-07
-4.824985852e-07
-5.093168416e-07
-6.313627817e-07
-7.810019195e-07
-7.732497703e-07
9.413495572e-07
-9.331157712e-07
-1.18346644e-06
-1.108280232e-06
1.382591721e-06
-1.294786173e-06
-1.683804781e-06
-1.487262228e-06
1.906099657e-06
-1.678813326e-06
-2.243170922e-06
-1.86119654e-06
2.460817777e-06
-2.025097167e-06
-2.785380762e-06
-2.16108712e-06
2.960658989e-06
-2.260018793e-06
-3.204476414e-06
-2.313877667e-06
3.299197564e-06
-2.317014148e-06
-3.390410074e-06
-2.266623553e-06
3.379228075e-06
-2.163382718e-06
-3.268535211e-06
-2.01211165e-06
3.151325815e-06
-1.821011996e-06
-2.839111838e-06
-1.60126773e-06
2.645349898e-06
-1.36577744e-06
-2.192111158e-06
-1.127933342e-06
1.971523627e-06
-8.998999484e-07
-1.479015226e-06
-6.910655452e-07
1.283069601e-06
-5.075841509e-07
-8.481563958e-07
-3.527589866e-07
7.097677712e-07
-2.278041669e-07
-3.873691472e-07
-1.329992869e-07
3.112016202e-07
-6.784119654e-08
-1.188264841e-07
-2.965253245e-08
8.685702066e-08
-1.156673577e-08
-1.819121395e-08
-4.125411686e-09
1.146965599e-08
-2.020012031e-09
-1.577913708e-09
-7.106554267e-11
8.008470626e-10
-3.933749772e-10
1.221193021e-09
-2.026211475e-09
-9.665364478e-10
-6.273179028e-09
4.626578617e-09
-1.058233126e-08
-3.468675618e-09
-1.15369292e-08
2.269013075e-09
-8.91134503e-09
-1.164887905e-09
-5.125793293e-09
-1.208368011e-09
-2.36306878e-09
1.707421244e-09
-1.084742623e-09
-8.721937916e-10
-7.112967596e-10
1.06194731e-09
-8.851591642e-10
-1.900116303e-09
-1.856254058e-09
2.499867213e-09
-4.020870016e-09
-1.087073766e-08
-7.17551294e-09
1.292909146e-08
-1.066283987e-08
-2.838128046e-08
-1.362861885e-08
3.056555409e-08
-1.529047737e-08
-4.108705939e-08
-1.526250278e-08
4.149568268e-08
-1.375654451e-08
-3.784310907e-08
-1.149334743e-08
3.731838786e-08
-9.236696999e-09
-2.633602583e-08
-8.993430777e-07
-1.119459695e-06
-1.063145807e-06
1.309357207e-06
-1.238655881e-06
-1.591969048e-06
-1.421911132e-06
1.807470737e-06
-1.607379519e-06
-2.128769508e-06
-1.788066339e-06
2.347488468e-06
-1.955509211e-06
-2.665791639e-06
-2.100815114e-06
2.853609224e-06
-2.215521694e-06
-3.110092905e-06
-2.291705139e-06
3.231010435e-06
-2.322586325e-06
-3.359481005e-06
-2.304153438e-06
3.384981483e-06
-2.235262501e-06
-3.333172818e-06
-2.117810791e-06
3.255474228e-06
-1.957097447e-06
-3.008553996e-06
-1.761414394e-06
2.84521383e-06
-1.541506816e-06
-2.441192294e-06
-1.309733325e-06
2.23182939e-06
-1.078538328e-06
-1.755891888e-06
-8.592486576e-07
1.548428755e-06
-6.607062197e-07
-1.101240532e-06
-4.886851743e-07
9.338637983e-07
-3.455890904e-07
-5.870186271e-07
-2.309119616e-07
4.77338186e-07
-1.425007414e-07
-2.469358651e-07
-7.804885871e-08
1.909660369e-07
-3.577993219e-08
-6.247449791e-08
-1.315363553e-08
4.353486455e-08
-4.60911158e-09
-7.124920957e-09
-1.552392189e-09
4.242909572e-09
-2.656143474e-10
1.946210007e-10
7.900724998e-11
-1.905583116e-10
-1.059381973e-10
8.25098803e-10
-1.234470678e-09
-7.343111167e-10
-4.811740559e-09
2.489998806e-09
-9.068408303e-09
-1.656188433e-09
-1.075273738e-08
4.894657946e-11
-9.012386787e-09
1.088809581e-09
-5.600928051e-09
-2.268491952e-09
-2.754179505e-09
2.880960254e-09
-1.328822362e-09
-1.298587044e-09
-9.548120427e-10
1.58973796e-09
-1.34205937e-09
-3.235538158e-09
-2.759243562e-09
4.108683551e-09
-5.319493993e-09
-1.503602975e-08
-8.519866616e-09
1.716522139e-08
-1.161494328e-08
-3.252174377e-08
-1.385118871e-08
3.427636358e-08
-1.472205546e-08
-4.181224411e-08
-1.417231823e-08
4.203824947e-08
-1.261789674e-08
-3.740468003e-08
3.737007329e-08
-1.19387067e-06
-1.50559156e-06
-1.370696259e-06
1.717747073e-06
-1.550256281e-06
-2.026348528e-06
-1.727437086e-06
2.245219385e-06
-1.896007326e-06
-2.557763022e-06
-2.048008225e-06
2.756457788e-06
-2.175019293e-06
-3.020890884e-06
-2.268582691e-06
3.163934211e-06
-2.32241234e-06
-3.32100085e-06
-2.331673547e-06
3.379645713e-06
-2.293543914e-06
-3.377022417e-06
-2.207909193e-06
3.33746292e-06
-2.077543198e-06
-3.149812814e-06
-1.908160279e-06
3.020116964e-06
-1.708278345e-06
-2.66633796e-06
-1.488258863e-06
2.477120899e-06
-1.259346429e-06
-2.022007714e-06
-1.033007214e-06
1.815950905e-06
-8.195682116e-07
-1.351996731e-06
-6.272377381e-07
1.169059155e-06
-4.61651646e-07
-7.81743528e-07
-3.253843945e-07
6.459647364e-07
-2.181050764e-07
-3.800601224e-07
-1.372086853e-07
2.959695896e-07
-7.900197595e-08
-1.423024976e-07
-3.982139132e-08
1.017584192e-07
-1.644371682e-08
-2.893868947e-08
-5.300760911e-09
1.827919656e-08
-1.548809148e-09
-2.152366869e-09
-1.132869007e-10
9.084354706e-10
6.554060685e-11
1.266590253e-10
1.758519644e-10
-2.371734903e-10
1.414314046e-10
6.250988735e-10
-8.37091954e-10
-6.503466078e-10
-4.07620295e-09
9.232861492e-10
-8.093837991e-09
-2.393769132e-10
-1.012094899e-08
-2.183081158e-09
-9.033699085e-09
3.236773103e-09
-6.006920665e-09
-3.535829841e-09
-3.169517969e-09
4.233785959e-09
-1.646355121e-09
-1.94277301e-09
-1.309502721e-09
2.36515601e-09
-1.959110478e-09
-5.117124151e-09
-3.789142882e-09
6.255065239e-09
-6.592370663e-09
-1.929874341e-08
-9.696915686e-09
2.142573591e-08
-1.238586515e-08
-3.588205547e-08
-1.408407738e-08
3.738641898e-08
-1.453000212e-08
-4.226364039e-08
-1.388764176e-08
4.262000298e-08
-1.265261366e-08
-3.715499161e-08
3.777428376e-08
-1.497418541e-06
-1.936649563e-06
-1.674204009e-06
-1.842576175e-06
-2.461509268e-06
-1.99956278e-06
2.670350023e-06
-2.13701446e-06
-2.939674733e-06
-2.246056265e-06
3.103915179e-06
-2.320057007e-06
-3.280765383e-06
-2.353543542e-06
3.369903244e-06
-2.342817913e-06
-3.406937166e-06
-2.286281241e-06
3.403387845e-06
-2.184835788e-06
-3.268586536e-06
-2.042633693e-06
3.17362955e-06
-1.865781788e-06
-2.870967664e-06
-1.662640393e-06
2.706853193e-06
-1.442863224e-06
-2.282121486e-06
-1.217023207e-06
2.08559019e-06
-9.955547152e-07
-1.61719327e-06
-7.87703508e-07
1.428480702e-06
-6.008513379e-07
-1.001488719e-06
-4.401802665e-07
8.503424604e-07
-3.082207028e-07
-5.273457373e-07
-2.049540751e-07
4.25892846e-07
-1.2817215e-07
-2.259598919e-07
-7.422372148e-08
1.698830964e-07
-3.881830029e-08
-7.02294206e-08
-1.770499365e-08
4.740217064e-08
-6.94175708e-09
-1.09284064e-08
-2.778504935e-09
6.59265508e-09
-1.467947114e-09
-5.250251408e-11
-1.398094789e-09
-3.482505043e-09
-4.283607602e-09
2.139872161e-09
-6.461119631e-09
-1.344054995e-08
-6.522215017e-09
2.621671368e-09
-5.39660013e-09
-1.421628687e-08
-5.471280413e-09
-4.18098869e-10
-7.630165423e-09
-9.017648073e-10
-9.771352811e-09
-4.27288557e-09
-9.123893806e-09
5.403824383e-09
-6.430171974e-09
-4.978502529e-09
-3.639758416e-09
5.772762807e-09
-2.054599505e-09
-2.864409505e-09
-1.787032923e-09
3.447275494e-09
-2.720251657e-09
-7.514634703e-09
-4.889339496e-09
8.882430461e-09
-7.802423795e-09
-2.352811198e-08
-1.07220565e-08
2.560239145e-08
-1.304488952e-08
-3.883051461e-08
-1.439419474e-08
4.02325763e-08
-1.46561107e-08
-4.305660758e-08
-1.399805541e-08
4.352706613e-08
-1.297972528e-08
-3.850183689e-08
-2.081420743e-06
-2.869785549e-06
-2.219364745e-06
-2.318318415e-06
-3.247306931e-06
-2.3751866e-06
3.366692429e-06
-2.388511962e-06
-3.429978446e-06
-2.357215969e-06
3.458998329e-06
-2.2824126e-06
-3.36994642e-06
-2.166473854e-06
3.309252153e-06
-2.013443459e-06
-3.05615599e-06
-1.829831638e-06
2.919932824e-06
-1.623839227e-06
-2.53198e-06
-1.404508508e-06
2.350323031e-06
-1.181895347e-06
-1.89126545e-06
-9.654019922e-07
1.702213124e-06
-7.632522184e-07
-1.251743408e-06
-5.820968269e-07
1.088411845e-06
-4.264850845e-07
-7.159070981e-07
-2.986573599e-07
5.977595307e-07
-1.985700072e-07
-3.406881909e-07
-1.242531856e-07
2.701220357e-07
-7.229181254e-08
-1.263152459e-07
-3.849822251e-08
9.310351295e-08
-1.854869351e-08
-3.151902883e-08
-8.563262635e-09
2.069946128e-08
-5.835888729e-09
-2.91719921e-09
-1.184603351e-08
-7.559014342e-10
-2.671297152e-08
1.681006553e-08
-4.622305447e-08
-3.433679255e-08
-6.549336163e-08
3.803272159e-08
-8.004614511e-08
-7.135078431e-08
-8.595967717e-08
4.564626826e-08
-8.096117486e-08
-9.439448968e-08
-6.465084937e-08
1.960080874e-08
-3.861786471e-08
-7.724842696e-08
-1.541219595e-08
-6.596790441e-09
-9.271330295e-09
1.779760306e-10
-6.805731991e-09
-6.639802986e-09
-4.187972655e-09
7.756542067e-09
-2.573091991e-09
-4.119773688e-09
-2.39375993e-09
4.887703105e-09
-3.593822291e-09
-1.033947506e-08
-5.985611834e-09
1.186298802e-08
-8.851473694e-09
-2.762492935e-08
-1.147059871e-08
2.954429888e-08
-1.343162989e-08
-4.16384972e-08
-1.465683518e-08
4.310747723e-08
-1.538790787e-08
-4.386291598e-08
-2.457488211e-06
-3.452416287e-06
-2.435450287e-06
3.496474378e-06
-2.382439928e-06
-3.459462046e-06
-2.293446385e-06
3.434018387e-06
-2.165886359e-06
-3.227878138e-06
-2.000854096e-06
3.128428153e-06
-1.804947817e-06
-2.770598466e-06
-1.591029741e-06
2.610788709e-06
-1.37219453e-06
-2.16581156e-06
-1.152574312e-06
1.981821611e-06
-9.407351498e-07
-1.520908599e-06
-7.439119744e-07
1.349123432e-06
-5.681726413e-07
-9.392004478e-07
-4.174149997e-07
8.043074665e-07
-2.935213786e-07
-4.95011196e-07
-1.962954184e-07
4.065170129e-07
-1.238469787e-07
-2.122796299e-07
-7.293916957e-08
1.652494113e-07
-3.964274146e-08
-6.799442638e-08
-1.993748278e-08
4.911271095e-08
-1.049043619e-08
-1.316062071e-08
-9.825176299e-09
7.969768935e-09
-2.00463319e-08
1.151427821e-08
-4.558433708e-08
-1.54322075e-08
-8.140190753e-08
4.900257947e-08
-1.23548419e-07
-5.213750099e-08
-1.667400431e-07
9.670839441e-08
-2.048223489e-07
-9.848177717e-08
-2.32426074e-07
1.326995885e-07
-2.458496092e-07
-1.349151298e-07
-2.430664993e-07
1.344881508e-07
-2.229472157e-07
-1.462376838e-07
-1.842255003e-07
8.246961861e-08
-1.234917261e-07
-1.276022001e-07
-1.707632277e-08
-8.430186449e-09
-5.032465161e-09
3.76575269e-10
-3.210097447e-09
-5.753371829e-09
-3.106014217e-09
6.632217711e-09
-4.557619297e-09
-1.343786859e-08
-7.073131646e-09
1.506207477e-08
-9.769938935e-09
-3.128613799e-08
-1.189130777e-08
3.284508757e-08
-1.289276059e-08
-4.431872917e-08
4.399718325e-08
-2.447459841e-06
-3.519584242e-06
-2.398636636e-06
-2.306817812e-06
-3.387518454e-06
-2.169966397e-06
3.323838658e-06
-1.991186899e-06
-3.005884305e-06
-1.783630764e-06
2.862477239e-06
-1.566504659e-06
-2.442613553e-06
-1.34836451e-06
2.272396375e-06
-1.130423477e-06
-1.803322281e-06
-9.204545187e-07
1.632886919e-06
-7.283108827e-07
-1.188362007e-06
-5.573631805e-07
1.03963876e-06
-4.10893998e-07
-6.836001772e-07
-2.904492648e-07
5.766318352e-07
-1.956575558e-07
-3.309800339e-07
-1.246432673e-07
2.670627815e-07
-7.431988841e-08
-1.272793055e-07
-4.090455905e-08
9.685222121e-08
-2.045651484e-08
-3.489412207e-08
-9.400746065e-09
2.421599505e-08
-5.198806955e-09
-4.357517647e-09
-7.803510814e-09
2.266367461e-09
-2.211030764e-08
1.358009072e-08
-4.613599535e-08
-8.535229849e-09
-7.772053863e-08
4.286674315e-08
-1.143880506e-07
-2.810036618e-08
-1.521610651e-07
7.895089573e-08
-1.86297617e-07
-5.23997101e-08
-2.125505949e-07
1.072193456e-07
-2.282225079e-07
-7.162889032e-08
-2.325648257e-07
1.180441565e-07
-2.266863811e-07
-7.870908361e-08
-2.129805212e-07
1.13246896e-07
-1.943284983e-07
-7.542998313e-08
-1.727644964e-07
1.007843543e-07
-1.468626477e-07
-7.303596967e-08
-1.591637161e-08
-7.549847964e-09
-8.604274168e-09
4.009610322e-09
-6.78143625e-09
-1.671326987e-08
-8.585880655e-09
1.76479948e-08
-1.084174136e-08
-3.446722828e-08
-1.319523402e-08
3.640670455e-08
-1.505882384e-08
-4.383816103e-08
-2.187487086e-06
-3.241938568e-06
-2.001789241e-06
-1.782553018e-06
-2.713635444e-06
-1.550494027e-06
-1.328485966e-06
-2.106548883e-06
-1.115682306e-06
1.944764677e-06
-9.083129422e-07
-1.469397606e-06
-7.15862155e-07
1.312032277e-06
-5.489601548e-07
-9.034420647e-07
-4.061699802e-07
7.798264503e-07
-2.886511764e-07
-4.826738786e-07
-1.958567249e-07
4.008522307e-07
-1.259681093e-07
-2.134430945e-07
-7.602625702e-08
1.688471941e-07
-4.242357179e-08
-7.266970232e-08
-2.139824002e-08
5.364170796e-08
-9.361033093e-09
-1.629854811e-08
-3.202171427e-09
1.048375365e-08
-4.892840214e-10
-8.654511193e-10
-6.37477e-10
8.397019249e-11
-5.331645079e-09
3.596082749e-09
-1.669181142e-08
-4.338246908e-10
-3.254962773e-08
1.51088896e-08
-5.243212972e-08
-6.825510338e-09
-7.468495636e-08
3.016019241e-08
-9.650967291e-08
-1.559851538e-08
-1.146507444e-07
4.251654579e-08
-1.26271066e-07
-2.340287317e-08
-1.296068502e-07
4.638184994e-08
-1.24432634e-07
-2.688253965e-08
-1.121447182e-07
4.06652763e-08
-9.526071483e-08
-2.466740387e-08
-7.692981049e-08
3.012483905e-08
-6.061133565e-08
-1.807519647e-08
-5.062503391e-08
2.692047192e-08
-5.637097824e-08
-8.763501907e-09
-7.243104796e-08
-2.575810698e-08
-1.026609844e-08
2.328451682e-08
-3.610352861e-08
-1.104558369e-06
-1.782583387e-06
-8.978391566e-07
-7.094975379e-07
-1.161956235e-06
-5.427089204e-07
1.021301113e-06
-4.027183493e-07
-6.686464602e-07
-2.877880898e-07
5.696922649e-07
-1.966311018e-07
-3.301972792e-07
-1.275794786e-07
2.696562108e-07
-7.790449381e-08
-1.320619959e-07
-4.411713322e-08
1.019766528e-07
-2.263999721e-08
-3.88179207e-08
-1.010896299e-08
2.738564074e-08
-3.537404942e-09
-6.489967043e-09
-5.523614077e-10
3.519107224e-09
-1.531258663e-12
-3.314125222e-12
-8.606194233e-13
9.74063701e-13
-3.397109443e-11
-1.140594334e-10
-1.341822924e-09
7.593616938e-11
-8.24687224e-09
2.094596841e-09
-1.905343784e-08
1.151784683e-09
-3.195534743e-08
6.563719783e-09
-4.587624473e-08
1.842058516e-10
-5.949643714e-08
1.055182957e-08
-7.122167588e-08
1.418623545e-10
-7.960283869e-08
1.320942832e-08
-8.375965866e-08
-8.674664095e-10
-8.355484887e-08
1.386292528e-08
-7.958523026e-08
-3.407093041e-09
-7.220604923e-08
1.307988933e-08
-6.140435425e-08
-8.389590717e-09
-4.607037668e-08
1.043272324e-08
-5.398329071e-07
-8.914313367e-07
-3.997968974e-07
-2.862965817e-07
-4.82652048e-07
-1.983084539e-07
-1.294008809e-07
-2.181024012e-07
-7.94903269e-08
-4.573148206e-08
-7.759550352e-08
-2.393967692e-08
5.807177092e-08
-1.0907638e-08
-1.871935671e-08
-3.948465033e-09
1.218119662e-08
-7.40145677e-10
-1.49933264e-09
-2.45482838e-11
2.459241917e-10
-1.876227007e-12
-2.300709826e-12
-4.458636506e-13
5.419880125e-12
-3.285479467e-13
-7.009170535e-12
-5.911708624e-12
1.091685981e-12
-9.193133486e-11
-1.066037228e-09
-4.45684762e-10
6.088287924e-10
-2.537631143e-09
-1.885342796e-09
-1.219042622e-08
2.34837647e-09
-3.122725085e-08
-5.632066844e-09
-5.610811084e-08
6.821997102e-09
-8.433847352e-08
-9.323955609e-09
-1.09452524e-07
-1.264022559e-07
-1.018134734e-08
-1.368871881e-07
-1.387055895e-07
-4.741082165e-09
-2.468690923e-08
-4.270378813e-08
-1.178238659e-08
-4.407029059e-09
-7.508510426e-09
-8.723418116e-10
-5.269255188e-11
-2.757757265e-11
-5.08034092e-12
-2.443786851e-12
-1.093841312e-11
-1.053698008e-12
-1.73804583e-13
-4.887567055e-13
-2.509833432e-13
-5.55773769e-12
-2.514832413e-10
-3.491214931e-11
-6.015842606e-11
-1.492126669e-09
-3.156616148e-10
-3.822378576e-09
-4.856410991e-09
)
;

boundaryField
{
    dominio_ascii
    {
        type            calculated;
        value           nonuniform List<scalar> 
168
(
3.708910396e-12
3.057364591e-12
1.349870425e-15
1.127640834e-15
1.171059212e-15
5.044879121e-11
1.958134168e-11
-1.116438194e-05
1.329088501e-10
-5.642731211e-28
1.104322317e-10
1.65232624e-11
9.172985433e-12
-8.31028054e-08
3.813257888e-10
1.029650659e-09
9.105651566e-12
1.24152084e-09
6.968831003e-10
-5.815867579e-08
-4.837820972e-08
2.609468099e-09
6.707473846e-09
1.772450332e-08
4.329031858e-08
1.307010992e-07
-2.10732468e-09
-8.571107475e-10
7.450501931e-07
3.246223619e-09
1.83603254e-06
1.798047565e-08
5.418910991e-06
6.043934363e-06
5.548535184e-06
-9.666105851e-08
1.566812909e-06
-2.647159938e-08
4.77001932e-08
7.886652462e-09
2.005095967e-10
1.768273136e-09
2.710838046e-11
1.417567978e-11
1.106496947e-11
6.504918317e-12
8.311204764e-12
4.395379927e-12
1.908933458e-13
2.039714989e-16
2.250524081e-16
1.406493468e-15
-1.862083322e-14
9.721083679e-13
1.753738026e-11
8.579110039e-11
3.635879999e-11
2.413703524e-11
-1.058905859e-05
-1.890221237e-05
-2.33487374e-11
-1.342624066e-10
1.688177226e-10
5.952176968e-11
6.098376873e-12
1.365464281e-11
3.128518551e-10
2.509335515e-10
9.63109452e-12
1.42524996e-11
4.695050418e-10
3.979445639e-10
5.315087195e-11
6.446394163e-10
5.383138466e-10
1.145810329e-11
8.786788624e-10
5.811979845e-12
7.705502839e-12
5.579954178e-10
1.028879525e-11
2.059844469e-11
6.082294241e-10
1.140458348e-09
2.384940693e-12
7.462465069e-10
3.31937645e-12
2.057263098e-12
1.438752679e-09
8.144581217e-13
-9.898634531e-08
1.075252445e-09
9.876814327e-10
-5.668132512e-08
2.806651004e-09
1.099085571e-09
-5.169507127e-09
4.252306891e-09
-3.017939672e-09
-2.905723178e-09
1.074311138e-08
-3.122942656e-09
-3.045518364e-09
2.826312634e-08
-3.171807469e-09
-3.069197164e-09
5.919181223e-08
-2.858247478e-09
-3.193846392e-09
1.437310425e-07
-2.084639744e-09
-3.935866611e-09
2.957698131e-07
2.208911376e-07
-1.604028306e-09
6.294781112e-07
5.708495072e-07
4.746470103e-10
1.549881977e-06
4.148641443e-09
1.194384042e-09
2.543641518e-06
1.186205559e-06
8.9011395e-09
3.659756244e-06
1.401348775e-08
6.615995846e-09
4.469617965e-06
2.834908529e-06
1.171962188e-08
5.870757797e-06
2.769253888e-08
2.392048788e-08
5.93567057e-06
3.235501612e-08
3.05312177e-08
4.90013832e-06
2.444683255e-06
-1.700381879e-08
8.389326023e-08
5.775186173e-08
3.63776451e-06
2.749202992e-06
1.248802436e-06
-4.476997572e-08
-8.347544266e-08
6.407290876e-07
7.216545116e-07
2.855272827e-07
1.773366602e-07
-2.260592448e-09
-6.629237105e-09
-2.358288877e-08
-6.452431403e-08
1.495202154e-07
2.257675314e-08
1.51092431e-09
4.633097323e-11
3.819122377e-11
3.37000015e-11
5.049439978e-11
3.834027661e-11
4.288375333e-12
8.151731935e-13
5.074341181e-12
1.871956669e-10
2.937086659e-10
4.744748189e-10
)
;
    }
    wallFilmFaces_top
    {
        type            calculated;
        value           uniform 0;
    }
    region0_to_wallFilmRegion_wallFilmFaces
    {
        type            calculated;
        value           uniform 0;
    }
}


// ************************************************************************* //
