/*--------------------------------*- C++ -*----------------------------------*\
| =========                 |                                                 |
| \\      /  F ield         | OpenFOAM: The Open Source CFD Toolbox           |
|  \\    /   O peration     | Version:  2.1.x                                 |
|   \\  /    A nd           | Web:      www.OpenFOAM.org                      |
|    \\/     M anipulation  |                                                 |
\*---------------------------------------------------------------------------*/
FoamFile
{
    version     2.0;
    format      ascii;
    class       volVectorField;
    location    "0.8";
    object      Uf;
}
// * * * * * * * * * * * * * * * * * * * * * * * * * * * * * * * * * * * * * //

dimensions      [0 1 -1 0 0 0 0];

internalField   nonuniform List<vector> 
2828
(
(-0.1637186165 0 -0.1547180599)
(-0.1952165844 0 -0.135989061)
(-0.2730402452 0 -0.1364916318)
(-0.2528018583 0 0.0358914394)
(-0.7126699665 0 -0.02268732216)
(-0.1219097406 0 -0.2640736635)
(-0.1509153747 0 -0.2956056105)
(-0.1852304341 0 -0.3372192793)
(-0.2173524378 0 -0.3466387597)
(-0.2259403019 0 -0.3058249942)
(0.2911242972 0 -0.4292321459)
(4.350773364 0 -3.000317057)
(11.18011129 0 -7.701857643)
(14.88919864 0 -10.25705714)
(15.86815347 0 -10.93358262)
(16.07845968 0 -11.07817059)
(16.2064759 0 -11.07832119)
(-0.07365243938 0 -0.2453808057)
(-0.08199599614 0 -0.254740001)
(-0.1002446751 0 -0.3009089555)
(-0.1197494025 0 -0.351530319)
(-0.104122977 0 -0.3877865997)
(1.171806294 0 -1.045767944)
(2.91758474 0 -2.033516023)
(7.794932895 0 -5.367571619)
(12.33367441 0 -8.490042431)
(14.74170007 0 -10.14665191)
(15.6433958 0 -10.76611451)
(15.94851028 0 -10.96998808)
(16.08699788 0 -11.02807979)
(16.18546522 0 -11.02387222)
(0.1152822755 0 -3.514313146)
(-0.1857768006 0 -0.505838629)
(-0.04925749638 0 -0.2729439855)
(-0.04868330927 0 -0.2702073009)
(-0.05215266278 0 -0.300691992)
(-0.05273346929 0 -0.3527644892)
(0.2930295147 0 -0.4859033869)
(1.41657251 0 -1.024781182)
(4.274945271 0 -2.948993003)
(8.698678489 0 -5.988416355)
(12.34799377 0 -8.498109498)
(14.42900303 0 -9.92888582)
(15.37205388 0 -10.5758935)
(15.76291657 0 -10.83854143)
(15.94415687 0 -10.94083579)
(16.05898889 0 -10.96253177)
(16.11804482 0 -10.95259257)
(0.6024718054 0 -4.038959448)
(0.1351434553 0 0.2450234949)
(-1.067128788 0 0.7582212687)
(-0.8099145365 0 0.8316873972)
(-0.02457067618 0 -0.3143055413)
(-0.01660849065 0 -0.2901492531)
(-0.002860676811 0 -0.3079101228)
(0.05347772612 0 -0.3450237721)
(0.7795567004 0 -0.6243782118)
(1.936672594 0 -1.350070402)
(5.018677921 0 -3.458136709)
(8.930196955 0 -6.147278544)
(12.11042386 0 -8.334041287)
(14.06232763 0 -9.675445664)
(15.06717035 0 -10.36433434)
(15.54338369 0 -10.68589733)
(15.7772654 0 -10.8301167)
(15.91177226 0 -10.88512856)
(15.9937061 0 -10.88510679)
(15.97436905 0 -10.84684155)
(0.6817283109 0 -2.180462252)
(-0.5506362064 0 -0.8582621441)
(-0.9780238601 0 0.994832582)
(-0.7648512962 0 1.106778101)
(-0.6296788587 0 1.068945742)
(0.01507572116 0 -0.3583515657)
(0.03037609265 0 -0.3143577345)
(0.05589228337 0 -0.30873531)
(0.2018769717 0 -0.3496051899)
(0.9346635805 0 -0.690149842)
(2.355976257 0 -1.631392947)
(5.371153818 0 -3.700186094)
(8.889949017 0 -6.119724274)
(11.78101414 0 -8.107384495)
(13.67001383 0 -9.40514206)
(14.73641195 0 -10.13596758)
(15.29456701 0 -10.51417247)
(15.58648486 0 -10.70164301)
(15.75127333 0 -10.78758498)
(15.84935662 0 -10.8116971)
(15.87565892 0 -10.78666072)
(15.67851408 0 -10.64554505)
(0.7596553521 0 -1.478912237)
(0.0184769083 0 -0.006440685103)
(0.7109695384 0 -0.7717625256)
(1.154101586 0 -1.253726557)
(1.393076863 0 -1.509546368)
(1.489614011 0 -1.575224023)
(0.06462320341 0 -0.4178305529)
(0.07448934717 0 -0.3504571863)
(0.1104596138 0 -0.3192697436)
(0.3979500803 0 -0.4025616905)
(1.0722147 0 -0.7672928672)
(2.632636844 0 -1.819984856)
(5.492874888 0 -3.78427821)
(8.710778755 0 -5.996979825)
(11.40574753 0 -7.849607338)
(13.26146431 0 -9.124214595)
(14.38590637 0 -9.89470992)
(15.02063427 0 -10.32584703)
(15.3728881 0 -10.55700053)
(15.57485021 0 -10.67459928)
(15.69404949 0 -10.72274094)
(15.74560548 0 -10.71819797)
(15.67026624 0 -10.6393401)
(15.04634393 0 -10.21824609)
(0.4587660104 0 -0.5293104699)
(0.7326222931 0 -0.7899684879)
(1.015328846 0 -1.093360159)
(1.227690864 0 -1.313865839)
(1.355796798 0 -1.432156031)
(1.419332512 0 -1.464223367)
(0.1170941224 0 -0.4756105165)
(0.1213706088 0 -0.4150296677)
(0.1742182561 0 -0.3538823649)
(0.515214157 0 -0.4518254398)
(1.188890716 0 -0.842544)
(2.78496434 0 -1.9248092)
(5.472378208 0 -3.770958422)
(8.45269957 0 -5.820268806)
(11.00394809 0 -7.573932661)
(12.84069877 0 -8.835320489)
(14.01907509 0 -9.642756182)
(14.72538681 0 -10.12335666)
(15.13810336 0 -10.39760271)
(15.38163711 0 -10.54780702)
(15.52691887 0 -10.62051597)
(15.60057722 0 -10.63668046)
(15.57939743 0 -10.5907562)
(15.30429457 0 -10.3887936)
(13.66435271 0 -9.284518094)
(0.6824531046 0 -0.7647333617)
(0.884611524 0 -0.9491236328)
(1.057543154 0 -1.12738499)
(1.173395677 0 -1.239119811)
(1.220132555 0 -1.273073651)
(1.12447703 0 -1.15867162)
(-0.1288983086 0 0.09188664944)
(0.1797862077 0 -0.4962635569)
(0.2449031393 0 -0.4111179646)
(0.5827927909 0 -0.4952322358)
(1.278429845 0 -0.904198832)
(2.845617873 0 -1.967569606)
(5.360921746 0 -3.69542133)
(8.146603873 0 -5.610813124)
(10.58596082 0 -7.287440812)
(12.41073144 0 -8.540472798)
(13.638301 0 -9.381651568)
(14.41160618 0 -9.908523082)
(14.8840126 0 -10.22489896)
(15.17172797 0 -10.40826995)
(15.34699799 0 -10.50634925)
(15.44374699 0 -10.54339449)
(15.45738751 0 -10.52229601)
(15.31135081 0 -10.40076902)
(14.63339324 0 -9.934241682)
(10.85102614 0 -7.386090109)
(0.8072116402 0 -0.6905047006)
(0.910377339 0 -0.965217033)
(1.004180414 0 -1.061300473)
(1.038488969 0 -1.086803838)
(0.9708231115 0 -1.007953617)
(0.6100693452 0 -0.6293415429)
(-0.1075039451 0 0.05799818586)
(-0.4751937905 0 0.5226661282)
(0.2741169411 0 -0.5658976819)
(0.3214596424 0 -0.4935659718)
(0.6477373902 0 -0.5500015083)
(1.351397476 0 -0.9581789798)
(2.853313824 0 -1.974770068)
(5.198694482 0 -3.58531698)
(7.81404787 0 -5.38344483)
(10.15902762 0 -6.995096658)
(11.97427152 0 -8.241498994)
(13.24591611 0 -9.112940598)
(14.08157041 0 -9.682859048)
(14.61232673 0 -10.04015922)
(14.94573111 0 -10.25694535)
(15.15387234 0 -10.38110862)
(15.27552726 0 -10.43941626)
(15.31746918 0 -10.44010703)
(15.23957449 0 -10.36273383)
(14.86812734 0 -10.09643866)
(13.39150057 0 -9.096350869)
(6.450963994 0 -4.464526764)
(0.8487236634 0 -0.8218401931)
(0.8664188477 0 -0.9125059747)
(0.8869004299 0 -0.9300009707)
(0.834881914 0 -0.8692873363)
(0.642479937 0 -0.6663584765)
(0.2209134505 0 -0.2309919077)
(-0.09631365032 0 0.07905689263)
(0.5021687515 0 0.4540257989)
(0.4171407112 0 -0.6212105713)
(0.7065384156 0 -0.6207625311)
(1.414663904 0 -1.009269138)
(2.834042803 0 -1.964517438)
(5.015766481 0 -3.461414627)
(7.474543549 0 -5.151610205)
(9.731698908 0 -6.702781966)
(11.5349734 0 -7.940893736)
(12.84448165 0 -8.838348294)
(13.73750995 0 -9.44786461)
(14.32467847 0 -9.844561627)
(14.70444347 0 -10.09470109)
(14.94754472 0 -10.24550588)
(15.09592032 0 -10.32551956)
(15.16398213 0 -10.34677296)
(15.13158569 0 -10.30039007)
(14.90431289 0 -10.12812852)
(14.13192261 0 -9.597261255)
(11.32628651 0 -7.711828414)
(2.860593702 0 -2.133539927)
(0.7723654895 0 -0.7968197974)
(0.7669650287 0 -0.8026838522)
(0.723454863 0 -0.754353133)
(0.5938615041 0 -0.6169651533)
(0.3414276212 0 -0.3536505325)
(-0.1211442847 0 0.09007971345)
(-0.04924701166 0 0.158941865)
(0.2200714969 0 0.267984874)
(0.7638029437 0 -0.7374288174)
(1.476194191 0 -1.066858389)
(2.808953675 0 -1.951831022)
(4.833171244 0 -3.338356626)
(7.143799088 0 -4.926172214)
(9.313330368 0 -6.416950493)
(11.09815427 0 -7.642311688)
(12.4374995 0 -8.560264477)
(13.38193066 0 -9.205244754)
(14.02277367 0 -9.639315206)
(14.44882185 0 -9.92239035)
(14.72828833 0 -10.10016969)
(14.90499874 0 -10.20229432)
(14.99871573 0 -10.24364002)
(15.00175701 0 -10.22248633)
(14.85907119 0 -10.10591079)
(14.38893877 0 -9.775172192)
(12.9759321 0 -8.817908203)
(8.59440226 0 -5.886980138)
(1.163800768 0 -1.003813842)
(0.6828509831 0 -0.6997148907)
(0.6364600717 0 -0.6607584496)
(0.5387134556 0 -0.5586638715)
(0.369340894 0 -0.3792548174)
(0.3555338513 0 -0.3140592261)
(0.8539550185 0 -0.6952093255)
(1.964814563 0 -1.025045872)
(2.992831506 0 -1.599716135)
(3.269182343 0 -1.776895768)
(1.532824612 0 -1.144305283)
(2.808530281 0 -1.958929214)
(4.675622337 0 -3.233437833)
(6.837174865 0 -4.717801543)
(8.913864852 0 -6.144480059)
(10.67039809 0 -7.350294754)
(12.02941233 0 -8.281743218)
(13.01790921 0 -8.957111229)
(13.70862954 0 -9.425836615)
(14.17998682 0 -9.740925755)
(14.49644811 0 -9.945745967)
(14.70169355 0 -10.07029775)
(14.81468952 0 -10.13142601)
(14.82688343 0 -10.13205198)
(14.74177983 0 -10.05330643)
(14.44625698 0 -9.820548397)
(13.47854563 0 -9.164581716)
(10.0368748 0 -6.929926303)
(1.79292472 0 -1.906558054)
(-0.2559027653 0 -0.4790664201)
(0.4250112388 0 -0.4736678531)
(0.4551154673 0 -0.5211101909)
(0.346964697 0 -0.378237207)
(0.2514118207 0 -0.2426690162)
(0.4269421407 0 -0.3053138313)
(1.326284581 0 -0.6448112331)
(2.528266118 0 -1.262189142)
(3.122613806 0 -1.610192786)
(3.276872556 0 -1.714057862)
(1.904439081 0 -1.401663499)
(2.89650808 0 -2.03337905)
(4.580015675 0 -3.172548238)
(6.573841466 0 -4.539866689)
(8.54397562 0 -5.89277973)
(10.25887193 0 -7.069801009)
(11.6254165 0 -8.006370637)
(12.64910015 0 -8.705985296)
(13.3846338 0 -9.20579552)
(13.89937563 0 -9.551384985)
(14.25301903 0 -9.78308768)
(14.48901621 0 -9.931589133)
(14.62925333 0 -10.02128093)
(14.66149379 0 -10.07594329)
(14.54788119 0 -10.04504596)
(14.34310936 0 -9.712550284)
(13.68489553 0 -9.314578333)
(11.25868624 0 -7.759146317)
(4.652006898 0 -3.742818273)
(-0.74521961 0 -0.713435076)
(-0.5265896236 0 -0.7256098003)
(-0.08000642824 0 -0.6467904777)
(0.1119064539 0 -0.4068785839)
(0.1797506727 0 -0.2273665763)
(0.2693543065 0 -0.1570192524)
(0.6474975682 0 -0.3098712669)
(1.871335831 0 -0.8642886819)
(2.757864019 0 -1.333092683)
(3.158472173 0 -1.565544533)
(3.212549777 0 -1.54887463)
(2.975257843 0 -2.103586096)
(4.515911645 0 -3.136220802)
(6.358841513 0 -4.396182797)
(8.210802136 0 -5.66689071)
(9.869453954 0 -6.804925089)
(11.2304016 0 -7.737535098)
(12.2793006 0 -8.454496211)
(13.05345555 0 -8.981053603)
(13.60863448 0 -9.354939364)
(13.99873302 0 -9.612504322)
(14.26609384 0 -9.782597637)
(14.43772811 0 -9.886186865)
(14.52221119 0 -9.942967424)
(14.50549681 0 -9.973509531)
(14.35614545 0 -9.863452583)
(13.89208839 0 -9.273185583)
(12.38397931 0 -8.479474548)
(8.559061743 0 -6.100426952)
(2.111359654 0 -2.264332005)
(-0.7950528728 0 -0.6273189246)
(-0.6381451503 0 -0.7350642251)
(-0.3478675484 0 -0.7036570234)
(-0.00899347626 0 -0.4803402804)
(0.202238789 0 -0.2938352684)
(0.342738387 0 -0.1935571814)
(1.113105685 0 -0.4704973981)
(2.208417023 0 -0.9899806073)
(2.873046646 0 -1.339296366)
(3.129717171 0 -1.474261586)
(2.970699557 0 -1.291846808)
(4.455667626 0 -3.106520182)
(6.134009489 0 -4.247592716)
(7.896550093 0 -5.454873316)
(9.499040261 0 -6.553650487)
(10.84599702 0 -7.47640962)
(11.91129699 0 -8.204591873)
(12.71759213 0 -8.753363187)
(13.30954235 0 -9.152904558)
(13.73462293 0 -9.435229034)
(14.03270201 0 -9.627255934)
(14.23143701 0 -9.74818194)
(14.34390383 0 -9.809355433)
(14.36539552 0 -9.816428942)
(14.26838162 0 -9.761456202)
(13.97207208 0 -9.518556525)
(13.07739611 0 -8.781190384)
(10.79059028 0 -7.47021265)
(6.522081238 0 -4.834952865)
(0.6155856255 0 -1.175073268)
(-0.6322051733 0 -0.3287995515)
(-0.5751612144 0 -0.7157062239)
(-0.2862717616 0 -0.7330803006)
(0.08217063327 0 -0.5397450732)
(0.2871525058 0 -0.3233280208)
(0.4941217769 0 -0.2379109858)
(1.512491024 0 -0.6199273504)
(2.419364387 0 -1.050086671)
(2.917621064 0 -1.303625086)
(3.048096577 0 -1.35060832)
(2.72094291 0 -1.050177139)
(6.03121661 0 -4.185786155)
(7.582175199 0 -5.244184029)
(9.131946787 0 -6.305461949)
(10.46684199 0 -7.219429547)
(11.54489288 0 -7.956200626)
(12.37848943 0 -8.523764492)
(13.00361844 0 -8.946370731)
(13.4618367 0 -9.252036208)
(13.79011047 0 -9.465699554)
(14.01572782 0 -9.606026867)
(14.15353644 0 -9.683942823)
(14.20249495 0 -9.70098835)
(14.13776597 0 -9.645278258)
(13.8927042 0 -9.475949813)
(13.30688301 0 -9.062921235)
(11.95126192 0 -8.143726108)
(9.264601429 0 -6.496239469)
(5.267441313 0 -4.002029577)
(0.3491454272 0 0.9053930734)
(-0.2277647281 0 0.3332974529)
(-0.513783722 0 -0.6870810069)
(-0.2193279754 0 -0.7472764365)
(0.1549247011 0 -0.5871289514)
(0.3753105969 0 -0.3407908928)
(0.7625547766 0 -0.310205378)
(1.80427947 0 -0.7204534684)
(2.552242002 0 -1.068962984)
(2.920610235 0 -1.244162427)
(2.942131711 0 -1.216016019)
(2.580207117 0 -0.9026808593)
(7.246160172 0 -5.023509163)
(8.734013835 0 -6.037305728)
(10.08034372 0 -6.958245158)
(11.17632823 0 -7.706883915)
(12.03597117 0 -8.292222439)
(12.69176893 0 -8.736030118)
(13.18130231 0 -9.06361643)
(13.53898029 0 -9.298187052)
(13.79141479 0 -9.457880437)
(13.95467351 0 -9.554199339)
(14.03131576 0 -9.590361652)
(14.00405682 0 -9.55754616)
(13.82143587 0 -9.425975428)
(13.37282152 0 -9.126261567)
(12.45836331 0 -8.51920776)
(10.74330292 0 -7.387644357)
(7.855060156 0 -5.551460834)
(3.950191656 0 -3.01072596)
(0.3925778376 0 0.4535373938)
(-0.5533472051 0 -0.4862286143)
(-0.40369469 0 -0.6922516692)
(-0.1298592899 0 -0.7483055074)
(0.2334434091 0 -0.6212861375)
(0.4772175563 0 -0.3507237243)
(1.067416639 0 -0.4018454077)
(2.017563466 0 -0.7836778915)
(2.636414028 0 -1.063063362)
(2.900658261 0 -1.173710833)
(2.834275581 0 -1.085340397)
(2.514885546 0 -0.8127934233)
(9.695047472 0 -6.699896407)
(10.80577635 0 -7.457090501)
(11.6902951 0 -8.059100332)
(12.37471411 0 -8.522502526)
(12.8937736 0 -8.870593745)
(13.27983548 0 -9.125165607)
(13.55873632 0 -9.30377273)
(13.74734762 0 -9.418305605)
(13.8512155 0 -9.473688953)
(13.86010586 0 -9.465311928)
(13.7380813 0 -9.373210379)
(13.40567758 0 -9.150657083)
(12.72755416 0 -8.709148154)
(11.5437406 0 -7.916885388)
(9.640185264 0 -6.605028097)
(6.410647713 0 -4.513079152)
(2.358925508 0 -1.641241016)
(-0.021362389 0 0.04988445859)
(-0.4453043858 0 -0.4360286558)
(-0.2890292759 0 -0.6694158831)
(-0.01881779405 0 -0.7454458756)
(0.3287351461 0 -0.6423037035)
(0.6109100617 0 -0.3633172503)
(1.334453125 0 -0.4846330859)
(2.17650535 0 -0.8217858725)
(2.690905503 0 -1.044217741)
(2.876066066 0 -1.106718149)
(2.776050356 0 -1.00070564)
(2.572006204 0 -0.832482998)
(10.44553298 0 -7.218139355)
(11.34983322 0 -7.830602931)
(12.05558489 0 -8.308233879)
(12.600644 0 -8.67414182)
(13.01331006 0 -8.94724512)
(13.31787319 0 -9.143981886)
(13.53139047 0 -9.276221716)
(13.66156115 0 -9.350046893)
(13.70363202 0 -9.363925937)
(13.63421494 0 -9.305060667)
(13.39935855 0 -9.142406743)
(12.89973029 0 -8.816134369)
(12.00375282 0 -8.232799992)
(10.62408438 0 -7.287655135)
(8.586328847 0 -5.839513392)
(4.811804221 0 -3.371910601)
(1.2135982 0 -0.7506114069)
(-0.2857787319 0 -0.01968064291)
(-0.3386825853 0 -0.3879449613)
(-0.16552968 0 -0.6544963504)
(0.1129406275 0 -0.7392714706)
(0.4428177235 0 -0.6526171717)
(0.7765639204 0 -0.3861208865)
(1.554961344 0 -0.5512064387)
(2.300024592 0 -0.8446664422)
(2.730624363 0 -1.021619745)
(2.85977501 0 -1.051925637)
(2.757052031 0 -0.9505678163)
(2.628250717 0 -0.8516105015)
(11.05555769 0 -7.636321069)
(11.74416596 0 -8.100342803)
(12.30542694 0 -8.477198008)
(12.74063143 0 -8.765670552)
(13.06912948 0 -8.979012101)
(13.30668689 0 -9.128111123)
(13.46202404 0 -9.219503411)
(13.5340864 0 -9.25370073)
(13.50791526 0 -9.222596144)
(13.34736845 0 -9.104970718)
(12.98361037 0 -8.859476311)
(12.30685118 0 -8.417374257)
(11.19347396 0 -7.686746103)
(9.575450958 0 -6.580060948)
(7.246673638 0 -4.952546036)
(3.350924239 0 -2.360296846)
(-0.05237843551 0 0.06865315913)
(-0.1931649748 0 0.1167188813)
(-0.2330448965 0 -0.3691912928)
(-0.02715594116 0 -0.6520621222)
(0.2533336112 0 -0.7369656867)
(0.5721829393 0 -0.6568415845)
(0.9602904111 0 -0.4196435019)
(1.740241298 0 -0.6045930934)
(2.40149732 0 -0.8591967819)
(2.764225841 0 -1.000369051)
(2.855921346 0 -1.012107428)
(2.772316737 0 -0.9329265693)
(12.01279953 0 -8.284677098)
(12.46371663 0 -8.58263075)
(12.81289651 0 -8.809819907)
(13.07309369 0 -8.974334088)
(13.25246584 0 -9.082223439)
(13.35209396 0 -9.135147203)
(13.36249094 0 -9.128146904)
(13.25862194 0 -9.046380118)
(12.99232631 0 -8.860220118)
(12.48269013 0 -8.518973025)
(11.61248395 0 -7.946530818)
(10.252007 0 -7.048156835)
(8.300094889 0 -5.730229091)
(5.57368451 0 -3.863454144)
(2.126338501 0 -1.487645382)
(-0.1272827262 0 0.07450335973)
(-0.2274090408 0 -0.08308260024)
(-0.1345817344 0 -0.4169307368)
(0.1314913832 0 -0.6643848639)
(0.3998330032 0 -0.7400954092)
(0.7120574174 0 -0.6601571872)
(1.147747969 0 -0.4599199466)
(1.900291325 0 -0.6484922346)
(2.489091645 0 -0.8694323999)
(2.796092929 0 -0.982541138)
(2.861923474 0 -0.9839723193)
(2.79674188 0 -0.9268674007)
(12.18448593 0 -8.400939365)
(12.54963839 0 -8.637868785)
(12.83009179 0 -8.815518654)
(13.03254667 0 -8.938579257)
(13.15803256 0 -9.008652848)
(13.20070584 0 -9.022982483)
(13.14289499 0 -8.97115524)
(12.949868 0 -8.831554503)
(12.56231058 0 -8.566517015)
(11.88920122 0 -8.117122469)
(10.80649014 0 -7.400503579)
(9.17490116 0 -6.31642896)
(6.877154425 0 -4.768451938)
(3.87339216 0 -2.718499403)
(-0.2501384243 0 -0.8492420165)
(-0.9212441076 0 -1.436711363)
(-0.9153505283 0 -1.550025984)
(-0.6458564939 0 -1.34582302)
(0.3250498491 0 -0.6914427982)
(0.556000284 0 -0.7478982096)
(0.8585336366 0 -0.6656981351)
(1.329443578 0 -0.5027546177)
(2.040622719 0 -0.6851836467)
(2.566305175 0 -0.8771714702)
(2.827079921 0 -0.9684432308)
(2.875486387 0 -0.9664817099)
(12.56231672 0 -8.643639617)
(12.80199415 0 -8.789624009)
(12.951984 0 -8.874987363)
(13.02360826 0 -8.907924514)
(13.0049818 0 -8.881549872)
(12.87101965 0 -8.779934661)
(12.57632068 0 -8.57446927)
(12.05258607 0 -8.220451699)
(11.20074938 0 -7.652212839)
(9.893774971 0 -6.782759952)
(7.997742548 0 -5.514529437)
(5.410108497 0 -3.77389974)
(1.352513279 0 -1.66422615)
(-1.033099856 0 -1.640799462)
(-1.111765311 0 -1.839043634)
(-1.111188898 0 -1.861156251)
(-1.034645678 0 -1.754892277)
(-0.805030507 0 -1.508645981)
(0.740421399 0 -0.801803773)
(1.018790528 0 -0.6798218813)
(1.500309272 0 -0.5449560981)
(2.162824054 0 -0.7155850899)
(2.632638929 0 -0.8826007748)
(2.858022496 0 -0.9577621492)
(2.892291922 0 -0.9590391899)
(12.58407145 0 -8.65207598)
(12.73492289 0 -8.738330604)
(12.82244408 0 -8.790980416)
(12.81334012 0 -8.792884481)
(12.71749659 0 -8.707144202)
(12.54221767 0 -8.541459997)
(12.13403835 0 -8.272047564)
(11.46089257 0 -7.819706881)
(10.41974589 0 -7.124553672)
(8.888437284 0 -6.100994216)
(6.757663056 0 -4.669342762)
(3.82494784 0 -2.786108983)
(-0.6428645695 0 -1.445937755)
(-1.057127564 0 -1.847047951)
(-1.092959844 0 -1.983971398)
(-1.072972252 0 -1.986322076)
(-1.028067071 0 -1.891031633)
(-0.9666944218 0 -1.709142436)
(-0.8840861478 0 -1.432942033)
(1.036361464 0 -0.6644370187)
(1.714033623 0 -0.5951846823)
(2.273646156 0 -0.7414286041)
(2.688008139 0 -0.8861172599)
(2.88285909 0 -0.9514282822)
(12.63384353 0 -8.670424952)
(12.66330168 0 -8.709345044)
(12.60733255 0 -8.700125836)
(12.461035 0 -8.48721417)
(12.15634317 0 -8.230312029)
(11.62083497 0 -7.922268299)
(10.7880284 0 -7.363911785)
(9.553200675 0 -6.537642125)
(7.812007661 0 -5.368591041)
(5.517303088 0 -3.820202348)
(2.657683044 0 -1.964098661)
(-0.6158607607 0 -1.276025764)
(-0.8878745982 0 -1.812325383)
(-0.8917335462 0 -1.972786396)
(-0.8358766777 0 -1.98598347)
(-0.7708157511 0 -1.90280405)
(-0.7129784985 0 -1.739260295)
(-0.6726595141 0 -1.502578443)
(-0.6672244344 0 -1.208192663)
(-0.4580150738 0 0.1071902422)
(2.182991063 0 -0.879195553)
(2.758442433 0 -0.9010433536)
(12.50367127 0 -8.591124256)
(12.42389078 0 -8.527252684)
(12.21792501 0 -8.241025675)
(11.71108196 0 -7.920694718)
(11.03727577 0 -7.525338321)
(10.03822648 0 -6.855545247)
(8.612532158 0 -5.899077844)
(6.688525103 0 -4.602433504)
(4.30515988 0 -2.986661105)
(1.693943192 0 -1.215756352)
(0.1476074307 0 -0.1421051706)
(-0.4573080166 0 -1.477885804)
(-0.5484577389 0 -1.883949433)
(-0.5014767056 0 -1.958507616)
(-0.4345561809 0 -1.899494434)
(-0.3775136634 0 -1.744456021)
(-0.3345452666 0 -1.499826466)
(-0.2783529193 0 -1.15218405)
(-0.01416465068 0 -0.6441208553)
(0.70147536 0 0.9694407024)
(11.81133118 0 -7.974050125)
(11.20082323 0 -7.601921515)
(10.3874506 0 -7.084130372)
(9.218583405 0 -6.300043162)
(7.609967601 0 -5.218417977)
(5.532449698 0 -3.814352975)
(3.095124487 0 -2.155923725)
(0.1115842721 0 -0.06341289383)
(0.1846394862 0 -0.07377222684)
(0.4472161519 0 -0.1115791308)
(0.3353329998 0 -1.142860315)
(0.267268082 0 -1.697583348)
(0.2349413287 0 -1.8900605)
(0.1648361311 0 -1.883392866)
(0.05519030003 0 -1.776833895)
(-0.1086660851 0 -1.639281287)
(-0.3140116152 0 -1.53044751)
(10.67099263 0 -7.261871909)
(9.661438322 0 -6.593670938)
(8.335873461 0 -5.703235595)
(6.55578768 0 -4.504445987)
(4.337676885 0 -3.000875565)
(1.831269478 0 -1.282003267)
(0.1115877297 0 -0.03366047886)
(0.1799996782 0 -0.04680090397)
(0.4277249523 0 -0.01710192188)
(1.279281496 0 -0.1981763957)
(0.4874048761 0 -1.115643447)
(0.3942037241 0 -1.681513079)
(0.3860739293 0 -1.819307679)
(0.3375782173 0 -1.851606431)
(5.552081922 0 -3.824932831)
(3.074806623 0 -2.136756024)
(0.1687757601 0 -0.05734201263)
(0.1720684271 0 0.02397829202)
(0.1456093861 0 -0.007956885048)
(0.3545629818 0 -0.006642126999)
(1.31817526 0 -0.08491269984)
(0.7408889063 0 0.05425967009)
(0.5342813566 0 -1.193945611)
(-0.1811513558 0 -0.3068044382)
(-0.1966213924 0 -0.3157681616)
(-0.2136501522 0 -0.3167375012)
(-0.2287785736 0 -0.3091236298)
(-0.2347421052 0 -0.2916403663)
(-0.2330707229 0 -0.2647594185)
(-0.2035377486 0 -0.2345147168)
(-0.1655216411 0 -0.15647169)
(-0.1761400273 0 -0.1349968445)
(-0.1811968525 0 -0.1596497919)
(-0.208963993 0 -0.1715110544)
(-0.2275302647 0 -0.1392806016)
(-0.2566650356 0 -0.1836499187)
(-0.3372313619 0 -0.1310282819)
(-0.3825846092 0 -0.08925928535)
(-0.1576646389 0 0.09450845005)
(-0.624141466 0 -0.1141507344)
(-0.9432605675 0 -0.249268599)
(-0.3620926686 0 -0.09972394143)
(-0.2795696274 0 -0.07615179542)
(0.2074558531 0 -0.3052039218)
(-1.215126629 0 -0.5273459011)
(-5.129653765 0 -6.00517753)
(-0.0935980915 0 -0.2443079067)
(-0.1008891817 0 -0.254148893)
(-0.1111410922 0 -0.2706548265)
(-0.1258453091 0 -0.3030800625)
(-0.1345993589 0 -0.2796946903)
(-0.1396876353 0 -0.3278908801)
(-0.1519762909 0 -0.3480326149)
(-0.1680441482 0 -0.3136138531)
(16.09012331 0 -11.05443101)
(16.15716726 0 -11.04997959)
(16.14807398 0 -11.06950109)
(16.20101629 0 -11.05394626)
(16.26120975 0 -11.07211091)
(16.24567315 0 -11.11007674)
(0.474835302 0 -0.7909113638)
(0.0144898868 0 -1.546378911)
(-0.0632638095 0 -0.2548356176)
(-0.06191893796 0 -0.2558207263)
(-0.0646247182 0 -0.2632710814)
(-0.07691654762 0 -0.2472744369)
(-0.1968986983 0 0.3315158625)
(-1.348671766 0 0.6981298841)
(-1.324817098 0 0.6470306099)
(-1.084047609 0 0.7184080465)
(-0.03875496022 0 -0.3009521932)
(-0.03527263554 0 -0.2917281735)
(-0.04930852228 0 -0.2799366503)
(-0.03355451234 0 -0.2805753473)
(-0.03292751735 0 -0.2800411597)
(-0.04968112561 0 -0.2690626917)
(-1.068777328 0 0.87148031)
(-0.9066265338 0 0.9161939114)
(-0.9180804074 0 0.7908653252)
(-0.7717034572 0 0.9189951772)
(-0.6954869681 0 0.9279504087)
(-0.01187843204 0 -0.3510777902)
(-0.009488755234 0 -0.3365473666)
(-0.02751004185 0 -0.3270822927)
(-0.7218655987 0 1.42061655)
(-1.037442785 0 0.9852041947)
(0.03802755546 0 -0.4002758777)
(0.03960427085 0 -0.3851998119)
(0.01277428635 0 -0.3739866612)
(1.478333119 0 -1.53047677)
(0.7282849616 0 0.8386606663)
(0.08735526809 0 -0.4478039662)
(0.0858006051 0 -0.4272624266)
(0.09708152539 0 -0.3792685641)
(0.06817318872 0 -0.3806751909)
(1.304864335 0 -1.344772803)
(-0.1647350837 0 0.2702135887)
(-0.06183900325 0 0.5501446532)
(-0.1142027058 0 0.1631030636)
(0.150907982 0 -0.4885912657)
(0.1518819951 0 -0.4473153846)
(0.1150590806 0 -0.4578703543)
(-0.1272686888 0 0.0664350932)
(-0.104874031 0 0.07566538786)
(-0.0974465407 0 0.09146093982)
(0.2257211378 0 -0.5325580953)
(0.1833074911 0 -0.5152338004)
(-0.578038525 0 0.7076770772)
(0.3386355289 0 -0.5946321824)
(0.3619911174 0 -0.5542607242)
(0.2709341951 0 -0.546556178)
(0.2975105766 0 0.2879480793)
(0.2865406083 0 0.2667433115)
(0.4501263456 0 0.4082692471)
(0.5252556809 0 -0.6713308677)
(0.5296490637 0 -0.657300865)
(0.7348682925 0 -0.670319203)
(0.5057961601 0 -0.5857499518)
(2.785868329 0 -1.51798083)
(3.113739838 0 -1.729124622)
(0.3527511344 0 0.3210336477)
(3.247606515 0 -1.804058363)
(0.8438341573 0 -0.8062874632)
(0.6613956512 0 -0.7287881359)
(3.277612687 0 -1.744670061)
(1.511489374 0 -1.158806046)
(1.557922744 0 -1.18733136)
(1.133746419 0 -0.9467751976)
(3.273584829 0 -1.641172196)
(2.377067895 0 -0.600767795)
(2.38031286 0 -1.708915123)
(2.944231491 0 -2.076367959)
(2.249850706 0 -1.619321249)
(3.104615667 0 -1.427152292)
(2.280901421 0 -0.6130576945)
(2.312806798 0 -0.6014752669)
(3.677771584 0 -2.57720936)
(4.446173714 0 -3.09455421)
(3.673721905 0 -2.568179498)
(2.835451853 0 -1.160985616)
(2.276375656 0 -0.6478354993)
(2.269495889 0 -0.6288393169)
(5.258140677 0 -3.655404039)
(6.029662495 0 -4.180383876)
(5.243166214 0 -3.640376344)
(2.636292742 0 -0.9648041506)
(2.330599539 0 -0.6917126244)
(2.298184209 0 -0.6691144743)
(6.723065069 0 -4.661249965)
(7.416348071 0 -5.134587351)
(6.766194754 0 -4.686874834)
(2.544164176 0 -0.8562078678)
(2.406457651 0 -0.7342397305)
(2.368750983 0 -0.7142040537)
(8.486426391 0 -5.872231535)
(7.949152232 0 -5.503569451)
(2.541083731 0 -0.8217543182)
(2.438895012 0 -0.750290389)
(9.606260594 0 -6.64245036)
(9.076919433 0 -6.2783229)
(2.602909209 0 -0.8430802363)
(10.00075547 0 -6.915911872)
(10.75088946 0 -7.426747601)
(11.18662507 0 -7.722179607)
(10.92863768 0 -7.544063069)
(2.761457918 0 -0.9387198116)
(2.698222741 0 -0.8893643451)
(2.674930218 0 -0.8831108985)
(11.2932013 0 -7.801358806)
(11.58383871 0 -7.996497668)
(11.41104368 0 -7.876882477)
(2.779197667 0 -0.9236621775)
(2.740771228 0 -0.9003231534)
(2.721507353 0 -0.895451619)
(11.87729511 0 -8.197753771)
(11.73994662 0 -8.102106326)
(2.811704861 0 -0.9294308177)
(12.26113974 0 -8.453791885)
(12.41016434 0 -8.549168487)
(12.379302 0 -8.52866342)
(2.883470002 0 -0.9595378531)
(2.865863404 0 -0.948872376)
(2.854941006 0 -0.9481909496)
(12.43704924 0 -8.565871891)
(12.57464109 0 -8.648473776)
(12.68516565 0 -8.715416116)
(12.69793169 0 -8.726611013)
(2.867975611 0 -0.9536574843)
(2.900679699 0 -0.9607729852)
(2.894156322 0 -0.9626130894)
(12.63229331 0 -8.674435457)
(12.65507669 0 -8.692344724)
(2.885239769 0 -0.9486811522)
(2.905776697 0 -0.9591163157)
(12.58978814 0 -8.644786047)
(12.64666138 0 -8.682753183)
(2.768748906 0 -0.9379058445)
(2.836047179 0 -0.9271845441)
(12.37539985 0 -8.48807057)
(12.46133084 0 -8.566607521)
(12.29187787 0 -8.407460382)
(12.17579789 0 -8.276390208)
(12.34849111 0 -8.417551585)
(-0.535069532 0 -0.7752200548)
(-0.8580228741 0 -0.07713386998)
(0.1545767602 0 -0.800562634)
(0.5733064035 0 0.7489249751)
(2.535414683 0 -0.498218511)
(12.02152022 0 -8.160222028)
(11.61919093 0 -7.855451576)
(11.29985861 0 -7.645899724)
(11.54579552 0 -7.787797967)
(0.1483480964 0 -1.772145016)
(0.07417527717 0 -1.728851091)
(-0.2135981013 0 -1.594126887)
(10.21632589 0 -6.965046286)
(9.365514912 0 -6.393876266)
(8.683160357 0 -5.935383171)
(9.061006288 0 -6.190196951)
(7.891630803 0 -5.404646558)
(6.976449419 0 -4.788561868)
(7.503594823 0 -5.143637134)
(0.4729197605 0 -1.44222917)
(0.4328172359 0 -1.606777208)
(0.3878619745 0 -1.770407302)
(0.4146936612 0 -1.72286564)
(0.4037634035 0 -1.80509089)
(0.3741576671 0 -1.841060742)
(0.2997174988 0 -1.8484617)
(6.602095845 0 -4.535457164)
(4.364159919 0 -3.018853667)
(0.8226122041 0 -0.5364602851)
(1.626379054 0 -1.127037104)
(0.1908300235 0 -0.05026026829)
(0.2895714867 0 -0.05633341746)
(0.2053431911 0 -0.04587487113)
(0.2153100456 0 0.0578361647)
(0.1341486949 0 0.01560420317)
(0.1307276966 0 0.002514438446)
(0.1287416484 0 0.002565411456)
(0.2171012434 0 -0.0596443012)
(0.2470056537 0 -0.08663741675)
(0.3192067237 0 -0.004093653283)
(0.6743161417 0 -0.0791540648)
(0.7527557604 0 -0.09173290147)
(1.16904171 0 -0.07498844417)
(1.377673527 0 -0.02747903873)
(0.4661329623 0 -0.5532919495)
(-0.1621865224 0 -0.3614670265)
(-0.1719099248 0 -0.3686657434)
(-0.2013280346 0 -0.3448446721)
(-0.1094246263 0 -0.4095013288)
(0.8837753331 0 -1.091918993)
(-0.2324306178 0 -0.3440479348)
(1.726308856 0 -1.575369468)
(2.062821898 0 -1.476621185)
(-0.1493963245 0 -0.1740551557)
(3.869648296 0 -2.673214291)
(6.672483195 0 -4.596312044)
(2.155436156 0 -1.507733471)
(9.592869995 0 -6.605547894)
(12.04594312 0 -8.293970388)
(7.783705239 0 -5.362773148)
(13.78842224 0 -9.493294173)
(14.85569498 0 -10.22780162)
(13.56273477 0 -9.343062716)
(15.44770676 0 -10.63512765)
(15.76379939 0 -10.85239323)
(15.55603317 0 -10.71710216)
(15.93116883 0 -10.96645417)
(16.02533012 0 -11.02617713)
(16.00936387 0 -11.03031237)
(-0.06960992982 0 -0.2775721799)
(-0.07635908175 0 -0.2990897609)
(-0.09024395484 0 -0.2763551513)
(-0.08270826808 0 -0.3253377564)
(-0.08669794377 0 -0.3520634866)
(-0.1112430598 0 -0.3279309667)
(-0.08327904703 0 -0.3744867284)
(0.02764809394 0 -0.4241412681)
(-0.1233218265 0 -0.3687019124)
(0.7497322601 0 -0.7346027421)
(1.213638582 0 -0.9442632162)
(0.3232984368 0 -0.6133258032)
(2.033615181 0 -1.431596039)
(3.6828561 0 -2.546616184)
(1.603610874 0 -1.197711602)
(5.949085599 0 -4.099201193)
(8.384678917 0 -5.772727857)
(5.165665225 0 -3.561579252)
(10.60187209 0 -7.297671778)
(12.39379979 0 -8.530304372)
(10.29941396 0 -7.090384554)
(13.70615827 0 -9.432953392)
(14.59492599 0 -10.04408283)
(13.7928272 0 -9.493951249)
(15.16279513 0 -10.43427907)
(15.5124876 0 -10.67396672)
(15.31315392 0 -10.53953287)
(15.7262101 0 -10.81907617)
(15.8603913 0 -10.90709335)
(15.83413993 0 -10.89573195)
(15.95045862 0 -10.9598091)
(16.01846458 0 -10.98824573)
(16.02501977 0 -11.0111157)
(16.07707091 0 -10.99691901)
(16.12958155 0 -10.99002136)
(16.1481224 0 -11.02209286)
(16.15893624 0 -10.99034148)
(16.19086711 0 -11.00245086)
(16.23517844 0 -11.04045816)
(0.4833484106 0 -4.44040347)
(0.9418310278 0 -4.676548484)
(1.421996825 0 -6.239357831)
(-0.03183726753 0 -0.2881275035)
(-0.02912658412 0 -0.3054111727)
(-0.0502184647 0 -0.2817099301)
(-0.0241263482 0 -0.3286305887)
(-0.007413866005 0 -0.3522820188)
(-0.05377281346 0 -0.3259588821)
(0.08544140725 0 -0.380900261)
(0.5938291099 0 -0.5630996833)
(-0.0265736976 0 -0.3766926829)
(1.043513588 0 -0.7899067271)
(1.681097701 0 -1.182689892)
(0.9496193259 0 -0.7676220543)
(2.922915985 0 -2.02231695)
(4.709177407 0 -3.24602319)
(2.506764095 0 -1.742290836)
(6.783855096 0 -4.671562743)
(8.862347369 0 -6.100739617)
(6.456775299 0 -4.447233334)
(10.72235639 0 -7.379817281)
(12.2458241 0 -8.427409554)
(10.71371964 0 -7.374139693)
(13.40937082 0 -9.227349861)
(14.2500461 0 -9.805059039)
(13.57121324 0 -9.339248975)
(14.83194171 0 -10.20453671)
(15.22328892 0 -10.47249161)
(15.00164019 0 -10.32216598)
(15.48323137 0 -10.64912528)
(15.65707269 0 -10.76474382)
(15.60902898 0 -10.73682588)
(15.77681021 0 -10.84003093)
(15.86374969 0 -10.88785062)
(15.86747477 0 -10.90249077)
(15.93128436 0 -10.91547085)
(15.98675824 0 -10.92690905)
(16.00600019 0 -10.95969322)
(16.03169349 0 -10.92545881)
(16.06064964 0 -10.91633252)
(16.10101007 0 -10.95502962)
(16.05883092 0 -10.9067846)
(16.01728467 0 -10.88020267)
(16.12198807 0 -10.95235095)
(0.6494986265 0 -2.944665068)
(0.8171762285 0 -2.12166405)
(0.8403738504 0 -3.163428529)
(0.07666299801 0 -0.03556079954)
(-1.307459381 0 0.7752773511)
(-1.408105893 0 0.7659980345)
(-0.002653888831 0 -0.3122423939)
(0.003692864372 0 -0.3021120854)
(-0.01972186782 0 -0.2949991452)
(0.0135817959 0 -0.3007010318)
(0.02710717588 0 -0.3089515306)
(-0.01187396878 0 -0.2939873887)
(0.0499519933 0 -0.3225702285)
(0.1159023226 0 -0.3403772248)
(0.01436769845 0 -0.3269940505)
(0.4282735628 0 -0.4427156453)
(0.8697254877 0 -0.6603063006)
(0.246501339 0 -0.3982410813)
(1.300997844 0 -0.9235135213)
(2.163913568 0 -1.501951814)
(1.162300637 0 -0.8442903906)
(3.51853469 0 -2.427801658)
(5.23176312 0 -3.604341125)
(3.259189473 0 -2.250590475)
(7.102311252 0 -4.890351744)
(8.933087516 0 -6.149278592)
(6.987035297 0 -4.811093279)
(10.57687575 0 -7.279582089)
(11.95337173 0 -8.225918532)
(10.66988232 0 -7.343583262)
(13.04311518 0 -8.97487115)
(13.86851562 0 -9.541828744)
(13.23150228 0 -9.104644082)
(14.47283652 0 -9.956468643)
(14.9045921 0 -10.25197688)
(14.65520959 0 -10.08233635)
(15.20868506 0 -10.45889255)
(15.42237329 0 -10.60227106)
(15.3495451 0 -10.55634174)
(15.57421263 0 -10.70092574)
(15.68480808 0 -10.76798489)
(15.67895032 0 -10.77278136)
(15.76824113 0 -10.81204483)
(15.83340667 0 -10.83845432)
(15.85213721 0 -10.86598958)
(15.88485681 0 -10.85052116)
(15.92293022 0 -10.85049444)
(15.9595545 0 -10.89056877)
(15.94281235 0 -10.83977592)
(15.93111158 0 -10.81651221)
(16.00557931 0 -10.87148838)
(15.85337638 0 -10.76396004)
(15.60333876 0 -10.59985952)
(15.8556873 0 -10.77059042)
(0.7591648076 0 -1.805535712)
(0.7613124978 0 -1.1954425)
(0.8597613936 0 -1.629825694)
(-0.4842701662 0 -0.7353544068)
(-0.6889200064 0 0.7254197859)
(-1.20464276 0 0.8197219411)
(-0.6935151857 0 1.091867001)
(-0.7319181828 0 1.306534394)
(-0.8539683185 0 1.073597638)
(-0.7488047533 0 1.430635174)
(-0.7495647901 0 1.459683559)
(-0.6637309692 0 1.068901946)
(0.04694922568 0 -0.3513978553)
(0.05252096877 0 -0.3295621692)
(0.02405973775 0 -0.3297864248)
(0.06347562336 0 -0.3149121496)
(0.08269754963 0 -0.3111217615)
(0.04073545248 0 -0.3065136621)
(0.1304428858 0 -0.3208758121)
(0.3044298605 0 -0.373038139)
(0.08731116336 0 -0.3194484401)
(0.6762848173 0 -0.5367380681)
(1.003425016 0 -0.7266057818)
(0.5808585098 0 -0.4962911983)
(1.556321802 0 -1.088167771)
(2.511588556 0 -1.737192224)
(1.434940489 0 -1.008319186)
(3.852773343 0 -2.656905359)
(5.454048691 0 -3.757337361)
(3.712549208 0 -2.560704825)
(7.156621741 0 -4.928006511)
(8.813023166 0 -6.067017105)
(7.15331695 0 -4.925524998)
(10.31395315 0 -7.098991337)
(11.59758932 0 -7.981343109)
(10.45566013 0 -7.19628649)
(12.64482952 0 -8.700918716)
(13.46749383 0 -9.265825771)
(12.84698921 0 -8.839911297)
(14.09495183 0 -9.696202243)
(14.56335761 0 -10.01677649)
(14.2858825 0 -9.827626912)
(14.90819654 0 -10.25170421)
(15.16048767 0 -10.42192516)
(15.06134959 0 -10.35720792)
(15.34543015 0 -10.54421803)
(15.48244611 0 -10.63125637)
(15.4629232 0 -10.62466289)
(15.58575017 0 -10.69209408)
(15.66513464 0 -10.73289346)
(15.67946235 0 -10.75401039)
(15.72667579 0 -10.75769142)
(15.77310273 0 -10.76899756)
(15.80732959 0 -10.80605105)
(15.80366478 0 -10.76803198)
(15.81298185 0 -10.75410243)
(15.87496267 0 -10.80564654)
(15.78724503 0 -10.72171515)
(15.69163614 0 -10.65096067)
(15.83006151 0 -10.74568686)
(15.42307227 0 -10.47294291)
(14.5832605 0 -9.909084611)
(15.20849085 0 -10.33254403)
(0.4177441846 0 -0.6621210726)
(0.3987536099 0 -0.4386351415)
(0.470865393 0 -0.7069862674)
(0.5638235905 0 -0.609189941)
(0.7401735965 0 -0.8002932858)
(0.4723583184 0 -0.5105976452)
(0.9233493428 0 -0.9986056773)
(1.0854871 0 -1.172892216)
(0.9518719107 0 -1.03397781)
(1.2164787 0 -1.311784072)
(1.314669945 0 -1.412519889)
(1.299527735 0 -1.410760191)
(1.385280269 0 -1.479278918)
(1.4362244 0 -1.517963265)
(1.448916095 0 -1.564606741)
(0.1107465654 0 -0.3496312742)
(0.1416361416 0 -0.3334013216)
(0.08630079473 0 -0.3290199618)
(0.2319966292 0 -0.3456894642)
(0.4673246435 0 -0.4293511395)
(0.1797139901 0 -0.329939037)
(0.7738090513 0 -0.584514169)
(1.134534101 0 -0.8067420491)
(0.7329080232 0 -0.5634078215)
(1.751433917 0 -1.218894197)
(2.722561126 0 -1.881727329)
(1.662591149 0 -1.159015988)
(4.007240302 0 -2.763436415)
(5.496747371 0 -3.787282287)
(3.948475281 0 -2.722769969)
(7.063009627 0 -4.864286013)
(8.589268199 0 -5.913767621)
(7.123769848 0 -4.905707903)
(9.988093231 0 -6.875456472)
(11.20738506 0 -7.71347383)
(10.15687679 0 -6.991209705)
(12.22731244 0 -8.414164917)
(13.05240829 0 -8.980630047)
(12.43799094 0 -8.558813776)
(13.70243111 0 -9.426410844)
(14.20437806 0 -9.769971442)
(13.9003687 0 -9.562399771)
(14.58664499 0 -10.03065909)
(14.87547898 0 -10.22624467)
(14.74981879 0 -10.14276267)
(15.09326207 0 -10.37173462)
(15.25802858 0 -10.47905485)
(15.22209082 0 -10.45982865)
(15.38365546 0 -10.55723696)
(15.48035177 0 -10.61285814)
(15.48712155 0 -10.62645283)
(15.55510792 0 -10.65050266)
(15.61203513 0 -10.67318644)
(15.64265761 0 -10.70577195)
(15.65248044 0 -10.68260953)
(15.67464495 0 -10.67899523)
(15.72946201 0 -10.72695166)
(15.6722042 0 -10.66009774)
(15.63034612 0 -10.61822477)
(15.73321837 0 -10.69297488)
(15.51420604 0 -10.53184528)
(15.2314629 0 -10.33945643)
(15.49987458 0 -10.52094254)
(14.48722372 0 -9.840151646)
(12.00848211 0 -8.16934135)
(13.58511971 0 -9.233199303)
(0.6041178189 0 -0.6571794591)
(0.7085985068 0 -0.7644701076)
(0.585626513 0 -0.6358471086)
(0.8319751608 0 -0.8933602266)
(0.9478997997 0 -1.018284961)
(0.8783614632 0 -0.9471002272)
(1.052413001 0 -1.127728641)
(1.140567509 0 -1.217786111)
(1.132718101 0 -1.216803095)
(1.211344164 0 -1.287141795)
(1.264999206 0 -1.336000345)
(1.301056735 0 -1.384786974)
(1.301704719 0 -1.364799067)
(1.319048965 0 -1.371680794)
(1.394932319 0 -1.458699045)
(0.1659244615 0 -0.4071867576)
(0.2085690167 0 -0.3800941296)
(0.1367301309 0 -0.3761797238)
(0.3225010349 0 -0.3901657929)
(0.5510773324 0 -0.4727557974)
(0.2799157136 0 -0.3660410446)
(0.8417225304 0 -0.6257571179)
(1.236237885 0 -0.8746673735)
(0.8091165892 0 -0.6047938611)
(1.876460927 0 -1.30465897)
(2.824261203 0 -1.952248296)
(1.822092286 0 -1.267089757)
(4.038156957 0 -2.785578341)
(5.425399511 0 -3.739167086)
(4.035242479 0 -2.783077353)
(6.879675918 0 -4.739147599)
(8.304243086 0 -5.718663563)
(6.980117056 0 -4.807714805)
(9.625290973 0 -6.62681914)
(10.79651546 0 -7.431722248)
(9.810244793 0 -6.753544816)
(11.79720961 0 -8.119118171)
(12.62669391 0 -8.688525674)
(12.01352694 0 -8.267469442)
(13.29768777 0 -9.148656126)
(13.83028432 0 -9.513251266)
(13.50144258 0 -9.288433779)
(14.24721361 0 -9.797808876)
(14.57066282 0 -10.01738338)
(14.41900411 0 -9.915605464)
(14.82048596 0 -10.18534921)
(15.01336052 0 -10.31283088)
(14.95929759 0 -10.28017575)
(15.16267976 0 -10.40866113)
(15.27873965 0 -10.47957042)
(15.27546151 0 -10.48459105)
(15.36904244 0 -10.53048923)
(15.43859443 0 -10.56486552)
(15.46391907 0 -10.59203298)
(15.49004565 0 -10.58487403)
(15.52359022 0 -10.59143133)
(15.57269685 0 -10.63519934)
(15.53641398 0 -10.58381747)
(15.52110648 0 -10.55848926)
(15.60626386 0 -10.62358887)
(15.46164755 0 -10.50613072)
(15.32283637 0 -10.40416941)
(15.49695076 0 -10.52439137)
(15.02025821 0 -10.19612624)
(14.32335078 0 -9.72583615)
(14.85377378 0 -10.0842791)
(12.48949257 0 -8.490936441)
(7.001439854 0 -4.80580168)
(9.730390377 0 -6.644175477)
(0.7513623243 0 -0.6663828807)
(0.8295413421 0 -0.7497154991)
(0.7829760395 0 -0.8459794772)
(0.9069965268 0 -0.9682486698)
(0.9816287625 0 -1.043374538)
(0.9781684671 0 -1.046190426)
(1.040026728 0 -1.103743643)
(1.085703257 0 -1.146373272)
(1.123198955 0 -1.19223139)
(1.115483431 0 -1.172016161)
(1.125884461 0 -1.176919378)
(1.206817399 0 -1.267009624)
(1.109271265 0 -1.153836123)
(1.046709084 0 -1.08379726)
(1.203592472 0 -1.248037511)
(0.881561675 0 -0.9085785392)
(-0.247122082 0 0.05774182554)
(-0.3392931397 0 0.1011261783)
(0.2336600752 0 -0.4886399747)
(0.2827584943 0 -0.4470187003)
(0.1990951632 0 -0.4411841873)
(0.4011786321 0 -0.4492919056)
(0.6149218794 0 -0.5209021212)
(0.3625036932 0 -0.4178859922)
(0.9049765503 0 -0.672482387)
(1.316424125 0 -0.9317737995)
(0.8732497555 0 -0.6481449082)
(1.950933212 0 -1.357505345)
(2.854223674 0 -1.974328475)
(1.918331045 0 -1.334063615)
(3.991310382 0 -2.754715254)
(5.283891539 0 -3.643129534)
(4.021620091 0 -2.774820621)
(6.641863848 0 -4.576831712)
(7.982323112 0 -5.49846598)
(6.765674974 0 -4.66132637)
(9.240345997 0 -6.363241311)
(10.37313597 0 -7.141672837)
(9.43480128 0 -6.496357938)
(11.35895498 0 -7.818793433)
(12.19312734 0 -8.39137544)
(11.57887042 0 -7.969458184)
(12.88304427 0 -8.864474877)
(13.44340596 0 -9.248143773)
(13.09145875 0 -9.007272032)
(13.89232491 0 -9.554737954)
(14.24848159 0 -9.796952084)
(14.07155483 0 -9.677453969)
(14.52935832 0 -9.986601507)
(14.75026916 0 -10.13396074)
(14.67708913 0 -10.08743387)
(14.9239792 0 -10.24752191)
(15.06069444 0 -10.33402565)
(15.04547029 0 -10.32959476)
(15.16820316 0 -10.39861682)
(15.25209317 0 -10.44506635)
(15.27046387 0 -10.46598237)
(15.31588648 0 -10.47594273)
(15.36105958 0 -10.49268889)
(15.40445868 0 -10.53175421)
(15.38680257 0 -10.49548328)
(15.3892995 0 -10.48271424)
(15.4631685 0 -10.54104881)
(15.35999493 0 -10.44968963)
(15.28154682 0 -10.38572512)
(15.41483089 0 -10.48059703)
(15.11808423 0 -10.26735489)
(14.79017854 0 -10.04126886)
(15.09377729 0 -10.2476056)
(14.10477089 0 -9.577032804)
(12.54369336 0 -8.525424331)
(13.57800891 0 -9.222296474)
(8.743279063 0 -5.976551449)
(2.339061844 0 -1.735206467)
(4.280809309 0 -2.984508257)
(0.8441126197 0 -0.7705324959)
(0.85375728 0 -0.777549773)
(0.8523808051 0 -0.7338586302)
(0.8967100147 0 -0.9468714364)
(0.9292940251 0 -0.9803598738)
(0.963783898 0 -1.01980376)
(0.9524811417 0 -1.00256797)
(0.9587884389 0 -1.004115359)
(1.030340355 0 -1.083034297)
(0.9440086649 0 -0.9849858841)
(0.8999809302 0 -0.9359942034)
(1.022663273 0 -1.065757448)
(0.8118027584 0 -0.8420430312)
(0.6512826759 0 -0.6741353885)
(0.856077132 0 -0.8859433873)
(0.3713861686 0 -0.3841428361)
(-0.1532697382 0 0.04357605142)
(-0.1619104792 0 0.04592973204)
(-0.1042536336 0 0.05552966959)
(-0.3621593327 0 -0.02400706771)
(-0.2408735238 0 0.0159143618)
(0.473002306 0 -0.5293036789)
(0.6791917053 0 -0.5827587111)
(0.438381025 0 -0.4853781874)
(0.9712230559 0 -0.7278034323)
(1.384029186 0 -0.9838615327)
(0.9380287629 0 -0.6992026457)
(1.996422881 0 -1.392247289)
(2.845970145 0 -1.971057049)
(1.976313196 0 -1.376435079)
(3.905096145 0 -2.697329114)
(5.108348847 0 -3.524071785)
(3.951386244 0 -2.728132736)
(6.37876452 0 -4.397442498)
(7.644148833 0 -5.267384532)
(6.511982256 0 -4.488240932)
(8.846289935 0 -6.093689576)
(9.9448384 0 -6.848539878)
(9.043576417 0 -6.22860582)
(10.91696581 0 -7.516211827)
(11.75466524 0 -8.09118632)
(11.13807346 0 -7.66754191)
(12.46097084 0 -8.575528908)
(13.04613789 0 -8.976249002)
(12.67275332 0 -8.72047326)
(13.524335 0 -9.303014813)
(13.91115288 0 -9.566433012)
(13.70982174 0 -9.429859923)
(14.22186355 0 -9.776848836)
(14.470392 0 -9.943642362)
(14.37753203 0 -9.883015355)
(14.66876881 0 -10.07486491)
(14.82694404 0 -10.17713613)
(14.79836211 0 -10.16257174)
(14.95281688 0 -10.25570218)
(15.05234799 0 -10.31456196)
(15.06230363 0 -10.32849296)
(15.12967181 0 -10.35659917)
(15.18714675 0 -10.38366608)
(15.22429556 0 -10.41753004)
(15.22526131 0 -10.39655028)
(15.2422811 0 -10.39473034)
(15.3074693 0 -10.44727554)
(15.23340217 0 -10.37575142)
(15.1889016 0 -10.33387518)
(15.29912228 0 -10.4145117)
(15.09012255 0 -10.25723879)
(14.90056212 0 -10.12172226)
(15.11341423 0 -10.26837553)
(14.5450758 0 -9.876884381)
(13.85912137 0 -9.411993522)
(14.38731391 0 -9.768502129)
(12.46407696 0 -8.473467077)
(9.537950625 0 -6.517935604)
(11.17951957 0 -7.611251804)
(4.409113248 0 -3.13488788)
(0.9838251787 0 -0.9380493034)
(1.36616101 0 -1.155293784)
(0.8199476797 0 -0.8263484073)
(0.8046590056 0 -0.8177317183)
(0.8360807924 0 -0.8148189125)
(0.8221003555 0 -0.8632261364)
(0.8219731736 0 -0.8618236336)
(0.881374452 0 -0.9270552909)
(0.8096281904 0 -0.8462744119)
(0.7760978544 0 -0.8087140339)
(0.873056484 0 -0.911692401)
(0.7158965798 0 -0.7444219944)
(0.6203885567 0 -0.6442844117)
(0.7629979117 0 -0.7926043532)
(0.4793772138 0 -0.4979989285)
(0.2883270861 0 -0.3038541849)
(0.453254209 0 -0.4698904742)
(-0.04492195471 0 -0.05966641874)
(-0.08562184365 0 0.1190459289)
(-0.1474452558 0 0.04869997347)
(-0.06185567657 0 0.1334822922)
(-0.05379745455 0 0.1294094637)
(-0.07802349418 0 0.09172936152)
(1.032411253 0 -0.7927890774)
(1.444679836 0 -1.036003235)
(1.002474563 0 -0.7580983169)
(2.027919688 0 -1.419688624)
(2.820313966 0 -1.957123456)
(2.01275102 0 -1.406020436)
(3.803703883 0 -2.630278722)
(4.923134367 0 -3.398875212)
(3.855063249 0 -2.664142599)
(6.112051368 0 -4.215960133)
(7.307179744 0 -5.03746977)
(6.244758045 0 -4.306198691)
(8.456134257 0 -5.82713561)
(9.52077777 0 -6.558629629)
(8.649937366 0 -5.959494131)
(10.47758849 0 -7.215737136)
(11.31587049 0 -7.791085555)
(10.69651839 0 -7.365413154)
(12.03501375 0 -8.284237301)
(12.64143406 0 -8.699571322)
(12.24820211 0 -8.429987292)
(13.14584004 0 -9.04439422)
(13.56097672 0 -9.327382345)
(13.33620427 0 -9.174432943)
(13.89999989 0 -9.557461368)
(14.1753908 0 -9.743061966)
(14.06259898 0 -9.66827085)
(14.39832369 0 -9.891693523)
(14.57836212 0 -10.00975174)
(14.53536609 0 -9.984529671)
(14.72336526 0 -10.10247971)
(14.83951122 0 -10.17401769)
(14.83980944 0 -10.18033435)
(14.93135699 0 -10.22748383)
(15.00188979 0 -10.26504927)
(15.03201525 0 -10.29322668)
(15.05249956 0 -10.28795114)
(15.08279514 0 -10.29637974)
(15.140239 0 -10.34341224)
(15.09017521 0 -10.28916084)
(15.0689204 0 -10.26306923)
(15.1635808 0 -10.33386393)
(15.00830428 0 -10.21147754)
(14.88868029 0 -10.12169451)
(15.0539513 0 -10.23756154)
(14.67381211 0 -9.969656575)
(14.2945228 0 -9.708955116)
(14.63156218 0 -9.93794755)
(13.6142265 0 -9.247888949)
(12.35988938 0 -8.404036546)
(13.1854878 0 -8.958563833)
(10.02401734 0 -6.842182515)
(6.053363837 0 -4.212106683)
(7.768226041 0 -5.345351855)
(1.805206184 0 -1.447091456)
(0.7288905787 0 -0.7582061418)
(0.8201632175 0 -0.8328774133)
(0.7224789985 0 -0.7505679026)
(0.7152634617 0 -0.7408766048)
(0.7636476165 0 -0.7891107594)
(0.7040821308 0 -0.7342687478)
(0.6764916445 0 -0.705132777)
(0.7528551801 0 -0.787028923)
(0.6318418456 0 -0.6573450313)
(0.5657734502 0 -0.5876551214)
(0.6720721681 0 -0.6992306853)
(0.4755156319 0 -0.4931601731)
(0.3630816907 0 -0.3751430398)
(0.4837235889 0 -0.5020635263)
(0.2732086203 0 -0.2753741606)
(0.5460472037 0 -0.5448322321)
(0.2118346081 0 -0.2094658571)
(1.207432866 0 -1.273155935)
(1.339547955 0 -1.330381658)
(-0.0620529578 0 0.1578027031)
(1.306461685 0 -0.8680739325)
(2.111041248 0 -1.114074822)
(-0.04640825764 0 0.1488517208)
(1.083134932 0 -0.8867220854)
(1.505422009 0 -1.10143902)
(1.063391024 0 -0.8360888841)
(2.067044337 0 -1.456889085)
(2.803727178 0 -1.951412751)
(2.045657476 0 -1.436145677)
(3.711720667 0 -2.570854977)
(4.749334452 0 -3.282277208)
(3.754530351 0 -2.598202982)
(5.85963041 0 -4.044836171)
(6.986386289 0 -4.819097471)
(5.982807535 0 -4.128233831)
(8.082008881 0 -5.571969937)
(9.110576656 0 -6.278589151)
(8.266291208 0 -5.697590979)
(10.04836565 0 -6.922573127)
(10.88269397 0 -7.495172124)
(10.26119102 0 -7.067884246)
(11.60996546 0 -7.993893601)
(12.23327717 0 -8.420840125)
(11.82202309 0 -8.138703802)
(12.76018277 0 -8.781161381)
(13.20076111 0 -9.081719686)
(12.95367371 0 -8.913194283)
(13.56606439 0 -9.33002039)
(13.86709437 0 -9.533508604)
(13.73438207 0 -9.444637736)
(14.11405503 0 -9.699060863)
(14.31598059 0 -9.832740668)
(14.25781482 0 -9.796485234)
(14.48053557 0 -9.939678203)
(14.61396223 0 -10.02405776)
(14.60357163 0 -10.022228)
(14.72108882 0 -10.08915274)
(14.80535187 0 -10.13737522)
(14.82768557 0 -10.15942351)
(14.86877955 0 -10.17030137)
(14.91189386 0 -10.18862775)
(14.96196745 0 -10.23020698)
(14.93351661 0 -10.19200664)
(14.93038232 0 -10.1786803)
(15.01344072 0 -10.24188022)
(14.89609494 0 -10.14475516)
(14.81869126 0 -10.08277109)
(14.95530842 0 -10.18033304)
(14.67728308 0 -9.979184319)
(14.4357424 0 -9.809670715)
(14.68646001 0 -9.981682251)
(14.02718207 0 -9.529532088)
(13.32686578 0 -9.055137448)
(13.87592119 0 -9.425551628)
(12.10651275 0 -8.234285284)
(10.00021511 0 -6.826369755)
(11.37419936 0 -7.742603706)
(6.63166508 0 -4.598021115)
(2.572581094 0 -1.978146073)
(4.504824232 0 -3.181296728)
(0.6020000987 0 -0.7588824475)
(0.6010482151 0 -0.6911095906)
(0.6899567667 0 -0.7024630346)
(0.6624049029 0 -0.6665421392)
(0.6257927148 0 -0.6269176971)
(0.6630205327 0 -0.6828508351)
(0.5808236414 0 -0.5848145493)
(0.5238280184 0 -0.5298640945)
(0.5959975724 0 -0.618990682)
(0.454117336 0 -0.4598012415)
(0.3728315538 0 -0.3748436802)
(0.4625219362 0 -0.47843916)
(0.2946025653 0 -0.2853742339)
(0.2817838597 0 -0.2438899128)
(0.2842483699 0 -0.2806839069)
(0.415116398 0 -0.3290736121)
(0.6049245379 0 -0.443146567)
(0.6475756433 0 -0.566212347)
(0.9636543002 0 -0.537083144)
(1.673143426 0 -0.8423812183)
(1.205045959 0 -0.6961877828)
(2.322743824 0 -1.179300058)
(2.792127145 0 -1.44180495)
(2.58979179 0 -1.357576112)
(3.07882 0 -1.61572696)
(3.221613405 0 -1.708840236)
(3.190036537 0 -1.728151299)
(2.149268804 0 -1.536186372)
(2.835316897 0 -1.983128276)
(2.094361802 0 -1.484722652)
(3.666231922 0 -2.545324109)
(4.617323648 0 -3.195545616)
(3.679698946 0 -2.551385988)
(5.644389167 0 -3.90004402)
(6.698754392 0 -4.624090739)
(5.745589728 0 -3.967910577)
(7.736886192 0 -5.337198731)
(8.724539724 0 -6.015557557)
(7.904944307 0 -5.451423951)
(9.637731512 0 -6.642553685)
(10.46216338 0 -7.208300447)
(9.840179784 0 -6.780542524)
(11.19170694 0 -7.70855474)
(11.82657619 0 -8.143437329)
(11.39960149 0 -7.850331775)
(12.37144807 0 -8.516127565)
(12.8338589 0 -8.831753495)
(12.56592061 0 -8.648676733)
(13.22280427 0 -9.096425706)
(13.54770182 0 -9.316524414)
(13.39541028 0 -9.213860926)
(13.81766694 0 -9.498206537)
(14.0410541 0 -9.647101515)
(13.96725517 0 -9.599574991)
(14.22516521 0 -9.768135809)
(14.37611119 0 -9.865490029)
(14.35432706 0 -9.854926904)
(14.49869893 0 -9.942636247)
(14.59625315 0 -10.00246119)
(14.61113892 0 -10.01670205)
(14.67024716 0 -10.04745588)
(14.71965396 0 -10.07977144)
(14.76968664 0 -10.10824236)
(14.74043993 0 -10.10046086)
(14.72695377 0 -10.10660039)
(14.83445702 0 -10.13979288)
(14.67831651 0 -10.08648274)
(14.60869715 0 -10.02130793)
(14.79419234 0 -10.10517029)
(14.54041039 0 -9.909896241)
(14.43576745 0 -9.787791146)
(14.65097387 0 -9.965231083)
(14.12977102 0 -9.607495134)
(13.58530855 0 -9.243141009)
(14.09646598 0 -9.580259525)
(12.55769983 0 -8.572364929)
(10.55233204 0 -7.297275849)
(12.31847674 0 -8.398989745)
(7.015889733 0 -5.115551757)
(2.754978844 0 -2.578183266)
(6.026737974 0 -4.432297356)
(0.07300976451 0 -1.032386435)
(-0.4067176317 0 -0.6791557434)
(-0.1160439141 0 -0.7936463547)
(-0.2339413654 0 -0.68203191)
(-0.1390167413 0 -0.6313228666)
(0.008422902716 0 -0.3033311567)
(-0.05855902022 0 -0.4795070935)
(0.05696446714 0 -0.3221909743)
(0.4787518165 0 -0.5782855578)
(0.1185819441 0 -0.2598430482)
(0.1618084305 0 -0.218185571)
(0.4080320825 0 -0.4545232516)
(0.191263153 0 -0.1929866883)
(0.2158303779 0 -0.1747024145)
(0.2858573548 0 -0.3010177465)
(0.2422941717 0 -0.1603100746)
(0.3130458835 0 -0.1998035732)
(0.2956722295 0 -0.2384806344)
(0.4938825867 0 -0.2840487011)
(0.9672998295 0 -0.4618305184)
(0.6992301246 0 -0.4000162563)
(1.632634873 0 -0.7673847109)
(2.21615622 0 -1.06612342)
(1.994207067 0 -0.9758945078)
(2.662358825 0 -1.308100115)
(2.96562143 0 -1.482043659)
(2.898908888 0 -1.473206561)
(3.147919566 0 -1.59325993)
(3.240830207 0 -1.650891872)
(3.235977743 0 -1.685063381)
(3.697244289 0 -2.57644339)
(4.55702886 0 -3.160050415)
(3.679463076 0 -2.558528701)
(5.491049358 0 -3.798986583)
(6.463000121 0 -4.465564509)
(5.559923533 0 -3.843968641)
(7.434584842 0 -5.132476717)
(8.373086266 0 -5.776793216)
(7.579795582 0 -5.230664051)
(9.253996952 0 -6.381452522)
(10.06123882 0 -6.935295419)
(9.442066216 0 -6.509333548)
(10.78625505 0 -7.432385059)
(11.42654678 0 -7.870968651)
(10.98704008 0 -7.569087569)
(11.98413197 0 -8.252399049)
(12.46410115 0 -8.580131256)
(12.17733959 0 -8.383910996)
(12.8733843 0 -8.858869463)
(13.21977353 0 -9.093893778)
(13.04866058 0 -8.978001335)
(13.51118645 0 -9.290556285)
(13.75515985 0 -9.453940113)
(13.66555216 0 -9.395134133)
(13.95851822 0 -9.588646048)
(14.12718312 0 -9.698690941)
(14.09318566 0 -9.679328058)
(14.26606636 0 -9.787498175)
(14.37898665 0 -9.857987547)
(14.38376077 0 -9.866164475)
(14.46855552 0 -9.912823982)
(14.53592823 0 -9.954879196)
(14.57084777 0 -9.982240634)
(14.58037916 0 -9.987791946)
(14.59886443 0 -10.01562097)
(14.66141107 0 -10.05211636)
(14.58637168 0 -10.03860206)
(14.53837382 0 -10.04101028)
(14.62328604 0 -10.0837516)
(14.45452579 0 -9.97642088)
(14.33428049 0 -9.785702523)
(14.45095461 0 -9.917068154)
(14.14561301 0 -9.493865484)
(13.77593438 0 -9.253004541)
(14.15089134 0 -9.541989847)
(13.09498353 0 -8.933315764)
(11.89223823 0 -8.165058986)
(12.83682657 0 -8.761784151)
(9.845698415 0 -6.888921392)
(6.754752609 0 -5.010279114)
(8.491940103 0 -6.04738813)
(3.075667283 0 -2.843926063)
(-0.2467574408 0 -0.9728790483)
(1.20646673 0 -1.752885125)
(-0.8361518573 0 -0.6805666817)
(-0.755435178 0 -0.714024212)
(-0.6677844157 0 -0.741796774)
(-0.6543081668 0 -0.7385938468)
(-0.5224677564 0 -0.7321250132)
(-0.3134009401 0 -0.704930124)
(-0.3546183589 0 -0.6851331569)
(-0.1541458419 0 -0.5866824734)
(0.0477406184 0 -0.5413534582)
(0.02253927821 0 -0.4634992771)
(0.121821629 0 -0.3558382529)
(0.144541964 0 -0.3011216797)
(0.1826210113 0 -0.2707857526)
(0.2408954322 0 -0.2091367321)
(0.2222450295 0 -0.1815738028)
(0.3014589164 0 -0.1738198469)
(0.4186633828 0 -0.2087401947)
(0.3502979787 0 -0.1942757864)
(0.8746537338 0 -0.382628013)
(1.502881387 0 -0.6643014323)
(1.255077247 0 -0.5668769639)
(2.059417349 0 -0.9370893315)
(2.503900002 0 -1.167495211)
(2.379883829 0 -1.12728929)
(2.826367521 0 -1.342648937)
(3.036401168 0 -1.461123843)
(3.010174598 0 -1.477548661)
(3.152325865 0 -1.525430056)
(3.185798406 0 -1.530352635)
(3.225537501 0 -1.599235251)
(5.334690296 0 -3.698115938)
(6.249950719 0 -4.323999783)
(5.421544182 0 -3.754101316)
(7.163850647 0 -4.950382355)
(8.053375196 0 -5.560538352)
(7.298190655 0 -5.040575721)
(8.898133431 0 -6.140059192)
(9.682652954 0 -6.678112839)
(9.073324226 0 -6.258790806)
(10.39713349 0 -7.167858354)
(11.03701756 0 -7.606102697)
(10.58971572 0 -7.298704444)
(11.60201414 0 -7.992602375)
(12.09499495 0 -8.329288453)
(11.7922865 0 -8.121912638)
(12.52092873 0 -8.619524951)
(12.88598236 0 -8.867487169)
(12.69736786 0 -8.739303233)
(13.19680952 0 -9.077672813)
(13.46002507 0 -9.254544325)
(13.35485017 0 -9.184673161)
(13.68184156 0 -9.4022863)
(13.86782892 0 -9.52465201)
(13.82134133 0 -9.496253033)
(14.02277534 0 -9.624886128)
(14.15060087 0 -9.705696917)
(14.145681 0 -9.707022903)
(14.25430437 0 -9.76928166)
(14.33590382 0 -9.817416787)
(14.36285445 0 -9.841587717)
(14.39635195 0 -9.851662462)
(14.43541223 0 -9.873702267)
(14.49119084 0 -9.918889479)
(14.45155472 0 -9.88558977)
(14.44201351 0 -9.888773026)
(14.52818993 0 -9.961754554)
(14.4029879 0 -9.87912891)
(14.32852162 0 -9.835347863)
(14.45035635 0 -9.958200463)
(14.20268385 0 -9.707932631)
(13.97663031 0 -9.439763931)
(14.1968728 0 -9.626907923)
(13.53752324 0 -9.041873354)
(12.73804432 0 -8.599280956)
(13.30222096 0 -8.93896718)
(11.59830315 0 -7.981408349)
(9.858504921 0 -6.894384139)
(10.86799532 0 -7.524209134)
(7.44641111 0 -5.415215271)
(4.471256367 0 -3.623122009)
(5.485388158 0 -4.247928719)
(1.240399856 0 -1.693082593)
(-0.7322838114 0 -0.4469377837)
(-0.7925196183 0 -0.5800212382)
(-0.7290184824 0 -0.5132641987)
(-0.7213638459 0 -0.6451554256)
(-0.7458100258 0 -0.6828445293)
(-0.6057238025 0 -0.7289811616)
(-0.4796663512 0 -0.7469306036)
(-0.5107977663 0 -0.7396620809)
(-0.3165877189 0 -0.7194723652)
(-0.1264642745 0 -0.6384540802)
(-0.1678502172 0 -0.6096203131)
(0.04385052258 0 -0.5089039529)
(0.1589599189 0 -0.3963194408)
(0.1161611634 0 -0.3759236966)
(0.2421937576 0 -0.309910652)
(0.311928041 0 -0.2449394902)
(0.2708151563 0 -0.2300929488)
(0.4035645679 0 -0.2138403667)
(0.7072112376 0 -0.2984769979)
(0.5367699688 0 -0.243322193)
(1.327794237 0 -0.5515859497)
(1.877220113 0 -0.8061527754)
(1.708218616 0 -0.7439205205)
(2.326212195 0 -1.026547857)
(2.667228027 0 -1.201464158)
(2.5975615 0 -1.19113996)
(2.902119263 0 -1.325452465)
(3.041465505 0 -1.397662695)
(3.045912088 0 -1.433783962)
(3.093630604 0 -1.414944782)
(3.048401408 0 -1.359359855)
(3.124383966 0 -1.448573931)
(6.890557363 0 -4.768112594)
(7.738955975 0 -5.349037309)
(7.026634532 0 -4.858607733)
(8.5526966 0 -5.906657422)
(9.31629942 0 -6.429983665)
(8.725469877 0 -6.023266693)
(10.0194196 0 -6.911707539)
(10.65640733 0 -7.3478319)
(10.20756854 0 -7.039217821)
(11.22553251 0 -7.737095831)
(11.72807456 0 -8.080324409)
(11.41324509 0 -7.864428521)
(12.16744827 0 -8.379813022)
(12.5484265 0 -8.638785153)
(12.3442724 0 -8.499681231)
(12.87649736 0 -8.860947658)
(13.15736316 0 -9.050147456)
(13.03729979 0 -8.96972193)
(13.39657031 0 -9.210121577)
(13.59925046 0 -9.344326577)
(13.54019777 0 -9.306870868)
(13.76994876 0 -9.455830624)
(13.91250998 0 -9.547248076)
(13.8974926 0 -9.541137572)
(14.03000801 0 -9.620706726)
(14.12467866 0 -9.677823031)
(14.14330097 0 -9.695726138)
(14.19784534 0 -9.719684941)
(14.24980172 0 -9.746832379)
(14.29827903 0 -9.785791217)
(14.27963117 0 -9.759238729)
(14.2849389 0 -9.756258249)
(14.3671385 0 -9.819456388)
(14.261488 0 -9.736351146)
(14.2026735 0 -9.695962647)
(14.33453036 0 -9.79926593)
(14.09838607 0 -9.62630274)
(13.9315717 0 -9.507247292)
(14.15608124 0 -9.682155663)
(13.6687885 0 -9.302409279)
(13.24238563 0 -8.968224141)
(13.65346299 0 -9.220875772)
(12.53773423 0 -8.481184349)
(11.443347 0 -7.835283911)
(12.10766821 0 -8.229862608)
(10.00738232 0 -6.972829333)
(8.115026535 0 -5.79504446)
(8.926233862 0 -6.30999279)
(5.844477094 0 -4.394013831)
(3.363525024 0 -2.855491548)
(3.678710837 0 -3.103193579)
(0.1876412017 0 -0.5035604412)
(-0.2552241068 0 0.4271574068)
(-0.6166046354 0 -0.2283003793)
(-0.4608679477 0 -0.002818765119)
(-0.6383519809 0 -0.5092378839)
(-0.69227333 0 -0.5838413389)
(-0.5472440006 0 -0.6963511044)
(-0.4138925945 0 -0.7546233891)
(-0.4470037432 0 -0.752718162)
(-0.255025158 0 -0.7422176438)
(-0.0655069778 0 -0.686430699)
(-0.09596533955 0 -0.6656503759)
(0.1190039693 0 -0.5651458569)
(0.245519854 0 -0.433322704)
(0.2036533045 0 -0.4165224832)
(0.3310193393 0 -0.3335518319)
(0.4181596053 0 -0.2653526025)
(0.3612970049 0 -0.2560879987)
(0.6166597196 0 -0.2697842795)
(1.101824384 0 -0.434439932)
(0.9056772735 0 -0.3660868047)
(1.669953758 0 -0.6756838507)
(2.131377938 0 -0.8886839865)
(2.016362235 0 -0.8535039687)
(2.49331109 0 -1.063461305)
(2.755375549 0 -1.193612618)
(2.718348553 0 -1.201442635)
(2.922938775 0 -1.275976793)
(3.003273836 0 -1.308361097)
(3.026296702 0 -1.355177839)
(2.996735426 0 -1.283760021)
(2.886329055 0 -1.181822161)
(2.966685657 0 -1.268885592)
(8.194425782 0 -5.665704876)
(8.941766927 0 -6.177279749)
(8.377973162 0 -5.789044545)
(9.638533956 0 -6.654185769)
(10.27558902 0 -7.090069339)
(9.830626889 0 -6.783950906)
(10.84970494 0 -7.482584278)
(11.36118275 0 -7.831850141)
(11.0380337 0 -7.610043626)
(11.81254925 0 -8.139535888)
(12.20770925 0 -8.408263938)
(11.99029503 0 -8.259819835)
(12.55133078 0 -8.64118042)
(12.84840042 0 -8.841647183)
(12.71449514 0 -8.751421798)
(13.1038851 0 -9.013010888)
(13.32248974 0 -9.158441197)
(13.25109557 0 -9.11213963)
(13.50848372 0 -9.280818827)
(13.66557831 0 -9.382660719)
(13.64024731 0 -9.369033494)
(13.7968416 0 -9.466072422)
(13.90462902 0 -9.532711977)
(13.91450254 0 -9.544152012)
(13.99050806 0 -9.583750535)
(14.05515729 0 -9.619816734)
(14.09524089 0 -9.652441614)
(14.09820808 0 -9.640906127)
(14.11798973 0 -9.646233967)
(14.18997299 0 -9.7004227)
(14.11113674 0 -9.634005688)
(14.07200124 0 -9.601053289)
(14.18720793 0 -9.683734723)
(13.99182787 0 -9.54223727)
(13.85764691 0 -9.449413302)
(14.04447078 0 -9.579662444)
(13.65077216 0 -9.309708942)
(13.34435247 0 -9.103150774)
(13.65959944 0 -9.314275767)
(12.89912428 0 -8.801211175)
(12.25760211 0 -8.369552624)
(12.76942386 0 -8.683181015)
(11.34480884 0 -7.775955919)
(10.10125805 0 -6.997395376)
(10.76982191 0 -7.423334269)
(8.553684226 0 -6.029107236)
(6.712471887 0 -4.875402232)
(7.394721441 0 -5.328975784)
(4.670769497 0 -3.572889662)
(2.532917788 0 -2.116059278)
(3.054937809 0 -2.596253723)
(0.4025642164 0 0.5403086777)
(0.03817819018 0 0.427995762)
(0.136604086 0 0.9151253131)
(-0.5758688415 0 -0.3948009232)
(-0.5261323657 0 -0.6339291889)
(-0.5301338222 0 -0.4486649587)
(-0.4586129916 0 -0.7204061085)
(-0.3313072747 0 -0.7409150405)
(-0.3768019448 0 -0.750453283)
(-0.1776312522 0 -0.7478891968)
(0.004864683367 0 -0.7138348238)
(-0.03276142303 0 -0.7022825883)
(0.1925762561 0 -0.6058783248)
(0.3277446268 0 -0.4595314358)
(0.2863308856 0 -0.4473386429)
(0.4231032161 0 -0.3460789587)
(0.5680453999 0 -0.2876428087)
(0.4857521886 0 -0.2749888103)
(0.917019972 0 -0.3557710833)
(1.43450363 0 -0.5488972721)
(1.279314865 0 -0.4961418598)
(1.91908542 0 -0.7559192069)
(2.306462253 0 -0.9314809315)
(2.226905639 0 -0.9140479829)
(2.599127938 0 -1.068327982)
(2.799448822 0 -1.161955503)
(2.781642506 0 -1.179949774)
(2.912510275 0 -1.209530942)
(2.942054805 0 -1.20747422)
(2.974579788 0 -1.258691492)
(2.88627831 0 -1.148560109)
(2.742643479 0 -1.024897413)
(2.811283595 0 -1.100462383)
(9.22947468 0 -6.379060398)
(9.881122747 0 -6.824087226)
(9.43809863 0 -6.519102128)
(10.46711549 0 -7.224307382)
(10.99033884 0 -7.581360771)
(10.65938902 0 -7.353973584)
(11.45438307 0 -7.897588398)
(11.86331376 0 -8.175693755)
(11.63390714 0 -8.018776443)
(12.22158019 0 -8.418659003)
(12.53380953 0 -8.629595552)
(12.38700311 0 -8.530236902)
(12.80460504 0 -8.811601565)
(13.03835461 0 -8.967631614)
(12.95502551 0 -8.912806225)
(13.23908895 0 -9.100403729)
(13.41037746 0 -9.212334487)
(13.37474036 0 -9.191254351)
(13.55524425 0 -9.305490218)
(13.676111 0 -9.381557272)
(13.67707412 0 -9.386504203)
(13.77472466 0 -9.441802828)
(13.85207782 0 -9.487031331)
(13.88366649 0 -9.513538635)
(13.90828927 0 -9.517515665)
(13.94241954 0 -9.532888823)
(14.00432073 0 -9.579999387)
(13.95218494 0 -9.531974175)
(13.93352276 0 -9.5125261)
(14.03284424 0 -9.583788022)
(13.87997223 0 -9.470849999)
(13.78190364 0 -9.401290787)
(13.93734494 0 -9.507204679)
(13.6257223 0 -9.295584571)
(13.39338227 0 -9.142157971)
(13.6404141 0 -9.303811107)
(13.06265782 0 -8.925586094)
(12.60815113 0 -8.626514399)
(12.99075887 0 -8.873334353)
(12.00134154 0 -8.222128625)
(11.20653641 0 -7.686891857)
(11.7287594 0 -8.033916535)
(10.17165457 0 -6.992825022)
(8.828259006 0 -6.11324713)
(9.44974935 0 -6.558524289)
(7.14850815 0 -5.048862577)
(5.27083323 0 -3.858772121)
(6.013839694 0 -4.392697683)
(3.142009835 0 -2.345413592)
(1.09485789 0 -0.5540134297)
(1.709618658 0 -1.220814652)
(0.3397511919 0 0.2967866802)
(-0.3369667417 0 -0.1260866163)
(-0.1036167433 0 0.03690380665)
(-0.5073682159 0 -0.468655888)
(-0.4420363655 0 -0.5980832797)
(-0.5103295076 0 -0.6271550273)
(-0.3463968344 0 -0.6798391754)
(-0.2247322859 0 -0.7274401992)
(-0.2796843879 0 -0.7326988564)
(-0.07682005495 0 -0.7475625654)
(0.09887086735 0 -0.727296652)
(0.04884312482 0 -0.7222245202)
(0.2786616473 0 -0.6333477491)
(0.4184241713 0 -0.4799879175)
(0.3712955712 0 -0.4703588314)
(0.5396019511 0 -0.3560729724)
(0.7749277056 0 -0.3280164009)
(0.6656679558 0 -0.305226281)
(1.207158896 0 -0.4452446693)
(1.686494289 0 -0.6297023492)
(1.569192845 0 -0.5930294387)
(2.102518711 0 -0.805186715)
(2.428999828 0 -0.9488931337)
(2.372979704 0 -0.9426112323)
(2.666308312 0 -1.054589243)
(2.817759471 0 -1.118779846)
(2.810790111 0 -1.141049711)
(2.887762546 0 -1.138902133)
(2.879594295 0 -1.11199065)
(2.908722518 0 -1.157173105)
(2.797333682 0 -1.036049903)
(2.662058019 0 -0.9223599146)
(2.684768047 0 -0.958069636)
(10.11261745 0 -6.987592439)
(10.62963701 0 -7.338698435)
(10.27920243 0 -7.097930926)
(11.09916082 0 -7.658551027)
(11.51845491 0 -7.943550431)
(11.27511782 0 -7.776801308)
(11.88922651 0 -8.194967706)
(12.21501322 0 -8.415157758)
(12.0553595 0 -8.30668374)
(12.49985308 0 -8.606827069)
(12.74775626 0 -8.772668876)
(12.6527765 0 -8.709524755)
(12.96248467 0 -8.915215003)
(13.14743957 0 -9.036762771)
(13.1016279 0 -9.008352543)
(13.30556946 0 -9.139318211)
(13.4393126 0 -9.224563959)
(13.43139362 0 -9.223076552)
(13.55053268 0 -9.293824022)
(13.64045758 0 -9.34803045)
(13.66368041 0 -9.368557236)
(13.70959667 0 -9.387675743)
(13.75761429 0 -9.412738799)
(13.81006512 0 -9.453409493)
(13.78314606 0 -9.422576935)
(13.78352177 0 -9.415764449)
(13.8690044 0 -9.478256747)
(13.7543627 0 -9.389862923)
(13.68903338 0 -9.341100392)
(13.81915487 0 -9.431841708)
(13.57799221 0 -9.263959642)
(13.40822281 0 -9.150702404)
(13.6053903 0 -9.282641994)
(13.16323709 0 -8.990980106)
(12.8244093 0 -8.77182375)
(13.11998011 0 -8.964679493)
(12.374065 0 -8.478334571)
(11.79897862 0 -8.095062081)
(12.20845901 0 -8.366263241)
(11.08908696 0 -7.606791157)
(10.22207407 0 -6.995032178)
(10.7066332 0 -7.33954692)
(9.127762277 0 -6.225810915)
(7.647975809 0 -5.231785054)
(8.236566218 0 -5.670799631)
(5.6242333 0 -3.94538318)
(3.629623387 0 -2.608442381)
(4.471056421 0 -3.257341512)
(1.643760498 0 -1.02373687)
(0.5058248188 0 0.01653036854)
(0.8757840309 0 -0.2010093128)
(-0.3156327622 0 -0.06190805166)
(-0.3822314347 0 -0.2010788017)
(-0.435824312 0 -0.2284135837)
(-0.3913280114 0 -0.4073580495)
(-0.3292557827 0 -0.5634036735)
(-0.3863296083 0 -0.5781632613)
(-0.2288870913 0 -0.6608621064)
(-0.1037404776 0 -0.7170502575)
(-0.1661855675 0 -0.7221610461)
(0.04529964643 0 -0.7423782558)
(0.2139410918 0 -0.7299836185)
(0.1542452722 0 -0.7296569968)
(0.3835904675 0 -0.6485521344)
(0.5275427115 0 -0.4961836597)
(0.4702861495 0 -0.4885301163)
(0.6904505617 0 -0.3732441925)
(1.005688136 0 -0.3839168555)
(0.8900184432 0 -0.3548307385)
(1.44989224 0 -0.5198322332)
(1.880909294 0 -0.6858207958)
(1.789501353 0 -0.6602302074)
(2.241725366 0 -0.8346276865)
(2.518503516 0 -0.9520058227)
(2.476845679 0 -0.9516530485)
(2.711940029 0 -1.032989698)
(2.826153881 0 -1.075220113)
(2.822379976 0 -1.096529927)
(2.866623906 0 -1.077690842)
(2.840848291 0 -1.041373146)
(2.857190195 0 -1.073719491)
(2.764275883 0 -0.9736612151)
(2.670219671 0 -0.8963722927)
(2.662046216 0 -0.9059909551)
(11.56335866 0 -7.976915079)
(11.89782999 0 -8.202790444)
(11.72456643 0 -8.084542923)
(12.19327019 0 -8.401585458)
(12.45294838 0 -8.575443803)
(12.34639106 0 -8.503949709)
(12.68007303 0 -8.726511761)
(12.87763115 0 -8.856797924)
(12.82186615 0 -8.821175967)
(13.04831522 0 -8.968126364)
(13.19445889 0 -9.062095853)
(13.17784411 0 -9.054296035)
(13.3179477 0 -9.14002476)
(13.42013661 0 -9.202903381)
(13.43528379 0 -9.217631835)
(13.50179959 0 -9.25136549)
(13.56303468 0 -9.285629338)
(13.60684876 0 -9.320322991)
(13.60314209 0 -9.305422839)
(13.6204562 0 -9.309880236)
(13.69452836 0 -9.364953883)
(13.61210692 0 -9.297398037)
(13.57369386 0 -9.26544376)
(13.68532797 0 -9.344987888)
(13.49885061 0 -9.210302759)
(13.37873038 0 -9.126769044)
(13.54248839 0 -9.239639659)
(13.20155658 0 -9.007821732)
(12.95255148 0 -8.844371254)
(13.19073169 0 -9.004858902)
(12.61486651 0 -8.625298579)
(12.17212432 0 -8.338057366)
(12.50883048 0 -8.563361552)
(11.61251792 0 -7.970102628)
(10.93157109 0 -7.510522271)
(11.37699996 0 -7.81155237)
(10.12604997 0 -6.949161055)
(9.169625031 0 -6.268257845)
(9.722261843 0 -6.643841584)
(7.967426137 0 -5.421703025)
(6.311973526 0 -4.307980343)
(7.017985168 0 -4.783446141)
(4.034812786 0 -2.833221736)
(2.234102181 0 -1.566585162)
(2.867986955 0 -2.031549569)
(0.763999117 0 -0.4801703931)
(-0.1906683959 0 0.07326295732)
(-0.1071433554 0 0.0187686216)
(-0.2418038976 0 0.04811021737)
(-0.3019986642 0 -0.1298889628)
(-0.3370305894 0 -0.1641912109)
(-0.2860396256 0 -0.3753610423)
(-0.2071111735 0 -0.5483056658)
(-0.2698824772 0 -0.5532485529)
(-0.09845707665 0 -0.6512848928)
(0.03309164778 0 -0.710403601)
(-0.03758241253 0 -0.7127845917)
(0.1823966643 0 -0.7372488132)
(0.3430901137 0 -0.7278772299)
(0.2770804396 0 -0.7291106002)
(0.5058886674 0 -0.6551390269)
(0.658165725 0 -0.5101701098)
(0.5902931452 0 -0.5032662666)
(0.8671822838 0 -0.4017489917)
(1.226811218 0 -0.4432474239)
(1.118533101 0 -0.4137401554)
(1.651265692 0 -0.5792853194)
(2.037572388 0 -0.7261675985)
(1.962981666 0 -0.7075137982)
(2.35289676 0 -0.8526633574)
(2.589053095 0 -0.9486915857)
(2.55551803 0 -0.9508053596)
(2.747808904 0 -1.010625538)
(2.834388934 0 -1.037442364)
(2.829950188 0 -1.055370713)
(2.856233016 0 -1.030141744)
(2.824992154 0 -0.9932519286)
(2.829443194 0 -1.013825114)
(11.8927391 0 -8.201625449)
(12.15881008 0 -8.380111025)
(12.04169365 0 -8.300653251)
(12.39476584 0 -8.536976083)
(12.60257548 0 -8.674173136)
(12.53755635 0 -8.631632843)
(12.78432724 0 -8.793031576)
(12.94193174 0 -8.894865405)
(12.9170962 0 -8.880966846)
(13.07705635 0 -8.980837657)
(13.19102047 0 -9.051896752)
(13.19853694 0 -9.061064191)
(13.2847178 0 -9.108728025)
(13.35851229 0 -9.151690466)
(13.3944309 0 -9.180823188)
(13.41214487 0 -9.180758021)
(13.4446133 0 -9.195442022)
(13.50900905 0 -9.244015483)
(13.45402235 0 -9.194693488)
(13.43738111 0 -9.176772286)
(13.53492633 0 -9.247259819)
(13.39033731 0 -9.139079374)
(13.30685404 0 -9.077958695)
(13.44781941 0 -9.176613778)
(13.17883063 0 -8.988464806)
(12.99572265 0 -8.864115309)
(13.19681671 0 -9.001806782)
(12.74435059 0 -8.696705582)
(12.40916486 0 -8.476269899)
(12.69254003 0 -8.668425985)
(11.97334569 0 -8.191334197)
(11.42113882 0 -7.829719007)
(11.81082503 0 -8.094069154)
(10.74077581 0 -7.379810479)
(9.925175026 0 -6.831402103)
(10.45020407 0 -7.185403544)
(8.964758422 0 -6.173567287)
(7.827732665 0 -5.386388655)
(8.538925387 0 -5.851601443)
(6.434129658 0 -4.42733679)
(4.674850545 0 -3.23795406)
(5.523723724 0 -3.793280924)
(2.696858308 0 -1.898629858)
(1.300268061 0 -0.8800701479)
(1.81558144 0 -1.266361248)
(-0.08028782116 0 0.2080948916)
(-0.09976604668 0 0.1804555197)
(-0.1415706574 0 0.1344811637)
(-0.1493837185 0 0.154408539)
(-0.235556846 0 -0.05112359691)
(-0.2691768854 0 -0.08705966302)
(-0.17872762 0 -0.3714018466)
(-0.06792356156 0 -0.5554472789)
(-0.1402741075 0 -0.5490911099)
(0.0506732704 0 -0.6573188358)
(0.1825120644 0 -0.714347587)
(0.1069659298 0 -0.7110042558)
(0.3258875526 0 -0.7380692443)
(0.481242139 0 -0.7266334928)
(0.4113099607 0 -0.726969011)
(0.6410825381 0 -0.6583557651)
(0.8064186532 0 -0.5250849153)
(0.730482537 0 -0.5173096504)
(1.054252465 0 -0.4392213329)
(1.427696006 0 -0.4991805732)
(1.329886682 0 -0.4718309694)
(1.822954467 0 -0.6275437234)
(2.169711015 0 -0.7568658427)
(2.106125471 0 -0.7424520733)
(2.446734033 0 -0.8647034109)
(2.649247035 0 -0.9435139305)
(2.620074578 0 -0.9461562887)
(2.780267469 0 -0.9909854159)
(2.846479827 0 -1.00761004)
(2.839898339 0 -1.021597938)
(2.857741561 0 -0.9965612767)
(2.828754928 0 -0.9649328066)
(2.826149136 0 -0.978276216)
(12.09792408 0 -8.343637338)
(12.32432023 0 -8.490979309)
(12.25208942 0 -8.442831921)
(12.51467315 0 -8.615919574)
(12.6820116 0 -8.724036661)
(12.65012767 0 -8.704555235)
(12.8277395 0 -8.817027791)
(12.95283085 0 -8.895517494)
(12.95348193 0 -8.899454798)
(13.0580441 0 -8.960094127)
(13.14382808 0 -9.011156491)
(13.17261325 0 -9.035127681)
(13.21018277 0 -9.048823388)
(13.25655049 0 -9.072861766)
(13.31254513 0 -9.115679438)
(13.28168834 0 -9.082603575)
(13.28351974 0 -9.076847684)
(13.36957254 0 -9.139785067)
(13.25896644 0 -9.053749267)
(13.20372773 0 -9.010672489)
(13.3271983 0 -9.098044593)
(13.11203271 0 -8.944027724)
(12.97633885 0 -8.849072877)
(13.14995874 0 -8.968949458)
(12.78704426 0 -8.719723631)
(12.53226771 0 -8.548388928)
(12.77447626 0 -8.713133997)
(12.19779186 0 -8.325866493)
(11.76733526 0 -8.041366506)
(12.10105174 0 -8.267351793)
(11.22344054 0 -7.682818302)
(10.54893976 0 -7.23747625)
(11.00063101 0 -7.544130375)
(9.728582382 0 -6.692768696)
(8.749177154 0 -6.036706966)
(9.356147166 0 -6.44751037)
(7.596651708 0 -5.257088911)
(6.250672492 0 -4.33931244)
(7.055844844 0 -4.878121906)
(4.689795984 0 -3.268956683)
(2.952324926 0 -2.064843442)
(3.843121923 0 -2.682291084)
(1.308202081 0 -0.8973460064)
(-0.1878401733 0 -0.06353215873)
(0.3293977225 0 -0.1203287309)
(-0.5658316175 0 -0.7279127029)
(-0.7061867654 0 -1.071578843)
(-0.1921108436 0 -0.03285384151)
(-0.7107242128 0 -1.155413783)
(-0.6050793699 0 -1.086201863)
(-0.2947239793 0 -0.2919911178)
(-0.2873173178 0 -0.8091936851)
(0.09357289057 0 -0.5913961763)
(0.01155950924 0 -0.5646338251)
(0.220413458 0 -0.6747136964)
(0.3396156374 0 -0.724301728)
(0.2595580236 0 -0.7187658676)
(0.4751399597 0 -0.7429155746)
(0.6250868704 0 -0.728088349)
(0.5525735212 0 -0.7269845506)
(0.7847123098 0 -0.6625739209)
(0.9656128351 0 -0.543631166)
(0.8850878183 0 -0.5338041647)
(1.239732833 0 -0.4812365854)
(1.60824581 0 -0.5497191511)
(1.520444983 0 -0.5251711419)
(1.972774004 0 -0.6676654542)
(2.284577902 0 -0.7813387314)
(2.229013157 0 -0.7697405598)
(2.528906132 0 -0.8735583391)
(2.703217072 0 -0.9384914694)
(2.676913844 0 -0.9409335058)
(2.811673105 0 -0.9750010433)
(2.862476682 0 -0.9850060407)
(2.854095892 0 -0.9954974933)
(2.867414156 0 -0.9732751132)
(2.841543816 0 -0.9470829154)
(2.835498767 0 -0.9562622676)
(12.56873483 0 -8.648646222)
(12.70452431 0 -8.734208758)
(12.69974601 0 -8.733655511)
(12.82105438 0 -8.806056081)
(12.91854557 0 -8.864616023)
(12.94091976 0 -8.883721022)
(12.99707594 0 -8.910123639)
(13.05645779 0 -8.942605492)
(13.1050488 0 -8.980266187)
(13.09593306 0 -8.961712458)
(13.11407307 0 -8.96665654)
(13.19049761 0 -9.023221725)
(13.10868176 0 -8.956118762)
(13.07665104 0 -8.928134778)
(13.18605148 0 -9.006376779)
(13.01374208 0 -8.880024746)
(12.91437213 0 -8.808324422)
(13.06632604 0 -8.914239501)
(12.77148347 0 -8.708507746)
(12.57617744 0 -8.574821264)
(12.78528037 0 -8.717844384)
(12.31761386 0 -8.400205724)
(11.98283317 0 -8.17613652)
(12.26851554 0 -8.369497475)
(11.55679963 0 -7.892587404)
(11.02271482 0 -7.538123078)
(11.40778487 0 -7.79824952)
(10.36273096 0 -7.100205148)
(9.559176672 0 -6.565821262)
(10.06758033 0 -6.910841604)
(8.596293584 0 -5.922543335)
(7.462270182 0 -5.160079613)
(8.114834831 0 -5.605469377)
(6.15118429 0 -4.272670872)
(4.657312048 0 -3.26247236)
(5.458236084 0 -3.801371543)
(2.90497497 0 -2.160692364)
(0.6004550146 0 -1.301029672)
(2.109797277 0 -1.588155445)
(-0.9359563466 0 -1.398597658)
(-1.013917593 0 -1.588428295)
(-0.863628643 0 -1.247128898)
(-1.045846915 0 -1.691860435)
(-1.053521778 0 -1.739864595)
(-0.9371211718 0 -1.529050974)
(-1.038086639 0 -1.742732087)
(-0.9908133649 0 -1.702723492)
(-0.8353746525 0 -1.498675666)
(-0.8939058093 0 -1.615128886)
(-0.7062021128 0 -1.462245625)
(-0.2215991694 0 -1.021773242)
(-0.2982555993 0 -1.191459515)
(0.5451315176 0 -0.7636750332)
(0.439856077 0 -0.7374489254)
(0.6822950584 0 -0.7710494914)
(0.7814417411 0 -0.7362433689)
(0.6989451079 0 -0.729929098)
(0.9339830451 0 -0.6698086396)
(1.128882713 0 -0.566374033)
(1.047197149 0 -0.5545768693)
(1.416387374 0 -0.524144708)
(1.769357984 0 -0.594349819)
(1.691175301 0 -0.5727784656)
(2.103900376 0 -0.701114769)
(2.384750988 0 -0.8010125649)
(2.336531273 0 -0.7917598918)
(2.601113612 0 -0.8802433602)
(2.752050734 0 -0.9342076)
(2.728264889 0 -0.9362580964)
(2.842512836 0 -0.9627138933)
(2.881671792 0 -0.9689853897)
(2.871720482 0 -0.9764885492)
(12.77401906 0 -8.766964457)
(12.84384648 0 -8.806271099)
(12.88648506 0 -8.8387235)
(12.8942782 0 -8.833210404)
(12.92352332 0 -8.847200517)
(12.99808616 0 -8.898259943)
(12.92978524 0 -8.847217535)
(12.91264322 0 -8.831810811)
(13.02673917 0 -8.902896287)
(12.87348268 0 -8.799063026)
(12.81124639 0 -8.746476683)
(12.95478071 0 -8.841597115)
(12.71404522 0 -8.670540557)
(12.56459012 0 -8.566563246)
(12.74730743 0 -8.692540741)
(12.36394558 0 -8.429092932)
(12.10201732 0 -8.251885189)
(12.34853822 0 -8.419607957)
(11.76701672 0 -8.026996664)
(11.34528455 0 -7.74522802)
(11.67506994 0 -7.96808427)
(10.8214932 0 -7.396102577)
(10.17915336 0 -6.96810653)
(10.61283167 0 -7.261259211)
(9.401534304 0 -6.44920354)
(8.473448106 0 -5.828005305)
(9.026789485 0 -6.2042416)
(7.382706199 0 -5.095198458)
(6.116890881 0 -4.244657985)
(6.796832093 0 -4.705733385)
(4.622631253 0 -3.269479403)
(2.619469625 0 -2.190945471)
(3.738347487 0 -2.716407016)
(0.05600987016 0 -1.487222847)
(-0.9882935826 0 -1.606088776)
(-0.7846400353 0 -1.402755058)
(-1.070190613 0 -1.776512)
(-1.110831597 0 -1.877857404)
(-1.086835686 0 -1.76899602)
(-1.128271789 0 -1.93215978)
(-1.131659789 0 -1.951028023)
(-1.119158497 0 -1.86732962)
(-1.124201508 0 -1.940516999)
(-1.106215855 0 -1.903517386)
(-1.084956441 0 -1.823501335)
(-1.076823404 0 -1.841498982)
(-1.033842558 0 -1.754861972)
(-0.9493888167 0 -1.653052913)
(-0.9726294518 0 -1.64218693)
(-0.8826559656 0 -1.496089547)
(-0.512459436 0 -1.296687002)
(-0.7121978611 0 -1.27524961)
(0.9008050628 0 -0.7782610542)
(0.9455960082 0 -0.7836883255)
(1.21550308 0 -0.7632513643)
(1.302744561 0 -0.5974707847)
(1.211187603 0 -0.5793789067)
(1.583992023 0 -0.565717436)
(1.9131297 0 -0.6333759935)
(1.843098862 0 -0.6145047805)
(2.218102133 0 -0.7287779808)
(2.469768376 0 -0.8161607489)
(2.429066266 0 -0.8090969551)
(2.66033035 0 -0.8841864092)
(2.790777526 0 -0.9296232062)
(2.773828427 0 -0.9321392102)
(12.67572622 0 -8.698617846)
(12.72493825 0 -8.73173684)
(12.78932498 0 -8.770095344)
(12.74310494 0 -8.751872726)
(12.73480139 0 -8.760944893)
(12.83099978 0 -8.799851881)
(12.69982781 0 -8.7490924)
(12.64361634 0 -8.699331415)
(12.77281281 0 -8.763581327)
(12.57419011 0 -8.602821448)
(12.48797389 0 -8.485808064)
(12.64862033 0 -8.629320932)
(12.35617598 0 -8.390495774)
(12.15082937 0 -8.282341619)
(12.36569655 0 -8.429838355)
(11.88635818 0 -8.103122447)
(11.55160658 0 -7.878117399)
(11.83638605 0 -8.071425767)
(11.13442872 0 -7.598614348)
(10.62096168 0 -7.255394866)
(10.99373478 0 -7.507586528)
(9.996530977 0 -6.838117471)
(9.246383368 0 -6.33621816)
(9.72307181 0 -6.659400072)
(8.357482269 0 -5.740040158)
(7.320933061 0 -5.042763523)
(7.903117951 0 -5.439755266)
(6.133293713 0 -4.24293265)
(4.784578473 0 -3.345509744)
(5.434743933 0 -3.786670668)
(3.171277475 0 -2.362275388)
(0.9250315517 0 -1.472780447)
(1.51741208 0 -1.767224676)
(-0.7670819358 0 -1.430570435)
(-0.9311378342 0 -1.704119446)
(-0.9882644435 0 -1.695255493)
(-0.9960659661 0 -1.859609221)
(-1.015316901 0 -1.949808337)
(-1.086061697 0 -1.936878149)
(-1.011191012 0 -1.996554744)
(-0.9945361789 0 -2.011218504)
(-1.087100706 0 -1.998630031)
(-0.9712490636 0 -1.999638392)
(-0.9448543368 0 -1.964909065)
(-1.052851554 0 -1.949892248)
(-0.9176681534 0 -1.908945429)
(-0.8913216443 0 -1.833006778)
(-0.999329977 0 -1.81072605)
(-0.8670194125 0 -1.737696967)
(-0.8454750569 0 -1.622616774)
(-0.9291506632 0 -1.584907595)
(-0.8260668635 0 -1.485591405)
(-0.8047537145 0 -1.326566531)
(-0.8310231418 0 -1.149772893)
(-0.8494918026 0 -0.9684971625)
(1.199929233 0 -0.4194709224)
(1.516027108 0 -0.710639988)
(1.614161966 0 -0.8375439962)
(2.125449433 0 -0.7142686243)
(1.989802987 0 -0.6534280182)
(2.379104426 0 -0.7636739417)
(2.553948645 0 -0.8332545973)
(2.509301888 0 -0.8230910714)
(2.719941196 0 -0.8901026211)
(2.836896063 0 -0.9307327458)
(2.80917988 0 -0.9282284557)
(12.57373106 0 -8.646648545)
(12.56379385 0 -8.658588549)
(12.64728038 0 -8.718930198)
(12.52396276 0 -8.627979214)
(12.45988057 0 -8.533030402)
(12.54610768 0 -8.62633277)
(12.35409357 0 -8.365471959)
(12.18093184 0 -8.186155843)
(12.33720435 0 -8.33193599)
(11.94175032 0 -8.07326324)
(11.67354365 0 -7.955720107)
(11.92025426 0 -8.124356082)
(11.33766472 0 -7.729586637)
(10.92552708 0 -7.453203522)
(11.24785414 0 -7.671975017)
(10.42233726 0 -7.116010765)
(9.815198673 0 -6.709450449)
(10.22777357 0 -6.989119921)
(9.091319638 0 -6.2242153)
(8.23989014 0 -5.652290876)
(8.751245447 0 -5.999983343)
(7.254945853 0 -4.988792132)
(6.139523364 0 -4.235050636)
(6.731985522 0 -4.640364727)
(4.911870486 0 -3.403630444)
(3.609827371 0 -2.523608869)
(4.176546898 0 -2.922341538)
(2.276000362 0 -1.637511031)
(0.2209464332 0 -0.3329072876)
(0.7392951268 0 -1.100993788)
(-0.2022935471 0 -0.7047176274)
(-0.6120419702 0 -1.420011545)
(-0.8163419816 0 -1.627889008)
(-0.7243549107 0 -1.697267549)
(-0.7487882013 0 -1.845249194)
(-0.9033149201 0 -1.917391968)
(-0.7379692811 0 -1.924015382)
(-0.7111273555 0 -1.958253375)
(-0.8668349397 0 -1.993145646)
(-0.6769465668 0 -1.959807899)
(-0.6403195571 0 -1.934112301)
(-0.8030517952 0 -1.955118016)
(-0.6037811698 0 -1.883874783)
(-0.5676882295 0 -1.810173357)
(-0.7404947257 0 -1.830518609)
(-0.5306728575 0 -1.712937701)
(-0.4898636166 0 -1.591121179)
(-0.6895710405 0 -1.629725657)
(-0.4411002038 0 -1.442666128)
(-0.3798393243 0 -1.265448871)
(-0.6659497359 0 -1.358457475)
(-0.3052458071 0 -1.062559748)
(-0.2148762002 0 -0.8822070612)
(-0.8214773271 0 -0.9156181438)
(-0.3059649877 0 -0.7733966772)
(-0.3129852031 0 -0.7121393502)
(1.93797397 0 -0.3758721887)
(-0.4614671275 0 0.6340721964)
(2.322311269 0 -0.5411992966)
(2.631523262 0 -0.8901231555)
(12.03726209 0 -8.112944661)
(11.78579632 0 -7.923525097)
(11.99951921 0 -8.052809722)
(11.46403953 0 -7.765996284)
(11.12998121 0 -7.585238322)
(11.41012569 0 -7.776033346)
(10.72028923 0 -7.309987202)
(10.2275428 0 -6.979564697)
(10.58518659 0 -7.22220364)
(9.636675043 0 -6.583294286)
(8.936706991 0 -6.113580703)
(9.384426448 0 -6.417269317)
(8.118339428 0 -5.563454153)
(7.176555516 0 -4.928804909)
(7.71443644 0 -5.294768936)
(6.114547018 0 -4.211022652)
(4.948543909 0 -3.420434175)
(5.543941223 0 -3.827567936)
(3.713202731 0 -2.580214646)
(2.447257832 0 -1.716565134)
(3.008063033 0 -2.105462073)
(0.4485914055 0 -0.3350574874)
(0.1324370692 0 -0.09582836891)
(0.1147196001 0 -0.1436818061)
(0.176909215 0 -0.09574641293)
(0.2587012479 0 -0.157211823)
(-0.08349538244 0 -0.6996360642)
(0.05384061911 0 -1.066245986)
(-0.186065453 0 -1.685484716)
(-0.5406521484 0 -1.75789121)
(-0.2883645159 0 -1.893315921)
(-0.2898535069 0 -1.977173335)
(-0.5311058497 0 -1.942683546)
(-0.2646448421 0 -2.00089864)
(-0.2376386211 0 -1.985355056)
(-0.4677109713 0 -1.942204796)
(-0.2159408669 0 -1.940274383)
(-0.1999222923 0 -1.871031297)
(-0.4041227955 0 -1.833166869)
(-0.1901211567 0 -1.781701899)
(-0.1864230575 0 -1.6747016)
(-0.3547856692 0 -1.633617772)
(-0.1894368687 0 -1.552265002)
(-0.2049263153 0 -1.416133087)
(-0.3125331433 0 -1.340909187)
(-0.2428492539 0 -1.264751736)
(-0.3262190507 0 -1.075352186)
(-0.2066899289 0 -0.924014299)
(10.90651908 0 -7.415677756)
(10.52287608 0 -7.172833289)
(10.83372467 0 -7.383905346)
(10.03957473 0 -6.848593274)
(9.463747712 0 -6.462486573)
(9.853416196 0 -6.726010874)
(8.784750285 0 -6.006506568)
(7.995094349 0 -5.475689624)
(8.473221294 0 -5.799397649)
(7.088508311 0 -4.864933654)
(6.066239501 0 -4.174293602)
(6.627073847 0 -4.555200297)
(4.943197636 0 -3.413119318)
(3.747562956 0 -2.599531449)
(4.345893219 0 -3.008563807)
(2.50045095 0 -1.745652547)
(0.6071986607 0 -0.4177347538)
(1.81305331 0 -1.277087121)
(0.109413519 0 -0.04508318231)
(0.1350992576 0 -0.0493767394)
(0.1377243744 0 -0.06590531279)
(0.1829946381 0 -0.06358776389)
(0.3057535506 0 -0.1244366668)
(0.2955790033 0 -0.1205106654)
(0.4535779652 0 -0.02631907577)
(0.9528718086 0 -0.2741949407)
(0.5279153705 0 -0.8163298834)
(0.8847597473 0 -0.5543617704)
(0.5155849975 0 -1.102432301)
(0.2791541155 0 -1.460074626)
(0.3548798113 0 -1.511842833)
(0.324253347 0 -1.719302816)
(0.2542394609 0 -1.829538804)
(0.3158928385 0 -1.818523026)
(0.3092279684 0 -1.859904976)
(0.2049326398 0 -1.903215189)
(0.299894712 0 -1.869263761)
(0.2843095716 0 -1.857934936)
(0.1156885732 0 -1.838662417)
(0.2601028409 0 -1.833522719)
(0.2145663983 0 -1.805292007)
(-0.01828282792 0 -1.706155951)
(6.019360006 0 -4.141457695)
(4.908606111 0 -3.388763102)
(5.492581516 0 -3.785078269)
(3.721555236 0 -2.580820038)
(2.491808906 0 -1.736811537)
(3.115314971 0 -2.16663226)
(0.7033920602 0 -0.4726538399)
(0.1268442419 0 -0.03771941571)
(0.1071897562 0 -0.04560224915)
(0.1292020835 0 -0.01467766666)
(0.13064019 0 -0.01699930348)
(0.1323099565 0 -0.03501366188)
(0.1682993152 0 -0.02532103847)
(0.2794219051 0 -0.1087004721)
(0.3004001481 0 -0.1215244399)
(0.3930346453 0 -0.01077977233)
(0.8634896118 0 -0.1140584681)
(0.9648504853 0 -0.1439155743)
(1.36555922 0 -0.1284216139)
(1.439657684 0 -0.08000884223)
(1.001348492 0 -0.4571892539)
(0.6718302867 0 -0.380544984)
(0.4733507796 0 -1.122946289)
(0.4063529132 0 -1.503203474)
)
;

boundaryField
{
    dominio_ascii
    {
        type            zeroGradient;
    }
    wallFilmFaces_top
    {
        type            fixedValue;
        value           uniform (0 0 0);
    }
    region0_to_wallFilmRegion_wallFilmFaces
    {
        type            slip;
    }
}


// ************************************************************************* //
