/*--------------------------------*- C++ -*----------------------------------*\
| =========                 |                                                 |
| \\      /  F ield         | OpenFOAM: The Open Source CFD Toolbox           |
|  \\    /   O peration     | Version:  2.1.x                                 |
|   \\  /    A nd           | Web:      www.OpenFOAM.org                      |
|    \\/     M anipulation  |                                                 |
\*---------------------------------------------------------------------------*/
FoamFile
{
    version     2.0;
    format      ascii;
    class       surfaceScalarField;
    location    "1.8";
    object      phi;
}
// * * * * * * * * * * * * * * * * * * * * * * * * * * * * * * * * * * * * * //

dimensions      [1 1 -1 0 0 0 0];

internalField   nonuniform List<scalar> 
5536
(
7.903109217e-11
-1.646733502e-10
-6.035480331e-11
5.157273283e-11
-1.460376225e-10
-4.236210247e-11
3.225105385e-11
-1.327085582e-10
-2.515587172e-11
3.020282709e-11
-2.777427762e-10
-4.705917202e-11
-6.165469911e-11
-1.582740614e-09
-1.625035913e-09
2.881176065e-09
1.005952835e-10
-4.98595747e-10
-2.283268779e-10
3.424337064e-10
1.914340204e-10
-3.207062305e-10
-1.472369442e-10
1.944065274e-10
1.063093623e-10
-1.883031562e-10
-7.52019128e-11
1.333100497e-10
5.640695594e-11
-1.198122371e-10
-4.510610872e-11
1.141218286e-10
3.744234876e-11
-1.023892572e-10
-3.180039402e-11
1.207496344e-10
2.947166792e-11
-1.253299645e-10
-3.560849133e-11
3.187814504e-10
5.561673088e-11
-3.201307462e-10
-6.837876445e-11
9.364549784e-10
9.950831954e-12
-7.282735916e-10
7.229092102e-11
1.618811638e-09
-1.6887958e-10
-1.284219649e-09
2.733719323e-10
2.741456289e-09
-1.964064481e-09
3.956456242e-11
-3.613050021e-10
-5.019084743e-10
-2.440717015e-09
7.769747459e-10
-2.956896662e-08
1.126350661e-08
1.906847046e-08
-1.9705863e-08
-8.648101525e-09
7.196212644e-09
-3.689958112e-09
-1.380261788e-08
-1.343140854e-10
8.48797936e-09
3.641181593e-10
8.214838825e-11
-3.34575782e-10
-2.06033178e-10
3.001871156e-10
1.748599107e-10
-2.812875005e-10
-1.484879497e-10
1.926020315e-10
1.146173701e-10
-2.024208402e-10
-8.023034426e-11
1.211663726e-10
5.875278281e-11
-1.327158466e-10
-4.800063821e-11
1.073189437e-10
4.132147491e-11
-1.214863335e-10
-3.772019611e-11
1.365151649e-10
3.88785993e-11
-1.433526666e-10
-4.665773194e-11
2.773527068e-10
5.482533363e-11
-2.091132294e-10
-4.429973969e-11
5.755225844e-10
-1.328784041e-11
-4.653638307e-10
6.889303313e-11
1.009250554e-09
-1.230825633e-10
-8.023224948e-10
1.882327602e-10
1.620399383e-09
-2.717532075e-10
-1.322117511e-09
3.917701458e-10
2.422047085e-09
-5.613851432e-10
-2.221163647e-09
7.277264354e-10
1.58135247e-09
-7.974160645e-10
-2.098347024e-09
7.247450162e-10
-2.869469681e-10
2.137415614e-10
-4.110056627e-10
-8.700692189e-09
-3.917272536e-08
2.347344808e-08
2.704335518e-08
-1.193383914e-08
-2.896403386e-08
1.34035221e-08
3.660193766e-09
-1.059495626e-08
-7.200123394e-10
-1.095155107e-10
3.837827323e-10
2.785271783e-10
-4.258556121e-10
-2.108489485e-10
3.17361659e-10
1.808577021e-10
-3.321728787e-10
-1.653958014e-10
2.722629002e-10
1.54574467e-10
-3.014510488e-10
-1.431258892e-10
2.156306044e-10
1.270820594e-10
-2.401922269e-10
-1.050455697e-10
1.478395251e-10
8.188260542e-11
-1.625572277e-10
-6.918578309e-11
1.362909657e-10
6.21265538e-11
-2.375086113e-10
-5.431893269e-11
1.391434505e-10
4.822131566e-11
-1.242805249e-10
-4.227330308e-11
1.424997434e-10
3.131011285e-11
-9.408688531e-11
-1.659380057e-11
3.83350721e-10
-1.938049309e-11
-3.248700669e-10
5.513750564e-11
6.526971877e-10
-9.08691055e-11
-5.459693638e-10
1.334573886e-10
1.080859283e-09
-1.954283196e-10
-8.935488092e-10
2.920135332e-10
1.927558656e-09
-4.333037723e-10
-1.630308686e-09
6.103465292e-10
2.22527457e-09
-7.766998104e-10
-2.085677788e-09
7.723266712e-10
3.421962266e-10
-4.594618869e-10
-4.82456324e-10
1.586166024e-10
7.889947712e-11
-8.185609346e-11
3.776175202e-11
-5.506075908e-11
-5.286791068e-11
-1.200952694e-10
6.276953445e-08
-4.901790591e-08
-5.47771168e-08
2.188847547e-08
4.597516515e-08
-1.315948677e-08
-5.234883818e-08
1.43088114e-08
2.481939347e-08
-1.748700493e-08
-1.146386183e-08
-7.730795704e-11
6.373038639e-10
4.822776962e-10
-6.394280556e-10
-4.290343699e-10
4.823782086e-10
3.250857008e-10
-8.877513515e-10
-3.033089097e-10
5.312949388e-10
3.346169832e-10
-1.999515392e-09
-3.713468669e-10
5.420470812e-10
3.537227956e-10
-1.873062375e-09
-2.791066462e-10
3.260369815e-10
1.976909679e-10
-7.211073512e-10
-1.425932504e-10
2.068251432e-10
1.224768973e-10
-1.229482978e-09
-2.892645877e-10
3.421931698e-09
8.93423046e-10
-2.4926629e-08
-3.902094863e-10
1.033713307e-10
5.361093646e-11
-8.019471977e-11
-3.104344249e-11
6.532451545e-11
1.640194792e-11
-5.007141966e-11
-6.592598562e-12
2.932213364e-10
-1.929685202e-11
-3.045005958e-10
4.710558699e-11
4.702294965e-10
-7.289001681e-11
-4.184020849e-10
1.026420465e-10
7.502740282e-10
-1.470825309e-10
-6.406243716e-10
2.17985926e-10
1.369440627e-09
-3.251230895e-10
-1.147995744e-09
4.678901407e-10
1.838570529e-09
-6.205730118e-10
-1.553770365e-09
6.880149661e-10
6.031877212e-10
-5.478043834e-10
-6.575393182e-10
2.911995163e-10
1.304538093e-10
-1.3323434e-10
-2.020792426e-10
9.063099933e-11
1.904314662e-10
-1.117145415e-10
-2.838610163e-10
1.794244434e-10
-5.289487083e-10
-3.012137036e-10
4.611862828e-08
-4.73782216e-08
-2.419585364e-08
3.143883506e-08
5.268469988e-08
-2.361821327e-08
-4.666958058e-08
2.272595489e-08
6.077363777e-08
-2.345661244e-08
-6.046237335e-08
3.022030978e-08
5.850528975e-09
-2.565558453e-08
-2.698121345e-09
-3.979620324e-10
9.932195688e-10
9.47082514e-10
-2.836169645e-09
-1.357885208e-09
3.400970374e-09
2.919164466e-09
-1.150516829e-08
-5.432214617e-09
7.588038323e-09
7.095566712e-09
-1.552549445e-08
-6.851365803e-09
5.467026523e-09
5.31400657e-09
-8.827218165e-09
-3.495212239e-09
2.124811948e-09
2.079548162e-09
-4.98736444e-09
-1.613917164e-09
1.133699874e-08
3.438229655e-09
-3.533147679e-08
-8.120478197e-09
5.717600745e-08
9.280103714e-09
-7.132674401e-08
-4.728926184e-09
5.788723507e-11
5.270642092e-11
-3.844127805e-11
-2.253193552e-11
4.20039629e-11
1.262662834e-11
-3.655835383e-11
-7.763976858e-12
4.114955329e-10
-4.000652084e-11
-7.538323201e-10
6.968956408e-11
3.932665708e-10
-7.795877437e-11
-4.258110934e-10
8.983017834e-11
5.560954147e-10
-1.196937673e-10
-4.90581146e-10
1.71088448e-10
9.63063992e-10
-2.478189406e-10
-8.104344788e-10
3.497672361e-10
1.266787234e-09
-4.60668417e-10
-9.97801796e-10
5.105942521e-10
6.255119635e-10
-4.587556687e-10
-5.21797231e-10
3.458549121e-10
2.662852232e-10
-2.648190438e-10
-2.924177008e-10
2.579867139e-10
3.243718795e-10
-3.036982811e-10
-3.029512901e-10
3.746567186e-10
4.718925408e-10
-4.611946688e-10
-3.564419957e-10
5.650994754e-10
-4.715972125e-10
-7.327474022e-10
6.976574151e-10
9.810876442e-09
3.137598151e-08
-2.478291251e-08
1.00562187e-08
-3.385640634e-09
1.262246374e-08
3.921147398e-08
-6.983132655e-09
-3.583648137e-08
1.268713137e-08
5.126986756e-08
-2.618815559e-08
-4.214922666e-08
3.240582118e-08
6.767197838e-09
1.162941935e-09
-1.507459737e-08
-4.89028591e-09
8.710517451e-09
7.866490568e-09
-1.803893248e-08
-1.347488517e-08
2.219321683e-08
1.942634169e-08
-2.722433458e-08
-2.060270204e-08
1.880517113e-08
1.703267964e-08
-1.593242221e-08
-1.213022031e-08
9.00912044e-09
8.147077484e-09
-7.067598838e-09
-5.781027094e-09
8.314244685e-09
5.359619647e-09
-1.071290491e-08
-7.466982778e-09
5.215365228e-08
1.122188508e-08
-5.514578001e-08
-1.271849694e-08
6.619582002e-08
9.464775339e-09
-5.247461703e-08
-4.182417572e-09
2.310552482e-11
2.191836864e-11
-1.41747446e-11
-1.292926196e-11
2.942280102e-11
9.553380601e-12
-2.591059365e-11
6.599330914e-13
1.585626894e-09
-1.830861338e-10
-2.951794115e-09
3.749471332e-10
6.349094129e-10
-2.921634087e-10
-1.347481686e-09
1.52889854e-10
4.42021386e-10
-1.176012136e-10
-4.171733515e-10
1.430746629e-10
6.856114188e-10
-1.952768113e-10
-5.838537903e-10
2.627325404e-10
7.603405347e-10
-3.298164553e-10
-5.636000532e-10
3.394845574e-10
3.956316559e-10
-3.151146075e-10
-2.936807506e-10
3.011678477e-10
2.769655677e-10
-3.003451968e-10
-2.450548204e-10
3.022056101e-10
2.66262421e-10
-3.044068098e-10
-2.383077615e-10
3.0869167e-10
2.80590811e-10
-3.180316278e-10
-2.427098119e-10
3.362764937e-10
3.445896383e-10
-2.844584007e-10
4.24309352e-10
-3.688213274e-10
-6.617299782e-09
-5.912322007e-09
-3.731413969e-09
-5.776640704e-09
-1.121767669e-08
2.497116377e-08
7.702179835e-09
-2.065870188e-08
-2.134953698e-08
1.029053943e-08
3.456119743e-08
-8.453040053e-09
-2.894026323e-08
1.316260734e-08
4.132206508e-08
-3.064456339e-08
-4.035582521e-08
1.909515957e-08
2.095951473e-08
8.561903605e-09
-1.884580473e-08
-1.643462183e-08
2.442055608e-08
2.066327191e-08
-2.366199022e-08
-2.369301704e-08
2.442137674e-08
2.177913754e-08
-1.797783093e-08
-1.577478815e-08
1.080464699e-08
9.873325127e-09
-6.711734701e-09
-6.132641084e-09
5.052793527e-09
4.276589159e-09
-3.728748153e-09
-3.845926976e-09
1.163784432e-08
4.769799312e-09
-1.136384766e-08
-6.83803904e-09
4.965256906e-08
8.706610501e-09
-4.085518679e-08
-8.077446797e-09
3.806449559e-08
5.140993729e-09
-2.616314738e-08
-2.156486441e-09
1.842998565e-11
1.475997062e-11
-6.301821865e-11
-4.966948329e-12
2.325498768e-11
2.964296242e-12
-2.44335842e-11
5.866290976e-12
4.217032393e-09
-5.42300234e-10
-4.715925767e-09
1.336050944e-09
2.913105764e-09
-1.54596555e-09
-4.765825872e-09
8.605430948e-10
4.416212979e-10
-2.843974928e-10
-5.647977355e-10
1.496833948e-10
5.003093356e-10
-1.608763843e-10
-4.304153787e-10
2.025724136e-10
4.119885563e-10
-2.382099495e-10
-3.046130411e-10
2.275932296e-10
2.308508191e-10
-2.229512257e-10
-2.002946967e-10
2.323416202e-10
2.214328941e-10
-2.44547917e-10
-2.107051733e-10
2.546428401e-10
2.242276886e-10
-2.621930704e-10
-2.221023781e-10
2.680409733e-10
2.29007635e-10
-2.736291356e-10
-2.308115309e-10
2.810171299e-10
2.529153146e-10
-2.937450736e-10
-2.44147477e-10
3.17753065e-10
3.192614655e-10
-2.827744421e-10
4.559745658e-10
-3.607443085e-10
1.162297531e-09
-9.191685348e-08
2.382477512e-08
7.502878378e-08
7.391522218e-09
-7.126378355e-08
5.984896413e-09
6.429359207e-08
1.915237425e-08
-5.0018027e-08
-7.374156276e-09
3.839397464e-08
2.112911691e-08
-3.40591678e-08
-9.114536356e-09
3.089985469e-08
1.548421016e-08
-1.955239289e-08
-1.620674835e-08
-5.808374349e-09
1.465163454e-08
1.036334651e-08
-8.931180071e-09
-1.215176604e-08
1.791857845e-08
1.414808178e-08
-1.149925753e-08
-1.423206019e-08
1.216026919e-08
1.095208866e-08
-8.438652472e-09
-6.71620655e-09
4.267236486e-09
3.974972558e-09
-2.926992854e-09
-2.730813483e-09
2.943154872e-09
2.344765048e-09
-2.420846979e-09
-2.586176635e-09
1.030965586e-08
3.394196819e-09
-8.830293806e-09
-4.535634966e-09
3.158999072e-08
5.090728372e-09
-2.327185958e-08
-4.017150902e-09
1.743799977e-08
2.346602837e-09
-1.149332331e-08
-1.111872082e-09
2.418345593e-10
1.331571416e-10
-7.869789643e-10
-9.496240865e-12
3.748404245e-11
-5.768046169e-12
-7.9732709e-11
1.242281346e-11
4.402178315e-09
-5.662574755e-10
-3.59469943e-09
1.498097977e-09
5.712581073e-09
-2.197781635e-09
-5.376582695e-09
1.961062263e-09
8.182702444e-10
-9.396632827e-10
-1.119029784e-09
2.936817677e-10
3.705195358e-10
-1.547633942e-10
-3.185286711e-10
1.608331999e-10
2.353183661e-10
-1.824854955e-10
-1.937571124e-10
1.859376959e-10
1.884613794e-10
-1.975582634e-10
-1.826216862e-10
2.123222654e-10
2.079133491e-10
-2.280208441e-10
-2.080113051e-10
2.448226247e-10
2.274233679e-10
-2.620847415e-10
-2.366267371e-10
2.786356701e-10
2.422479919e-10
-2.934945525e-10
-2.593443687e-10
3.058655373e-10
2.481908658e-10
-3.153213578e-10
-2.592738748e-10
3.234991426e-10
2.543158487e-10
-3.334543322e-10
-2.238972065e-10
3.446300969e-10
-1.724516188e-10
-4.058580108e-10
-1.725453425e-09
4.634943845e-08
-4.302413382e-08
-4.237159915e-09
-3.933480729e-09
4.767111491e-08
-7.006466238e-09
-5.129639859e-08
-2.490001269e-09
5.444213266e-08
-4.058601177e-09
-5.606199819e-08
8.320937308e-09
5.583602878e-08
6.189426762e-09
-3.951024013e-08
-7.693350056e-09
2.501969749e-08
1.146161146e-08
3.7886293e-09
-4.701286327e-09
-3.822399073e-09
4.720724488e-09
3.259783466e-09
-2.32570724e-09
-3.513736488e-09
6.673619087e-09
4.521840003e-09
-3.537354417e-09
-5.565969068e-09
6.519986709e-09
5.295741266e-09
-5.624034874e-09
-3.385951549e-09
2.171246246e-09
2.072723634e-09
-1.716367397e-09
-1.644034247e-09
2.013193734e-09
1.606266225e-09
-1.673146027e-09
-1.841073465e-09
7.226630417e-09
2.267119964e-09
-5.726639673e-09
-2.717219788e-09
1.651350284e-08
2.634172936e-09
-1.140542295e-08
-1.792402499e-09
7.619939418e-09
1.054551777e-09
-5.139643416e-09
-6.724421661e-10
1.80901993e-09
4.114639745e-10
-2.683063478e-09
8.697788609e-11
1.659355936e-10
-8.807606833e-11
-2.759153075e-10
5.600988192e-11
2.630195068e-09
-3.817470097e-10
-1.736010966e-09
9.42127157e-10
4.166920092e-09
-1.440278815e-09
-2.713312221e-09
1.552087391e-09
1.257060031e-09
-1.104291257e-09
-1.102872866e-09
4.889678238e-10
2.737061572e-10
-1.944347314e-10
-2.352096512e-10
1.347369504e-10
1.682002319e-10
-1.465240161e-10
-1.486127404e-10
1.701737833e-10
1.751354689e-10
-1.856271711e-10
-1.64810698e-10
2.021221043e-10
2.092461009e-10
-2.253433658e-10
-2.122107766e-10
2.543915745e-10
2.480308854e-10
-2.85415544e-10
-2.610257029e-10
3.153992913e-10
2.800955831e-10
-3.42883336e-10
-3.05108589e-10
3.656289811e-10
2.763495677e-10
-3.776597265e-10
-3.070905921e-10
3.731694773e-10
1.91346594e-10
-3.514964964e-10
-1.625516629e-10
3.044148485e-10
9.380085259e-11
-1.084122853e-10
2.905267445e-10
-2.747528604e-10
2.351608486e-09
-1.196457606e-09
4.618984246e-09
-5.599875744e-09
2.394134119e-09
-1.24479096e-10
6.990954027e-09
1.799261958e-09
-8.507974549e-09
3.136577538e-10
9.765223071e-09
-7.178716824e-09
-1.174960617e-08
5.884296849e-09
1.097662223e-08
-3.29282985e-10
-7.869389783e-09
6.04229644e-09
-3.694670146e-09
2.454123138e-09
2.120820007e-09
-1.188588787e-09
-1.222088553e-09
1.166806226e-09
8.863717027e-10
-6.391949951e-10
-8.240273347e-10
1.634411787e-09
9.687486365e-10
-6.938576387e-10
-1.443307415e-09
4.845458569e-09
2.382150117e-09
-3.395424518e-09
-2.297170349e-09
1.426337576e-09
1.340844469e-09
-1.224884962e-09
-1.144581012e-09
1.394208196e-09
1.160257869e-09
-1.173494893e-09
-1.298184019e-09
4.457953406e-09
1.471553429e-09
-3.453592517e-09
-1.554723245e-09
7.730726111e-09
1.278583576e-09
-5.159851692e-09
-7.865074505e-10
3.52468427e-09
5.085079887e-10
-2.420999746e-09
-4.53240953e-10
2.938474222e-09
4.970621202e-10
-2.737081712e-09
6.550283522e-11
3.576192977e-10
-1.716448566e-10
-3.802382577e-10
1.214147882e-10
1.029296747e-09
-2.045419784e-10
-5.448802874e-10
3.849505673e-10
1.486493869e-09
-5.416215806e-10
-6.767647915e-10
5.984530672e-10
7.508900281e-10
-5.336083319e-10
-3.948995028e-10
3.738992367e-10
1.984586512e-10
-2.175443508e-10
-1.52836757e-10
1.330059635e-10
1.28971995e-10
-1.205610548e-10
-1.052408914e-10
1.350919941e-10
1.541703487e-10
-1.527370212e-10
-1.412782979e-10
1.801158217e-10
2.160260389e-10
-2.183817294e-10
-2.117993911e-10
2.625855839e-10
2.744087807e-10
-3.085378544e-10
-2.850419116e-10
3.584887076e-10
3.39505855e-10
-4.184770409e-10
-3.914824198e-10
4.886776874e-10
3.744824425e-10
-5.502912649e-10
-5.070457785e-10
5.698203236e-10
1.855420799e-10
-5.301159374e-10
-4.329791366e-10
5.095371955e-10
1.3513828e-10
-2.050270527e-10
4.843439117e-10
-5.350715268e-10
2.464143777e-10
5.590080751e-09
4.507310849e-10
-4.751073231e-09
-1.229937084e-09
2.65104269e-09
2.052386077e-09
-1.910682918e-10
-1.893675101e-09
-1.963495741e-09
3.145812351e-09
3.586144479e-09
-5.427612728e-09
-4.957573869e-09
5.362775051e-09
4.235293619e-09
-9.490861348e-09
-2.180586275e-09
1.044403653e-08
-8.080460656e-10
5.407793932e-10
5.527487357e-10
-2.38857771e-10
-4.253991367e-10
3.968835699e-10
3.865923883e-10
-2.75913527e-10
-3.476626519e-10
3.679327926e-10
2.823241296e-10
-2.850709567e-10
-2.407396731e-10
1.498634515e-09
3.286288248e-10
-5.023351577e-10
-8.227369884e-10
1.048476124e-09
8.9129184e-10
-8.335873443e-10
-8.24631538e-10
9.983686104e-10
8.327718694e-10
-8.401305076e-10
-8.920033034e-10
2.707737202e-09
9.534435841e-10
-2.433794106e-09
-1.045433246e-09
3.381805568e-09
6.098044568e-10
-2.181073495e-09
-3.409165825e-10
1.620795642e-09
2.476725494e-10
-1.020897119e-09
-2.95843976e-10
2.294281367e-09
4.089755219e-10
-1.784075551e-09
2.259272584e-11
3.415262345e-10
-1.397062885e-10
-2.551066472e-10
1.157953212e-10
2.656489798e-10
-9.495717553e-11
-1.425244445e-10
1.093630545e-10
2.560886739e-10
-1.255219118e-10
-1.046178988e-10
1.335497783e-10
1.611549934e-10
-1.430173926e-10
-6.95693317e-11
1.508418493e-10
9.495346203e-11
-1.407838882e-10
-5.011871626e-11
1.182596158e-10
7.345962283e-11
-1.043129899e-10
-6.74745462e-11
1.203851495e-10
1.159867405e-10
-1.694549163e-10
-1.081632199e-10
2.487992986e-10
1.85905746e-10
-3.514787477e-10
-1.603300535e-10
4.736301066e-10
2.77151424e-10
-6.191051375e-10
-2.394367674e-10
7.994382542e-10
4.249426303e-10
-1.031572383e-09
-3.502344329e-10
1.331854592e-09
6.484395524e-10
-1.70128478e-09
-5.317228503e-10
2.103469476e-09
8.164102548e-10
-2.452302698e-09
-8.12911363e-10
2.631148281e-09
5.596341667e-10
-2.609991121e-09
-1.011728204e-09
2.411950996e-09
4.016079228e-10
-6.676887836e-10
-1.98741239e-09
7.208947691e-09
-1.114218459e-09
1.893494631e-09
-6.097549066e-09
-2.967112481e-09
3.02699493e-09
3.999938592e-09
8.86714361e-11
-4.354241054e-09
-1.79658963e-09
5.425704277e-09
2.181425093e-09
-5.520193399e-09
-2.406148962e-09
5.978004936e-09
1.654236658e-09
-7.310561974e-09
-7.488824769e-10
3.270616673e-09
-4.384279135e-11
8.193654829e-11
4.743511395e-11
-4.726376828e-11
-5.590451939e-11
1.825389294e-10
9.775673078e-11
-5.894569111e-11
-1.926275638e-10
2.616978921e-10
2.681193775e-10
-9.686402609e-11
-2.701892399e-10
3.617720144e-10
2.910559925e-10
-2.174073797e-10
-3.639003295e-10
5.552471242e-10
4.339207281e-10
-3.375491586e-10
-4.653303484e-10
6.591381382e-10
4.992696403e-10
-4.704126431e-10
-5.931216838e-10
4.804541894e-09
1.706823241e-09
-2.099541117e-08
-8.99483786e-09
1.576683245e-09
4.817316187e-10
-2.173723953e-09
-1.185557329e-10
5.818247885e-10
9.674394134e-11
-2.891233265e-10
-1.591900277e-10
1.310926806e-09
2.766681733e-10
-9.011427079e-10
1.90796768e-11
1.592063974e-10
-1.133197787e-10
-8.519905292e-11
1.254570492e-10
9.644176276e-11
-1.322237547e-10
-6.161009692e-11
1.384285061e-10
8.29672008e-11
-1.460520301e-10
-6.31048832e-11
1.538361633e-10
6.982157676e-11
-1.60659701e-10
-6.895890253e-11
1.587214114e-10
4.619244278e-11
-1.422128738e-10
-5.38254308e-11
1.139832199e-10
1.778090094e-10
-1.002019088e-10
-4.708929521e-10
6.957416163e-10
3.567022044e-10
-1.450217459e-09
-2.12425516e-09
1.688558643e-09
2.694953896e-10
-1.47337638e-09
-1.539324141e-09
1.300576459e-09
3.233712115e-10
-1.382039572e-09
-6.527981984e-10
1.647339842e-09
4.231178893e-10
-1.95516444e-09
-7.762974994e-10
2.184823539e-09
4.554876784e-10
-2.281714811e-09
-8.573588052e-10
2.304782794e-09
5.448550859e-10
-2.410822258e-09
-5.683258799e-10
2.747822214e-09
8.372767886e-10
-3.340328096e-09
-4.967513481e-10
4.037003218e-09
6.808839767e-10
1.20246375e-10
-4.513772208e-09
4.297045767e-10
1.446051385e-09
-7.083686758e-09
6.384366626e-09
-2.634307734e-09
3.488322995e-09
-4.924724552e-09
-4.772985178e-09
2.62741554e-09
5.398444342e-09
4.207335983e-10
-5.82059526e-09
-1.97710716e-09
5.661179912e-09
1.125316655e-09
-5.972503042e-09
-1.87785036e-10
4.70786074e-09
-3.526700705e-10
4.084554774e-12
1.266795728e-10
-2.2605245e-11
-9.432875706e-11
3.087369656e-11
9.2140731e-11
-1.475872396e-11
-1.015706318e-10
3.847207897e-11
1.092986283e-10
-2.295870023e-11
-1.173433899e-10
4.916842153e-11
1.212804051e-10
-2.618292162e-11
-1.205004935e-10
9.586762479e-11
1.199900494e-10
-3.663512137e-11
-1.267105752e-10
1.760654676e-10
1.416761735e-10
-7.2318427e-11
-1.695287078e-10
4.588545401e-10
3.438793864e-10
-9.566631455e-10
-3.478290182e-09
6.25032786e-08
2.698979753e-08
-8.152226939e-08
-6.994753061e-08
5.284001489e-09
1.924831855e-09
-8.598428578e-09
-2.022712264e-11
1.219095847e-10
2.282051065e-11
-4.414066893e-11
-5.324032327e-11
5.371270122e-10
1.390265563e-10
-2.349148016e-10
1.544541156e-11
5.269703514e-11
-4.697424585e-11
-3.894159727e-11
7.247941424e-11
3.637989095e-11
-8.346678682e-11
-2.230890811e-11
9.671655526e-11
4.047127782e-11
-1.143345899e-10
-2.311471586e-11
1.363807348e-10
4.996517454e-11
-1.607868246e-10
-2.956818265e-11
1.847085021e-10
4.555865789e-11
-2.024512568e-10
-3.235889669e-11
2.06611803e-10
7.628458705e-10
-2.891244563e-10
-6.492435603e-10
3.919978298e-09
4.928616899e-09
-1.409733774e-08
-4.901887082e-09
2.910809466e-08
6.538005592e-09
-4.195539781e-08
-8.880112287e-09
4.429864153e-08
2.516007222e-09
-3.328035645e-08
-5.960274675e-09
1.74584503e-08
1.029292435e-09
-8.495806001e-09
-1.402085173e-09
6.48993238e-09
1.318311565e-09
-7.178967009e-09
-1.03294271e-09
8.169314813e-09
1.09659117e-09
-8.231854066e-09
-1.162618387e-09
6.813123902e-09
4.575012907e-10
-4.583173939e-09
-5.507048972e-10
3.028512899e-09
4.332941881e-10
-2.768202924e-10
2.924202702e-09
-2.642653524e-09
-2.05010887e-09
2.151342632e-09
-5.510338282e-09
5.082608231e-09
-4.151631725e-09
4.311274737e-09
-3.979967684e-09
-5.649779387e-09
2.595427054e-09
5.328574715e-09
-8.509231118e-10
-5.146431106e-09
1.294295056e-10
4.416095044e-09
-2.334880349e-10
-2.315666456e-09
3.406921439e-10
5.485577038e-10
-1.836425004e-11
9.010048897e-12
2.334298561e-11
5.229044898e-13
-3.040115927e-11
5.481969252e-12
3.97032908e-11
4.542111977e-12
-4.599067453e-11
1.307681609e-11
4.595460011e-11
-8.780724695e-12
-4.991892381e-11
1.477379686e-11
5.715443564e-11
-8.822495963e-12
-6.242018407e-11
1.582228734e-11
5.994887691e-11
-7.830838771e-12
-4.998370055e-11
2.326283219e-11
4.159134415e-11
-7.817043461e-12
-4.422421774e-11
7.566354687e-11
6.155059946e-11
-1.758677478e-11
-8.993148556e-11
7.723206562e-10
2.451540513e-10
-2.566328761e-11
-1.169590626e-09
2.582096382e-11
7.640230291e-12
-5.257906926e-12
-2.25414528e-12
1.66454801e-11
3.801635439e-12
-9.294183291e-12
-7.790102009e-12
6.040380436e-11
1.597096205e-11
-1.291179665e-11
2.856094912e-12
2.22195824e-11
-2.605298932e-11
-1.139707087e-11
3.453438806e-11
9.749937845e-12
-3.789398083e-11
1.211952623e-12
4.018845876e-11
8.375998296e-12
-4.447852763e-11
2.963896648e-12
4.646558022e-11
1.098080143e-11
-4.875690836e-11
-1.306375118e-13
5.70567254e-11
1.637437465e-11
-6.936810574e-11
-1.269545604e-11
9.410328829e-11
1.045893621e-10
-1.311347908e-10
8.143536232e-11
1.887032907e-09
5.250863598e-10
-4.085496318e-09
4.419083456e-11
3.941391774e-09
3.010192228e-10
-2.081151673e-09
-2.911075082e-12
9.996109031e-10
2.468551166e-10
-7.803442253e-10
-9.866376491e-13
9.151911447e-10
2.924049635e-10
-1.198571534e-09
-5.978184995e-13
1.585854526e-09
4.159388467e-10
-2.083195639e-09
-1.257827909e-12
2.678795341e-09
5.302223183e-10
-3.213821455e-09
-6.352101e-12
3.288795405e-09
2.705860912e-10
-2.599113931e-09
-1.935293213e-11
1.661579465e-09
1.440738185e-10
-3.865492073e-11
1.108746835e-09
-1.183398758e-09
-2.455484306e-09
2.65877414e-09
-5.160355788e-09
4.389715625e-09
-3.840513526e-09
3.045419111e-09
-3.558545763e-09
-4.394578809e-09
2.682058503e-09
3.180251946e-09
-1.873772165e-09
-3.758225435e-09
1.208298836e-09
2.842290549e-09
-8.975553841e-10
-1.37255825e-10
9.35886196e-11
6.051264149e-11
-4.239313792e-11
-9.7561027e-12
4.899807074e-11
2.169051655e-11
-5.903713997e-11
-6.557072283e-12
7.442691305e-11
2.603980026e-12
-6.631076121e-11
4.076375014e-12
6.483258494e-11
2.565735743e-12
-6.488025925e-11
2.906493053e-12
5.503299442e-11
-1.38789174e-13
-3.472280144e-11
9.527060612e-13
1.529892407e-11
-1.331937959e-13
-6.169539266e-12
8.198580459e-13
7.150151995e-12
-1.04694274e-12
-1.257628216e-11
4.129158372e-12
1.537606402e-11
-4.08302809e-12
-1.15816346e-11
1.327059388e-12
5.335888113e-12
2.905817785e-12
-2.978820472e-12
1.049130876e-12
5.872398796e-13
4.100334307e-13
-3.152114167e-13
6.003799385e-12
8.630090591e-13
-3.420244505e-12
-3.017602162e-12
1.069489545e-11
4.905828126e-13
-1.188654987e-11
2.480807353e-12
6.361967319e-12
-1.900180487e-12
1.405121798e-11
-2.686985365e-12
-1.40999637e-11
-7.991952558e-13
1.675434661e-11
4.17033219e-12
-9.930047544e-12
2.969106528e-12
1.43892081e-11
-3.254677184e-12
-1.167164916e-12
1.609833294e-13
6.19070309e-13
5.042238521e-13
-3.172222226e-12
-2.923515257e-12
6.356690271e-12
1.559145951e-11
7.805377183e-12
-2.734967603e-11
-4.062631881e-12
2.419836028e-11
2.940279201e-12
-1.336531215e-11
-2.655211973e-12
9.478243148e-12
2.048680754e-12
-5.983425053e-12
-9.464608675e-13
3.826169682e-12
5.41492913e-13
-2.609244041e-12
-2.162015722e-13
1.935866204e-12
2.713442685e-13
-1.515967236e-12
-1.067512265e-13
1.293377196e-12
2.633937809e-13
-1.254092092e-12
-9.428089584e-14
1.488690075e-12
8.784020548e-13
-2.455909864e-12
-2.836170655e-13
5.556670587e-12
4.60255046e-12
-1.372976957e-11
-1.720513544e-12
3.116229791e-11
1.554739535e-11
-6.920887246e-12
1.072864471e-10
-6.167502897e-11
-2.607177619e-09
2.459470249e-09
-4.517109968e-09
3.07600973e-09
-2.215541804e-09
1.53998785e-09
-2.231811381e-09
-2.000116864e-09
1.697385083e-09
1.085376895e-09
-1.295488889e-09
-1.670218245e-09
9.124629997e-10
7.281520246e-10
-5.454545392e-10
-4.058058438e-11
5.094142433e-11
3.101635219e-11
-4.0117044e-11
-2.058120218e-11
3.71265849e-11
1.972240725e-11
-3.317888091e-11
-1.468408698e-12
2.691389827e-11
3.061904976e-12
-2.343655208e-11
-3.196525402e-12
1.504519748e-11
4.260768229e-12
-7.715009783e-12
-9.709382011e-13
2.980783316e-12
7.318703159e-13
-1.130383564e-12
-9.468234874e-14
1.095196354e-12
3.137240834e-13
-2.039362725e-12
-5.909645199e-14
3.613275248e-12
9.921888402e-13
-5.783497585e-12
-2.623723559e-14
8.680560951e-12
3.586272095e-12
-1.289209525e-11
-1.129013404e-11
1.921190537e-11
2.405849787e-11
-2.088742864e-11
-5.283126004e-12
1.646225393e-11
2.424242105e-11
-1.738659967e-11
-2.449867364e-12
3.012045465e-11
3.767062275e-11
-5.037774491e-11
-7.153324182e-12
7.750901052e-11
6.428914073e-11
-7.29321755e-11
-3.496666192e-11
4.148347484e-11
8.197352717e-11
-7.815044636e-12
-2.009249139e-11
-1.014641833e-12
2.451845538e-11
3.539146465e-12
-1.652634131e-11
3.260487616e-13
1.877753259e-11
-1.206730136e-12
-3.151793108e-13
2.636701837e-14
1.662481409e-13
1.091082389e-13
-5.999926419e-12
-4.219333482e-12
1.663729824e-12
1.31160323e-11
2.389648252e-12
-1.109168513e-11
-8.68362294e-13
6.494689982e-12
9.961612879e-13
-3.317801483e-12
-3.413675897e-13
1.911050417e-12
2.497338561e-13
-1.247737364e-12
-6.859881852e-14
7.723444042e-13
5.360085968e-14
-5.689779145e-13
2.431375009e-14
4.326472948e-13
2.735325049e-14
-3.500591553e-13
8.679675859e-15
3.027295303e-13
2.545934702e-14
-2.887463445e-13
5.394599384e-15
3.245029913e-13
7.721546897e-14
-4.896846785e-13
7.553838409e-15
1.072144433e-12
5.286215995e-13
-2.88397691e-12
-2.270180254e-13
7.829378075e-12
2.204793198e-12
1.751919146e-13
3.676397859e-11
-1.816080374e-11
-3.046733598e-09
-9.22595515e-09
3.996179376e-09
-1.268278368e-09
1.85805529e-09
-1.928681179e-09
-5.770325492e-10
1.032515074e-09
4.257612089e-10
-6.424585209e-10
-2.721791813e-10
4.118453148e-10
1.390454407e-10
-2.466261608e-10
-2.758792234e-11
1.419082197e-10
3.696564413e-11
-1.049457574e-10
-1.655639161e-11
8.418429358e-11
1.800306932e-11
-6.730647991e-11
-6.451568985e-12
4.961075459e-11
9.015062834e-12
-3.734185439e-11
-4.490126811e-12
2.373297475e-11
3.892165926e-12
-1.450015337e-11
-8.113891368e-13
9.464710512e-12
1.723022315e-12
-7.009702415e-12
-5.321539504e-13
5.748461572e-12
1.290151274e-12
-4.431057904e-12
-1.168172777e-12
3.784615835e-12
2.311952072e-12
-4.594538953e-12
-5.591754721e-12
7.054083244e-12
8.293342414e-12
-1.345506753e-11
-3.32956118e-11
2.572347006e-11
3.962298623e-11
-4.151587067e-11
-5.779426343e-11
6.035590262e-11
9.318840069e-11
-9.023096017e-11
-1.029194034e-10
1.35542403e-10
1.559119211e-10
-1.780173997e-10
-1.3368687e-10
2.047678846e-10
1.798481235e-10
-2.120690994e-10
-1.620234668e-10
1.521700558e-10
2.296197243e-10
-3.360775765e-11
-3.09338713e-11
-5.510038194e-12
4.041046875e-11
4.6773987e-12
-3.446455354e-11
-1.161585955e-11
6.607198362e-11
-3.104275408e-13
-1.005069276e-13
6.272026908e-15
7.684199474e-14
3.892423018e-14
-1.418773277e-12
-1.576737636e-12
1.251036181e-12
1.91815609e-12
1.921889027e-13
-1.288542816e-12
1.17772326e-13
8.220639279e-13
1.226694658e-13
-5.224039546e-13
-3.565999749e-14
3.327082005e-13
4.882023073e-14
-2.103218197e-13
-2.636207802e-14
1.42248348e-13
-3.279220527e-14
-1.53183121e-13
4.046208073e-15
2.507315513e-13
-3.058732696e-14
-7.867267242e-13
1.606141243e-13
3.851372183e-12
-1.051160268e-13
-1.458765449e-11
4.343322614e-12
3.855271151e-11
-1.215282011e-12
-7.731600932e-11
2.130889571e-11
1.283684642e-10
-7.155167905e-12
-1.870836446e-10
4.842057365e-11
2.432868753e-10
-2.002418324e-11
1.122756891e-12
3.08011622e-10
-2.64108322e-10
1.904623192e-08
-3.016333819e-09
4.840647924e-09
-1.643874722e-08
-4.384991035e-10
1.21686266e-08
9.899912703e-11
-7.501008511e-09
1.889855784e-10
4.239615274e-09
-1.126570837e-10
-2.434376456e-09
1.804083319e-10
1.462459588e-09
-6.869028902e-11
-9.2694243e-10
1.272358224e-10
6.320437572e-10
-6.258580534e-11
-4.735604688e-10
1.12560511e-10
3.909445497e-10
-7.333694915e-11
-3.467674445e-10
1.184422336e-10
3.18261979e-10
-8.786443877e-11
-2.924978088e-10
1.17078095e-10
2.621420394e-10
-9.942611208e-11
-2.219614561e-10
6.690854387e-11
1.679238788e-10
-7.984731771e-11
-1.004042231e-10
-9.502235481e-12
2.946445458e-11
2.727950966e-11
-2.569179264e-11
-1.730704987e-11
2.577092134e-11
3.979201135e-11
-3.233319121e-11
-5.21132838e-11
4.664948403e-11
7.690468001e-11
-6.864994729e-11
-1.268789439e-10
9.642664342e-11
1.602349691e-10
-1.262854444e-10
-1.915511904e-10
1.503841697e-10
2.08651557e-10
-1.607501466e-10
-1.863286038e-10
1.584061234e-10
1.677577917e-10
-1.523631396e-10
-2.300371524e-10
1.299882256e-10
1.966772236e-10
-6.222722122e-11
-4.804035792e-11
-1.884849013e-12
5.095875048e-11
5.114275317e-12
-1.332723831e-10
-1.461863713e-11
2.564607136e-10
-1.394690653e-13
-7.614092475e-14
1.776564501e-15
9.067964372e-14
3.673515486e-14
-9.183986108e-13
-4.629907553e-13
6.160962011e-13
6.3415864e-13
-2.378166592e-13
-5.76646358e-13
2.270906999e-13
4.417510486e-13
-1.521494344e-14
-3.063737321e-13
3.574080329e-14
1.98129741e-13
1.360102327e-14
-1.308641527e-13
3.879054722e-15
1.12270926e-13
2.643600915e-14
-1.513466491e-13
1.690118964e-14
2.744956198e-13
-3.433086518e-13
-5.573489212e-13
2.724774156e-13
1.608836673e-12
-6.995474661e-12
-5.635207468e-12
4.109286677e-12
1.628292476e-11
-2.876650359e-11
-3.596769251e-11
1.925798715e-11
6.285614915e-11
-5.765270361e-11
-9.062041883e-11
3.714792836e-11
1.103513526e-10
-3.416393171e-11
2.980567917e-11
-1.109340604e-10
2.032396143e-08
-2.764690392e-10
-7.245021241e-09
-5.230845547e-09
2.12890935e-09
-1.077853103e-10
-3.161631254e-11
-7.488732971e-10
4.720421986e-11
4.268890491e-10
-2.646040412e-11
-2.9539955e-10
3.895153303e-11
2.331190336e-10
-2.461435257e-11
-2.075637705e-10
4.473518022e-11
1.982847723e-10
-3.128941332e-11
-1.939290988e-10
5.620846069e-11
1.901567687e-10
-4.016780073e-11
-1.860285345e-10
6.976702129e-11
1.816279273e-10
-5.063102185e-11
-1.77012069e-10
8.547570532e-11
1.716567312e-10
-6.65291941e-11
-1.636955266e-10
8.273980825e-11
1.494238837e-10
-7.293205364e-11
-1.264086457e-10
-5.852017208e-11
1.141694387e-10
1.09409406e-10
-9.944650342e-11
-8.209213878e-11
8.687840109e-11
1.472287422e-10
-8.48944383e-11
-1.140833495e-10
9.315125407e-11
1.619121291e-10
-1.086224932e-10
-1.918883393e-10
1.250337336e-10
2.206036977e-10
-1.337820587e-10
-2.104678099e-10
1.265395513e-10
2.0427891e-10
-1.052860922e-10
-1.463729198e-10
8.94179592e-11
1.296104415e-10
-7.567677207e-11
-1.617504299e-10
6.151687259e-11
1.276010304e-10
-2.99188182e-11
-5.521406754e-11
-4.417115316e-12
5.762007976e-11
5.172272629e-12
-4.476586659e-10
-2.466995808e-11
6.960895843e-10
1.147795634e-11
-1.70477381e-13
-1.494918292e-12
2.201618568e-12
5.337744706e-13
-4.325302192e-13
-3.765771818e-13
4.944666506e-13
2.829790512e-13
-1.838042273e-13
-2.03712228e-13
1.599251751e-13
1.383404095e-13
-3.642315013e-14
-9.438023635e-14
3.399269451e-14
7.23091303e-14
-1.468179517e-14
-6.899047642e-14
2.459596174e-14
8.326935522e-14
-3.261934873e-14
-1.344103625e-13
6.461761007e-14
2.719977893e-13
-2.6679712e-13
-6.347995194e-13
3.826426394e-13
1.57240215e-12
-2.516024259e-12
-3.847220339e-12
2.307691927e-12
8.641630178e-12
-1.109386423e-11
-1.68770693e-11
8.352548079e-12
2.823243415e-11
1.743723337e-11
5.377544038e-11
-2.201318747e-11
-4.111845493e-11
-2.797743226e-11
-7.844962442e-11
1.03970099e-11
6.501562992e-11
-3.723354085e-10
2.170463522e-10
1.166269439e-11
2.13328358e-12
-1.597658146e-10
9.831148487e-12
1.352682764e-10
7.075094193e-13
-1.27571527e-10
1.288529323e-11
1.270683628e-10
-1.034462701e-12
-1.291454997e-10
1.795667279e-11
1.325385958e-10
-2.862617482e-12
-1.369128566e-10
2.376084035e-11
1.419602647e-10
-5.647026084e-12
-1.471432452e-10
2.925729185e-11
1.523929078e-10
-6.894731185e-12
-1.601496723e-10
3.959670793e-11
1.753722194e-10
1.216574217e-12
-1.994205539e-10
4.271383552e-11
2.302422885e-10
2.103422004e-11
-2.602482072e-10
-1.884789485e-10
2.640825006e-10
3.468297609e-10
-2.495761961e-10
-2.35664661e-10
2.064252413e-10
3.572544361e-10
-1.721354004e-10
-2.199206516e-10
1.626353825e-10
2.895638222e-10
-1.590215775e-10
-2.472936825e-10
1.557109739e-10
2.745211412e-10
-1.442567805e-10
-1.93807776e-10
1.188429199e-10
1.809662934e-10
-8.438584849e-11
-1.160067247e-10
6.762511382e-11
1.047445188e-10
-5.302234086e-11
-9.646112795e-11
3.843984085e-11
7.084074411e-11
-1.624539814e-11
-5.75169721e-11
2.048034072e-12
6.239118374e-11
5.209461207e-12
-8.702639461e-10
-4.27218862e-11
1.077205726e-09
1.597198069e-10
-4.687390785e-11
-8.998055847e-11
1.254770404e-10
5.974412395e-11
-7.88777941e-12
-4.340995714e-11
2.88801303e-11
3.067922294e-11
-2.702049826e-12
-2.012942474e-11
1.057555296e-11
1.165072636e-11
-4.728889971e-13
-5.639901391e-12
1.925384174e-12
2.337554224e-12
4.192492145e-13
-9.180451384e-13
2.399424449e-11
1.694232823e-10
-2.898878155e-13
-2.107500891e-10
7.680870138e-11
1.313369422e-10
-6.52540339e-13
-5.897133845e-11
1.471066836e-11
2.252607416e-11
-2.857297851e-12
-1.293492845e-11
6.85578453e-12
1.825871831e-11
-8.353021131e-12
-3.159120008e-11
6.460505737e-12
5.076335798e-11
-1.57285542e-11
8.384135968e-12
1.019000456e-10
-7.512322978e-11
4.222338471e-10
-2.875166182e-11
9.076875185e-11
-3.233679973e-10
-1.733983497e-11
2.60981219e-10
5.585723086e-11
-2.202362405e-10
-1.22687995e-11
1.926653296e-10
4.244396438e-11
-1.746177639e-10
-1.222137436e-11
1.657590364e-10
4.005938989e-11
-1.674561005e-10
-1.702256738e-11
1.810761767e-10
5.156873879e-11
-2.069082269e-10
-3.224432793e-11
2.438862128e-10
8.907105563e-11
-2.888765169e-10
-7.353351623e-11
3.36882963e-10
1.560888881e-10
-3.859511451e-10
-1.531406684e-10
4.452745609e-10
3.098768241e-10
-5.432681469e-10
-6.863136025e-10
6.960110929e-10
1.234847039e-09
-7.732793832e-10
-6.162959665e-10
6.296330306e-10
1.289007222e-09
-3.147336433e-10
-3.771238307e-10
2.781429695e-10
4.940941102e-10
-2.442658549e-10
-3.046866117e-10
2.061092748e-10
3.379713178e-10
-1.621317415e-10
-1.684784245e-10
1.129800126e-10
1.589815996e-10
-7.980279028e-11
-9.773450751e-11
6.263495166e-11
9.708124854e-11
-4.677986246e-11
-5.620525169e-11
3.136034676e-11
5.683347869e-11
-1.350660889e-11
-7.796932134e-11
5.043081671e-12
1.09591827e-10
8.718054667e-12
-1.327213859e-09
-6.693981278e-11
1.630648792e-09
2.142710587e-10
-2.329322615e-10
-1.902552798e-10
3.482250677e-10
1.58444112e-10
-6.149559772e-11
-1.185644562e-10
9.500366458e-11
8.2252021e-11
-2.14724885e-11
-5.199065172e-11
2.959382987e-11
2.847304881e-11
-4.596588121e-12
-1.289318217e-11
5.158536055e-12
4.58262791e-12
-7.627951204e-10
-5.618613879e-11
1.450815264e-09
1.741921971e-09
-2.260743373e-09
-4.35729562e-09
4.443880295e-09
6.391814459e-09
-1.912044504e-09
-6.684339167e-09
3.262311165e-09
4.897915322e-09
-1.580553487e-10
-1.868483592e-09
9.537591694e-11
3.58978246e-10
2.186974629e-11
-2.112302928e-10
-1.54747926e-11
2.704979869e-10
9.064049779e-11
2.662719574e-11
-3.17669549e-10
3.250711561e-10
-6.888870559e-10
-7.673135776e-11
5.864734555e-10
-1.077702532e-10
2.213346264e-10
-5.222652713e-10
-8.48181466e-11
4.840237724e-10
1.920759145e-10
-4.632886031e-10
-7.980611381e-11
4.532813811e-10
1.862152191e-10
-4.508604934e-10
-9.25153817e-11
4.569832628e-10
1.801824253e-10
-4.757235684e-10
-1.371964409e-10
5.141454746e-10
1.671519662e-10
-5.741420347e-10
-2.096680783e-10
6.474653931e-10
1.630640319e-10
-7.3659692e-10
-4.100022191e-10
9.054247956e-10
2.864302533e-10
-1.299571015e-09
-1.608778778e-09
2.105640232e-09
4.052462985e-10
-1.730824866e-09
-2.507950384e-09
1.524118643e-09
3.915812429e-09
-7.358941588e-10
-6.672562764e-10
4.997203303e-10
8.865458642e-10
-3.96438124e-10
-3.790862868e-10
2.745747854e-10
3.466786419e-10
-1.599209446e-10
-1.563046994e-10
9.828969703e-11
1.487797155e-10
-8.306874646e-11
-9.829944351e-11
6.493075655e-11
9.813606229e-11
-5.288267393e-11
-7.264737001e-11
4.747218485e-11
9.672955522e-11
-2.645228119e-11
-1.608848611e-10
9.194386314e-12
2.340544655e-10
1.769898626e-11
-1.993393712e-09
-9.899917495e-11
2.399289561e-09
2.791944104e-10
-4.356099988e-10
-2.905179043e-10
4.718872802e-10
2.107879022e-10
-1.16046783e-10
-1.366169345e-10
1.173420553e-10
8.268023606e-11
-3.089727234e-11
-4.533351595e-11
2.607012836e-11
2.171437849e-11
-4.785817848e-12
-9.044080084e-12
4.006064599e-12
3.618885733e-12
-1.695413162e-09
-1.276297399e-11
1.398178707e-09
1.572760121e-09
-5.096331773e-09
-3.753401861e-09
3.699339781e-09
4.744366338e-09
-2.456128813e-09
-3.419692373e-09
4.694250042e-10
1.07763006e-09
-2.215660774e-13
-2.298889199e-10
-5.344983936e-12
1.674931523e-10
1.666020308e-11
1.583207886e-10
1.339056295e-11
-1.720142348e-10
4.307940671e-09
7.399020663e-10
-4.38218888e-09
-6.061606767e-10
5.196569779e-09
-6.523706727e-10
1.392602464e-09
-6.090430826e-09
-6.398804977e-10
6.9287871e-09
1.023490896e-09
-7.568805472e-09
-2.981338762e-10
8.067588406e-09
-1.465903049e-10
-7.885699219e-09
1.160382054e-09
6.441062133e-09
-3.122457089e-09
-4.119138627e-09
2.221455885e-09
1.815656722e-09
-3.131689519e-09
-2.492301975e-10
1.859612556e-09
-7.729339826e-10
-3.089598644e-09
1.474759798e-09
2.869783419e-09
-1.977954644e-09
-7.597220809e-10
-2.651476837e-10
-5.578030162e-09
1.848655707e-09
6.492004944e-09
-1.297817105e-09
-1.002843119e-09
5.80144245e-10
9.114325631e-10
-3.057217651e-10
-2.741578052e-10
1.67859775e-10
2.11948511e-10
-9.837082033e-11
-1.274377772e-10
6.716635347e-11
1.030286985e-10
-4.023730785e-11
-7.883274899e-11
2.608258078e-11
6.313815959e-11
-8.460541355e-12
-1.708328247e-10
-1.676277875e-11
2.144233357e-10
-3.719352742e-12
-3.330745296e-10
1.318587011e-11
4.654695519e-10
3.256155368e-11
-2.791013624e-09
-1.516899505e-10
3.086124876e-09
3.300548989e-10
-4.60210504e-10
-2.73079644e-10
4.057538477e-10
1.637354477e-10
-1.011442691e-10
-8.925820052e-11
7.525128283e-11
4.460506894e-11
-1.878897744e-11
-2.054967374e-11
1.232376223e-11
9.034094707e-12
-3.363216079e-12
-4.215098924e-12
3.096844623e-12
2.571976243e-12
-7.174861299e-10
-3.456265881e-12
2.13462959e-10
2.276698171e-10
-1.31080402e-09
-3.67227908e-10
2.058799062e-10
2.412768376e-10
-5.141092747e-11
-1.16146954e-10
2.469812128e-11
5.603110376e-11
1.52641613e-11
3.325037149e-11
-7.992987815e-12
-3.736109343e-11
-1.251094654e-11
-4.160694066e-11
-2.181995711e-09
-5.907912156e-09
5.763571589e-09
-2.440552142e-09
3.021765055e-09
-5.706641415e-09
-2.165368794e-09
5.207570363e-09
-1.16515061e-09
4.972963711e-10
2.409600446e-09
-5.563829574e-09
-4.555169163e-09
8.753114082e-09
4.211041564e-09
-1.065611148e-08
-4.131314639e-09
1.131541878e-08
2.873749635e-09
-1.136730686e-08
-2.342123163e-09
1.075605761e-08
2.114614621e-09
-9.890232684e-09
-1.372354292e-09
9.769708793e-09
-3.791839757e-09
-6.674918882e-09
9.868795721e-09
1.724971145e-09
-6.781477895e-09
1.67506591e-09
5.551730199e-09
-1.147694061e-09
-6.916090023e-10
3.810606722e-10
4.81439709e-10
-1.806930038e-10
-1.632268136e-10
1.045888666e-10
1.256250889e-10
-6.506998839e-11
-8.211637467e-11
4.433671285e-11
6.804073925e-11
-2.944726294e-11
-5.125278297e-11
1.636767851e-11
4.220818532e-11
-6.579856976e-12
-2.299562694e-10
-7.724675015e-12
2.301170956e-10
-1.286088894e-11
-6.519012954e-10
2.617975824e-11
9.351821861e-10
5.628653065e-11
-3.172745136e-09
-2.444165513e-10
2.94010936e-09
2.987521384e-10
-3.207508976e-10
-1.696002155e-10
2.228051679e-10
8.08209489e-11
-4.901354847e-11
-3.499617357e-11
2.875545269e-11
1.47905378e-11
-8.021922737e-12
-6.713998639e-12
5.697376549e-12
3.709037566e-12
-3.217847041e-12
-2.682413705e-12
3.784695456e-12
2.862088039e-12
-4.882839462e-11
-5.040043239e-12
1.895559129e-11
1.584440332e-11
-4.533307482e-11
-2.423111825e-11
3.817479417e-11
2.808909195e-11
-2.427781486e-11
-3.258584064e-11
3.06678039e-11
3.632794131e-11
-2.168752726e-11
2.630068744e-11
4.080926686e-11
-3.754387778e-11
-6.704575171e-10
-1.969310807e-09
-4.130172678e-10
3.604654164e-09
-6.9332415e-09
3.780878392e-09
5.137385221e-09
-5.201630377e-09
-4.878016395e-09
4.958785872e-09
3.117365064e-09
-3.978396769e-09
-1.981632415e-09
2.86258404e-09
1.35120458e-09
-1.895574391e-09
-6.215634582e-10
1.18666776e-09
9.558214533e-10
-4.744543401e-10
1.611608251e-10
-3.747917649e-09
-1.115293922e-08
3.594659949e-09
1.231420609e-08
-2.381620233e-09
-3.84091887e-09
1.515142181e-09
2.425732099e-09
-6.067691569e-10
-3.340327657e-10
1.962212015e-10
2.39560353e-10
-9.467415429e-11
-9.870016011e-11
5.602540555e-11
8.659402107e-11
-4.25360633e-11
-5.957926656e-11
3.419136282e-11
5.381606093e-11
-2.783911972e-11
-4.452168852e-11
2.885250656e-11
6.241859609e-11
-4.218255158e-11
-3.076001672e-10
7.853918332e-11
3.715928426e-10
-1.25047919e-10
-1.374711944e-09
7.361195764e-11
2.032071357e-09
9.114718481e-11
-2.50777245e-09
-4.016127552e-10
2.041140979e-09
2.076326979e-10
-1.358020707e-10
-7.835867673e-11
9.415104458e-11
3.841618968e-11
-1.652354852e-11
-1.460240149e-11
1.692745219e-11
3.960388724e-12
-4.676116728e-12
-1.760371881e-12
4.375709308e-12
1.342714332e-12
-4.946243073e-12
-1.647430542e-12
6.007073507e-12
3.528112044e-12
-1.800997149e-11
-8.798047094e-12
2.318530719e-11
1.832882045e-11
-3.43447074e-11
-2.028951774e-11
3.151881626e-11
2.592168133e-11
3.777981761e-11
4.257378382e-11
-4.222826741e-11
-3.437412635e-11
1.25041653e-08
1.34630397e-08
-6.091868959e-09
-2.406810085e-11
2.975259144e-09
3.142361344e-09
-1.434117801e-09
7.825156136e-10
-2.230534237e-11
6.842201094e-10
1.285967775e-10
-3.24120393e-10
8.291558868e-11
1.336317914e-10
5.232215844e-12
-5.60000113e-11
3.017206734e-11
7.048080165e-12
-1.264148493e-08
4.147029552e-09
8.69954205e-09
-2.485044797e-09
-1.524963222e-09
6.606530121e-10
1.007103041e-09
-2.536901994e-10
-1.871023574e-10
1.229780706e-10
1.570485792e-10
-7.87345504e-11
-7.989745978e-11
6.458840766e-11
7.914772754e-11
-6.161441429e-11
-5.216070624e-11
6.900695885e-11
5.233382919e-11
-6.313046476e-11
-1.009143808e-10
8.003956099e-11
1.809203834e-10
-9.339280224e-11
-4.413055352e-10
1.084115459e-10
5.285265744e-10
-1.384565443e-10
-2.914094624e-09
1.45935429e-10
3.885697117e-09
1.376170024e-10
-1.535507914e-09
-3.959876887e-10
1.04771629e-09
9.769586032e-11
-5.67664082e-11
-1.56424047e-11
3.435027705e-11
1.224632218e-11
-1.685925562e-11
-1.055983552e-11
1.505576451e-11
7.092417775e-12
-5.405249564e-12
-4.468081382e-12
6.032237252e-12
2.955071226e-12
-7.21876096e-12
-2.43196281e-12
8.251839227e-12
4.064389233e-12
3.468679776e-11
2.305184944e-11
-2.927813248e-11
-1.043699693e-11
-3.062725409e-11
3.996382294e-11
2.875157626e-11
-3.339525933e-11
-7.870413241e-11
4.22550507e-11
-1.433374872e-10
-7.784843165e-12
3.362970276e-09
-1.936598638e-09
5.429863492e-09
-4.042600751e-09
-3.20932737e-09
3.82830935e-09
5.483171871e-09
-3.593630055e-09
-4.800454238e-09
1.66857862e-09
3.123853472e-09
-4.960698353e-10
-1.017111063e-09
1.029791365e-10
1.607242172e-09
2.110312983e-10
-1.694263107e-10
8.937242757e-11
1.765852675e-10
-8.524868693e-11
-8.57290105e-11
8.39304866e-11
1.001752023e-10
-9.414892972e-11
-5.945396219e-11
1.156217787e-10
7.483012716e-11
-1.217497472e-10
-3.148868697e-10
1.661537418e-10
4.843163462e-10
-1.906147947e-10
-6.530342239e-10
1.562877865e-10
8.440084929e-10
-1.504465955e-10
-4.62560713e-09
2.011196169e-10
4.730681848e-09
1.655471491e-10
-7.275149001e-10
-2.471343923e-10
6.137820616e-10
4.351460732e-11
-2.372286851e-11
-1.414842381e-11
1.844334565e-11
1.04686465e-11
-1.364263671e-11
-7.506164108e-12
1.314482176e-11
5.492397117e-12
-6.451189872e-12
-4.043874143e-12
6.795910222e-12
3.071010537e-12
9.703140915e-12
4.61733854e-12
-9.096611629e-12
-2.769424774e-12
-4.772575265e-11
-9.979322981e-12
-9.644501158e-09
-1.156665054e-08
6.142049706e-09
1.376624311e-08
-3.284109637e-09
-8.173603194e-09
1.257386416e-09
2.754251002e-09
-4.201470485e-10
-2.612542426e-09
1.722663985e-10
-3.030455466e-09
4.039122127e-09
-2.007788614e-10
-1.679884022e-10
1.166474048e-10
1.513090525e-10
-1.084042813e-10
-1.180304967e-10
1.147733421e-10
1.30157661e-10
-1.271471593e-10
-8.779064335e-11
1.337078247e-10
9.437385717e-11
-1.530172138e-10
-6.460503089e-10
2.274598168e-10
7.503734194e-10
-3.096447967e-10
-1.129348466e-09
2.531057917e-10
1.524274923e-09
-1.62038515e-10
-4.03114607e-09
1.843082522e-10
2.915278528e-09
6.856430972e-11
-5.827696119e-10
-1.060824542e-10
5.440781391e-10
3.285345341e-11
1.101469402e-11
7.057998126e-12
-1.445982784e-11
-1.118957279e-11
-5.912573245e-12
1.223021542e-11
4.644306566e-12
-1.285196328e-11
-2.339639445e-12
2.792228095e-12
-6.998961493e-12
7.819521795e-10
-1.640107335e-10
-3.215827019e-09
1.008343592e-10
-9.173180113e-11
-1.340439407e-10
9.127919104e-11
1.099419644e-10
-8.554958871e-11
-1.265458787e-10
7.174368896e-11
1.102319541e-10
-1.199953139e-10
-9.922687618e-11
2.112185618e-10
7.00161088e-10
-3.806935877e-10
-7.656294668e-10
3.872644769e-10
2.56771567e-09
-1.987134745e-10
-2.020086176e-09
9.524479687e-11
2.066829817e-09
-3.421043233e-10
-2.058966913e-09
1.204165e-11
1.449672435e-11
-4.581666612e-10
-1.192808258e-11
-8.992315663e-12
-1.864026135e-10
-4.478624833e-10
-1.349664173e-10
-9.838708085e-11
-2.641923983e-10
-5.662316956e-11
2.240816648e-10
-6.261626356e-11
-1.548091865e-10
-5.25830902e-11
1.535132932e-10
-4.475677007e-11
-1.21053581e-10
-3.712216649e-11
1.38458529e-10
-3.056498292e-11
-1.115539523e-10
-3.005831936e-11
1.555901533e-10
-4.491196027e-11
-1.718746436e-10
-6.665934659e-11
5.760700048e-10
-2.040985072e-11
-5.773062666e-10
-2.672473429e-10
8.394137474e-11
-1.284107071e-09
2.928272724e-10
5.51667052e-10
-1.930883464e-09
3.882104974e-09
5.830154029e-09
2.835245284e-10
4.511641577e-09
7.313515053e-10
-7.473368998e-12
-1.539226217e-11
-2.238613229e-10
3.619271582e-10
-1.885792937e-10
-3.340080519e-10
4.352270279e-10
-3.162326718e-10
2.33523329e-09
6.226908116e-10
-2.057575393e-09
7.43805917e-10
2.210543995e-09
4.386947521e-10
-2.395192283e-09
5.737054079e-10
-7.810158658e-10
1.621868777e-08
-5.425469542e-08
1.355942764e-08
1.441050661e-08
1.293577271e-08
-1.483487149e-08
7.17854747e-11
-2.927249105e-10
9.286216816e-11
1.904395215e-11
-1.045068276e-10
2.707899356e-08
5.220054042e-08
9.4599854e-09
-6.103349697e-08
1.297701662e-08
4.195344482e-08
1.719502216e-08
-4.585416192e-08
5.44156519e-11
-8.621874304e-11
8.808251419e-11
6.341441379e-11
-1.378637777e-10
8.92689803e-11
-2.6545438e-10
4.861481925e-08
5.4910035e-08
2.997809352e-08
-3.458900905e-08
6.626939665e-10
-4.643490992e-10
-5.805961342e-10
5.183833567e-08
3.730870423e-08
-8.856747258e-09
3.972667848e-08
6.105443827e-10
-4.834236411e-10
-4.041396742e-10
-6.383688775e-10
-9.313264742e-09
2.067629514e-08
-3.553861595e-09
1.692939612e-08
-1.644072597e-09
3.493417771e-10
-3.131572945e-10
3.307349131e-10
4.698311669e-10
-2.815012638e-10
3.57231425e-08
9.079654346e-09
3.728247521e-08
2.445263931e-09
3.789171407e-10
-3.390202631e-10
3.003095967e-10
-2.370510153e-10
-3.09698078e-08
-7.451950179e-09
8.138519158e-08
-3.02914918e-10
1.542841429e-08
3.772620163e-09
-1.94703939e-09
1.696615171e-08
3.053743959e-10
-3.196396555e-10
1.020520143e-10
-8.330471157e-11
-4.092902943e-09
-1.113805401e-09
-2.495347048e-09
2.414181029e-10
-1.044138186e-09
7.520699831e-10
8.746932348e-10
-9.827584594e-10
-1.216399549e-11
8.608713494e-10
-3.491969579e-10
4.558676855e-11
8.447518423e-10
-5.653103315e-09
-3.80363022e-09
-1.142651795e-08
-3.114372277e-09
1.36677569e-09
-7.869527385e-09
5.204508447e-09
-3.656231937e-09
-7.371595753e-10
-6.352331743e-09
-2.21305051e-09
3.013697829e-09
-5.665251707e-09
2.055933905e-09
-2.33955381e-09
2.742205122e-10
-1.285742775e-10
-5.236747172e-09
-3.34157778e-09
3.281686001e-09
-4.738629895e-09
2.493934524e-10
-1.673362696e-10
4.807356793e-11
-2.106728896e-11
-4.868146638e-09
-2.965845372e-09
2.489398197e-09
-3.789570778e-09
6.54723205e-11
-3.424072107e-11
9.86341021e-12
-3.362138856e-12
-4.978226275e-09
-2.024392265e-09
2.039798268e-09
-2.786150058e-09
1.60701788e-10
-1.217998749e-10
-9.120995278e-13
4.102389455e-11
-2.887369299e-09
4.961155527e-09
-7.791940621e-09
-1.734745129e-10
-6.786044284e-09
8.690026021e-09
-1.890540301e-08
-7.528036346e-11
-2.08220261e-09
-4.233030901e-10
-6.036761502e-13
-6.57585545e-10
-1.840225537e-09
5.833976427e-11
-4.331741132e-11
-1.089159822e-11
1.330357189e-11
-2.47035581e-11
-4.525234642e-10
-6.839392066e-12
-4.521497175e-11
-2.350155979e-10
3.321594846e-10
-2.005698839e-10
-1.149602362e-11
-1.363814442e-10
-7.741063289e-10
-3.690446089e-10
-1.654316543e-09
-2.567608546e-10
4.861821092e-10
-1.546340296e-09
-1.327580811e-10
3.81633696e-11
-3.190539726e-11
-2.153846938e-11
4.284053015e-11
-5.886110129e-09
-1.368415773e-09
2.357411806e-09
-6.889908685e-09
-6.194935502e-10
3.895469876e-11
-3.957976891e-11
-1.266750629e-11
2.119180769e-11
-1.329412607e-11
-2.587753655e-09
-3.524633374e-09
-2.052597593e-11
-4.804665848e-10
9.989495187e-11
-1.294325102e-09
-2.930594216e-11
-3.873326936e-11
-3.621872227e-11
1.014830636e-10
6.380993128e-09
9.972528379e-11
1.969088173e-11
1.973027843e-11
5.968659561e-11
1.567278549e-09
2.176282672e-11
-1.083172901e-11
-3.430140119e-11
3.437961113e-11
-3.253923464e-11
-3.509248068e-11
-8.306126646e-10
-2.759161655e-09
-5.412001459e-09
-6.369211757e-10
4.780057768e-12
-2.03602779e-12
-2.433210566e-11
-2.037115152e-11
-1.069682625e-08
-3.86427892e-09
-6.260878447e-09
-1.510300428e-09
-5.360968833e-09
-3.204094383e-10
-1.367965998e-09
2.417635962e-09
-4.620190946e-10
-1.145839706e-09
2.4911873e-12
-8.41885507e-12
-1.59124877e-11
3.951986804e-12
-1.797600614e-11
4.424975474e-12
-1.00935548e-11
-9.220564805e-12
-7.1590815e-12
-5.989689245e-10
-1.079492895e-10
-6.474882864e-11
-1.161247891e-10
-5.394747498e-11
-9.078802578e-11
-4.923150354e-11
-1.222226927e-10
-9.331201899e-11
-3.003761652e-10
-1.653928245e-10
-3.43856802e-10
-3.403287034e-10
-1.940917046e-09
-4.252163973e-10
-1.772752641e-09
-1.964746292e-10
-1.814867315e-09
1.55729904e-10
-1.472465409e-09
-1.734274938e-09
-4.16398475e-11
-1.497287009e-10
2.549072068e-10
-1.08569941e-10
-2.504234585e-10
-7.407338443e-11
1.435675166e-10
-5.433409423e-11
-1.458491329e-10
-4.329440088e-11
1.07540016e-10
-3.625084511e-11
-1.103374841e-10
-3.214890977e-11
1.049474817e-10
-3.279412689e-11
-1.130202219e-10
-4.230988795e-11
1.889255144e-10
-5.984888614e-11
-1.919743223e-10
-6.001758736e-11
5.14509434e-10
3.335056776e-12
-4.230777413e-10
7.504320078e-11
1.009520674e-09
1.454138385e-10
-7.936294983e-10
2.274330856e-10
1.587920046e-09
-1.270415756e-09
8.269307091e-09
-6.565219659e-09
-7.48043297e-11
-3.047002128e-10
-2.588984494e-10
2.333509922e-10
-2.013175653e-10
-3.615364943e-10
-1.763785626e-10
3.078184881e-10
-1.620497091e-10
-2.923412671e-10
-1.449636354e-10
2.470825631e-10
-1.210683174e-10
-2.486198714e-10
-9.184117096e-11
1.579988732e-10
-6.870177702e-11
-1.75823634e-10
-5.779909257e-11
1.2371927e-10
-5.095163527e-11
-1.386755251e-10
-4.625110615e-11
1.261858834e-10
-4.48680322e-11
-1.343683927e-10
-4.642860461e-11
1.757824193e-10
-4.348095864e-11
-1.464904557e-10
-2.830576731e-11
3.236698079e-10
1.839856681e-11
-2.378935244e-10
6.176893257e-11
6.349976352e-10
1.049641065e-10
-5.217029518e-10
1.571533043e-10
1.015670262e-09
2.301466499e-10
-8.235357943e-10
3.402833437e-10
1.746262104e-09
4.96794037e-10
-1.456713687e-09
6.785249116e-10
2.514641455e-09
8.176938942e-10
-2.337614045e-09
6.998461166e-10
9.602436086e-10
-1.227257787e-09
1.127528938e-08
8.272828711e-09
-2.109358485e-10
-1.506473395e-09
-3.448845711e-10
4.538065008e-10
-2.81074332e-10
-4.793428388e-10
-2.169062683e-10
3.620670779e-10
-1.90911982e-10
-4.740998348e-10
-1.790767e-10
3.171685759e-10
-1.696614364e-10
-5.771511054e-10
-1.563695291e-10
2.758921454e-10
-1.386811072e-10
-4.38313074e-10
-1.177464979e-10
1.980065297e-10
-9.522205698e-11
-2.403066377e-10
-8.435922101e-11
1.595574773e-10
-1.084357835e-10
-7.601114535e-10
-6.896967665e-11
1.511542901e-10
-4.81042525e-11
-8.913645933e-10
-3.648291521e-11
1.148239575e-10
-2.200191219e-11
-8.800872357e-11
-9.780934326e-12
1.808739457e-10
1.873042757e-11
-1.58903747e-10
4.979688909e-11
4.421361553e-10
8.023970524e-11
-3.895145618e-10
1.157041578e-10
6.820157383e-10
1.680406095e-10
-5.781715116e-10
2.511143825e-10
1.212588085e-09
3.754292539e-10
-1.014890373e-09
5.376429727e-10
2.039859061e-09
7.043519369e-10
-1.735594453e-09
7.543026037e-10
1.376441889e-09
5.321322866e-10
-1.362035835e-09
2.293002689e-10
1.482973041e-10
-2.199853545e-10
2.435374838e-08
6.736701028e-08
1.783893873e-08
-5.78556096e-08
2.351129826e-08
5.06911049e-08
1.965930747e-08
-5.137831788e-08
-3.471817388e-10
1.082095235e-09
-5.963558992e-10
-1.077541223e-09
-5.431669214e-10
6.621496418e-10
-6.596899583e-10
-1.634934244e-09
-1.086286387e-09
1.383503363e-09
-1.714007606e-09
-5.993679914e-09
-2.022577559e-09
2.217926899e-09
-1.756507267e-09
-7.192621153e-09
-1.164420068e-09
1.256376313e-09
-6.146970708e-10
-3.520646277e-09
-3.202297641e-10
4.565069627e-10
-5.036781397e-10
-2.293480743e-09
-2.440082526e-09
1.053446309e-08
-4.78218346e-09
-4.313110477e-08
-2.36044595e-09
9.518570719e-09
-6.233431698e-11
-2.804057918e-08
-2.657771323e-11
6.757192669e-11
-1.367002383e-11
-5.185710063e-11
-6.003625381e-12
1.826844926e-10
2.45218973e-11
-2.798737219e-10
5.045110021e-11
3.663039252e-10
7.005879644e-11
-4.012474155e-10
9.359591469e-11
5.016175134e-10
1.312583555e-10
-4.457967388e-10
1.917530302e-10
8.565237914e-10
2.828508658e-10
-7.300121658e-10
4.049169698e-10
1.454994901e-09
5.379705463e-10
-1.206779555e-09
6.025307869e-10
1.230437331e-09
5.183952408e-10
-1.02586304e-09
3.317372842e-10
3.002413303e-10
1.94668873e-10
-3.523283769e-10
1.626896437e-10
2.152694308e-10
2.120096329e-10
-2.753307911e-10
3.176893077e-10
3.925181147e-10
-3.907692986e-10
2.896875887e-08
2.36605269e-08
1.815278925e-08
-1.234918837e-08
1.848041562e-08
4.459634028e-08
2.604478778e-08
-3.480034889e-08
3.077090419e-08
4.574058033e-08
-1.422131761e-10
-3.329768634e-08
-1.550814494e-09
1.917531967e-09
-2.591523581e-09
-5.625924254e-09
-5.20600828e-09
5.936262788e-09
-1.012056414e-08
-1.53954264e-08
-1.401906838e-08
1.564059969e-08
-1.415451919e-08
-2.310910612e-08
-1.152024542e-08
1.249857749e-08
-8.201427204e-09
-1.331082228e-08
-5.517838836e-09
5.979685075e-09
-4.11860179e-09
-6.799059103e-09
-4.918546143e-09
9.954515163e-09
-8.738265991e-09
-2.085738528e-08
-1.241047973e-08
7.10225165e-08
-1.072359501e-08
-7.760585512e-08
-5.102189388e-09
3.515450773e-08
-3.688155081e-11
-3.100808927e-08
-1.815066896e-11
3.884754677e-11
-1.204253558e-11
-2.719495896e-11
-1.02688498e-11
4.943211707e-10
7.869654655e-11
-8.672186642e-10
1.382966665e-10
6.032242975e-10
1.207452569e-10
-1.284497576e-09
9.915711149e-11
4.11394386e-10
1.131491043e-10
-4.179585181e-10
1.549124638e-10
6.286342797e-10
2.189900169e-10
-5.467431153e-10
3.024843997e-10
9.92852144e-10
3.906945231e-10
-8.127910853e-10
4.205161566e-10
7.91520034e-10
3.856352965e-10
-5.700145881e-10
3.348899495e-10
3.49615971e-10
3.084716366e-10
-3.064565323e-10
3.092806895e-10
2.891075911e-10
3.246540715e-10
-2.68340475e-10
3.482626453e-10
3.249639282e-10
3.80403713e-10
-2.695194153e-10
4.240767449e-10
4.01338089e-10
-3.034921675e-10
7.853745257e-09
1.016270603e-08
6.51002157e-09
-2.012980645e-08
1.419431277e-08
2.917865954e-08
3.064219208e-08
-2.978120282e-08
3.494884668e-08
2.333704586e-08
-3.51940017e-09
-2.391086151e-08
-1.122438618e-08
1.338704425e-08
-1.574425302e-08
-2.042634118e-08
-2.146489924e-08
2.451633019e-08
-2.400524265e-08
-2.696384151e-08
-2.057168988e-08
2.294436808e-08
-1.447798673e-08
-1.743557011e-08
-9.366047084e-09
1.031941579e-08
-6.212863823e-09
-6.786987161e-09
-4.877836335e-09
6.405762408e-09
-5.380770833e-09
-5.738648031e-09
-7.751879696e-09
2.713168936e-08
-1.054448065e-08
-2.797997536e-08
-1.064489553e-08
6.89393973e-08
-7.239499288e-09
-5.462082867e-08
-3.05879282e-09
2.354126928e-08
-1.264167167e-11
-1.686062445e-08
-7.885344693e-12
1.778595661e-11
-6.443437196e-12
-1.348640192e-11
3.652540651e-12
1.361642091e-09
3.725552036e-10
-1.775897916e-09
8.599991756e-10
2.861753271e-09
7.918471439e-10
-4.920522671e-09
3.567557179e-10
5.36880727e-10
1.549588851e-10
-9.40340867e-10
1.382421852e-10
4.803741847e-10
1.758613269e-10
-4.286144002e-10
2.297894108e-10
6.647357258e-10
2.789515182e-10
-5.451736153e-10
2.738536163e-10
3.961092752e-10
2.591887657e-10
-2.814696643e-10
2.612400255e-10
2.557748689e-10
2.69392277e-10
-2.207586554e-10
2.754532927e-10
2.408966613e-10
2.787141582e-10
-2.2307805e-10
2.811120544e-10
2.380855543e-10
2.852033768e-10
-2.256436819e-10
2.943562748e-10
2.561641532e-10
-2.367359306e-10
3.825474024e-08
1.786669604e-08
3.083550996e-08
-1.616882827e-08
2.169480679e-08
3.109540701e-08
1.963817342e-08
-2.557203585e-08
2.195195598e-08
3.501311731e-08
3.11848405e-08
-4.404013947e-08
-7.634854419e-09
2.326832311e-08
-1.365585233e-08
-1.980210336e-08
-1.647864727e-08
2.127793905e-08
-1.943951419e-08
-1.647101083e-08
-2.006933992e-08
2.290726683e-08
-1.618510861e-08
-1.655843831e-08
-1.045456776e-08
1.14472463e-08
-6.179368573e-09
-7.294980144e-09
-3.942409109e-09
4.376357716e-09
-3.04050527e-09
-3.020614856e-09
-3.099849787e-09
5.154251316e-09
-4.057356946e-09
-4.606797334e-09
-5.66075391e-09
2.560052364e-08
-6.783599642e-09
-2.17582951e-08
-5.805772066e-09
4.020112824e-08
-3.507592263e-09
-2.802228589e-08
-1.52495213e-09
1.196211012e-08
-4.321634837e-11
-8.694861226e-09
-5.955130226e-12
2.261471258e-11
-2.22615853e-13
-6.720204669e-11
7.582898767e-12
1.887263548e-09
6.019856062e-10
-1.726322165e-09
1.556982856e-09
6.249066841e-09
2.095320051e-09
-6.299493152e-09
1.533881273e-09
1.800628642e-09
5.737096158e-10
-2.841141364e-09
1.964122239e-10
3.955546359e-10
1.524784996e-10
-3.889605587e-10
1.798646249e-10
4.492137784e-10
2.067136077e-10
-3.711349037e-10
2.000194445e-10
2.171846976e-10
2.047328164e-10
-1.868413023e-10
2.180866464e-10
2.039904291e-10
2.323848991e-10
-1.978517557e-10
2.457001293e-10
2.168798145e-10
2.577321906e-10
-2.179314126e-10
2.683985626e-10
2.265917231e-10
2.778906731e-10
-2.357814119e-10
2.868666791e-10
2.358051878e-10
2.970859217e-10
-2.461688319e-10
3.125675906e-10
2.594259757e-10
-2.50680256e-10
8.553092989e-08
-1.619255801e-08
8.632225865e-08
5.989150478e-09
8.169309668e-08
2.40242765e-09
7.238470531e-08
6.882815419e-09
6.618572735e-08
1.347401945e-08
5.37568792e-08
7.416456352e-09
5.839630924e-08
5.029123394e-08
-7.222892149e-09
5.868202721e-09
-6.47139145e-09
9.91916483e-09
-6.342485592e-09
-5.259177849e-09
-7.045506813e-09
1.018587709e-08
-8.534170316e-09
-5.374261266e-09
-9.133483595e-09
1.117133867e-08
-7.418154958e-09
-7.528478802e-09
-4.552928535e-09
4.944834328e-09
-2.765492907e-09
-3.768211998e-09
-2.059691886e-09
2.255720077e-09
-1.915926015e-09
-1.777215874e-09
-2.184326281e-09
4.017489093e-09
-2.793725627e-09
-3.39153642e-09
-3.544387209e-09
1.752836523e-08
-3.705566312e-09
-1.356048981e-08
-2.704222002e-09
1.876148201e-08
-1.564672882e-09
-1.224150405e-08
-8.479997336e-10
6.594578067e-09
-2.892462182e-10
-5.186461903e-09
-1.728232749e-12
1.911091771e-10
3.02756932e-11
-4.319259611e-10
2.687534387e-11
1.434109223e-09
4.814283173e-10
-1.115152917e-09
1.256632427e-09
5.331291851e-09
1.916507181e-09
-3.905139184e-09
1.932236551e-09
3.342236601e-09
1.158313683e-09
-3.013907243e-09
4.148226258e-10
4.096061216e-10
1.703038935e-10
-4.366874462e-10
1.454536446e-10
3.049740633e-10
1.629902967e-10
-2.46035263e-10
1.784035365e-10
1.732538761e-10
1.932673993e-10
-1.630858259e-10
2.08245649e-10
1.945833981e-10
2.264158018e-10
-1.906564719e-10
2.483450343e-10
2.224007978e-10
2.721087478e-10
-2.288885948e-10
2.954160839e-10
2.495220524e-10
3.16547223e-10
-2.657872254e-10
3.334959308e-10
2.633318985e-10
3.433773291e-10
-2.859182293e-10
3.446922191e-10
2.465335398e-10
3.379925124e-10
-2.455650679e-10
3.196080832e-10
1.991459863e-10
-1.496814177e-10
1.894725342e-08
3.765038967e-09
2.097113564e-08
-2.124056437e-09
2.314008907e-08
-3.298419532e-09
2.71695498e-08
1.061872237e-09
2.701106921e-08
-2.229219518e-08
2.67958949e-08
1.517334819e-08
-8.02941775e-09
6.798764236e-09
-3.526172184e-09
-8.498492949e-09
-2.187973966e-09
2.733847173e-09
-1.626326483e-09
-1.439911862e-09
-1.653934502e-09
2.582906557e-09
-2.165291398e-09
-1.208502379e-09
-3.118001611e-09
4.991549488e-09
-3.825535541e-09
-2.853648183e-09
-2.747802764e-09
3.291557022e-09
-1.638455399e-09
-3.200947382e-09
-1.356688445e-09
1.447652913e-09
-1.360953323e-09
-1.211838527e-09
-1.546482152e-09
2.785007697e-09
-1.826728567e-09
-2.251855465e-09
-2.059441176e-09
1.01951062e-08
-1.843593769e-09
-7.532725611e-09
-1.184639379e-09
7.899921144e-09
-7.252785597e-10
-5.094691424e-09
-5.489261282e-10
4.162703232e-09
-4.821675393e-10
-3.340196463e-09
1.013826682e-10
6.676561104e-10
1.477105407e-10
-7.780159958e-10
9.315968443e-11
8.228998616e-10
2.863899278e-10
-5.776957165e-10
6.353687421e-10
2.502785376e-09
9.447710509e-10
-1.39871155e-09
1.045625071e-09
2.159455535e-09
8.4463069e-10
-1.243359849e-09
4.694847801e-10
4.308465119e-10
2.148225412e-10
-3.629217419e-10
1.304967884e-10
1.931972811e-10
1.326670785e-10
-1.482745459e-10
1.554470907e-10
1.498521886e-10
1.713780856e-10
-1.342646118e-10
1.923094142e-10
1.86717027e-10
2.22875851e-10
-1.837153841e-10
2.597001222e-10
2.373471478e-10
2.972417054e-10
-2.459527552e-10
3.333517269e-10
2.839251016e-10
3.689558942e-10
-3.051639858e-10
4.024338623e-10
3.174717412e-10
4.226814873e-10
-3.695356296e-10
4.15599547e-10
2.582503879e-10
3.932720082e-10
-3.347154233e-10
3.355423305e-10
1.260058861e-10
-1.638566791e-10
1.246003965e-09
-4.165126259e-10
3.342595179e-09
1.733170122e-09
5.119856655e-09
-1.515292714e-09
6.959667927e-09
2.623620189e-09
5.997761771e-09
-9.250088717e-09
3.412162712e-09
7.060073003e-09
-1.854643845e-09
4.359903335e-09
-1.133805358e-09
-1.69631438e-09
-7.028137938e-10
7.587096322e-10
-5.439435187e-10
-4.119527372e-10
-4.75694399e-10
6.173224597e-10
-4.570170089e-10
-3.920742969e-10
-5.533711577e-10
1.173559462e-09
-1.01429031e-09
-4.193541551e-10
-1.722343848e-09
3.149840608e-09
-1.110729036e-09
-2.685199222e-09
-9.769996375e-10
1.040441545e-09
-9.898401937e-10
-9.044329077e-10
-1.0854828e-09
1.816597714e-09
-1.184969688e-09
-1.471655554e-09
-1.185984102e-09
5.576346336e-09
-8.806679888e-10
-4.733016334e-09
-5.224890295e-10
3.281455196e-09
-3.584434541e-10
-2.075882221e-09
-3.711755671e-10
2.630421956e-09
-4.670204384e-10
-1.999705265e-09
3.599305526e-11
7.664694571e-10
1.659128581e-10
-6.890728029e-10
1.305956151e-10
3.860893785e-10
1.404342307e-10
-2.48063575e-10
2.105228175e-10
6.734558662e-10
2.724064833e-10
-2.827101355e-10
2.95509541e-10
5.699875275e-10
2.883003782e-10
-2.07061635e-10
2.534904055e-10
2.444887282e-10
1.922771811e-10
-1.261194277e-10
1.345170483e-10
1.095292957e-10
1.11257387e-10
-7.258631216e-11
1.176658082e-10
1.168284506e-10
1.416126937e-10
-8.969855948e-11
1.845602636e-10
1.751506981e-10
2.43969865e-10
-1.487633336e-10
3.141393677e-10
2.47319909e-10
3.952272542e-10
-2.275536962e-10
4.97250618e-10
3.318178212e-10
6.341467688e-10
-3.408622871e-10
8.120323067e-10
4.572135965e-10
1.013290726e-09
-5.306968401e-10
1.18865921e-09
5.110357017e-10
1.273054899e-09
-7.524493609e-10
1.186691349e-09
3.672607674e-10
-7.766645604e-10
-5.276415935e-09
-1.396762811e-09
-3.022090794e-09
2.150847426e-09
-4.390328629e-10
-2.727105127e-09
1.392397144e-09
3.557246186e-09
2.662368802e-09
-4.003835443e-09
3.734142315e-09
5.171397132e-09
3.333187107e-09
-5.766499484e-09
1.981993616e-09
4.850928893e-09
-3.021480511e-10
5.817004273e-10
-2.529523807e-10
-1.448168807e-10
-2.633400949e-10
2.295713171e-10
-3.12476085e-10
-1.020628186e-10
-3.291782098e-10
3.13237347e-10
-2.593648995e-10
-2.795213001e-10
-1.771200843e-10
2.472375899e-10
-1.170932651e-10
-2.477318173e-10
-1.596522324e-10
1.559248928e-09
-6.445310701e-10
-5.096838604e-10
-6.586012923e-10
7.657008834e-10
-6.724345099e-10
-5.883359216e-10
-7.133503252e-10
1.18787585e-09
-8.628198614e-10
-9.89785668e-10
-2.036717013e-09
8.582303768e-09
-4.860920921e-10
-3.444800078e-08
-2.113081727e-10
1.245657146e-09
-1.621488212e-10
-6.734953413e-10
-2.250543605e-10
1.444961883e-09
-3.418553939e-10
-9.727138772e-10
1.886825832e-11
5.757942097e-10
8.678181409e-11
-4.197681291e-10
7.933330506e-11
1.56802055e-10
7.093546491e-11
-1.049141877e-10
7.065100764e-11
1.288627592e-10
7.262059649e-11
-8.885679555e-11
8.118623607e-11
8.064231097e-11
9.516579516e-11
-7.517309408e-11
1.04147636e-10
6.151627275e-11
1.011660132e-10
-6.08944242e-11
9.030139678e-11
4.286385938e-11
8.742727119e-11
-3.288690375e-11
1.580142899e-10
8.961348477e-11
2.37830995e-10
-3.217998309e-10
3.182944617e-10
1.307504088e-10
4.191935271e-10
-3.089964913e-10
5.522109004e-10
1.967014125e-10
7.173970252e-10
-2.785797396e-10
9.109077484e-10
2.894791121e-10
1.133454564e-09
-3.784863338e-10
1.398219543e-09
4.283079787e-10
1.733420588e-09
-4.464027782e-10
2.169250378e-09
6.631021274e-10
2.707183701e-09
-4.7750995e-10
3.281225891e-09
9.502821867e-10
3.751413399e-09
-6.712973553e-10
3.95673594e-09
9.538765109e-10
-9.955807912e-10
-6.223631042e-09
-3.134281703e-09
-3.122808587e-09
3.936492631e-09
3.840187328e-10
-3.881805808e-09
2.152785651e-09
4.117697643e-09
1.67215718e-09
-5.462622826e-09
7.773376187e-10
4.995895639e-09
-2.640551011e-10
-3.858019248e-09
-3.377035876e-10
1.435887717e-09
-9.246837968e-11
5.92367115e-11
-1.25061042e-10
-3.232767843e-11
-1.341273911e-10
5.204035999e-11
-1.464023219e-10
-3.547979155e-11
-1.603151984e-10
7.328792505e-11
-1.731327193e-10
-4.228655297e-11
-1.804208786e-10
1.394010144e-10
-1.840501951e-10
-6.476333407e-11
-2.157083441e-10
2.828908542e-10
-2.483728079e-10
-1.375214751e-10
-2.773216011e-10
3.810195889e-10
-3.324724966e-10
-2.180456104e-10
-8.4174852e-10
1.489789085e-09
-7.555112543e-09
-6.302156875e-09
-3.305942452e-08
1.112194671e-07
-7.809629931e-10
-2.018293116e-07
-5.606253016e-11
3.087208622e-10
-5.07108943e-11
-1.140428043e-10
-1.005888799e-10
5.891400371e-10
-2.120898481e-10
-3.012768869e-10
1.826915052e-11
3.27035396e-10
7.9471219e-11
-2.202688679e-10
1.037395465e-10
6.091710317e-11
1.179549836e-10
-3.884666838e-11
1.304229141e-10
6.146389669e-11
1.474999541e-10
-3.746545091e-11
1.679472355e-10
6.621751847e-11
1.865610297e-10
-4.460504833e-11
1.986611942e-10
6.542542884e-11
1.947143946e-10
-4.89640673e-11
1.744846353e-10
2.986664905e-11
1.822446167e-10
-3.387653529e-11
2.59149574e-09
1.36044074e-09
7.994554273e-09
-2.554494574e-09
1.326047911e-08
2.149572133e-09
1.405605517e-08
-6.627581329e-09
1.006944314e-08
9.174421383e-10
5.77416887e-09
-4.688431728e-09
3.999100141e-09
6.651148846e-10
4.038096252e-09
-1.30185938e-09
4.701825644e-09
8.657146249e-10
5.221171255e-09
-1.151882325e-09
5.115619928e-09
7.33788293e-10
4.306543787e-09
-1.330869853e-09
3.31642619e-09
4.740272135e-10
2.816172757e-09
-7.250949764e-10
3.003559238e-09
5.984780637e-10
-3.803318399e-10
-4.233085606e-09
-4.721130632e-09
-2.488928735e-09
5.276430974e-09
-1.06330799e-10
-4.778103649e-09
1.027345032e-09
5.477440983e-09
2.410087512e-10
-4.759749542e-09
-5.506050113e-10
5.117255159e-09
-8.845234146e-11
3.360720095e-11
-6.059509445e-11
-9.902019389e-12
-6.128803399e-11
2.064062916e-11
-6.46865018e-11
-1.16300445e-11
-6.849091932e-11
2.192477953e-11
-7.127114347e-11
-1.300547454e-11
-7.719367187e-11
2.437448748e-11
-8.32180265e-11
-1.36173304e-11
-8.522803481e-11
2.923440466e-11
-8.070176183e-11
-1.555814099e-11
-7.303793844e-11
5.080219218e-11
-7.179298653e-11
-1.7512129e-11
-1.111575975e-10
1.305258199e-10
-7.649126143e-10
-3.854836287e-11
-9.500835628e-09
1.646034669e-08
-4.70766432e-08
-2.218683486e-10
-7.375469545e-08
1.687676255e-07
-3.163025533e-09
-4.133855003e-09
-5.909118279e-12
3.389222671e-11
-8.984560287e-12
-9.528701129e-12
-2.185023737e-11
1.196055592e-10
-6.342940287e-11
-4.042283363e-11
9.369023969e-12
1.142736062e-10
4.191489619e-11
-5.458238399e-11
5.606887023e-11
2.573614412e-11
6.282548471e-11
-1.30138681e-11
7.078121852e-11
2.198177099e-11
8.183782548e-11
-8.917560952e-12
9.596445613e-11
2.529431498e-11
1.131089365e-10
-8.666100138e-12
1.335955455e-10
3.029852463e-11
1.563522695e-10
-1.200760748e-11
1.721142825e-10
5.442937259e-11
4.371026243e-10
-2.172853317e-11
4.078599975e-09
2.307259016e-09
1.511595937e-08
-3.212994527e-10
3.340572107e-08
7.475099026e-09
5.2954204e-08
-4.831510866e-10
6.520140629e-08
8.351835421e-09
6.316991407e-08
-2.320448393e-10
4.576420289e-08
3.077250146e-09
2.29535259e-08
-2.74705359e-10
9.612345393e-09
9.648051491e-10
6.236551278e-09
-3.332154914e-10
6.575850963e-09
1.171202429e-09
7.385896291e-09
-5.027098877e-10
7.259018019e-09
9.109553865e-10
5.70212254e-09
-4.353863928e-10
3.600613713e-09
3.30088405e-10
-1.697598918e-10
-3.870888163e-09
-5.178447658e-09
-2.764569054e-09
4.297822703e-09
-1.585283726e-09
-5.54078863e-09
-8.714559897e-10
4.644456519e-09
-7.449123524e-10
-5.14252375e-09
-2.085614379e-10
4.347035522e-09
-2.651946249e-11
-1.306040665e-12
-3.356614805e-11
9.375734536e-12
-4.16366462e-11
8.916139298e-14
-5.42674895e-11
1.397070017e-11
-5.340042726e-11
6.941293606e-12
-5.066549655e-11
-4.206211562e-12
-5.451721039e-11
8.825922712e-12
-6.049633905e-11
-3.765203201e-12
-6.516808007e-11
8.540335783e-12
-6.401672463e-11
-1.827956182e-12
-5.260140419e-11
6.928940912e-12
-3.747191735e-11
-5.135314464e-13
-3.261559639e-11
1.227333791e-11
-3.705622623e-11
-2.05550137e-12
-3.484868184e-11
2.523678331e-11
-2.430827112e-11
-5.472012643e-12
-1.246700436e-11
1.939054201e-11
-1.6997486e-12
-1.274728704e-12
-1.039578343e-12
3.831805998e-12
-2.530327827e-12
-1.60058068e-12
-5.075745243e-12
2.32908475e-11
-3.471325225e-12
-2.338602431e-11
6.299257905e-13
2.720951099e-11
7.573885514e-12
-1.452825161e-11
1.293201587e-11
2.974018067e-12
1.188723225e-11
6.104870938e-12
7.760432455e-12
-2.016188885e-13
3.500907351e-12
1.360990825e-11
1.88541351e-12
-3.765980802e-12
2.031853178e-12
6.825194933e-12
1.455646622e-12
5.238150973e-13
2.697082312e-12
7.534322546e-13
2.47806155e-11
3.402597301e-11
5.929541626e-11
-3.770166577e-12
1.58391235e-10
-1.614113003e-10
7.72470917e-11
-5.886914314e-12
3.04334731e-11
4.587802706e-12
1.396676959e-11
-3.514234301e-12
7.915242518e-12
1.717447421e-12
4.886453788e-12
-1.041906557e-12
3.247089135e-12
6.781935214e-13
2.438309192e-12
-3.584668761e-13
2.234416499e-12
7.209880831e-13
2.739554362e-12
-2.396578074e-13
4.824847968e-12
2.819050791e-12
1.101143414e-11
-4.079872722e-13
2.598186242e-11
1.22504541e-11
5.531472036e-11
-2.088115906e-12
1.024660415e-10
2.748756388e-11
-8.964069071e-12
-2.965757909e-09
-3.137762396e-09
-2.28791919e-09
2.064720545e-09
-1.717235109e-09
-3.306461735e-09
-1.176843642e-09
1.967088883e-09
-7.679624701e-10
-2.888557882e-09
-5.780984797e-11
1.355830785e-09
-4.038481661e-11
-1.773552918e-11
-3.948206784e-11
1.902753283e-11
-3.643041881e-11
-3.1496072e-11
-2.529124756e-11
2.202561207e-11
-2.207934153e-11
-3.158629621e-12
-1.693740806e-11
3.93555175e-12
-1.130178881e-11
-1.096411465e-12
-5.498643568e-12
2.153896558e-12
-2.029768869e-12
1.627621885e-13
-9.445375741e-13
2.912265176e-13
-1.672521058e-12
3.443011964e-13
-3.83615017e-12
9.408625294e-14
-7.004351001e-12
2.386870139e-12
-1.019707227e-11
-4.599695166e-14
-1.245865383e-11
4.822785883e-12
-1.364416367e-11
1.849269431e-12
-9.690882885e-12
-2.670703318e-12
-3.841185365e-12
1.311635927e-11
-9.013934909e-13
7.06295163e-13
-1.947521428e-12
1.256346347e-12
-6.888968547e-12
2.479601703e-11
-1.260606218e-11
-1.583818737e-11
-1.884524833e-11
8.425458394e-12
-1.709065649e-11
1.799875282e-11
-5.274497884e-12
-1.047184162e-11
6.706507355e-13
1.581995377e-11
3.545075461e-12
-3.143235642e-11
-2.330887161e-12
5.018759789e-11
-2.059635695e-12
-5.235793033e-12
-6.643156737e-14
4.070011881e-12
2.351385733e-13
-1.964466229e-12
4.328106508e-12
3.297998372e-12
2.005472621e-11
-2.575956855e-12
2.702489483e-11
-1.367018152e-12
1.712210207e-11
3.214947133e-12
8.795115332e-12
-1.585845759e-12
5.141682168e-12
1.601462757e-12
3.083486576e-12
-3.621496022e-13
1.856791303e-12
4.27760731e-13
1.263608262e-12
-1.100267175e-13
9.558529687e-13
1.426303399e-13
7.598372098e-13
-3.554239207e-14
6.462278478e-13
9.114095963e-14
6.095053547e-13
-2.404860508e-14
6.832114589e-13
1.350418261e-13
1.045838311e-12
-3.668977627e-14
2.325690563e-12
7.117430957e-13
6.136422695e-12
-1.992394863e-13
1.550229037e-11
3.681735241e-12
-1.156439058e-12
-1.670602885e-09
-1.246288982e-09
-1.136125393e-09
8.083502597e-10
-8.098226256e-10
-9.540918475e-10
-5.295223756e-10
4.232675912e-10
-2.716491756e-10
-4.359162298e-10
-5.870493738e-11
1.325452206e-10
-4.150983379e-11
-1.961975938e-11
-3.310934595e-11
1.936403496e-11
-2.469601865e-11
-1.87544812e-11
-1.466226536e-11
1.314881471e-11
-1.323348378e-11
-6.510858337e-12
-8.26775612e-12
7.758424651e-12
-4.171427724e-12
-2.070685386e-12
-1.940254421e-12
1.991714881e-12
-1.260473676e-12
-2.60133923e-13
-1.393033105e-12
4.880556947e-13
-1.933428541e-12
-5.587866934e-13
-2.842818161e-12
6.883092466e-13
-4.339422558e-12
-1.733684224e-12
-7.025363839e-12
2.278690487e-12
-1.26294619e-11
-9.712217403e-12
-2.297706343e-11
1.528315473e-11
-3.210983366e-11
-3.026911667e-11
-3.826867128e-11
4.86541264e-11
-5.397528719e-11
-2.50390792e-11
-8.918230802e-11
7.716787128e-11
-1.309621701e-10
-3.691319571e-11
-1.535353017e-10
9.215562808e-11
-1.488024847e-10
-8.416783757e-11
-9.106499581e-11
1.735141371e-10
-1.488768686e-11
-2.198130659e-11
2.486879056e-12
3.859084285e-11
3.943902256e-12
-6.679771694e-11
1.002684905e-11
7.124562912e-11
-5.198991407e-13
-3.267578164e-12
-1.168746422e-14
2.78673754e-12
5.786475844e-14
-3.485649093e-12
2.86052976e-12
2.526460977e-12
3.95319328e-12
8.930593338e-13
3.021386375e-12
-1.566611203e-14
1.961789583e-12
5.808020205e-13
1.177834655e-12
-1.789811837e-13
6.729510099e-13
9.417072874e-14
4.280540172e-13
-7.48646497e-14
2.926846238e-13
3.558307176e-14
2.767500577e-13
-3.561521391e-14
2.701501649e-13
-1.353817581e-14
2.790506014e-13
2.885601111e-14
3.250449931e-13
-6.326055749e-15
4.856459715e-13
4.362740626e-14
1.178005836e-12
-5.755666161e-15
4.019093161e-12
3.650449397e-13
1.300243436e-11
-8.627067385e-15
3.406285267e-11
3.288264355e-12
7.216563985e-11
-5.109013603e-15
1.286580654e-11
-4.90163677e-09
-8.348339456e-10
-3.288600233e-09
1.247259213e-09
-2.852188687e-09
-2.470367379e-10
-3.07763513e-09
6.946699843e-11
-3.299775313e-09
-7.227004295e-11
-3.211529784e-09
-2.133725149e-10
-2.913886347e-09
-2.452222891e-11
-2.537383514e-09
-1.487248673e-10
-2.152195299e-09
-1.28004389e-11
-1.792334849e-09
-1.158154699e-10
-1.468865577e-09
-6.15316065e-12
-1.177285342e-09
-1.146000574e-10
-9.058061985e-10
-2.457528816e-12
-6.457169294e-10
-1.206430305e-10
-4.001764965e-10
-1.42710967e-12
-1.888533848e-10
-1.017723715e-10
-4.691895851e-11
-1.689246857e-12
-1.061858031e-11
-5.565206225e-12
-1.019005104e-11
-3.814062041e-12
-1.221349358e-11
1.164138879e-11
-1.905692932e-11
-1.943907229e-11
-3.256251593e-11
2.966839997e-11
-5.279153515e-11
-6.489065814e-11
-7.947274655e-11
8.498439263e-11
-1.143755132e-10
-1.306747865e-10
-1.548558556e-10
1.735331169e-10
-1.868956166e-10
-1.338989821e-10
-2.038858808e-10
1.542523449e-10
-2.125069651e-10
-2.290700264e-10
-1.744924989e-10
2.224775963e-10
-5.879908317e-11
-7.509524341e-11
4.744905313e-12
1.075914755e-10
5.145660261e-12
-7.505501215e-11
1.253530829e-11
8.398428726e-11
-1.984052525e-13
-2.30053233e-12
-3.80466542e-15
1.949181965e-12
3.438332736e-14
-1.673610359e-12
8.451431227e-13
1.058874728e-12
1.093878145e-12
-5.056124255e-13
8.790430756e-13
5.245161071e-13
5.926441383e-13
1.331444376e-14
3.774681041e-13
8.386787079e-14
2.381352089e-13
3.093489079e-14
1.493864092e-13
-7.117355406e-15
1.130279077e-13
3.74761993e-14
1.608278301e-13
-2.030838629e-14
6.187383346e-13
-1.359433931e-14
2.130540054e-12
-1.62091878e-14
6.216090206e-12
-1.122344745e-12
1.588550153e-11
2.17186404e-12
3.528511314e-11
-1.099421547e-11
6.667721423e-11
1.590004548e-11
1.082669405e-10
-3.47914684e-11
1.527439584e-10
4.407933262e-11
1.848663819e-10
-3.882110424e-11
5.563724256e-11
-1.155882694e-08
-2.107147786e-09
-4.715276152e-09
-1.499393509e-09
1.494548639e-10
-6.70687576e-10
-5.029313569e-11
-4.148313537e-10
8.469169396e-11
-3.034237467e-10
-4.127904396e-11
-2.540642737e-10
6.220833846e-11
-2.36018002e-10
-4.054264558e-11
-2.302196344e-10
6.69756029e-11
-2.264633968e-10
-5.018364592e-11
-2.209902992e-10
8.050835034e-11
-2.129731718e-10
-6.269665691e-11
-2.021182249e-10
9.473806668e-11
-1.875819272e-10
-7.750580457e-11
-1.673540221e-10
9.75159285e-11
-1.380776022e-10
-9.086658642e-11
-9.856646639e-11
3.378199224e-11
-6.462143946e-11
-3.165389098e-11
-5.532563808e-11
-3.446210859e-11
-5.047204377e-11
8.092764596e-11
-5.432984237e-11
-5.245869191e-11
-6.730495243e-11
9.104640613e-11
-8.778838712e-11
-1.139289665e-10
-1.113935221e-10
1.500824167e-10
-1.309515931e-10
-2.038081633e-10
-1.370121213e-10
2.225270494e-10
-1.273713023e-10
-1.54652269e-10
-1.138826551e-10
1.463215279e-10
-9.992124198e-11
-1.878254059e-10
-8.221949463e-11
1.557818202e-10
-4.268757327e-11
-1.108004032e-10
5.235007338e-12
9.274198134e-11
5.224879686e-12
-1.033934338e-10
1.861474833e-11
1.38087575e-10
-1.173869446e-13
-1.95138971e-12
3.428541513e-14
3.341629951e-12
5.953576239e-14
-6.539556962e-13
2.763989239e-13
4.486196466e-13
3.676943999e-13
-4.134358463e-13
3.368914742e-13
3.153701699e-13
2.582687898e-13
-1.017313152e-13
1.861094154e-13
8.552110954e-14
1.339598787e-13
-1.112911675e-14
1.008997618e-13
1.942562953e-14
8.680995837e-14
-3.901109228e-15
1.004401556e-13
1.694803947e-14
1.793606472e-13
-6.503430102e-14
4.30013769e-13
8.697527734e-14
1.18111394e-12
-1.207788584e-12
3.467217665e-12
8.635271894e-13
9.31587615e-12
-1.018668812e-11
2.050829926e-11
5.926111229e-12
3.635878375e-11
-2.932749744e-11
5.337535011e-11
1.69592146e-11
6.738485891e-11
-3.790022805e-11
-3.630219632e-10
3.343132221e-11
-2.479670023e-10
-1.007929456e-11
-1.945736268e-10
2.382792017e-11
-1.739360123e-10
-1.09738403e-11
-1.678014702e-10
2.745265586e-11
-1.662186649e-10
-1.525620104e-11
-1.654467533e-10
3.558769764e-11
-1.646590272e-10
-2.086792825e-11
-1.640843128e-10
4.507414498e-11
-1.64392685e-10
-2.646109723e-11
-1.664046355e-10
5.752707327e-11
-1.7057929e-10
-3.310430095e-11
-1.759914597e-10
7.61280453e-11
-1.79557228e-10
-4.824427654e-11
-1.784267014e-10
2.663734358e-12
-1.768469414e-10
4.564356367e-11
-1.580871799e-10
-1.556564839e-10
-1.351878295e-10
2.598516117e-10
-1.237412222e-10
-1.464431931e-10
-1.242088284e-10
2.188126635e-10
-1.315759728e-10
-1.903378359e-10
-1.390643517e-10
2.341264041e-10
-1.378723503e-10
-2.333704463e-10
-1.2111328e-10
2.396452279e-10
-9.238258378e-11
-1.373968731e-10
-7.625908421e-11
1.296726506e-10
-6.277606438e-11
-1.310278212e-10
-4.926142647e-11
1.096295532e-10
-2.290920869e-11
-6.727745486e-11
-2.649209808e-13
4.535494753e-11
4.959629302e-12
-1.900514974e-10
3.282836391e-11
2.588506925e-10
1.357838795e-10
-3.322089834e-11
4.74053987e-11
1.955381708e-10
2.012223787e-11
-8.277427587e-13
1.282869207e-11
1.4740635e-11
8.506961139e-12
-3.007404904e-13
5.352257622e-12
4.790342193e-12
3.018512655e-12
-7.295487286e-14
1.452701716e-12
1.275909633e-12
6.337311193e-13
-2.217239411e-14
3.046992347e-13
1.70544907e-13
2.960132603e-12
-3.398450938e-14
2.169510285e-12
2.403000394e-13
1.318563426e-12
-1.501929941e-13
1.394512922e-12
3.413104331e-13
2.582887886e-12
-9.777021241e-13
5.387159998e-12
1.40542065e-12
1.062849215e-11
-4.745144507e-12
1.882996026e-11
5.197905244e-12
2.988705069e-11
-1.27634e-11
1.190090449e-11
-1.68452621e-10
-1.424015757e-12
-1.269993463e-10
2.209658382e-11
-1.012295005e-10
5.530826138e-14
-8.630267607e-11
1.419062685e-11
-8.023719164e-11
1.932235142e-12
-8.198865782e-11
1.162063684e-11
-9.059766272e-11
4.02405906e-12
-1.04710119e-10
1.400713109e-11
-1.229304877e-10
7.310132668e-12
-1.446190688e-10
2.214324908e-11
-1.706594355e-10
2.619091145e-12
-2.037119653e-10
5.01414164e-11
-2.485502307e-10
-3.589974446e-12
-3.064768375e-10
9.992810439e-11
-3.755301743e-10
-1.261925288e-10
-4.42274305e-10
3.36027071e-10
-4.435202079e-10
-4.216733361e-10
-3.47556452e-10
7.825748672e-10
-2.314270159e-10
-3.088720993e-10
-2.118157628e-10
4.404196448e-10
-1.949286568e-10
-2.836366293e-10
-1.773507233e-10
3.422633391e-10
-1.524888103e-10
-2.435609891e-10
-1.164217104e-10
2.455882356e-10
-8.007291149e-11
-1.232886554e-10
-6.266988886e-11
1.19025156e-10
-4.691791415e-11
-9.10319771e-11
-3.145002993e-11
7.925749143e-11
-1.285675185e-11
-3.262396911e-11
-3.533029487e-12
3.080699687e-11
6.344345152e-12
-3.442246627e-10
5.411699994e-11
4.480043176e-10
1.851117891e-10
-4.068674485e-10
1.364893323e-10
6.673599266e-10
1.087625854e-10
-4.945936612e-11
8.299759378e-11
1.024065889e-10
5.934231201e-11
-1.828892072e-11
3.889678124e-11
3.826920422e-11
2.223162517e-11
-5.085144842e-12
1.065465148e-11
9.937561295e-12
2.108374691e-12
-6.73999795e-13
3.363937538e-11
5.086469767e-11
1.096246472e-09
-8.310707091e-11
2.706210997e-09
1.665432039e-09
3.93595867e-09
-3.715089716e-11
4.185579619e-09
2.339694601e-09
3.341983594e-09
-8.01138169e-12
1.660795823e-09
1.03925568e-09
3.983888764e-10
-5.541138848e-12
1.133078658e-10
1.723472644e-12
1.392746097e-10
-6.871872288e-12
-2.836668668e-11
-4.60560859e-10
-6.912105827e-11
-3.696390491e-10
-3.116810394e-10
-4.750634309e-11
-2.728281791e-10
9.313397965e-11
-2.463236434e-10
-3.99489033e-11
-2.296272165e-10
8.061062836e-11
-2.234895303e-10
-4.349496817e-11
-2.306721306e-10
8.311511122e-11
-2.541589845e-10
-6.614705142e-11
-2.94627147e-10
1.102389655e-10
-3.483823515e-10
-1.200726919e-10
-4.079498949e-10
1.710569215e-10
-4.703416768e-10
-2.024335767e-10
-5.530290519e-10
2.660193541e-10
-7.105345774e-10
-6.296059699e-10
-1.011154332e-09
8.49950893e-10
-1.133808937e-09
-1.510460699e-09
-9.974797359e-10
2.531160626e-09
-4.643199325e-10
-6.934326104e-10
-3.769717132e-10
1.212690937e-09
-3.222132583e-10
-4.121765614e-10
-2.578493547e-10
5.032504589e-10
-1.866692787e-10
-2.449739225e-10
-1.097412527e-10
2.355201746e-10
-8.416739057e-11
-1.175485187e-10
-6.758908819e-11
1.1839174e-10
-4.868894024e-11
-7.92437766e-11
-3.750086023e-11
9.318721069e-11
-1.764602977e-11
-3.966925082e-11
-6.969057355e-12
6.033706517e-11
1.250794721e-11
-5.765037077e-10
8.153617434e-11
7.43517779e-10
2.460422075e-10
-9.574675986e-10
2.469615459e-10
1.211258389e-09
1.966935189e-10
-1.606190903e-10
1.380805731e-10
2.05793588e-10
9.032758837e-11
-5.608304128e-11
5.366692272e-11
6.343995843e-11
2.760957342e-11
-1.301003315e-11
1.190308135e-11
1.277897752e-11
4.440993772e-12
-4.239565379e-11
3.05331657e-11
2.251277696e-11
1.881782294e-09
-3.268102291e-09
4.707564358e-09
3.885365475e-09
6.64336963e-09
-4.44829084e-09
6.30316368e-09
4.593170944e-09
3.543498853e-09
-1.218304224e-09
8.397140849e-10
3.721898318e-10
2.226920546e-10
6.988889942e-12
2.400140013e-10
-1.488637758e-11
2.976351418e-10
6.038414834e-12
-1.69997205e-09
-2.012196822e-10
-1.954152043e-09
-2.31124149e-09
-1.8820437e-10
-2.755450204e-09
6.703757669e-10
-3.263519801e-09
-1.840615918e-10
-3.795640636e-09
5.083528146e-10
-4.381551766e-09
-1.755223622e-10
-5.085449476e-09
-8.766494877e-11
-5.469710386e-09
-1.60107894e-10
-5.069304326e-09
-2.00336306e-09
-4.057603611e-09
-2.007044974e-10
-2.950717178e-09
-1.794603176e-09
-2.944988657e-09
-6.212170909e-10
-1.558124579e-09
-2.557577446e-09
1.716340941e-09
-3.384665036e-09
-1.240648629e-09
5.570625904e-09
-1.114629087e-09
-2.077110882e-09
-5.832031668e-10
2.901879462e-09
-3.8048047e-10
-5.51745774e-10
-2.163840875e-10
4.884084553e-10
-1.1982989e-10
-1.93902117e-10
-7.91250983e-11
1.567430405e-10
-5.452016139e-11
-1.115191328e-10
-3.962286013e-11
1.010438669e-10
-1.649213873e-11
-1.077027091e-10
1.465468418e-11
8.60865726e-11
-1.468118524e-11
-9.431424129e-11
-1.068313381e-11
1.869711175e-10
2.433320321e-11
-9.757287143e-10
1.213966251e-10
1.323274406e-09
3.115050071e-10
-1.331516697e-09
3.02406974e-10
1.28430984e-09
1.98130915e-10
-2.240821086e-10
1.17950146e-10
2.125215428e-10
6.506550285e-11
-5.839503434e-11
3.25835379e-11
4.541156688e-11
1.465281985e-11
-1.029774303e-11
6.180710534e-12
7.44276295e-12
2.922340502e-12
-9.675274376e-12
5.537483267e-12
4.647854585e-12
9.044731908e-10
-3.140419268e-09
1.90221921e-09
1.470870167e-09
1.738190113e-09
-2.461749907e-09
6.999386367e-10
4.889842566e-10
1.44158021e-10
8.05169061e-12
4.483290546e-11
6.667265813e-12
3.305197787e-11
-7.002473429e-12
-7.844744039e-09
-1.292084988e-09
-8.71058643e-09
2.494840007e-09
-9.156117902e-09
-7.454761449e-10
-7.078295289e-09
-4.637959488e-10
-3.307052141e-09
1.699636874e-09
3.06949082e-10
-3.788291067e-09
2.904345527e-09
3.530009993e-09
5.245217674e-09
-3.662383977e-09
7.615124721e-09
2.441947033e-09
9.547208959e-09
-2.111726765e-09
9.938756944e-09
3.843020936e-09
9.741545782e-09
-2.667520562e-09
5.119839983e-09
-6.89974135e-09
-1.209434826e-09
1.103080475e-08
-1.288699268e-09
-3.272415688e-09
-4.977582591e-10
2.913007918e-09
-2.35110234e-10
-3.827921225e-10
-1.333048859e-10
2.897564294e-10
-8.138933147e-11
-1.272621012e-10
-5.666601906e-11
1.035726599e-10
-3.434301678e-11
-8.917277708e-11
-1.962345164e-11
7.588814007e-11
-6.500470865e-12
-6.678668745e-11
1.261055864e-11
5.099962119e-11
-3.41856724e-12
-3.411618382e-10
-1.736752728e-11
5.319612473e-10
4.302061308e-11
-1.875527416e-09
1.930645872e-10
2.774075613e-09
3.267982668e-10
-1.126747731e-09
2.229975208e-10
9.193755912e-10
1.214795564e-10
-1.755751976e-10
5.958260822e-11
1.265150461e-10
2.702145879e-11
-3.077437047e-11
1.186625893e-11
1.89793357e-11
5.545805093e-12
-5.354424652e-12
3.152774134e-12
4.217737754e-12
2.551796888e-12
-3.76767836e-12
3.72122847e-12
4.498878814e-12
4.256191499e-11
-3.366729219e-10
5.742812977e-11
6.186907214e-11
4.775523177e-11
-6.583652846e-11
4.201495912e-11
3.05360715e-11
4.07687017e-11
-1.631030111e-11
2.236134023e-11
-1.885758164e-09
-3.172707148e-09
5.162302094e-10
3.080267599e-09
3.445465522e-09
5.284138392e-09
-5.288528773e-09
6.19946545e-09
4.671995121e-09
5.985518743e-09
-4.204817071e-09
5.125511253e-09
3.286082541e-09
4.052050421e-09
-2.14752219e-09
3.047860831e-09
1.709025702e-09
2.068916425e-09
-9.430858046e-10
2.976546463e-10
-9.347429316e-10
-2.894440637e-09
5.151519488e-09
-1.387351559e-09
-1.225550825e-08
-1.765215693e-09
1.099168175e-08
-8.765227061e-10
-2.069950781e-09
-2.783049565e-10
1.256479633e-09
-1.36715344e-10
-2.17619641e-10
-7.903074825e-11
1.643458996e-10
-5.014854299e-11
-8.362101808e-11
-3.528702929e-11
6.952041958e-11
-2.621372882e-11
-6.37182002e-11
-1.879995713e-11
5.692590944e-11
-2.028839248e-11
-3.750554172e-11
-3.841200732e-11
6.094312959e-11
-1.195653195e-10
-6.69633638e-10
-4.530193784e-11
6.704833897e-10
7.228072033e-11
-4.189686956e-09
3.139769706e-10
6.105614566e-09
2.502526061e-10
-6.818920825e-10
1.163471341e-10
4.516478017e-10
4.706869952e-11
-8.000630007e-11
1.722526892e-11
5.112377731e-11
7.413017201e-12
-1.145427081e-11
3.901912405e-12
7.5689035e-12
2.671310879e-12
-3.789026182e-12
2.44367142e-12
3.851926617e-12
3.462829843e-12
-6.34372516e-12
7.077397975e-12
9.338601965e-12
1.595928847e-11
-2.97525826e-11
2.140978436e-11
2.711857869e-11
2.891929608e-11
-3.523625895e-11
2.937352822e-11
4.081148299e-11
2.423167888e-11
-2.939773227e-11
6.638352796e-09
6.683539546e-09
6.337283678e-09
4.598564317e-09
3.206381186e-09
2.963456967e-09
1.777004248e-09
1.162473088e-09
1.010534963e-09
-3.765093179e-10
5.393331697e-10
4.154166623e-10
8.514389862e-11
-4.234903677e-11
-6.445104638e-09
-8.676834464e-09
-5.276411723e-09
1.014934151e-08
-3.546925917e-09
-8.871527962e-09
-1.16758723e-09
7.084934483e-09
-4.09804105e-10
-7.274559946e-10
-1.482709122e-10
4.62047547e-10
-8.222985404e-11
-1.30391205e-10
-6.081274392e-11
1.129016526e-10
-5.283249525e-11
-6.162506787e-11
-5.485800087e-11
6.461977389e-11
-5.128098502e-11
-5.959141337e-11
-4.85659505e-11
6.30465425e-11
-6.41558984e-11
-1.159241784e-10
-9.49039045e-11
2.007210419e-10
-1.296424235e-10
-7.153593849e-10
-1.082173497e-10
8.184966537e-10
1.129843333e-10
-8.198291416e-09
4.441781396e-10
9.916237183e-09
1.53504379e-10
-2.695054744e-10
2.247688585e-11
1.604423274e-10
1.871509022e-11
-4.603536787e-11
1.516486374e-11
3.416089694e-11
8.587255833e-12
-7.101900827e-12
4.56713852e-12
8.642418967e-12
2.675994507e-12
-3.859884444e-12
2.1373467e-12
4.54146837e-12
3.779522541e-12
-1.260105666e-11
9.891623158e-12
1.56270754e-11
2.082775027e-11
-2.969485867e-11
2.467680545e-11
2.590629971e-11
-3.54467156e-11
3.656088864e-11
-1.186302444e-11
-9.030692104e-10
-1.636942573e-09
-4.214129259e-11
-2.411222573e-09
2.232280157e-09
-4.857750737e-09
-1.129577494e-08
-2.589410314e-09
7.051611921e-09
-9.680342012e-10
-3.522114802e-09
-2.167214969e-10
1.78016145e-09
-1.346907966e-12
-3.557338173e-10
-8.590476036e-11
9.270684416e-10
-7.927404728e-11
-1.027578301e-10
-7.140627433e-11
9.94369253e-11
-7.448914655e-11
-7.451394921e-11
-8.791785044e-11
9.202796095e-11
-8.509182601e-11
-1.010775527e-10
-1.212271853e-10
1.805457195e-10
-1.358711591e-10
-3.377236305e-10
-1.271297479e-10
5.45046914e-10
-1.461009505e-10
-9.386944032e-10
-1.798493409e-10
1.027965637e-09
1.604408187e-10
-1.053226664e-08
2.946013396e-10
9.457317654e-09
5.539527511e-11
-1.022298442e-10
1.369051141e-11
7.47851378e-11
1.039316317e-11
-2.513574996e-11
8.297876629e-12
2.040587973e-11
6.000181087e-12
-8.964015412e-12
4.193794083e-12
8.99363587e-12
3.031323001e-12
-5.151274114e-12
2.624148536e-12
5.647748615e-12
4.323468916e-12
-1.824050913e-11
-6.98477927e-09
-5.771746919e-09
-5.205356171e-09
-3.183787484e-09
-5.469471415e-09
-1.301130494e-09
-3.872548924e-10
-1.25774877e-09
-6.968159778e-11
1.415205895e-10
-1.840622595e-09
-1.031817242e-10
1.762507438e-09
-9.605981452e-11
-1.029695975e-10
-1.003914882e-10
1.113883178e-10
-1.149381083e-10
-1.179703077e-10
-1.359334049e-10
1.413322088e-10
-1.474738255e-10
-2.721085392e-10
-2.049107027e-10
3.434482484e-10
-2.515237883e-10
-8.226153488e-10
-1.9852639e-10
1.1498265e-09
-1.541845074e-10
-1.077121715e-09
-2.037042418e-10
1.127182677e-09
1.3161302e-10
-6.85805989e-09
1.722588921e-10
4.107977487e-09
3.854218447e-11
-6.579063769e-11
1.372626483e-11
5.945839499e-11
9.267001446e-12
-1.902369181e-11
6.837951456e-12
5.146135397e-12
-9.135057824e-12
3.925835095e-12
3.063223635e-12
-6.025740227e-12
-2.295342809e-10
-1.08300443e-09
-1.230043682e-10
-1.144022611e-10
-1.19095025e-10
-1.151880169e-10
-1.180450021e-10
-1.449583218e-10
-1.066512993e-10
-1.402847698e-10
-3.67726375e-10
-2.284427499e-10
-3.552252957e-10
-1.48634337e-09
-3.16627348e-10
-1.777113683e-10
-1.240828108e-09
-1.509288252e-10
1.801967097e-11
-2.432993813e-09
7.54681009e-11
2.825492034e-11
-4.970165941e-11
)
;

boundaryField
{
    dominio_ascii
    {
        type            calculated;
        value           nonuniform List<scalar> 
168
(
1.912968207e-10
1.954283787e-10
1.634815838e-10
2.234540109e-10
1.78513535e-09
-1.76330738e-09
4.840138354e-10
2.045994561e-09
1.904521447e-08
3.382447986e-10
2.05807412e-08
1.67083497e-10
8.843307548e-10
1.416977386e-09
-2.41013874e-08
1.66783972e-08
6.250744934e-10
-4.284695962e-08
-2.875038081e-09
1.416713725e-09
3.786905696e-09
6.554415408e-09
5.181496775e-09
5.704700311e-09
6.393333289e-09
1.485773224e-08
9.267002775e-11
1.099173569e-10
5.340725782e-10
2.447778627e-10
7.223186718e-10
5.828029542e-11
8.18318776e-09
2.88705578e-09
-2.60068741e-08
6.919394812e-11
2.393794378e-08
5.883803796e-12
1.661471921e-09
1.21365104e-10
3.171917264e-10
1.905091474e-11
6.803995435e-10
3.432506511e-10
2.794980367e-10
2.060317976e-10
3.322439294e-10
2.000634667e-10
1.8369086e-10
1.547069755e-10
4.313344387e-10
1.350851629e-09
1.831872107e-09
1.987015767e-09
3.455485682e-09
1.430726159e-08
3.19641115e-09
7.984702433e-10
2.122554074e-09
2.753481966e-09
9.588790137e-10
1.16496655e-09
3.707751322e-08
4.87031983e-09
2.717467151e-10
1.021474327e-10
2.064749149e-08
3.355092741e-08
7.584940976e-11
3.14253043e-10
1.730563992e-09
2.209826101e-09
1.430531311e-09
-4.027786568e-08
-4.005595368e-09
1.148108052e-09
1.867967806e-08
5.225462102e-10
9.040180583e-10
-2.571387659e-08
4.14748255e-10
8.282538229e-10
-6.48151438e-08
-1.270846925e-07
2.638552437e-10
-1.179164164e-08
2.59832857e-10
3.909137818e-10
6.038767584e-09
3.16390046e-10
1.081326908e-09
5.107278184e-09
5.300867368e-09
3.277873001e-09
1.24672513e-08
6.086589961e-09
6.280652416e-09
6.295109551e-09
2.136078936e-09
2.949631496e-09
5.229849007e-09
3.403361876e-10
1.140315382e-09
6.055707375e-09
1.059161425e-10
1.626628211e-10
7.110981811e-09
1.617506699e-10
6.118772552e-11
1.062280419e-08
1.130180741e-10
3.592861359e-10
2.140940778e-08
1.951033203e-08
7.246923161e-11
3.203442756e-08
3.881300491e-09
7.003211916e-11
6.06392974e-10
3.539282104e-10
1.182175718e-10
1.066546574e-09
4.500919613e-10
4.029346094e-10
2.15460702e-09
5.996935673e-11
9.600342792e-11
4.857737239e-09
4.35698112e-09
3.606420953e-11
6.39391629e-09
5.068805431e-11
6.550633087e-11
4.568307895e-10
6.889856672e-11
8.35192852e-11
-6.780963045e-11
-3.290409181e-11
3.208173995e-11
7.737397732e-11
6.579880317e-11
-5.169827904e-11
-1.567948022e-11
4.297427418e-09
9.491013459e-12
3.285231129e-11
1.500033227e-08
2.117446131e-08
7.25149822e-09
3.422392842e-09
1.190259188e-11
1.032150497e-11
1.38826408e-11
9.914833015e-12
3.46166182e-09
3.493796692e-10
1.700825826e-10
9.312117389e-11
7.696116678e-11
1.280126393e-10
2.70216337e-10
6.138487314e-10
1.948526977e-09
2.988877095e-09
1.939545402e-09
2.22415841e-09
1.132168408e-09
3.199509765e-11
)
;
    }
    wallFilmFaces_top
    {
        type            calculated;
        value           uniform 0;
    }
    region0_to_wallFilmRegion_wallFilmFaces
    {
        type            calculated;
        value           uniform 0;
    }
}


// ************************************************************************* //
