/*--------------------------------*- C++ -*----------------------------------*\
| =========                 |                                                 |
| \\      /  F ield         | OpenFOAM: The Open Source CFD Toolbox           |
|  \\    /   O peration     | Version:  2.1.x                                 |
|   \\  /    A nd           | Web:      www.OpenFOAM.org                      |
|    \\/     M anipulation  |                                                 |
\*---------------------------------------------------------------------------*/
FoamFile
{
    version     2.0;
    format      ascii;
    class       volVectorField;
    location    "1.8";
    object      Uf;
}
// * * * * * * * * * * * * * * * * * * * * * * * * * * * * * * * * * * * * * //

dimensions      [0 1 -1 0 0 0 0];

internalField   nonuniform List<vector> 
2828
(
(-0.2287928825 0 -0.08270205658)
(-0.2276647283 0 -0.06255855619)
(-0.2320615043 0 -0.04620357226)
(-0.2595218508 0 -0.03848663869)
(-0.4769850119 0 0.00916704576)
(-0.06798948597 0 0.3097679353)
(-0.3054490406 0 -0.21245713)
(-0.268235038 0 -0.144573157)
(-0.2325085785 0 -0.1131530078)
(-0.2384416999 0 -0.09652214939)
(-0.2406402341 0 -0.07357225112)
(-0.2455015153 0 -0.05612385142)
(-0.2777111014 0 -0.05073687201)
(-0.4809336186 0 0.0268441843)
(-0.5714562468 0 0.08251590039)
(-0.5900471769 0 0.1156765902)
(-0.553792205 0 0.150704125)
(-0.2755536154 0 0.1240763434)
(-0.2759115519 0 0.09020023923)
(0.1813193133 0 0.3451560346)
(-0.3302247708 0 -0.2048400675)
(-0.2937845684 0 -0.1619930557)
(-0.2490053197 0 -0.1350428315)
(-0.2500702526 0 -0.1165833866)
(-0.2607531356 0 -0.09377768243)
(-0.2623892169 0 -0.06974481585)
(-0.2986348827 0 -0.05753222251)
(-0.4784088699 0 0.0474021962)
(-0.5346839722 0 0.09107536382)
(-0.5654444105 0 0.1308736873)
(-0.5644467217 0 0.1623719024)
(-0.4715079749 0 0.1803189467)
(-0.638370478 0 0.4312949217)
(-0.3195176088 0 0.05946282525)
(-0.3796125781 0 0.1172152558)
(-0.2455774507 0 0.1822212695)
(-0.3624008989 0 -0.2157672785)
(-0.3396239628 0 -0.1891721339)
(-0.3244125168 0 -0.1758059726)
(-0.287023115 0 -0.1572404311)
(-0.2572994355 0 -0.1380418763)
(-0.28354589 0 -0.1225322147)
(-0.2868868851 0 -0.0904857374)
(-0.3333571271 0 -0.06670275173)
(-0.4860746065 0 0.06106089822)
(-0.507450152 0 0.09622218151)
(-0.5256662096 0 0.134763375)
(-0.5447840929 0 0.1706833484)
(-0.4752638771 0 0.1755502418)
(-0.2485110936 0 0.1172458775)
(-0.1682551549 0 0.104543701)
(-0.154369877 0 0.1106146379)
(-0.3159933911 0 0.1902293808)
(-0.3411840775 0 0.04379510974)
(-0.2648247563 0 0.1906483746)
(-0.3994426633 0 -0.385632368)
(-0.3381999957 0 -0.2216485495)
(-0.3813675734 0 -0.2362505168)
(-0.403603881 0 -0.2377378788)
(-0.3397442067 0 -0.1832144145)
(-0.2934766037 0 -0.1622308839)
(-1.691508862 0 -0.3206204412)
(-0.3234896861 0 -0.1259524698)
(-0.3921294754 0 -0.08684817435)
(-0.5166064345 0 0.07630151138)
(-0.4989869436 0 0.1015677215)
(-0.4919068381 0 0.135745758)
(-0.5074004486 0 0.1713474502)
(-0.4692576048 0 0.183803317)
(-0.2918891284 0 0.1448635387)
(-0.1911594226 0 0.1270986009)
(-0.184380893 0 0.149631544)
(-0.2375828291 0 0.2313254101)
(-0.3085631803 0 0.2748826914)
(-0.3220955017 0 0.1155429453)
(-0.4747330284 0 0.09827316613)
(-0.5071637799 0 0.09756834683)
(-0.4500922645 0 -0.3224272627)
(-0.6669399696 0 -0.541533912)
(-0.9730201552 0 -0.8013611078)
(-1.014531157 0 -0.8049119172)
(-0.8196535529 0 -0.5567201475)
(-2.258247138 0 -0.5159819733)
(-4.169726298 0 -0.5986239123)
(-0.3710670534 0 -0.1759007707)
(-0.4325871695 0 -0.1110795385)
(-0.5498011374 0 0.08942690337)
(-0.501815601 0 0.1071320435)
(-0.469216756 0 0.137943566)
(-0.4678174719 0 0.167654282)
(-0.4387266166 0 0.1826334544)
(-0.3093512923 0 0.1683066744)
(-0.2465295593 0 0.1962679977)
(-0.2917513996 0 0.2873420064)
(-0.3291360794 0 0.355575574)
(-0.3552636634 0 0.4065791925)
(0.08532677713 0 0.3988588522)
(-0.1202927646 0 0.2872551292)
(-0.2921842405 0 0.07116155319)
(-0.4008802102 0 0.242698303)
(-1.046632828 0 -0.6477345119)
(-0.8827440334 0 -0.6858360079)
(-1.174364986 0 -1.024995729)
(-1.434020323 0 -1.251655755)
(-1.449336089 0 -1.198280676)
(-1.807850919 0 -0.9176028395)
(-3.999368015 0 -0.7678133789)
(-5.229742635 0 -0.6946440869)
(-0.4245280885 0 -0.2187673566)
(-0.3970840979 0 -0.09356777828)
(-0.6607363383 0 0.1519846613)
(-0.5157918041 0 0.1182848474)
(-0.4553539188 0 0.1418205021)
(-0.4339676909 0 0.164310911)
(-0.4003106499 0 0.1773796467)
(-0.3315231368 0 0.2178080112)
(-0.3509339088 0 0.3323469908)
(-0.3804359138 0 0.4064647109)
(-0.3836950743 0 0.4382850689)
(-0.3737041477 0 0.4506069649)
(-0.1432989577 0 -0.06760033615)
(-0.1292704214 0 0.231669963)
(-0.2544101501 0 0.3133525024)
(-0.2416146237 0 0.1192106109)
(-0.3049306002 0 0.4170000573)
(-1.563392213 0 -1.076660833)
(-1.294546064 0 -1.030022257)
(-1.425471189 0 -1.308248138)
(-1.58519997 0 -1.446599341)
(-1.560065457 0 -1.248884413)
(-2.56987326 0 -0.9048476779)
(-4.590218852 0 -0.7778327478)
(-5.273135731 0 -0.6809510865)
(-0.488407243 0 -0.2240608549)
(-0.4248344111 0 0.007236243584)
(-0.8640529123 0 0.2545281398)
(-0.7109641985 0 0.226321587)
(-0.4491356339 0 0.1470501466)
(-0.4085775188 0 0.1638292526)
(-0.3719066149 0 0.1766342047)
(-0.4151175287 0 0.3461107635)
(-0.4677808272 0 0.4886539713)
(-0.4651350784 0 0.5309813362)
(-0.4337311794 0 0.526704718)
(-0.3854680685 0 0.4918819638)
(-0.340958994 0 0.4544322586)
(0.157114124 0 0.5203204993)
(-0.02408301822 0 0.5284276749)
(-0.1079772597 0 0.4168729815)
(-0.1086737624 0 0.2530528397)
(0.09302465236 0 0.1110665589)
(-1.806781071 0 -1.227126894)
(-1.502265806 0 -1.164142934)
(-1.405718562 0 -1.334906878)
(-1.398173067 0 -1.334326444)
(-1.463737398 0 -1.132872116)
(-2.71174247 0 -0.8077593377)
(-4.458499683 0 -0.7257140564)
(-4.675882801 0 -0.6043090877)
(-0.5974692555 0 -0.1711255223)
(-0.5253370899 0 0.08063782762)
(-0.9356932255 0 0.3037172758)
(-0.8567442095 0 0.314009882)
(-0.4941032354 0 0.1772256332)
(-0.3912444184 0 0.1683942169)
(-0.3669858508 0 0.1929114279)
(-0.5649345299 0 0.5569585297)
(-0.566190852 0 0.6471559618)
(-0.5019679982 0 0.6211800099)
(-0.4344799906 0 0.5687557493)
(-0.3670154218 0 0.5016160786)
(-0.3106323986 0 0.442640378)
(-0.268130142 0 0.4084030637)
(-0.2386188683 0 0.867203757)
(-0.1081021253 0 0.8016764973)
(-0.02077156339 0 0.6371107516)
(0.05714450164 0 0.4788551219)
(-0.06667000068 0 0.1233972476)
(-1.871858458 0 -1.328379857)
(-1.719447727 0 -1.116470993)
(-1.441447892 0 -0.9777619166)
(-1.20828465 0 -1.048736629)
(-1.144925971 0 -1.147452421)
(-1.311795574 0 -1.043004345)
(-2.5106687 0 -0.7218565481)
(-3.967659675 0 -0.6547855326)
(-3.926686909 0 -0.5173485235)
(-1.05564521 0 -0.03982435955)
(-0.631681802 0 0.1491798619)
(-0.8915526797 0 0.3112493257)
(-0.8585075045 0 0.3390825207)
(-0.560918485 0 0.2352571104)
(-0.3817257737 0 0.1870813731)
(-0.3909330938 0 0.2329100509)
(-0.6287802874 0 0.7048774971)
(-0.5546339468 0 0.7078332621)
(-0.4594115404 0 0.6279463233)
(-0.3713654904 0 0.534419747)
(-0.2952926137 0 0.4423710515)
(-0.2583300068 0 0.4114347172)
(-0.2535513223 0 0.5027650305)
(-0.0283439281 0 0.1263379093)
(-0.03355163246 0 0.1902665345)
(-0.0194210419 0 0.2835614047)
(0.08191727402 0 0.275156096)
(0.04182021861 0 0.1623191608)
(-1.428168318 0 -1.382514179)
(-1.552984612 0 -1.136986564)
(-1.366407306 0 -0.6869184816)
(-1.094458073 0 -0.5522038593)
(-0.9209348837 0 -0.9560515778)
(-1.107290357 0 -0.9554499065)
(-2.14444892 0 -0.6495568139)
(-3.373451084 0 -0.5832038004)
(-3.474373876 0 -0.4746539701)
(-1.339314819 0 -0.09762066061)
(-0.6969196279 0 0.2021949543)
(-0.7953258743 0 0.2957990395)
(-0.7578644193 0 0.3225998522)
(-0.5308190673 0 0.279517173)
(-0.3811737415 0 0.2580084554)
(-0.3895192436 0 0.289665876)
(-0.4282955739 0 0.6198442422)
(-0.3248247965 0 0.5081851145)
(-0.2646988732 0 0.4386310659)
(-0.212630054 0 0.3864572704)
(-0.1637871083 0 0.316983451)
(-0.126914549 0 0.2646730534)
(-0.2543900895 0 0.9575205046)
(0.004720351044 0 -0.1708474174)
(0.0564641138 0 -0.05518534849)
(0.08731947823 0 0.1017070773)
(0.1365871933 0 0.1996067581)
(0.1860355532 0 0.08149493938)
(-1.212302426 0 -1.420071337)
(-1.484103956 0 -1.445645495)
(-1.508681908 0 -1.022161867)
(-1.052778562 0 0.07544124688)
(-0.7378756131 0 -0.7259779848)
(-0.8496438347 0 -0.7677682354)
(-1.724310712 0 -0.5783880376)
(-2.931691805 0 -0.5426679778)
(-3.496173525 0 -0.5042212422)
(-1.359538113 0 -0.1347047133)
(-0.7201486529 0 0.1964673296)
(-0.7727766711 0 0.3115650354)
(-0.6880556097 0 0.3413494381)
(-0.4799666028 0 0.4337508482)
(-0.3878893655 0 0.4920899881)
(-0.2532817055 0 0.4382452103)
(-0.1836833051 0 0.4083513511)
(-0.1566953435 0 0.4156730221)
(-0.1480226242 0 0.440687476)
(-0.1483356827 0 0.4704002747)
(-0.1507539926 0 0.4864796334)
(-0.1493946544 0 0.4699206455)
(-0.1337147536 0 0.4295055793)
(-0.07299076375 0 0.4101391278)
(0.03454964089 0 -0.1853979774)
(0.1045729042 0 -0.0489175738)
(0.1601922171 0 0.06466369634)
(0.2112164966 0 0.1005449605)
(0.2227371904 0 0.0454678303)
(-0.1609632171 0 -0.4050987376)
(-0.1810396636 0 -0.4024280805)
(-0.2460633668 0 -0.8112133702)
(-0.5280220866 0 -0.4556914484)
(-0.6440421191 0 -0.5347847104)
(-0.7181781604 0 -0.5597446262)
(-2.057333446 0 -0.7378362817)
(-2.819654221 0 -0.5707309001)
(-4.048622992 0 -0.6317781849)
(-1.328867461 0 -0.1387147302)
(-0.7514540155 0 0.3120719975)
(-0.8531973477 0 1.148296717)
(-0.6697697028 0 1.311500366)
(-0.5624278833 0 1.248772098)
(-0.4027865372 0 1.061612562)
(-0.306841509 0 1.037265953)
(-0.2695584874 0 1.159390207)
(-0.1798664626 0 0.8390974286)
(-0.1606329431 0 0.7677378465)
(-0.1572073557 0 0.7713262263)
(-0.140588799 0 0.7152253068)
(-0.1261727792 0 0.6740601607)
(-0.1285981657 0 0.6691088617)
(-0.122691612 0 0.5984711381)
(0.04485398283 0 -0.2429656425)
(0.09121476351 0 -0.1685274442)
(0.1547634797 0 -0.05324493817)
(0.1960688779 0 0.06216016462)
(0.257946172 0 -0.001637522543)
(-0.159090018 0 -0.4249807834)
(-0.1450930463 0 -0.4488886265)
(-0.1740399242 0 -0.5108098427)
(-0.1986932673 0 -0.5211428767)
(-0.3418596987 0 -0.4740371281)
(-0.6274572147 0 -0.5197322093)
(-0.7836949933 0 -0.5747932256)
(-3.96702761 0 -1.870475616)
(-3.329766386 0 -0.5499656078)
(-5.147284487 0 -0.9085485158)
(-1.475038382 0 -0.1142042295)
(-0.8999657802 0 0.2094321409)
(-0.8428048674 0 2.299778894)
(-0.6006469164 0 2.141247648)
(-0.4666349041 0 1.905856087)
(-0.2917992504 0 1.519321526)
(-0.6414190254 0 3.030620974)
(-0.6697163095 0 3.661928772)
(-0.5717112208 0 3.442558704)
(-0.3709996368 0 2.357765881)
(-0.2224268548 0 1.338335075)
(-0.2159532593 0 1.270410254)
(-0.1877206363 0 1.099399514)
(-0.1190834698 0 0.7848478853)
(-0.08847999488 0 0.6856526658)
(0.1105717788 0 -0.2941042858)
(0.1790461149 0 -0.1986183851)
(0.2300729977 0 -0.0943273967)
(0.2426497921 0 -0.03091946824)
(0.139724004 0 -0.1906966463)
(-0.4069084289 0 -0.9426726534)
(-0.07138693992 0 -0.3495582625)
(-0.08315136602 0 -0.4448435747)
(-0.1079535331 0 -0.6084298735)
(-0.1418218264 0 -0.7507294774)
(-0.3172152393 0 -0.8100299489)
(-0.7830347459 0 -0.7652410463)
(-1.063592405 0 -0.7726752745)
(-3.484979926 0 -1.014942296)
(-6.637283208 0 -1.461959665)
(-2.368521164 0 -0.03941537988)
(-1.068214124 0 0.8249485156)
(-0.4665570023 0 2.403177293)
(-0.4686099083 0 2.772303615)
(-0.4308034846 0 2.465648734)
(-0.2666620501 0 1.69568681)
(0.271010339 0 1.99545995)
(0.1453101071 0 1.703802127)
(-0.1285703878 0 1.099477027)
(-0.1545067369 0 1.080200396)
(-0.1604315436 0 1.124497193)
(-0.1569987533 0 1.156758747)
(-0.1306281098 0 1.03916453)
(-0.07373633674 0 0.6801286949)
(-0.04620962737 0 0.4794607649)
(0.2195439079 0 -0.4760293566)
(0.2560834063 0 -0.3488056499)
(0.2910156564 0 -0.2142559632)
(0.3179285722 0 -0.1332795628)
(0.4088528598 0 -1.362975308)
(0.716110058 0 -1.721783554)
(0.0202282702 0 -0.3339665988)
(-0.01753274232 0 -0.3289402135)
(-0.03437617871 0 -0.3922341569)
(-0.07644220071 0 -0.5298351226)
(-0.1871563849 0 -0.7839005686)
(-0.447568909 0 -1.232167318)
(0.5855335628 0 -0.9651381789)
(0.09243153423 0 -0.8514894905)
(-4.056333582 0 -0.8230675785)
(-0.8686638244 0 0.6177301902)
(0.3143070219 0 -0.1054377607)
(2.049376663 0 0.5858738597)
(1.175902361 0 -1.021699711)
(0.7190727908 0 0.5871299955)
(0.2147058033 0 0.5518275687)
(-0.08001042214 0 0.3124406124)
(-0.2567137482 0 0.2540001594)
(-0.5212737616 0 0.9920875802)
(-0.3417747257 0 1.227513997)
(-0.2004981385 0 0.9689132065)
(-0.1386198215 0 0.7890301682)
(-0.1047794709 0 0.6680311116)
(-0.08134446799 0 0.5652947736)
(-0.06396977638 0 0.4820160059)
(0.3083093264 0 -0.6997666261)
(0.3077355174 0 -0.5704981586)
(0.3021093257 0 -0.4282256952)
(0.3188668257 0 -0.394399983)
(0.5385818008 0 -1.112013545)
(0.7579264311 0 -1.236921015)
(0.06121104918 0 -0.3554661731)
(0.08827493976 0 -0.5165470787)
(0.1545352859 0 -0.8487841582)
(0.2513767245 0 -1.361682728)
(0.3939915754 0 -1.8846349)
(0.6570354955 0 -1.424875818)
(0.9502994674 0 -0.6764494699)
(1.105769876 0 -0.7048062906)
(0.9274092439 0 -0.5309004075)
(0.1906565584 0 -0.2207375904)
(0.4070705793 0 -0.1900987471)
(2.57241655 0 0.357435395)
(1.03798059 0 -0.413048357)
(0.745754214 0 0.5202628296)
(0.04116528133 0 0.4007713342)
(-0.1998211435 0 0.3379195879)
(-0.2203606315 0 0.3428600306)
(0.002833908079 0 0.6932353861)
(-0.06084937628 0 1.210567855)
(-0.0526601699 0 1.164731472)
(-0.04580180153 0 0.9884897099)
(-0.04137325326 0 0.8554481402)
(-0.03864655049 0 0.7370823268)
(-0.02978886498 0 0.6278353445)
(0.3138860171 0 -0.6636621054)
(0.3321416006 0 -0.7042257228)
(0.3034085378 0 -0.6182279875)
(0.2849760343 0 -0.5879279579)
(0.3005397068 0 -0.6213168986)
(0.3501320592 0 -0.7445630545)
(0.4752760462 0 -1.120493234)
(0.5615637516 0 -1.285242234)
(0.7035229245 0 -1.520527389)
(0.6276732694 0 -0.7895168772)
(0.5287003029 0 -0.7506565753)
(0.6633437784 0 -0.4969426518)
(0.8023056944 0 -0.496054333)
(0.8020660703 0 -0.4596694744)
(0.4067212294 0 -0.2756741527)
(0.1818979447 0 -0.2016277216)
(0.2986745341 0 -0.1798080114)
(2.381384061 0 0.2580257484)
(1.088193192 0 0.1260971989)
(0.8015420447 0 0.365352437)
(0.3321488735 0 0.497930386)
(-0.007532619845 0 0.6006193811)
(-0.1537795617 0 0.5499690753)
(-0.1325168073 0 0.4546049267)
(0.08183757092 0 0.711379513)
(0.04367205053 0 0.4847498284)
(0.04176891829 0 0.3779647432)
(0.04631414217 0 0.3181697422)
(0.05150799128 0 0.2853611708)
(0.0845124075 0 0.5477278638)
(0.1397725434 0 -0.6757637169)
(-0.05276168869 0 -0.8971499628)
(-0.1887635596 0 -0.8678927415)
(-0.2067692854 0 -0.7372577892)
(-0.223652163 0 -0.6638860053)
(-0.2689600837 0 -0.6569410966)
(-0.3402750453 0 -0.6658423279)
(-0.4139643025 0 -0.6515658971)
(-0.3972725198 0 -0.6137475135)
(0.4413934549 0 -0.3642304959)
(0.5572247224 0 -0.3499531586)
(0.6339883399 0 -0.3665491008)
(0.5874104622 0 -0.3216317809)
(0.3462473009 0 -0.2402574337)
(0.2003876044 0 -0.2131990696)
(0.2593455993 0 -0.2075069394)
(2.132864225 0 0.2034659643)
(0.8228902689 0 0.1148221799)
(0.7021715898 0 0.2432869329)
(0.3449971822 0 0.3295591759)
(0.1946851435 0 0.388982616)
(0.04560523444 0 0.4391108992)
(-0.04784416148 0 0.4777267844)
(-0.02851250128 0 0.4778434346)
(0.03983605478 0 0.4093242319)
(0.06091334196 0 0.3016479291)
(0.06199787471 0 0.2244776511)
(0.0620506924 0 0.1896967542)
(0.06178500851 0 0.1798491969)
(0.1854228207 0 -0.803679159)
(-0.02464491957 0 -0.8649009803)
(-0.09733455385 0 -0.7793249391)
(-0.1413127506 0 -0.8615574158)
(-0.2177577714 0 -0.9963282735)
(-0.3198635958 0 -1.100249094)
(-0.4339233562 0 -1.127663285)
(-0.5596809503 0 -1.090165259)
(-0.4979515623 0 -0.8446540212)
(0.412648602 0 -0.2760402167)
(0.4716742391 0 -0.2771782512)
(0.5197472429 0 -0.2886668092)
(0.4974242724 0 -0.2659586208)
(0.4006438785 0 -0.2454171771)
(0.3388022879 0 -0.2580884109)
(0.5542979531 0 -0.3011305997)
(1.812095789 0 0.158398957)
(0.7528491801 0 0.1064198434)
(0.6048525734 0 0.156884956)
(0.3283333255 0 0.2506595624)
(0.2489137162 0 0.2782500106)
(0.1790769419 0 0.4066579853)
(0.1519984273 0 0.5959775725)
(0.111729652 0 0.5464549159)
(0.09136888636 0 0.4091336489)
(0.07928168913 0 0.3028742443)
(0.06801557374 0 0.2329637839)
(0.06049336 0 0.1898353019)
(0.0566114425 0 0.1695636736)
(-0.0233340955 0 -0.7982823664)
(-0.04213075547 0 -0.8802870732)
(-0.07002369834 0 -1.078709649)
(-0.1191777776 0 -1.297137444)
(-0.1745714695 0 -1.461178793)
(-0.2202979769 0 -1.587417688)
(-0.2655485716 0 -1.75683995)
(-0.3147529524 0 -1.805194543)
(-0.08814210701 0 -0.9006314601)
(0.3949965322 0 -0.2473781391)
(0.437045397 0 -0.2494726779)
(0.4554325523 0 -0.2490821846)
(0.4376258081 0 -0.2369105179)
(0.3773151722 0 -0.2398975136)
(0.4297361822 0 -0.2822282298)
(0.6255747263 0 -0.3249430832)
(1.526486316 0 0.1228202085)
(0.776711437 0 0.106286051)
(0.7540306185 0 0.2034770055)
(0.6363868442 0 0.6605603453)
(0.4823770539 0 0.591950448)
(0.3134773857 0 0.3992101025)
(-0.201607343 0 0.3593975036)
(0.05988151109 0 0.309169433)
(0.08469373092 0 0.304467738)
(0.07230106601 0 0.2455067179)
(0.05507249743 0 0.1917298755)
(0.03281651904 0 0.1602584445)
(0.09401564622 0 -0.5334651355)
(0.1058791914 0 -0.5811810953)
(0.1212610035 0 -0.6389514081)
(0.1403878885 0 -0.6771499218)
(0.1691601534 0 -0.6836765631)
(0.2242781965 0 -0.6612086321)
(0.2894254009 0 -0.6255700084)
(0.3152100686 0 -0.3873330845)
(0.4021372185 0 -0.2163163537)
(0.4022616571 0 -0.1854879888)
(0.4272667434 0 -0.242606279)
(0.38015577 0 -0.2181200215)
(0.3191961664 0 -0.2248409685)
(0.3969007684 0 -0.2439399589)
(0.4564888249 0 -0.2321976921)
(1.279811024 0 0.09143913925)
(0.8254208202 0 0.1039752709)
(0.588214056 0 0.1686902286)
(0.6002778967 0 0.4930572989)
(0.4901431013 0 0.498661775)
(0.3329968337 0 0.3668681734)
(0.3908784593 0 0.4616674312)
(0.3950463724 0 0.5895753124)
(0.3491713558 0 0.579189856)
(0.07940006305 0 0.2161622795)
(-0.0139543414 0 0.1328680358)
(-0.001425929233 0 0.1460996959)
(0.1639999934 0 -0.5148052259)
(0.1717040681 0 -0.5042520358)
(0.1915801898 0 -0.489862412)
(0.2137849774 0 -0.4702129769)
(0.2341773144 0 -0.4499123506)
(0.2498691735 0 -0.4297969622)
(0.239219965 0 -0.3895165205)
(0.2403403775 0 -0.260514224)
(0.2419325803 0 -0.2074065781)
(0.4263529202 0 -0.1355729635)
(0.4115178262 0 -0.2544074745)
(0.2905284763 0 -0.2582984078)
(0.282136732 0 -0.2657163862)
(0.2634687487 0 -0.4267646)
(0.4080929391 0 -0.1977726303)
(1.088616955 0 0.06477781866)
(0.8808320873 0 0.09465765897)
(0.5599810034 0 0.1926089738)
(0.5722568747 0 0.387783774)
(0.4615425576 0 0.394750799)
(0.3257492982 0 0.3152469831)
(0.4477983679 0 0.4425741704)
(0.4295223017 0 0.5140193628)
(0.234582819 0 0.3525371347)
(-0.01130031719 0 0.1606019725)
(-0.0237629161 0 0.1563784842)
(0.208178271 0 -0.5454580853)
(0.1478304434 0 -0.5287881218)
(0.05751055241 0 -0.4815583407)
(-0.05172649413 0 -0.4071258523)
(-0.1351107948 0 -0.2275578906)
(-0.1749543049 0 -0.03843044041)
(-0.1303262086 0 0.07686422919)
(-0.04187665426 0 0.0879825988)
(0.4881014289 0 -0.1728868624)
(0.4011974375 0 -0.3042828469)
(0.5343584271 0 -0.5766234259)
(0.7035023201 0 -0.3257934393)
(1.666714511 0 -0.6442093415)
(0.4455292198 0 0.08721023038)
(0.9875644747 0 0.04359491939)
(0.9188470369 0 0.07567585031)
(0.6148253879 0 0.2199998747)
(0.5492794834 0 0.3160670191)
(0.4238531785 0 0.3135924689)
(0.3089328359 0 0.266754172)
(0.2449697806 0 0.23518324)
(0.189592726 0 0.2126333389)
(0.1631755682 0 0.3369422175)
(0.1731897875 0 0.4966104109)
(0.1196790043 0 0.3115595852)
(0.2300541768 0 -0.4786424859)
(0.1981207094 0 -0.4050421503)
(0.1281131682 0 -0.187803966)
(-0.2529101176 0 0.3494489405)
(-0.3191793855 0 0.4828671237)
(-0.2602533323 0 0.5163088842)
(-0.0658127924 0 0.3446424375)
(0.1729576717 0 0.1653391603)
(0.5025838085 0 -0.2210609878)
(0.43649906 0 -0.4377621253)
(0.7891521857 0 -0.7310041596)
(1.07000014 0 -0.7314819823)
(1.82438062 0 -0.4788444452)
(0.3604755235 0 0.05843876236)
(0.9847665453 0 0.02476900055)
(0.9136223638 0 0.04321532799)
(0.6383795259 0 0.2098755643)
(0.509110427 0 0.2544479495)
(0.3861970849 0 0.2521019345)
(0.2879183414 0 0.2241889622)
(0.2097907294 0 0.1816888811)
(0.1711331307 0 0.162584011)
(0.2059294562 0 0.2259895455)
(0.2692064767 0 0.3822460827)
(0.2620825431 0 -0.3479984535)
(-0.7642371551 0 0.671774282)
(-0.7470745181 0 0.6981043308)
(-0.638339182 0 0.6103276995)
(-0.4852863836 0 0.4657451803)
(-0.143329273 0 0.01232578883)
(0.3795976117 0 -0.01574928058)
(0.4869484864 0 -0.3515333417)
(0.545351345 0 -0.5589154129)
(0.8965170149 0 -0.9566398071)
(1.312067315 0 -0.6910197292)
(1.068435656 0 -0.2912652146)
(0.6534516467 0 -0.1699754936)
(1.063426301 0 0.008228582607)
(0.8644918612 0 0.03327821174)
(0.5629736514 0 0.1790881553)
(0.5339463543 0 0.2748882515)
(0.4133803302 0 0.2411395424)
(0.2860330988 0 0.2026586405)
(0.204135407 0 0.1627712297)
(0.9679119398 0 0.773454264)
(0.8933250117 0 1.11979141)
(-0.873119452 0 0.8296498624)
(-0.7688585393 0 0.7717059377)
(-0.534437439 0 0.5670166653)
(-0.2930796013 0 0.3408965424)
(-0.2854809334 0 0.3577202919)
(0.463985737 0 -0.221799438)
(0.4746260676 0 -0.4551174815)
(0.8132569676 0 -0.8569017524)
(2.111505799 0 -2.082337212)
(1.391761875 0 -0.7326264583)
(0.5845125638 0 -0.164053977)
(0.6340500612 0 -0.1401522735)
(1.140236667 0 0.00134451719)
(0.7067285361 0 0.008115687881)
(0.9421854717 0 0.009819989646)
(1.684097171 0 0.7534579111)
(1.167833562 0 0.6700191303)
(0.4510666881 0 0.2811510297)
(0.2118201768 0 0.155677557)
(1.0578254 0 0.5435940445)
(0.0375370352 0 0.3881878768)
(0.889234595 0 -0.7314063195)
(0.9662254859 0 -0.7378959427)
(0.7819382013 0 -0.493337828)
(1.113939656 0 0.3486426141)
(1.18000654 0 -1.182393349)
(2.247464141 0 -1.977368179)
(0.8248126277 0 -0.3245447982)
(0.4808452902 0 -0.1329726773)
(0.6422076881 0 -0.1241459842)
(1.102199681 0 -0.00266708387)
(0.5764295492 0 -0.01089181137)
(0.4672657577 0 0.07456414712)
(1.408437169 0 0.5444200452)
(1.079223181 0 0.5302036674)
(0.5257933887 0 0.290691756)
(0.2372650287 0 0.1545038441)
(0.9995642536 0 -0.7366141562)
(1.47700554 0 -0.9334557434)
(1.551087421 0 -0.6942142886)
(1.212101987 0 0.328747964)
(1.302019275 0 -1.197184848)
(1.888631887 0 -1.532280627)
(0.6421388756 0 -0.2370509465)
(0.4577408624 0 -0.1235589157)
(0.6941963907 0 -0.1222329803)
(0.9219471058 0 -0.02609358953)
(0.4744828958 0 -0.01440315285)
(0.3503592285 0 0.09546832106)
(1.146999425 0 0.4101004136)
(0.9190047003 0 0.4092201599)
(0.9481364427 0 -0.2111508719)
(1.01554664 0 -0.8508161032)
(1.08012997 0 -0.8008349258)
(0.4841332653 0 -0.1746993283)
(0.4112624739 0 -0.1106674362)
(0.7529806692 0 -0.1239750543)
(0.7780331659 0 -0.03628609237)
(0.3506345281 0 -0.02711908348)
(0.3042920174 0 0.07131294068)
(-0.2827103414 0 -0.1558606131)
(-0.2600707038 0 -0.134584427)
(-0.2405156335 0 -0.1159478011)
(-0.233900645 0 -0.1029354907)
(-0.2304888845 0 -0.09504744978)
(-0.2298408981 0 -0.09131500849)
(-0.2315506306 0 -0.08811194609)
(-0.2317712171 0 -0.07785574147)
(-0.2282481939 0 -0.07289942925)
(-0.2314043611 0 -0.06678069547)
(-0.2319290042 0 -0.05762428692)
(-0.228079637 0 -0.05367154574)
(-0.2365825449 0 -0.05067313361)
(-0.2471722853 0 -0.04612611403)
(-0.2421966047 0 -0.04060838756)
(-0.2675601836 0 -0.04582781349)
(-0.3314895368 0 -0.04308438704)
(-0.3073084792 0 -0.04696153319)
(-0.4867242719 0 0.0171619783)
(-0.553448988 0 0.05012879459)
(-0.5856130176 0 0.07802501457)
(-0.5970072193 0 0.09754702556)
(-0.5925305105 0 0.1116720995)
(-0.2579130343 0 0.1079256134)
(-0.1523851696 0 0.06931211088)
(0.1103404216 0 0.1935493586)
(0.06301229823 0 0.177996306)
(-0.178400594 0 0.05608977771)
(-0.3181669053 0 -0.1915761937)
(-0.3008426625 0 -0.1732890444)
(-0.2908530476 0 -0.166091628)
(-0.5825846926 0 0.1249962031)
(-0.5806205496 0 0.1433037312)
(-0.5725191793 0 0.1381958706)
(-0.5651964857 0 0.1572063372)
(-0.5317690313 0 0.1806397365)
(-0.5308932886 0 0.174812211)
(-0.4900923607 0 0.2129450943)
(-0.5367569621 0 0.301096248)
(-0.3722888516 0 0.08897911339)
(-0.307292096 0 0.1430117913)
(-0.3129932688 0 0.203588537)
(-0.2350143648 0 0.2411257019)
(-0.2354228583 0 0.1095088414)
(-0.2036757478 0 0.1055307836)
(-0.5479366153 0 0.3759981824)
(-0.1692617203 0 0.1005706618)
(-0.2877110487 0 0.1780609214)
(-0.3469461446 0 0.08512445453)
(-0.3090159349 0 0.09415517036)
(-0.3415538775 0 0.05220007301)
(-0.4220806581 0 0.1252891786)
(-0.3717463513 0 0.09912496461)
(-0.1824591635 0 0.1168427348)
(-0.1679321873 0 0.1167392706)
(-0.1606295408 0 0.1066832421)
(-0.1579429108 0 0.1177232298)
(-0.1616882895 0 0.1312724233)
(-0.2907078463 0 0.2647373174)
(-0.2748388995 0 0.2748193539)
(-0.2811521193 0 0.2793542563)
(-0.286288738 0 0.2954120018)
(-0.3131062094 0 0.3378216034)
(-0.1080160594 0 0.4323430823)
(-0.2072476566 0 0.45581421)
(-0.3475670871 0 0.334359331)
(-0.3659815674 0 0.4312285244)
(-0.3682328748 0 0.4427954618)
(-0.09933294621 0 -0.1869086858)
(0.2829161988 0 0.2966194366)
(0.1591958838 0 0.3345928391)
(-0.04610289422 0 0.4025393014)
(-0.3813909593 0 0.4721861575)
(-0.3646112839 0 0.4619075396)
(-0.3675913112 0 0.4554936083)
(-0.3539716377 0 0.4572992923)
(0.008626073728 0 0.3176539138)
(-0.0376779596 0 0.3179095098)
(-0.1454864338 0 -0.1021712635)
(-0.3283006132 0 0.4509493099)
(-0.3065023897 0 0.4313627205)
(-0.3265064996 0 0.4434678443)
(0.1620978623 0 0.6981066462)
(0.237731154 0 0.5379690562)
(-0.2469500082 0 0.4132160468)
(-0.08305281913 0 0.4769106736)
(-0.09782485408 0 0.5079618588)
(-0.1509379422 0 0.8614382983)
(-0.2935360858 0 0.7445422488)
(-0.2869068232 0 0.7917301742)
(-0.2563046665 0 0.5548743801)
(-0.03550942766 0 -0.1157021379)
(-0.01941880674 0 -0.09069856405)
(0.01192213311 0 -0.06419313568)
(-0.02515082578 0 0.1706367535)
(-0.06385021123 0 0.5236099306)
(-0.02188893123 0 0.8075531207)
(-0.2848730844 0 1.054400693)
(-0.01183499609 0 0.7855909575)
(0.007004416198 0 -0.1623646394)
(-0.004390767422 0 -0.1783857222)
(-0.1204348828 0 0.4744746504)
(0.008475979933 0 -0.2479926105)
(0.03057215198 0 -0.2289283236)
(0.01566082704 0 -0.2055533651)
(-0.1118408162 0 0.684550928)
(-0.1101263662 0 0.6769661552)
(0.08353094509 0 -0.2715600498)
(0.1051058674 0 -0.2357372915)
(0.05845596258 0 -0.2102164608)
(-0.07254819607 0 0.6243948861)
(-0.0641133086 0 0.5945783902)
(-0.0859153776 0 0.6738351094)
(0.1546313798 0 -0.3673964499)
(0.1913591947 0 -0.3195699051)
(0.147856784 0 -0.2609884989)
(-0.07232975231 0 0.3842495467)
(-0.0712151214 0 0.380325932)
(-0.04709004961 0 0.451858509)
(0.2741649429 0 -0.5915768777)
(0.283554786 0 -0.5274113879)
(0.2399275087 0 -0.4161911072)
(-0.0540781252 0 0.5568190005)
(-0.05013277092 0 0.5203231798)
(-0.05758695488 0 0.4551686311)
(0.3158275189 0 -0.7514200458)
(0.3273504691 0 -0.7322815775)
(0.3153372957 0 -0.6431578634)
(0.02277917407 0 0.4047736205)
(0.01945206876 0 0.4457154235)
(-0.02599126012 0 0.5876263139)
(0.2901638321 0 -0.5409955966)
(0.3078296169 0 -0.6448310724)
(0.07093518855 0 0.2146831793)
(0.07891835988 0 0.6068248123)
(0.1964958548 0 -0.5929548944)
(0.215888553 0 -0.5644619312)
(0.05831500292 0 0.1722485922)
(0.1969870827 0 -0.7538114079)
(0.1014601206 0 -0.9766045643)
(0.02097830739 0 -0.8761220854)
(0.09138991185 0 -0.836451864)
(0.05979991088 0 0.1824340023)
(0.05756041491 0 0.1669317641)
(0.05741987336 0 0.1734055219)
(0.02054157847 0 -0.6241294898)
(0.0395574077 0 -0.5889065699)
(-0.02433172924 0 -0.8179288171)
(-0.01414579283 0 0.1180030728)
(-0.02079612831 0 0.1170561035)
(0.01643200833 0 0.1524614408)
(0.1262389046 0 -0.5121323384)
(0.09406072141 0 -0.5155722893)
(0.0106446351 0 0.1588012351)
(0.1997425413 0 -0.5252974252)
(0.2027249392 0 -0.5261204695)
(0.1658053009 0 -0.5094321902)
(0.0512642221 0 0.1903832972)
(0.04052982585 0 0.1847431634)
(-0.0144849401 0 0.150722247)
(0.2175851074 0 -0.5440018463)
(0.2000894787 0 -0.5246325878)
(0.172083478 0 -0.5097788393)
(0.1809216141 0 -0.5438230779)
(0.2458153292 0 0.4750196367)
(0.2295211475 0 0.4764720646)
(0.1450313458 0 0.3950270374)
(0.2523702208 0 -0.4163533739)
(0.2234811476 0 -0.4541016735)
(0.2939396227 0 0.3286634878)
(0.2602100592 0 0.4192579661)
(0.259341734 0 -0.3267889129)
(0.248292015 0 -0.3035037488)
(1.171436494 0 1.180143808)
(0.8722483096 0 1.136145277)
(0.3940655122 0 1.56459949)
(-0.8302925752 0 0.8208125409)
(0.125361209 0 1.413378348)
(0.0589417645 0 1.182519328)
(-0.6690630154 0 0.6840432979)
(0.2184044016 0 0.1515717267)
(0.3134370283 0 0.147392125)
(0.4595769543 0 0.1358123418)
(0.8143201873 0 0.418499875)
(1.277808151 0 0.8925812053)
(0.08178517384 0 0.564836545)
(0.08938974205 0 0.1641070662)
(0.5776468313 0 -0.4072446209)
(0.5835440744 0 -0.391364137)
(0.5182984004 0 0.273832222)
(0.3708378694 0 0.2091876407)
(0.3413803826 0 0.1994099024)
(1.244699316 0 -0.8657586304)
(1.594866865 0 -0.947471333)
(1.77261358 0 -0.9070029181)
(1.494591308 0 -0.8455431083)
(1.891222765 0 -0.7654260853)
(1.859052005 0 -0.4353458018)
(1.743939528 0 -0.4278912821)
(0.3142199029 0 0.07804850185)
(0.980951604 0 0.3046479185)
(1.072595391 0 0.3386060355)
(1.049818298 0 0.3645633605)
(1.018663946 0 0.3950827752)
(1.055852319 0 0.4228805079)
(0.7465178088 0 0.3594202926)
(1.758408433 0 -0.4427903875)
(0.9007616509 0 -0.7998885656)
(0.9558285091 0 -0.7339855208)
(1.054538371 0 -0.836169896)
(0.8272674227 0 -0.5694207251)
(0.4857422393 0 -0.2198938096)
(0.750034693 0 -0.4405108119)
(0.4289543041 0 -0.1546248824)
(0.3572620136 0 -0.1188865169)
(0.3917854109 0 -0.1276282016)
(0.3777626814 0 -0.1028322909)
(0.5808815744 0 -0.1198734541)
(0.5906905108 0 -0.1237423804)
(0.769482926 0 -0.1256263462)
(0.81808871 0 -0.0930825151)
(0.7905707403 0 -0.09031589085)
(0.7832411089 0 -0.04176111957)
(0.6021449556 0 0.06648400886)
(0.3239863564 0 0.0463807444)
(-0.2800744996 0 -0.1544324358)
(-0.2567483407 0 -0.1388719543)
(-0.2451324321 0 -0.1269252773)
(-0.2375875983 0 -0.1235742225)
(-0.2369186957 0 -0.114140826)
(-0.2341074354 0 -0.1056404742)
(-0.2445126907 0 -0.1058128899)
(-0.2486486181 0 -0.09504115168)
(-0.2401470815 0 -0.08535862747)
(-0.2502652778 0 -0.08263413774)
(-0.2509264755 0 -0.07121439015)
(-0.2413814686 0 -0.06356388085)
(-0.2535047529 0 -0.06240602486)
(-0.2605504405 0 -0.05704325171)
(-0.2542709119 0 -0.05154591975)
(-0.2877788562 0 -0.05451394075)
(-0.3620799946 0 -0.03387433695)
(-0.3471984423 0 -0.03996447906)
(-0.4812350622 0 0.03902853489)
(-0.5251999625 0 0.06426493098)
(-0.539722658 0 0.05720654057)
(-0.5534799519 0 0.08764939834)
(-0.5715623746 0 0.1076973258)
(-0.5878248552 0 0.1028860124)
(-0.2045878252 0 0.2665159752)
(0.06709201876 0 0.1898239498)
(0.1677306797 0 0.1746543512)
(-0.3493231907 0 -0.2796316349)
(-0.3603794969 0 -0.2150835477)
(-0.08481165418 0 0.06223043296)
(-0.3339489835 0 -0.1861583946)
(-0.3231818648 0 -0.1777637442)
(-0.3119102332 0 -0.1733908486)
(-0.3087173343 0 -0.1690238712)
(-0.2897569294 0 -0.1587986128)
(-0.272115525 0 -0.1494631549)
(-0.2666710909 0 -0.1465862481)
(-0.2464877635 0 -0.1336253231)
(-0.2393508623 0 -0.1234315769)
(-0.2541882216 0 -0.1275021448)
(-0.2665073864 0 -0.1195945758)
(-0.2577027484 0 -0.1065685571)
(-0.27184226 0 -0.1070446601)
(-0.2730493616 0 -0.09234440048)
(-0.2613691425 0 -0.0806397647)
(-0.2732829866 0 -0.0787998775)
(-0.2789994063 0 -0.06924414882)
(-0.2684514262 0 -0.06273267474)
(-0.3127011934 0 -0.06104051549)
(-0.4012868143 0 -0.008206793802)
(-0.3792360783 0 -0.02272624754)
(-0.4793090443 0 0.05417120138)
(-0.5028149177 0 0.07479758529)
(-0.5118122557 0 0.06983502671)
(-0.5187147241 0 0.09374831907)
(-0.5320150321 0 0.1129780598)
(-0.5518226474 0 0.1110971278)
(-0.5457282572 0 0.1336329775)
(-0.5571559015 0 0.1532201062)
(-0.571629694 0 0.149301937)
(-0.5579401782 0 0.1670448182)
(-0.5346385341 0 0.175445228)
(-0.5345949738 0 0.1756826257)
(-0.4689857934 0 0.1723723433)
(-0.3468608142 0 0.1407425602)
(-0.4849687652 0 0.265495888)
(-0.4259205746 0 0.1882589762)
(-0.2039091816 0 0.1268268065)
(-0.2791808923 0 0.240424333)
(-0.4371880575 0 -0.3308663212)
(-0.3497692877 0 -0.2543186565)
(-0.4179466438 0 -0.3069097547)
(-0.3369020494 0 -0.209331288)
(-0.3391547124 0 -0.1992767104)
(-0.3408230073 0 -0.195464809)
(-0.3443228084 0 -0.194454964)
(-0.3464113999 0 -0.1901056044)
(-0.3348063355 0 -0.1830653152)
(-0.3414442446 0 -0.1841451566)
(-0.3285782049 0 -0.1761088781)
(-0.3084835615 0 -0.1672985793)
(-0.3089473617 0 -0.1670138376)
(-0.2838830539 0 -0.1571751484)
(-0.2622300542 0 -0.1454483848)
(-0.2641271658 0 -0.1486153319)
(-0.2839837141 0 -0.1481403496)
(-0.2742796018 0 -0.1335747845)
(-0.360004589 0 -0.1483806119)
(-0.307425621 0 -0.125768546)
(-0.2863108602 0 -0.1069625728)
(-0.3036138201 0 -0.1058780092)
(-0.311498709 0 -0.08885187641)
(-0.2931565831 0 -0.0776174971)
(-0.361340651 0 -0.0754284395)
(-0.4734150673 0 0.02678945325)
(-0.4319696847 0 0.00845673683)
(-0.4990849255 0 0.06857715876)
(-0.5013648635 0 0.08395883931)
(-0.4994433665 0 0.07945248219)
(-0.5011378541 0 0.0988080895)
(-0.5016243717 0 0.1157886347)
(-0.514919425 0 0.1143658033)
(-0.5074392137 0 0.1352285722)
(-0.5184851834 0 0.1553767101)
(-0.5384107968 0 0.1551061173)
(-0.5271422304 0 0.1720236545)
(-0.5193528517 0 0.1816868298)
(-0.5299914557 0 0.1785284694)
(-0.4760944915 0 0.1812210837)
(-0.3883313419 0 0.1634153616)
(-0.3731797162 0 0.1522751944)
(-0.2729865223 0 0.1317319998)
(-0.2047573405 0 0.1172133546)
(-0.1958011978 0 0.1075876715)
(-0.3165334379 0 0.1460092416)
(-0.3620360546 0 0.1526228293)
(-0.3852632062 0 0.115700674)
(-0.4097907333 0 0.04389830999)
(-0.5053528542 0 0.2901920243)
(-0.4866024241 0 0.150451261)
(-0.2649189437 0 0.08060958921)
(-0.5579314524 0 -0.4277049193)
(-0.5094981882 0 -0.2435150909)
(-0.3981837898 0 -0.3150644597)
(-0.3566428955 0 -0.257880178)
(-0.3396159569 0 -0.2346521268)
(-0.4053793791 0 -0.2956510192)
(-0.5188389345 0 -0.3888678936)
(-0.3516603186 0 -0.2212708296)
(-0.6319757889 0 -0.4803629542)
(-0.6904391731 0 -0.5196286706)
(-0.4062383329 0 -0.2478940352)
(-0.6761666682 0 -0.4919725034)
(-0.5925871452 0 -0.4035641119)
(-0.3749787208 0 -0.2095806541)
(-0.4715000283 0 -0.2873138807)
(-0.4016817185 0 -0.2113845713)
(-0.3090651264 0 -0.1685196761)
(-0.8792107152 0 -0.2707986361)
(-2.369463577 0 -0.4479794867)
(-0.7128340183 0 -0.2193622877)
(-3.176183796 0 -0.4930592193)
(-2.590935767 0 -0.3743900988)
(-0.8761482819 0 -0.2025974396)
(-0.3461386529 0 -0.1502625413)
(-0.3567255873 0 -0.1230797977)
(-0.3332413831 0 -0.1037907366)
(-0.4192051677 0 -0.09961413263)
(-0.5684288203 0 0.06438840311)
(-0.5218458362 0 0.04609215401)
(-0.5349803275 0 0.08335575998)
(-0.5151056267 0 0.09208421818)
(-0.5072429447 0 0.08825330869)
(-0.4997011781 0 0.1044020085)
(-0.4859091218 0 0.1196569185)
(-0.4921576685 0 0.117528692)
(-0.4792441938 0 0.1366157683)
(-0.48156862 0 0.1541954971)
(-0.4991947019 0 0.1548238643)
(-0.4872128341 0 0.1696737388)
(-0.4843401302 0 0.1811717444)
(-0.5034873931 0 0.1823466593)
(-0.4560034189 0 0.1840908148)
(-0.3915453526 0 0.1747779791)
(-0.3942011284 0 0.1704792866)
(-0.3030013313 0 0.1562680442)
(-0.2329878045 0 0.143611537)
(-0.2171123639 0 0.1284302173)
(-0.2076614897 0 0.1474882076)
(-0.2126928985 0 0.1724675897)
(-0.1800662837 0 0.131316335)
(-0.2363844063 0 0.2144162819)
(-0.2639462686 0 0.2586772322)
(-0.1982639081 0 0.1766805594)
(-0.2034315696 0 0.3523148264)
(-0.1787654912 0 0.227205955)
(-0.2475450943 0 0.2416041031)
(-0.3053485667 0 0.103550415)
(-0.2634473493 0 0.1514639926)
(-0.3040468119 0 0.1684704042)
(-0.4620956135 0 0.1764192856)
(-0.3498299616 0 0.3154732505)
(-0.4387580906 0 0.3502803414)
(-0.7761257565 0 -0.4034655393)
(-0.6345164161 0 -0.5185520582)
(-0.5223789073 0 -0.4881981125)
(-0.629093027 0 -0.4698183534)
(-0.7515373753 0 -0.617590427)
(-0.4877864485 0 -0.3798894629)
(-0.9552112775 0 -0.8107712153)
(-1.127165326 0 -0.9631669635)
(-0.8502548465 0 -0.7007313081)
(-1.238565593 0 -1.05439953)
(-1.28834542 0 -1.082254819)
(-1.029730325 0 -0.8375121913)
(-1.272232968 0 -1.041424524)
(-1.216010111 0 -0.9383369359)
(-0.930887716 0 -0.7061196196)
(-1.281008335 0 -0.7960163826)
(-1.992650306 0 -0.6909250615)
(-1.012687137 0 -0.4394772657)
(-3.286783937 0 -0.685099332)
(-4.351321203 0 -0.6998363392)
(-3.535671328 0 -0.6022026361)
(-4.840174104 0 -0.6627520565)
(-4.481393511 0 -0.5410763852)
(-3.768493691 0 -0.4815018268)
(-0.3974010957 0 -0.2000610736)
(-0.4014892075 0 -0.1665723379)
(-0.3803468252 0 -0.145947027)
(-0.4200057096 0 -0.1150308935)
(-0.6145784062 0 0.09022589434)
(-0.6026087813 0 0.07916526123)
(-0.5749122241 0 0.1045422587)
(-0.535166883 0 0.1025472321)
(-0.522640973 0 0.09527847423)
(-0.5040436542 0 0.1097721261)
(-0.4795598239 0 0.1247507298)
(-0.4820088408 0 0.1221146586)
(-0.461402362 0 0.1397134058)
(-0.4527676522 0 0.1538955279)
(-0.4660501477 0 0.1538268505)
(-0.4499174843 0 0.1657508768)
(-0.4434458695 0 0.1761314289)
(-0.4638875769 0 0.1788884029)
(-0.4194771438 0 0.1800990419)
(-0.3724732806 0 0.1805519035)
(-0.3833153274 0 0.1774994383)
(-0.3164334532 0 0.1863893174)
(-0.2882228738 0 0.2137595429)
(-0.2549682492 0 0.1692920525)
(-0.299111208 0 0.2642590343)
(-0.3206236362 0 0.31238559)
(-0.267485188 0 0.2429515338)
(-0.3374949042 0 0.3484775753)
(-0.3488440059 0 0.3753547705)
(-0.3118924942 0 0.3241869126)
(-0.3564194586 0 0.396864632)
(-0.3616942985 0 0.4148390075)
(-0.3443373131 0 0.3833266389)
(-0.03328386688 0 0.2756616998)
(-0.1556536588 0 0.1024580808)
(-0.1314233916 0 0.1152310476)
(-0.2788431214 0 0.09619051735)
(-0.2203824997 0 0.1350039512)
(-0.2308271277 0 0.1279156032)
(-0.3842088246 0 0.3400545239)
(-0.2643574861 0 0.3214963354)
(-0.2470766445 0 0.3184595684)
(-1.338699045 0 -0.8861731541)
(-1.18776526 0 -0.8601808689)
(-0.9110201982 0 -0.6805635521)
(-1.110940474 0 -0.879011718)
(-1.175250602 0 -1.017550381)
(-0.9919010272 0 -0.8401258693)
(-1.33062485 0 -1.191559576)
(-1.475747417 0 -1.327717607)
(-1.333179276 0 -1.169641533)
(-1.556130422 0 -1.38953474)
(-1.565516853 0 -1.365517837)
(-1.470261873 0 -1.262075256)
(-1.544528345 0 -1.26549971)
(-1.66510547 0 -1.111121168)
(-1.45716189 0 -1.073591843)
(-2.272682169 0 -0.9383112439)
(-3.354021836 0 -0.8245807978)
(-2.810759643 0 -0.804111556)
(-4.417731618 0 -0.787990618)
(-5.156939125 0 -0.7670405182)
(-4.884576437 0 -0.7517895126)
(-5.358756686 0 -0.698716705)
(-4.830003737 0 -0.5578290199)
(-4.812173296 0 -0.5640004223)
(-0.4535685814 0 -0.2276104952)
(-0.4382208595 0 -0.1530104548)
(-0.4186803693 0 -0.1722123618)
(-0.3949854626 0 -0.04417054857)
(-0.703662512 0 0.1562789881)
(-0.6332713729 0 0.1123319988)
(-0.7758453043 0 0.2102484679)
(-0.7292045183 0 0.2087338745)
(-0.6022400993 0 0.1407464483)
(-0.5888167167 0 0.1596462675)
(-0.4823588089 0 0.1327041702)
(-0.4779193676 0 0.1273989024)
(-0.4507900502 0 0.1440955089)
(-0.432562338 0 0.1555604107)
(-0.4416571224 0 0.1544704414)
(-0.4201880016 0 0.1636004697)
(-0.4065121806 0 0.1715040167)
(-0.4240432408 0 0.1734989367)
(-0.3836237916 0 0.1756708032)
(-0.3622993929 0 0.203574677)
(-0.3632183278 0 0.1872232112)
(-0.3622704874 0 0.269331511)
(-0.3840102356 0 0.3463808291)
(-0.331329904 0 0.2738270058)
(-0.4068345828 0 0.4063256644)
(-0.4206120109 0 0.4454355902)
(-0.3694712864 0 0.3766744738)
(-0.4250081233 0 0.4690202176)
(-0.421597473 0 0.4812323534)
(-0.3845404328 0 0.4258818472)
(-0.4118741042 0 0.4843924919)
(-0.3976225136 0 0.4805358131)
(-0.3797093598 0 0.4461017722)
(-0.0973061142 0 0.3560728377)
(-0.2068274666 0 0.3874730095)
(-0.2056518629 0 0.3634952923)
(-0.2444743588 0 0.3348463982)
(-0.259181951 0 0.186357748)
(-0.3072166643 0 0.08931532057)
(-0.1860274439 0 0.1804429679)
(-0.2644745143 0 0.1429336004)
(-0.2488110959 0 0.07908660133)
(-0.2860508966 0 0.3364592587)
(-1.802652066 0 -1.161621726)
(-0.6797892976 0 -0.09856762996)
(-1.720510086 0 -1.193505975)
(-1.565224935 0 -1.102817337)
(-1.406342422 0 -1.002341627)
(-1.428769036 0 -1.130093559)
(-1.387315573 0 -1.228520848)
(-1.306923532 0 -1.14949616)
(-1.451171115 0 -1.360885918)
(-1.524247575 0 -1.44123614)
(-1.543885268 0 -1.424092894)
(-1.519385955 0 -1.417154831)
(-1.479930192 0 -1.321733868)
(-1.56089556 0 -1.378005418)
(-1.522920247 0 -1.191425376)
(-1.876353667 0 -1.024463469)
(-1.810305394 0 -1.079266935)
(-2.70070172 0 -0.8560959982)
(-3.717783722 0 -0.7690265915)
(-3.633487111 0 -0.8034567625)
(-4.586164575 0 -0.755021656)
(-5.097972675 0 -0.7352524649)
(-5.210836728 0 -0.7583187453)
(-5.0263373 0 -0.6474714075)
(-4.313402541 0 -0.494528371)
(-4.633125011 0 -0.5318490601)
(-0.5339298765 0 -0.2075114477)
(-0.5242307679 0 -0.05519606554)
(-0.4725219565 0 -0.1117899308)
(-0.4706426828 0 0.04704210791)
(-0.83414006 0 0.2311096667)
(-0.7831433495 0 0.1999595258)
(-0.9166194718 0 0.2849417891)
(-0.9029832706 0 0.3029430027)
(-0.8364268797 0 0.2652975667)
(-0.8051288758 0 0.2798498823)
(-0.6156880566 0 0.2072698806)
(-0.5251810016 0 0.1571856346)
(-0.4597593877 0 0.1555491222)
(-0.420261877 0 0.1596554917)
(-0.4253590646 0 0.1571900558)
(-0.3989809464 0 0.1652426903)
(-0.3790129141 0 0.1709535741)
(-0.3914378193 0 0.1705325951)
(-0.3666064714 0 0.182046165)
(-0.4178789995 0 0.3010809296)
(-0.3785251958 0 0.2389432597)
(-0.4893104566 0 0.448092677)
(-0.5238151097 0 0.5359459362)
(-0.4502319013 0 0.4351444123)
(-0.5257893049 0 0.5736686819)
(-0.5122362923 0 0.5852686141)
(-0.4710090007 0 0.5173366573)
(-0.4923822791 0 0.5838381069)
(-0.4689063549 0 0.5738752674)
(-0.4524149093 0 0.5336633841)
(-0.4420086969 0 0.5561842486)
(-0.4122168249 0 0.5315817369)
(-0.410502955 0 0.5116672965)
(-0.3815168522 0 0.5029255072)
(-0.3530113941 0 0.4748412965)
(-0.361894744 0 0.4717089971)
(0.1650509049 0 0.699645555)
(0.1564894726 0 0.6774169673)
(0.07902553386 0 0.5123076057)
(0.1206792769 0 0.6343582148)
(0.05602947452 0 0.5854820765)
(-0.08939696317 0 0.4971003354)
(0.002327398858 0 0.5133022388)
(-0.02952390179 0 0.4713324754)
(-0.1482330207 0 0.2927693974)
(-0.01301974299 0 0.2462972474)
(-0.2750555909 0 0.5511951537)
(-0.3259631281 0 0.1770105981)
(-1.333019215 0 -1.11347339)
(-1.910785223 0 -1.380784948)
(-1.94987903 0 -1.239167513)
(-1.80584691 0 -1.179416549)
(-1.666116603 0 -1.111713004)
(-1.656861613 0 -1.14504655)
(-1.50229346 0 -1.112810852)
(-1.37286726 0 -1.159427772)
(-1.4096821 0 -1.237685227)
(-1.310527318 0 -1.227593639)
(-1.294336461 0 -1.279230866)
(-1.428327467 0 -1.383314208)
(-1.267366963 0 -1.239132541)
(-1.271512826 0 -1.17628865)
(-1.374037806 0 -1.245623079)
(-1.393372101 0 -1.084072462)
(-1.827641968 0 -0.9283348082)
(-1.87672543 0 -0.97241905)
(-2.640425214 0 -0.7629239585)
(-3.535151196 0 -0.6922745456)
(-3.671193614 0 -0.7312109479)
(-4.242390279 0 -0.6917932566)
(-4.53557695 0 -0.6618788576)
(-4.859999087 0 -0.7021274849)
(-4.287157534 0 -0.5583526456)
(-3.585943142 0 -0.4103107286)
(-3.944394067 0 -0.4524431614)
(-0.7657345969 0 -0.09104042927)
(-0.6463791924 0 0.07982807493)
(-0.5836207063 0 0.01446476635)
(-0.5813719703 0 0.115022886)
(-0.8458976385 0 0.2579423863)
(-0.8526359469 0 0.2495185337)
(-0.9252761443 0 0.3120234296)
(-0.9341619165 0 0.3380147217)
(-0.9341607874 0 0.3263431896)
(-0.8729412367 0 0.3328663852)
(-0.7366372982 0 0.2877067024)
(-0.6956731312 0 0.2554795423)
(-0.5366033207 0 0.2074981281)
(-0.4217976555 0 0.1735860427)
(-0.4184864336 0 0.1642203461)
(-0.3854051889 0 0.1746734991)
(-0.3601112464 0 0.1787434715)
(-0.3688884004 0 0.1733382527)
(-0.3729596571 0 0.2094925729)
(-0.5280326966 0 0.4702259086)
(-0.4741059345 0 0.3849901623)
(-0.6156416002 0 0.646906592)
(-0.6138345601 0 0.6994602452)
(-0.5845221915 0 0.630465625)
(-0.5780747781 0 0.6956980857)
(-0.5350957805 0 0.6712949976)
(-0.5353639189 0 0.6393721761)
(-0.4925607774 0 0.6389503267)
(-0.4515148434 0 0.6025259913)
(-0.4683683301 0 0.5973171251)
(-0.4118979731 0 0.5633507943)
(-0.3743668565 0 0.5229580067)
(-0.4003476278 0 0.5361105738)
(-0.3399274933 0 0.4840988441)
(-0.3103741 0 0.4514068072)
(-0.3365730758 0 0.4693313162)
(-0.2879849479 0 0.4301308173)
(-0.2668865136 0 0.4186241314)
(-0.2837449431 0 0.4172277814)
(-0.111414843 0 0.5161712265)
(-0.1073628293 0 0.5157739706)
(-0.07426548662 0 0.7303575853)
(-0.0781212908 0 0.4910222524)
(0.01078701945 0 0.4152240859)
(0.0471439836 0 0.5435887656)
(0.0747058014 0 0.3963637013)
(0.1718608846 0 0.1830374806)
(0.130635821 0 0.4114234797)
(-0.04335528042 0 0.3456169667)
(-1.058732848 0 -1.14445904)
(0.3653027197 0 0.2256632795)
(-1.632785682 0 -1.465002906)
(-1.618434512 0 -1.243689482)
(-1.76765891 0 -1.314127537)
(-1.60997501 0 -1.079072457)
(-1.520903038 0 -0.9131407959)
(-1.599176907 0 -1.011715529)
(-1.371870032 0 -0.8041155073)
(-1.233700995 0 -0.7753651168)
(-1.300680332 0 -0.9955533498)
(-1.134758947 0 -0.8158702802)
(-1.041756365 0 -1.020591458)
(-1.158693681 0 -1.155349455)
(-1.03026894 0 -1.055911577)
(-1.076004129 0 -1.052679138)
(-1.174092245 0 -1.114695475)
(-1.217181236 0 -1.003832732)
(-1.62083597 0 -0.8607859926)
(-1.739761851 0 -0.8918563693)
(-2.340354189 0 -0.6843953789)
(-3.104660833 0 -0.6145558528)
(-3.337985789 0 -0.6529809656)
(-3.666584452 0 -0.6173257107)
(-3.821778271 0 -0.5797755151)
(-4.17107935 0 -0.618914445)
(-3.646326538 0 -0.4881104926)
(-3.074845511 0 -0.35141743)
(-3.292137914 0 -0.3745188459)
(-1.251052456 0 -0.06308399272)
(-0.7796224035 0 0.1499220111)
(-0.7090284947 0 0.1271824714)
(-0.6704335372 0 0.1793553119)
(-0.7981240776 0 0.2600433465)
(-0.8241670313 0 0.2601048512)
(-0.8436257154 0 0.3041233301)
(-0.856453602 0 0.3302674987)
(-0.9064414782 0 0.3388858977)
(-0.8171884709 0 0.3343145267)
(-0.7135277426 0 0.3104384825)
(-0.7404991858 0 0.3047832287)
(-0.5573584962 0 0.2571748697)
(-0.4339964116 0 0.2178220571)
(-0.4288003061 0 0.1905819864)
(-0.3804215386 0 0.211411867)
(-0.3401858918 0 0.2105273027)
(-0.3511575115 0 0.189453307)
(-0.4181026529 0 0.2631802198)
(-0.5694351274 0 0.5819838808)
(-0.5646411183 0 0.5385516665)
(-0.5860820293 0 0.7152101289)
(-0.5340373465 0 0.7033342774)
(-0.6035074869 0 0.7319683909)
(-0.4775005371 0 0.6556072506)
(-0.429546544 0 0.6083964501)
(-0.5055491971 0 0.6701323732)
(-0.3865094323 0 0.5633435242)
(-0.3445263414 0 0.5172235988)
(-0.4147826376 0 0.5824244875)
(-0.3031053614 0 0.4691090633)
(-0.2638714345 0 0.4194259142)
(-0.3308808765 0 0.4863163716)
(-0.2285310895 0 0.3707350271)
(-0.2024327382 0 0.3358922086)
(-0.2681211077 0 0.4113432373)
(-0.2165638571 0 0.3769562623)
(-0.2768814613 0 0.595876603)
(-0.2564507041 0 0.4507380533)
(0.02561318182 0 -0.006268295188)
(0.0466048741 0 0.08930203806)
(-0.02097446669 0 0.2408012462)
(0.03752826666 0 0.1508586838)
(0.04664482344 0 0.1865699589)
(0.0226484885 0 0.259446028)
(0.09972775208 0 0.2309547051)
(0.1300801 0 0.02607537044)
(0.1173651947 0 0.05901736062)
(0.09418943953 0 0.1137040493)
(-1.194728918 0 -1.224248788)
(-1.39127248 0 -1.249242308)
(-1.294612764 0 -1.366546945)
(-1.429348087 0 -1.345644065)
(-1.498612874 0 -1.261923739)
(-1.532214576 0 -1.277920965)
(-1.568017078 0 -1.09829905)
(-1.519476429 0 -0.9315475045)
(-1.490315978 0 -0.779341887)
(-1.253168898 0 -0.3736989624)
(-1.200642774 0 -0.5404139336)
(-1.069288726 0 -0.2690414331)
(-0.8873831328 0 -0.7355342745)
(-0.9526730194 0 -0.8782095406)
(-0.8203185901 0 -0.843587169)
(-0.8638980381 0 -0.8805847437)
(-0.9723093358 0 -0.9785275694)
(-0.9809793072 0 -0.8805712197)
(-1.309333776 0 -0.7829317641)
(-1.47638586 0 -0.828813531)
(-1.9347105 0 -0.6149089561)
(-2.625283843 0 -0.5492834053)
(-2.85928856 0 -0.5789308667)
(-3.119923743 0 -0.5567902791)
(-3.363637075 0 -0.5407900523)
(-3.540336548 0 -0.5516965821)
(-3.422065334 0 -0.4791968706)
(-2.874646913 0 -0.3401771396)
(-2.934126352 0 -0.340528329)
(-1.366558201 0 -0.1215173705)
(-0.8748962749 0 0.1567212373)
(-0.839953813 0 0.1549929498)
(-0.71128404 0 0.2143108468)
(-0.7728112809 0 0.2690182334)
(-0.7778888488 0 0.2617373328)
(-0.7656578988 0 0.2945221145)
(-0.7490329922 0 0.3079412702)
(-0.796112462 0 0.316491119)
(-0.7037961444 0 0.3163078952)
(-0.6093622441 0 0.3210880804)
(-0.6637120435 0 0.310578282)
(-0.4971114622 0 0.3220419708)
(-0.4319904687 0 0.3371692506)
(-0.433836539 0 0.2614339392)
(-0.3832165295 0 0.3433282327)
(-0.3151114179 0 0.3292198414)
(-0.3264743261 0 0.2517747818)
(-0.2682900717 0 0.3224965071)
(-0.2257627733 0 0.4133165834)
(-0.4633910347 0 0.5557951747)
(-0.1966690778 0 0.4231695216)
(-0.1814930725 0 0.3946810798)
(-0.3690128958 0 0.5664845294)
(-0.1735686642 0 0.3734013193)
(-0.1677515814 0 0.3668872103)
(-0.2926636182 0 0.4681578394)
(-0.1626155451 0 0.3698238575)
(-0.1585078551 0 0.376428763)
(-0.2379990287 0 0.4126094831)
(-0.1553846158 0 0.3819089274)
(-0.1522690208 0 0.3818313109)
(-0.1882249524 0 0.355835672)
(-0.1480340652 0 0.373092814)
(-0.1417904835 0 0.3582180425)
(-0.141511461 0 0.2793553761)
(-0.1361631034 0 0.3477123674)
(-0.116086679 0 0.3733993809)
(-0.2206243479 0 0.6805303349)
(0.02656931614 0 -0.1717672597)
(0.05300963088 0 -0.1323218482)
(0.03480740894 0 -0.1261738004)
(0.08240100412 0 -0.06124225087)
(0.1188677489 0 0.03115287864)
(0.07737803178 0 0.04086573892)
(0.1292530478 0 0.0667222334)
(0.1674816844 0 0.1111033536)
(0.109891301 0 0.1454952875)
(0.1720340708 0 0.154143202)
(0.1652207307 0 0.07640576709)
(0.1406332446 0 0.0412709559)
(0.2211187093 0 0.06758876362)
(-0.7483362097 0 -0.9838055872)
(-1.005105678 0 -1.139308513)
(-1.093259169 0 -1.457477532)
(-1.308625109 0 -1.639141642)
(-1.389945833 0 -1.492109281)
(-1.326794366 0 -1.544698534)
(-1.175963509 0 -1.271280714)
(-1.503659705 0 -1.276755423)
(-1.086986962 0 -1.089912717)
(-1.177560405 0 -0.8048914744)
(-1.469358701 0 -0.5372893623)
(-1.053608488 0 0.3165400225)
(-0.7460983353 0 -0.4756084465)
(-0.8277052158 0 -0.5986999272)
(-0.6805402669 0 -0.6207938898)
(-0.7001317091 0 -0.6390799615)
(-0.764927247 0 -0.7590054806)
(-0.7517887756 0 -0.6424653299)
(-0.9662028441 0 -0.6142945006)
(-1.127688565 0 -0.7084969338)
(-1.581251269 0 -0.5562971801)
(-2.977021051 0 -0.7357172164)
(-2.476175438 0 -0.5464385965)
(-2.828204831 0 -0.5458237573)
(-3.388421353 0 -0.5888050137)
(-3.310736082 0 -0.55175406)
(-3.703715808 0 -0.5534294397)
(-3.068683604 0 -0.3773819079)
(-2.91060584 0 -0.3512839917)
(-1.33943181 0 -0.1398605345)
(-0.8987532346 0 0.168082647)
(-0.8903200304 0 0.1611945395)
(-0.7537073977 0 0.101266803)
(-0.8622581853 0 0.3566289455)
(-0.7961475518 0 0.2885071611)
(-0.8380057841 0 0.393121161)
(-0.8112085723 0 0.4047645205)
(-0.7447743152 0 0.3211728291)
(-0.726093274 0 0.4713924056)
(-0.5661698403 0 0.6255315322)
(-0.5749854033 0 0.3837565018)
(-0.5061912317 0 0.7212599974)
(-0.4675447063 0 0.7556542466)
(-0.4393034781 0 0.4806076035)
(-0.4001527673 0 0.7366068262)
(-0.3257594551 0 0.6844396404)
(-0.3155233338 0 0.4686333918)
(-0.2615823877 0 0.6250038771)
(-0.2165083506 0 0.5822623588)
(-0.2106808132 0 0.4173608672)
(-0.1860222265 0 0.553037094)
(-0.1661272825 0 0.5363017237)
(-0.1669418418 0 0.4087910079)
(-0.1540515828 0 0.5326502496)
(-0.1470645521 0 0.5383123541)
(-0.1508022539 0 0.4268034903)
(-0.1429384511 0 0.5480060186)
(-0.1402685524 0 0.557996759)
(-0.1474821075 0 0.4558884999)
(-0.1384176502 0 0.5669277048)
(-0.1374295902 0 0.575371961)
(-0.1497021482 0 0.4815366852)
(-0.1377389657 0 0.5837960219)
(-0.1394383236 0 0.5904504946)
(-0.1505028604 0 0.4828904755)
(-0.1415486916 0 0.5917716774)
(-0.1423028151 0 0.5837322168)
(-0.1464395908 0 0.4499013576)
(-0.1407772601 0 0.5619832253)
(-0.1361032027 0 0.5258831686)
(-0.1076528062 0 0.4166708447)
(0.06159326886 0 -0.189738288)
(0.09050068802 0 -0.1227820141)
(0.06720577384 0 -0.1251553867)
(0.1270120476 0 -0.05217523256)
(0.1273501188 0 0.07957508544)
(0.1263149564 0 0.0567105629)
(0.1778655407 0 0.0703702361)
(0.1903876728 0 0.03883571325)
(0.1976984111 0 0.07278099069)
(0.2458171478 0 0.02344031629)
(0.183129854 0 -0.05406260392)
(0.1775533001 0 0.02623230457)
(0.137277521 0 -0.05506610023)
(-0.143292531 0 -0.4083705583)
(-0.1545535728 0 -0.3206876543)
(-0.1547112985 0 -0.4260225316)
(-0.165839324 0 -0.4404293327)
(-0.1705565848 0 -0.4054258454)
(-0.1753802769 0 -0.4445637453)
(-0.1879475773 0 -0.4331967033)
(-0.2133020949 0 -0.5554629735)
(-0.2257739043 0 -0.4104367203)
(-0.3106446529 0 -0.3981256146)
(-0.3139142451 0 -0.8163364933)
(-0.4346015401 0 -0.4166360391)
(-0.544890592 0 -0.450759501)
(-0.593051074 0 -0.4999106382)
(-0.62087386 0 -0.4795290261)
(-0.6676450423 0 -0.4980258657)
(-0.6761047768 0 -0.5532815719)
(-0.7089205091 0 -0.5100276711)
(-1.131287526 0 -0.632962236)
(-0.8932057482 0 -0.5538544851)
(-3.349821062 0 -1.312401274)
(-5.079240089 0 -1.462400755)
(-4.27894449 0 -1.153017025)
(-2.921871234 0 -0.6010306286)
(-3.902752377 0 -0.7570841122)
(-3.591257064 0 -0.6558693317)
(-4.532516164 0 -0.7465613699)
(-3.923099779 0 -0.5012820772)
(-3.389112504 0 -0.4245342497)
(-1.357474078 0 -0.1310990002)
(-0.9296253769 0 0.1852956408)
(-0.9148365846 0 0.1772582965)
(-0.7889814682 0 0.2626244671)
(-1.026878014 0 1.612852837)
(-0.7419790022 0 0.873757047)
(-0.8649965098 0 1.813361363)
(-0.7341277778 0 1.825944376)
(-0.7646916388 0 1.279537333)
(-0.6343519258 0 1.773878252)
(-0.5630332903 0 1.700233268)
(-0.6152778501 0 1.277986296)
(-0.5051153446 0 1.623113634)
(-0.4230872428 0 1.456095022)
(-0.4924026801 0 1.182535424)
(-0.3344399518 0 1.272070962)
(-0.2649810525 0 1.121043248)
(-0.3164529024 0 0.922045669)
(-0.6241342634 0 2.431588486)
(-0.6165896206 0 2.697570329)
(-0.304162503 0 1.189971074)
(-0.5686294673 0 2.717872559)
(-0.4878554438 0 2.516390114)
(-0.2193106565 0 0.9987886496)
(-0.3833548537 0 2.104984699)
(-0.2765076865 0 1.571281043)
(-0.1635384834 0 0.7715242348)
(-0.2113406707 0 1.188036155)
(-0.1968003034 0 1.081095674)
(-0.1601266911 0 0.7756486529)
(-0.1981013829 0 1.076024142)
(-0.1969722992 0 1.064407416)
(-0.1504105882 0 0.7490031909)
(-0.1883075291 0 1.017725384)
(-0.170067353 0 0.931193179)
(-0.131144209 0 0.6860260605)
(-0.1442824273 0 0.8229999657)
(-0.1211206508 0 0.7416281841)
(-0.126351688 0 0.6737408016)
(-0.1103546385 0 0.7136237792)
(-0.1080865066 0 0.707901659)
(-0.1289719398 0 0.6525925336)
(0.137695321 0 -0.1730530973)
(0.1645654633 0 -0.107722418)
(0.1184157368 0 -0.1036742866)
(0.1944299229 0 -0.06739650921)
(0.1993843702 0 0.06569845798)
(0.1507616284 0 0.08646678374)
(0.2196822327 0 0.02167261919)
(0.2200807314 0 0.003998838934)
(0.1890483679 0 0.02262229453)
(0.2365940033 0 -0.09041891896)
(-0.2138310315 0 -0.4905864024)
(-0.006944916301 0 -0.2549958574)
(-0.2626344509 0 -0.6351535272)
(-0.304518007 0 -0.725746007)
(-0.1552550836 0 -0.4440761834)
(-0.121141403 0 -0.4378098007)
(-0.1337025157 0 -0.4761418836)
(-0.1594598489 0 -0.4810913669)
(-0.1522631829 0 -0.5354548582)
(-0.1698167216 0 -0.5897169833)
(-0.1857392949 0 -0.5257999429)
(-0.1848923562 0 -0.6290446107)
(-0.2000289275 0 -0.6448025202)
(-0.2369350981 0 -0.4977291153)
(-0.2376944057 0 -0.6319095979)
(-0.3611941932 0 -0.5998095419)
(-0.4955828106 0 -0.4844085374)
(-0.5799451484 0 -0.5985600987)
(-0.7691194862 0 -0.6521756912)
(-0.700042624 0 -0.5431911452)
(-1.13907752 0 -0.8846499624)
(-2.898625104 0 -2.085299539)
(-2.246977896 0 -1.288633584)
(-3.799743505 0 -2.399166687)
(-5.000826137 0 -2.115621523)
(-5.345684164 0 -1.732824484)
(-3.715730884 0 -0.480961356)
(-4.809359136 0 -1.104962813)
(-4.312585458 0 -0.9020997267)
(-5.86212655 0 -1.134443244)
(-5.835043151 0 -0.7937843237)
(-4.725841038 0 -0.6190838763)
(-1.77467142 0 -0.08379166797)
(-1.056507495 0 0.213071693)
(-0.9701479608 0 0.1953896575)
(-1.029686117 0 0.5300169828)
(-0.925559149 0 2.247916574)
(-1.02607805 0 2.11319849)
(-0.7352903027 0 2.518547695)
(-0.6160604522 0 2.49193876)
(-0.7014732194 0 2.243872291)
(-0.5397035498 0 2.417989156)
(-0.4829120015 0 2.321490178)
(-0.5260873437 0 2.025006149)
(-0.4330637981 0 2.195487005)
(-0.3308479815 0 1.874251839)
(-0.3523127663 0 1.69125312)
(-0.2841103369 0 1.655484684)
(-0.3382893364 0 1.411075851)
(-0.2447361594 0 1.324647229)
(-0.4892777578 0 3.273644413)
(-0.5349001506 0 3.832084255)
(-0.6766854615 0 3.476932187)
(-0.5499014103 0 4.10439932)
(-0.5466538606 0 4.201479705)
(-0.633625953 0 3.648894958)
(-0.5293277339 0 4.148683586)
(-0.4952004973 0 3.917405367)
(-0.4831362589 0 3.015489171)
(-0.4390138141 0 3.45951446)
(-0.3565666429 0 2.735938953)
(-0.266050214 0 1.659396452)
(-0.2628804762 0 1.882217954)
(-0.2124158086 0 1.417456961)
(-0.2177845698 0 1.291608185)
(-0.2022483409 0 1.334132723)
(-0.1959978525 0 1.295367808)
(-0.2072376477 0 1.210691404)
(-0.1834680545 0 1.212742706)
(-0.1606468928 0 1.071838523)
(-0.1555862311 0 0.9404685264)
(-0.1263778749 0 0.880739928)
(-0.09220508301 0 0.7071044841)
(-0.095919571 0 0.7069897979)
(0.2189291519 0 -0.2588081447)
(0.2441444499 0 -0.1967616084)
(0.2072533479 0 -0.137051878)
(0.263938085 0 -0.1436352085)
(0.2889124571 0 -0.05609022514)
(0.249938264 0 0.01819430669)
(0.2798899111 0 -0.07981077756)
(0.3405097692 0 -0.03880599967)
(0.2793295467 0 0.008072672454)
(0.1561009277 0 -0.8131218945)
(0.3844894598 0 -1.988764047)
(-0.3154427306 0 -0.7836833504)
(0.4450638296 0 -1.983621264)
(0.4485758974 0 -1.579479313)
(-0.4567467624 0 -1.039785397)
(0.2306490801 0 -0.4899265875)
(-0.02856483432 0 -0.2923123433)
(-0.07341759157 0 -0.3809769252)
(-0.02282470006 0 -0.3179479052)
(-0.01527344305 0 -0.360517438)
(-0.0947130819 0 -0.5237870446)
(-0.005104559786 0 -0.4141328678)
(0.005965869591 0 -0.4785572347)
(-0.1229862857 0 -0.6872466005)
(0.01548769654 0 -0.5543310398)
(0.02195330982 0 -0.6455641905)
(-0.1799605856 0 -0.7939395486)
(0.02369501704 0 -0.7616975723)
(0.005188849263 0 -0.9060899417)
(-0.6327779085 0 -0.7980408273)
(-0.145296387 0 -1.049833671)
(-0.6825577929 0 -1.120579846)
(-0.8894019477 0 -0.7696201192)
(-1.223786024 0 -1.04623557)
(-1.448271403 0 -0.9626077848)
(-1.674172579 0 -1.11411681)
(-3.307235857 0 -1.232490926)
(-5.936223689 0 -1.833505231)
(-5.367632054 0 -1.391212194)
(-7.407853641 0 -1.98946943)
(-8.844212598 0 -1.514643323)
(-7.238499227 0 -1.056167884)
(-3.242072157 0 0.006408919107)
(-1.292068279 0 0.2670543839)
(-1.164910649 0 0.2349703827)
(-0.6675937235 0 0.4167099892)
(0.126741233 0 1.552663926)
(-0.735478399 0 2.435378049)
(0.6164699833 0 0.8819250282)
(0.4754859736 0 0.5851070483)
(-0.4509697691 0 2.554206706)
(0.8261498645 0 -0.06252502647)
(0.8660766884 0 0.4426350761)
(-0.4568407726 0 2.826485779)
(0.3153093332 0 0.2742072083)
(0.02747289733 0 1.015451466)
(-0.312981306 0 2.02666086)
(-0.1184444355 0 0.4555458878)
(-0.1425681877 0 0.2961788869)
(-0.2360489252 0 1.471420759)
(-0.100675599 0 0.363470893)
(-0.1033341172 0 0.2443630062)
(0.2476468877 0 1.948623943)
(-0.1112025863 0 0.2036856163)
(-0.5721966796 0 0.9056124479)
(-0.01891111282 0 1.324709218)
(-0.5005456363 0 0.892534231)
(-0.4153989825 0 0.8160524748)
(-0.1498476048 0 1.07154656)
(-0.3103523968 0 0.7890577378)
(-0.2357108056 0 0.7360750054)
(-0.158213687 0 1.099134019)
(-0.1877390165 0 0.6726652844)
(-0.155798031 0 0.617813584)
(-0.1604007472 0 1.148503167)
(-0.1328178064 0 0.5701112176)
(-0.1154510015 0 0.5262155713)
(-0.1478390829 0 1.127616512)
(-0.1021067903 0 0.4858187445)
(-0.09148365697 0 0.4495815531)
(-0.1043430942 0 0.8796475676)
(-0.08277910421 0 0.4194849904)
(-0.07623117481 0 0.3977022607)
(-0.05316469769 0 0.5381850358)
(0.2871313826 0 -0.4546141646)
(0.2938379056 0 -0.3781860891)
(0.2732029165 0 -0.2792824427)
(0.3060866338 0 -0.3066381873)
(0.3229715021 0 -0.2413486166)
(0.3138395884 0 -0.1409985891)
(0.3331146592 0 -0.2162799022)
(0.3746663775 0 -0.191286781)
(0.3758394841 0 -0.09770094285)
(0.542668556 0 -1.340180121)
(0.7012035377 0 -1.503108241)
(0.6133801991 0 -1.756393577)
(0.8321941905 0 -1.533753108)
(0.9664316024 0 -1.492078336)
(0.7521365501 0 -1.486231383)
(0.04373436533 0 -0.3080615779)
(0.04337591216 0 -0.3245448754)
(-0.01249491888 0 -0.3117964299)
(0.04296216502 0 -0.3694279187)
(0.03601831604 0 -0.4287358642)
(-0.02444493884 0 -0.3545745871)
(0.01073008605 0 -0.5068064166)
(-0.03960758454 0 -0.612717028)
(-0.05025585348 0 -0.4484284082)
(-0.115362987 0 -0.7464083279)
(-0.2222390777 0 -0.9125008668)
(-0.1194670586 0 -0.6411749716)
(-0.363486702 0 -1.104144953)
(-0.5267015926 0 -1.29957061)
(-0.2927486547 0 -0.974973467)
(-0.6506455902 0 -1.442128505)
(-0.4328829507 0 -1.369708398)
(-0.6560643208 0 -1.600418741)
(0.811776427 0 -0.7596418583)
(1.085811712 0 -0.8147485897)
(0.6293119816 0 -0.9475861784)
(1.163805186 0 -0.8349829587)
(1.249849854 0 -0.8585325245)
(-2.577594467 0 -0.8251121053)
(1.1522524 0 -0.7945414895)
(-0.583554031 0 -0.4176282205)
(-3.779495574 0 -0.8063114378)
(0.2073229738 0 -0.2837064528)
(0.2428984689 0 -0.2241224413)
(-0.469981719 0 0.3359449865)
(0.4660054585 0 -0.2026230177)
(0.9541599415 0 -0.3717778439)
(1.123742297 0 -0.4276018612)
(2.497858629 0 0.4441139469)
(1.601538696 0 0.4495903926)
(1.556001177 0 0.5455435803)
(1.132512608 0 -0.7560035137)
(1.67368595 0 -0.9187727698)
(1.542170518 0 -0.9766592928)
(0.7782734771 0 0.596981113)
(0.4121517908 0 0.5396835507)
(0.3835615582 0 0.6321051118)
(0.1895449595 0 0.4368830646)
(0.03194880273 0 0.3344193397)
(0.03885875775 0 0.439524493)
(-0.04960002713 0 0.2851713514)
(-0.09904443755 0 0.2607138756)
(-0.1176450122 0 0.2473579162)
(-0.4260422302 0 0.3316549841)
(-0.4827902275 0 0.9889935772)
(-0.5589639402 0 0.9305113168)
(-0.4038086813 0 1.013875178)
(-0.2842828497 0 0.7973326385)
(-0.4416747025 0 0.9117454963)
(-0.2430052292 0 1.341013111)
(-0.1872852898 0 1.235547624)
(-0.2548797022 0 1.093691022)
(-0.1496555691 0 1.109304184)
(-0.123314443 0 0.9972108276)
(-0.1639655014 0 0.8673861189)
(-0.1047572239 0 0.9073917157)
(-0.09121306886 0 0.8349419376)
(-0.1198480874 0 0.7251831758)
(-0.0807086135 0 0.7719146842)
(-0.07210250407 0 0.713170575)
(-0.09213117398 0 0.6147370058)
(-0.06474735393 0 0.6571565103)
(-0.05887093517 0 0.6046599018)
(-0.0720832735 0 0.5206120278)
(0.3231654573 0 -0.687343846)
(0.3045379802 0 -0.6124086595)
(0.3005831173 0 -0.4926389593)
(0.2919552521 0 -0.5609187747)
(0.2916508405 0 -0.5499113445)
(0.3102489112 0 -0.3858804232)
(0.3053054825 0 -0.5978635993)
(0.3529637447 0 -0.718879571)
(0.3463595825 0 -0.4780756635)
(0.4334940159 0 -0.8400814463)
(0.4849109406 0 -0.8750311445)
(0.6463457224 0 -1.192229414)
(0.5362593443 0 -0.894775825)
(0.5288555907 0 -0.8330717991)
(0.8690107437 0 -1.23070357)
(0.1198299114 0 -0.517240267)
(0.1442020381 0 -0.6076277723)
(0.06972406538 0 -0.4127245528)
(0.1752938987 0 -0.7482844144)
(0.1998688473 0 -0.9745260196)
(0.1162767475 0 -0.6604317953)
(0.2160626528 0 -1.224897273)
(0.2442663021 0 -1.436710693)
(0.2001661243 0 -1.083325627)
(0.4486439716 0 -1.381865133)
(0.5094390624 0 -1.394001045)
(0.3151627354 0 -1.649874841)
(0.5758899526 0 -1.295227588)
(0.6356555027 0 -1.019612851)
(0.4959818453 0 -1.892485505)
(0.7132437278 0 -0.7096767056)
(0.822264384 0 -0.5874645427)
(0.8497636762 0 -0.7942678757)
(0.8920037434 0 -0.5812067581)
(0.9488820159 0 -0.5929295679)
(1.045592005 0 -0.6993354782)
(0.9626142923 0 -0.5751627128)
(0.8724874334 0 -0.5012101499)
(1.111084878 0 -0.6722395418)
(0.5775891745 0 -0.3516210907)
(0.2159499715 0 -0.2189625819)
(0.3434273063 0 -0.2324762773)
(0.1852370293 0 -0.2027243168)
(0.2333397917 0 -0.1845835163)
(0.2421623515 0 -0.1913161798)
(0.3465314545 0 -0.178130596)
(0.5964938822 0 -0.2311037358)
(0.7685952752 0 -0.295379673)
(2.496325301 0 0.2983374563)
(1.432973496 0 0.3220884393)
(1.506130935 0 0.3729258187)
(1.23113973 0 0.06902361577)
(1.548439204 0 -0.6253618312)
(1.636156176 0 -0.7634049656)
(0.7815697943 0 0.440047047)
(0.3969400309 0 0.4709037053)
(0.3320814308 0 0.4817395488)
(0.05442404113 0 0.5298500184)
(-0.2053602096 0 0.5483353558)
(-0.1173784085 0 0.3545478544)
(-0.2714177809 0 0.5430929718)
(-0.2658919025 0 0.5213413702)
(-0.2273592364 0 0.3397449484)
(-0.2337298156 0 0.4787874361)
(-0.192966405 0 0.4161729823)
(0.02112771544 0 0.8962293708)
(-0.1658714739 0 0.3653463655)
(-0.1469818406 0 0.3306934754)
(-0.05584209825 0 0.5457612404)
(0.2002305177 0 1.24700878)
(0.1518953249 0 1.063818008)
(-0.05706627623 0 1.240972691)
(0.1186361889 0 0.9110825407)
(0.09574261316 0 0.795741919)
(-0.04879556908 0 1.071964455)
(0.07912827124 0 0.7066055896)
(0.06555934606 0 0.628662217)
(-0.0434642295 0 0.9175932303)
(0.05350897467 0 0.5573113871)
(0.04261290593 0 0.491839825)
(-0.03889273731 0 0.7966549139)
(0.03262863353 0 0.4351450471)
(0.02796081854 0 0.3938805016)
(-0.03488053836 0 0.6793162225)
(0.2738894609 0 -0.5835633645)
(0.256408077 0 -0.6187730933)
(0.3255710137 0 -0.6713668866)
(0.2215620088 0 -0.6279891574)
(0.1735367331 0 -0.6272813617)
(0.2885646516 0 -0.5899906342)
(0.1127804235 0 -0.6499715969)
(0.0587339757 0 -0.6731669884)
(0.2905372552 0 -0.5997523834)
(0.01917729143 0 -0.6795747956)
(-0.01494680434 0 -0.6730591416)
(0.3166376849 0 -0.6625461685)
(-0.04763786382 0 -0.6574828864)
(-0.07893876368 0 -0.6361231388)
(0.3923532818 0 -0.8959080253)
(-0.1076275305 0 -0.6117597711)
(-0.1329719678 0 -0.5863843743)
(0.5160573471 0 -1.198766903)
(-0.1535921702 0 -0.5625636825)
(-0.1677882409 0 -0.5416602186)
(0.6228659379 0 -1.39827575)
(-0.1722563936 0 -0.5255082822)
(-0.1588718259 0 -0.5179172031)
(0.7858067882 0 -1.560802437)
(-0.100464057 0 -0.5245629643)
(0.1578235665 0 -0.5400502058)
(0.4782476082 0 -0.8799153587)
(0.4672095971 0 -0.4754009313)
(0.529055496 0 -0.4164751115)
(0.5796739574 0 -0.584797119)
(0.6089700231 0 -0.4060299681)
(0.6736585035 0 -0.4166579786)
(0.7480520819 0 -0.4865808718)
(0.7120565448 0 -0.4238941806)
(0.7190092436 0 -0.4136202276)
(0.8309088421 0 -0.4950900735)
(0.6726721101 0 -0.3753471055)
(0.5478494432 0 -0.3121039899)
(0.6668204603 0 -0.3788644251)
(0.3462317446 0 -0.2476983128)
(0.1820711335 0 -0.2130057572)
(0.1855260354 0 -0.2131145933)
(0.1823156292 0 -0.2058365468)
(0.2042651702 0 -0.1997871389)
(0.2182503586 0 -0.1895681766)
(0.2585880031 0 -0.1931420245)
(0.3784908285 0 -0.1988699351)
(0.4638358868 0 -0.1973357763)
(2.269547842 0 0.2293982712)
(1.268784659 0 0.2404430743)
(1.35399667 0 0.2786543817)
(0.9318363014 0 0.1241706416)
(1.29601236 0 -0.375640293)
(1.428176321 0 -0.494916892)
(0.7680995452 0 0.300656725)
(0.4972697385 0 0.3624173609)
(0.4868712937 0 0.4290388626)
(0.361808159 0 0.404345553)
(0.2666989963 0 0.4375640922)
(0.1908122373 0 0.5663924104)
(0.1779416528 0 0.4598486621)
(0.09184038933 0 0.4697436914)
(-0.1252856354 0 0.5916299871)
(0.01388146948 0 0.4719950843)
(-0.04013058077 0 0.4621761203)
(-0.1471328085 0 0.5011692187)
(-0.0684134711 0 0.4430818933)
(-0.0738889335 0 0.4199691445)
(-0.1147688385 0 0.4152464668)
(-0.06031303571 0 0.3917725714)
(-0.03481018957 0 0.3615781483)
(0.05396727099 0 0.5724301438)
(-0.004842802759 0 0.3265044756)
(0.02170071083 0 0.2909726676)
(0.04094629999 0 0.4233064438)
(0.04055598995 0 0.2640822118)
(0.05118855287 0 0.2445133256)
(0.043910881 0 0.3438975451)
(0.056824692 0 0.2296687825)
(0.06049087532 0 0.2182294429)
(0.04870783234 0 0.2980634793)
(0.06379711558 0 0.2095436061)
(0.06517893547 0 0.2036570867)
(0.05827714474 0 0.2902934062)
(0.1641096054 0 -0.6645536124)
(0.1377121199 0 -0.7652262739)
(0.04537489648 0 -0.8058029952)
(0.06589915507 0 -0.8484624869)
(-0.02357901463 0 -0.8166491176)
(-0.1390185172 0 -0.9117594231)
(-0.07167859425 0 -0.7629364494)
(-0.1018204444 0 -0.7504628756)
(-0.2023507594 0 -0.8002416313)
(-0.133022951 0 -0.7693487581)
(-0.1698902009 0 -0.8075338712)
(-0.2124960384 0 -0.6907603211)
(-0.2129305423 0 -0.8510707058)
(-0.2613739753 0 -0.8899500728)
(-0.2422971704 0 -0.6545063823)
(-0.31454639 0 -0.919442211)
(-0.3711127276 0 -0.9351012615)
(-0.302430919 0 -0.663066)
(-0.4288627111 0 -0.9334610073)
(-0.4858915743 0 -0.9155778102)
(-0.3793422757 0 -0.6620697927)
(-0.539369166 0 -0.8853307908)
(-0.5736622089 0 -0.840322236)
(-0.4309337613 0 -0.6354807864)
(-0.5301430801 0 -0.7643051394)
(-0.2497469517 0 -0.6175865228)
(-0.2242592972 0 -0.5740188237)
(0.4268620031 0 -0.3100069638)
(0.4551642876 0 -0.294631924)
(0.4902798921 0 -0.3401758421)
(0.5091429299 0 -0.3078287507)
(0.5501719495 0 -0.3203370552)
(0.6078978723 0 -0.3632819913)
(0.5700547984 0 -0.3221400025)
(0.5648131217 0 -0.3103799555)
(0.6299848659 0 -0.3530148761)
(0.5341094839 0 -0.2881810369)
(0.4749425243 0 -0.2627463149)
(0.4954565459 0 -0.2795082216)
(0.3749256857 0 -0.2421324432)
(0.2425983191 0 -0.2326329469)
(0.1980972607 0 -0.2179031698)
(0.2560743664 0 -0.2303014743)
(0.3040596074 0 -0.2376748783)
(0.2203405834 0 -0.2122519607)
(0.3756496258 0 -0.2351672649)
(0.373303463 0 -0.1348476888)
(0.3385451973 0 -0.1924330621)
(1.970437848 0 0.1791447799)
(1.100380915 0 0.1771902)
(1.182258896 0 0.2066940898)
(0.7671737783 0 0.1086622592)
(1.004681098 0 -0.1744254354)
(1.161661535 0 -0.2710401824)
(0.6345446248 0 0.1916863085)
(0.4222403086 0 0.240190729)
(0.4638729208 0 0.2973358331)
(0.3237272284 0 0.2666708427)
(0.2673336342 0 0.2874420032)
(0.2684714637 0 0.3586835661)
(0.2188590088 0 0.3066669993)
(0.1664936093 0 0.351109515)
(0.1170329503 0 0.4163213704)
(0.1161807155 0 0.4688911383)
(0.09034358288 0 0.6196685014)
(-0.01080695302 0 0.4602162871)
(0.08119785817 0 0.7080347997)
(0.07992244488 0 0.6733219542)
(-0.05468401126 0 0.4851065413)
(0.08644789206 0 0.5862819029)
(0.0907116593 0 0.5021714574)
(0.01061135196 0 0.4527890109)
(0.09039761611 0 0.4318269245)
(0.08644378741 0 0.3708952843)
(0.05501089078 0 0.3552924746)
(0.08052683239 0 0.3176399311)
(0.07431843598 0 0.2728221418)
(0.06221985847 0 0.256913956)
(0.068839791 0 0.2371089529)
(0.06460820016 0 0.2104038963)
(0.06182018106 0 0.2031494972)
(0.0617271826 0 0.1914488754)
(0.05963969494 0 0.1786392412)
(0.06221734485 0 0.1820351762)
(-0.04752787773 0 -0.8199455924)
(-0.0621939976 0 -0.8173101362)
(-0.08244143096 0 -0.7945733328)
(-0.07650031788 0 -0.8569094542)
(-0.09918054749 0 -0.9288449784)
(-0.1151069858 0 -0.8059351222)
(-0.1293048483 0 -1.014037525)
(-0.1659352611 0 -1.100917504)
(-0.1758637541 0 -0.9291661963)
(-0.2080655559 0 -1.182280917)
(-0.25325595 0 -1.249325212)
(-0.2662968036 0 -1.055870692)
(-0.2982256041 0 -1.29595661)
(-0.3428665618 0 -1.328186018)
(-0.3759222658 0 -1.123457676)
(-0.3925762956 0 -1.359413476)
(-0.4506934118 0 -1.381816239)
(-0.4964331294 0 -1.119200716)
(-0.5091685382 0 -1.358714718)
(-0.523522049 0 -1.220909236)
(-0.5927358916 0 -1.012442845)
(-0.3633093865 0 -0.8974520321)
(0.08321775949 0 -0.4848211313)
(-0.1051675427 0 -0.5694930975)
(0.3973010971 0 -0.2585291753)
(0.4193774536 0 -0.2504699444)
(0.4300084043 0 -0.2660099038)
(0.4498541921 0 -0.2576885333)
(0.4711571527 0 -0.2645187517)
(0.5034644774 0 -0.2872854523)
(0.4820743376 0 -0.2645787191)
(0.4805843083 0 -0.2587933749)
(0.517131111 0 -0.2803753066)
(0.4669103064 0 -0.2496822782)
(0.4420279284 0 -0.2424672071)
(0.4614481094 0 -0.2518695626)
(0.4021378447 0 -0.2446603989)
(0.3489109569 0 -0.2682921261)
(0.3026944309 0 -0.2540097648)
(0.403298711 0 -0.2794691285)
(0.5059175853 0 -0.3090030645)
(0.4253961426 0 -0.2799288974)
(0.6505697621 0 -0.3429044087)
(0.4716500648 0 -0.1554653249)
(0.4300920882 0 -0.1001762358)
(1.663883813 0 0.1398948315)
(0.9712221843 0 0.133818944)
(1.028697903 0 0.1520907604)
(0.7602515982 0 0.1061814429)
(0.8508354918 0 0.1322789132)
(0.8278161877 0 -0.08276995073)
(0.9575330261 0 0.2576917544)
(0.6363114 0 0.4752400817)
(0.4012793599 0 0.220863251)
(0.5785135255 0 0.6529971758)
(0.517793914 0 0.6577886677)
(0.2887526507 0 0.2681769564)
(0.431285919 0 0.5647966945)
(0.3439655021 0 0.4567655692)
(0.2097145708 0 0.3105033645)
(0.2581992122 0 0.3805397438)
(0.194905351 0 0.3865897971)
(0.1645863488 0 0.5253983476)
(0.1996411282 0 0.4326858604)
(0.1561135025 0 0.4569285862)
(0.132564151 0 0.5972288602)
(0.1310813266 0 0.4499688282)
(0.1110198325 0 0.4202888226)
(0.09858586873 0 0.4763257746)
(0.09388312478 0 0.3770902179)
(0.08102405819 0 0.3300092357)
(0.08545424596 0 0.3511258708)
(0.07233271881 0 0.2867142437)
(0.06666343463 0 0.2509625296)
(0.07330395556 0 0.2639335578)
(0.06301388436 0 0.2227551241)
(0.06082982357 0 0.2006185391)
(0.06367834902 0 0.2087163681)
(0.0505346512 0 -0.6196239883)
(0.06560756904 0 -0.6597919514)
(-0.05272617672 0 -0.9719074462)
(0.07957185894 0 -0.7088832986)
(0.0923529534 0 -0.7594657292)
(-0.09277542155 0 -1.190454702)
(0.1016788542 0 -0.8071280378)
(0.1092197829 0 -0.8454413046)
(-0.1475366458 0 -1.389577686)
(0.1155018458 0 -0.875093615)
(0.11975586 0 -0.8966226899)
(-0.1984171279 0 -1.520958594)
(0.1218826001 0 -0.9074409006)
(0.1316498958 0 -0.9082236044)
(-0.2419200623 0 -1.667019506)
(0.1757816777 0 -0.9015936862)
(0.2611272614 0 -0.8856754673)
(-0.2930382378 0 -1.831818136)
(0.3350078599 0 -0.8532516599)
(0.3391653078 0 -0.7481698185)
(-0.283826506 0 -1.519832678)
(0.3064013987 0 -0.4983899429)
(0.3394143606 0 -0.2799567457)
(0.2688926599 0 -0.3558924607)
(0.397983164 0 -0.2348102917)
(0.4156744226 0 -0.2325747336)
(0.4183628471 0 -0.2455660056)
(0.4207098292 0 -0.2309525716)
(0.4479496358 0 -0.2435296992)
(0.4531557611 0 -0.2522230352)
(0.4377776408 0 -0.2419844839)
(0.4273473452 0 -0.2327419433)
(0.4512330354 0 -0.2432433014)
(0.4091251384 0 -0.2266176678)
(0.3806614843 0 -0.2245670168)
(0.4135259361 0 -0.2334481449)
(0.343338118 0 -0.2334005359)
(0.3725031481 0 -0.2584992449)
(0.370913502 0 -0.2690991407)
(0.4239299428 0 -0.268066698)
(0.4893353939 0 -0.2802547389)
(0.5214977604 0 -0.3067176489)
(0.5381778808 0 -0.2764844766)
(0.5786457447 0 -0.2286780207)
(0.5144544641 0 -0.2195907588)
(1.398603797 0 0.1067049649)
(0.9035027427 0 0.1102293664)
(0.9295468978 0 0.120211562)
(0.799102748 0 0.1058294785)
(0.7317651783 0 0.1194926477)
(0.7651102733 0 0.1260662108)
(0.6436629328 0 0.176378382)
(0.6174054236 0 0.3972805317)
(0.660729758 0 0.4603197294)
(0.6230942291 0 0.5728627006)
(0.5772425844 0 0.6073431084)
(0.5755966413 0 0.677596475)
(0.4940183399 0 0.5528101048)
(0.4053950347 0 0.4665588454)
(0.3907516636 0 0.4845154785)
(0.3294399612 0 0.404490667)
(0.2802872416 0 -0.1017999368)
(0.262782964 0 0.3821090912)
(0.2951828093 0 0.4498641676)
(0.2992590304 0 0.537789487)
(-0.05597177012 0 0.3108600362)
(0.3061879985 0 0.5974399674)
(0.307976361 0 0.6251396226)
(0.08392516785 0 0.3181736982)
(0.2953491246 0 0.6090683662)
(0.2442255426 0 0.5169540777)
(0.07990267725 0 0.2772859392)
(0.1010295509 0 0.2920986461)
(0.007267119086 0 0.162943039)
(0.06409647715 0 0.2157643721)
(-0.009022006 0 0.1399935159)
(-0.0145441554 0 0.1317373265)
(0.04370678596 0 0.1740240394)
(0.1287926189 0 -0.5140476395)
(0.1301327512 0 -0.5242757728)
(0.09949579991 0 -0.5541884903)
(0.1357090332 0 -0.5355608077)
(0.1438321189 0 -0.5490375192)
(0.1131953033 0 -0.6109855996)
(0.1544265592 0 -0.5615346079)
(0.1672494306 0 -0.5700927955)
(0.1301848658 0 -0.6614783043)
(0.1822082278 0 -0.5732008633)
(0.199205853 0 -0.5708074229)
(0.1527716028 0 -0.6850650547)
(0.2180239063 0 -0.5640647094)
(0.2384285542 0 -0.5552631052)
(0.1924428403 0 -0.6737783685)
(0.2600505208 0 -0.5468700451)
(0.2813861132 0 -0.5376916275)
(0.2604029652 0 -0.6494997921)
(0.2987789694 0 -0.5154487482)
(0.31158741 0 -0.4508829939)
(0.3021433549 0 -0.5479614509)
(0.3352411598 0 -0.3283107298)
(0.3811854477 0 -0.2232294769)
(0.3572348507 0 -0.2490024239)
(0.4254333991 0 -0.1977078936)
(0.4167349601 0 -0.1875923962)
(0.4103880738 0 -0.2061680323)
(0.4011098813 0 -0.140528832)
(0.4703146535 0 -0.2225763399)
(0.4559678643 0 -0.2345886799)
(0.4210685859 0 -0.2473201023)
(0.3858454508 0 -0.2256502035)
(0.4065529504 0 -0.2268694722)
(0.3495245791 0 -0.2098123737)
(0.3084694291 0 -0.2008709611)
(0.345914596 0 -0.2150689062)
(0.2995326404 0 -0.207825437)
(0.3259011348 0 -0.2116368173)
(0.3583745781 0 -0.2399779529)
(0.3527097783 0 -0.2123773326)
(0.3922326457 0 -0.2179718643)
(0.4365818153 0 -0.2455808717)
(0.4090751658 0 -0.2040492412)
(0.6516595734 0 -0.1756952707)
(0.631365636 0 -0.2048102899)
(1.174567503 0 0.07742453362)
(0.8966785483 0 0.09804100406)
(0.8925611012 0 0.1030468333)
(0.8535934768 0 0.100286561)
(0.7150013625 0 0.1127847974)
(0.7213484605 0 0.1154948811)
(0.562093008 0 0.1756183785)
(0.5671998197 0 0.3297612194)
(0.5810224083 0 0.353300379)
(0.5834910429 0 0.4333810672)
(0.5470515073 0 0.4651545581)
(0.5639700695 0 0.5310311963)
(0.4780676813 0 0.4442791071)
(0.4003421045 0 0.3950394958)
(0.4065285015 0 0.4329237785)
(0.3310323779 0 0.3409473446)
(0.2681153747 0 0.2683944998)
(0.2485811054 0 0.2229550327)
(0.4420766278 0 0.4617654372)
(0.4476682749 0 0.5259983405)
(0.3980828429 0 0.5391859264)
(0.4363521602 0 0.5636268998)
(0.4080477557 0 0.5657232543)
(0.3814503144 0 0.60713616)
(0.3441627845 0 0.5082717409)
(0.1790387946 0 0.3260218688)
(0.2627079783 0 0.4605635208)
(0.01175914441 0 0.1541511992)
(-0.006074540248 0 0.1425436027)
(-0.002997141965 0 0.1272921893)
(-0.003271860972 0 0.1487382524)
(0.005262744412 0 0.1595540894)
(-0.01254114784 0 0.1417802334)
(0.2098302571 0 -0.5255046941)
(0.2072898691 0 -0.5211105642)
(0.1809288801 0 -0.4977576065)
(0.2016304125 0 -0.5168436908)
(0.1909296583 0 -0.5103385643)
(0.2028889775 0 -0.4804837446)
(0.1750880443 0 -0.4998330298)
(0.1533178614 0 -0.4835206538)
(0.2239217055 0 -0.4598778161)
(0.1216812787 0 -0.4611532592)
(0.08165596822 0 -0.4324028019)
(0.2438393969 0 -0.440188873)
(0.03055544128 0 -0.38819291)
(-0.01321942566 0 -0.3265979564)
(0.2477516517 0 -0.4158498591)
(-0.03645632524 0 -0.2553274804)
(-0.03315910833 0 -0.1834669653)
(0.2322168068 0 -0.3359703754)
(-0.04859702633 0 -0.08101991878)
(-0.05566814275 0 -0.1728167307)
(0.2784350198 0 -0.2032636053)
(-0.1539963893 0 0.106151869)
(0.3690095206 0 -0.03226803799)
(0.445206202 0 -0.2082573805)
(0.46029229 0 -0.1741868627)
(0.4819863158 0 -0.1979823615)
(0.4779756048 0 -0.2049212783)
(0.403981425 0 -0.2702043708)
(0.3448382929 0 -0.3009597185)
(0.3529042506 0 -0.2469892059)
(0.347088014 0 -0.395147757)
(0.5176113597 0 -0.5673657134)
(0.209399706 0 -0.3417851425)
(0.6364992407 0 -0.2658016844)
(0.5287215464 0 -0.6089302846)
(0.263648598 0 -0.3252128915)
(0.8716189012 0 -0.6690952539)
(0.9214350233 0 0.2995022632)
(0.4308284319 0 -0.2379338426)
(0.4790955479 0 0.02910043769)
(0.5856358823 0 -0.1179257453)
(0.6463741633 0 -0.1478578105)
(1.025578524 0 0.05355380872)
(0.9540171688 0 0.09364614194)
(0.9166528393 0 0.09490459679)
(0.9036108984 0 0.08669416174)
(0.6962438431 0 0.1161339668)
(0.7050097575 0 0.1121848141)
(0.5808552996 0 0.2115272008)
(0.5840228174 0 0.3021374633)
(0.5720591016 0 0.3157822814)
(0.5619925733 0 0.3499184801)
(0.5093344331 0 0.363764371)
(0.5288183138 0 0.4102273479)
(0.4429834379 0 0.3512959901)
(0.3771102982 0 0.3238865884)
(0.3899123732 0 0.3580481391)
(0.3181566552 0 0.290333922)
(0.2670506931 0 0.2541521393)
(0.2703960477 0 0.2661633886)
(0.3852069875 0 0.3751015709)
(0.3920125662 0 0.4190187033)
(0.4511310207 0 0.4940358024)
(0.3482725841 0 0.4046187196)
(0.2274958781 0 0.3090454716)
(0.3745659521 0 0.4844133404)
(-0.0016036114 0 0.21887996)
(-0.1172042464 0 0.239558284)
(0.03424009332 0 0.1812275502)
(-0.05972184581 0 0.2360693366)
(0.03336188315 0 0.2069981527)
(-0.02233723838 0 0.1598407514)
(0.1403015819 0 -0.4860590859)
(0.1095986395 0 -0.4532439218)
(0.106955815 0 -0.5083882986)
(0.08350195139 0 -0.413594073)
(0.09130810129 0 -0.3352681398)
(-0.003773657196 0 -0.4502183497)
(0.03731547369 0 -0.1806959514)
(-0.01900648247 0 -0.03539050884)
(-0.09417648756 0 -0.3298628328)
(-0.04803779453 0 0.05533084451)
(-0.02754984553 0 0.1147574627)
(-0.1653323371 0 -0.1310054778)
(0.005581273025 0 0.1749677271)
(0.03880168018 0 0.2462590733)
(-0.1717317184 0 0.009088722754)
(-0.03441708899 0 0.2945840796)
(-0.05317967548 0 0.2453604716)
(-0.1407381596 0 0.06135878727)
(0.01110032699 0 0.2514698852)
(0.2892938486 0 -0.004682426527)
(0.2952726493 0 -0.1095529025)
(0.5023374963 0 -0.1763601704)
(0.4841035914 0 -0.2461832136)
(0.4857814018 0 -0.2112860215)
(0.4083698194 0 -0.3621027002)
(0.4935331626 0 -0.528130009)
(0.3882022508 0 -0.3999599464)
(0.6980524052 0 -0.6870664991)
(0.8581170737 0 -0.7341128202)
(0.7402668001 0 -0.6603067053)
(0.8062224882 0 -0.5638011161)
(1.50843421 0 -0.8818044975)
(1.089731035 0 -0.8492369891)
(1.940080626 0 -0.5640718244)
(0.927652773 0 0.3454484636)
(1.005370747 0 0.3990812954)
(0.3928770766 0 0.07959582715)
(0.5375037281 0 -0.08609573597)
(0.5469363602 0 -0.09876531486)
(0.9742776567 0 0.03447396439)
(1.082220402 0 0.09587546887)
(1.010009702 0 0.09416673159)
(0.9236646144 0 0.06131229631)
(0.710761938 0 0.1280416434)
(0.6984899748 0 0.1210702182)
(0.6380241466 0 0.2189547603)
(0.5908245093 0 0.2637413897)
(0.5930662265 0 0.2846333013)
(0.5318041244 0 0.284433844)
(0.4670933938 0 0.2885219281)
(0.4887027418 0 0.3236700467)
(0.4048487077 0 0.2808003322)
(0.3488166182 0 0.2653681532)
(0.3631634823 0 0.2930464833)
(0.2987024473 0 0.2446819939)
(0.2542617663 0 0.2199676411)
(0.261344305 0 0.237418388)
(0.2132832514 0 0.1937085446)
(0.1825775697 0 0.1746870161)
(0.2447217411 0 0.2533037162)
(0.1617250344 0 0.1647606843)
(0.1626689302 0 0.1856595273)
(0.1396132577 0 0.199496451)
(0.2015737679 0 0.2800350836)
(0.2414774205 0 0.4073143309)
(0.1901534784 0 0.4990199019)
(0.2421275087 0 -0.3748617786)
(0.2259923232 0 -0.3162701314)
(0.1807767688 0 -0.3353761511)
(-0.5487923874 0 0.5045885195)
(-0.6518241325 0 0.5950253083)
(-0.1421661466 0 0.236719171)
(-0.6607629136 0 0.6241512105)
(-0.6435615633 0 0.6208164998)
(-0.3059679357 0 0.4338086104)
(-0.6133941831 0 0.5980857917)
(-0.5739314456 0 0.5623836065)
(-0.3011023511 0 0.5060754502)
(-0.5259483607 0 0.5207559664)
(-0.4709073105 0 0.5068861424)
(-0.2043827467 0 0.4400516732)
(-0.2582099579 0 0.310364403)
(0.1118344608 0 -0.2365187037)
(-0.06966531243 0 0.1468325618)
(0.3133040958 0 0.05495685591)
(0.4584710532 0 -0.1736215526)
(0.395356009 0 -0.08111140351)
(0.4956370871 0 -0.2791978999)
(0.4591873014 0 -0.3540656622)
(0.4738034243 0 -0.2953107091)
(0.4899800095 0 -0.5074410662)
(0.6680934598 0 -0.6478309829)
(0.6038392044 0 -0.6177543933)
(0.8301911998 0 -0.7346701079)
(0.9903304558 0 -0.7833053026)
(0.9478303629 0 -0.7798382365)
(1.241844429 0 -0.7357917598)
(1.638023308 0 -0.6922760011)
(1.676155925 0 -0.8065094022)
(1.476129226 0 -0.3883676845)
(0.6181228726 0 -0.005592178938)
(0.7858867695 0 0.2320527753)
(0.617789586 0 -0.1534656727)
(0.6176035158 0 -0.08295500785)
(0.5354479209 0 -0.08009108831)
(1.016750499 0 0.0153612569)
(1.227009848 0 0.09672012315)
(1.160812941 0 0.0975046409)
(0.8948828749 0 0.03315466908)
(0.6907482318 0 0.1436837665)
(0.7205018184 0 0.1412284768)
(0.6033241919 0 0.1880722358)
(0.5568632958 0 0.2160390856)
(0.5750578651 0 0.2400889223)
(0.4873041187 0 0.227140878)
(0.4253542622 0 0.230872799)
(0.4447258143 0 0.2574273573)
(0.371226576 0 0.2283695925)
(0.322745917 0 0.2198274583)
(0.3344239442 0 0.240566096)
(0.2784103845 0 0.2062838073)
(0.2390406162 0 0.1885238463)
(0.2463916384 0 0.2035366872)
(0.2063352458 0 0.1724905394)
(0.2201116703 0 0.1908988373)
(0.1834260272 0 0.1658057777)
(0.2837903254 0 0.5674942961)
(0.2563150099 0 0.4981757901)
(0.1757136152 0 0.1744996627)
(0.24458381 0 0.333549427)
(0.2907566048 0 0.2974707481)
(0.2498563799 0 0.3056669389)
(-0.857789613 0 0.7793755992)
(-0.8184275715 0 0.7751554033)
(-0.7746249438 0 0.7080005837)
(-0.7673112647 0 0.7435500977)
(-0.6966250101 0 0.6863024103)
(-0.7003598339 0 0.6637026479)
(-0.6061063267 0 0.6069376555)
(-0.5023645723 0 0.5114440569)
(-0.5643934314 0 0.5419212167)
(-0.4005017782 0 0.4187596884)
(-0.3040719254 0 0.3519145754)
(-0.4030734106 0 0.4260895328)
(0.2131618816 0 -0.2056739747)
(0.3226271266 0 -0.2457850875)
(0.2026636492 0 -0.2352703702)
(0.4709758607 0 -0.1447124517)
(0.520469626 0 -0.326976144)
(0.4848351739 0 -0.2538194542)
(0.4819297871 0 -0.4051703233)
(0.4710813901 0 -0.479050281)
(0.4504842016 0 -0.4151614666)
(0.6470385285 0 -0.6726315443)
(1.037623579 0 -1.095920425)
(0.722332867 0 -0.7156912695)
(1.691399519 0 -1.791382296)
(2.507454984 0 -2.46095649)
(1.111375235 0 -1.543592297)
(2.186233477 0 -1.325807796)
(1.210581022 0 -0.4409001466)
(1.44611737 0 -0.5591250842)
(0.7572764744 0 -0.2114270951)
(0.5238916791 0 -0.1220002071)
(0.5600526016 0 -0.1058612244)
(0.6450659381 0 -0.1551713485)
(0.7537958694 0 -0.08578116373)
(0.7083367712 0 -0.08576857596)
(1.110373977 0 0.003628945461)
(1.274741511 0 0.08824377217)
(1.267144643 0 0.09297732444)
(0.7997073601 0 0.02644988955)
(0.4924922657 0 0.126139848)
(0.5958507163 0 0.137727519)
(1.167398928 0 0.004706558503)
(1.765187746 0 0.6908756158)
(0.7582037494 0 0.5254613922)
(1.661426016 0 0.8449547921)
(1.469410792 0 0.8611687393)
(0.4658396134 0 0.2391775369)
(1.108457516 0 0.7029785637)
(0.6553862936 0 0.4268615717)
(0.3491379116 0 0.2265768321)
(0.3657344777 0 0.2461433789)
(0.2539006061 0 0.1823710124)
(0.2379435464 0 0.1801564353)
(0.2048876168 0 0.158733106)
(0.6518012576 0 0.1397067865)
(0.7449437977 0 0.1594396994)
(1.165801258 0 0.6698587359)
(1.279860931 0 1.059570466)
(0.8919057946 0 0.9849844596)
(0.09068200942 0 0.8454151974)
(0.4182689542 0 -0.115047474)
(-0.3928015339 0 0.4334765005)
(0.738671402 0 -0.6495512759)
(0.808743117 0 -0.7021085128)
(-0.2530240866 0 0.3842983707)
(0.6889073505 0 -0.5528978167)
(0.5331109752 0 -0.3671060988)
(0.3890951187 0 -0.2578028957)
(0.5341641703 0 -0.3449906564)
(0.4966504427 0 -0.4709620474)
(0.4187465394 0 -0.4245250749)
(0.871116573 0 0.04867571867)
(0.8897576618 0 -0.05500993793)
(0.5299235936 0 -0.5533960469)
(1.001864445 0 -1.040082404)
(1.646249927 0 -1.638896719)
(1.40208602 0 -1.461088175)
(2.24819453 0 -2.082546309)
(2.699632817 0 -2.253260704)
(2.686534677 0 -2.378593014)
(0.9477082056 0 -0.3986937627)
(0.7340494188 0 -0.2453451756)
(0.9414205415 0 -0.3262971712)
(0.5092630967 0 -0.1423271142)
(0.5131229392 0 -0.1224195972)
(0.5092696975 0 -0.1224478574)
(0.6318900832 0 -0.1297793389)
(0.7577680758 0 -0.0855404097)
(0.7648838409 0 -0.08535429151)
(1.139866667 0 0.0001325494766)
(1.171354582 0 0.08308676752)
(1.245024683 0 0.08464967391)
(0.6229526324 0 -0.01186455881)
(0.396004418 0 0.1051911905)
(0.426576405 0 0.1179608595)
(0.6756588018 0 0.03908402806)
(1.448883071 0 0.46198012)
(1.694370772 0 0.5673280596)
(1.554312767 0 0.6368140511)
(1.405081865 0 0.6687150041)
(1.483707053 0 0.7744027338)
(1.136857588 0 0.5986072658)
(0.7988110277 0 0.4463299939)
(0.7707699295 0 0.4627929957)
(0.5027347067 0 0.2933217263)
(0.3182360363 0 0.1977688177)
(0.2853434763 0 0.1906593193)
(0.9085569419 0 -0.7028034982)
(1.179369893 0 -0.877796913)
(1.018431503 0 -0.8228732026)
(1.244614727 0 -0.8704253621)
(1.146264184 0 -0.7283426247)
(0.7945727462 0 -0.552244413)
(1.172316617 0 -0.6232312564)
(1.520180059 0 -0.4819734592)
(1.004501454 0 -0.5011633136)
(1.219854053 0 0.4213800298)
(0.881718008 0 -0.3110035768)
(0.9513550032 0 -0.04887324687)
(1.291648194 0 -1.24086105)
(1.745127057 0 -1.578923632)
(1.753938183 0 -1.661527878)
(2.136236428 0 -1.799630317)
(2.460056937 0 -1.887228328)
(2.646771193 0 -2.110211891)
(0.7271869035 0 -0.275549229)
(0.5385642418 0 -0.172835032)
(0.6124202732 0 -0.1996438867)
(0.4689261932 0 -0.128022266)
(0.5524822624 0 -0.1257300585)
(0.5300871894 0 -0.1238579971)
(0.6642803414 0 -0.1221293011)
(0.7345524772 0 -0.0865962084)
(0.743836924 0 -0.08608566487)
(1.025670324 0 -0.01090023186)
(0.8774816395 0 0.08006386322)
(1.046270279 0 0.08246045562)
(0.5279823847 0 -0.0110368132)
(0.3799469755 0 0.07775041296)
(0.3842465004 0 0.09077203454)
(0.3705791099 0 0.09614009227)
(1.14846414 0 0.3676113402)
(1.254038953 0 0.4014708687)
(1.272155803 0 0.471121496)
(1.191686758 0 0.5003020139)
(1.303409687 0 0.578291625)
(1.005768806 0 0.4666958178)
(0.7392108495 0 0.3669601682)
(0.7880678459 0 0.4142883453)
(1.114674782 0 0.1197596236)
(0.906165978 0 -0.8271273608)
(0.8474783243 0 -0.651065491)
(1.204015067 0 -1.059669231)
(1.38903197 0 -1.158674327)
(1.623731848 0 -1.409009543)
(1.500590539 0 -1.172727478)
(1.375215437 0 -0.9585446061)
(2.045372195 0 -1.514403419)
(0.5622194159 0 -0.2042360254)
(0.4373383378 0 -0.1402313834)
(0.4849733587 0 -0.1547266061)
(0.4393284836 0 -0.1178845413)
(0.5872928173 0 -0.1262921605)
(0.5734136397 0 -0.1268167015)
(0.7259636052 0 -0.1231595794)
(0.7611547474 0 -0.08857119271)
(0.7393521888 0 -0.08717535746)
(0.8346988699 0 -0.04275322432)
(0.6414561226 0 0.07079786319)
(0.722326673 0 0.07514223765)
(0.4200102056 0 -0.01596174308)
(0.3435915622 0 0.05635433047)
(0.3687146419 0 0.06614779093)
)
;

boundaryField
{
    dominio_ascii
    {
        type            zeroGradient;
    }
    wallFilmFaces_top
    {
        type            fixedValue;
        value           uniform (0 0 0);
    }
    region0_to_wallFilmRegion_wallFilmFaces
    {
        type            slip;
    }
}


// ************************************************************************* //
