/*--------------------------------*- C++ -*----------------------------------*\
| =========                 |                                                 |
| \\      /  F ield         | OpenFOAM: The Open Source CFD Toolbox           |
|  \\    /   O peration     | Version:  2.1.x                                 |
|   \\  /    A nd           | Web:      www.OpenFOAM.org                      |
|    \\/     M anipulation  |                                                 |
\*---------------------------------------------------------------------------*/
FoamFile
{
    version     2.0;
    format      ascii;
    class       volScalarField;
    location    "0.4";
    object      deltaf;
}
// * * * * * * * * * * * * * * * * * * * * * * * * * * * * * * * * * * * * * //

dimensions      [0 1 0 0 0 0 0];

internalField   nonuniform List<scalar> 
2828
(
2.589560324e-07
6.343273006e-06
9.92359981e-06
1.327142731e-05
1.863272062e-05
2.726597458e-06
8.88352518e-07
2.856234047e-07
1.257147914e-07
1.015139502e-07
4.207180923e-06
1.343408743e-05
1.919826381e-05
2.454886957e-05
1.997947591e-05
1.042081648e-05
6.205956127e-06
1.198078792e-05
9.218925604e-06
3.795614845e-06
9.259589765e-07
3.256117958e-07
1.117862995e-07
4.860030629e-08
2.102121361e-06
8.949544203e-06
1.506176073e-05
2.472362547e-05
2.062994044e-05
9.161865525e-06
5.52882737e-06
4.050430645e-06
4.870084056e-06
2.38106406e-05
2.922783895e-05
3.395648665e-05
2.300252997e-05
6.896521347e-06
1.057131712e-06
1.167899298e-07
3.790127946e-08
5.663815833e-07
3.648131052e-06
1.148438582e-05
2.421452082e-05
3.04551515e-05
1.544401057e-05
7.289750167e-06
4.714377123e-06
4.160839732e-06
7.742329118e-06
1.127988514e-05
2.651698034e-05
3.041608664e-05
4.515649443e-05
4.620565095e-05
3.314203896e-05
1.620802164e-05
2.018858568e-06
1.733727403e-07
4.269538465e-08
1.216447936e-07
1.851516936e-06
8.532457506e-06
1.53190744e-05
2.453152781e-05
2.043932616e-05
9.437248271e-06
5.68419618e-06
4.992658531e-06
7.304539097e-06
1.110390741e-05
1.012996955e-05
1.372311031e-05
1.431284031e-05
2.402602587e-05
3.353494331e-05
2.999534229e-05
2.354231368e-05
1.571837548e-05
5.939275164e-06
1.200135792e-06
2.023439297e-07
6.363060745e-08
3.433773428e-06
7.927039651e-06
9.72315241e-06
1.363360101e-05
1.754607084e-05
1.171989471e-05
6.778402825e-06
6.391889956e-06
9.244681999e-06
1.350237858e-05
1.471884454e-05
1.553089101e-05
6.680186463e-06
5.272472325e-06
7.656402248e-06
1.414228703e-05
1.860009342e-05
1.66615326e-05
1.519523982e-05
1.244192942e-05
5.295823698e-06
9.877759121e-07
1.873450642e-07
1.27710024e-07
6.864819238e-06
1.021419026e-05
9.812624813e-06
9.609024613e-06
1.378619531e-05
1.491766837e-05
9.447842686e-06
8.430883842e-06
1.061782101e-05
1.343875771e-05
1.548682241e-05
1.694198838e-05
5.121874612e-06
2.991071203e-06
2.761193173e-06
3.948526422e-06
7.047995037e-06
9.992248865e-06
1.004416136e-05
1.075907541e-05
1.031070588e-05
4.930577499e-06
4.899212662e-07
1.416900486e-07
2.412866122e-07
5.537874667e-06
1.093488777e-05
1.142749533e-05
8.989877919e-06
1.056813342e-05
1.426420022e-05
1.165215017e-05
8.983449627e-06
8.743339762e-06
1.063002083e-05
1.054212647e-05
1.179108128e-05
1.326428354e-05
4.275372591e-06
1.777875909e-06
1.60895729e-06
2.007074208e-06
3.248166732e-06
5.432325747e-06
6.739301752e-06
8.610130432e-06
9.483984204e-06
5.05831594e-06
5.657367899e-07
1.560515432e-07
2.884378639e-07
3.109877573e-06
8.345183737e-06
1.108428121e-05
8.939802857e-06
8.000191113e-06
8.372390004e-06
6.838309664e-06
5.328258738e-06
4.868694908e-06
2.712211104e-05
2.450762895e-05
7.876898056e-06
8.934669447e-06
9.968378031e-06
1.229653932e-05
3.226940157e-06
1.321826741e-06
1.091016912e-06
1.160149897e-06
1.550778532e-06
2.894927862e-06
4.901322556e-06
7.628492741e-06
9.766974037e-06
5.650351105e-06
7.795487193e-07
2.398917442e-07
2.898265439e-07
1.344988743e-06
4.525157828e-06
7.997424961e-06
8.12304304e-06
6.025925471e-06
4.37569716e-06
3.158679987e-06
2.484777491e-06
2.267672404e-06
2.97132868e-05
7.015241375e-05
2.552565501e-05
6.438184508e-06
7.554238361e-06
1.788305315e-05
3.631528914e-06
1.16553127e-06
8.479383494e-07
8.591359482e-07
9.833953306e-07
1.612795447e-06
3.85558677e-06
7.037626788e-06
1.045931692e-05
7.156298583e-06
1.462155474e-06
6.617642981e-07
1.485112944e-06
3.717501669e-07
1.421255432e-06
3.874632605e-06
5.506641397e-06
3.390984969e-06
1.953336481e-06
1.76296141e-06
1.381642621e-06
1.001437924e-06
7.786505185e-06
3.447671479e-06
2.725875605e-06
4.298120463e-06
5.329942617e-06
1.010192807e-05
4.779682774e-06
1.647760356e-06
7.714512905e-07
1.013728045e-06
1.625183219e-06
1.918950036e-06
3.113677228e-06
5.908890079e-06
9.680116876e-06
8.511163317e-06
4.1219281e-06
1.1892736e-05
2.002656707e-05
2.28722458e-07
1.938521587e-07
1.13531288e-06
1.514218012e-06
6.827609122e-07
1.293813989e-06
5.582608657e-06
6.309827308e-06
2.443256359e-06
7.023983007e-07
8.937203554e-07
1.734433354e-06
2.737677422e-06
3.652601903e-06
4.017897807e-06
8.465985473e-06
4.956390313e-06
2.029893402e-06
9.622607807e-07
1.247832701e-06
1.819507544e-06
2.117042563e-06
2.306054103e-06
4.006269239e-06
5.771055532e-06
6.343632187e-06
1.443958618e-05
0.000120233147
5.235918905e-05
1.208537263e-06
1.322460322e-07
3.069942462e-07
8.711180561e-08
8.044453999e-08
2.469461639e-06
1.804179092e-05
2.968545537e-05
1.686995599e-05
2.944981699e-06
5.481935524e-07
8.557562298e-07
1.701446205e-06
2.762192184e-06
4.150635266e-06
2.431737584e-05
7.795052719e-06
1.365831254e-06
3.941772413e-07
4.090937803e-07
7.226776508e-07
9.869256746e-07
1.125063818e-06
1.483239268e-06
2.670624774e-06
1.777471603e-06
5.021089648e-06
9.319868225e-05
0.0001096014659
5.166185811e-05
9.442205576e-07
1.290075849e-07
1.488299183e-09
8.961429706e-10
8.743116404e-08
2.227982173e-06
1.702669043e-05
3.14345993e-05
2.61781837e-05
7.025788277e-06
9.026869749e-07
6.743991925e-07
1.873310062e-06
3.523147428e-06
4.654629997e-06
2.840850954e-05
1.336666515e-05
2.351473232e-06
5.118124677e-07
4.381204749e-07
8.34775853e-07
1.366848272e-06
1.89354656e-06
3.65276435e-06
2.568862001e-06
5.192366976e-07
4.322737713e-07
2.029015693e-07
2.908448427e-08
1.176338727e-09
1.532634881e-10
2.798132752e-10
1.470982215e-09
6.441283009e-07
3.76405709e-07
3.012221927e-07
1.41154899e-06
3.225124442e-06
5.409323455e-06
8.576843386e-06
7.482131689e-06
2.083162629e-06
6.578687443e-06
1.124644022e-05
1.016560001e-05
2.380731808e-05
2.056449162e-05
8.491923201e-06
2.671994519e-06
1.11675204e-06
1.061129594e-06
1.77876463e-06
2.902127769e-06
3.944402461e-06
9.839637437e-07
1.850077196e-07
2.471436676e-07
5.766423621e-07
2.730358443e-07
1.551712164e-08
1.212188536e-07
1.23864702e-07
1.793955384e-07
3.958594966e-07
6.920249681e-07
4.890560444e-07
1.059522346e-06
2.873726656e-06
6.959973567e-06
2.00493817e-05
3.436206911e-05
7.20091687e-06
6.229676328e-06
1.141166258e-05
8.873190887e-06
1.800782246e-05
1.985016333e-05
1.896314332e-05
1.357433415e-05
9.619405431e-06
3.090298331e-06
1.729043957e-06
1.448045115e-06
8.852708783e-07
1.142878962e-06
2.606226221e-06
4.651853839e-06
5.740911502e-06
3.595227954e-06
1.090975605e-06
1.621567712e-06
1.483610305e-06
1.530167343e-06
2.249750057e-06
2.717433702e-06
1.876383253e-06
2.608062746e-06
6.120880583e-06
1.709399364e-05
2.118482278e-05
2.831173608e-05
3.902320542e-05
5.589502764e-05
4.174977747e-05
1.829486208e-05
9.751666666e-06
1.971998991e-05
3.499772247e-05
3.502842377e-05
1.990685124e-05
6.935372404e-06
1.955172211e-06
5.042977711e-07
1.907331081e-07
7.946828697e-07
4.542042882e-06
2.209093807e-05
3.373195824e-05
1.178649805e-05
2.907696855e-06
5.612730281e-06
5.299955814e-06
4.689842059e-06
6.245701315e-06
8.647271853e-06
9.182256565e-06
1.308253872e-05
2.52662914e-05
4.620225869e-05
3.440941043e-05
4.961378366e-05
7.921514566e-05
5.719766238e-05
4.240922477e-05
1.29496455e-05
4.072210907e-06
1.323531896e-05
1.550997771e-05
5.990806448e-06
1.756406833e-06
5.009830555e-07
2.13359811e-07
9.852447184e-08
1.499498614e-07
1.057504389e-06
1.200221927e-05
5.593657768e-05
3.217149724e-05
5.979495637e-07
1.138535208e-05
1.136201436e-05
9.645784313e-06
1.282616022e-05
2.073225755e-05
2.868955784e-05
3.783583883e-05
4.720702661e-05
3.729455411e-05
2.1671639e-05
3.765897849e-05
2.583591839e-05
2.020481892e-05
1.190903849e-05
9.198986262e-06
5.992336517e-06
3.585971688e-06
1.885953144e-06
6.313786254e-07
2.523557339e-07
1.607812776e-07
1.291606404e-07
9.285181977e-08
1.163612356e-07
3.103862462e-07
2.81079226e-06
1.632440633e-05
3.776413562e-05
8.371619757e-07
1.815156355e-05
1.862349228e-05
1.621866721e-05
2.350597644e-05
3.937023481e-05
4.300926269e-05
2.290700315e-05
1.07984132e-05
5.593525227e-06
6.322994758e-06
6.808732144e-06
6.360536147e-06
5.896206305e-06
6.815513357e-06
8.843359136e-06
7.028145769e-06
4.096980137e-06
2.256161765e-06
1.282372812e-06
8.257395713e-07
5.399763318e-07
2.484397439e-07
1.822576038e-07
2.907795721e-07
1.090494243e-06
7.152196957e-06
1.044235229e-05
1.019684552e-05
1.434077668e-06
2.350161003e-05
2.20067408e-05
2.180371266e-05
3.57497727e-05
4.989294157e-05
2.841154791e-05
8.517292315e-06
8.31130607e-06
9.045297659e-06
9.471709896e-06
9.127262355e-06
8.116504873e-06
7.345881982e-06
7.895982359e-06
7.893433643e-06
4.746614353e-06
3.259554055e-06
2.861006959e-06
2.82022617e-06
1.635843779e-06
8.819389103e-07
8.522506367e-07
2.368716388e-06
8.253328975e-06
7.948630611e-06
5.543765215e-06
1.740528288e-06
1.828768966e-05
1.501894874e-05
2.221940969e-05
3.354786669e-05
2.78224508e-05
1.080372362e-05
1.039576638e-05
1.155289072e-05
1.236591089e-05
1.323032877e-05
1.344108148e-05
1.284169737e-05
1.210539059e-05
1.272020391e-05
2.128585855e-05
1.15523595e-05
6.492867735e-06
5.959650315e-06
8.235424703e-06
6.123351733e-06
3.397688331e-06
1.830529054e-06
2.310670417e-06
5.795889921e-06
4.47576126e-06
3.1477447e-06
1.677990377e-06
7.38460806e-06
1.197317958e-05
1.832782171e-05
1.558342302e-05
1.028752206e-05
1.148596859e-05
1.252869e-05
1.067813742e-05
1.003782482e-05
1.119990651e-05
1.275266129e-05
1.404429009e-05
1.54316929e-05
0.0001281523888
4.411998911e-05
1.48163484e-05
1.725552358e-05
1.492696935e-05
8.234941448e-06
4.012627057e-06
4.361618799e-06
5.033255751e-06
2.816777807e-06
1.795095659e-06
1.586561301e-06
7.061633244e-06
1.752906069e-05
1.914592231e-05
1.249790137e-05
1.356939618e-05
1.652392326e-05
1.30306158e-05
8.123798402e-06
6.426982486e-06
7.049934887e-06
8.96637429e-06
1.179616183e-05
1.612671938e-05
5.621084733e-10
3.297415025e-09
0.0001049316027
3.566848574e-05
2.820552651e-05
1.712455311e-05
1.029824095e-05
9.892688922e-06
7.201113538e-06
4.289513365e-06
3.327524924e-06
3.889736924e-06
1.371872439e-05
3.441561854e-05
2.124527292e-05
1.220542821e-05
1.780805995e-05
1.846586049e-05
1.105860474e-05
6.092114417e-06
4.591185856e-06
4.281552337e-06
6.316896433e-06
1.043108059e-05
2.404171523e-10
8.108268785e-05
6.598291714e-05
3.09758664e-05
2.358093966e-05
1.674414125e-05
1.728354512e-05
1.538950846e-05
1.054193807e-05
8.932933475e-06
1.077283983e-05
2.367639315e-05
4.80754951e-05
6.939818164e-06
6.602683132e-06
1.198929999e-05
9.74523567e-06
5.116892665e-06
3.341686904e-06
2.902266491e-06
9.840764233e-07
1.499726472e-06
3.220767416e-10
0.0001396730846
2.723237849e-05
1.61163658e-05
1.269444399e-05
1.598353428e-05
2.240814474e-05
2.099483677e-05
1.708754178e-05
1.872315218e-05
2.828504476e-05
1.592603236e-05
1.108272885e-06
3.887888372e-06
4.787163541e-06
3.264448292e-06
2.677629653e-06
2.391411876e-06
2.715731497e-06
1.0203128e-06
2.396153129e-05
1.047658742e-05
7.170195958e-06
7.843515489e-06
8.992976383e-06
1.416880022e-05
1.297572447e-05
1.296722354e-05
1.860832541e-05
9.5518606e-06
1.307149194e-06
2.759608146e-06
2.203915624e-06
2.016797815e-06
2.097059951e-06
2.142614474e-06
2.793890621e-06
6.377884126e-06
4.26054819e-06
4.393271342e-06
3.204704012e-06
3.668899497e-06
3.24885643e-06
4.278122647e-06
9.053165343e-06
1.389885416e-05
3.812121518e-06
2.241841736e-06
1.059797394e-06
1.387524801e-06
1.627392116e-06
2.194232806e-06
2.716889524e-06
1.590710392e-06
1.477727796e-06
3.550866847e-06
1.139778975e-05
5.029085797e-06
3.020553254e-06
1.31972054e-06
5.291271022e-07
3.106358108e-07
2.738013427e-07
1.338776923e-07
1.120603936e-07
1.40433075e-07
1.753150706e-07
6.267941987e-07
9.636164968e-07
5.29907444e-06
8.276317481e-06
8.437668458e-06
1.20690279e-05
1.382786312e-05
9.792736674e-06
1.773124321e-05
2.083588033e-05
1.647890077e-05
2.111421358e-05
2.149613618e-05
1.860665777e-05
1.428747514e-05
1.153890659e-05
8.314906824e-06
7.152530442e-06
2.987636255e-06
1.280450879e-06
1.381667727e-06
7.794478522e-07
5.180079041e-07
5.52684922e-07
8.736725328e-06
6.631963133e-06
7.676682628e-06
5.452351273e-06
4.852762922e-06
5.39497392e-06
4.490639844e-06
4.586483707e-06
1.746967071e-05
1.711741865e-05
1.847505673e-05
1.06057324e-05
4.161588559e-06
5.737293452e-06
6.016180189e-06
7.98741992e-06
2.894323267e-05
2.848020931e-05
2.593191725e-05
2.958698139e-05
3.378838223e-05
2.43307028e-05
6.945194224e-06
9.245671682e-06
1.014395326e-05
1.099334752e-05
1.083754448e-05
1.971429138e-05
2.042273799e-05
2.605993385e-05
1.137509546e-05
1.184280655e-05
9.106936813e-06
8.856301558e-06
1.341172074e-05
1.759308582e-05
1.788903844e-05
5.637572586e-06
4.857114624e-06
3.706420756e-06
5.341884342e-06
1.457633116e-05
1.553198337e-05
1.761273758e-05
1.557033564e-05
4.652984184e-06
2.912090912e-06
4.150638602e-06
1.078113842e-05
1.149065519e-05
1.321692559e-05
6.806530508e-06
6.146939523e-06
8.737841509e-06
1.488090734e-05
7.810422852e-06
8.231983287e-06
6.304010412e-06
6.581581383e-06
7.571474076e-06
1.627211909e-05
1.519925179e-05
8.546501677e-06
8.482110522e-06
4.434427223e-06
4.739912143e-06
5.706522472e-06
4.662764599e-06
1.262108317e-05
1.321117791e-05
4.024741126e-06
2.118044423e-05
1.606502719e-05
1.352679445e-05
4.089234826e-06
4.329110199e-06
2.716464099e-05
1.929976694e-05
1.639902495e-05
6.717695609e-06
6.554713348e-06
4.897172827e-06
2.795682933e-05
2.524966249e-05
2.236634686e-05
1.01586469e-05
8.081442981e-06
8.775993353e-06
1.940866537e-05
2.027550398e-05
2.432104471e-05
1.174059995e-05
7.424983098e-06
6.946979718e-06
1.902675608e-05
2.133574881e-05
1.910277023e-05
1.980605929e-05
9.791967061e-06
9.258361212e-06
4.104111837e-06
1.109118857e-05
1.011884262e-05
8.86995988e-06
4.958897493e-06
2.212537417e-06
8.845378688e-06
6.233186607e-06
6.337671014e-06
4.700349898e-06
4.501468853e-06
6.990272335e-06
8.414959227e-06
8.228995185e-06
8.514438986e-06
7.762471255e-06
5.546504332e-06
1.021672777e-05
1.040238965e-05
8.890202314e-06
1.454177635e-05
1.057131543e-05
1.521681346e-05
4.048778306e-05
4.285814664e-05
1.593926794e-05
1.630685717e-05
1.735648581e-05
1.680263485e-05
0.0001121196087
7.185913469e-05
0.0001479947829
8.505875359e-05
1.069429914e-05
1.338933026e-05
1.432683101e-05
9.357233182e-22
8.193593284e-10
7.312678837e-06
1.237631731e-05
1.841758599e-08
6.580626217e-06
1.217251538e-06
2.052271361e-06
3.868305931e-05
3.662189997e-09
9.322755245e-05
4.712802875e-05
4.773829261e-05
2.936691557e-06
1.614981227e-06
1.691697447e-06
1.100450587e-06
1.013367681e-06
3.837665116e-05
1.910481458e-05
1.206804297e-05
1.515037807e-05
1.968214962e-06
2.116603118e-06
2.283766703e-06
4.822099935e-06
3.77092875e-06
3.642122465e-06
4.422068556e-06
3.495830341e-06
3.216237827e-06
4.065712011e-06
9.793100908e-07
9.370712657e-07
1.128180194e-06
1.14852376e-06
1.326475067e-06
1.515117442e-06
1.699553572e-06
2.78178966e-06
1.829436527e-06
2.109380294e-06
2.098638057e-06
1.670614e-06
1.344758204e-06
1.426712804e-06
1.108057653e-06
8.698315372e-07
1.501598842e-06
2.355004236e-06
7.339419857e-06
1.178296584e-05
8.861067271e-06
8.627350082e-06
9.462214619e-06
5.502042486e-06
3.822606089e-06
2.399914165e-06
2.86020069e-07
2.118471522e-07
2.326869494e-07
1.181396151e-07
6.613277414e-08
8.164928081e-08
6.434624624e-08
1.607346506e-07
3.278657675e-07
3.160133218e-06
7.820898748e-06
8.357216359e-06
1.208751199e-05
1.426651849e-05
1.567461666e-05
1.768563302e-05
2.182199435e-05
2.268136817e-05
2.468375537e-05
2.497129004e-05
2.449281517e-05
1.948304596e-05
1.278051109e-05
1.390030653e-05
1.793655081e-05
1.494426045e-05
7.509962185e-06
9.251889356e-06
4.081367844e-06
1.682499516e-06
1.924897694e-06
1.178860169e-06
6.169677841e-07
5.692925647e-07
2.382689758e-07
2.063946921e-07
1.068645673e-07
5.604853687e-08
5.878268172e-08
4.19781549e-08
7.70029616e-08
9.188794883e-08
1.158245593e-06
3.785731163e-06
6.031374821e-06
5.868359649e-06
8.516453692e-06
1.130688755e-05
1.293684059e-05
1.907088653e-05
2.021709901e-05
2.528344191e-05
2.950529288e-05
2.648834125e-05
2.543170494e-05
1.740774179e-05
1.341364585e-05
1.152422275e-05
8.183565493e-06
6.904831965e-06
6.268711952e-06
5.043425194e-06
4.593800126e-06
4.244756038e-06
3.887815446e-06
4.213872548e-06
4.071338502e-05
4.584944485e-05
3.313436774e-05
4.564509252e-05
4.04214947e-05
3.025883685e-05
3.207391201e-05
2.230002435e-05
1.431988395e-05
1.248604791e-05
4.760439792e-06
2.830522447e-06
1.33927262e-06
3.736478686e-07
3.099130274e-07
1.357405491e-07
6.394651076e-08
5.712602097e-08
3.710184361e-08
4.766090683e-08
6.020488348e-08
2.655060271e-07
1.011261971e-06
2.042228161e-06
2.335979219e-06
5.792551603e-06
6.6925762e-06
1.00193895e-05
1.475500941e-05
1.753238404e-05
2.027505922e-05
2.652534898e-05
3.039841157e-05
2.997149107e-05
2.646767204e-05
2.33275895e-05
1.906192265e-05
1.23788019e-05
1.016964805e-05
8.370573379e-06
6.327687047e-06
5.696812508e-06
5.225057406e-06
4.603675853e-06
4.157900016e-06
4.482400567e-06
5.172446802e-06
5.093800449e-06
1.973539621e-05
2.241389826e-05
2.656808463e-05
2.825340488e-05
3.587374649e-05
3.763885567e-05
4.144019381e-05
4.218378625e-05
4.839097853e-05
3.903515184e-05
3.425108893e-05
4.052029251e-05
2.896883189e-05
2.322311352e-05
2.489908929e-05
1.681649989e-05
9.999074519e-06
7.748482241e-06
3.772809971e-06
9.359292921e-07
4.82625919e-07
3.714170765e-07
1.901108111e-07
8.269952052e-08
7.935021785e-08
7.067893558e-08
4.227333939e-08
6.649003597e-08
3.127375252e-07
5.032667939e-07
2.20999134e-06
5.456376875e-06
5.420085007e-06
7.720944478e-06
9.566705277e-06
1.164971505e-05
1.158698026e-05
1.456667409e-05
2.012098219e-05
1.826577515e-05
2.056411169e-05
2.481957582e-05
1.951238954e-05
1.518925043e-05
1.417060032e-05
1.050280828e-05
7.558630535e-06
6.909685973e-06
6.148248058e-06
5.589520001e-06
5.088150092e-06
5.625096255e-06
6.415149889e-06
5.649575308e-06
8.151366783e-06
1.043932406e-05
9.535391237e-06
1.213390216e-05
1.237582351e-05
1.083901547e-05
7.904385587e-06
8.530705978e-06
1.279658697e-05
1.044421371e-05
1.402283437e-05
1.806087346e-05
1.896535842e-05
2.346361005e-05
3.023387078e-05
2.533028328e-05
2.439061989e-05
3.28871248e-05
2.229929719e-05
2.039345624e-05
2.671520835e-05
1.879966644e-05
1.689343232e-05
2.004431834e-05
1.399211332e-05
9.974594369e-06
1.068268134e-05
5.72061589e-06
2.665422002e-06
2.444264704e-06
1.303364904e-06
7.234337806e-07
6.417407546e-07
2.640507572e-07
1.536483525e-07
1.890515143e-07
8.4382311e-08
3.869499537e-07
3.046164291e-07
5.328977844e-06
7.49147764e-06
6.157755284e-06
8.935569308e-06
9.368803016e-06
8.91152786e-06
9.324900392e-06
9.637625551e-06
1.117361576e-05
1.092967397e-05
1.321778292e-05
1.633014601e-05
1.55467492e-05
1.58514325e-05
1.564503439e-05
1.326950146e-05
9.938412389e-06
8.47914257e-06
7.812585429e-06
7.063682166e-06
6.193323653e-06
7.344672689e-06
8.449159964e-06
7.390044989e-06
1.021990149e-05
1.230958483e-05
1.15781694e-05
1.418044621e-05
1.550930916e-05
1.440416933e-05
1.640177555e-05
1.712397526e-05
1.468303956e-05
3.753067387e-06
4.346801403e-06
5.999945456e-06
5.543252167e-06
7.510920579e-06
1.046089167e-05
1.012701294e-05
1.251599779e-05
1.735518594e-05
1.359849698e-05
1.336161933e-05
1.793123921e-05
1.27481602e-05
1.249181156e-05
1.575064634e-05
1.259371003e-05
1.242394927e-05
1.434208365e-05
1.121056751e-05
8.583406259e-06
9.203076781e-06
5.01935521e-06
1.942060065e-06
2.260944653e-06
6.214664911e-07
3.612941668e-07
5.597534841e-07
1.503461888e-07
2.171086399e-07
1.62237466e-07
1.847680236e-07
5.683334512e-07
4.935297109e-07
6.770083357e-06
9.248900886e-06
8.827886764e-06
1.104724245e-05
1.15086568e-05
1.042950822e-05
1.067831501e-05
9.538040264e-06
9.277041737e-06
9.098512266e-06
9.936258528e-06
1.120580852e-05
1.215037254e-05
1.475546089e-05
1.570551338e-05
1.563316615e-05
1.387601199e-05
1.20128791e-05
1.127528873e-05
9.659540414e-06
8.327131223e-06
9.229989373e-06
9.514269396e-06
9.309017294e-06
1.012948007e-05
1.086486625e-05
1.207492619e-05
1.170116647e-05
1.239050002e-05
1.456915878e-05
1.308957378e-05
1.381721592e-05
1.62596712e-05
2.232807127e-06
2.024594616e-06
2.672050623e-06
2.078623817e-06
2.324316182e-06
3.169571928e-06
2.796724478e-06
3.598136241e-06
5.237994794e-06
4.808334313e-06
6.246656054e-06
8.89718581e-06
7.372636408e-06
7.88960575e-06
1.016886211e-05
8.133713601e-06
8.601982096e-06
1.021634736e-05
9.48395374e-06
1.016224968e-05
1.106013055e-05
9.739519835e-06
7.857174843e-06
8.134787911e-06
4.957034495e-06
2.035327994e-06
1.897220485e-06
5.063847779e-07
2.037606705e-07
2.425305049e-07
1.420275233e-07
3.767307758e-07
2.988958723e-07
2.800849962e-07
5.089147736e-07
5.749688046e-07
4.227779942e-06
7.265484306e-06
8.549393138e-06
9.932365469e-06
1.161560365e-05
1.201171138e-05
1.163377003e-05
1.033183033e-05
1.00036715e-05
9.0021907e-06
8.537588765e-06
9.108043879e-06
9.149534407e-06
1.041102692e-05
1.281098358e-05
1.127292235e-05
1.090241566e-05
1.363600572e-05
9.608851788e-06
8.280686081e-06
9.905777801e-06
7.386877996e-06
6.929701187e-06
8.687999704e-06
6.784360346e-06
6.466533477e-06
8.953851608e-06
1.566868864e-05
1.491368536e-05
1.049993325e-05
1.029737275e-05
8.937090173e-06
1.108363715e-05
9.362061671e-06
1.008268563e-05
1.251866611e-05
3.388516944e-06
2.010456925e-06
2.350882554e-06
1.494814383e-06
1.324472751e-06
1.601849953e-06
1.294960047e-06
1.349883757e-06
1.73855203e-06
1.488517522e-06
1.747096703e-06
2.478452805e-06
2.208946296e-06
2.971162323e-06
4.328136203e-06
3.978299676e-06
4.923337506e-06
6.204794034e-06
5.693454132e-06
6.551077615e-06
7.427044579e-06
8.022036932e-06
9.429213221e-06
9.64578333e-06
9.512574381e-06
7.898924e-06
7.769733689e-06
5.266988672e-06
2.462070935e-06
2.23462286e-06
6.50700002e-07
2.209223275e-07
2.002619601e-07
1.878917755e-07
3.946912639e-07
4.154341115e-07
2.754882186e-07
2.754542747e-07
3.963325254e-07
2.151183234e-06
4.289844231e-06
5.794488994e-06
6.458559318e-06
8.485614291e-06
1.035767608e-05
9.808656431e-06
9.737260254e-06
1.027935205e-05
8.677472477e-06
7.636009061e-06
8.091741342e-06
7.02057066e-06
6.629281917e-06
8.315539368e-06
6.125021035e-06
5.427537638e-06
7.794371165e-06
4.704751528e-06
4.11281098e-06
5.947806194e-06
3.702119029e-06
3.467713544e-06
4.984633932e-06
3.395525652e-06
2.699553009e-06
3.909765584e-06
3.324825464e-05
5.851217207e-05
3.686516577e-05
5.613117324e-05
3.077949328e-05
1.117798672e-05
1.107014954e-05
7.113143154e-06
8.201133219e-06
7.458676554e-06
8.123767884e-06
9.838521849e-06
3.312194731e-06
1.774020617e-06
1.831539221e-06
1.219620597e-06
1.02319558e-06
1.144218981e-06
9.559741564e-07
9.436564302e-07
1.100856982e-06
9.640004732e-07
1.025372965e-06
1.289762266e-06
1.164526679e-06
1.470151354e-06
2.051662255e-06
2.116081814e-06
3.196938547e-06
3.941207247e-06
4.306021154e-06
5.3676218e-06
5.886206916e-06
7.337923648e-06
9.516479292e-06
9.424581878e-06
1.014373198e-05
8.806924752e-06
8.254452664e-06
6.274748567e-06
3.24814924e-06
2.76503456e-06
9.934898045e-07
3.510272734e-07
2.686311882e-07
3.247471305e-07
3.551350852e-07
3.35742826e-07
4.995352732e-07
2.156416082e-07
1.934896527e-07
7.375937097e-07
1.659266267e-06
2.865585672e-06
2.778364449e-06
4.198211899e-06
6.323762631e-06
5.916151949e-06
7.171435395e-06
8.695047056e-06
7.133463055e-06
6.098868907e-06
7.031825707e-06
4.851343459e-06
3.776178672e-06
5.1605671e-06
2.99835546e-06
2.484952739e-06
3.696776863e-06
2.132135952e-06
1.861864244e-06
2.75904942e-06
1.653909251e-06
1.521785706e-06
2.327981363e-06
1.419801351e-06
5.189297135e-06
3.939307048e-06
1.75045531e-05
3.733319758e-05
5.971658197e-05
4.912621374e-05
4.633325879e-05
5.527373512e-05
3.046445972e-05
1.22616709e-05
8.733182751e-06
6.041523184e-06
5.854132227e-06
6.885730725e-06
4.239127545e-06
2.098041001e-06
1.836225219e-06
1.183395636e-06
8.375617358e-07
9.266506485e-07
7.290649885e-07
7.378953833e-07
8.367551176e-07
8.125278466e-07
9.168012129e-07
9.045158774e-07
1.019183121e-06
1.133730599e-06
1.157069659e-06
1.441951269e-06
2.315843827e-06
2.641952229e-06
3.47890002e-06
4.488690179e-06
4.928412513e-06
6.596061883e-06
9.2637308e-06
9.537226702e-06
1.042118174e-05
9.865240681e-06
9.439947485e-06
8.100550109e-06
5.305510916e-06
4.079220578e-06
2.561835002e-06
1.412551507e-06
5.584491703e-07
2.360695136e-06
4.202496778e-06
8.413154998e-07
5.874822375e-06
8.882144192e-07
4.423657926e-07
2.208110018e-07
3.277862752e-07
7.994560464e-07
5.747243948e-07
1.142873204e-06
2.399515687e-06
2.204696458e-06
3.217681111e-06
5.241689076e-06
3.358004873e-06
2.667394049e-06
4.607737562e-06
1.838274383e-06
1.261151406e-06
2.434685902e-06
1.346694431e-06
1.962280998e-06
1.814262852e-06
2.607766852e-06
2.781048733e-06
1.622690853e-06
2.360475595e-06
1.65923544e-06
1.141406953e-06
1.071912893e-06
7.780709638e-07
6.750528627e-07
7.685018544e-07
9.688333874e-07
7.851961818e-06
1.32464933e-06
1.799402702e-06
2.162648296e-06
2.347989411e-06
2.922938559e-06
3.595665277e-06
3.484096014e-06
3.999510272e-06
4.867019686e-06
9.137923192e-06
7.640341867e-06
7.336326192e-06
6.259733103e-06
4.564010012e-06
2.882329116e-06
3.098081653e-06
2.133655562e-06
1.01386503e-06
1.639487126e-06
1.53168677e-06
7.924203284e-07
1.712562566e-06
2.005928801e-06
1.34688443e-06
2.24508099e-06
2.405216447e-06
1.742164609e-06
2.494191812e-06
2.559523468e-06
2.451626939e-06
2.755964952e-06
3.384116914e-06
3.976684147e-06
4.985928658e-06
7.11252314e-06
8.478405901e-06
8.049689049e-06
8.289195092e-06
9.604897979e-06
7.843314052e-06
6.452023322e-06
6.28728449e-06
6.455174928e-06
1.605701954e-05
4.634456391e-06
4.802183483e-05
4.632858011e-05
2.008751335e-05
3.930274227e-05
1.970631242e-06
1.432087416e-06
4.366489195e-07
1.985005013e-07
1.67027403e-07
9.717083055e-08
2.286251316e-07
4.757156349e-07
5.821850784e-07
6.772090094e-07
1.652427459e-06
4.61370589e-07
2.798213682e-07
1.047398491e-06
2.005831786e-07
2.055465992e-07
4.94248533e-07
1.728757407e-06
5.778258559e-06
3.260887673e-06
1.12749396e-05
1.553506255e-05
6.87718916e-06
1.596815739e-05
1.224127587e-05
4.402268023e-06
6.965751239e-06
3.109516641e-06
1.209138811e-06
1.256142421e-06
6.425577764e-07
6.657182592e-07
6.195205722e-07
8.588225361e-07
1.272041611e-06
1.221782769e-06
1.649541795e-06
2.233785594e-06
2.116220861e-06
2.604691963e-06
3.22121245e-06
3.095264981e-06
3.619454465e-06
3.976724701e-06
7.846428779e-06
4.464063069e-06
6.410308157e-06
2.932506808e-06
1.785488195e-06
3.351659377e-06
9.82152556e-07
6.049914955e-07
1.249685335e-06
5.711736723e-07
7.342242355e-07
1.013663311e-06
9.683548766e-07
1.189788734e-06
1.53878783e-06
1.358883657e-06
1.483104377e-06
2.0314496e-06
1.593384486e-06
1.711601849e-06
2.157589796e-06
1.926207914e-06
2.404909636e-06
2.797673961e-06
3.21447709e-06
3.666014041e-06
5.373721219e-06
3.465164486e-06
3.660232615e-06
6.097419902e-06
4.589945976e-06
1.064913602e-05
6.834021482e-06
4.270557288e-05
0.0001093120193
4.942636544e-05
0.0001650607316
7.67540059e-05
6.535886224e-05
5.510232905e-05
2.347717711e-06
2.130990159e-06
1.55506232e-06
4.114045586e-07
3.742066028e-07
1.720429936e-07
1.967852328e-07
1.964382988e-07
1.133216104e-07
2.793889571e-08
1.893193395e-07
1.137726377e-08
3.260890093e-08
6.58165418e-08
6.940823232e-08
1.60495544e-07
1.543643413e-07
2.921738372e-06
1.042298153e-05
8.856342311e-06
2.137662523e-05
3.190572146e-05
2.6340093e-05
3.770194183e-05
3.609774598e-05
2.596510888e-05
2.70299535e-05
1.467769752e-05
7.928864845e-06
5.795455773e-06
1.932417052e-06
1.049808145e-06
7.085589091e-07
4.862946587e-07
5.901056527e-07
6.52339354e-07
1.021213104e-06
1.239427161e-06
1.533722343e-06
2.132043335e-06
2.215214543e-06
2.741269385e-06
3.309580957e-06
3.378579638e-06
9.818941948e-06
3.373550992e-06
3.049412341e-06
8.226339515e-07
2.663182705e-07
6.929316288e-07
1.79761211e-07
2.113501491e-07
3.304617331e-07
2.957102056e-07
4.090356255e-07
5.566127701e-07
5.354146534e-07
6.605859189e-07
8.717924808e-07
7.762264116e-07
8.825100714e-07
1.06980602e-06
9.846157687e-07
1.137834751e-06
1.192350664e-06
1.785821931e-06
2.98389136e-06
2.134628682e-06
2.662799294e-06
1.493156329e-06
2.335360897e-06
8.896689515e-07
7.63260895e-07
1.823401492e-06
7.402211586e-07
6.607351607e-07
3.005121428e-05
5.259336253e-07
2.376921827e-06
0.0001438895144
1.362484164e-05
2.038824339e-09
9.874848547e-05
8.054026768e-09
2.709771593e-09
3.653450495e-06
2.093669603e-09
2.024196622e-09
2.555564374e-07
2.293141601e-09
3.958241809e-09
1.420443028e-07
3.639615068e-09
3.245547661e-09
7.460417617e-10
3.798444291e-09
1.711009557e-07
4.884019864e-08
8.585610063e-08
7.094588119e-08
1.422775219e-07
4.983970287e-07
2.331864534e-06
8.184621925e-06
5.475611294e-06
8.73447442e-06
2.581995174e-05
1.101878537e-05
1.189771652e-05
3.183263597e-05
1.108757642e-05
6.673553278e-06
1.594129068e-05
2.00595448e-06
5.129523236e-07
2.510908106e-06
3.366769534e-07
4.851169745e-07
5.259812646e-07
9.090481137e-07
1.82075376e-06
1.145333692e-06
3.264464701e-06
4.887142351e-06
2.728778685e-06
6.127063038e-06
6.689041921e-06
4.136433553e-06
1.792299764e-05
1.031563468e-05
6.133890473e-06
5.149684825e-06
2.570085928e-06
1.010521323e-06
1.376287904e-06
8.330719247e-07
3.821440363e-07
6.7045742e-07
7.472431915e-07
6.022797955e-07
9.860548925e-07
1.341591267e-06
1.100820627e-06
1.758968026e-06
2.173562441e-06
1.621879352e-06
2.570376653e-06
3.117313948e-06
2.359769653e-06
4.181572564e-06
4.290706299e-06
4.862469348e-06
1.925784423e-06
5.536270277e-07
9.575580893e-07
3.216879278e-07
3.327828382e-07
4.652091118e-07
3.404982818e-07
3.150988976e-07
3.297408372e-07
3.034781246e-07
6.829158274e-07
3.641137772e-07
8.351063456e-08
7.863624502e-09
3.406728455e-10
3.108914157e-09
4.27858335e-09
5.474722757e-10
1.011194198e-08
1.177350158e-08
6.002482417e-11
1.574628966e-08
2.32570238e-08
8.295641938e-10
2.945956148e-08
5.432372955e-08
7.780641846e-08
1.714429596e-07
4.150650941e-07
8.318585908e-07
4.655573876e-07
3.029543275e-07
2.069721652e-07
3.357891513e-07
5.584254664e-07
7.104055205e-07
1.022987035e-06
1.75291832e-06
2.274878954e-06
2.7534864e-06
4.059542135e-06
4.265259465e-06
5.805098885e-06
8.362696952e-06
6.612377435e-06
1.250978171e-05
1.75975848e-05
1.088856576e-05
1.796284215e-05
9.622346053e-06
2.489635161e-06
4.076612107e-06
5.13068941e-06
3.870212041e-06
8.183790735e-06
1.14029929e-05
9.386879438e-06
1.320083531e-05
1.25186259e-05
1.139843865e-05
1.919014468e-05
1.639460334e-05
1.455365144e-05
1.215088657e-05
7.921869627e-06
4.629165963e-06
5.062096579e-06
3.183463093e-06
1.630704904e-06
1.957857553e-06
1.297680711e-06
9.645718884e-07
1.08459909e-06
1.161454803e-06
1.343899971e-06
1.440491334e-06
1.878934866e-06
2.317159433e-06
2.39700973e-06
2.786273137e-06
3.514063159e-06
2.608059251e-06
1.42210369e-06
2.888630517e-06
2.655295843e-07
7.403145893e-08
2.381084208e-07
1.074621129e-07
1.990017224e-07
2.412889327e-07
1.353983362e-07
1.485982051e-07
2.836378948e-07
4.837439412e-07
1.575434861e-06
1.06434967e-06
2.644456618e-06
1.394064811e-06
3.997487657e-08
1.702249687e-08
2.714918347e-07
5.306560967e-08
5.735329632e-07
6.01277931e-07
1.27744005e-07
5.336141029e-07
5.480235021e-07
1.45716842e-07
6.363908456e-07
7.826889992e-07
2.362739927e-07
1.050869149e-06
1.540602092e-06
7.433075772e-07
1.331213961e-06
9.665762161e-07
4.888856434e-07
8.863259178e-07
1.029932742e-06
6.562750836e-07
1.46541465e-06
2.304635111e-06
1.774008907e-06
3.712624879e-06
5.992301776e-06
4.494930083e-06
9.724463542e-06
1.447259764e-05
1.094155436e-05
2.406059878e-05
3.521074178e-05
3.153963185e-05
3.723938851e-05
2.627889041e-05
2.126414598e-05
1.242622989e-05
6.984311937e-06
4.279382309e-06
9.272234365e-06
1.567137428e-05
9.209734251e-06
2.104189996e-05
1.881836519e-05
1.113488211e-05
2.562244249e-05
3.0083313e-05
2.003096751e-05
3.323250189e-05
3.334194769e-05
1.631312387e-05
2.9042985e-05
2.120245333e-05
1.23104868e-05
1.334679673e-05
7.400565695e-06
5.705094632e-06
3.881707144e-06
2.208099529e-06
2.048845928e-06
1.459315666e-06
1.0518405e-06
1.59678183e-06
7.543441426e-07
5.16013542e-07
1.200923135e-06
3.994330425e-07
5.642952456e-07
7.470410682e-07
1.19875619e-06
2.396732412e-06
1.93739557e-06
4.348639415e-06
7.871169386e-06
3.298540296e-06
1.359136779e-05
1.826839565e-05
5.981707981e-06
1.689924245e-05
1.139070862e-05
4.579637018e-06
6.809654198e-06
3.842329381e-06
2.145012561e-06
2.938000848e-06
1.82476053e-06
8.206005998e-07
3.334261671e-06
3.549603258e-06
1.71128786e-06
3.081387473e-06
2.796445579e-06
1.406792087e-06
2.888249205e-06
3.295009453e-06
1.804973331e-06
3.984401943e-06
5.025603771e-06
2.952951086e-06
5.088747948e-06
4.532325446e-06
2.126196059e-06
4.210852609e-06
4.506341978e-06
2.008986712e-06
5.6683942e-06
8.090208461e-06
3.865923717e-06
1.232861473e-05
1.893666596e-05
9.896548445e-06
2.972871846e-05
3.207677659e-05
2.143013361e-05
2.765774466e-05
2.948058811e-05
2.374459845e-05
3.745292493e-05
4.995352826e-05
3.309157111e-05
6.574406882e-05
7.897445155e-05
4.790836304e-05
7.467306892e-05
5.698690952e-05
5.228441459e-05
4.700912034e-05
3.640567858e-05
3.147050726e-05
1.213013948e-05
2.915830531e-05
2.843890338e-05
4.656340418e-05
5.674472545e-05
3.740059775e-05
5.780140853e-05
5.076590349e-05
2.844742042e-05
3.823342101e-05
2.439864199e-05
1.22520959e-05
1.397271705e-05
7.340762307e-06
3.747886864e-06
3.473830654e-06
1.377235332e-06
9.970959233e-07
4.428045887e-07
1.610970773e-07
2.562074927e-07
1.016323148e-07
1.377163099e-07
3.135737903e-07
3.598958403e-07
1.018057878e-06
1.949837598e-06
2.844393096e-06
8.298374076e-06
1.05934516e-05
2.237172728e-05
4.25030399e-05
3.361006216e-05
5.097525393e-05
3.89250821e-05
2.262238278e-05
1.977285481e-05
6.947564369e-06
5.336659943e-06
1.321212617e-06
4.754994641e-06
3.230119993e-06
8.325417765e-06
9.110184478e-06
6.046516325e-06
8.082067608e-06
7.107347345e-06
4.704807384e-06
6.934902625e-06
7.620078695e-06
5.223013204e-06
9.126246441e-06
1.15349591e-05
7.818329393e-06
1.374714756e-05
1.565986723e-05
8.852912241e-06
1.77789495e-05
2.093203899e-05
1.038887063e-05
2.593152414e-05
3.326279118e-05
1.790804388e-05
4.216547227e-05
5.003219191e-05
3.48321853e-05
5.377983626e-05
3.777695073e-05
4.160779891e-05
3.235579539e-05
4.069427667e-05
3.791931627e-05
5.446392986e-05
6.389499759e-05
6.597754949e-05
5.837158388e-05
4.43666022e-05
7.496385184e-05
3.761306626e-05
3.410546516e-05
4.810899759e-05
2.570105875e-05
1.573441892e-05
2.863042992e-05
5.067136463e-06
4.9889488e-06
7.953924558e-06
5.153666988e-06
4.830896917e-06
1.660259923e-05
3.651983058e-06
2.078076576e-06
1.076118985e-05
9.522302572e-07
4.648289083e-07
3.41594063e-06
2.491739406e-07
1.534879895e-07
9.032566618e-07
1.125909014e-07
1.01727833e-07
3.094624316e-07
1.132534658e-07
1.192322839e-07
1.515544662e-07
7.172581396e-08
5.800934878e-08
8.640784982e-08
8.869710584e-08
1.868466993e-07
3.771137528e-07
3.925575824e-07
9.909808726e-07
3.401026677e-06
3.563116143e-06
1.379508738e-05
3.375969795e-05
3.837455107e-05
5.63935276e-05
5.525169395e-05
4.303196161e-05
1.477024138e-05
1.004228356e-05
5.723685642e-07
8.1848072e-06
6.393858309e-06
1.470912349e-05
1.652254136e-05
1.264983725e-05
1.499611656e-05
1.321554571e-05
9.978143451e-06
1.280017903e-05
1.419878269e-05
1.057908701e-05
1.75875818e-05
2.307415283e-05
1.651494849e-05
2.9586793e-05
3.530308669e-05
2.484756113e-05
3.839260771e-05
3.845003485e-05
3.279667052e-05
3.681900738e-05
3.441639191e-05
4.345849673e-05
2.964033044e-05
2.140508905e-05
4.569041763e-05
1.24459386e-05
6.180703574e-06
1.825591668e-05
1.0816018e-05
1.4400116e-05
3.181504179e-05
1.394275346e-05
1.191976451e-05
3.355404468e-05
1.089884664e-05
1.018404698e-05
2.22604884e-05
8.97790684e-06
7.858098347e-06
1.620992282e-05
7.599816684e-06
8.153051593e-06
9.686396326e-06
3.471398884e-06
2.511465831e-06
2.746197603e-06
1.750967729e-06
1.170293461e-06
1.130216067e-06
7.774041341e-07
5.40791441e-07
3.769321595e-07
3.999024185e-07
3.099654577e-07
1.917113784e-07
2.456424623e-07
1.958962459e-07
1.422260857e-07
1.578141886e-07
1.339817503e-07
1.145091865e-07
1.28434284e-07
1.434184244e-07
9.229611958e-08
1.844593298e-07
2.829055277e-07
1.75653233e-07
5.915072098e-07
1.818471361e-06
8.331255371e-07
4.8442506e-06
6.988210051e-06
5.873718678e-06
1.029938975e-05
1.78415655e-05
3.60079443e-05
2.025365764e-05
1.096303824e-05
1.658532371e-05
1.183345219e-06
1.213441264e-05
1.012521151e-05
2.136736056e-05
2.373612596e-05
2.043481729e-05
2.143172699e-05
1.912883518e-05
1.650089722e-05
1.944737913e-05
2.312164897e-05
1.847778345e-05
3.009878226e-05
3.933636063e-05
3.109951192e-05
4.752693688e-05
4.918615894e-05
4.468052439e-05
3.948581082e-05
2.276788845e-05
3.371097931e-05
1.158824722e-05
7.875097401e-06
1.563265878e-05
6.895897748e-06
6.645235166e-06
7.323818021e-06
6.717264823e-06
6.927310641e-06
5.261950496e-06
7.153781832e-06
7.196509679e-06
6.88632243e-06
7.015225444e-06
6.669843408e-06
6.608871882e-06
6.273635012e-06
5.987074837e-06
6.054619654e-06
5.958065666e-06
6.282830601e-06
6.126594749e-06
5.454712907e-06
4.141843093e-06
3.026900949e-06
3.252625994e-06
2.611897466e-06
1.689088397e-06
2.137135473e-06
1.82293435e-06
1.007485794e-06
1.662461723e-06
1.559567701e-06
6.865872773e-07
1.344001714e-06
9.755229502e-07
3.781018257e-07
6.346633447e-07
4.44342888e-07
1.869240276e-07
3.774042588e-07
4.02551321e-07
2.169065352e-07
5.229161681e-07
8.012866812e-07
4.260851476e-07
1.901539827e-06
5.674482818e-06
4.417694429e-06
8.420779209e-06
9.443049643e-06
8.961499823e-06
9.861843704e-06
9.506252827e-06
1.193868146e-05
7.088197869e-06
4.274468819e-06
5.635027684e-06
1.592366952e-06
1.434336812e-05
1.385599501e-05
2.289063155e-05
2.25745967e-05
2.506373232e-05
1.932085928e-05
1.904243564e-05
2.009530395e-05
2.276350099e-05
2.958947493e-05
2.729930523e-05
3.7719509e-05
4.379440463e-05
4.485959832e-05
4.268170591e-05
3.121096272e-05
4.466852706e-05
1.664824171e-05
9.873603747e-06
1.364109949e-05
9.033926078e-06
9.615305627e-06
7.979899035e-06
1.025573136e-05
1.079084957e-05
8.698212536e-06
1.124866069e-05
1.162440809e-05
9.32384487e-06
1.185645577e-05
1.186973615e-05
9.414324121e-06
1.163320351e-05
1.118597583e-05
8.659244435e-06
1.062002692e-05
1.004720535e-05
7.632921545e-06
9.597427391e-06
9.428356704e-06
7.393912303e-06
1.331065752e-05
9.094510465e-06
5.979346551e-06
6.937055375e-06
5.53784003e-06
3.886164315e-06
4.594449995e-06
4.136978384e-06
2.900182642e-06
4.310192203e-06
4.894978469e-06
2.973252643e-06
5.078981401e-06
4.434010529e-06
2.265411673e-06
3.439999448e-06
2.54905923e-06
1.164172558e-06
1.874472322e-06
1.435684605e-06
7.74675016e-07
1.276276674e-06
1.441369552e-06
1.171852399e-06
2.407699644e-06
5.497756425e-06
6.015984485e-06
7.211116092e-06
6.58277629e-06
8.265563956e-06
5.97115536e-06
5.245308189e-06
7.174639184e-06
4.358025917e-06
3.841829274e-06
4.05954566e-06
1.859036938e-06
8.773843027e-06
1.247849907e-05
1.180672197e-05
1.105282035e-05
1.657297657e-05
1.224768767e-05
1.598317532e-05
1.717433886e-05
2.040717488e-05
2.366761283e-05
2.845067457e-05
2.421452227e-05
2.094623984e-05
3.424097221e-05
1.506907832e-05
1.077853375e-05
1.727933822e-05
1.004382018e-05
1.093729222e-05
9.718272277e-06
1.166022286e-05
1.179302907e-05
1.108631216e-05
1.16359552e-05
1.15808303e-05
1.193938702e-05
1.182173714e-05
1.232521097e-05
1.282910249e-05
1.292899679e-05
1.346140794e-05
1.345449449e-05
1.382186884e-05
1.400347835e-05
1.321037441e-05
1.4064021e-05
1.408986668e-05
1.243193073e-05
1.418080998e-05
1.514228112e-05
1.201902565e-05
2.927969294e-05
1.883167208e-05
8.495432722e-06
1.18292832e-05
8.53408078e-06
5.603272657e-06
8.149848502e-06
1.016448178e-05
7.301004481e-06
1.22977662e-05
1.200425882e-05
7.617665893e-06
9.856307664e-06
7.497021907e-06
4.638548156e-06
5.462998968e-06
3.8097457e-06
2.434067604e-06
2.640088054e-06
2.145023742e-06
1.674275389e-06
2.803482263e-06
4.772487335e-06
4.436279389e-06
5.301676874e-06
4.179142214e-06
5.080836986e-06
3.368097356e-06
2.69733994e-06
3.832519499e-06
2.110730772e-06
1.682119641e-06
2.68497744e-06
1.437166416e-06
3.503436842e-06
5.426708665e-06
6.078313385e-06
9.173062936e-06
8.752989684e-06
1.372689502e-05
1.752226693e-05
1.600503285e-05
1.761521664e-05
1.488400013e-05
1.795706275e-05
1.206280374e-05
1.059627712e-05
1.245395105e-05
1.080807882e-05
1.229064749e-05
1.021422189e-05
1.386113032e-05
1.420451535e-05
1.254209467e-05
1.299562876e-05
1.105707961e-05
1.167231867e-05
9.353445534e-06
8.331607139e-06
1.007571261e-05
8.024797265e-06
8.299109017e-06
1.047937728e-05
8.971036863e-06
9.867622761e-06
1.199991677e-05
1.087123398e-05
1.193608897e-05
1.342406936e-05
1.308763468e-05
1.439844294e-05
1.469607127e-05
0.0001556672506
8.359221145e-05
2.282201766e-05
4.006004632e-05
2.657483728e-05
1.448085097e-05
2.435093452e-05
2.454035719e-05
1.769907563e-05
2.141588965e-05
1.65663644e-05
1.136591269e-05
1.207596419e-05
8.621042826e-06
5.739703783e-06
6.462992649e-06
5.929615892e-06
3.37006138e-06
6.767361165e-06
7.047052531e-06
5.755514254e-06
5.540296834e-06
4.02743536e-06
3.690968396e-06
3.076511293e-06
2.498788059e-06
2.221009678e-06
2.155064065e-06
2.039020755e-06
1.547505983e-06
2.298410846e-06
3.63664411e-06
2.988801463e-06
9.755955753e-06
1.592383291e-05
1.154283586e-05
2.418343925e-05
2.701692916e-05
2.108496033e-05
2.176643626e-05
1.547959512e-05
1.499750956e-05
1.346854381e-05
1.438188851e-05
1.224105758e-05
1.6546273e-05
1.843869139e-05
1.547868091e-05
1.846945844e-05
1.606476164e-05
1.558699163e-05
1.243401559e-05
9.215749845e-06
1.022575049e-05
7.060436128e-06
5.847579104e-06
6.904438617e-06
5.326040015e-06
5.32031647e-06
6.524182645e-06
5.718350262e-06
6.455606705e-06
7.890022631e-06
7.511211202e-06
8.897772641e-06
1.025554623e-05
3.93150884e-11
5.170352395e-06
0.000107624694
0.0001321102434
7.959328477e-05
5.043749542e-05
4.984698827e-05
3.650290053e-05
3.144998009e-05
3.211874802e-05
2.766260491e-05
2.27853496e-05
2.203272902e-05
1.721176186e-05
1.274958304e-05
1.4528658e-05
1.385938822e-05
9.824192016e-06
1.36597603e-05
1.263344435e-05
9.180040934e-06
1.039252363e-05
8.181680584e-06
5.428308045e-06
6.655046492e-06
5.830943359e-06
3.6427156e-06
5.520449193e-06
5.704204471e-06
3.339567908e-06
6.665007805e-06
9.260952091e-06
5.656825793e-06
1.854073556e-05
3.209522517e-05
2.284560814e-05
4.562261077e-05
3.519537033e-05
3.384088495e-05
1.417460475e-05
7.257516643e-06
1.237096293e-05
9.275603048e-06
1.293552128e-05
1.477985594e-05
1.634341537e-05
1.758011508e-05
1.949024967e-05
1.588517638e-05
1.234002913e-05
1.503584488e-05
8.877923334e-06
6.481737323e-06
7.999353097e-06
5.075745414e-06
4.346098075e-06
5.043749822e-06
4.061160654e-06
2.134474255e-06
4.559756248e-06
1.684066589e-06
2.252457972e-06
4.936644988e-06
2.962878472e-06
3.617662272e-06
8.033631017e-06
1.175036519e-09
0.0001309096392
0.0001183685515
9.145112078e-05
4.332580331e-05
3.964887992e-05
2.817259278e-05
2.324580027e-05
2.763243819e-05
2.053128946e-05
1.757805544e-05
1.93361304e-05
1.569336238e-05
1.620672128e-05
1.640405701e-05
1.860556849e-05
2.072892949e-05
1.722243029e-05
2.091171243e-05
1.890378178e-05
1.275606919e-05
1.59944448e-05
1.403010829e-05
9.315951758e-06
1.332077887e-05
1.375739939e-05
9.316028292e-06
1.557328035e-05
1.959939317e-05
1.429907629e-05
2.798557743e-05
4.117389489e-05
4.044140959e-05
3.382784061e-05
1.019828428e-05
2.361002746e-05
2.766416358e-06
3.143165349e-06
4.289391612e-06
4.887232903e-06
7.223002299e-06
9.972588313e-06
7.39730354e-06
6.098260531e-06
1.157228571e-05
5.081163086e-06
4.066089828e-06
7.218386178e-06
3.27045596e-06
2.804700249e-06
3.890987633e-06
2.613943349e-06
2.660202262e-06
3.221994401e-06
2.61435717e-06
1.625122495e-06
1.450547079e-06
9.550099896e-07
9.876558933e-07
1.13486654e-06
2.667484473e-05
1.714805693e-05
1.922674244e-05
1.291439551e-05
1.060173331e-05
1.391364862e-05
9.579141475e-06
9.96143907e-06
1.342124533e-05
1.143075125e-05
1.360125612e-05
1.938261454e-05
1.659495984e-05
2.071727847e-05
2.338744659e-05
2.100142522e-05
1.884920833e-05
1.839795772e-05
1.741386891e-05
1.690219604e-05
1.713373453e-05
1.765632152e-05
2.004449415e-05
2.22889745e-05
2.383950816e-05
2.062527774e-05
3.099156807e-05
8.820433824e-06
3.342073978e-06
4.039610976e-06
7.501832721e-07
2.102808693e-06
2.526592199e-06
3.247318314e-06
4.066504126e-06
5.287231714e-06
3.314174935e-06
2.515921694e-06
3.628941056e-06
2.492413884e-06
2.454125932e-06
2.96096152e-06
2.359625037e-06
2.279693509e-06
2.477432819e-06
2.264018206e-06
2.381339692e-06
2.466034861e-06
7.956940225e-06
6.173234249e-06
8.062210073e-06
5.524628248e-06
5.551848405e-06
7.293333477e-06
5.687252548e-06
5.537100611e-06
8.401202537e-06
4.894741221e-06
4.40411014e-06
1.128789321e-05
6.882608946e-06
6.610948783e-06
1.33789626e-05
6.932824875e-06
7.282385228e-06
1.268436464e-05
7.791885149e-06
8.993237172e-06
1.452574651e-05
1.379633931e-05
2.146390527e-05
1.894629622e-05
1.216938069e-05
7.014264756e-06
4.876954841e-06
2.498092935e-06
1.935458211e-06
1.876631674e-06
2.392073748e-06
2.563979775e-06
3.216880834e-06
1.462339198e-06
1.408565162e-06
1.844521973e-06
1.66224248e-06
1.806272384e-06
2.095498571e-06
1.871206398e-06
1.871597229e-06
2.101475878e-06
2.548571775e-06
1.722566296e-06
2.168790953e-06
2.762230829e-06
2.121316725e-06
3.155085212e-06
1.872175807e-06
2.000701929e-06
3.660294598e-06
2.391793642e-06
2.769559538e-06
5.07631071e-06
5.612046862e-06
1.802735467e-05
2.211395442e-05
1.355531293e-05
9.719756262e-06
8.821524775e-06
4.741803362e-06
2.975451991e-06
2.322062654e-06
2.467873865e-06
2.123431074e-06
2.143717533e-06
)
;

boundaryField
{
    dominio_ascii
    {
        type            zeroGradient;
    }
    wallFilmFaces_top
    {
        type            zeroGradient;
    }
    region0_to_wallFilmRegion_wallFilmFaces
    {
        type            zeroGradient;
    }
}


// ************************************************************************* //
