/*--------------------------------*- C++ -*----------------------------------*\
| =========                 |                                                 |
| \\      /  F ield         | OpenFOAM: The Open Source CFD Toolbox           |
|  \\    /   O peration     | Version:  2.1.x                                 |
|   \\  /    A nd           | Web:      www.OpenFOAM.org                      |
|    \\/     M anipulation  |                                                 |
\*---------------------------------------------------------------------------*/
FoamFile
{
    version     2.0;
    format      ascii;
    class       volVectorField;
    location    "0.4";
    object      Uf;
}
// * * * * * * * * * * * * * * * * * * * * * * * * * * * * * * * * * * * * * //

dimensions      [0 1 -1 0 0 0 0];

internalField   nonuniform List<vector> 
2828
(
(-0.6829118557 0 -0.1447631596)
(-0.1260065443 0 0.005026197028)
(-0.1238771416 0 0.005672809231)
(-0.1640483282 0 0.02576800491)
(-0.1958390717 0 0.0540604432)
(-0.6224577313 0 -0.3185103048)
(-1.029005057 0 -0.4827401423)
(-1.306766609 0 -0.5181194884)
(-1.158425743 0 -0.3907659987)
(-0.973995616 0 -0.2206926174)
(-0.1357713634 0 0.001989429265)
(-0.1603841593 0 0.01157172909)
(-0.2139678924 0 0.05085280654)
(-0.2306096685 0 0.07393898284)
(-0.2151544099 0 0.09259900783)
(-0.3354759547 0 0.1360924391)
(-0.4229999702 0 0.1964912616)
(-0.2071080124 0 -0.1664502891)
(-0.190416564 0 -0.1396399532)
(-0.3670959443 0 -0.2113618702)
(-1.20448056 0 -0.6104998186)
(-1.557583482 0 -0.6604628704)
(-1.434959264 0 -0.5663393802)
(-1.373074168 0 -0.3291389709)
(-0.1612356441 0 -0.00709818292)
(-0.1956339059 0 0.03403428316)
(-0.2429182457 0 0.06848213225)
(-0.2820089074 0 0.09908885427)
(-0.2553053296 0 0.1184496756)
(-0.3794549754 0 0.1623214931)
(-0.4694948572 0 0.2356406553)
(-0.4627096877 0 0.2816164523)
(-0.4119147638 0 0.2953188738)
(-0.3251366375 0 -0.2653792478)
(-0.352889774 0 -0.2672289709)
(-0.4338933604 0 -0.2954811)
(-0.4169606496 0 -0.2641980288)
(-0.2990431642 0 -0.1882821533)
(-0.7794972107 0 -0.4547056568)
(-1.676189758 0 -0.8010319331)
(-1.816188804 0 -0.4575986108)
(-0.2228242416 0 -0.01735622322)
(-0.2277971053 0 0.04808639035)
(-0.2904911365 0 0.09215590865)
(-0.3796899791 0 0.1514478089)
(-0.3867630355 0 0.1914292707)
(-0.437188476 0 0.2193201998)
(-0.5028163517 0 0.2860299499)
(-0.4745317342 0 0.3338681313)
(-0.400501675 0 0.3325132285)
(-0.3476176704 0 0.3088655326)
(-0.3262151878 0 0.2893055975)
(-0.466516179 0 -0.3816926838)
(-0.4443590993 0 -0.3475887106)
(-0.5385356378 0 -0.3855786264)
(-0.623910821 0 -0.3991392405)
(-0.6131546021 0 -0.3625214137)
(-0.4803071025 0 -0.2842808023)
(-0.5140962513 0 -0.354916911)
(-1.560182432 0 -1.008208912)
(-1.833505177 0 -0.6246071299)
(-0.3395770834 0 -0.02760316756)
(-0.2695224323 0 0.0614489117)
(-0.3612933926 0 0.1346391992)
(-0.4383923478 0 0.1977110591)
(-0.460283588 0 0.2420406134)
(-0.4616711196 0 0.2679083668)
(-0.4735439417 0 0.3133474483)
(-0.4528920879 0 0.3795869954)
(-0.3631044927 0 0.3555503541)
(-0.3007810868 0 0.308059666)
(-0.2777908422 0 0.2707421138)
(-0.2523237445 0 0.2279916707)
(-0.5539037846 0 -0.4737447198)
(-0.5084396259 0 -0.4034253787)
(-0.5164471281 0 -0.3893532857)
(-0.607839733 0 -0.4157230338)
(-0.6846676378 0 -0.4043771917)
(-0.6816250875 0 -0.3597371769)
(-0.5794414125 0 -0.3087689574)
(-0.3658430704 0 -0.2326367085)
(-0.2590615184 0 -0.0747373096)
(-0.2785919545 0 -0.05676228656)
(-0.3753641069 0 -0.06007762249)
(-0.2995565368 0 0.07164473402)
(-0.4098720461 0 0.1589068678)
(-0.4399178143 0 0.2123383713)
(-0.4545342916 0 0.2569698309)
(-0.4435021467 0 0.2826203629)
(-0.4083150772 0 0.3065683025)
(-0.3805831356 0 0.3768883614)
(-0.3030370079 0 0.3422064907)
(-0.2539557536 0 0.2880674997)
(-0.2336885865 0 0.2610394046)
(-0.2173717402 0 0.248087349)
(-0.2112399497 0 0.2626110109)
(-0.5424805122 0 -0.5418676878)
(-0.5496445222 0 -0.4845926081)
(-0.5268093726 0 -0.4146517409)
(-0.5115688597 0 -0.3809602539)
(-0.5724134496 0 -0.3834350892)
(-0.6438306994 0 -0.3519431187)
(-0.6647976112 0 -0.3030058895)
(-0.6119430128 0 -0.2734624534)
(-0.4736627752 0 -0.2797004069)
(-0.3086114627 0 -0.1655774307)
(-0.2905044788 0 -0.0693741081)
(-0.4316854114 0 -0.07603626878)
(-0.3453364704 0 0.0688411628)
(-0.4194076394 0 0.1504371201)
(-0.4215320529 0 0.2078063032)
(-0.4170995249 0 0.2559578514)
(-0.3995349392 0 0.2773515413)
(-0.3447188318 0 0.273107061)
(-0.2781584391 0 0.2812949536)
(-0.2399781683 0 0.2696118453)
(-0.2290152346 0 0.2632872805)
(-0.2273716885 0 0.2740542704)
(-0.2275771488 0 0.2923657342)
(-0.2267812007 0 0.3112275542)
(-0.4724545534 0 -0.5823426753)
(-0.5307482381 0 -0.5884321887)
(-0.5996681318 0 -0.5813232863)
(-0.5957939151 0 -0.4937779251)
(-0.5033037157 0 -0.38114882)
(-0.4945377205 0 -0.3419300835)
(-0.5676720778 0 -0.3017768913)
(-0.6168342909 0 -0.2509596201)
(-0.6034763652 0 -0.2290566642)
(-0.5354916403 0 -0.2631651389)
(-0.5059848144 0 -0.3936835664)
(-0.3182169294 0 -0.08495628452)
(-0.4696303174 0 -0.09613875472)
(-0.403252861 0 0.074131117)
(-0.4251639286 0 0.1467109559)
(-0.4052123402 0 0.1976406757)
(-0.3787732361 0 0.2480210931)
(-0.3511574272 0 0.2648822149)
(-0.2983905702 0 0.2456262379)
(-0.2386625141 0 0.2222823137)
(-0.2226330332 0 0.2374106185)
(-0.2237945221 0 0.2630605433)
(-0.2640301986 0 0.3203886787)
(-0.2248961582 0 0.3065498216)
(-0.2224541968 0 0.3222442467)
(-0.2178820833 0 0.3338598009)
(-0.4155232027 0 -0.5854515063)
(-0.5357743629 0 -0.6878223418)
(-0.6663545698 0 -0.7490657024)
(-0.7232652549 0 -0.6782307346)
(-0.6069267607 0 -0.4819533115)
(-0.4422462301 0 -0.3343832684)
(-0.5002506008 0 -0.2785897874)
(-0.5695352874 0 -0.2222419663)
(-0.5712727535 0 -0.2058727386)
(-0.5420164691 0 -0.2333833934)
(-0.6530749393 0 -0.5772092172)
(-0.3346097475 0 -0.1011256366)
(-0.4892779763 0 -0.1275612628)
(-0.4287311911 0 0.09275851949)
(-0.4157418171 0 0.1494264977)
(-0.3860191772 0 0.1891368733)
(-0.3385559516 0 0.2301990079)
(-0.3022342164 0 0.2467971873)
(-0.2607801056 0 0.2331819166)
(-0.2311843818 0 0.2352027335)
(-0.2257961919 0 0.2596590112)
(-0.2234164009 0 0.2826059694)
(-1.400105257 0 1.371292151)
(-0.7642609317 0 0.9734429278)
(-0.2101475878 0 0.3272534907)
(-0.1987822542 0 0.3279826832)
(-0.1917559173 0 0.3318107274)
(-0.2665237152 0 -0.4024286319)
(-0.346624341 0 -0.5635349132)
(-0.5075431293 0 -0.7734697234)
(-0.6804317532 0 -0.9327380441)
(-0.8248999577 0 -0.9529401194)
(-0.8354173447 0 -0.7611851954)
(-0.4899538067 0 -0.4059136851)
(-0.4441837444 0 -0.2839200909)
(-0.5280612051 0 -0.2150919341)
(-0.5224920557 0 -0.2096436836)
(-0.4853145245 0 -0.2342649761)
(-0.6373628527 0 -0.624667508)
(-0.3666373291 0 -0.1862734701)
(-0.4938636893 0 -0.199256593)
(-0.4585191594 0 0.1139903529)
(-0.4024395994 0 0.1546200369)
(-0.3545255052 0 0.179117868)
(-0.290774396 0 0.1995294304)
(-0.2556306445 0 0.2174323139)
(-0.2442882113 0 0.2337297055)
(-0.249077799 0 0.2765177464)
(-0.2492556355 0 0.3133660176)
(-0.2381021082 0 0.3340920522)
(-1.661189561 0 1.950585284)
(-1.38082878 0 2.090009253)
(-0.7051185586 0 1.200367239)
(-0.1801014778 0 0.3290391608)
(-0.1694731123 0 0.3270927085)
(-0.1537337369 0 -0.1837530529)
(-0.2313953888 0 -0.4353434778)
(-0.4105316533 0 -0.7516243454)
(-0.6223958904 0 -1.084421199)
(-0.8077631582 0 -1.264357897)
(-0.9260242999 0 -1.172512077)
(-0.6787151884 0 -0.6263661558)
(-0.393858741 0 -0.3226818487)
(-0.4881900991 0 -0.2272635693)
(-0.4658150157 0 -0.2314347236)
(-0.3876735819 0 -0.2537956902)
(-0.4120316565 0 -0.4920284136)
(-0.6571207849 0 -0.2238829949)
(-0.517459946 0 -0.132974138)
(-0.5064948244 0 0.1363963034)
(-0.4190016872 0 0.1753309883)
(-0.3226200548 0 0.1742336629)
(-0.2474144491 0 0.1679733105)
(-0.2438889718 0 0.2073315486)
(-0.2880655395 0 0.3047961687)
(-0.3063352869 0 0.3871677814)
(-0.2958117532 0 0.4255898088)
(-0.2666757578 0 0.4237871793)
(-0.2027581006 0 1.093557271)
(-0.186986328 0 0.4232148567)
(-0.1739798405 0 0.343151838)
(-0.1594325624 0 0.3328357133)
(-0.1478236672 0 0.3281817636)
(-0.1079632224 0 -0.1611959198)
(-0.0755668711 0 -0.1732035699)
(-0.09648094234 0 -0.2063592618)
(-0.1319312625 0 -0.2716563711)
(-0.1990640558 0 -0.374041248)
(-0.283744375 0 -0.5572050963)
(-0.3233003031 0 -0.6561366138)
(-0.3650048497 0 -0.4237007002)
(-0.4459170213 0 -0.2579249546)
(-0.420266021 0 -0.2539485656)
(-0.3244166514 0 -0.263973649)
(-0.2468005715 0 -0.2714336775)
(-0.4007290584 0 -0.3036398562)
(-0.4754564117 0 -0.267892492)
(-0.5465389417 0 0.1700661769)
(-0.4741316925 0 0.2253688342)
(-0.3035451188 0 0.1861179953)
(-0.2562379346 0 0.1804825757)
(-0.3488537388 0 0.3325678844)
(-0.3929223513 0 0.5050241615)
(-0.3463224771 0 0.5627927546)
(-0.3183539683 0 0.564779676)
(-0.2805936304 0 0.525621942)
(-0.2352607081 0 0.472072383)
(-0.192024673 0 0.4139802314)
(-0.1599688272 0 0.3742310663)
(-0.1380268377 0 0.3524198453)
(-0.1193845379 0 0.3363544638)
(-0.07855659478 0 0.3284097335)
(-0.07187821511 0 -0.2139850804)
(-0.04952378361 0 -0.202252385)
(-0.05879325702 0 -0.2236353044)
(-0.08093465254 0 -0.2842850008)
(-0.1153371667 0 -0.3635327874)
(-0.1733757845 0 -0.4510604035)
(-0.3017100025 0 -0.6229310109)
(-0.359818698 0 -0.6179405499)
(-0.392803089 0 -0.3057915123)
(-0.4079790056 0 -0.271209135)
(-0.3133737564 0 -0.2691416576)
(-0.4046990392 0 -0.4454179788)
(-2.344711738 0 -1.020835606)
(-0.5559371003 0 -0.294674146)
(-0.1886904264 0 0.1749780131)
(-0.3203506856 0 0.3250674354)
(-0.2740198161 0 0.1572620756)
(-0.4717870128 0 0.3397802741)
(-0.6214999364 0 0.8156491882)
(-0.3649928691 0 0.6785929913)
(-0.38131534 0 0.7733970844)
(-0.3737791215 0 0.7941606666)
(-0.3010711769 0 0.674403997)
(-0.2194621625 0 0.5334071053)
(-0.1723925047 0 0.4763137008)
(-0.1253583665 0 0.4180467293)
(-0.09459216839 0 0.3782687034)
(-0.07940141738 0 0.3497151994)
(-0.04677237536 0 0.3213162769)
(-0.1267921411 0 -0.2273858908)
(-0.0596221366 0 -0.253410778)
(-0.0139591687 0 -0.3084566944)
(-0.02671451814 0 -0.367063037)
(-0.04161338678 0 -0.4537164102)
(-0.05885008707 0 -0.5495179415)
(-0.08196572317 0 -0.6589787938)
(-0.1192474706 0 -0.7494046673)
(-0.2184830531 0 -0.5812004078)
(-0.2925551937 0 -0.3517090605)
(-0.4639443578 0 -0.3320047127)
(-0.4827684846 0 -0.5235911118)
(-1.621607376 0 -3.506534119)
(-3.14059966 0 -2.405769408)
(-0.6069083058 0 0.3251483125)
(-0.4079543154 0 -0.002132255398)
(-0.2714310966 0 0.4275082657)
(-0.4756061867 0 -0.4644799179)
(-0.7753475572 0 1.454098739)
(-0.6027681055 0 1.169809718)
(-0.3073249528 0 0.7838413212)
(-0.3316793862 0 0.8487567768)
(-0.3364152606 0 0.8845093961)
(-0.2915069415 0 0.806317335)
(-0.1672492581 0 0.6028211841)
(-0.1039683785 0 0.5344380457)
(-0.07805381352 0 0.4228719975)
(-0.06069573116 0 0.3339296527)
(-0.05271197835 0 0.2889165242)
(-0.04900636427 0 0.2639748497)
(-0.118750798 0 -0.2223045368)
(-0.06608857267 0 -0.2330304333)
(-0.01086726146 0 -0.2829152467)
(0.01976278266 0 -0.3672168553)
(0.0424234794 0 -0.4559821662)
(0.06703254921 0 -0.5388293601)
(0.09460009307 0 -0.6149951375)
(0.1302997037 0 -0.6347395024)
(0.1128056839 0 -0.3301347016)
(-0.1669448537 0 -0.3373690972)
(-0.524827018 0 -0.4508197765)
(-0.7895851709 0 -0.5271780388)
(-0.4264998227 0 0.1199196601)
(0.266982967 0 -0.3332549329)
(0.3356454903 0 -0.1933769457)
(0.1851001527 0 0.3347458696)
(0.007867883291 0 0.4401025285)
(0.0188880707 0 0.3694349708)
(-0.1957056055 0 0.6647169639)
(0.9617302612 0 1.086680792)
(1.061883959 0 2.292256024)
(0.5107770249 0 1.711573267)
(0.4072411801 0 1.592742758)
(0.4188657624 0 1.594025445)
(0.4740898535 0 1.580112726)
(0.17996398 0 0.7000868961)
(0.02486514188 0 0.2659449551)
(-0.001742170908 0 0.2228111682)
(-0.02030251412 0 0.1995180325)
(-0.03045321234 0 0.1812908609)
(-0.1112936814 0 -0.2170582937)
(-0.03536658251 0 -0.2240643422)
(0.02229383972 0 -0.2244689084)
(0.04495510701 0 -0.2438627556)
(0.06104481838 0 -0.2795720058)
(0.08689443066 0 -0.329495154)
(0.1182699039 0 -0.3645512991)
(0.1566052879 0 -0.3610174086)
(0.1347473684 0 -0.2714177867)
(-0.09037539419 0 -0.3412390676)
(-0.5593234553 0 -0.568476629)
(-1.068378153 0 -0.7860804777)
(0.1933470834 0 -0.2020870605)
(0.2962759149 0 -0.2025596195)
(1.202176428 0 -0.413950504)
(1.691725918 0 0.3629839888)
(1.425285062 0 0.6350754401)
(1.121696021 0 0.8833436213)
(0.6929165771 0 0.8467522504)
(0.449958801 0 0.8784606692)
(2.048077381 0 2.287351636)
(1.420190172 0 2.163934513)
(1.046309685 0 1.964908339)
(0.9456627967 0 2.01339559)
(0.9349936278 0 2.129491566)
(0.7065110455 0 1.677394374)
(0.1606278809 0 0.494647154)
(0.0510241734 0 0.2582931197)
(0.02765088003 0 0.2332222551)
(-0.009328884142 0 0.2333832755)
(-0.0999387268 0 -0.2610850037)
(-0.07241364533 0 -0.2649024583)
(-0.04844673224 0 -0.2588084319)
(-0.01430086452 0 -0.2453073882)
(0.05796736648 0 -0.3417288601)
(0.1130843748 0 -0.4856842452)
(0.1566402128 0 -0.6900087162)
(0.1918010356 0 -0.8633880424)
(0.2388483946 0 -1.056597138)
(0.3431207687 0 -1.534641005)
(0.5738684069 0 -2.208982691)
(1.178654407 0 -1.691786462)
(1.411023655 0 -1.701960599)
(1.298079511 0 -1.351023193)
(1.277161087 0 -0.3023580712)
(1.411859951 0 0.2972497919)
(1.254856498 0 0.4282834327)
(1.010599249 0 0.6898680991)
(0.8355609562 0 0.7431502146)
(0.6703641371 0 0.7682676781)
(1.540936315 0 1.457013305)
(1.49990149 0 1.710546011)
(1.381491329 0 1.898101032)
(1.379490145 0 2.197036381)
(1.254223105 0 2.562725566)
(1.276562661 0 3.886703273)
(1.446569946 0 4.783200388)
(1.08623355 0 3.776635762)
(0.2859251191 0 1.055678413)
(0.1094973839 0 0.498233546)
(-0.04294527291 0 -0.2917448344)
(0.003161896824 0 -0.3505750737)
(0.04789976484 0 -0.4610341654)
(0.06411986214 0 -0.5511576185)
(0.09579338329 0 -0.5993041649)
(0.1373056468 0 -0.5970026805)
(0.1870608 0 -0.6683800613)
(0.2887519773 0 -0.8944771273)
(0.4478402119 0 -1.179861422)
(0.7000391238 0 -1.455474814)
(1.068571233 0 -1.468809235)
(1.533992153 0 -1.493583582)
(1.820828073 0 -1.762117962)
(1.861950788 0 -1.533516654)
(0.7016730916 0 -0.1687717862)
(1.394946083 0 0.2890252842)
(1.251803661 0 0.3814144592)
(1.037390156 0 0.6058420052)
(0.9289653193 0 0.743572424)
(0.851867033 0 0.8026559716)
(1.137109385 0 1.083278573)
(1.440041613 0 1.497694044)
(1.553941296 0 1.855080434)
(1.456597755 0 2.005291087)
(1.72071809 0 2.468286586)
(2.1226462 0 3.832158403)
(1.608775568 0 3.599540169)
(0.5523386633 0 1.512429772)
(0.2402221649 0 0.7007866183)
(0.1278761031 0 0.3940805377)
(0.01334090493 0 -0.4827529769)
(0.07409671783 0 -0.5909993454)
(0.04686322163 0 -0.6512939275)
(-0.07469600883 0 -0.6357401985)
(-0.1857511931 0 -0.7113957201)
(-0.2677780894 0 -0.8733464881)
(-0.004278630766 0 -0.9370450987)
(0.5143661443 0 -0.8762597356)
(0.7321428721 0 -0.9488957295)
(0.9400068552 0 -0.8685485425)
(1.047949473 0 -0.7885138821)
(1.61970174 0 -1.29270566)
(1.959343305 0 -1.375332032)
(0.5463310593 0 -0.1210351979)
(1.521114556 0 0.313230757)
(1.3742818 0 0.4096477208)
(1.142936325 0 0.6207895402)
(1.073800756 0 0.8149966888)
(1.041198319 0 0.9057058418)
(1.038375667 0 0.979595719)
(1.17118995 0 1.209800591)
(1.196930455 0 1.378183844)
(0.9747607321 0 1.274669544)
(1.383970466 0 1.815320737)
(1.266498426 0 2.051762377)
(0.4221401758 0 0.9219770833)
(0.2195321734 0 0.5331507864)
(0.1534474473 0 0.3610755837)
(0.1323738583 0 0.3181812209)
(0.2165168014 0 -0.7697057545)
(0.2523035727 0 -0.8584119703)
(0.2973701811 0 -0.9768268388)
(0.4049478793 0 -1.195626151)
(0.5791091326 0 -1.352420145)
(0.802055726 0 -1.381918521)
(0.9825067804 0 -1.564503468)
(1.466803973 0 -2.384422003)
(2.229927008 0 -3.208689235)
(2.187317863 0 -1.665079278)
(0.4488855581 0 -0.2947252501)
(0.6811841725 0 -0.3946009932)
(1.233782858 0 -0.7305004419)
(0.5292485323 0 -0.1259447479)
(1.616325008 0 0.3308615164)
(1.439139294 0 0.44904992)
(1.206125015 0 0.6681219484)
(1.177585416 0 0.8756044329)
(1.132301923 0 0.9314502779)
(0.9294438866 0 0.815303009)
(0.6493037157 0 0.6426285817)
(0.4259743701 0 0.4900449696)
(0.2602134207 0 0.3256347057)
(0.252554026 0 0.3399659878)
(0.2181360103 0 0.3342713255)
(0.1911864939 0 0.3268978494)
(0.1740982099 0 0.3245974902)
(0.1641099966 0 0.3280160419)
(0.1571280377 0 0.3339596517)
(0.3283493731 0 -0.8320538673)
(0.3591274167 0 -0.8424957889)
(0.4328012682 0 -0.8826363997)
(0.5507908743 0 -0.9360735772)
(0.6943944593 0 -1.021454693)
(0.8552656209 0 -1.190240578)
(1.253517187 0 -1.414549357)
(2.271232214 0 -1.703527256)
(2.649261072 0 -1.769935806)
(1.472127014 0 -0.3411922438)
(0.3731493628 0 -0.2675670025)
(0.3700836983 0 -0.2029054638)
(0.440550725 0 -0.1953018134)
(0.5216702877 0 -0.1340767092)
(1.550407007 0 0.3087103627)
(1.296802333 0 0.4387846217)
(1.132483972 0 0.6572764343)
(1.151463526 0 0.8235439018)
(1.062814911 0 0.8157275296)
(0.7284441604 0 0.5738704858)
(0.3415644321 0 0.3204937085)
(0.2727373893 0 0.3297367388)
(0.2531071411 0 0.3408920385)
(0.2441914484 0 0.342782902)
(0.2307186766 0 0.3390173724)
(0.2124027799 0 0.3332891894)
(0.1963611381 0 0.3321719448)
(0.1874381795 0 0.3413476797)
(0.477457082 0 -0.8233265615)
(0.5328164646 0 -0.8006741476)
(0.6035869167 0 -0.8119671865)
(0.6863526203 0 -0.8600615148)
(0.9088178371 0 -0.9441240203)
(1.461001781 0 -1.110092683)
(1.876968783 0 -1.244452571)
(2.112455433 0 -1.286022391)
(0.9543951359 0 -0.4935290937)
(0.3562582588 0 -0.2785857892)
(0.3614916082 0 -0.2424149601)
(0.3998005151 0 -0.182524178)
(0.5810686357 0 -0.1302222865)
(1.232806729 0 0.2132228953)
(0.9698586065 0 0.3077608605)
(0.9604877076 0 0.4965829517)
(0.9663808605 0 0.6126663779)
(0.8017312363 0 0.5394653171)
(0.4816388904 0 0.3259035203)
(0.3648107549 0 0.3264792174)
(0.2875417541 0 0.353893792)
(0.2567316074 0 0.3737642268)
(0.252795907 0 0.3861481628)
(0.2502420238 0 0.3932714166)
(0.2425021395 0 0.3957365611)
(0.2316540345 0 0.394652764)
(0.2210642667 0 0.3958257918)
(0.6193621536 0 -0.8644418629)
(0.6885393917 0 -0.8496899661)
(0.7014853079 0 -0.8117534642)
(0.7654306982 0 -0.811345631)
(1.164553958 0 -0.9471217597)
(1.55324465 0 -1.063725115)
(1.694059743 0 -1.065407388)
(1.816652766 0 -1.059478204)
(1.049728392 0 -0.5086864612)
(0.3782366324 0 -0.2901595028)
(0.4466941479 0 -0.2914800738)
(0.4968971035 0 -0.2424666628)
(0.6822639756 0 -0.1236305399)
(0.9166125189 0 0.1053899821)
(0.8699797585 0 0.1770312703)
(0.7988635023 0 0.2753925228)
(0.678890199 0 0.3215150548)
(0.5614487312 0 0.2953095672)
(0.4966924079 0 0.3114546368)
(0.4022633468 0 0.3415790068)
(0.3019355417 0 0.375641598)
(0.2554609713 0 0.3935706417)
(0.2491162639 0 0.4057083186)
(0.2540722854 0 0.4222258576)
(0.2597072217 0 0.4407066309)
(0.2625019725 0 0.4567435381)
(0.5910951373 0 -0.7616300139)
(0.6859707187 0 -0.7606481247)
(0.8997917334 0 -0.8546228641)
(1.340684565 0 -0.9934877888)
(1.748110495 0 -1.141154874)
(1.75025504 0 -1.063869955)
(1.591042874 0 -0.9051896084)
(0.6720091835 0 -0.5139043964)
(0.4473701253 0 -0.6238270095)
(0.5414196023 0 -0.7337627739)
(0.699062081 0 -0.6407217837)
(0.8826816076 0 -0.2189808783)
(0.9201240316 0 0.07675383496)
(0.9499506596 0 0.1539917886)
(0.7552065503 0 0.1934839289)
(0.5956300412 0 0.2390355784)
(0.5788287131 0 0.2910007101)
(0.534961791 0 0.3232511699)
(0.4322559345 0 0.3506944534)
(0.3394731025 0 0.3948720448)
(0.2891541896 0 0.4145028726)
(0.2642587691 0 0.4190980088)
(0.2610151047 0 0.4343358965)
(0.271686355 0 0.4642761068)
(0.2830520584 0 0.4989697276)
(-1.072662562 0 -0.1124425695)
(-1.103240401 0 0.6176220905)
(0.7225303245 0 -0.6553125869)
(1.161021054 0 -0.869069347)
(1.728329096 0 -1.105080139)
(1.757648244 0 -1.050439636)
(1.289480776 0 -0.7945319449)
(0.5640601312 0 -0.6892264513)
(0.5347532117 0 -0.7289549815)
(0.5870355743 0 -0.6765059201)
(0.6885598331 0 -0.5117178501)
(0.8156425315 0 -0.2148282678)
(1.004012839 0 0.04185442442)
(0.9818327926 0 0.1379030261)
(0.6901243925 0 0.1283000017)
(0.5801449352 0 0.2379983114)
(0.5820016526 0 0.2986055629)
(0.5308717196 0 0.3245225688)
(0.434848905 0 0.3485095066)
(0.3748591247 0 0.3908509198)
(0.3341895154 0 0.413821046)
(0.3035197892 0 0.4261775816)
(0.2873129238 0 0.4396442297)
(0.2890696565 0 0.4773119396)
(0.05064415314 0 0.4205352951)
(0.484625911 0 -0.4835591803)
(0.8941735322 0 -0.6663145194)
(1.345346445 0 -0.8744910432)
(1.426681497 0 -0.8670946163)
(0.9468007412 0 -0.7013741317)
(0.6334226669 0 -0.7514615234)
(0.6198870036 0 -0.7561593841)
(0.637405406 0 -0.6572150835)
(0.6934018411 0 -0.4891318156)
(0.8041819298 0 -0.2615975292)
(1.006212565 0 -0.03550344825)
(0.8450810945 0 0.06213138878)
(0.4530770043 0 -0.1386615433)
(0.6533151814 0 0.2694842144)
(0.5621793046 0 0.3021459175)
(0.49892659 0 0.3480806309)
(0.4554171572 0 0.3715894379)
(0.4169385935 0 0.3963728448)
(0.3673977177 0 0.4019757899)
(1.676007816 0 1.777254015)
(1.396204927 0 2.062874097)
(1.386717821 0 -1.353724843)
(0.7310444932 0 -0.589116577)
(1.025952434 0 -0.7264820166)
(0.9753945681 0 -0.6452943071)
(0.7955254024 0 -0.6098813141)
(0.6894743936 0 -0.6530027602)
(0.6150769447 0 -0.6467636496)
(0.6125258054 0 -0.5852466817)
(0.633206085 0 -0.4664754381)
(0.6690693637 0 -0.3031701746)
(0.7463562629 0 -0.1174680997)
(0.4955684836 0 -0.06880062549)
(0.2940451264 0 0.04789805749)
(0.7553992236 0 0.2700151905)
(0.7375725342 0 0.3368059921)
(1.051321457 0 0.8021847069)
(1.013304636 0 0.9215601149)
(0.7669058906 0 0.7486659151)
(0.482760487 0 0.486840257)
(2.297621631 0 1.693920403)
(0.8777943863 0 -0.680973974)
(0.7868933444 0 -0.5859735617)
(0.8125464824 0 -0.562241549)
(0.8386548236 0 -0.5159892288)
(0.6498177085 0 -0.4130809116)
(0.4298086096 0 -0.3058366344)
(0.4712773761 0 -0.265490195)
(0.4734892223 0 -0.1923472096)
(0.4154876847 0 -0.1098503482)
(0.3180478319 0 -0.05913016029)
(0.2638595559 0 0.05767730658)
(0.6911795679 0 0.2149597636)
(0.6913321826 0 0.3077728719)
(1.346510148 0 0.9236419628)
(1.145571073 0 0.924444719)
(0.8855502781 0 0.7878837532)
(0.5757494316 0 0.5400365911)
(0.7275251423 0 -0.5462235425)
(0.8339782889 0 -0.5130471219)
(0.8971297146 0 -0.4538811373)
(0.8162230554 0 -0.347455672)
(0.2989995755 0 -0.1128031107)
(0.3574862014 0 -0.1040350339)
(0.4025863166 0 -0.09594898613)
(0.4175352954 0 -0.003745660065)
(0.3140651452 0 -0.01539313184)
(0.2469154638 0 0.0527353663)
(0.5382816683 0 0.1560505937)
(0.6444121266 0 0.250964322)
(1.372960316 0 0.8683135471)
(1.163344292 0 0.8541186895)
(0.5502051574 0 -0.2313307916)
(0.2727217058 0 -0.09784454016)
(0.3232076114 0 -0.08999958739)
(0.3752829836 0 -0.08480281498)
(0.4946065056 0 0.0628282495)
(0.3017678681 0 0.02083667571)
(0.2390614991 0 0.04552646274)
(0.4095397713 0 0.1165594741)
(0.51641338 0 0.18471924)
(-1.122874148 0 -0.4847982808)
(-1.217808351 0 -0.4811758005)
(-0.8226984576 0 -0.2778650374)
(-1.034382423 0 -0.3358635513)
(-1.017442807 0 -0.2731443427)
(-0.9258877243 0 -0.2394184963)
(-0.7958707509 0 -0.1741120932)
(-0.1850019936 0 -0.02407474428)
(-0.1654537341 0 -0.02787533082)
(-0.1280860897 0 0.004077682925)
(-0.11971642 0 0.02722063484)
(-0.1154049643 0 0.03198961775)
(-0.1385957837 0 0.006002155416)
(-0.169713721 0 0.02386342144)
(-0.1421632683 0 0.01709421676)
(-0.1937050701 0 0.03679110157)
(-0.2096242383 0 0.05838727057)
(-0.1865239192 0 0.046001743)
(-0.2113974467 0 0.06504250344)
(-0.2098235344 0 0.07759032134)
(-0.2009329929 0 0.07969904114)
(-0.2533849192 0 0.09597211689)
(-0.3196163589 0 0.1256691547)
(-0.1972500049 0 -0.1325014224)
(-0.2674622418 0 -0.1542596861)
(-0.5262216271 0 -0.2761153285)
(-0.9110012587 0 -0.4627065359)
(-0.8918901254 0 -0.4384070846)
(-1.164592373 0 -0.5618786697)
(-1.310542797 0 -0.5891674655)
(-1.144900327 0 -0.5020154526)
(-0.3479767776 0 0.1454584584)
(-0.4087982607 0 0.1805195663)
(-0.393644724 0 0.1710911691)
(-0.4413825853 0 0.211757095)
(-0.4496795832 0 0.2359072788)
(-0.4376704868 0 0.2208064144)
(-0.4483905744 0 0.2570754752)
(-0.4339987676 0 0.2730296617)
(-0.2547337649 0 -0.2094980195)
(-0.2518301004 0 -0.201184396)
(-0.2743742029 0 -0.2064725569)
(-0.1978419188 0 -0.1530194829)
(-0.4077566621 0 0.3145947191)
(-0.3789642433 0 0.3089730471)
(-0.3908427693 0 0.3026583706)
(-0.3631828015 0 0.3081479639)
(-0.4319289446 0 -0.3570218171)
(-0.3967676458 0 -0.3230571363)
(-0.3584175135 0 -0.2922997621)
(-0.387464361 0 -0.3074302453)
(-0.4052966983 0 -0.312137513)
(-0.3138995776 0 -0.2517705785)
(-0.3253024656 0 0.311234588)
(-0.3120792077 0 0.2968867792)
(-0.3376078714 0 0.3015929143)
(-0.30632061 0 0.2792232631)
(-0.2966751399 0 0.258968926)
(-0.5477605517 0 -0.4661827742)
(-0.5231945496 0 -0.4340109249)
(-0.5003642326 0 -0.4173865788)
(-0.2266173941 0 0.2276530345)
(-0.2117581248 0 0.2255511191)
(-0.5570159736 0 -0.5292275163)
(-0.5564483703 0 -0.5056955727)
(-0.5658741097 0 -0.5014815574)
(-0.2214961916 0 0.291183796)
(-0.2222353003 0 0.3013858989)
(-0.5159646321 0 -0.566665594)
(-0.5314040642 0 -0.5546849638)
(-0.5523193775 0 -0.5421382429)
(-0.5474326824 0 -0.512797916)
(-0.2271957811 0 0.3210138215)
(-0.2251670752 0 0.3279508997)
(-0.2259477864 0 0.3187337996)
(-0.223336405 0 0.3319676309)
(-0.4444668847 0 -0.5878212635)
(-0.4840843695 0 -0.6077972487)
(-0.4956838585 0 -0.5819324993)
(-0.2091363157 0 0.3310176227)
(-0.2058075392 0 0.3349266616)
(-0.2148798788 0 0.3359652264)
(-0.3414708307 0 -0.5296864696)
(-0.3831831562 0 -0.5587148903)
(-0.1807107107 0 0.3297686386)
(-0.2111683462 0 -0.293047273)
(-0.2421388939 0 -0.4144907092)
(-0.2976253881 0 -0.4832668962)
(-0.1587805003 0 0.3267932634)
(-0.1543053888 0 0.326498826)
(-0.1655114601 0 0.3270864006)
(-0.1381678383 0 -0.1421255052)
(-0.1143465045 0 -0.1305152226)
(-0.1174145221 0 -0.2069333879)
(-0.1826527864 0 -0.3165892736)
(-0.1355554117 0 0.3317715741)
(-0.1240780643 0 0.3278776935)
(-0.1427036598 0 0.3265047102)
(-0.1127915695 0 0.3272783085)
(-0.1240961982 0 -0.1986245791)
(-0.134306299 0 -0.1726258418)
(-0.03652848419 0 0.3223776191)
(-0.1251441746 0 -0.2227149413)
(-0.1013037781 0 -0.2211748533)
(-0.1094911338 0 -0.2192002902)
(-0.04959133362 0 0.3099034643)
(-0.04605697397 0 0.2995573536)
(-0.1279947555 0 -0.2249860798)
(-0.1091159524 0 -0.2289669793)
(-0.1028449934 0 -0.2334081447)
(-0.04068910606 0 0.1724284642)
(-0.0413504672 0 0.1734378326)
(-0.04747756777 0 0.2542409921)
(-0.108650987 0 -0.2200567342)
(-0.07806317743 0 -0.2281412857)
(-0.09741901083 0 -0.2281641578)
(-0.0115591357 0 0.193590777)
(-0.02629247028 0 0.2001826395)
(-0.03537882024 0 0.1798392408)
(-0.1108662482 0 -0.2308004622)
(-0.07938699245 0 -0.2347883742)
(-0.07211658009 0 -0.22624119)
(0.03554459682 0 0.3466544333)
(-0.006156253505 0 0.3418450649)
(-0.03047485222 0 0.2620098101)
(-0.06486351764 0 -0.2984567461)
(-0.05629455445 0 -0.3131873388)
(-0.08567390569 0 -0.2641218692)
(0.1485197027 0 0.5092855951)
(0.106373393 0 0.4640006179)
(0.0225808519 0 0.4573707786)
(-0.07484682373 0 -0.3034961741)
(-0.03373865907 0 -0.306015444)
(0.1209348551 0 0.3215951509)
(0.1052229777 0 0.3713466417)
(0.1395769239 0 -0.62147001)
(-0.03388668486 0 -0.4370309697)
(0.1447851265 0 0.325901021)
(0.2024632516 0 -0.7408840877)
(0.2818707228 0 -0.819819089)
(0.2881340345 0 -0.8340169623)
(0.2370005492 0 -0.8151419898)
(0.1759448714 0 0.3331698043)
(0.1742805546 0 0.3423516564)
(0.1606043086 0 0.3333373644)
(0.3815121856 0 -0.8359112836)
(0.3959730348 0 -0.8327175739)
(0.3389950581 0 -0.8335219077)
(0.2025158731 0 0.3621047506)
(0.1987832329 0 0.3620301275)
(0.1848295348 0 0.3486691205)
(0.5275960057 0 -0.8445930953)
(0.4606662779 0 -0.839144966)
(0.2408060458 0 0.4294177292)
(0.6287373145 0 -0.8226478953)
(0.6441902795 0 -0.8300938386)
(0.6604262419 0 -0.8651400037)
(0.2739971504 0 0.4830194436)
(0.2737559526 0 0.4857465076)
(0.26241743 0 0.4657710745)
(0.527729996 0 -0.7873698194)
(0.3936398881 0 -0.667967445)
(0.5353296686 0 -0.7459554297)
(0.6167551894 0 -0.7072306267)
(0.2783027501 0 0.4701065039)
(0.2868330529 0 0.4950130633)
(0.2799728658 0 0.4883601763)
(-1.631099963 0 -0.1511168823)
(-1.574381321 0 -0.1358329738)
(0.2993271377 0 0.4747787759)
(0.2922243256 0 0.4927334166)
(-0.0895076423 0 -0.1866686738)
(0.2164579197 0 -0.1545316663)
(1.831864345 0 2.2162416)
(1.141747983 0 1.740438241)
(0.6982185745 0 -0.6070083711)
(-0.636420628 0 1.187785487)
(0.7611649218 0 -0.5947830036)
(0.8784845182 0 -0.664632928)
(0.9595997515 0 -0.6584688836)
(0.5278239185 0 0.5108446253)
(0.4876625525 0 0.479487863)
(0.497787363 0 0.4674715858)
(2.170369709 0 1.559422758)
(2.245680711 0 2.027330596)
(0.8412782397 0 -0.6732469294)
(0.8244666575 0 -0.6562994426)
(0.7724735359 0 -0.6056161097)
(0.8430219926 0 -0.6315972899)
(0.9039523208 0 0.7680636534)
(0.7616625458 0 0.6731245452)
(0.712570292 0 0.6505037783)
(0.7743465325 0 -0.5297093542)
(0.8284828904 0 -0.4883324233)
(0.8481344082 0 -0.4555443936)
(0.8819130662 0 -0.4910056359)
(0.8358579342 0 -0.4132815422)
(0.7869607516 0 -0.3577947918)
(0.8859842378 0 -0.4096296718)
(0.5716418359 0 0.2132006735)
(1.21449768 0 0.6683468126)
(1.419758086 0 0.8112464801)
(1.306757885 0 0.8000351149)
(1.258840225 0 0.8374569192)
(1.257642292 0 0.8618784637)
(1.060870333 0 0.8288007484)
(0.7195558318 0 -0.324534286)
(0.26761057 0 -0.1084609883)
(0.291922007 0 -0.08917051397)
(0.2942561358 0 -0.09125339934)
(0.3110211213 0 -0.08550416102)
(0.330467456 0 -0.08266379694)
(0.3476295551 0 -0.08822794893)
(0.354531289 0 -0.07883863453)
(0.3791434751 0 -0.06667352902)
(0.4111014133 0 -0.07517413356)
(0.5149973885 0 0.06388580046)
(0.3488780483 0 0.03712344721)
(0.3478090978 0 0.009520389721)
(0.2997572355 0 0.03555211479)
(0.2707718053 0 0.04712428274)
(0.2708054828 0 0.04430629538)
(0.243745526 0 0.04814569603)
(0.3466150738 0 0.08436307815)
(0.4563058982 0 0.1452976763)
(-1.445909561 0 -0.5812928872)
(-1.167377506 0 -0.2168318811)
(-0.9378514588 0 -0.2592906456)
(-1.293053038 0 -0.4702810853)
(-1.398824495 0 -0.4150581444)
(-1.20577773 0 -0.3391656359)
(-1.174946515 0 -0.2744222489)
(-0.236466955 0 -0.009807632952)
(-0.2072283981 0 -0.01970758169)
(-0.1460497699 0 -0.002089105536)
(-0.1502791174 0 0.01465233466)
(-0.1324401376 0 0.01985134691)
(-0.1798762885 0 0.0229166474)
(-0.2103729073 0 0.04730418534)
(-0.194327134 0 0.03656077295)
(-0.2293304837 0 0.06084965263)
(-0.2440355316 0 0.07712988019)
(-0.2260205044 0 0.06795790214)
(-0.2498819094 0 0.0844311436)
(-0.2458170404 0 0.09699058051)
(-0.2290806326 0 0.0863747286)
(-0.225928361 0 0.1023335808)
(-0.2698767499 0 0.1159715231)
(-0.2601942253 0 0.1065957542)
(-0.2908509877 0 -0.2087664098)
(-0.2919334275 0 -0.2006642194)
(-0.2165596459 0 -0.1448165879)
(-0.2651115435 0 -0.1750813671)
(-0.2309764711 0 -0.1455316818)
(-0.8149559894 0 -0.4366033656)
(-0.3007163828 0 -0.1769296777)
(-0.4891858541 0 -0.2844369184)
(-1.378400828 0 -0.6483609684)
(-0.6629270205 0 -0.5827325025)
(-1.225122011 0 -0.6046553819)
(-1.39533952 0 -0.2075089267)
(-1.574234453 0 -0.6718554732)
(-1.793677364 0 -0.615314649)
(-1.601771475 0 -0.5068727384)
(-1.579103035 0 -0.3861959401)
(-0.4479461378 0 0.03070774831)
(-0.3015680947 0 0.006225108861)
(-0.185818624 0 -0.01206473682)
(-0.1899696569 0 0.01997267251)
(-0.1689645358 0 0.01536537391)
(-0.2108240824 0 0.04184598442)
(-0.2298584524 0 0.05806476958)
(-0.2210286959 0 0.05385835885)
(-0.2616440278 0 0.07732471131)
(-0.3017840137 0 0.1040273254)
(-0.2667965046 0 0.08746786034)
(-0.3296770268 0 0.1226809737)
(-0.335657239 0 0.1445530788)
(-0.280802307 0 0.1152914811)
(-0.3175090785 0 0.1519826797)
(-0.3475818295 0 0.1623173)
(-0.2968080862 0 0.1299702455)
(-0.4122221231 0 0.1883049775)
(-0.4675548376 0 0.2256060383)
(-0.4408856083 0 0.2013925572)
(-0.4922419896 0 0.2615779282)
(-0.4910123724 0 0.2895088099)
(-0.4747229319 0 0.2631080936)
(-0.4735397709 0 0.3082468373)
(-0.4433103384 0 0.3160984509)
(-0.4336245496 0 0.2873910934)
(-0.4567117829 0 -0.3351338447)
(-0.5112286257 0 -0.3549933588)
(-0.3993200551 0 -0.285927057)
(-0.5467639463 0 -0.360336528)
(-0.5557209334 0 -0.3506266378)
(-0.4422729944 0 -0.2887782151)
(-0.5340871874 0 -0.3267954263)
(-0.478177861 0 -0.2888523788)
(-0.3537663183 0 -0.2218768163)
(-0.3902462423 0 -0.2404707443)
(-0.3680379512 0 -0.238466066)
(-0.4297456625 0 -0.2604155977)
(-0.7015750962 0 -0.451789853)
(-1.25292554 0 -0.7730498161)
(-1.254774315 0 -0.6867695058)
(-1.698255325 0 -0.9327417331)
(-1.953084004 0 -0.8617405454)
(-1.931869479 0 -0.7368440717)
(-1.986190097 0 -0.5442878405)
(-0.9797455774 0 0.09706551592)
(-0.6872703333 0 0.06273357855)
(-0.2746018482 0 -0.02378787504)
(-0.2523269576 0 0.03585516591)
(-0.2174196082 0 0.02682212116)
(-0.2478563127 0 0.05455777646)
(-0.2584404113 0 0.07048647072)
(-0.2404436901 0 0.06233596994)
(-0.3263159287 0 0.1131419698)
(-0.3810081717 0 0.1514622685)
(-0.343898869 0 0.1272938402)
(-0.4176803356 0 0.1782965229)
(-0.4332261461 0 0.2017227064)
(-0.3917422004 0 0.1755848096)
(-0.435311789 0 0.2220763093)
(-0.4432431138 0 0.2380729998)
(-0.4032058406 0 0.2042994344)
(-0.4541730024 0 0.2478187939)
(-0.4734460247 0 0.2662084288)
(-0.4778386953 0 0.2479474532)
(-0.4957675874 0 0.3039349588)
(-0.4957508842 0 0.3409448586)
(-0.4988816282 0 0.3165937459)
(-0.468517477 0 0.3589669931)
(-0.4277231131 0 0.3591548715)
(-0.4397125844 0 0.3389181136)
(-0.3850118694 0 0.3466095662)
(-0.3486056336 0 0.327912359)
(-0.3665301407 0 0.3203810817)
(-0.4939076105 0 -0.3983724017)
(-0.4780930592 0 -0.3765888927)
(-0.4428385112 0 -0.3548999654)
(-0.4910375172 0 -0.3764362579)
(-0.5336876766 0 -0.3936526211)
(-0.4813597415 0 -0.3626743456)
(-0.5887128925 0 -0.4115259938)
(-0.6377151259 0 -0.4185130452)
(-0.590667136 0 -0.3993938453)
(-0.6694722492 0 -0.4127226417)
(-0.678131998 0 -0.396411934)
(-0.6325287895 0 -0.3863542447)
(-0.6609742599 0 -0.372219761)
(-0.6158734926 0 -0.3422012727)
(-0.5629099049 0 -0.3284113387)
(-0.5406734047 0 -0.3062261834)
(-0.4335374343 0 -0.2587398193)
(-0.3776551227 0 -0.2387901588)
(-0.2891954531 0 -0.1767670638)
(-0.3135396573 0 -0.12927544)
(-1.105767542 0 -0.771907025)
(-0.3213072199 0 -0.07888167281)
(-0.3267735923 0 -0.1107810526)
(-1.724449513 0 -0.9238951276)
(-0.6579756158 0 -0.4185655427)
(-0.3175267909 0 -0.03196477101)
(-1.199646666 0 0.1164090336)
(-0.3402097543 0 -0.05100429265)
(-0.3315400257 0 0.05923333481)
(-0.291922048 0 0.04702379321)
(-0.2883450901 0 0.06776530145)
(-0.3399278195 0 0.1108983607)
(-0.2919829054 0 0.08729858415)
(-0.3907155562 0 0.1511920793)
(-0.4212291918 0 0.1821519714)
(-0.4065648308 0 0.1704166357)
(-0.4437545566 0 0.2082659575)
(-0.458804743 0 0.2318862515)
(-0.455472968 0 0.2209772084)
(-0.4650159719 0 0.2529207358)
(-0.4651860731 0 0.2693325405)
(-0.4631563326 0 0.2588453379)
(-0.4576475316 0 0.2788167398)
(-0.4460366503 0 0.2873986449)
(-0.4621166342 0 0.2797613722)
(-0.4427581375 0 0.3142578792)
(-0.44352074 0 0.360006251)
(-0.4772435789 0 0.3570571767)
(-0.4238560924 0 0.3885232125)
(-0.3818711982 0 0.382812651)
(-0.4091392904 0 0.3756150962)
(-0.3355932242 0 0.355945828)
(-0.2988354597 0 0.325061863)
(-0.3251866108 0 0.3301329733)
(-0.2757357885 0 0.3001777719)
(-0.262004741 0 0.2811577271)
(-0.2869257407 0 0.2898621761)
(-0.2516468151 0 0.2630951494)
(-0.2408973726 0 0.2449485995)
(-0.2719342559 0 0.2479213345)
(-0.5454277252 0 -0.4695004276)
(-0.531942773 0 -0.435598372)
(-0.5295107348 0 -0.4347080154)
(-0.5155603263 0 -0.4047206669)
(-0.5077899042 0 -0.38768709)
(-0.4996099178 0 -0.3860767858)
(-0.5208242257 0 -0.3887553882)
(-0.5549979291 0 -0.398564133)
(-0.5571438781 0 -0.4040822214)
(-0.6000441028 0 -0.4040641077)
(-0.6429998107 0 -0.3981877912)
(-0.6539762732 0 -0.4160434152)
(-0.6732695266 0 -0.3811545248)
(-0.6861390444 0 -0.3578271934)
(-0.6944479954 0 -0.3841853868)
(-0.6804226827 0 -0.3335991207)
(-0.6536665188 0 -0.3121828093)
(-0.6442378106 0 -0.3342906092)
(-0.6023446421 0 -0.2953077644)
(-0.5248076336 0 -0.2821792801)
(-0.4855678459 0 -0.2795492455)
(-0.4257053838 0 -0.2658354809)
(-0.3156726457 0 -0.2060437161)
(-0.2608045804 0 -0.1376388913)
(-0.2524628896 0 -0.09384069583)
(-0.2523624843 0 -0.06111282871)
(-0.2461579124 0 -0.04956999791)
(-0.2746863064 0 -0.06119813223)
(-0.329034588 0 -0.05296972618)
(-0.3090697366 0 -0.04121857657)
(-0.4064984903 0 -0.06817500482)
(-0.3974738485 0 0.08023431719)
(-0.3671807148 0 0.07059845418)
(-0.3130720223 0 0.07128100604)
(-0.3924790598 0 0.1255253417)
(-0.3784152425 0 0.126734315)
(-0.4167766455 0 0.1566161851)
(-0.4263397837 0 0.1850968998)
(-0.4272628887 0 0.1869140011)
(-0.4315359669 0 0.2118198308)
(-0.4350817349 0 0.2365075934)
(-0.4493987218 0 0.2360556821)
(-0.4366276801 0 0.2573280664)
(-0.433937441 0 0.2726731225)
(-0.4535384793 0 0.2729869958)
(-0.4229083371 0 0.2815380989)
(-0.4016083375 0 0.2847947909)
(-0.4252888925 0 0.288797217)
(-0.3744333525 0 0.2915062595)
(-0.3504601167 0 0.3143395969)
(-0.3987882685 0 0.34586901)
(-0.3276632978 0 0.3383858673)
(-0.2978962589 0 0.3347768151)
(-0.3439449821 0 0.3717347547)
(-0.26853027 0 0.3106953519)
(-0.2488153305 0 0.2878304638)
(-0.2722695258 0 0.3107627811)
(-0.2380830406 0 0.2742092432)
(-0.2317502089 0 0.2677863414)
(-0.2426991054 0 0.272867118)
(-0.2273657139 0 0.2657409959)
(-0.2245113587 0 0.2675268467)
(-0.2250820413 0 0.2516201754)
(-0.2224883173 0 0.2729492837)
(-0.2215791695 0 0.2815230778)
(-0.2105916117 0 0.2502085722)
(-0.5681395929 0 -0.5217513312)
(-0.5700090423 0 -0.4876835582)
(-0.5428560803 0 -0.4504589432)
(-0.551795698 0 -0.4420439779)
(-0.521171776 0 -0.3991511299)
(-0.5108891198 0 -0.3887680066)
(-0.5006637141 0 -0.3747544395)
(-0.5060535444 0 -0.3666468577)
(-0.5346119668 0 -0.383631662)
(-0.5341694149 0 -0.3607501667)
(-0.5717896942 0 -0.3468824593)
(-0.6123946871 0 -0.3727262285)
(-0.606172239 0 -0.3240815933)
(-0.6304672787 0 -0.2978217544)
(-0.6618485207 0 -0.3267395061)
(-0.6419067508 0 -0.274379795)
(-0.6367561539 0 -0.2576431138)
(-0.649442634 0 -0.2845212971)
(-0.6114496909 0 -0.2498022476)
(-0.5665098987 0 -0.2533657641)
(-0.5513542772 0 -0.2713231093)
(-0.5108155777 0 -0.2769791681)
(-0.4574268094 0 -0.3281108896)
(-0.3896497055 0 -0.2766427589)
(-0.4173908747 0 -0.2870156229)
(-0.2822168697 0 -0.08812428159)
(-0.2661914116 0 -0.07249397464)
(-0.305364879 0 -0.07729120846)
(-0.3624834941 0 -0.07045433672)
(-0.3470565433 0 -0.06271750554)
(-0.4523022212 0 -0.08514133458)
(-0.4429441648 0 0.09175112864)
(-0.4223222704 0 0.08706252067)
(-0.3805524984 0 0.06923920715)
(-0.4118643662 0 0.1149959525)
(-0.400503471 0 0.1182958783)
(-0.4232598334 0 0.1469436879)
(-0.4211557379 0 0.1752592053)
(-0.4230001592 0 0.179736935)
(-0.4126472399 0 0.2024589874)
(-0.4046771309 0 0.2299402843)
(-0.4197169462 0 0.2343798817)
(-0.3978229236 0 0.2530131768)
(-0.389075281 0 0.2669455753)
(-0.4115912817 0 0.2703940644)
(-0.375441357 0 0.2715119456)
(-0.3528746833 0 0.2675481109)
(-0.37715628 0 0.2769904695)
(-0.3198215189 0 0.2565015393)
(-0.2809266465 0 0.2431990619)
(-0.3088652666 0 0.2746471134)
(-0.2481127923 0 0.2350036045)
(-0.2308508213 0 0.2351563304)
(-0.2550235519 0 0.2790230556)
(-0.2254302121 0 0.2410364855)
(-0.2247039264 0 0.2496534734)
(-0.2322975129 0 0.2635141345)
(-0.2253432118 0 0.2595809894)
(-0.2262615031 0 0.2701802432)
(-0.2277202722 0 0.2673003485)
(-0.2278034317 0 0.2817852406)
(-0.2277213228 0 0.2919358989)
(-0.2274536142 0 0.2826443845)
(-0.2279041739 0 0.302191923)
(-0.2278475041 0 0.3120543108)
(-0.2272380667 0 0.3022417632)
(-0.5348645168 0 -0.6355799737)
(-0.5891315941 0 -0.6572377831)
(-0.5683630421 0 -0.591673716)
(-0.6358294945 0 -0.6594183263)
(-0.6625191591 0 -0.6322857845)
(-0.6122762584 0 -0.5488824269)
(-0.6564962483 0 -0.5730602443)
(-0.6097177929 0 -0.4916933083)
(-0.5515344789 0 -0.4301146405)
(-0.5352577271 0 -0.4127745753)
(-0.474635991 0 -0.3595717612)
(-0.4814539967 0 -0.3556353354)
(-0.4613779767 0 -0.3316507781)
(-0.4895800956 0 -0.3114155046)
(-0.5292790148 0 -0.3256113429)
(-0.5320753839 0 -0.2865631813)
(-0.5685764591 0 -0.2578915467)
(-0.5983044154 0 -0.2745538287)
(-0.5923695866 0 -0.2336615101)
(-0.5999219507 0 -0.2188513013)
(-0.6194695793 0 -0.2352391239)
(-0.5897490524 0 -0.2140219531)
(-0.5665406523 0 -0.2191165751)
(-0.5713488455 0 -0.2343557336)
(-0.5464014299 0 -0.2462575645)
(-0.5571107759 0 -0.3409989108)
(-0.5147355285 0 -0.3491361923)
(-0.5901044934 0 -0.4957504519)
(-0.5869015727 0 -0.4188167337)
(-0.3575820318 0 -0.1749721111)
(-0.328578662 0 -0.092699237)
(-0.3892710047 0 -0.08488673508)
(-0.3762690257 0 -0.07740360254)
(-0.4832367833 0 -0.1095852549)
(-0.477418489 0 0.1017019362)
(-0.460981351 0 0.09631014333)
(-0.4173211948 0 0.08253703726)
(-0.4206605312 0 0.1195840322)
(-0.4192872514 0 0.1160077805)
(-0.4223957016 0 0.1479210115)
(-0.414654355 0 0.1719006802)
(-0.4193877559 0 0.1730380645)
(-0.3970358693 0 0.1934559275)
(-0.3764334022 0 0.2168243143)
(-0.3904966849 0 0.2238912931)
(-0.3593289923 0 0.2405605954)
(-0.3440946572 0 0.2551881166)
(-0.3667604987 0 0.2621498362)
(-0.3267219951 0 0.2571343907)
(-0.3050115063 0 0.2505225985)
(-0.3287850563 0 0.2586568741)
(-0.2790179722 0 0.2399521294)
(-0.2534894865 0 0.2308224404)
(-0.2650050545 0 0.230550936)
(-0.2348906568 0 0.2289689805)
(-0.2257437889 0 0.2357532004)
(-0.2258008676 0 0.2260274366)
(-0.2230412266 0 0.2472184568)
(-0.2226314312 0 0.2593270597)
(-0.222926134 0 0.2505114068)
(-0.2224104062 0 0.2707741681)
(-0.2207061149 0 0.2808934723)
(-0.2241499645 0 0.2748554255)
(-0.7070364749 0 0.7172707926)
(-0.5071582456 0 0.5952459266)
(-0.2363294488 0 0.3084937553)
(-0.2776029976 0 0.3773493342)
(-0.2187403943 0 0.3179191043)
(-0.2234178494 0 0.3142256316)
(-0.2139246696 0 0.3204504777)
(-0.2118282261 0 0.3263954257)
(-0.2209616684 0 0.329035081)
(-0.3848325527 0 -0.5838114622)
(-0.4493715847 0 -0.6559931296)
(-0.4695126865 0 -0.6341489235)
(-0.5281991574 0 -0.7370304251)
(-0.6094125326 0 -0.804677592)
(-0.6051837741 0 -0.7310783914)
(-0.682642071 0 -0.8423624269)
(-0.7424869712 0 -0.8433292891)
(-0.7094104678 0 -0.7325433674)
(-0.7829801527 0 -0.8057659798)
(-0.7847965486 0 -0.723995138)
(-0.6924001324 0 -0.5894876495)
(-0.7147903568 0 -0.5974355235)
(-0.5737931782 0 -0.4576323151)
(-0.5009855426 0 -0.3893082209)
(-0.4472775263 0 -0.3561834813)
(-0.4237922919 0 -0.3074513859)
(-0.4543869288 0 -0.3052527659)
(-0.471405914 0 -0.2776737049)
(-0.5188312684 0 -0.2433389241)
(-0.5422058887 0 -0.2476192963)
(-0.548279614 0 -0.2161778955)
(-0.5574329735 0 -0.2044508919)
(-0.5791751713 0 -0.2087018114)
(-0.5486299855 0 -0.2046632648)
(-0.529644876 0 -0.2100036833)
(-0.5524737071 0 -0.2106258865)
(-0.5213651889 0 -0.2291992969)
(-0.5644521416 0 -0.3069299178)
(-0.5757217987 0 -0.3208323771)
(-0.6653647903 0 -0.6157757259)
(-0.871545989 0 -0.7172615505)
(-0.7990760841 0 -0.6319388361)
(-0.3356080135 0 -0.1180865715)
(-0.4133315587 0 -0.1035667123)
(-0.4018039581 0 -0.0935968662)
(-0.4844556297 0 -0.1558424321)
(-0.5099596842 0 0.1172505342)
(-0.4930404508 0 0.1084139536)
(-0.4414917775 0 0.1034161642)
(-0.4183240485 0 0.1296823921)
(-0.4190503519 0 0.1242578389)
(-0.407795364 0 0.151253718)
(-0.3942015126 0 0.1693632412)
(-0.4059280386 0 0.1707205115)
(-0.3715453157 0 0.1842394435)
(-0.3425892661 0 0.1990946297)
(-0.3608789429 0 0.2086757535)
(-0.3156434518 0 0.2164849166)
(-0.2950731793 0 0.2299870415)
(-0.320341097 0 0.2448132471)
(-0.2780068093 0 0.2330907478)
(-0.2618124915 0 0.2297779731)
(-0.2820902718 0 0.2406896911)
(-0.2478034744 0 0.2284208764)
(-0.2390230144 0 0.2349141551)
(-0.2423878003 0 0.2301532608)
(-0.2359477847 0 0.2489153446)
(-0.2356055201 0 0.2654288755)
(-0.2268912338 0 0.2465646061)
(-0.2349793496 0 0.2803932369)
(-0.2328095798 0 0.2923811809)
(-0.2249855459 0 0.2716338707)
(-0.2289330196 0 0.3026713495)
(-0.2273107095 0 0.3068734259)
(-0.2193694297 0 0.2898807637)
(-1.681246981 0 1.747226926)
(-1.52108094 0 1.813542688)
(-1.168624679 0 1.312603993)
(-1.241610627 0 1.65841352)
(-0.8238659148 0 1.202669637)
(-0.3366021087 0 0.4852119501)
(-0.3413250772 0 0.5382823384)
(-0.196915141 0 0.3309148862)
(-0.2018178559 0 0.3240477739)
(-0.1882791064 0 0.3260006233)
(-0.1844857981 0 0.3279294146)
(-0.1953711495 0 0.3309716457)
(-0.2970184581 0 -0.519326839)
(-0.374454282 0 -0.641233962)
(-0.4191051785 0 -0.6626554752)
(-0.4702866409 0 -0.7850993295)
(-0.5680426692 0 -0.9165365603)
(-0.5975360818 0 -0.8694351814)
(-0.6602926854 0 -1.016235258)
(-0.7512797834 0 -1.084968865)
(-0.7568866793 0 -0.9614401908)
(-0.8374401049 0 -1.112497721)
(-0.9058302473 0 -1.079777762)
(-0.8647747626 0 -0.8911697613)
(-0.9260515712 0 -0.9648033494)
(-0.8282123788 0 -0.7526249934)
(-0.6928026589 0 -0.5766320348)
(-0.5771350926 0 -0.4940688274)
(-0.3846188362 0 -0.3367125969)
(-0.3985459655 0 -0.3180368051)
(-0.4178806716 0 -0.2981893334)
(-0.4775031162 0 -0.2531348758)
(-0.4975675131 0 -0.2449945856)
(-0.5082214173 0 -0.2188155644)
(-0.5107049982 0 -0.2113437895)
(-0.5345812187 0 -0.2055762907)
(-0.4941560825 0 -0.2193054899)
(-0.4640813313 0 -0.2278661514)
(-0.4992936071 0 -0.216540021)
(-0.4378229835 0 -0.2445906277)
(-0.4519603606 0 -0.3091659019)
(-0.5223917673 0 -0.3060185139)
(-0.5631842206 0 -0.5987506753)
(-0.8110415815 0 -0.7343980443)
(-0.853477458 0 -0.7326433556)
(-0.5413890335 0 -0.2533038841)
(-0.422054848 0 -0.1221769645)
(-0.4224463676 0 -0.1143316114)
(-0.5651783572 0 -0.2160598691)
(-0.5261698313 0 0.1135166757)
(-0.5256645718 0 0.1261630695)
(-0.4807375104 0 0.1246724599)
(-0.4356627832 0 0.1472558061)
(-0.4226143139 0 0.1367834129)
(-0.4046840773 0 0.1617657128)
(-0.3734954873 0 0.1709337863)
(-0.3820432668 0 0.1687711007)
(-0.3371631344 0 0.1750393753)
(-0.2992435563 0 0.1770629453)
(-0.3215373137 0 0.1881564921)
(-0.266259509 0 0.1813782683)
(-0.2460950919 0 0.1905585806)
(-0.2690405602 0 0.2108940526)
(-0.2408936184 0 0.2047100775)
(-0.2463101064 0 0.226184747)
(-0.2474030928 0 0.2224110356)
(-0.2568865248 0 0.2567045253)
(-0.2670296457 0 0.2908024847)
(-0.2459137219 0 0.2535243112)
(-0.27307617 0 0.321422301)
(-0.2740460193 0 0.3452312872)
(-0.2506162839 0 0.2972216256)
(-0.2702297918 0 0.3614032244)
(-0.262358913 0 0.3701928919)
(-0.2449828342 0 0.3246038038)
(-0.2514976688 0 0.375915886)
(-0.7030911263 0 0.483613876)
(-0.3765502089 0 0.3640592184)
(-1.364602349 0 1.998369961)
(-1.37734985 0 2.313548142)
(-1.559735199 0 2.12031457)
(-1.291590044 0 2.361504337)
(-1.139292947 0 2.203476268)
(-1.118858076 0 1.824803349)
(-0.8604637579 0 1.710168654)
(-0.4204345437 0 0.8333006519)
(-0.2669353663 0 0.4689543419)
(-0.1827614072 0 0.3565144321)
(-0.1637831375 0 0.3276251936)
(-0.1738483816 0 0.3267009948)
(-0.1440981384 0 -0.2978640171)
(-0.2100922851 0 -0.4257913597)
(-0.3087976511 0 -0.5731203172)
(-0.3078476785 0 -0.6179108894)
(-0.422995703 0 -0.8443118366)
(-0.5180903862 0 -0.9304475698)
(-0.5393201383 0 -1.065131455)
(-0.6375963184 0 -1.233716565)
(-0.7212346972 0 -1.20193867)
(-0.7032688536 0 -1.314097775)
(-0.7336449903 0 -1.298755867)
(-0.8779397168 0 -1.258581274)
(-0.7436741034 0 -1.216860275)
(-0.7441973816 0 -1.07699909)
(-0.9003628877 0 -0.9683358374)
(-0.6468051201 0 -0.7557807713)
(-0.41071403 0 -0.4121798555)
(-0.3947424641 0 -0.3645752984)
(-0.3754829371 0 -0.3619328187)
(-0.4386318353 0 -0.295388396)
(-0.4579998066 0 -0.2691130916)
(-0.4675612373 0 -0.2403196141)
(-0.4630482346 0 -0.231763547)
(-0.4864469529 0 -0.2205975948)
(-0.4402808642 0 -0.2435953695)
(-0.3980276809 0 -0.2519039426)
(-0.4284909189 0 -0.2405997578)
(-0.3473697197 0 -0.2592174464)
(-0.2994463672 0 -0.2753125705)
(-0.3663653884 0 -0.2984474476)
(-0.2606554004 0 -0.3373597246)
(-0.3003317673 0 -0.4665073347)
(-0.6747396902 0 -0.7004595711)
(-0.4125710228 0 -0.3812364818)
(-0.2593390317 0 -0.2026891465)
(-0.3570169579 0 -0.1660045876)
(-0.3659634312 0 -0.1827184697)
(-0.6724567909 0 -0.01692177841)
(-0.5446524809 0 0.06936167159)
(-0.5312871034 0 0.1511735889)
(-0.4851249921 0 0.182330494)
(-0.4582541679 0 0.1624799452)
(-0.4445241733 0 0.1966139195)
(-0.3828513121 0 0.194571214)
(-0.3732807851 0 0.178710212)
(-0.3133784012 0 0.1791941135)
(-0.265997836 0 0.1678258547)
(-0.2790058494 0 0.1688007171)
(-0.2430416277 0 0.1691080238)
(-0.2458654312 0 0.1909409511)
(-0.2345047279 0 0.1784780489)
(-0.2740341842 0 0.242164333)
(-0.3122207357 0 0.3158908311)
(-0.2662872219 0 0.2530057132)
(-0.3373664321 0 0.3863275094)
(-0.3428387927 0 0.4367780502)
(-0.3016186869 0 0.3512368906)
(-0.3376449324 0 0.46962897)
(-0.3282666541 0 0.4885835004)
(-0.3039535041 0 0.4118442701)
(-0.3156457306 0 0.4957736134)
(-0.299255599 0 0.4927304655)
(-0.2829176268 0 0.4290421624)
(-0.2790587769 0 0.4797095517)
(-0.2567678332 0 0.459003602)
(-0.2518702468 0 0.4145782095)
(-0.2362625897 0 0.4345873986)
(-0.2178752398 0 0.4101884004)
(-0.187503215 0 0.8248981357)
(-0.196781126 0 0.3884272358)
(-0.1809925625 0 0.3705298383)
(-0.1816595819 0 0.3535530312)
(-0.1683216416 0 0.356994868)
(-0.1580774496 0 0.3474624672)
(-0.1664947616 0 0.3367662022)
(-0.1497371086 0 0.3408986248)
(-0.1424899871 0 0.3360044657)
(-0.1533730291 0 0.3302584611)
(-0.09362588517 0 -0.1863949136)
(-0.07236429597 0 -0.1825661714)
(-0.08686779507 0 -0.1668040647)
(-0.06410227352 0 -0.1803092207)
(-0.06816445305 0 -0.18726957)
(-0.08374602253 0 -0.1865213547)
(-0.07609639208 0 -0.201106209)
(-0.0872445393 0 -0.223805159)
(-0.1122872555 0 -0.2359075251)
(-0.1018828043 0 -0.2531713287)
(-0.1199627625 0 -0.2865466372)
(-0.1590041569 0 -0.3158739886)
(-0.14526745 0 -0.3266756299)
(-0.1861555379 0 -0.3843222522)
(-0.2460300743 0 -0.4465225293)
(-0.2400399823 0 -0.4576976491)
(-0.2876828307 0 -0.521999666)
(-0.3051415217 0 -0.6797078505)
(-0.3203658578 0 -0.5634039864)
(-0.3414737957 0 -0.5678355958)
(-0.3414159608 0 -0.4946354992)
(-0.3614953415 0 -0.5127658339)
(-0.3960164807 0 -0.3935300535)
(-0.4185638667 0 -0.3358076172)
(-0.4221139477 0 -0.2801431029)
(-0.4248112059 0 -0.2551391489)
(-0.4420358675 0 -0.2433718848)
(-0.4081972905 0 -0.2621184056)
(-0.3659263279 0 -0.266115367)
(-0.3767670462 0 -0.2605813139)
(-0.3128805379 0 -0.2675214395)
(-0.2651776778 0 -0.2670708552)
(-0.2763951047 0 -0.2655598714)
(-0.2527724384 0 -0.2767337585)
(-0.4335706539 0 -0.3743505991)
(-0.2792464485 0 -0.2805519656)
(-1.002381178 0 -0.5424827416)
(-0.5061100419 0 -0.3609415235)
(-0.3994321347 0 -0.299101444)
(-0.5596235123 0 -0.2950856195)
(-0.7455388131 0 -0.1206822555)
(-0.7116725574 0 -0.1209487565)
(-0.536123806 0 0.1895370506)
(-0.5337726631 0 0.2414427813)
(-0.5107137481 0 0.2070872501)
(-0.508388115 0 0.2695474075)
(-0.3793581659 0 0.2399170317)
(-0.3918009387 0 0.2167083676)
(-0.2868291938 0 0.1843317022)
(-0.2731924423 0 0.1709736829)
(-0.2598589036 0 0.1695382624)
(-0.3164440332 0 0.2177371627)
(-0.4011140778 0 0.3478339474)
(-0.2910879183 0 0.2339064105)
(-0.4769471468 0 0.5165549053)
(-0.5040692564 0 0.6453391004)
(-0.3967424346 0 0.4427875454)
(-0.3982248885 0 0.6167508954)
(-0.3585617204 0 0.6379002695)
(-0.3630670912 0 0.5353766092)
(-0.3604254421 0 0.6803330139)
(-0.3573065903 0 0.6972750372)
(-0.3342852133 0 0.5742380384)
(-0.3404795292 0 0.6805567554)
(-0.3105784958 0 0.632122484)
(-0.299678638 0 0.5449523748)
(-0.2762212704 0 0.5708034877)
(-0.25158129 0 0.5322391403)
(-0.2588729625 0 0.5018610118)
(-0.2307645369 0 0.5052423216)
(-0.207885089 0 0.4737704805)
(-0.2124607142 0 0.4415037851)
(-0.185449902 0 0.4428668399)
(-0.1650983763 0 0.4163600359)
(-0.1744986969 0 0.3913750812)
(-0.1476443495 0 0.3955625957)
(-0.1331145962 0 0.3795972296)
(-0.1480938124 0 0.3618277187)
(-0.1204343578 0 0.3659491564)
(-0.1083640145 0 0.352871942)
(-0.1287145731 0 0.3442459487)
(-0.09708034839 0 0.340601092)
(-0.07440210629 0 0.3295466216)
(-0.1027628878 0 0.3302687669)
(-0.05592989757 0 -0.2416457652)
(-0.03629563441 0 -0.2438262913)
(-0.05450287879 0 -0.2075333409)
(-0.03498816009 0 -0.2437586248)
(-0.03895093971 0 -0.2539117605)
(-0.05226744145 0 -0.2076756799)
(-0.04520508645 0 -0.2767829979)
(-0.05319196577 0 -0.31058327)
(-0.06816699093 0 -0.2496404142)
(-0.06315136955 0 -0.3526142969)
(-0.0749155522 0 -0.3978950969)
(-0.09668929921 0 -0.3234484557)
(-0.08876799617 0 -0.4450051624)
(-0.1058795378 0 -0.4957886586)
(-0.1386043062 0 -0.4040942751)
(-0.1275738877 0 -0.5489116619)
(-0.1562963414 0 -0.5973777338)
(-0.2323133017 0 -0.5263212882)
(-0.2020021925 0 -0.6443248126)
(-0.2702412074 0 -0.6853396161)
(-0.3457948825 0 -0.67143494)
(-0.3140372149 0 -0.6442480134)
(-0.309169475 0 -0.4777695291)
(-0.3667587256 0 -0.4578383466)
(-0.3518392626 0 -0.3297930081)
(-0.4033272426 0 -0.2909637696)
(-0.4122831705 0 -0.2693777664)
(-0.4260140798 0 -0.290386815)
(-0.4004557447 0 -0.284108368)
(-0.3697251614 0 -0.2707647371)
(-0.338400046 0 -0.2786153087)
(-0.4157572881 0 -0.5546171842)
(-0.2671528079 0 -0.276569061)
(-1.082755928 0 -1.554876455)
(-2.054480493 0 -2.122415239)
(-1.070232315 0 -0.872702419)
(-3.490994334 0 -1.608670864)
(-0.6160549642 0 0.04419523086)
(-0.52236697 0 -0.3588591246)
(-0.5098009284 0 -0.2636510275)
(-0.6209017483 0 0.2866076733)
(-0.8451196747 0 0.1988681942)
(-0.4153650103 0 0.03091593117)
(-0.3841111563 0 0.3410178909)
(-0.3305671052 0 0.2655103458)
(-0.3158080006 0 0.3676523506)
(-0.2626007003 0 0.2087702423)
(-0.2675657909 0 0.2255712078)
(-0.3154332345 0 0.1134885922)
(-0.5660660639 0 0.2368334339)
(-0.3413724616 0 0.1768316251)
(-0.7760831919 0 0.7713152366)
(-0.7645430383 0 1.081843624)
(-0.5931515086 0 0.616951957)
(-0.678425116 0 1.12460957)
(-0.5836489537 0 1.050344704)
(-0.5848465835 0 0.8903865323)
(-0.3494127416 0 0.7249438155)
(-0.3588532805 0 0.7721793408)
(-0.3651688443 0 0.720863192)
(-0.3770157288 0 0.8252656771)
(-0.3833385837 0 0.8550599305)
(-0.3851811628 0 0.7990720867)
(-0.3769015321 0 0.8596041246)
(-0.356772762 0 0.8342086278)
(-0.3457500813 0 0.7535304615)
(-0.3193800046 0 0.7693645704)
(-0.2633651176 0 0.6661863781)
(-0.2505560769 0 0.5810764917)
(-0.2058741762 0 0.5741627354)
(-0.1740796486 0 0.5448723741)
(-0.1972722823 0 0.5075393822)
(-0.1480122492 0 0.5180793076)
(-0.1234770505 0 0.482782913)
(-0.1475648046 0 0.4452052598)
(-0.1039710214 0 0.446396934)
(-0.0899267416 0 0.4130501904)
(-0.1075551788 0 0.3960418062)
(-0.08011540646 0 0.384632839)
(-0.07317877782 0 0.3614855725)
(-0.08559393653 0 0.3631649961)
(-0.06815762602 0 0.3431319758)
(-0.06477542766 0 0.327455394)
(-0.07361174635 0 0.3343283527)
(-0.07399810676 0 -0.2404582263)
(-0.04045242578 0 -0.2736614578)
(-0.02260400622 0 -0.2807793346)
(-0.01297918116 0 -0.3553764162)
(-0.00191420411 0 -0.4365317496)
(-0.01980568709 0 -0.3333176085)
(0.001540631065 0 -0.4860409923)
(0.003845004989 0 -0.5309219168)
(-0.03400420077 0 -0.408678564)
(0.006648068436 0 -0.5750973502)
(0.009426224548 0 -0.6192607644)
(-0.04979800383 0 -0.4999666599)
(0.01245671334 0 -0.6646616062)
(0.01592781721 0 -0.7108413698)
(-0.06948329824 0 -0.6044343533)
(0.01981889073 0 -0.7511276179)
(0.02431387666 0 -0.7798336065)
(-0.09703120972 0 -0.7063034206)
(0.03121382799 0 -0.7936933815)
(0.05078264813 0 -0.7322128208)
(-0.158459362 0 -0.7549304935)
(0.1117874339 0 -0.359965004)
(0.03371790217 0 -0.376634715)
(-0.2342943191 0 -0.4714479012)
(-0.192670359 0 -0.3509187197)
(-0.37057887 0 -0.3557653996)
(-0.3919137296 0 -0.3225345824)
(-0.5032507471 0 -0.3922814703)
(-0.5889675954 0 -0.4123266953)
(-0.477746936 0 -0.3279287988)
(-0.5934845886 0 -0.3867657502)
(-0.4812368418 0 -0.3157663545)
(-1.08006856 0 -2.351991729)
(-0.2593167166 0 -0.2250138484)
(-0.2129920911 0 -0.4351348795)
(-2.13734106 0 -3.815117757)
(-0.5020408925 0 -1.050265411)
(-0.310985332 0 0.08017008339)
(-1.085574098 0 1.673167857)
(-0.07399607782 0 0.007438266538)
(-0.2771331053 0 0.4832434763)
(-0.4390924208 0 0.2828959581)
(-0.1911960366 0 0.6549900308)
(0.1857631552 0 0.6070470085)
(-0.3423313741 0 0.40543134)
(0.1530913828 0 0.5421373521)
(0.1492910658 0 0.4933356697)
(-0.2597339937 0 0.1848529436)
(0.136712186 0 0.4885642673)
(0.3279176224 0 0.7561105354)
(-0.833471702 0 0.8373581057)
(0.393302416 0 0.8111392227)
(-0.1713124965 0 0.8022653976)
(-0.6575555586 0 1.362743372)
(-0.4926224696 0 0.7982495443)
(0.2939714517 0 1.868512144)
(-0.4839222149 0 1.027346658)
(-0.05408246296 0 1.14367455)
(-0.1614680428 0 0.9112920091)
(-0.3146690417 0 0.8046728258)
(-0.204851928 0 0.8599688545)
(-0.2303111792 0 0.8534272265)
(-0.3392356769 0 0.8771229874)
(-0.2414630385 0 0.8449630426)
(-0.233545817 0 0.8120589282)
(-0.3219706032 0 0.8648323429)
(-0.1879286973 0 0.7160550826)
(-0.08841163082 0 0.463922373)
(-0.239083268 0 0.7037507013)
(-0.05031853543 0 0.2696893508)
(-0.05685554848 0 0.2488440669)
(-0.1212598578 0 0.5676142155)
(-0.05720833271 0 0.2376016807)
(-0.0539905265 0 0.224593759)
(-0.09028163918 0 0.4806350249)
(-0.04874170534 0 0.2093952853)
(-0.04440025451 0 0.1955458381)
(-0.06802977384 0 0.3724617359)
(-0.04198215956 0 0.1857529053)
(-0.04111753498 0 0.1797828584)
(-0.05583172003 0 0.3070602296)
(-0.04078729288 0 0.1757919399)
(-0.04050744541 0 0.1732105774)
(-0.05096528757 0 0.275744699)
(-0.04530006495 0 -0.227042769)
(-0.01467135921 0 -0.2360235079)
(-0.03594555229 0 -0.2503524212)
(0.01021542367 0 -0.2473491222)
(0.02481711961 0 -0.2653585751)
(0.008606692898 0 -0.3243372369)
(0.03332679056 0 -0.2887450017)
(0.04231419561 0 -0.3177683758)
(0.03041656904 0 -0.4115373145)
(0.05431440496 0 -0.3530496469)
(0.06798492799 0 -0.3901618052)
(0.05468022451 0 -0.4983285383)
(0.08235163569 0 -0.4242581552)
(0.09739486633 0 -0.4546864426)
(0.08017733135 0 -0.5787231993)
(0.1141579941 0 -0.4822611357)
(0.1337336775 0 -0.5026330105)
(0.1104763582 0 -0.6376515898)
(0.1561672113 0 -0.4997589853)
(0.1679759664 0 -0.4313225965)
(0.1483496321 0 -0.5435515332)
(0.1241734972 0 -0.2996502918)
(0.01993678538 0 -0.302589404)
(-0.01050433391 0 -0.3283289619)
(-0.1189717859 0 -0.3332666816)
(-0.3104187979 0 -0.4062684683)
(-0.3434943317 0 -0.3822982916)
(-0.5353071341 0 -0.5025352113)
(-0.7499266733 0 -0.5916629565)
(-0.6768400773 0 -0.505164827)
(-0.9059302857 0 -0.6386028543)
(-0.9352047364 0 -0.6148214314)
(-0.8534080935 0 -0.4894270196)
(0.1922252155 0 -0.2147000179)
(0.2031388033 0 -0.206521494)
(0.2227705294 0 -0.2457649173)
(0.2948532418 0 -0.2234227117)
(0.8364892109 0 -0.2956353787)
(0.3239054509 0 -0.2865873924)
(1.542669827 0 -0.574875606)
(2.080695771 0 0.4261438236)
(0.786732592 0 0.3973862788)
(1.98705858 0 0.4296597051)
(1.844546362 0 0.5116768919)
(-0.1989675688 0 0.4527974949)
(1.458328166 0 0.7156388314)
(1.337233678 0 0.74706951)
(-0.01046809884 0 0.400490442)
(1.005342302 0 0.608469492)
(0.5572853029 0 0.8561397338)
(-0.2656659821 0 0.8149832076)
(0.3764164762 0 0.9239291794)
(0.3006594488 0 0.8901255661)
(-0.09876386456 0 0.629010309)
(0.5227246764 0 0.9569636581)
(2.11448517 0 2.325128192)
(1.649891841 0 2.524161967)
(1.82595508 0 2.529972568)
(1.386892644 0 2.352412404)
(0.6826323415 0 1.914107975)
(1.081470369 0 2.13949528)
(0.8919275333 0 1.97865402)
(0.4356787455 0 1.622067344)
(0.7828455345 0 1.887247427)
(0.7280958502 0 1.856752298)
(0.4037082978 0 1.590490229)
(0.7108913007 0 1.87089556)
(0.7169414226 0 1.907640413)
(0.457070928 0 1.606801439)
(0.7140935785 0 1.904245011)
(0.6536771483 0 1.744400178)
(0.3804537639 0 1.280980765)
(0.509329548 0 1.380881333)
(0.2465534942 0 0.7422372474)
(0.04805219379 0 0.324960826)
(0.06809491503 0 0.3082988901)
(0.04769001672 0 0.2570324796)
(0.01071017957 0 0.2387946361)
(0.04056640475 0 0.243372606)
(0.03133924661 0 0.231560831)
(-0.01263205158 0 0.2109041226)
(0.01821956038 0 0.2165463654)
(0.003498998141 0 0.2004438394)
(-0.02553225607 0 0.188515886)
(-0.0451936028 0 -0.2336377999)
(-0.009880498102 0 -0.2298711475)
(-0.003091231922 0 -0.2230145116)
(0.02492356427 0 -0.2232803811)
(0.05353572897 0 -0.2207691026)
(0.03739977078 0 -0.2323781625)
(0.06665288724 0 -0.2224844395)
(0.07053036123 0 -0.2263915097)
(0.051751533 0 -0.2587952667)
(0.0738520135 0 -0.2356062685)
(0.08200195746 0 -0.2497704035)
(0.07301362474 0 -0.3048039554)
(0.09335894688 0 -0.265525585)
(0.106324776 0 -0.2792955139)
(0.1018950421 0 -0.3498931042)
(0.1208627128 0 -0.2883678471)
(0.137291254 0 -0.2909107526)
(0.1368064761 0 -0.3710573967)
(0.154674451 0 -0.2853320616)
(0.1681560369 0 -0.2713172799)
(0.1661252909 0 -0.3227620639)
(0.168228566 0 -0.2529000578)
(0.1551309811 0 -0.2588695966)
(0.04979622834 0 -0.2861370754)
(0.1228810649 0 -0.3061014199)
(-0.07068562863 0 -0.4337442596)
(-0.2923473023 0 -0.4382346429)
(-0.5088685505 0 -0.6630009647)
(-0.9683866057 0 -0.9491716301)
(-0.8618125534 0 -0.7159395545)
(-1.243484207 0 -1.081347037)
(-1.135222503 0 -0.8631470632)
(-1.035013681 0 -0.6932878487)
(0.2646319482 0 -0.3587298191)
(0.2806567718 0 -0.297595393)
(0.1961482086 0 -0.187606932)
(0.4234746635 0 -0.6120868801)
(0.5222765842 0 -0.9519588481)
(0.6649473513 0 -0.2426592341)
(0.9416544313 0 -0.3176020684)
(1.650891759 0 0.328778211)
(1.813404599 0 0.3663516618)
(1.520757935 0 0.3238665503)
(1.447248728 0 0.3599313371)
(1.608311669 0 0.416675046)
(1.327825033 0 0.50444759)
(1.168996957 0 0.6885480634)
(1.245526042 0 0.8397659006)
(1.046122328 0 0.7804788328)
(0.9369560802 0 0.7965324612)
(0.9402371047 0 0.8712535665)
(0.7998067006 0 0.782459943)
(0.649909558 0 0.7704820689)
(0.5054193667 0 0.8279790275)
(0.5713519208 0 0.8144302156)
(1.674016027 0 1.538597256)
(2.061413641 0 1.98150359)
(1.896516623 0 1.882927178)
(1.752726906 0 1.980536925)
(1.728532229 0 2.282950645)
(1.532434297 0 1.963275084)
(1.34729508 0 1.927853143)
(1.190863571 0 2.038280406)
(1.230193189 0 1.932982794)
(1.177909871 0 1.999737355)
(0.9710340062 0 1.959541772)
(1.167215957 0 2.113788493)
(1.15214199 0 2.197306303)
(0.9454795514 0 2.090690442)
(0.7519628324 0 2.450342788)
(0.4819310948 0 2.488689843)
(0.8580068119 0 1.995257039)
(0.3512515126 0 2.302052081)
(0.2718164329 0 1.922125173)
(0.4705915105 0 1.165780444)
(0.2137854496 0 1.3018681)
(0.180536754 0 0.8123577655)
(0.06228467936 0 0.2798461189)
(0.1663679267 0 0.7063872542)
(0.147341166 0 0.6434019675)
(0.0398956025 0 0.2454982788)
(0.1170218048 0 0.5465315045)
(0.08102266599 0 0.4326764209)
(0.01333785365 0 0.2251234197)
(-0.04569492593 0 -0.3338404512)
(-0.0358560465 0 -0.3574946735)
(-0.05977633599 0 -0.2641414413)
(-0.02119293946 0 -0.3835560384)
(0.003861205331 0 -0.4107347426)
(-0.03499516506 0 -0.2484469169)
(0.0389601352 0 -0.436707177)
(0.07904602784 0 -0.4609955535)
(0.01942488237 0 -0.282230162)
(0.1107618401 0 -0.4845335397)
(0.1284124569 0 -0.5094667172)
(0.08925807708 0 -0.4073181116)
(0.1421412583 0 -0.5511461718)
(0.1612175353 0 -0.6241210257)
(0.135722071 0 -0.5851954165)
(0.1863491746 0 -0.7225108245)
(0.2152989822 0 -0.831129971)
(0.1744586158 0 -0.7824096628)
(0.2495970793 0 -0.9473057941)
(0.2955501253 0 -1.085585822)
(0.2118350617 0 -0.9452298549)
(0.3601359701 0 -1.25813455)
(0.4493485957 0 -1.46561048)
(0.2814477685 0 -1.247819948)
(0.5680294261 0 -1.683687353)
(0.7196104494 0 -1.832917129)
(0.4222313229 0 -1.896243251)
(0.9347315951 0 -1.800857774)
(1.22008846 0 -1.643515574)
(0.8432718506 0 -2.027430373)
(1.46242267 0 -1.642126925)
(1.610469489 0 -1.750903177)
(1.368529668 0 -1.684536038)
(1.684543578 0 -1.810295723)
(1.689827273 0 -1.71654767)
(1.370463239 0 -1.56804424)
(1.623847585 0 -1.467519184)
(1.535671007 0 -1.130816197)
(1.318498152 0 -1.157108008)
(1.06925982 0 -0.2536388212)
(1.442578561 0 0.268679949)
(1.529843723 0 0.2948577325)
(1.372647095 0 0.2862047099)
(1.31457454 0 0.3134665848)
(1.345942264 0 0.3263389652)
(1.227438863 0 0.390549758)
(1.113055059 0 0.517867099)
(1.125115627 0 0.580799831)
(1.008860741 0 0.6321475137)
(0.9333776563 0 0.6991622021)
(0.9226073051 0 0.734719722)
(0.8728561462 0 0.730733176)
(0.8108874038 0 0.7494641361)
(0.7370125531 0 0.7440433845)
(0.7559720858 0 0.7657047044)
(0.9989700948 0 0.9507212184)
(1.234964944 0 1.150410893)
(1.250889514 0 1.179493869)
(1.391589969 0 1.377608595)
(1.574152678 0 1.622619717)
(1.455246099 0 1.551531225)
(1.492746269 0 1.727135755)
(1.421592764 0 1.787912588)
(1.520668965 0 1.906601202)
(1.525054246 0 2.061100218)
(1.376257065 0 2.042913987)
(1.489788827 0 2.170575545)
(1.421970493 0 2.065667601)
(1.352480153 0 2.104081517)
(1.619195765 0 2.579872998)
(1.816093489 0 3.419586389)
(1.216082741 0 3.254088225)
(1.905928205 0 4.132661801)
(1.888280855 0 4.548081315)
(1.382214542 0 4.430904783)
(1.744578854 0 4.557657245)
(1.434891688 0 3.998158845)
(1.370279399 0 4.658049288)
(0.9549313638 0 2.812382739)
(0.4695249745 0 1.474588225)
(0.6361628711 0 2.262254348)
(0.2591549122 0 0.8484033689)
(0.1986284428 0 0.6472459748)
(0.1690109298 0 0.6484251396)
(-0.02364337398 0 -0.4217262784)
(0.02920581169 0 -0.5852813416)
(0.03210654713 0 -0.4075395847)
(0.0589487899 0 -0.6888910615)
(0.070790739 0 -0.7486131684)
(0.05621474192 0 -0.5090159051)
(0.07015857981 0 -0.780877748)
(0.05965009251 0 -0.790932068)
(0.0763217831 0 -0.5827845807)
(0.04127176207 0 -0.7815063272)
(0.0206048581 0 -0.755807891)
(0.1182482362 0 -0.6000820043)
(0.005601021587 0 -0.7186779625)
(-0.001417098234 0 -0.6835979896)
(0.1578256078 0 -0.6138411569)
(0.0001804769921 0 -0.6825898176)
(0.01759899917 0 -0.7445131016)
(0.2301845519 0 -0.7651991856)
(0.09195044102 0 -0.8732476815)
(0.414303034 0 -0.9450334273)
(0.3648017315 0 -1.044869334)
(0.4954533124 0 -1.027258472)
(0.6080403822 0 -1.114647877)
(0.5590172561 0 -1.325324838)
(0.7467010075 0 -1.185480197)
(0.9015608047 0 -1.208688302)
(0.8700955817 0 -1.525919115)
(1.047089298 0 -1.148225231)
(1.197709362 0 -1.077535754)
(1.311236909 0 -1.396483556)
(1.409420179 0 -1.212821996)
(1.618350165 0 -1.424431406)
(1.696402932 0 -1.651149889)
(1.8010831 0 -1.579549252)
(1.957364662 0 -1.638326156)
(1.90065217 0 -1.747569738)
(2.008650172 0 -1.525361567)
(1.873986164 0 -1.244318056)
(1.69240215 0 -1.179608111)
(0.5503298113 0 -0.1243110842)
(1.416644734 0 0.2595998217)
(1.40347234 0 0.2576671577)
(1.452774335 0 0.2999289805)
(1.411405498 0 0.3329580509)
(1.3459155 0 0.3180311197)
(1.309182472 0 0.3907053894)
(1.187255093 0 0.4898234686)
(1.13704233 0 0.4909109651)
(1.087085873 0 0.604754921)
(1.027686223 0 0.7024246452)
(0.9711750047 0 0.6900950876)
(0.999716757 0 0.774738692)
(0.9816974724 0 0.8276344715)
(0.8927929636 0 0.7809234653)
(0.9523129481 0 0.8566386788)
(0.981395082 0 0.9159112551)
(0.9535375371 0 0.9059811079)
(1.089358808 0 1.041109061)
(1.229452573 0 1.214952098)
(1.309594386 0 1.288452563)
(1.350561401 0 1.40010069)
(1.422155899 0 1.561531715)
(1.522712227 0 1.694259367)
(1.433498873 0 1.672253095)
(1.385254592 0 1.720329298)
(1.531858364 0 1.960177194)
(1.281412446 0 1.707182169)
(1.134547612 0 1.58904682)
(1.349063098 0 1.911928198)
(1.664416126 0 2.252343469)
(1.992619867 0 2.92522754)
(2.051206107 0 3.271485231)
(1.926069801 0 3.169590196)
(1.571825903 0 2.915686467)
(1.966589821 0 3.976327526)
(1.039152667 0 2.186569441)
(0.5284427946 0 1.283569112)
(1.084017598 0 2.669236807)
(0.3028749987 0 0.8119463304)
(0.2453493803 0 0.6583276422)
(0.3049081792 0 0.8985615321)
(0.199306765 0 0.52369024)
(0.1492669685 0 0.3869024831)
(0.1881210998 0 0.5415730886)
(0.1616749126 0 -0.6859664655)
(0.1751822625 0 -0.7440800973)
(0.05776379134 0 -0.5392961224)
(0.1731034471 0 -0.7680519598)
(0.1633059655 0 -0.7776919825)
(0.06956709915 0 -0.6314882089)
(0.1568829666 0 -0.8044798193)
(0.165088256 0 -0.8832867099)
(-0.0006026879151 0 -0.6468767618)
(0.1969558749 0 -1.041612489)
(0.2448794483 0 -1.243491281)
(-0.1321622042 0 -0.6616724701)
(0.304499307 0 -1.440334842)
(0.3769457149 0 -1.570523907)
(-0.2376551736 0 -0.7876863197)
(0.4554922726 0 -1.532872544)
(0.5099660799 0 -1.216899455)
(-0.2220061032 0 -0.9371463107)
(0.5166659806 0 -0.7777868995)
(0.5512978027 0 -0.6400634908)
(0.439478892 0 -0.8358808353)
(0.5567531099 0 -0.8281032333)
(0.6582238316 0 -0.8561399235)
(0.6157359871 0 -0.9206935162)
(0.7560223855 0 -0.8630462882)
(0.9211834666 0 -1.035977961)
(0.8533062845 0 -0.9408452425)
(1.117185628 0 -1.369148629)
(0.7694105523 0 -0.5557012463)
(0.939802342 0 -0.7275907103)
(0.6001901977 0 -0.3920020447)
(0.8339935582 0 -0.5813444349)
(1.34515977 0 -1.073150059)
(1.23604788 0 -0.884379266)
(1.483998735 0 -1.024245819)
(1.81747536 0 -1.386927454)
(1.677926109 0 -1.089116967)
(1.807631746 0 -1.076732238)
(1.954609134 0 -1.229502746)
(0.540404196 0 -0.1226307944)
(1.486823674 0 0.2653276911)
(1.450515179 0 0.2633392473)
(1.580926473 0 0.3247796271)
(1.542275031 0 0.3700771957)
(1.483907977 0 0.3519449731)
(1.424300225 0 0.431275582)
(1.288079127 0 0.5268751619)
(1.244528622 0 0.504726822)
(1.187856472 0 0.6452295561)
(1.143682828 0 0.7599620289)
(1.090001009 0 0.728730666)
(1.137551664 0 0.8530991646)
(1.134998632 0 0.9145379794)
(1.067005083 0 0.876812638)
(1.104344661 0 0.9339572779)
(1.047270623 0 0.9210561932)
(1.020153262 0 0.9266232842)
(0.9858904118 0 0.9022374147)
(0.9441314143 0 0.9071266724)
(1.099829511 0 1.081883252)
(0.93056737 0 0.9477790001)
(0.9180584565 0 0.9925423042)
(1.211038396 0 1.320107661)
(0.8577392325 0 0.9797155119)
(0.7180948572 0 0.8664575447)
(1.123585642 0 1.371181581)
(0.5031047358 0 0.645706472)
(0.2901338512 0 0.3981010843)
(0.7194101532 0 1.012285702)
(0.6431884821 0 0.8573844312)
(0.6754258595 0 0.9955804528)
(1.516005185 0 2.176929027)
(0.4745300739 0 0.795060358)
(0.2826509248 0 0.5364970722)
(0.8251323861 0 1.536396828)
(0.212690246 0 0.4299688816)
(0.1909018397 0 0.3938361445)
(0.2616470466 0 0.6304088491)
(0.1734953016 0 0.3610076157)
(0.1590705928 0 0.3343247597)
(0.18585117 0 0.4446595717)
(0.151672064 0 0.3239241853)
(0.1480179719 0 0.3235417094)
(0.1371865278 0 0.3225364468)
(0.3077488857 0 -0.8636796098)
(0.336402069 0 -0.9053326541)
(0.2699981288 0 -0.9081398373)
(0.37747897 0 -0.9582951927)
(0.4332283329 0 -1.01801628)
(0.3415594336 0 -1.07592026)
(0.5044838715 0 -1.073613123)
(0.5888723136 0 -1.116417963)
(0.4841872552 0 -1.299208746)
(0.6815556928 0 -1.156342911)
(0.7773119956 0 -1.219969516)
(0.6895726072 0 -1.358449562)
(0.87779113 0 -1.327399712)
(0.9948084003 0 -1.485846828)
(0.8973421182 0 -1.461121832)
(1.150300187 0 -1.701272194)
(1.384243937 0 -2.002934845)
(1.114359352 0 -1.766209061)
(1.75418803 0 -2.416647021)
(2.165166769 0 -2.70298658)
(1.934573 0 -3.023826903)
(2.466895766 0 -2.654459771)
(2.031444379 0 -2.171696217)
(2.372396913 0 -2.851647328)
(1.884422027 0 -1.084669375)
(0.6887814633 0 -0.3572716861)
(1.009867426 0 -0.4553925438)
(0.3955535662 0 -0.2700339568)
(0.3707380636 0 -0.2232281914)
(0.4231639316 0 -0.2446187398)
(0.4010157335 0 -0.1932265643)
(0.5429280673 0 -0.2383026791)
(0.9912366415 0 -0.5835741618)
(0.7337113785 0 -0.373720296)
(0.8109190024 0 -0.393285546)
(1.395837804 0 -0.7795421988)
(0.5196176419 0 -0.1299649143)
(1.512358463 0 0.2547321121)
(1.512316702 0 0.2634615244)
(1.611556906 0 0.3271976577)
(1.545161863 0 0.3838567921)
(1.568565296 0 0.3826697103)
(1.400723973 0 0.4550764488)
(1.261971632 0 0.5568143866)
(1.29876385 0 0.5476348989)
(1.187544355 0 0.6770357165)
(1.17538504 0 0.7884995866)
(1.175281615 0 0.7846226521)
(1.18381188 0 0.8688751771)
(1.17316903 0 0.9057644593)
(1.173117429 0 0.9274550219)
(1.119698897 0 0.8929142537)
(1.014219027 0 0.8286026421)
(1.049124519 0 0.8908142006)
(0.8500600534 0 0.7097656768)
(0.6275453 0 0.543891551)
(0.7862376346 0 0.7226188748)
(0.4119316411 0 0.3938724503)
(0.3097159672 0 0.3377117166)
(0.5372591726 0 0.5780610926)
(0.2728185006 0 0.3251632726)
(0.2572540525 0 0.3227055073)
(0.318495343 0 0.3853498355)
(0.2496483029 0 0.3224444106)
(0.2435153605 0 0.321402059)
(0.2404894797 0 0.310684355)
(0.2366768981 0 0.3198966302)
(0.2280559082 0 0.3177882335)
(0.2445248055 0 0.3511430616)
(0.2181208737 0 0.3157004689)
(0.2079891452 0 0.3146695541)
(0.2016177011 0 0.3273195264)
(0.1986282344 0 0.3153902701)
(0.1907461312 0 0.3182546981)
(0.1820370011 0 0.325758762)
(0.1844039136 0 0.3226969026)
(0.1794000196 0 0.3281518416)
(0.1680336978 0 0.3254593187)
(0.4142029966 0 -0.8237940744)
(0.4431943058 0 -0.8208680714)
(0.390039944 0 -0.8596545716)
(0.4813162965 0 -0.8240026385)
(0.5265454809 0 -0.8337186948)
(0.4869135596 0 -0.908442742)
(0.5767349949 0 -0.8519738437)
(0.6298805205 0 -0.8819458187)
(0.620909713 0 -0.970577641)
(0.6850723871 0 -0.9247029021)
(0.7451535012 0 -0.9769677287)
(0.7714620379 0 -1.095601007)
(0.83716978 0 -1.035094483)
(1.058355342 0 -1.115047559)
(0.9670560965 0 -1.29310291)
(1.443281263 0 -1.235078425)
(1.813153776 0 -1.352769881)
(1.836016264 0 -1.581712546)
(2.068662474 0 -1.432347231)
(2.233568654 0 -1.472489888)
(2.497531255 0 -1.757908287)
(2.341673653 0 -1.472853236)
(2.282843831 0 -1.348758933)
(2.707680342 0 -1.679355711)
(1.07916479 0 -0.4987498977)
(0.4291687552 0 -0.3010154831)
(0.4986190256 0 -0.3091592222)
(0.3609127977 0 -0.2722966931)
(0.3500416686 0 -0.2478277336)
(0.3596126368 0 -0.2356042402)
(0.3583910747 0 -0.222642689)
(0.377457067 0 -0.1943753828)
(0.401598556 0 -0.1746732411)
(0.389660874 0 -0.1781222773)
(0.423009253 0 -0.1437622329)
(0.4636864442 0 -0.1746788262)
(0.543599554 0 -0.1342155859)
(1.37373881 0 0.2013709141)
(1.470350067 0 0.2351879971)
(1.421306534 0 0.2706898683)
(1.292079273 0 0.3188121462)
(1.455115073 0 0.3654862491)
(1.135771275 0 0.389310398)
(1.055567885 0 0.4899850845)
(1.174504687 0 0.5416909396)
(1.052359285 0 0.596845729)
(1.073606731 0 0.684435667)
(1.140963972 0 0.7576320885)
(1.079274048 0 0.7371625822)
(1.045981231 0 0.7448412915)
(1.131591943 0 0.8451171731)
(0.9567559756 0 0.6973344526)
(0.7972155224 0 0.5841882616)
(0.9322918261 0 0.7275050727)
(0.575598788 0 0.4204571736)
(0.4117843873 0 0.3235510565)
(0.4813687998 0 0.3937759482)
(0.347285384 0 0.3189067185)
(0.3083938075 0 0.3307542186)
(0.2956976707 0 0.3212294143)
(0.2810028156 0 0.3424949194)
(0.2646142426 0 0.3522004427)
(0.2599501781 0 0.3365865889)
(0.2565478773 0 0.3594385371)
(0.2529190209 0 0.3643199254)
(0.2486878249 0 0.342800375)
(0.2504760766 0 0.3671680146)
(0.2472517654 0 0.3683392068)
(0.2383112926 0 0.3413646692)
(0.2424356565 0 0.3681283707)
(0.2360154128 0 0.3667227403)
(0.2218000779 0 0.3361375977)
(0.2284383622 0 0.3643002789)
(0.220432901 0 0.361343532)
(0.2036008724 0 0.3315167995)
(0.2129090264 0 0.359196733)
(0.2072505889 0 0.3586553394)
(0.1913708545 0 0.3360830361)
(0.5508314458 0 -0.83995126)
(0.5750946519 0 -0.8254260688)
(0.5024603713 0 -0.8087873088)
(0.596061521 0 -0.8093363215)
(0.6173913685 0 -0.8006727029)
(0.56687412 0 -0.8013959845)
(0.6407834623 0 -0.8006848856)
(0.6687821722 0 -0.8088194169)
(0.6427223905 0 -0.8325270522)
(0.7130904467 0 -0.824089434)
(0.820183262 0 -0.8578218813)
(0.7547977308 0 -0.8932858817)
(1.031410267 0 -0.924482766)
(1.279929916 0 -0.999909584)
(1.174920893 0 -1.022633311)
(1.481136036 0 -1.055995524)
(1.628263441 0 -1.093956047)
(1.697046222 0 -1.186489916)
(1.744243552 0 -1.122353068)
(1.850492488 0 -1.146194995)
(2.017047392 0 -1.282258508)
(1.942438101 0 -1.154878288)
(1.891832323 0 -1.067497664)
(2.025145866 0 -1.16746126)
(0.9720961835 0 -0.4944815817)
(0.3696201332 0 -0.2981309382)
(0.3896904755 0 -0.2996653415)
(0.3622773219 0 -0.284915932)
(0.3735656696 0 -0.2776546841)
(0.3509131051 0 -0.2612094962)
(0.3951033002 0 -0.2666855703)
(0.4182987574 0 -0.2421967884)
(0.3803834672 0 -0.2154400401)
(0.4351758712 0 -0.199033775)
(0.4354776671 0 -0.1258624121)
(0.4283914496 0 -0.1280536463)
(0.6236668694 0 -0.1253015863)
(1.093671466 0 0.1047825733)
(1.23268958 0 0.1542792863)
(1.033506328 0 0.1487224691)
(0.9206581614 0 0.1685013585)
(1.084273695 0 0.2441512086)
(0.8776000869 0 0.2256879822)
(0.8741942054 0 0.303470525)
(0.9449289427 0 0.4017390254)
(0.8693554608 0 0.3776478501)
(0.8545112544 0 0.4352343902)
(0.9755384494 0 0.5718400927)
(0.8197083127 0 0.461282775)
(0.748184549 0 0.4411275664)
(0.9139791976 0 0.6058693495)
(0.6364115262 0 0.3761875518)
(0.5321772943 0 0.3171050509)
(0.630504466 0 0.4187042637)
(0.4760162713 0 0.3079451771)
(0.4324863347 0 0.3194862056)
(0.4125390238 0 0.3144183453)
(0.3835786794 0 0.3343902074)
(0.3338966272 0 0.350077503)
(0.3214377431 0 0.3406817885)
(0.2929378131 0 0.3643659355)
(0.266751566 0 0.3755467135)
(0.2665777819 0 0.3649618506)
(0.2543938147 0 0.3840713926)
(0.2508138019 0 0.3913680428)
(0.2535012373 0 0.3807044386)
(0.2511917958 0 0.39826912)
(0.2525616281 0 0.4049013221)
(0.2520892241 0 0.3903007192)
(0.2535301184 0 0.4111266993)
(0.2536201204 0 0.4167648649)
(0.2469892469 0 0.3950886947)
(0.25276958 0 0.4216161252)
(0.2510045386 0 0.4257304391)
(0.237142124 0 0.3953057487)
(0.2488167726 0 0.4285141063)
(0.2455656062 0 0.4332999455)
(0.2258486269 0 0.3931690868)
(0.6798147574 0 -0.8887054986)
(0.7299705678 0 -0.9044667966)
(0.699217741 0 -0.8287046126)
(0.774050055 0 -0.8741514342)
(0.7863489762 0 -0.8317263007)
(0.7144416152 0 -0.8040582288)
(0.8338011309 0 -0.8194669332)
(1.007462206 0 -0.8723065404)
(0.9159315274 0 -0.8580920819)
(1.278198064 0 -0.9787395661)
(1.518729229 0 -1.069393848)
(1.400376732 0 -1.026420211)
(1.655960597 0 -1.102888121)
(1.704013017 0 -1.089262411)
(1.638659374 0 -1.070310149)
(1.706933939 0 -1.053715507)
(1.702709522 0 -1.015541501)
(1.750011084 0 -1.061965747)
(1.709746066 0 -0.9806584964)
(1.641327288 0 -0.8951412772)
(1.801008986 0 -0.9959154798)
(0.927424682 0 -0.4775823742)
(0.3884432263 0 -0.3933889992)
(0.3713585882 0 -0.2971017774)
(0.4096954255 0 -0.4718350236)
(0.4503616484 0 -0.5578295451)
(0.4104214594 0 -0.2936257665)
(0.5006687297 0 -0.6155495237)
(0.5628222802 0 -0.6339244387)
(0.4806500533 0 -0.2770159821)
(0.6381123712 0 -0.592631262)
(0.7170669495 0 -0.442535279)
(0.4496446521 0 -0.1596766018)
(0.8665362865 0 -0.2012331636)
(0.968442131 0 0.03440763225)
(1.010820228 0 0.06884852778)
(0.8978513101 0 0.08799369597)
(0.9032673895 0 0.1211056086)
(0.8757836493 0 0.1300966507)
(0.9041533154 0 0.1583105759)
(0.855203554 0 0.1919576578)
(0.8483439465 0 0.2299550884)
(0.7648529055 0 0.216106915)
(0.6720282675 0 0.2352052253)
(0.7393639445 0 0.3087684625)
(0.6090727859 0 0.2523403323)
(0.5783870534 0 0.2682377613)
(0.6155509149 0 0.3102222572)
(0.5638099794 0 0.2853717004)
(0.5477707358 0 0.3027007312)
(0.5277575759 0 0.2984479639)
(0.518884858 0 0.3177294544)
(0.4745440421 0 0.3313609904)
(0.4546380986 0 0.3257700872)
(0.4195181511 0 0.3473566465)
(0.3638980768 0 0.3675074861)
(0.3477888286 0 0.3593109204)
(0.3182450746 0 0.3870329891)
(0.286631172 0 0.3993239172)
(0.2713752785 0 0.386826116)
(0.2670348973 0 0.4045180174)
(0.2564214533 0 0.4075257664)
(0.2495486682 0 0.3991771197)
(0.2522978676 0 0.4120668669)
(0.2525238811 0 0.4193113167)
(0.2511694748 0 0.4135080242)
(0.2554384762 0 0.4291024175)
(0.2599150257 0 0.4409566921)
(0.2570459067 0 0.4314383054)
(0.2653112187 0 0.4546347122)
(0.2703382804 0 0.4683663151)
(0.262029363 0 0.4498657632)
(0.6522512624 0 -0.7240939414)
(0.7318707017 0 -0.6825512659)
(0.7884778824 0 -0.848154094)
(0.8021937622 0 -0.7455799117)
(1.015219832 0 -0.8470036265)
(1.061026697 0 -0.8865888602)
(1.3039593 0 -0.959340088)
(1.600768533 0 -1.084782966)
(1.598919193 0 -1.097687565)
(1.784842623 0 -1.149234328)
(1.835939555 0 -1.138813524)
(1.784966784 0 -1.12171955)
(1.783484002 0 -1.071583716)
(1.657727804 0 -0.968826596)
(1.682705105 0 -0.9896155487)
(1.45042899 0 -0.8412804128)
(1.073594472 0 -0.6944939072)
(1.357282215 0 -0.7673147098)
(0.566166572 0 -0.6088782466)
(0.4744321906 0 -0.6635228532)
(0.425459084 0 -0.5604996577)
(0.4893941996 0 -0.6960861331)
(0.520160664 0 -0.7193378188)
(0.4865783402 0 -0.6948152732)
(0.566274525 0 -0.7136673451)
(0.6263046435 0 -0.6675354035)
(0.6124240232 0 -0.7225147018)
(0.6978334737 0 -0.5696890076)
(0.7748272643 0 -0.4123266975)
(0.7937639979 0 -0.4657937161)
(0.8431736711 0 -0.2141758251)
(0.8880280415 0 -0.04580933902)
(0.9242090545 0 -0.007956549727)
(0.9616851922 0 0.06317870289)
(1.008396395 0 0.1222398249)
(0.9542460453 0 0.1213062576)
(0.9838914452 0 0.151357766)
(0.8771504668 0 0.1687502193)
(0.8736864376 0 0.1781515064)
(0.7393694238 0 0.1774327699)
(0.6316239902 0 0.2004253405)
(0.6493297147 0 0.2118497898)
(0.5885165997 0 0.2370870336)
(0.5856747535 0 0.2708226962)
(0.5825769995 0 0.267173742)
(0.5860416983 0 0.2962657644)
(0.572343168 0 0.31404191)
(0.5654485086 0 0.3095468922)
(0.5396588747 0 0.3258024947)
(0.4912093674 0 0.3358305419)
(0.4880665207 0 0.3351216256)
(0.4373867506 0 0.3508921121)
(0.3918286104 0 0.3734478685)
(0.3797169199 0 0.3726625453)
(0.3596679503 0 0.396136207)
(0.3352412766 0 0.4111779002)
(0.3106580194 0 0.4089652834)
(0.3140095326 0 0.418429549)
(0.2958161368 0 0.4215534703)
(0.2737120646 0 0.4164055526)
(0.2826991585 0 0.4242997685)
(0.2744249065 0 0.4294558125)
(0.2603800361 0 0.4248403449)
(0.27120478 0 0.4385482586)
(0.2728640504 0 0.452598124)
(0.2650104782 0 0.4477243916)
(-0.7748057889 0 0.9300271793)
(-0.1931811077 0 0.4346537756)
(0.6248115375 0 -0.5824836355)
(0.6376653111 0 -0.5642092042)
(0.7743058009 0 -0.6458606081)
(0.9052533022 0 -0.707906814)
(1.016178411 0 -0.7631960842)
(1.303962966 0 -0.8953220612)
(1.493353233 0 -1.012143982)
(1.568902963 0 -1.004851365)
(1.680243366 0 -1.032309024)
(1.810012371 0 -1.11364964)
(1.636383048 0 -0.980977317)
(1.44293894 0 -0.8715990072)
(1.587392912 0 -0.9353558934)
(1.110793758 0 -0.7501744302)
(0.7558022383 0 -0.702038973)
(0.873398471 0 -0.686085378)
(0.5975433824 0 -0.7395459235)
(0.5797248018 0 -0.761193897)
(0.5274154873 0 -0.7246321093)
(0.5818737766 0 -0.7502173844)
(0.5917378187 0 -0.7148078881)
(0.5541006941 0 -0.7142205318)
(0.612508104 0 -0.6587614099)
(0.6452149152 0 -0.5837985562)
(0.6325560762 0 -0.6110427725)
(0.6894804737 0 -0.4871569878)
(0.7448549237 0 -0.3668331768)
(0.7517370076 0 -0.3753265192)
(0.8108647529 0 -0.2304705962)
(0.8918864565 0 -0.1035018508)
(0.8794566051 0 -0.07383646482)
(1.026139786 0 0.008729773918)
(1.0387316 0 0.1037563957)
(1.04399597 0 0.1177543038)
(0.9346595124 0 0.1078440287)
(0.7557204257 0 0.07556660781)
(0.8422068006 0 0.1412201712)
(0.5880831606 0 -0.008329329735)
(0.6523351497 0 0.2013570628)
(0.607981552 0 0.1859994872)
(0.5970839139 0 0.2507175232)
(0.5800038337 0 0.2789384317)
(0.5820918241 0 0.273988247)
(0.5711711757 0 0.2991883606)
(0.5499757332 0 0.3125385262)
(0.5658379824 0 0.3146662125)
(0.5126784369 0 0.320987946)
(0.4679851218 0 0.3302034957)
(0.4828069571 0 0.3334654496)
(0.4301502558 0 0.3457267406)
(0.4051206893 0 0.3651778127)
(0.3992127753 0 0.3701990869)
(0.3861962135 0 0.3821272086)
(0.3675731691 0 0.3942652541)
(0.3542015403 0 0.4052942199)
(0.3488338657 0 0.4034869399)
(0.3454497625 0 0.4271632867)
(0.3165184491 0 0.4194665765)
(0.5255940795 0 1.068007116)
(0.4349235801 0 0.842186567)
(0.293764481 0 0.4306911811)
(0.3401363902 0 0.5639740774)
(0.3068517675 0 0.4760216494)
(0.2869584735 0 0.4546492205)
(-1.511109306 0 0.5745046421)
(0.5870985691 0 -0.4959050845)
(0.692749375 0 -0.5911041051)
(0.7450339697 0 -0.623699073)
(1.028112641 0 -0.7193241366)
(1.129451655 0 -0.7948533264)
(1.144143155 0 -0.7706454)
(1.212674206 0 -0.7710214968)
(1.461401742 0 -0.9054404993)
(1.179641042 0 -0.7392991118)
(1.034596494 0 -0.6823024645)
(1.240089924 0 -0.7788483752)
(0.8395864727 0 -0.6526992757)
(0.7102674891 0 -0.6819618391)
(0.7108382796 0 -0.7071440353)
(0.6601119316 0 -0.7198164169)
(0.6402510544 0 -0.7341922179)
(0.6207146225 0 -0.7685733139)
(0.6324722738 0 -0.7250514616)
(0.6333617518 0 -0.6944379838)
(0.624757174 0 -0.7177577094)
(0.6427374375 0 -0.6433917073)
(0.6565685013 0 -0.5748370398)
(0.659540443 0 -0.5805713383)
(0.6782478349 0 -0.4932973572)
(0.7113636057 0 -0.3994224879)
(0.7408748444 0 -0.3816656371)
(0.7595761253 0 -0.2946690284)
(0.8271145379 0 -0.1854237513)
(0.8873590534 0 -0.14249471)
(0.9178348794 0 -0.08051155915)
(0.8749105387 0 0.04844187514)
(0.9843166308 0 0.08215624881)
(0.7006938789 0 -0.001591556443)
(0.4397067212 0 -0.1134504913)
(0.6132275273 0 -0.02679656479)
(0.3391788238 0 -0.03786301856)
(0.8325249095 0 0.2266329761)
(0.7904966091 0 0.2321671269)
(0.7209192854 0 0.2794303327)
(0.6235140864 0 0.2975434733)
(0.5911249707 0 0.2876822209)
(0.6247593063 0 0.3170881487)
(0.6792551036 0 0.4514179959)
(0.5338173015 0 0.3307604582)
(0.7228929335 0 0.5645010697)
(0.7744762602 0 0.6695452937)
(0.4699569574 0 0.3554835864)
(0.8014819333 0 0.7499735524)
(0.7472691035 0 0.7336001498)
(0.4409859897 0 0.3890431093)
(0.6236469456 0 0.6233020185)
(0.4990380782 0 0.5051487936)
(0.3892420067 0 0.39749517)
(0.4193305097 0 0.4409429106)
(0.7907041673 0 0.555396285)
(1.059923557 0 0.6634595622)
(2.108677709 0 1.771242215)
(2.094397065 0 2.185643888)
(1.563344266 0 2.058243548)
(0.9549340229 0 -0.7048169217)
(0.9178303906 0 -0.6502660324)
(1.023636355 0 -0.6837016701)
(0.8561038292 0 -0.6041059657)
(0.8072256622 0 -0.5812037354)
(0.8856813819 0 -0.6135365789)
(0.7932087132 0 -0.5799649032)
(0.7896898931 0 -0.5815353818)
(0.7376149555 0 -0.6325272046)
(0.7505305504 0 -0.5748747566)
(0.6775827776 0 -0.5592518729)
(0.645518791 0 -0.6584457203)
(0.5923302377 0 -0.5287377368)
(0.5287369654 0 -0.4887830957)
(0.603467992 0 -0.6210450682)
(0.5415779329 0 -0.472098843)
(0.5540866614 0 -0.4361470002)
(0.6223558286 0 -0.5321744286)
(0.5626876605 0 -0.3897505993)
(0.5655388765 0 -0.3324166768)
(0.6477063589 0 -0.3895558353)
(0.5630904779 0 -0.2665862211)
(0.5567194363 0 -0.1985908711)
(0.7017198629 0 -0.2116893142)
(0.5408523138 0 -0.1317040032)
(0.4586006794 0 -0.07988569255)
(0.6871525947 0 -0.01129413838)
(0.3427434377 0 -0.08532572936)
(0.3040373808 0 -0.05895676474)
(0.3336671791 0 -0.1040969853)
(0.277681915 0 0.06112828173)
(0.6998548324 0 0.185555464)
(0.7807266102 0 0.2083013739)
(0.7411865139 0 0.2451964872)
(0.6846748669 0 0.2824549975)
(0.6644066384 0 0.2984062682)
(0.723490845 0 0.3287476782)
(1.22032891 0 0.7715733552)
(0.9801186618 0 0.6364619303)
(1.245956093 0 0.9002685523)
(1.17990361 0 0.9385600023)
(1.053421255 0 0.8899256416)
(1.099883567 0 0.9413394492)
(0.9925703946 0 0.8957948037)
(0.9168868332 0 0.8746483876)
(0.843248309 0 0.7866808112)
(0.6741253933 0 0.6410183855)
(0.604506789 0 0.5964112371)
(0.7349651282 0 -0.5643462929)
(0.7708965909 0 -0.5530208281)
(0.7745494545 0 -0.5671942901)
(0.8352465567 0 -0.5446774203)
(0.8853550553 0 -0.5215765605)
(0.8485940019 0 -0.5463234403)
(0.8994154583 0 -0.4833707354)
(0.8767868396 0 -0.4360723899)
(0.7771891426 0 -0.4761571118)
(0.7882702542 0 -0.3669086284)
(0.3195627227 0 -0.1535900535)
(0.4096388585 0 -0.296721819)
(0.329549383 0 -0.1578740956)
(0.3595128582 0 -0.1492482837)
(0.4519982394 0 -0.2873476132)
(0.3898005266 0 -0.1462932497)
(0.4088330788 0 -0.1379173315)
(0.4782989677 0 -0.2330519827)
(0.419133727 0 -0.123005624)
(0.4266371617 0 -0.1025370394)
(0.4580945361 0 -0.1505085267)
(0.3908300315 0 -0.06353850875)
(0.3490863516 0 -0.08609102819)
(0.3549013851 0 -0.09997437634)
(0.3173902181 0 -0.03465022544)
(0.280895903 0 0.001709420724)
(0.2893334259 0 -0.02523652766)
(0.252985335 0 0.05437343926)
(0.5308695331 0 0.1375592568)
(0.613670144 0 0.1611035599)
(0.6190022897 0 0.184399102)
(0.6301760308 0 0.222556689)
(0.6723250037 0 0.2547651517)
(0.6817869873 0 0.2831300625)
(1.496103224 0 0.8847442644)
(1.408964427 0 0.8623638572)
(1.391239437 0 0.9137634559)
(1.273335466 0 0.9102945848)
(1.241344425 0 0.9317278521)
(1.167692541 0 0.8955730053)
(1.036023249 0 0.8403200246)
(1.031411014 0 0.8809614957)
(0.6952737881 0 -0.2924446956)
(0.2835521751 0 -0.1151265677)
(0.2987688608 0 -0.1256654432)
(0.2878983111 0 -0.1035353092)
(0.3136634305 0 -0.09820765784)
(0.3282563462 0 -0.1063178938)
(0.3412711722 0 -0.09606291744)
(0.3666878509 0 -0.09394545766)
(0.3812067897 0 -0.1013953264)
(0.3936610563 0 -0.09011603252)
(0.4336360409 0 -0.08156986324)
(0.4334908364 0 -0.08403219765)
(0.4614876115 0 0.04441396264)
(0.3547438213 0 -0.02826116681)
(0.3557747392 0 -0.06138358279)
(0.3072317412 0 0.002241325463)
(0.2724463225 0 0.03583778178)
(0.2756023162 0 0.02214451151)
(0.2436305231 0 0.05103515456)
(0.3932770314 0 0.09794851931)
(0.4564642782 0 0.1163406514)
(0.4636847918 0 0.1319426629)
(0.5031627476 0 0.1636217129)
(0.5688052553 0 0.191048627)
)
;

boundaryField
{
    dominio_ascii
    {
        type            zeroGradient;
    }
    wallFilmFaces_top
    {
        type            fixedValue;
        value           uniform (0 0 0);
    }
    region0_to_wallFilmRegion_wallFilmFaces
    {
        type            slip;
    }
}


// ************************************************************************* //
