/*--------------------------------*- C++ -*----------------------------------*\
| =========                 |                                                 |
| \\      /  F ield         | OpenFOAM: The Open Source CFD Toolbox           |
|  \\    /   O peration     | Version:  2.1.x                                 |
|   \\  /    A nd           | Web:      www.OpenFOAM.org                      |
|    \\/     M anipulation  |                                                 |
\*---------------------------------------------------------------------------*/
FoamFile
{
    version     2.0;
    format      ascii;
    class       volVectorField;
    location    "1.6";
    object      Uf;
}
// * * * * * * * * * * * * * * * * * * * * * * * * * * * * * * * * * * * * * //

dimensions      [0 1 -1 0 0 0 0];

internalField   nonuniform List<vector> 
2828
(
(-0.1596888319 0 -0.6158292821)
(-0.0800303447 0 -0.6101950662)
(0.08020192961 0 -0.5577156039)
(0.3541120431 0 -0.5382511716)
(0.6737223034 0 -0.5166149322)
(-0.9497358423 0 -0.4099233416)
(-1.006903037 0 -0.3551160448)
(-0.6579458772 0 -0.2638113257)
(-0.275199775 0 -0.5869592566)
(-0.1388771674 0 -0.6804540245)
(-0.04919915201 0 -0.6374358386)
(0.1086705666 0 -0.5605653318)
(0.4220224012 0 -0.4705387154)
(1.027996393 0 -0.6603470144)
(1.87974048 0 -1.837983314)
(1.935382737 0 -1.913382029)
(2.452409605 0 -1.624849174)
(-0.5872111901 0 -0.3709778233)
(-0.7731284553 0 -0.4358240006)
(-0.9798734947 0 -0.4743348971)
(-0.9776931318 0 -0.4135294765)
(-0.7842171895 0 -0.3218791085)
(-0.129453968 0 -0.5946587888)
(-0.002927947495 0 -0.7277074453)
(0.05999676797 0 -0.7381967075)
(0.2191910887 0 -0.7533719832)
(0.7962199131 0 -0.8809311877)
(1.833092762 0 -1.490884148)
(2.134360907 0 -1.756694694)
(2.280563404 0 -1.747639973)
(2.278237956 0 -1.543571017)
(1.680815146 0 -1.661843664)
(0.8136317905 0 -1.761528634)
(-0.4254642972 0 -0.2947329796)
(-0.6199908206 0 -0.4312941943)
(-0.8097435151 0 -0.513352954)
(-0.9156833685 0 -0.5298118141)
(-1.080044222 0 -0.5139178368)
(-1.063613432 0 -0.4659733208)
(0.08875987294 0 -0.6608775507)
(0.2250636982 0 -0.815313138)
(0.3250253631 0 -0.8358992973)
(0.5054930193 0 -0.8649377143)
(1.040644364 0 -1.040592247)
(1.95092853 0 -1.521855162)
(2.209979937 0 -1.669004519)
(2.259114282 0 -1.559827896)
(2.067324766 0 -1.298114703)
(1.315586676 0 -1.145661892)
(0.3993276713 0 -0.7916935758)
(-0.3537390693 0 0.2878352526)
(0.1563861958 0 0.4180922774)
(-0.3741871923 0 -0.3102148755)
(-0.5124089372 0 -0.4268944767)
(-0.680976807 0 -0.5635571436)
(-0.8128165538 0 -0.6312451405)
(-0.832931221 0 -0.5746959452)
(-1.22783858 0 -0.6590815894)
(-1.269392642 0 -0.5913695602)
(0.2230869206 0 -0.7120237168)
(0.4343268705 0 -0.865433183)
(0.4966165845 0 -0.9236775098)
(0.6014323074 0 -1.027303559)
(0.9112195642 0 -1.06363404)
(1.548896636 0 -1.205958186)
(2.078468621 0 -1.44325552)
(2.193815557 0 -1.365995463)
(1.893914998 0 -1.033997131)
(0.9722307173 0 -0.6523611895)
(0.1740840439 0 -0.03897061919)
(0.2196292049 0 0.3900019152)
(-0.3434767701 0 0.3638146862)
(-0.8050824712 0 0.4197682296)
(-0.3434918255 0 -0.3453900049)
(-0.4461304118 0 -0.4516164637)
(-0.6123629604 0 -0.6618884819)
(-0.7291011842 0 -0.7787614978)
(-0.7542542056 0 -0.7641866288)
(-0.8231282201 0 -0.7052523781)
(-1.341097726 0 -0.8394831255)
(-1.048616413 0 -0.7911124995)
(0.3411218909 0 -0.950568518)
(0.4536302464 0 -0.9303317232)
(0.2910987583 0 -0.9169930666)
(0.806950403 0 -1.093074888)
(1.107293813 0 -1.071490891)
(1.401367893 0 -1.036571066)
(1.715565047 0 -1.035191168)
(1.940061607 0 -1.014884746)
(1.711655622 0 -0.8663951812)
(0.05851684148 0 0.4690256586)
(0.3290683584 0 0.344236592)
(0.2665566185 0 0.4107245909)
(-0.652003473 0 0.3698068965)
(-0.8570640669 0 0.1868580804)
(-0.726900491 0 0.1576985607)
(-0.3190028165 0 -0.384057539)
(-0.4011410811 0 -0.4974152087)
(-0.5828202694 0 -0.8234138461)
(-0.6918550615 0 -1.007372045)
(-0.7208541136 0 -1.02572508)
(-0.7030623921 0 -0.9329624365)
(-0.8445195036 0 -0.9571993284)
(-1.351761304 0 -1.07054221)
(-2.341599995 0 -1.06762468)
(-1.33534912 0 -0.5962212837)
(-1.131943104 0 0.105848909)
(-0.05700038435 0 -0.8458111889)
(0.7910504277 0 -1.316378772)
(1.292565781 0 -0.8203287261)
(1.179086792 0 -0.777539736)
(1.521172732 0 -0.7919757829)
(1.66851233 0 -0.5854168396)
(1.538345012 0 -0.388070859)
(0.9546434238 0 0.03690786806)
(0.6706516199 0 0.4386867045)
(-0.6253496265 0 0.1153391734)
(-0.7524278034 0 0.1191457971)
(-0.6976752013 0 0.0527196829)
(-0.5831714335 0 0.1225718832)
(-0.3002691435 0 -0.3954381288)
(-0.3244373807 0 -0.431626742)
(-0.5191878409 0 -0.8506236198)
(-0.6502479166 0 -1.156523514)
(-0.6744102944 0 -1.225615475)
(-0.6431784615 0 -1.128967016)
(-0.7130163036 0 -1.139227938)
(-0.9146356507 0 -1.24586283)
(-1.330066746 0 -1.387702427)
(-2.457623542 0 -1.457297615)
(-1.114768674 0 -0.03755933684)
(-1.406669002 0 0.1297613479)
(-1.854759625 0 1.228491098)
(-1.712247031 0 1.605379456)
(-1.566297629 0 1.499954755)
(1.337411597 0 -0.885292388)
(1.31328142 0 -0.6709198168)
(1.382841663 0 -0.3638110004)
(1.274420657 0 -0.03021320573)
(0.7615317641 0 0.2068244667)
(0.1110626623 0 0.4521457796)
(-0.7591873816 0 -0.006119804042)
(-0.5963752461 0 -0.08927792927)
(-0.4540840582 0 -0.004966008319)
(-0.3934071016 0 0.0878655772)
(-0.3351064493 0 0.1285778865)
(-0.2759907865 0 -0.3877946362)
(-0.3124520276 0 -0.4670524836)
(-0.496088761 0 -0.865803567)
(-0.5891502172 0 -1.084566227)
(-0.5699197028 0 -1.11698144)
(-0.5777354302 0 -1.167585197)
(-0.7016411472 0 -1.330598676)
(-0.9299140559 0 -1.496165852)
(-1.247189317 0 -1.489737717)
(-1.621595916 0 -1.662431304)
(-1.60828292 0 0.1163101256)
(-0.8800848561 0 0.2256496874)
(-0.5605356223 0 0.2842224063)
(-0.4977044835 0 0.3179436049)
(-0.7026440912 0 0.5266107224)
(-0.9183875694 0 0.8549508169)
(1.091390058 0 -0.5679252041)
(1.219651346 0 -0.3765038763)
(1.059540088 0 0.4058046438)
(-0.1224174202 0 1.089076427)
(-1.026432104 0 -0.1904813939)
(-0.4988581406 0 -0.1418871144)
(-0.2314585009 0 -0.1752373767)
(-0.04558104085 0 -0.1189390903)
(0.2153711077 0 0.09413109492)
(2.162776535 0 -0.5175741683)
(4.124704378 0 -1.256044258)
(-0.2640322143 0 -0.3872828985)
(-0.2410728066 0 -0.3647425947)
(-0.2596018276 0 -0.3540446507)
(-0.3770540533 0 -0.5423366196)
(-0.4797904219 0 -0.7338210784)
(-0.4917617489 0 -0.8019207147)
(-0.5112479489 0 -0.9438578355)
(-0.6217690641 0 -1.308587629)
(-0.7593456368 0 -1.588559025)
(-0.8415274132 0 -1.240982221)
(-0.2892117024 0 0.03853827772)
(-0.8070428218 0 0.08236095177)
(-1.246438595 0 0.4598065632)
(-0.6404092927 0 0.3916290851)
(-0.5635673458 0 0.3847823718)
(-1.265794362 0 1.145189233)
(-1.135432165 0 1.482278594)
(-0.910470114 0 1.536844719)
(-0.8963738641 0 1.4073684)
(-1.088962737 0 1.382054218)
(-0.9021911985 0 0.8897141709)
(-0.430037728 0 -0.5119317377)
(0.03440014196 0 -0.5051030508)
(1.240542002 0 -1.832391357)
(2.332327882 0 -3.113837003)
(2.594568578 0 -3.395747206)
(2.827443022 0 -3.633920933)
(3.026682073 0 -4.048250744)
(-0.2830298695 0 -0.3525976541)
(-0.3214340262 0 -0.3573079689)
(-0.395147575 0 -0.3557626476)
(-0.3829559741 0 -0.3774626325)
(-0.3911001299 0 -0.5344463493)
(-0.4314690565 0 -0.6186255491)
(-0.4933998206 0 -0.6931208068)
(-0.6115985522 0 -0.8233860021)
(-0.7801829088 0 -0.9843411886)
(-0.4099298926 0 -0.1063007195)
(-0.4306545286 0 -0.03067465404)
(-3.234878968 0 0.4697607314)
(-1.174890455 0 0.6379557911)
(-0.6981806704 0 0.4598641243)
(-0.6482662085 0 0.4592191806)
(-2.189489964 0 2.480269463)
(-1.172555751 0 2.482171296)
(-0.9503625034 0 2.677982309)
(-0.8841176412 0 2.027300119)
(-0.959200042 0 1.352246697)
(-0.6759495746 0 -0.6100691847)
(0.3249383115 0 -0.99716275)
(1.434478285 0 -2.302243204)
(2.235081779 0 -3.306791926)
(2.495152556 0 -3.620964013)
(2.679979921 0 -3.823194134)
(2.872768503 0 -4.010970078)
(3.043549156 0 -4.178544518)
(-0.3326332181 0 -0.3131117534)
(-0.423156124 0 -0.3737041604)
(-0.4994763522 0 -0.3818988766)
(-0.4628846617 0 -0.3054778936)
(-0.3131985141 0 -0.3058689344)
(-0.3205941369 0 -0.4163378926)
(-0.3759145168 0 -0.5034298604)
(-0.4932408866 0 -0.6874035831)
(-0.8080908181 0 -1.121525818)
(-0.6956337871 0 -0.395648594)
(-0.6842444831 0 -0.1151967392)
(-4.486759854 0 1.141722378)
(-1.096556411 0 0.6728761132)
(-0.7764977583 0 0.5307629516)
(-0.7556167075 0 0.5407392208)
(-1.778197248 0 2.566691083)
(-0.8829175997 0 3.30681984)
(-0.6332931587 0 3.312540516)
(-0.794099949 0 2.480408977)
(-0.9192920027 0 1.433013712)
(0.04072456259 0 -1.319001394)
(0.9495593026 0 -1.770426422)
(1.997625418 0 -3.022223775)
(2.392050467 0 -3.504964244)
(2.581042236 0 -3.665631376)
(2.764796759 0 -3.794104751)
(2.938304509 0 -3.896322236)
(3.068288932 0 -3.973481488)
(-0.4992200874 0 0.2816208855)
(-0.351093117 0 -0.3073190631)
(-0.4232211911 0 -0.3678084379)
(-0.5142791834 0 -0.4133157706)
(-0.4975273338 0 -0.3004690295)
(-0.3011093218 0 -0.1767561604)
(-0.3036966584 0 -0.07843439165)
(-0.4328888706 0 0.06480702877)
(-0.3519732171 0 -0.04511116298)
(-0.3915291102 0 -0.5077785707)
(-1.126098085 0 -1.253979078)
(-0.9093351786 0 -0.363703147)
(-1.211912772 0 0.3814552383)
(-1.046053233 0 0.6499668029)
(-0.9108351263 0 0.6585050931)
(-1.157478525 0 0.7292267068)
(-0.509384605 0 0.6091596309)
(0.9156548151 0 2.063184177)
(-0.4289320097 0 1.037153122)
(-0.9333049456 0 0.8386042825)
(-1.03416737 0 0.9656258989)
(0.4160964963 0 -1.488694335)
(1.157843648 0 -1.992380478)
(2.092257951 0 -3.063534919)
(2.47598737 0 -3.494350534)
(2.622076035 0 -3.580196494)
(2.764828889 0 -3.665265527)
(2.880338039 0 -3.742331489)
(2.930150942 0 -3.781762796)
(-0.004827165859 0 -0.4032903841)
(-0.2531327339 0 -0.2258654107)
(-0.3258319434 0 -0.3022967677)
(-0.3464188637 0 -0.3752868119)
(-0.4522727911 0 -0.4651636454)
(-0.5463484042 0 -0.3439555375)
(-0.3225248976 0 -0.02725628532)
(-0.6981652763 0 0.3209805047)
(-0.8184105672 0 0.4372191062)
(-0.7028814599 0 0.4240505262)
(-0.4237384047 0 0.1089245321)
(-0.5694876506 0 -0.7052832957)
(-0.9810851008 0 -0.6273143723)
(-1.178990195 0 0.678440148)
(-1.194184594 0 0.8346326498)
(-1.105468007 0 0.9371160478)
(-0.416283358 0 0.5175180122)
(-0.5665087654 0 0.6028955407)
(-0.6994870483 0 0.7070466034)
(-0.8912313419 0 0.7517406132)
(-1.014161895 0 0.8373332226)
(-1.165805885 0 1.198198705)
(0.6264705396 0 -1.58719398)
(1.121559421 0 -1.815886354)
(1.731129955 0 -2.579311542)
(2.342102454 0 -3.262222862)
(2.540811314 0 -3.398864855)
(2.601070468 0 -3.41139216)
(2.490959779 0 -3.251544666)
(1.599780527 0 -2.120156402)
(0.3839011036 0 -0.4707311516)
(-0.2350208725 0 -0.2020014887)
(-0.2492553291 0 -0.2799895137)
(-0.2127988936 0 -0.433899565)
(-0.3235072943 0 -0.5792443193)
(-0.6436301734 0 -0.5533955277)
(-0.6163975963 0 0.3619763243)
(-0.9314102735 0 0.4927605557)
(-1.028639654 0 0.6400764198)
(-0.9753902657 0 0.6413693638)
(-0.7526890328 0 0.5242472257)
(-0.4576182396 0 0.2034912778)
(-0.5260858245 0 -0.03948545621)
(-0.7250302485 0 0.5250096674)
(0.9479504563 0 2.332846197)
(-0.1591141612 0 2.983339837)
(-0.6025920204 0 0.7075261385)
(-0.6762476236 0 0.6872610598)
(-0.8288307543 0 0.7583241427)
(-0.9747282072 0 0.8127935898)
(-1.063808815 0 0.8716572664)
(-1.099541642 0 1.038872855)
(0.88867907 0 -1.135049094)
(0.879892433 0 -1.263494045)
(1.32236795 0 -1.803336642)
(1.704404936 0 -2.331909001)
(2.004618876 0 -2.668349318)
(2.005932982 0 -2.602376694)
(1.629639046 0 -2.044831612)
(0.7935810953 0 -0.6764650703)
(0.4683147085 0 -0.4158263788)
(-0.1941064502 0 -0.1304010448)
(-0.1862282349 0 -0.1823705873)
(-0.1914660945 0 -0.2774752531)
(-0.08259687461 0 -0.8267482511)
(-0.221405899 0 -0.486837486)
(-0.7643897254 0 0.5078403322)
(-1.053665847 0 0.7432941479)
(-1.210790083 0 0.9361330921)
(-1.190211956 0 0.8950438944)
(-0.9560552721 0 0.7560073339)
(-0.7710549018 0 0.6847806858)
(-0.1766166064 0 0.2772399788)
(0.6671091226 0 0.2454917253)
(0.6245602977 0 0.6349845743)
(0.5576006732 0 1.11506118)
(-0.6433876955 0 0.8451751343)
(-0.8293912231 0 0.810334952)
(-0.9770427734 0 0.8758513809)
(-1.10852493 0 0.8916387464)
(-1.157034186 0 0.9033139921)
(-1.122649416 0 0.9265444574)
(-1.264140472 0 1.124796874)
(0.7823528776 0 -1.08860663)
(1.092722027 0 -1.078568996)
(1.288710352 0 -1.389255268)
(1.373353554 0 -1.551504934)
(1.295940671 0 -1.433713678)
(0.98843102 0 -0.9454886348)
(-0.4447705883 0 0.07856153165)
(-0.3483531705 0 0.1616084432)
(-0.21603143 0 -0.0317109916)
(-0.1543814558 0 -0.05251887493)
(-0.08190051789 0 -0.06809141724)
(0.2250677858 0 -0.3968240642)
(-0.3376375707 0 0.1229551508)
(-0.9552431941 0 0.8745545189)
(-1.370589033 0 1.27984757)
(-1.571674835 0 1.471013176)
(-1.477752601 0 1.310979457)
(-1.182795199 0 1.052430945)
(-0.8968774663 0 0.9230565801)
(-0.7240666049 0 0.7817812995)
(-0.08665059469 0 0.3322708308)
(-0.1635427726 0 0.3327695265)
(0.720272974 0 0.9933408392)
(-0.6989889543 0 0.6362902245)
(-0.9449723723 0 0.9630743762)
(-1.116576413 0 0.9948464879)
(-1.241282011 0 0.9466282017)
(-1.24388526 0 0.9055445035)
(-1.156152419 0 0.8781621778)
(-1.008931156 0 0.8310651874)
(-0.9252195079 0 0.3754175909)
(0.1062697675 0 -0.5303604333)
(1.028340082 0 -1.00870761)
(1.075227026 0 -0.9735205298)
(0.9458220257 0 -0.8490410642)
(0.3533895598 0 -0.3799011415)
(-0.3031860189 0 0.1107012987)
(-0.2718265472 0 0.1296874986)
(-0.1685394753 0 0.0376065888)
(-0.1700420635 0 0.1171508099)
(-0.01378427123 0 0.02727636102)
(0.02476446161 0 -0.04132088691)
(-0.5232064935 0 0.6036213155)
(-1.484421416 0 1.5307973)
(-2.007404106 0 1.99644799)
(-2.166673759 0 2.124898708)
(-1.951773958 0 1.872691101)
(-1.402292295 0 1.338711756)
(-0.9682531635 0 1.082166395)
(-0.7189288725 0 0.9273329159)
(-0.454346098 0 0.6486530878)
(-0.270957572 0 0.3401239039)
(-0.6002686239 0 0.3016214207)
(-0.7524816491 0 0.7815110853)
(-0.9897168064 0 0.9527528232)
(-1.236803021 0 0.9742983541)
(-1.315060638 0 0.9230357251)
(-1.258551933 0 0.8754424611)
(-1.115872322 0 0.8363300431)
(-0.8970879603 0 0.6815595431)
(-0.5951871998 0 0.04422254121)
(-0.5474872718 0 -0.3823740409)
(-0.5645500158 0 -0.3572010125)
(0.1403275939 0 -0.4932158379)
(-0.0808253433 0 -0.1869153496)
(-0.2988130614 0 0.06809019328)
(-0.2837985422 0 0.09816479246)
(-0.2405944056 0 0.1484490167)
(-0.1047045657 0 0.2233354704)
(-0.1385083097 0 0.2490510312)
(-0.1725084717 0 0.3560369853)
(-1.29268069 0 1.435385897)
(-2.201636248 0 2.238551714)
(-2.519687228 0 2.48612578)
(-2.544794633 0 2.472966955)
(-2.355554491 0 2.255931534)
(-1.680865748 0 1.561876339)
(-1.011092466 0 1.106716365)
(-0.6811528695 0 0.9486666639)
(-0.5123465108 0 0.7435155907)
(-0.6142905118 0 0.5650004808)
(-0.9145951276 0 -1.283517343)
(-0.9821245834 0 2.66541745)
(-1.334389591 0 1.013902733)
(-1.399923121 0 0.9544582628)
(-1.329049351 0 0.8818144579)
(-1.205620039 0 0.8466618672)
(-1.028782618 0 0.8331559805)
(-0.7887647196 0 0.4250923487)
(-0.4227421873 0 -0.3017252748)
(-0.5615490088 0 -0.5690191238)
(-0.504148531 0 -0.5217936783)
(-0.4012273079 0 -0.4075886076)
(-0.2978622703 0 -0.2060551246)
(-0.3312756677 0 0.02885918511)
(-0.2888138649 0 0.1344487284)
(-0.2184575629 0 0.1920334297)
(-0.00500525313 0 0.3713635854)
(0.002810256679 0 0.3879106118)
(-0.6540088281 0 0.9967227728)
(-2.295499948 0 2.403783537)
(-2.79578336 0 2.79355496)
(-2.838251192 0 2.782340745)
(-2.700379505 0 2.612217058)
(-2.406641311 0 2.288701253)
(-1.79109686 0 1.603979787)
(-0.9719163452 0 0.9339624815)
(-0.5330151978 0 0.7229221533)
(-0.4463294538 0 0.5077288776)
(-0.8900083806 0 0.6885517323)
(-1.251733802 0 0.8997689648)
(-1.446998488 0 0.9941054297)
(-1.497912453 0 1.015750363)
(-1.419545912 0 0.9549685335)
(-1.261279755 0 0.8359851038)
(-1.08641996 0 0.8253949334)
(-0.9056357315 0 0.8782222729)
(-0.6153301488 0 0.1433300162)
(-0.5411701118 0 -0.5641252797)
(-0.5953847241 0 -0.6622211177)
(-0.5917415924 0 -0.6595020824)
(-0.536304843 0 -0.592269577)
(-0.4008589225 0 -0.4334782422)
(-0.3016920556 0 -0.04688693323)
(-0.2393052236 0 0.2034376289)
(-0.09288345736 0 0.2976568068)
(0.1247284536 0 0.2041957102)
(0.1764305257 0 0.3398654582)
(-2.379909737 0 2.55244004)
(-3.113788874 0 3.14394243)
(-3.132883334 0 3.099513488)
(-2.983794964 0 2.908375729)
(-2.723480746 0 2.612427091)
(-2.264445143 0 2.115914673)
(-1.57571793 0 1.35971699)
(-0.8145779885 0 0.6668449761)
(-0.4578804598 0 0.4468001196)
(-0.8244035163 0 0.6058112162)
(-1.255625698 0 0.8752062118)
(-1.49209676 0 1.021109614)
(-1.561104317 0 1.049974634)
(-1.529814158 0 1.030630898)
(-1.378893479 0 0.9776380851)
(-1.125011316 0 0.8099506975)
(-0.8525165949 0 0.803383272)
(-0.7037587669 0 0.9540182355)
(-0.4675063885 0 0.1505639458)
(-0.5245051975 0 -0.6122156293)
(-0.6158423862 0 -0.7011731929)
(-0.6817542039 0 -0.7706542225)
(-0.692029018 0 -0.7714859791)
(-0.6251715368 0 -0.6893023759)
(-0.3826616301 0 -0.4138079146)
(0.1015987208 0 0.2167594684)
(0.07757061881 0 0.425770199)
(-3.397902059 0 3.492488597)
(-3.407304934 0 3.414551554)
(-3.239742239 0 3.185164418)
(-2.983818702 0 2.87211633)
(-2.582536464 0 2.423706977)
(-1.874447655 0 1.681025971)
(-1.198223803 0 0.9588535891)
(-0.9304454689 0 0.6906600594)
(-1.005505228 0 0.7096627318)
(-1.27742061 0 0.8886121088)
(-1.511387785 0 1.043816006)
(-1.614874999 0 1.110479555)
(-1.595813918 0 1.063235383)
(-1.46943655 0 1.022594365)
(-1.256718275 0 1.05347694)
(-0.9125809154 0 0.8054806626)
(-0.5262195122 0 0.7333524124)
(-0.4262217356 0 0.8820733056)
(-0.3732689486 0 0.5797987314)
(-0.4328362441 0 -0.5009279619)
(-0.5768352917 0 -0.6647979845)
(-0.7285708017 0 -0.8360135081)
(-0.8046819036 0 -0.9091337211)
(-0.8287198278 0 -0.921346648)
(-0.728194917 0 -0.7896431018)
(0.0644188487 0 0.0099273016)
(0.2952144662 0 0.4872659178)
(-3.676861363 0 3.764865204)
(-3.473176679 0 3.449069635)
(-3.196539747 0 3.063860252)
(-2.781092669 0 2.565095664)
(-2.077052079 0 1.852567571)
(-1.261899752 0 1.075301802)
(-1.051225118 0 0.8637487749)
(-1.056848002 0 0.8676800645)
(-1.188183426 0 0.9399061529)
(-1.436888308 0 1.063463471)
(-1.624759348 0 1.151327908)
(-1.673704533 0 1.16477694)
(-1.581100287 0 1.060084423)
(-1.242622255 0 0.9921005304)
(-0.9757322045 0 1.09346385)
(-0.709720619 0 0.6930423361)
(-0.3748693303 0 0.5137529959)
(-0.3035379087 0 0.423628362)
(-0.2446212033 0 0.2160560477)
(-0.2891092669 0 -0.2188143136)
(-0.4212194378 0 -0.4769479887)
(-0.7037773293 0 -0.8212608112)
(-0.8531678467 0 -0.9832136686)
(-0.9495508548 0 -1.074954926)
(-0.9976956365 0 -1.093927357)
(-3.630098677 0 3.711477598)
(-3.338505361 0 3.020719085)
(-2.719137211 0 2.26755378)
(-1.880883934 0 1.518720161)
(-1.189442269 0 1.076209892)
(-1.172944075 0 1.09975562)
(-1.197526082 0 1.121851004)
(-1.209576669 0 1.113648081)
(-1.361376489 0 1.141540302)
(-1.599536722 0 1.204348747)
(-1.729329958 0 1.232129013)
(-1.703075181 0 1.189308713)
(-1.520127287 0 1.047594632)
(-0.9241126651 0 0.8487182308)
(-0.6704761163 0 0.7599457381)
(-0.5627495608 0 0.4411733959)
(-0.4718519672 0 0.234670994)
(-0.4177429702 0 0.2496686333)
(-0.3506272757 0 0.2739222148)
(-0.3578070341 0 0.4646773228)
(-0.2585973669 0 0.5903277611)
(-0.5025889113 0 -0.577038577)
(-0.8007209935 0 -0.9436196682)
(-0.9822786032 0 -1.153012782)
(-1.066553695 0 -1.211274161)
(-3.512413124 0 1.611279719)
(-2.281612399 0 1.348836276)
(-1.488945873 0 1.149207907)
(-1.11502692 0 1.033078159)
(-1.27168739 0 1.315505947)
(-1.405699779 0 1.403693138)
(-1.38988454 0 1.385894982)
(-1.398703224 0 1.330276622)
(-1.587552009 0 1.306072347)
(-1.777217536 0 1.309382168)
(-1.809549611 0 1.277248892)
(-1.677340019 0 1.167550765)
(-1.368740143 0 0.9441312981)
(-0.8582013395 0 0.4724211409)
(-0.5782933556 0 0.227742146)
(-0.5064465772 0 0.1743584351)
(-0.5035176626 0 0.2305173865)
(-0.5091557597 0 0.3168486417)
(-0.524838851 0 0.4065933993)
(-0.4421787209 0 0.4620811593)
(0.1766692351 0 1.226435687)
(0.2003184548 0 1.601103619)
(0.1271286916 0 1.505335707)
(0.09677233876 0 1.269461257)
(-1.434015621 0 1.241358526)
(-1.314653954 0 1.184395399)
(-0.7843359012 0 1.246299658)
(-1.568274475 0 1.628856832)
(-1.621182677 0 1.647498924)
(-1.561504344 0 1.589370202)
(-1.630761193 0 1.471587695)
(-1.846898465 0 1.400067727)
(-1.920977206 0 1.361306316)
(-1.826374888 0 1.272537563)
(-1.553823764 0 1.073929363)
(-1.071972737 0 0.7213385718)
(-0.6206086502 0 0.1661333837)
(-0.4841644578 0 0.139964631)
(-0.4939856423 0 0.1608797826)
(-0.5436199477 0 0.2447833565)
(-0.5738334073 0 0.3697928375)
(-0.6018821809 0 0.4808649452)
(-0.5691222442 0 0.548055967)
(0.2274929327 0 0.7250819369)
(1.715636225 0 1.722050984)
(1.957370467 0 2.385809442)
(-0.3068819359 0 -0.05360939146)
(-0.6618700287 0 1.664184029)
(-1.82960907 0 1.855495455)
(-1.804210022 0 1.844758816)
(-1.734188849 0 1.713150061)
(-1.944339292 0 1.490507028)
(-2.044051877 0 1.429525473)
(-1.973948028 0 1.368679916)
(-1.737657721 0 1.202127895)
(-1.264366951 0 0.8585592285)
(-0.7077234529 0 0.4228444772)
(-0.4856468249 0 0.07405923271)
(-0.4539835403 0 0.120331426)
(-0.4965207633 0 0.1297363263)
(-0.5604218226 0 0.2498981524)
(-0.6090203068 0 0.4108896114)
(-0.6467126288 0 0.5300715578)
(-0.6465278396 0 0.6140228425)
(0.03525452334 0 0.7639570704)
(0.366657315 0 1.043417098)
(-2.130125711 0 2.123455707)
(-1.990610506 0 2.017587768)
(-2.053613304 0 1.568479581)
(-2.161330613 0 1.466818462)
(-2.102277376 0 1.446802674)
(-1.931783536 0 1.339880641)
(-1.452565868 0 0.9923676189)
(-0.7835719181 0 0.4891393079)
(-0.5094767682 0 0.2659062368)
(-0.4116412214 0 0.08692028601)
(-0.4425667393 0 0.11831055)
(-0.4951945654 0 0.1037588734)
(-0.5216887396 0 0.2430933671)
(-0.5848795416 0 0.4068527809)
(-0.6538621276 0 0.5336928131)
(-0.6698055781 0 0.6072577237)
(-0.6465644736 0 0.651102371)
(0.01049212187 0 0.6405714858)
(-2.232053924 0 1.503382158)
(-2.198473493 0 1.499042445)
(-2.084954056 0 1.449186196)
(-1.748951488 0 1.218679175)
(-0.7859759121 0 0.4751190629)
(-0.5033638983 0 0.2702284834)
(-0.4694147991 0 0.2653600919)
(-0.3805272005 0 0.1252125499)
(-0.4322898321 0 0.1345428924)
(-0.4868199094 0 0.1330988097)
(-0.5039798827 0 0.2214457076)
(-0.5588206497 0 0.3719603928)
(-0.6369461613 0 0.4998779221)
(0.4298257476 0 0.5341129237)
(0.2022944736 0 -0.2000696402)
(-0.5279791856 0 0.2742154865)
(-0.4827257084 0 0.2645110854)
(-0.4652966617 0 0.2695281598)
(-0.4024287811 0 0.1590806822)
(-0.413528577 0 0.146826249)
(-0.4749007549 0 0.156136517)
(-0.5000986543 0 0.2044802622)
(-0.8684083051 0 -0.2464210835)
(-0.6610221029 0 -0.2404273726)
(-0.4054833176 0 -0.428387199)
(-0.2343495314 0 -0.5970638439)
(-0.1170744711 0 -0.6594325594)
(-0.1347218092 0 -0.6398245146)
(-0.1360903202 0 -0.6504575366)
(-0.08932667488 0 -0.6344714862)
(-0.1230649668 0 -0.6309127936)
(-0.04290435246 0 -0.6139619199)
(0.02552375421 0 -0.5798352072)
(-0.01098048389 0 -0.5871896657)
(0.1149426505 0 -0.5392768182)
(0.2306555336 0 -0.502985388)
(0.20052741 0 -0.5430793933)
(0.3797248234 0 -0.4605794744)
(0.5529269811 0 -0.4588041636)
(0.5441659478 0 -0.5746707283)
(0.7215301645 0 -0.2700810768)
(0.0928358553 0 0.1335729884)
(-0.203704529 0 -0.2182624437)
(-0.3126905455 0 -0.5968928485)
(-0.3242657223 0 -1.493815408)
(-0.7748802722 0 -0.4277428097)
(-0.8547742448 0 -0.423895307)
(-0.9433350915 0 -0.4174321935)
(-1.015978635 0 -0.4337326392)
(-1.025803897 0 -0.402768396)
(-0.968762478 0 -0.3822634651)
(-0.9126325444 0 -0.318004116)
(-0.8937808566 0 -0.2699452041)
(2.239239842 0 -1.827103521)
(2.448704701 0 -1.738233554)
(2.447122707 0 -1.791973668)
(2.383685809 0 -1.610126669)
(2.250401813 0 -1.587336239)
(2.418248945 0 -1.690404216)
(1.813552537 0 -1.861839596)
(1.919876625 0 -2.110355513)
(-0.494829405 0 -0.3226588178)
(-0.5943168681 0 -0.3878128976)
(-0.6980640066 0 -0.4417426298)
(-0.6664241332 0 -0.4109664264)
(0.6484863591 0 -1.310354764)
(0.9487260649 0 -1.497625884)
(0.9781478479 0 -2.046635644)
(-0.3195051481 0 0.4060869675)
(-0.3729420912 0 -0.2978658624)
(-0.3956754412 0 -0.2968373371)
(-0.3923009415 0 -0.278386167)
(-0.4637297897 0 -0.3475999994)
(-0.5562800921 0 -0.4236161673)
(-0.5100414933 0 -0.3498380128)
(0.1572324079 0 0.3709360629)
(0.2305112576 0 0.3401907013)
(0.02812140883 0 0.2359091363)
(0.1077228222 0 0.4295451488)
(-0.3350517868 0 0.4426520519)
(-0.3488063973 0 -0.3370030572)
(-0.3583818649 0 -0.3274568297)
(-0.3606203796 0 -0.3180134914)
(-0.8875834667 0 0.2915672921)
(-0.8831362723 0 0.1992105393)
(-0.3266322264 0 -0.3734415822)
(-0.3284624365 0 -0.3633712084)
(-0.3358819051 0 -0.3551261917)
(-0.6730613807 0 0.1409219157)
(-0.6015833005 0 0.173985684)
(-0.3086092512 0 -0.3853701938)
(-0.3144797812 0 -0.3842229768)
(-0.366825348 0 -0.4784680883)
(-0.3385468521 0 -0.3939344777)
(-0.500135767 0 0.1017190799)
(-0.4770651608 0 0.1451431654)
(-0.5436227751 0 0.1595507624)
(-0.4193043223 0 0.1687139999)
(-0.2903964331 0 -0.3985705339)
(-0.2912464803 0 -0.3892435683)
(-0.2966286496 0 -0.3873726976)
(-0.3176754358 0 0.253063243)
(-0.1900038442 0 0.3328574313)
(-0.1517096744 0 0.1877463744)
(-0.2631547648 0 -0.397894941)
(-0.2795054652 0 -0.3996095777)
(3.796309838 0 -1.210275912)
(-0.2679866555 0 -0.3737680642)
(-0.2565612139 0 -0.3633396572)
(-0.2514152227 0 -0.3822846233)
(3.014673992 0 -4.178328479)
(3.07410724 0 -4.299561422)
(3.137519644 0 -4.374363743)
(-0.3022678588 0 -0.3128839639)
(-0.3041129444 0 -0.3245667661)
(-0.3400141646 0 -0.3477175517)
(-0.2933873859 0 -0.3508241773)
(3.08754801 0 -4.059824929)
(3.161419565 0 -4.050637015)
(3.096356333 0 -4.199139716)
(-0.09804839579 0 1.221432097)
(-0.3024411701 0 -0.2788315583)
(-0.3050182915 0 -0.2953916906)
(-0.2005059787 0 0.07348614504)
(-0.2492156606 0 -0.2264626431)
(-0.2986364098 0 -0.2644502908)
(-0.2996499384 0 -0.262090502)
(0.1395005883 0 -0.6832801164)
(0.1901771242 0 -0.6504599198)
(-0.2496366294 0 -0.2170236251)
(-0.2815657159 0 -0.2675515662)
(-0.2976137447 0 -0.2711463588)
(0.5732197964 0 -0.412613943)
(0.6197890523 0 -0.4623580622)
(0.458694237 0 -0.465207179)
(-0.2169028862 0 -0.1711376594)
(-0.2200720905 0 -0.2190298386)
(-0.2506309427 0 -0.2536914067)
(-0.3633730293 0 0.1240439654)
(0.4770396772 0 -0.3344330875)
(0.6858898798 0 -0.5154062499)
(-0.2061101093 0 -0.07542961341)
(-0.1818956472 0 -0.0768126301)
(-0.1838080621 0 -0.1591287988)
(-0.2958211833 0 0.1397619263)
(-0.2856970267 0 0.1483376666)
(-0.2908916497 0 0.1408113392)
(-0.1899640836 0 0.008389735641)
(-0.1975167903 0 0.0725364959)
(-0.2042731733 0 0.005025732303)
(-0.2549529142 0 0.1316523312)
(-0.2422428837 0 0.1417571357)
(-0.2573643923 0 0.1413275462)
(-0.1568816075 0 0.1661854132)
(-0.1960226251 0 0.1235584124)
(-0.2310005019 0 0.1680865574)
(-0.2337166533 0 0.1493715186)
(-0.0691162285 0 0.3180023086)
(-0.09831822085 0 0.2246830815)
(-0.1961171535 0 0.2251659903)
(-0.01091932828 0 0.3763468265)
(0.05689644241 0 0.31240132)
(0.04780985829 0 0.314051794)
(-0.01256692676 0 0.3587098746)
(0.03167266079 0 0.3035563806)
(0.08377149058 0 0.3245198695)
(-0.1149042107 0 0.2892427221)
(0.1140010061 0 0.1195412919)
(0.08454107395 0 0.2386421813)
(0.1184012642 0 0.2822626913)
(-0.02017391457 0 0.120003106)
(0.08100455401 0 0.1438729279)
(0.09352381896 0 0.2385571163)
(0.2310198337 0 0.5750260617)
(0.07368498238 0 0.4263674263)
(-0.04779371401 0 0.07127870927)
(0.1972600275 0 -0.903329109)
(-3.834662416 0 3.99089381)
(-3.768099288 0 3.898931695)
(-1.055392703 0 -1.165832975)
(-0.8209341945 0 0.5180130088)
(-0.6187343845 0 0.4110897349)
(-3.802158178 0 4.078229703)
(-3.405520993 0 1.608880971)
(-3.315016508 0 1.576227418)
(-3.513341939 0 3.35974945)
(0.06079931613 0 0.8775963258)
(0.4210089851 0 0.8222812795)
(-1.029556974 0 -1.201815383)
(-0.1144673578 0 -0.6868122968)
(-3.390107697 0 1.608672086)
(1.269386809 0 2.181571832)
(0.09009733739 0 1.21694535)
(0.01104948459 0 -0.1626800207)
(-1.381659748 0 1.239437202)
(1.66453426 0 1.969477283)
(1.847328917 0 2.40188712)
(-0.7071595589 0 1.878120898)
(-0.7151308628 0 1.760599305)
(-0.6926736373 0 1.765161471)
(-1.942586081 0 1.921062412)
(-1.708967956 0 1.804047576)
(-0.6004739135 0 0.6629515058)
(-0.5378348037 0 0.675085417)
(0.368933772 0 0.9721254331)
(-0.4836351154 0 0.6389745022)
(0.30708702 0 1.085777086)
(-2.215268381 0 2.097233851)
(0.6612403079 0 0.419908835)
(-0.2705983087 0 -0.1509808991)
(-2.0661558 0 2.083286916)
(-0.6726349366 0 0.5970512808)
(-0.6683687952 0 0.6163421404)
(-0.6649418706 0 0.6349036173)
(-0.1328911053 0 0.1875482601)
(-2.234325668 0 1.52537743)
(-2.218842916 0 1.511116553)
(-2.212635969 0 1.4982208)
(-2.196642806 0 1.508977053)
(-2.140027332 0 1.494357848)
(-2.153997884 0 1.490134027)
(-0.5017987148 0 0.2149297973)
(-0.5210040938 0 0.2804822632)
(-0.5271613033 0 0.2992711642)
(-0.5510587129 0 0.3538956106)
(-0.5983902119 0 0.4292482377)
(-0.6097452537 0 0.4496187881)
(-0.6617496773 0 0.5449890257)
(0.5691959837 0 1.278495023)
(0.1903640913 0 0.4923221655)
(-0.5602800528 0 0.2712794553)
(-0.5573866442 0 0.2548852814)
(-0.5328109744 0 0.2866561551)
(-0.5042404126 0 0.2766017433)
(-0.501970583 0 0.2717589226)
(-0.4841163073 0 0.2655999202)
(-0.4715316686 0 0.2604757117)
(-0.4710435194 0 0.2609581311)
(-0.464918781 0 0.2681660888)
(-0.4628649135 0 0.2487759992)
(-0.4622913516 0 0.2450666698)
(-0.4110877508 0 0.1622627932)
(-0.3700962137 0 0.1287167924)
(-0.3701354029 0 0.125395135)
(-0.4131120634 0 0.1567294024)
(-0.4497942876 0 0.152754728)
(-0.4778731982 0 0.1422076785)
(-0.6900689262 0 -0.2746166481)
(-0.3532747258 0 -0.4214339359)
(-0.4100827678 0 -0.4306434796)
(-0.2152251031 0 -0.5702810529)
(-0.1295846499 0 -0.670825224)
(-0.1830725624 0 -0.6756180379)
(-0.07877548806 0 -0.7002730511)
(-0.04981657219 0 -0.6874019997)
(-0.09866483634 0 -0.6567318769)
(-0.01250418357 0 -0.6824329933)
(0.03779194575 0 -0.6744206199)
(0.01291049736 0 -0.6040851071)
(0.1274936119 0 -0.6573864447)
(0.2892182824 0 -0.6419192198)
(0.2447819296 0 -0.5152691335)
(0.5555853504 0 -0.6590177582)
(0.9762960978 0 -0.8263871009)
(0.6371979125 0 -0.4954346705)
(1.540996475 0 -1.232760705)
(1.962215968 0 -1.709320772)
(1.71007582 0 -1.625888219)
(2.064799917 0 -1.792215478)
(2.130679845 0 -1.818633765)
(1.874628399 0 -1.870866319)
(-0.798877114 0 -0.4683147198)
(-0.8961345788 0 -0.4956789245)
(-0.8814750455 0 -0.4569257416)
(-0.9600946729 0 -0.5088472518)
(-0.9457747526 0 -0.4721366279)
(-0.9872240326 0 -0.4575396746)
(-1.017948274 0 -0.4578197469)
(-1.129564707 0 -0.4449942913)
(-1.001766324 0 -0.3734861155)
(-0.9258557924 0 -0.3934953045)
(-0.2667319833 0 -0.503182512)
(-0.2999560675 0 -0.4545381975)
(-0.01191482307 0 -0.6428871736)
(0.06434223164 0 -0.74101068)
(-0.05593865242 0 -0.6873440959)
(0.1131880089 0 -0.7907596587)
(0.1404114911 0 -0.7965836038)
(0.02436192849 0 -0.7305225042)
(0.1761982383 0 -0.7956031117)
(0.242240915 0 -0.8013281896)
(0.1161874799 0 -0.7477427254)
(0.3608349916 0 -0.8153352602)
(0.5864959517 0 -0.8668983181)
(0.4236024592 0 -0.7801671048)
(0.9848156862 0 -1.005636736)
(1.531711299 0 -1.278430512)
(1.343903761 0 -1.143349107)
(1.957842269 0 -1.56203891)
(2.12392561 0 -1.696401514)
(2.063676215 0 -1.712587514)
(2.178065616 0 -1.716410077)
(2.225242359 0 -1.702502026)
(2.196690014 0 -1.766598872)
(2.276645342 0 -1.656484364)
(2.302010039 0 -1.555379463)
(2.377622743 0 -1.657879433)
(2.170793456 0 -1.432876601)
(1.930905026 0 -1.346190949)
(2.08978224 0 -1.493194025)
(1.505548774 0 -1.415323876)
(1.389867865 0 -1.468714564)
(1.697976242 0 -1.772944112)
(-0.6512147568 0 -0.4904036946)
(-0.7363336059 0 -0.5343473569)
(-0.7153905659 0 -0.4810271738)
(-0.8164609556 0 -0.5673299362)
(-0.8699634238 0 -0.5812622145)
(-0.8927715552 0 -0.5398680809)
(-0.8659702137 0 -0.5465139651)
(-0.9350994742 0 -0.535667798)
(-0.9282479686 0 -0.4963408585)
(-1.153536002 0 -0.5814511148)
(-1.387063169 0 -0.5954500795)
(-1.265995686 0 -0.5211322849)
(-1.165825665 0 -0.5339735208)
(-0.2646464053 0 -0.596300779)
(-0.265495107 0 -0.5422084882)
(0.1608955118 0 -0.7009823645)
(0.2520735433 0 -0.7845906184)
(0.1680380182 0 -0.7568623058)
(0.3072982534 0 -0.8288393382)
(0.35687981 0 -0.8429421011)
(0.2727475227 0 -0.833750663)
(0.4076189315 0 -0.8551860871)
(0.4611623315 0 -0.8869135252)
(0.3969530623 0 -0.8435314883)
(0.5318436022 0 -0.9331324653)
(0.6803250932 0 -0.9868320999)
(0.6992081452 0 -0.9208231172)
(0.9536999849 0 -1.056431486)
(1.354106293 0 -1.183395167)
(1.523458306 0 -1.264332409)
(1.781012746 0 -1.382645783)
(2.068789028 0 -1.546677974)
(2.147371854 0 -1.654440005)
(2.196336136 0 -1.595693639)
(2.240633329 0 -1.557967815)
(2.241822131 0 -1.632815974)
(2.236479041 0 -1.465780864)
(2.168604074 0 -1.326400472)
(2.231058674 0 -1.440339128)
(1.97441168 0 -1.159911806)
(1.645004966 0 -0.9888963349)
(1.7791233 0 -1.169167899)
(1.138044659 0 -0.8812504961)
(0.8813948497 0 -0.8065548884)
(1.101678066 0 -1.134052582)
(0.3085793052 0 -0.3698832157)
(0.369149659 0 -0.4032365663)
(0.462393871 0 -0.832950841)
(-0.3992530278 0 -0.3554767691)
(-0.475633538 0 -0.4346352796)
(-0.427212271 0 -0.3477545665)
(-0.5646110417 0 -0.5308747023)
(-0.6410661734 0 -0.6053328805)
(-0.6019326784 0 -0.5063923055)
(-0.7068412293 0 -0.6577527035)
(-0.7638890316 0 -0.6945470082)
(-0.752741643 0 -0.6045049624)
(-0.7926983062 0 -0.6989703959)
(-0.7816358408 0 -0.6538402456)
(-0.8292370249 0 -0.6171192073)
(-0.8217486561 0 -0.6260978616)
(-0.9862460695 0 -0.6613272071)
(-0.9570471718 0 -0.590236075)
(-1.29318815 0 -0.7452189984)
(-1.599670471 0 -0.7599366688)
(-1.493976094 0 -0.6714070967)
(-1.282348032 0 -0.6631130168)
(-0.238737326 0 -0.6660211249)
(-0.2716636793 0 -0.6189494766)
(0.1685518532 0 -0.7105621165)
(0.2578527215 0 -0.7910300594)
(0.3567624643 0 -0.8068579841)
(0.329391771 0 -0.877924081)
(0.4201251769 0 -0.9525785364)
(0.477572328 0 -0.8919651295)
(0.5172808576 0 -0.996885147)
(0.624406783 0 -1.019074484)
(0.5296589632 0 -0.9811692882)
(0.689382167 0 -1.059012815)
(0.8073290917 0 -1.0782654)
(0.7091963828 0 -1.047127934)
(0.9542316437 0 -1.063854461)
(1.170645393 0 -1.065851981)
(1.203920563 0 -1.105194323)
(1.428362981 0 -1.094284007)
(1.671034078 0 -1.155708424)
(1.863943281 0 -1.346054953)
(1.885017889 0 -1.22526314)
(2.04062978 0 -1.259574197)
(2.183717081 0 -1.447031283)
(2.097286496 0 -1.223654096)
(2.031220203 0 -1.102894931)
(2.109100878 0 -1.219747542)
(1.814550594 0 -0.9164393943)
(1.374361228 0 -0.6946745055)
(1.53295793 0 -0.8278436984)
(-0.9953284956 0 -0.3595717074)
(0.5932464305 0 -0.2751011675)
(0.7151306866 0 -0.5029124385)
(0.1635669345 0 0.1444951432)
(0.3509111929 0 0.1366967794)
(0.3748351705 0 -0.1436475125)
(0.3363324285 0 0.4372355209)
(-0.1768331008 0 0.378666679)
(0.2095432116 0 0.4496081678)
(-0.5824844104 0 0.3411595187)
(-0.7319017774 0 0.368539056)
(-0.6055981947 0 0.4646762531)
(-0.3588126103 0 -0.3870300399)
(-0.4238820558 0 -0.4783347739)
(-0.3776722413 0 -0.3702186169)
(-0.5143568111 0 -0.616299586)
(-0.5939693885 0 -0.7370551577)
(-0.5348157264 0 -0.565683114)
(-0.6559050298 0 -0.8243315271)
(-0.7063080727 0 -0.8850528333)
(-0.6755081362 0 -0.7304648037)
(-0.7389916584 0 -0.9145120344)
(-0.7365397758 0 -0.8927957633)
(-0.7616856865 0 -0.7975095769)
(-0.7174954038 0 -0.8373015653)
(-0.74118597 0 -0.8092954609)
(-0.7502167923 0 -0.7134059951)
(-0.8300273609 0 -0.8165481234)
(-1.018689692 0 -0.857713688)
(-1.010809184 0 -0.749444804)
(-1.367088101 0 -0.9468972875)
(-1.882201729 0 -1.038869356)
(-1.716554607 0 -0.8752399419)
(-2.229108893 0 -0.9398372819)
(-2.279005594 0 -0.7345860272)
(0.03921690543 0 -0.8845115078)
(-0.7121185079 0 -0.6563527993)
(0.07868284874 0 -0.8398972429)
(0.4473369472 0 -0.9651728826)
(0.3029136124 0 -0.9813696924)
(0.3769751239 0 -1.051085575)
(0.3606214856 0 -0.9022145774)
(0.6252452358 0 -0.9074481374)
(0.547411761 0 -0.6767566889)
(0.5091767198 0 -1.033321443)
(0.1646047424 0 -0.7886230693)
(0.5743597486 0 -1.032208752)
(0.9798863142 0 -1.084345778)
(0.7531784584 0 -1.086686075)
(1.087431291 0 -1.076225714)
(1.243637364 0 -1.036692267)
(1.384385338 0 -1.027355033)
(1.500965459 0 -0.9649487227)
(1.56646917 0 -1.043075112)
(1.602222611 0 -0.892551328)
(1.707660812 0 -0.8269300088)
(1.856926134 0 -1.03280821)
(1.785701598 0 -0.7846074811)
(1.778215882 0 -0.7199620819)
(1.911363052 0 -0.9393372245)
(1.624216555 0 -0.6035166731)
(1.312948944 0 -0.623860619)
(1.207652808 0 -2.034740662)
(2.191722231 0 0.0253999703)
(0.5990027839 0 0.1384622706)
(0.4412019596 0 1.663735518)
(0.5112596044 0 0.3432328553)
(0.5423108228 0 0.4327398782)
(0.424138637 0 0.4005575723)
(-0.2874617302 0 0.2521238066)
(-0.5554571945 0 0.2617562463)
(-0.5157791372 0 0.2327268361)
(-0.6982158647 0 0.2963650869)
(-0.7968524775 0 0.1495903684)
(-0.7941458959 0 0.2980192182)
(-0.8047426242 0 0.09662541256)
(-0.7344700512 0 0.1074918215)
(-0.8413950766 0 0.1386211065)
(-0.4688654131 0 -0.6833239309)
(-0.564651831 0 -0.8800304345)
(-0.4980024645 0 -0.6697441082)
(-0.6320741911 0 -1.023104461)
(-0.6779569839 0 -1.117602982)
(-0.6450328916 0 -0.9335889289)
(-0.7030966953 0 -1.161693006)
(-0.7008677693 0 -1.145819045)
(-0.7212847083 0 -1.042840836)
(-0.6805552022 0 -1.08820605)
(-0.6764088364 0 -1.044487025)
(-0.700008283 0 -0.9698443392)
(-0.7056664912 0 -1.037973274)
(-0.7695041719 0 -1.060716619)
(-0.748685247 0 -0.9321004222)
(-0.8755235201 0 -1.107290026)
(-1.039510663 0 -1.167451939)
(-1.017010898 0 -0.9984543508)
(-1.309696951 0 -1.223672107)
(-2.011370558 0 -1.401978554)
(-1.975823865 0 -1.208690213)
(-2.427058011 0 -1.231754848)
(-2.419365463 0 -0.8179174583)
(-2.390430126 0 -0.7928147752)
(-1.105153338 0 -0.3673968906)
(-2.108553179 0 -0.6383376987)
(-2.010033779 0 -0.5186539291)
(-1.329788883 0 0.1141837667)
(-1.280723861 0 0.208270953)
(-0.8414756873 0 0.2207963075)
(-2.259092774 0 1.130390406)
(-2.209664464 0 1.634830376)
(0.4892604946 0 -1.477609941)
(-1.240880174 0 1.818163456)
(-1.328599914 0 1.976509176)
(1.082066581 0 -0.7717617159)
(0.7054255575 0 -0.1326361792)
(1.010866008 0 -0.5601741385)
(1.2890756 0 -0.6017750809)
(1.202123895 0 -0.907297875)
(1.36856135 0 -0.675056808)
(1.445546591 0 -0.8946669981)
(1.412337842 0 -0.7262606567)
(1.51695201 0 -0.5797694895)
(1.61272369 0 -0.6735821725)
(1.584208949 0 -0.455487688)
(1.597233372 0 -0.334645478)
(1.671914358 0 -0.5077620736)
(1.488306032 0 -0.1979773289)
(1.268498407 0 0.009555662806)
(1.280242389 0 -0.1997616573)
(0.8850332641 0 0.1417138019)
(0.7630113583 0 0.2908954243)
(0.7044923164 0 0.1555360887)
(0.6169019468 0 0.3237040556)
(-0.468437047 0 0.2075986859)
(0.3328702724 0 0.2883276546)
(-0.6455245651 0 0.1830720233)
(-0.7310780195 0 0.08546099444)
(-0.6546723492 0 0.2963108153)
(-0.722943007 0 -0.04708934176)
(-0.6386770808 0 -0.03852730276)
(-0.752400411 0 0.00671759306)
(-0.5771601956 0 0.03181110606)
(-0.5209535675 0 0.05367254345)
(-0.632854375 0 0.08734341201)
(-0.33126322 0 -0.4774599348)
(-0.4317963525 0 -0.701730758)
(-0.4123272342 0 -0.6172362897)
(-0.5273160747 0 -0.91819923)
(-0.5937143062 0 -1.074655657)
(-0.5983076913 0 -1.03163522)
(-0.6326891282 0 -1.176451948)
(-0.640875871 0 -1.218092714)
(-0.6768844856 0 -1.224775369)
(-0.6221028078 0 -1.200392984)
(-0.6033897629 0 -1.16589022)
(-0.6528853399 0 -1.17498664)
(-0.6111462724 0 -1.16060715)
(-0.6487368338 0 -1.187888036)
(-0.6632523157 0 -1.118940672)
(-0.7139309834 0 -1.237396425)
(-0.8087157882 0 -1.302082279)
(-0.7943726283 0 -1.182796836)
(-0.938035123 0 -1.373949133)
(-1.108970862 0 -1.439543595)
(-1.084692234 0 -1.319435037)
(-1.339960474 0 -1.489771351)
(-1.714278583 0 -1.751002835)
(-1.948324316 0 -1.607881376)
(-2.291393599 0 -1.7197939)
(-2.513284003 0 -0.9430017553)
(-2.493794323 0 -0.8439903723)
(-1.336027136 0 0.0880772739)
(-0.8597841051 0 -0.3324695165)
(-1.836478957 0 -0.684727375)
(-0.8160325274 0 0.1763538636)
(-0.6443344636 0 0.202934964)
(-1.519673064 0 0.2598348081)
(-0.6929518027 0 0.8941685132)
(-0.5486919546 0 0.5180025979)
(-1.701138716 0 1.533057447)
(-0.4856975085 0 0.3194925514)
(-0.5346548552 0 0.3492970598)
(-1.644171317 0 1.582959892)
(-0.6313238224 0 0.4526964053)
(-0.7743476205 0 0.6318569831)
(-1.380298533 0 1.221939735)
(1.041075389 0 -0.6128020189)
(1.224308679 0 -0.7454470305)
(1.342609341 0 -0.675501047)
(1.323944909 0 -0.7526687512)
(1.289351141 0 -0.5192987649)
(1.326892942 0 -0.4915069559)
(1.280818478 0 -0.3430325355)
(1.289096631 0 -0.1121587094)
(1.436127812 0 -0.1969655474)
(1.175810401 0 0.06029703705)
(0.9978808294 0 0.3345882229)
(1.009558453 0 0.1197090971)
(0.750074829 0 0.6353310409)
(0.2960589394 0 0.8293945568)
(0.6850909552 0 0.3728387044)
(-0.7203048222 0 0.3425631302)
(-0.8472556362 0 -0.2103801587)
(-0.7576255732 0 0.0447272636)
(-0.6747659475 0 -0.1057191548)
(-0.5499175176 0 -0.1038589984)
(-0.6937707518 0 -0.05797617348)
(-0.4429068442 0 -0.1210156383)
(-0.3751367575 0 -0.1052187826)
(-0.5028328808 0 -0.0630993113)
(-0.3385306396 0 -0.05309808701)
(-0.2930361573 0 -0.04225024019)
(-0.4029370642 0 0.005589202473)
(-0.3115347575 0 0.09594774827)
(-0.3066780074 0 0.1467242769)
(-0.3530855499 0 0.1300734874)
(-0.254684003 0 -0.3757894012)
(-0.2503031777 0 -0.3640166199)
(-0.2734296172 0 -0.3815520705)
(-0.2744264631 0 -0.402629502)
(-0.3520405816 0 -0.5508952568)
(-0.4081209322 0 -0.674594568)
(-0.4371272538 0 -0.7164955639)
(-0.4997768443 0 -0.8390384631)
(-0.5569303531 0 -1.000188323)
(-0.5346071734 0 -0.9183134118)
(-0.5394251134 0 -0.9587512778)
(-0.5898313863 0 -1.118759681)
(-0.5261042925 0 -0.9803387418)
(-0.5208507513 0 -1.023292345)
(-0.5592453587 0 -1.123757207)
(-0.5417445444 0 -1.112993523)
(-0.5930348529 0 -1.244224209)
(-0.6261800468 0 -1.241468723)
(-0.6717676628 0 -1.392200456)
(-0.7700272047 0 -1.522282491)
(-0.8029186259 0 -1.421187836)
(-0.8803119368 0 -1.601871145)
(-0.9964416331 0 -1.589049525)
(-1.082633912 0 -1.531201207)
(-1.068818479 0 -1.347572501)
(-0.5689834554 0 -0.1444670288)
(-1.142804504 0 -1.371371128)
(-0.4186405328 0 -0.2325168191)
(-0.7406928862 0 -0.7937445917)
(-2.017153296 0 -1.089898263)
(-0.4770538423 0 0.05928716312)
(-1.043555524 0 0.1938719789)
(-0.7861481629 0 0.1180964378)
(-1.086802564 0 0.3302334465)
(-0.7552603264 0 0.341009033)
(-0.6910597025 0 0.2619578352)
(-0.6031485217 0 0.3421783163)
(-0.5414440251 0 0.3417664243)
(-0.5119273507 0 0.302007418)
(-0.5272478645 0 0.3509551898)
(-0.6673095259 0 0.4526825342)
(-0.5721004141 0 0.3816433918)
(-0.899466021 0 0.7273532813)
(-1.007520846 0 0.9624500785)
(-0.8050658693 0 0.6905020027)
(-1.010478325 0 1.109094953)
(-0.991894415 0 1.199230887)
(0.5283345045 0 -0.1849734086)
(-0.8254596212 0 1.13970858)
(0.3826329771 0 0.1901665747)
(1.18001811 0 -0.4868262877)
(0.6674792933 0 0.06888275183)
(0.5836617552 0 0.4505341911)
(1.255182288 0 -0.001969161034)
(-0.6615257006 0 1.216512871)
(-1.127870012 0 1.452386712)
(0.6064900868 0 0.7647487914)
(-1.062765779 0 1.3321958)
(-1.070857075 0 0.189139203)
(-0.8152083855 0 0.8117026137)
(-0.7963347738 0 -0.4600325701)
(-0.4217701734 0 -0.2587175356)
(-0.6776616466 0 -0.2839894013)
(-0.2920462441 0 -0.214523775)
(-0.1843781403 0 -0.1531336878)
(-0.3639874248 0 -0.1570334719)
(-0.07646137357 0 -0.1187456747)
(0.001869179176 0 -0.105737805)
(-0.1308888785 0 -0.1703367835)
(0.09704847859 0 -0.04117765187)
(0.078499911 0 0.02925260795)
(0.02357334179 0 -0.138135753)
(0.2395890892 0 0.1344084311)
(1.23715515 0 -0.1679079366)
(0.5481417933 0 0.008410794021)
(2.724460885 0 -0.6982176874)
(3.517805929 0 -1.077721866)
(3.685363719 0 -1.20515777)
(-0.2585189074 0 -0.354899603)
(-0.2820317617 0 -0.3458596868)
(-0.2401537933 0 -0.348334531)
(-0.3121156554 0 -0.3465081662)
(-0.3354943493 0 -0.3706014216)
(-0.3087633364 0 -0.4219328122)
(-0.3602507535 0 -0.43973121)
(-0.3967269157 0 -0.5337940319)
(-0.4389001304 0 -0.6558440888)
(-0.4329789688 0 -0.6058545673)
(-0.4538897643 0 -0.6389690675)
(-0.4942088474 0 -0.7753904654)
(-0.463626451 0 -0.6511489774)
(-0.476612806 0 -0.6613666989)
(-0.4927048663 0 -0.8481706075)
(-0.4997104819 0 -0.6818173988)
(-0.5341376217 0 -0.7148390029)
(-0.5544334207 0 -1.103121811)
(-0.5704572348 0 -0.7498546172)
(-0.5744320357 0 -0.7643771478)
(-0.697734177 0 -1.493470304)
(-0.4680665652 0 -0.7695462321)
(-0.2293010886 0 -0.8530547648)
(-0.8030573765 0 -1.559178199)
(-0.08800194637 0 -0.9875470361)
(-0.3265549805 0 -0.03467041847)
(-0.7314349335 0 -0.2224687336)
(-0.3257116858 0 0.02058244248)
(-0.6126245085 0 0.01571250517)
(-0.3601945127 0 0.04523903088)
(-1.768731595 0 0.2098746867)
(-2.560963607 0 0.6594230649)
(-1.715643587 0 0.3692781697)
(-1.264715605 0 0.5783268818)
(-0.8105012883 0 0.4745210507)
(-0.794996046 0 0.4177526727)
(-0.6697015824 0 0.4290797157)
(-0.6007075064 0 0.4050119533)
(-0.5718447479 0 0.375470245)
(-0.6042845957 0 0.4208184743)
(-1.075484492 0 0.7399170892)
(-0.834373958 0 0.5698310378)
(-1.782532531 0 1.82436236)
(-1.451989326 0 1.929270586)
(-1.274828347 0 1.399954909)
(-1.172370987 0 1.954934115)
(-1.026260698 0 2.031804553)
(-1.006969305 0 1.528405978)
(-0.9334151411 0 2.074497734)
(-0.8702038791 0 1.952254682)
(-0.8625017075 0 1.488328435)
(-0.868628091 0 1.662808972)
(-0.9299759545 0 1.393637681)
(-1.004493204 0 1.359578135)
(-0.9848734658 0 1.330470804)
(-0.9100223656 0 1.355341096)
(-1.053995611 0 1.47524137)
(-0.8282784293 0 0.1060510803)
(-0.6021669499 0 -0.7014275095)
(-0.9365395325 0 -0.3363279976)
(-0.0847860532 0 -0.5947150592)
(0.2668051735 0 -0.8872887986)
(-0.2098754774 0 -0.3219903027)
(0.8237479532 0 -1.492663493)
(1.460996393 0 -2.251282227)
(0.5481198773 0 -1.022420105)
(2.008278124 0 -2.92369915)
(2.302751923 0 -3.283623874)
(1.965022159 0 -2.683321854)
(2.448988599 0 -3.467087218)
(2.548005921 0 -3.590925831)
(2.491422871 0 -3.292147956)
(2.638513716 0 -3.70032895)
(2.73294464 0 -3.8105354)
(2.705100949 0 -3.504845811)
(2.832172626 0 -3.925232301)
(2.930256831 0 -4.048661651)
(2.939242265 0 -3.818199341)
(-0.3847031682 0 -0.3678115713)
(-0.4298952174 0 -0.3771939466)
(-0.3638147622 0 -0.3604807743)
(-0.4605255669 0 -0.3682384271)
(-0.4621108102 0 -0.34386621)
(-0.4004391117 0 -0.3512188581)
(-0.4228944409 0 -0.3251511479)
(-0.3655223075 0 -0.3513725279)
(-0.374352724 0 -0.4530045673)
(-0.3442651975 0 -0.4232204497)
(-0.3607618801 0 -0.4842580968)
(-0.4129306167 0 -0.5828051446)
(-0.3809271074 0 -0.5448293952)
(-0.4133200027 0 -0.5995335227)
(-0.4573406172 0 -0.6520493258)
(-0.454092594 0 -0.6537287138)
(-0.5096628783 0 -0.7267112713)
(-0.5441998227 0 -0.7502145516)
(-0.5916142095 0 -0.8309954556)
(-0.7022303863 0 -0.9624113296)
(-0.6904892742 0 -0.9034194163)
(-0.8268699472 0 -1.096134812)
(-0.9513288076 0 -1.196232584)
(-0.8761004969 0 -1.040102716)
(-0.5076967643 0 -0.1717334847)
(-0.5377162178 0 -0.1878159852)
(-0.3987821807 0 -0.07765494819)
(-0.5501379521 0 -0.07354756866)
(-1.740078533 0 -0.01758581521)
(-1.18496293 0 -0.01149341838)
(-4.460977686 0 0.7784920116)
(-3.604347693 0 1.524092034)
(-3.258587347 0 1.03984479)
(-1.118788413 0 0.6568407201)
(-0.8401225476 0 0.5371157175)
(-0.8198143732 0 0.5097826093)
(-0.7327383483 0 0.4916904499)
(-0.6703506379 0 0.4691654249)
(-0.6322929543 0 0.4347174561)
(-0.6925321329 0 0.498020026)
(-1.620435633 0 1.181383335)
(-1.360548613 0 0.9535237145)
(-2.24387065 0 2.815990884)
(-1.454514831 0 2.991138651)
(-1.501956461 0 2.550880074)
(-1.099962332 0 2.89470236)
(-0.9287291708 0 2.980439011)
(-1.027231318 0 2.573481368)
(-0.860278103 0 3.152347673)
(-0.8364590113 0 2.957137448)
(-0.8932515328 0 2.504317683)
(-0.8589684228 0 2.361519033)
(-0.9164214531 0 1.728061498)
(-0.928295249 0 1.531721804)
(-0.9337806464 0 1.429421225)
(-0.6859626825 0 0.1748159199)
(-0.8108082845 0 1.002311496)
(-0.3471435976 0 -1.061330526)
(0.2836784418 0 -1.130422556)
(-0.1358844582 0 -0.9334644161)
(0.6822115813 0 -1.450166209)
(1.243444479 0 -2.098386377)
(0.8248106136 0 -1.590064229)
(1.79928716 0 -2.784518774)
(2.148803823 0 -3.237983065)
(1.940804979 0 -2.940905867)
(2.329869543 0 -3.452666918)
(2.444326387 0 -3.575939399)
(2.39051378 0 -3.495924485)
(2.540747373 0 -3.671358333)
(2.634670461 0 -3.755889783)
(2.587468673 0 -3.725403936)
(2.730185286 0 -3.833568293)
(2.82704538 0 -3.904514917)
(2.775721929 0 -3.918263367)
(2.922300081 0 -3.967399685)
(3.010929795 0 -4.019911482)
(2.965164854 0 -4.100338835)
(-0.3468303241 0 -0.308313131)
(-0.3923580561 0 -0.3467256882)
(-0.3763420155 0 -0.3484660855)
(-0.4346324815 0 -0.3723403908)
(-0.475634161 0 -0.3918271101)
(-0.4658501738 0 -0.3874619572)
(-0.5164008681 0 -0.3961931429)
(-0.5320371569 0 -0.3636878062)
(-0.5063808057 0 -0.3509231194)
(-0.4880333357 0 -0.3015964589)
(-0.3920666514 0 -0.245325514)
(-0.3778501985 0 -0.2798751994)
(-0.3019279105 0 -0.2217328074)
(-0.2870812778 0 -0.2289706016)
(-0.3143828908 0 -0.3548721409)
(-0.2753450458 0 -0.2475079745)
(-0.3032670289 0 -0.2339694409)
(-0.3449835528 0 -0.4654795054)
(-0.3244295965 0 -0.2256546522)
(-0.334118464 0 -0.2648244647)
(-0.4177135099 0 -0.5665848288)
(-0.3645595018 0 -0.3601566234)
(-0.4560644738 0 -0.5988540437)
(-0.6360150487 0 -0.9049687506)
(-0.6583305505 0 -0.9635382936)
(-0.9353784679 0 -1.330101284)
(-0.9711955481 0 -1.27898326)
(-1.053492488 0 -0.7822780924)
(-1.147416527 0 -0.9513646575)
(-0.7456487148 0 -0.3987793484)
(-0.7498635083 0 -0.2137828427)
(-1.348846317 0 0.09335795462)
(-2.159408872 0 -0.01952530595)
(-1.796260523 0 0.6430554101)
(-0.9021715579 0 0.3833402181)
(-3.215507742 0 1.955719445)
(-1.029628231 0 0.6329462957)
(-0.9141308394 0 0.606067992)
(-0.8724361688 0 0.5682460678)
(-0.8331094453 0 0.5828135745)
(-0.7774760852 0 0.5707694312)
(-0.7175867984 0 0.5126736584)
(-0.9399611711 0 0.6228877741)
(-1.44857873 0 0.7760319977)
(-1.70586683 0 1.296331528)
(-0.8547058188 0 1.329581514)
(-0.3823845192 0 3.884643219)
(-1.23667549 0 3.347117363)
(-0.3013418167 0 3.965918438)
(-0.22161878 0 3.284138957)
(-0.6708716381 0 3.28175129)
(-0.4334022688 0 2.47740066)
(-0.6282591382 0 2.344067662)
(-0.7031825325 0 3.076744706)
(-0.7575764037 0 2.036802578)
(-0.8775894708 0 1.646412893)
(-0.8877259478 0 1.850926506)
(-0.948458435 0 1.284839428)
(-0.1709667456 0 -1.035977107)
(-0.4466460962 0 -0.6259590575)
(0.3093865823 0 -1.436339053)
(0.6845990904 0 -1.478802142)
(0.528393007 0 -1.329491394)
(1.103852054 0 -1.942223042)
(1.62869165 0 -2.525635525)
(1.505201498 0 -2.400952978)
(2.09457634 0 -3.105360727)
(2.331729082 0 -3.406749135)
(2.260163027 0 -3.363443569)
(2.441527802 0 -3.512935231)
(2.52583954 0 -3.574446132)
(2.48936026 0 -3.591887163)
(2.609402405 0 -3.630396714)
(2.69391 0 -3.684187574)
(2.672877704 0 -3.732944282)
(2.776801315 0 -3.734269804)
(2.854685647 0 -3.779974041)
(2.854559311 0 -3.848603161)
(2.923719037 0 -3.821933063)
(2.980173829 0 -3.861179128)
(3.01104174 0 -3.937791266)
(3.022054606 0 -3.89614518)
(3.052669578 0 -3.905438105)
(3.114772484 0 -3.982942504)
(-0.3453324609 0 -0.3060060123)
(-0.3686745754 0 -0.336927904)
(-0.3889231192 0 -0.3432347378)
(-0.3930071147 0 -0.3662884889)
(-0.4343052565 0 -0.4069730637)
(-0.4640760236 0 -0.3958088214)
(-0.4930710585 0 -0.4358523653)
(-0.5277504824 0 -0.3917597069)
(-0.5389874889 0 -0.3772340984)
(-0.5065163614 0 -0.3059734398)
(-0.4109190952 0 -0.2134385571)
(-0.3993332978 0 -0.2273646287)
(-0.3004573074 0 -0.1310340379)
(-0.3439381688 0 0.0008067813312)
(-0.2894317007 0 -0.1359006194)
(-0.4731412385 0 0.1305369292)
(-0.6214527689 0 0.2384783966)
(-0.4103730841 0 0.02510434043)
(-0.6389855192 0 0.2861849831)
(-0.5928496273 0 0.2748055164)
(-0.3977484456 0 0.0324754348)
(-0.4981005099 0 0.2122311883)
(-0.4037307955 0 0.0825829694)
(-0.3382642759 0 -0.2069814447)
(-0.3702818588 0 -0.1909604256)
(-0.4884308321 0 -0.5174065549)
(-0.5106394031 0 -0.9768645508)
(-0.9932026152 0 -1.251514627)
(-1.509312813 0 -1.581770068)
(-1.452581966 0 -1.381623132)
(-1.005755024 0 -0.536635261)
(-1.456427539 0 0.08488799012)
(-1.470870204 0 0.09550230276)
(-1.262804831 0 0.5373792166)
(-0.9247123916 0 0.3280623046)
(-0.8421481985 0 0.3823687548)
(-1.124870318 0 0.7175819521)
(-1.074907999 0 0.7650709105)
(-0.9815395282 0 0.6679259634)
(-1.011671159 0 0.7709053447)
(-0.9489534215 0 0.7645019967)
(-0.8542176401 0 0.6492550199)
(-0.5846980692 0 0.5733968158)
(-0.4446157194 0 0.523789067)
(-0.7035083291 0 0.8204804331)
(-0.519301221 0 0.5744586477)
(0.1978863416 0 1.236894135)
(0.6617912469 0 1.682499135)
(-0.1143324253 0 1.100230209)
(-0.5280847013 0 0.8807241662)
(0.1944078706 0 1.474441893)
(-0.7715652838 0 0.7928627253)
(-0.9121750289 0 0.7850642221)
(-0.7750926633 0 0.8618634394)
(-0.9978161961 0 0.8257321469)
(-1.057013567 0 0.9634671391)
(-1.017058777 0 0.9694678381)
(-1.153339214 0 1.093253663)
(0.3124625064 0 -1.146188425)
(0.06824732873 0 -1.193599194)
(0.5165165003 0 -1.522731158)
(0.8048443124 0 -1.529031429)
(0.7638221008 0 -1.556749182)
(1.147795934 0 -1.939994593)
(1.526590032 0 -2.375700992)
(1.627735196 0 -2.507746563)
(1.963636941 0 -2.886289294)
(2.301272184 0 -3.277585072)
(2.361994363 0 -3.389110755)
(2.467084241 0 -3.435099129)
(2.548325412 0 -3.484343469)
(2.550252683 0 -3.539451704)
(2.609586055 0 -3.513699765)
(2.666302928 0 -3.543722378)
(2.694785784 0 -3.622942191)
(2.716179153 0 -3.572451509)
(2.751143229 0 -3.591997136)
(2.828022557 0 -3.705371107)
(2.755306824 0 -3.585482087)
(2.685262977 0 -3.5024662)
(2.917364955 0 -3.772905476)
(2.387631229 0 -3.164724844)
(1.383404931 0 -2.037428081)
(2.86475702 0 -3.684740589)
(-0.2925733519 0 -0.2938085519)
(-0.2867813989 0 -0.3312152115)
(-0.3337352716 0 -0.3326181927)
(-0.284347087 0 -0.3998369688)
(-0.3261670707 0 -0.4809356562)
(-0.3884233374 0 -0.4333991075)
(-0.3941417407 0 -0.5057675077)
(-0.5044377211 0 -0.4943527691)
(-0.512451431 0 -0.4227631764)
(-0.6150929257 0 -0.4323991098)
(-0.5677339332 0 -0.2510128613)
(-0.4606461984 0 -0.2158307819)
(-0.4685757642 0 0.2268124498)
(-0.7010724372 0 0.3689336161)
(-0.5233778077 0 0.2396305468)
(-0.8472054411 0 0.4191177388)
(-0.922836015 0 0.4898836217)
(-0.8030026534 0 0.3890246859)
(-0.9407982334 0 0.5400201448)
(-0.9188034345 0 0.5613466635)
(-0.7841085811 0 0.450337933)
(-0.8618945716 0 0.5494843065)
(-0.7677798057 0 0.5036447631)
(-0.584986854 0 0.3445673739)
(-0.5987189433 0 0.3539833512)
(-0.4358848214 0 0.06441395949)
(-0.3928649137 0 -0.2215484149)
(-0.3584898175 0 -0.0814018435)
(-1.060594743 0 -1.582245644)
(-1.374291717 0 -1.637849446)
(-0.921507265 0 -0.527656859)
(-0.8060472635 0 -0.03524202029)
(-1.097121065 0 0.02691974956)
(-0.9307179277 0 0.6705991073)
(-0.6392900278 0 0.9413954515)
(-1.018004836 0 0.3012316123)
(-0.5472346999 0 1.155767559)
(-0.6498521719 0 1.133428568)
(-1.155569754 0 0.9008374446)
(-0.6251836287 0 1.49940715)
(-0.4845174066 0 1.361781076)
(-1.033779989 0 0.9464096533)
(-0.508388073 0 0.6461073095)
(-0.5567592784 0 0.6135844038)
(-0.4917507315 0 0.5594778218)
(-0.6155917424 0 0.6496494924)
(-0.6775428665 0 0.6897353626)
(-0.6351705152 0 0.6585124108)
(-0.772266148 0 0.7208841206)
(-0.8629651441 0 0.7477773939)
(-0.7981907319 0 0.7252436564)
(-0.9328920132 0 0.7799719386)
(-0.9887895988 0 0.81398383)
(-0.9597845638 0 0.7899757517)
(-1.033358633 0 0.8534754316)
(-1.067089931 0 0.9115309024)
(-1.060452498 0 0.9294087838)
(-1.123974991 0 1.155532607)
(-0.416632992 0 0.002848244924)
(0.154531207 0 -0.8107568688)
(0.7996864839 0 -1.432337049)
(0.7556247517 0 -1.412107139)
(0.8401058434 0 -1.474015602)
(1.082578417 0 -1.634549024)
(1.271291665 0 -1.905807994)
(1.381308589 0 -2.165549441)
(1.488825918 0 -2.190200941)
(1.773878806 0 -2.560817564)
(2.088682745 0 -3.003084726)
(2.049484934 0 -2.877801791)
(2.245644834 0 -3.069588742)
(2.47315449 0 -3.364471491)
(2.349028323 0 -3.146768681)
(2.38739572 0 -3.154858018)
(2.581859115 0 -3.413034558)
(2.373967286 0 -3.110646102)
(2.293846878 0 -2.990160762)
(2.583815552 0 -3.37439949)
(2.098777757 0 -2.723110053)
(1.69538398 0 -2.172795479)
(2.226347595 0 -2.917441894)
(1.019589903 0 -1.232776139)
(0.5424664948 0 -0.4045894248)
(0.6723609217 0 -0.93230644)
(-0.2135476808 0 -0.2490231001)
(-0.2060600474 0 -0.2882460091)
(-0.2364141923 0 -0.3262251352)
(-0.169378985 0 -0.4213640851)
(-0.1446404343 0 -0.5983172074)
(-0.2434146174 0 -0.547928778)
(-0.2206702395 0 -0.7052053489)
(-0.3777780579 0 -0.7993682477)
(-0.4789450303 0 -0.6185706976)
(-0.5311331418 0 -0.6220945423)
(-0.5319737682 0 0.09872311991)
(-0.6288333388 0 -0.2373563498)
(-0.7017456045 0 0.418441072)
(-0.8737941598 0 0.4885634213)
(-0.8059709785 0 0.4214766535)
(-0.9883803629 0 0.5918750199)
(-1.066336641 0 0.7021984452)
(-1.001103484 0 0.5842976172)
(-1.110212356 0 0.7654333769)
(-1.114168599 0 0.7780765192)
(-1.018515554 0 0.6591425892)
(-1.078524966 0 0.7511569199)
(-0.989716748 0 0.6883460172)
(-0.8892051546 0 0.5925675409)
(-0.8511314398 0 0.6369961557)
(-0.7545841851 0 0.5772739322)
(-0.6037786899 0 0.3565565114)
(-0.6290673638 0 0.4792164505)
(0.2560377328 0 -0.1044206564)
(-0.3904038388 0 -0.8834163616)
(0.644990129 0 -0.3098860555)
(0.6985109336 0 -0.2380160083)
(-0.7965642174 0 -0.05847542385)
(0.7245422999 0 0.2722229163)
(0.5156739837 0 0.338223134)
(0.2863531121 0 1.018242231)
(1.153767698 0 1.14373958)
(1.457291956 0 1.447879204)
(0.889298319 0 3.087478721)
(0.9001991631 0 2.22547106)
(-0.6167041308 0 0.6952494795)
(-0.4965010214 0 0.981765909)
(-0.6844346692 0 0.6790599782)
(-0.7149602486 0 0.6953626812)
(-0.6333930866 0 0.6625068245)
(-0.7526174678 0 0.7369047407)
(-0.8169910549 0 0.7778108709)
(-0.7463438851 0 0.7246997361)
(-0.8955983018 0 0.8095253928)
(-0.9704334023 0 0.8318401967)
(-0.9076747304 0 0.7850470924)
(-1.03442448 0 0.8509321443)
(-1.081742641 0 0.8689275531)
(-1.027687689 0 0.8403785206)
(-1.107022294 0 0.8898059785)
(-1.111302845 0 0.9154462505)
(-1.083067139 0 0.9120725233)
(-1.103984437 0 0.9474646713)
(-1.175722436 0 1.166637904)
(-1.290882564 0 1.151301883)
(-0.7085223929 0 0.4956701644)
(1.100989928 0 -1.330237669)
(0.9090735286 0 -1.368062048)
(1.074857925 0 -1.179962505)
(0.9955017297 0 -1.162253367)
(1.170659997 0 -1.612163597)
(1.186394963 0 -1.426281454)
(1.32900182 0 -1.607703173)
(1.503559643 0 -2.054927802)
(1.449776007 0 -1.800918715)
(1.558721515 0 -1.969052966)
(1.886108442 0 -2.549710264)
(1.634894536 0 -2.070370416)
(1.652590957 0 -2.076408298)
(2.044425366 0 -2.683512971)
(1.596789412 0 -1.974577532)
(1.459663431 0 -1.753653638)
(1.877707699 0 -2.406585104)
(1.236552472 0 -1.398576686)
(0.9391269914 0 -0.9070060994)
(1.237758817 0 -1.461216465)
(0.4338407848 0 -0.3184333344)
(-0.5040456344 0 0.08464668339)
(-0.2361293758 0 0.09042119006)
(-0.1601060241 0 -0.1123771359)
(-0.147354815 0 -0.08760492551)
(-0.1956971368 0 -0.18448696)
(-0.1476722172 0 -0.1200985906)
(-0.009134686437 0 -0.2850504817)
(-0.09636807767 0 -0.516361585)
(0.1614892919 0 -0.4317555954)
(0.2715002257 0 -0.4570469618)
(-0.09734641395 0 -0.9832391014)
(0.07186933574 0 -0.2184668921)
(-0.6167700823 0 0.4376550899)
(-0.5631355775 0 0.3405073343)
(-0.835198331 0 0.6558889054)
(-1.02113945 0 0.8148114661)
(-0.9323779755 0 0.6130531161)
(-1.167207315 0 0.9684061094)
(-1.283512258 0 1.099927242)
(-1.149231441 0 0.8668842785)
(-1.356175764 0 1.169212573)
(-1.367650946 0 1.155060949)
(-1.225211046 0 0.9389622584)
(-1.319017547 0 1.08016556)
(-1.219072846 0 0.9851581807)
(-1.101447917 0 0.8241264279)
(-1.075654031 0 0.901458937)
(-0.9336225849 0 0.8446953456)
(-0.8470198501 0 0.7250049218)
(-0.843822439 0 0.7974302915)
(-0.7486916273 0 0.7435399189)
(-0.6625623435 0 0.6068700197)
(-0.6087695002 0 0.6385936382)
(0.0712218702 0 0.1752822136)
(0.6680927463 0 -0.214493667)
(0.66430354 0 0.2326341976)
(0.6220237638 0 0.4491548493)
(0.4892066682 0 0.3412875998)
(0.9311826824 0 0.6549501944)
(1.493985086 0 1.805926362)
(0.6644188164 0 1.345050596)
(0.9136725587 0 2.45819608)
(0.3797282968 0 2.134776203)
(-0.4805688413 0 0.9455513576)
(-0.1953964802 0 1.51611628)
(-0.6806861732 0 1.021481737)
(-0.7615569479 0 0.7815944809)
(-0.8840332305 0 0.9145715695)
(-0.9754351842 0 0.9352936764)
(-0.899283194 0 0.8509990281)
(-1.056387462 0 0.9456030121)
(-1.129057965 0 0.9396887818)
(-1.049608396 0 0.886938446)
(-1.182767242 0 0.9270168053)
(-1.208685167 0 0.9155118075)
(-1.14576524 0 0.8956680552)
(-1.20577011 0 0.9091142734)
(-1.181255478 0 0.9065827215)
(-1.146419121 0 0.9148709578)
(-1.144146011 0 0.9048252718)
(-1.098783641 0 0.9015716235)
(-1.098408183 0 0.9406423268)
(-1.047910119 0 0.8856371262)
(-1.177379817 0 0.8525814689)
(-0.9906718878 0 0.9365342553)
(-1.117434167 0 0.7038091608)
(0.315052183 0 -0.655756129)
(1.071110833 0 -1.175369189)
(0.9886401532 0 -1.141700259)
(1.152815689 0 -1.055222159)
(1.200012895 0 -1.246814113)
(1.19884742 0 -1.107256568)
(1.220453664 0 -1.165941034)
(1.345935223 0 -1.493847715)
(1.21634858 0 -1.190086644)
(1.183046076 0 -1.163015068)
(1.361057814 0 -1.537092713)
(1.11013447 0 -1.070820702)
(0.9897557512 0 -0.9111626227)
(1.173762737 0 -1.236692007)
(0.794446919 0 -0.6734029745)
(0.1264658284 0 -0.2036882862)
(0.7214255648 0 -0.5486793035)
(-0.3541457196 0 0.09281278407)
(-0.3142868698 0 0.1323995474)
(-0.3665422158 0 0.1176746367)
(-0.1616990088 0 0.01928819179)
(-0.0663759283 0 -0.02993692835)
(-0.1055420048 0 -0.03976486654)
(0.007910120718 0 -0.1027324267)
(-0.06526352703 0 -0.1233008767)
(0.0508110293 0 -0.2531846065)
(-0.03647834123 0 -0.2690227607)
(-0.05496151521 0 -0.241410809)
(0.06934704031 0 -0.2292826604)
(-0.4234057715 0 0.3337085096)
(-0.7970602857 0 0.7906131797)
(-0.6669088433 0 0.5709564885)
(-1.169804528 0 1.174870916)
(-1.465803438 0 1.457393289)
(-1.190806503 0 1.102705017)
(-1.673269999 0 1.649170657)
(-1.804554531 0 1.769212161)
(-1.501027367 0 1.410783256)
(-1.861835234 0 1.814566456)
(-1.826141532 0 1.755370639)
(-1.562764092 0 1.432217389)
(-1.688766903 0 1.583945037)
(-1.492521772 0 1.371310449)
(-1.343821045 0 1.168105892)
(-1.285654951 0 1.199432359)
(-1.096894672 0 1.088420592)
(-1.024683973 0 0.9754766549)
(-0.9448347166 0 1.011377832)
(-0.8305801469 0 0.9446128039)
(-0.8026300838 0 0.8655217597)
(-0.7146984683 0 0.8573328859)
(-0.5209484481 0 0.5522891867)
(-0.5128751116 0 0.5867816722)
(-0.2501765661 0 0.2130636682)
(-0.1468064317 0 0.3254079529)
(-0.2096621379 0 0.2042448184)
(-0.17586793 0 0.2589396139)
(0.5929431203 0 0.5917564274)
(1.67221013 0 1.196079349)
(-0.3144001907 0 0.2200803652)
(-0.6722647854 0 0.3700631688)
(-0.08810995721 0 0.6469288601)
(-0.7015438957 0 0.6841551009)
(-0.8112976061 0 0.8985123094)
(-0.8695878248 0 0.8488156307)
(-0.9399768786 0 0.9852202889)
(-1.061134494 0 1.010199759)
(-1.02904362 0 0.9983977206)
(-1.165927476 0 1.001255353)
(-1.242496317 0 0.9747033914)
(-1.191835527 0 0.9732691119)
(-1.282951576 0 0.9435005949)
(-1.287653924 0 0.9157448228)
(-1.25794384 0 0.9232467021)
(-1.261995039 0 0.8928107209)
(-1.212977615 0 0.872033804)
(-1.207330365 0 0.8911060087)
(-1.146492983 0 0.8532150821)
(-1.062988574 0 0.8391112696)
(-1.092663118 0 0.8681704035)
(-0.9564918785 0 0.7689950981)
(-0.8655938947 0 0.4908968475)
(-0.9253295038 0 0.6342704568)
(-0.7246548566 0 0.1993974181)
(-0.540083579 0 -0.08291242775)
(-0.8718153725 0 0.1973375655)
(-0.6680175911 0 -0.2304874497)
(-0.5242706035 0 -0.3442665316)
(0.8030216539 0 -0.9700193446)
(0.3826671446 0 -0.7236109256)
(0.734285716 0 -0.8362708179)
(1.082780362 0 -0.9874487717)
(0.8309251375 0 -0.8270287954)
(0.8119924813 0 -0.7660849065)
(1.031962713 0 -0.932196454)
(0.6975497622 0 -0.6656873908)
(0.3293951772 0 -0.3922060112)
(0.7962141045 0 -0.7029732818)
(-0.317513966 0 0.06784052298)
(-0.2967754592 0 0.09139662743)
(-0.3381882149 0 0.08182146911)
(-0.2862342473 0 0.1013300901)
(-0.2724759907 0 0.1144357613)
(-0.2879337549 0 0.1200418503)
(-0.1505532598 0 0.1779078432)
(-0.1510341022 0 0.1929655532)
(-0.1124523102 0 0.1199097032)
(-0.1322297176 0 0.2115606836)
(-0.0698096483 0 0.2295178241)
(0.003312353756 0 -0.02132991769)
(0.003078399232 0 0.2302236951)
(-0.2672017972 0 0.4510187881)
(-0.1090044975 0 0.1705171326)
(-0.8428963551 0 0.982499433)
(-1.419405736 0 1.51385649)
(-1.04431141 0 1.115914793)
(-1.846827623 0 1.896164753)
(-2.126459204 0 2.136355466)
(-1.801700419 0 1.817490714)
(-2.292937511 0 2.271420787)
(-2.377046461 0 2.332837942)
(-2.124525293 0 2.094724376)
(-2.397932195 0 2.339410494)
(-2.353346937 0 2.284455121)
(-2.120578696 0 2.06508946)
(-2.200743717 0 2.114952115)
(-1.900631885 0 1.798051785)
(-1.682672826 0 1.587673448)
(-1.54078442 0 1.463621459)
(-1.229353708 0 1.243769462)
(-1.158944592 0 1.180050777)
(-0.9907664378 0 1.121201981)
(-0.8211028406 0 1.042925743)
(-0.8236149026 0 1.010634267)
(-0.7113391914 0 0.9715449265)
(-0.6309317116 0 0.8840687578)
(-0.6390363699 0 0.818061205)
(-0.5471973979 0 0.760895859)
(-0.4240878316 0 0.5812564165)
(-0.2167417142 0 0.4435165235)
(-0.4513465627 0 0.5257439423)
(-0.5686264389 0 0.6011076822)
(-0.2710139824 0 0.2707292819)
(-0.7919007076 0 0.3238114158)
(-2.614645254 0 0.6930319891)
(-1.300260098 0 0.5661282947)
(-1.062606551 0 1.084946375)
(-0.9835709334 0 0.9558965108)
(-0.8369819169 0 0.8867037402)
(-1.123755972 0 0.9542812988)
(-1.253261016 0 0.9636283737)
(-1.129933446 0 0.9790546514)
(-1.329493375 0 0.9539875028)
(-1.349965126 0 0.929538733)
(-1.297534853 0 0.9514685121)
(-1.333733639 0 0.9006605593)
(-1.295703747 0 0.8763340793)
(-1.299752919 0 0.8970904198)
(-1.239107977 0 0.8594549429)
(-1.164805419 0 0.8452705883)
(-1.195886921 0 0.8553894678)
(-1.075511744 0 0.8292154413)
(-0.9657565578 0 0.7928858891)
(-1.016495487 0 0.8156917911)
(-0.8423810423 0 0.5634299704)
(-0.7171574466 0 0.185653288)
(-0.8032953237 0 0.3406480904)
(-0.468930539 0 -0.1344476423)
(-0.4972245559 0 -0.3645043314)
(-0.4578072645 0 -0.237120674)
(-0.551452238 0 -0.4863933352)
(-0.5317750902 0 -0.4792108484)
(-0.5795280014 0 -0.4013056084)
(-0.4942279696 0 -0.442468738)
(-0.4451619417 0 -0.3864275027)
(-0.3556381845 0 -0.3588613897)
(-0.3893084374 0 -0.3121493772)
(-0.3383206977 0 -0.2192177317)
(0.2333143407 0 -0.4489013539)
(-0.2951453859 0 -0.09756725025)
(-0.3070790545 0 0.02412988577)
(-0.3083366056 0 0.0420268325)
(-0.3113992644 0 0.05298978144)
(-0.3079672858 0 0.07653547563)
(-0.2944455972 0 0.08285514943)
(-0.2874706403 0 0.1114480476)
(-0.2591302508 0 0.1445146297)
(-0.2646485946 0 0.1230465117)
(-0.06844181862 0 0.3102931226)
(-0.07911323206 0 0.3048447226)
(-0.1199222184 0 0.2336849761)
(-0.09338150521 0 0.3240120069)
(-0.07492014093 0 0.3516086198)
(-0.1449910564 0 0.2892402738)
(-0.2687112933 0 0.5565550936)
(-1.040196594 0 1.265053256)
(-0.6118137621 0 0.7968721262)
(-1.777424792 0 1.917917281)
(-2.25532721 0 2.326044433)
(-1.842840123 0 1.929859905)
(-2.5224803 0 2.54176913)
(-2.65398574 0 2.636142071)
(-2.411742009 0 2.408663639)
(-2.700600995 0 2.655716075)
(-2.691163724 0 2.626191028)
(-2.557724934 0 2.501667766)
(-2.640050242 0 2.559783516)
(-2.550950157 0 2.458135595)
(-2.485772263 0 2.402419652)
(-2.411986214 0 2.303028349)
(-2.172079668 0 2.031584726)
(-2.08374841 0 1.958792399)
(-1.777651566 0 1.616912251)
(-1.346722457 0 1.24514961)
(-1.299474462 0 1.264580782)
(-1.008460999 0 1.03918191)
(-0.7764707725 0 0.9321394852)
(-0.8114734384 0 1.018486717)
(-0.6274991957 0 0.8541584279)
(-0.5267082708 0 0.7650896049)
(-0.5909413756 0 0.8665874087)
(-0.4634189759 0 0.6293572997)
(-0.5346600776 0 0.5365548369)
(-0.4775459653 0 0.5788676221)
(-0.7436409165 0 0.6173392987)
(-0.9451145044 0 0.7417437853)
(-0.8200623286 0 0.5820653939)
(-1.108234442 0 0.8327726866)
(0.908312012 0 0.8744248662)
(-0.6864786305 0 0.7436854348)
(-0.978040143 0 0.9540383508)
(-1.377270783 0 0.9783133605)
(-1.204301132 0 1.407552613)
(-1.445345136 0 0.9941366322)
(-1.45134168 0 0.9883148826)
(-1.391150779 0 0.9772090072)
(-1.420578081 0 0.9540403294)
(-1.366338955 0 0.9048345711)
(-1.373525994 0 0.9186608365)
(-1.303169466 0 0.8589578529)
(-1.234726014 0 0.8328676671)
(-1.273953869 0 0.8562292081)
(-1.156462972 0 0.8354597617)
(-1.068425159 0 0.8505912774)
(-1.123049814 0 0.843452409)
(-0.9737829676 0 0.8495749739)
(-0.863714129 0 0.7437362646)
(-0.9146646971 0 0.7675670197)
(-0.7202428443 0 0.2848715615)
(-0.4470400063 0 -0.1892411934)
(-0.5853961202 0 0.004818829342)
(-0.4790205008 0 -0.4408341213)
(-0.5771820402 0 -0.6052844889)
(-0.5485791469 0 -0.5048175849)
(-0.576883041 0 -0.6242153904)
(-0.566130928 0 -0.6162126333)
(-0.5406062916 0 -0.5524558917)
(-0.5423406926 0 -0.5938777542)
(-0.5067629808 0 -0.5550135857)
(-0.4562585651 0 -0.4731272056)
(-0.4581284322 0 -0.4991612843)
(-0.3943186254 0 -0.4233856972)
(-0.3447889627 0 -0.3250234102)
(-0.3238557883 0 -0.3258413376)
(-0.3115264729 0 -0.1540053921)
(-0.3174032546 0 -0.03934655647)
(-0.3298348391 0 0.01959133871)
(-0.325274256 0 0.1029255249)
(-0.3186332248 0 0.08796892652)
(-0.2846033376 0 0.1609683096)
(-0.2302975467 0 0.2064523394)
(-0.2520310247 0 0.1701646781)
(0.115691905 0 0.3540878956)
(-0.1830268163 0 0.6350792297)
(0.01550074828 0 0.4119353468)
(-1.428193466 0 1.705602848)
(-2.341983135 0 2.484019376)
(-1.637690741 0 1.846717295)
(-2.774655351 0 2.83717231)
(-2.950259889 0 2.963172771)
(-2.639091065 0 2.681147666)
(-3.001227927 0 2.980237041)
(-2.986519197 0 2.940529945)
(-2.847994536 0 2.814797512)
(-2.931502288 0 2.865751581)
(-2.84570373 0 2.763202189)
(-2.786680754 0 2.713164868)
(-2.72862526 0 2.630856578)
(-2.570928679 0 2.457988711)
(-2.577155483 0 2.475522402)
(-2.358457322 0 2.227790111)
(-2.080454567 0 1.920898806)
(-2.162134495 0 2.013008773)
(-1.716720718 0 1.514633608)
(-1.283297941 0 1.083831797)
(-1.346009562 0 1.185926494)
(-0.9004415038 0 0.8030531795)
(-0.623830936 0 0.6609852101)
(-0.7079676563 0 0.8086016114)
(-0.4365871906 0 0.5625101545)
(-0.397990018 0 0.474257101)
(-0.4253226151 0 0.6144915476)
(-0.5749717933 0 0.5022919225)
(-0.8338105661 0 0.6372497236)
(-0.650324981 0 0.5547294906)
(-1.066076269 0 0.7770477323)
(-1.248564502 0 0.8857671015)
(-1.090565741 0 0.8086861771)
(-1.380333512 0 0.961570133)
(-1.469864929 0 1.010654493)
(-1.362136253 0 0.9611216798)
(-1.513401125 0 1.028051231)
(-1.529650265 0 1.028144124)
(-1.486751929 0 1.011254049)
(-1.522370716 0 1.026513679)
(-1.482095753 0 1.012379144)
(-1.475748838 0 1.001608738)
(-1.405385209 0 0.9604086226)
(-1.307273101 0 0.8861472161)
(-1.343143894 0 0.8922949222)
(-1.202594693 0 0.8178389271)
(-1.095138671 0 0.7844868729)
(-1.176724279 0 0.8079536547)
(-0.9874485602 0 0.8152582019)
(-0.8932494602 0 0.8858488281)
(-0.9946789543 0 0.8661995362)
(-0.8180346814 0 0.916220222)
(-0.7430284042 0 0.7636820125)
(-0.8092949661 0 0.7355705868)
(-0.5203283026 0 0.07622178516)
(-0.4191521702 0 -0.4461002114)
(-0.3792751786 0 -0.3571424218)
(-0.5507483612 0 -0.6188688683)
(-0.5800268564 0 -0.6585201449)
(-0.583309688 0 -0.6503445983)
(-0.6102255669 0 -0.6881772932)
(-0.6321049406 0 -0.7126772237)
(-0.5997543761 0 -0.6688859367)
(-0.6404136885 0 -0.7192639662)
(-0.6361669034 0 -0.7101545282)
(-0.5714818312 0 -0.6343653885)
(-0.617309035 0 -0.6850184037)
(-0.5775861611 0 -0.6377408778)
(-0.4805552488 0 -0.5275462665)
(-0.5086538691 0 -0.5586773037)
(-0.4017184856 0 -0.4353805096)
(-0.3132984066 0 -0.3025357641)
(-0.2670862618 0 -0.2401288304)
(-0.166387557 0 0.09407385848)
(-0.320739016 0 0.1143044104)
(0.1288086528 0 0.2880600768)
(-2.245764692 0 2.459501546)
(-1.0409804 0 1.386919497)
(-3.063725695 0 3.175527202)
(-3.271619916 0 3.326411836)
(-2.927669684 0 3.010566183)
(-3.30605878 0 3.320842761)
(-3.273691957 0 3.257457806)
(-3.156418775 0 3.150385867)
(-3.206406118 0 3.164052073)
(-3.114799291 0 3.048690757)
(-3.071833215 0 3.016091129)
(-3.000942739 0 2.91217268)
(-2.860391779 0 2.749917225)
(-2.87003432 0 2.776394645)
(-2.679664773 0 2.549003842)
(-2.434900856 0 2.285234952)
(-2.527620283 0 2.399060377)
(-2.109354027 0 1.938491949)
(-1.737679831 0 1.539756314)
(-1.939723985 0 1.763455618)
(-1.390891444 0 1.160412254)
(-1.077003418 0 0.8365904218)
(-1.177396108 0 0.9516472521)
(-0.7961820017 0 0.6206093906)
(-0.6530930581 0 0.5399524111)
(-0.550901592 0 0.5231762406)
(-0.708643075 0 0.5519123519)
(-0.8814928862 0 0.6360948088)
(-0.589296225 0 0.4787518479)
(-1.085721246 0 0.7580113379)
(-1.270772276 0 0.8762699534)
(-1.060198125 0 0.7530000581)
(-1.413689319 0 0.9689908801)
(-1.511399943 0 1.033834579)
(-1.399069602 0 0.9640051089)
(-1.568306798 0 1.071362745)
(-1.594243404 0 1.087253857)
(-1.545852395 0 1.053677731)
(-1.586458175 0 1.060863829)
(-1.557960035 0 1.028359862)
(-1.554236137 0 1.033453602)
(-1.514740137 0 1.029084589)
(-1.441908455 0 1.045252269)
(-1.473421269 0 1.026276306)
(-1.333265213 0 1.009816904)
(-1.193497137 0 0.9139896553)
(-1.258701731 0 0.8929369664)
(-1.02668308 0 0.8109292515)
(-0.847162811 0 0.753221278)
(-0.985078535 0 0.7668067903)
(-0.6867413617 0 0.7826107309)
(-0.5916253547 0 0.8817467918)
(-0.7566766816 0 0.898495522)
(-0.5641485312 0 0.9598993229)
(-0.5565730339 0 0.8866751662)
(-0.6584029876 0 0.825920322)
(-0.4287164036 0 0.3571998047)
(-0.4363650281 0 -0.4177327915)
(-0.4537492219 0 -0.4652781842)
(-0.4839148216 0 -0.5716903534)
(-0.5397275644 0 -0.6221979451)
(-0.5671187446 0 -0.6492506634)
(-0.6069465872 0 -0.6963153653)
(-0.670104941 0 -0.7672940654)
(-0.6569563099 0 -0.7465942361)
(-0.7120615066 0 -0.8106359407)
(-0.7396232707 0 -0.8355793151)
(-0.6935032369 0 -0.7783628592)
(-0.7554646039 0 -0.8471642511)
(-0.7561757651 0 -0.8421276614)
(-0.6721391699 0 -0.7449887999)
(-0.735091073 0 -0.8132433708)
(-0.6777150384 0 -0.744292537)
(-0.5357242797 0 -0.5870159712)
(-0.548997299 0 -0.5953411797)
(0.1921895566 0 0.06610716707)
(0.09727174724 0 0.09823923743)
(0.2315479018 0 0.5777849833)
(-3.470063777 0 3.625229614)
(-3.01342982 0 3.191865934)
(-3.580495095 0 3.6673963)
(-3.538357031 0 3.577968229)
(-3.444198346 0 3.489194918)
(-3.459550983 0 3.457769023)
(-3.359551331 0 3.318565892)
(-3.3350614 0 3.310229454)
(-3.239484872 0 3.159928854)
(-3.095915647 0 2.978798882)
(-3.123616881 0 3.040070356)
(-2.921641605 0 2.770079972)
(-2.70023541 0 2.521281141)
(-2.810626592 0 2.673049567)
(-2.399994518 0 2.205666923)
(-1.998682185 0 1.800121176)
(-2.269820258 0 2.094466646)
(-1.562714387 0 1.357835831)
(-1.235201978 0 1.016555151)
(-1.482891416 0 1.265846579)
(-1.069334769 0 0.8389636093)
(-1.010333713 0 0.7740816591)
(-1.025891666 0 0.7787302305)
(-1.003542202 0 0.7625677195)
(-1.038820548 0 0.7823578122)
(-0.9278085175 0 0.6721744269)
(-1.118956581 0 0.8323762148)
(-1.235900846 0 0.9056955671)
(-1.133219653 0 0.7907544633)
(-1.366001931 0 0.9842026724)
(-1.483039887 0 1.052107461)
(-1.408981625 0 0.9768361161)
(-1.57134465 0 1.101804068)
(-1.625910085 0 1.132532293)
(-1.579783228 0 1.089005503)
(-1.647396951 0 1.140972199)
(-1.638800131 0 1.128611219)
(-1.622187696 0 1.11153875)
(-1.593624658 0 1.06155236)
(-1.501920598 0 1.000492315)
(-1.541356886 0 1.015841637)
(-1.381774372 0 1.011366872)
(-1.254837826 0 1.085999428)
(-1.374601935 0 1.067911314)
(-1.137213731 0 1.09302245)
(-0.9989503738 0 0.9549094959)
(-1.106901884 0 0.9409578176)
(-0.8001916387 0 0.7695637281)
(-0.5809414157 0 0.6604668846)
(-0.6997729567 0 0.7260161552)
(-0.4253466981 0 0.6406476967)
(-0.354850356 0 0.6589545737)
(-0.4392703391 0 0.8037762421)
(-0.3349720183 0 0.6913664375)
(-0.337134496 0 0.7261313319)
(-0.4432367255 0 0.8805052179)
(-0.3038969556 0 0.6466560479)
(-0.3197448089 0 0.07290343312)
(-0.3903856388 0 -0.2112091783)
(-0.3702726593 0 -0.3953041095)
(-0.4269094326 0 -0.4889267197)
(-0.4933842606 0 -0.5703814842)
(-0.516756678 0 -0.5937759028)
(-0.6435327045 0 -0.7448536169)
(-0.6675217438 0 -0.7696682738)
(-0.7279002663 0 -0.8423098399)
(-0.7886749402 0 -0.9059211316)
(-0.7720981088 0 -0.8791017148)
(-0.8378608684 0 -0.9553435158)
(-0.8756300409 0 -0.9900902929)
(-0.824830293 0 -0.9245655188)
(-0.9008358203 0 -1.008941322)
(-0.9100130862 0 -1.008009995)
(-0.8067934882 0 -0.888777488)
(-0.8904448248 0 -0.9706115758)
(-0.5614157468 0 0.1963209267)
(-0.2431526762 0 -0.04468879081)
(-3.685440189 0 3.787895476)
(-3.572213929 0 3.575249977)
(-3.580399303 0 3.612849982)
(-3.443661398 0 3.35204766)
(-3.281215211 0 3.106279854)
(-3.347723107 0 3.2679784)
(-3.071893927 0 2.829698327)
(-2.806641493 0 2.518722686)
(-3.011238914 0 2.831514104)
(-2.479771997 0 2.1751051)
(-2.067002766 0 1.788255284)
(-2.48149672 0 2.247882961)
(-1.590432689 0 1.380934373)
(-1.250594246 0 1.099402019)
(-1.611970651 0 1.412791904)
(-1.130637094 0 0.9969748095)
(-1.109819777 0 0.978366209)
(-1.101239234 0 0.9139546064)
(-1.109197436 0 0.9796707122)
(-1.111226406 0 0.9832186136)
(-1.042748763 0 0.8571150762)
(-1.126313769 0 0.9901996158)
(-1.174625792 0 1.00837291)
(-1.101822269 0 0.8939390504)
(-1.267125728 0 1.043055181)
(-1.390279543 0 1.089729953)
(-1.308600254 0 1.000800415)
(-1.514362591 0 1.136835666)
(-1.61423395 0 1.173932084)
(-1.546984558 0 1.11580927)
(-1.678041528 0 1.195123175)
(-1.7036047 0 1.198502639)
(-1.666449304 0 1.16874556)
(-1.69329349 0 1.181521278)
(-1.646604192 0 1.144110238)
(-1.647314274 0 1.139748479)
(-1.557622544 0 1.058713681)
(-1.343496614 0 0.9693443751)
(-1.435653787 0 0.9863461782)
(-1.069311765 0 0.9479443042)
(-0.8798324069 0 0.9944456807)
(-1.076972902 0 1.076206016)
(-0.8022873846 0 0.9982430676)
(-0.748692022 0 0.8471597009)
(-0.8772466724 0 0.9328926877)
(-0.6458005783 0 0.5982830201)
(-0.522634329 0 0.4215258932)
(-0.5098486608 0 0.5502087669)
(-0.4442408349 0 0.3386542306)
(-0.4060242774 0 0.2826323735)
(-0.3177485766 0 0.4887647806)
(-0.3735965288 0 0.2392097755)
(-0.3271863309 0 0.2122672021)
(-0.2936840484 0 0.320506354)
(-0.2603031246 0 0.1920595886)
(-0.2374877609 0 0.2332714359)
(-0.2129816862 0 0.1797006906)
(-0.2924879531 0 0.3453539551)
(-0.255168945 0 0.07706223987)
(-0.3413622915 0 -0.3754713525)
(-0.2876661416 0 -0.3582929702)
(-0.4858618646 0 -0.5140347613)
(-0.5882879649 0 -0.6742224057)
(-0.6418311988 0 -0.7540159963)
(-0.7535142533 0 -0.8809779186)
(-0.7856095039 0 -0.9107575047)
(-0.8463274176 0 -0.986566103)
(-0.9201619172 0 -1.066705835)
(-0.9076016732 0 -1.037824709)
(-0.9763710128 0 -1.122039902)
(-1.018654363 0 -1.155543247)
(-0.9797924774 0 -1.095032615)
(-2.801742317 0 1.449515669)
(-2.222640309 0 1.3063619)
(-3.071788231 0 2.656564593)
(-1.795934215 0 1.189441227)
(-1.498059362 0 1.097589743)
(-2.308540074 0 1.876266945)
(-1.258260991 0 1.017835285)
(-1.105970801 0 1.030266032)
(-1.453327597 0 1.220271926)
(-1.14985499 0 1.137569452)
(-1.233283638 0 1.216493815)
(-1.147589199 0 1.072695287)
(-1.283175354 0 1.2545908)
(-1.299674643 0 1.26612916)
(-1.193162811 0 1.117526963)
(-1.294527953 0 1.26043807)
(-1.28595081 0 1.244860549)
(-1.195756786 0 1.117629118)
(-1.300835138 0 1.228861164)
(-1.36255685 0 1.222804558)
(-1.26271118 0 1.120001786)
(-1.468389085 0 1.230832486)
(-1.588065792 0 1.247448749)
(-1.484405296 0 1.173194648)
(-1.688769796 0 1.262883847)
(-1.752530295 0 1.268913321)
(-1.684071509 0 1.225815613)
(-1.774719287 0 1.260186045)
(-1.756366325 0 1.233235806)
(-1.7348492 0 1.22064742)
(-1.699271315 0 1.185547428)
(-1.602800519 0 1.116620788)
(-1.633443284 0 1.138150367)
(-1.460925051 0 1.011017539)
(-1.166853746 0 0.8465453664)
(-1.243202449 0 0.9295867215)
(-0.8570279679 0 0.684656785)
(-0.6930275344 0 0.5573579516)
(-0.7440954709 0 0.8101582858)
(-0.6105496077 0 0.4109830964)
(-0.5505146734 0 0.2677799681)
(-0.6233830714 0 0.6344377768)
(-0.5185594036 0 0.2001206911)
(-0.507498632 0 0.1976591347)
(-0.5052831145 0 0.2884891934)
(-0.493450768 0 0.2237192968)
(-0.477596792 0 0.2562978617)
(-0.4468011485 0 0.236447442)
(-0.4667065381 0 0.2864995038)
(-0.4600838115 0 0.3170766683)
(-0.3860172644 0 0.262695622)
(-0.4578299368 0 0.3531898835)
(-0.4422960766 0 0.4010689302)
(-0.321393331 0 0.3204988637)
(-0.3945810764 0 0.4863388221)
(-0.3863437825 0 0.7371796452)
(-0.4091848224 0 0.608240306)
(-0.4104890227 0 0.9208382544)
(-0.3607602313 0 0.8353557925)
(-0.3293176526 0 -0.265136704)
(-0.2950473776 0 0.6574582701)
(-0.2257377724 0 0.5265715102)
(-0.661549201 0 -0.7755439467)
(-0.1954325353 0 0.4581363634)
(-0.09804817442 0 0.550247506)
(-0.9083926554 0 -1.069978934)
(-1.43318198 0 1.193697883)
(-1.372986354 0 1.185008484)
(-1.74334485 0 1.225927679)
(-1.30576175 0 1.144807586)
(-1.175826844 0 1.107241627)
(-1.305347365 0 1.08830034)
(-0.9718830603 0 1.086169353)
(-1.223713444 0 1.366812988)
(-1.112679665 0 1.165006335)
(-1.424271957 0 1.488005258)
(-1.501593143 0 1.526758827)
(-1.367877015 0 1.381372664)
(-1.519898279 0 1.534124567)
(-1.505724731 0 1.522726429)
(-1.407116857 0 1.402693987)
(-1.478782392 0 1.495659856)
(-1.467130703 0 1.455978322)
(-1.376677008 0 1.358734704)
(-1.506289015 0 1.413186804)
(-1.602094049 0 1.38073202)
(-1.474796502 0 1.311407297)
(-1.716538568 0 1.363142173)
(-1.807818201 0 1.353559553)
(-1.698016889 0 1.308495708)
(-1.857587631 0 1.342084659)
(-1.863882603 0 1.320386968)
(-1.814567402 0 1.300880513)
(-1.828512091 0 1.281773211)
(-1.751610538 0 1.22050493)
(-1.763683503 0 1.234008168)
(-1.631362995 0 1.13203958)
(-1.464310999 0 1.013169498)
(-1.548625767 0 1.075534161)
(-1.237738278 0 0.8485889398)
(-0.9469527125 0 0.5781995365)
(-1.108205535 0 0.7264667788)
(-0.721285864 0 0.2914210957)
(-0.589035316 0 0.1894129295)
(-0.6883463676 0 0.3194295804)
(-0.5174403065 0 0.1619182687)
(-0.4864936249 0 0.1565248665)
(-0.5218547776 0 0.1797038297)
(-0.4949853588 0 0.1657615262)
(-0.5115750396 0 0.192284468)
(-0.5046500171 0 0.1936859552)
(-0.5229396265 0 0.2378895385)
(-0.5324446712 0 0.2911283781)
(-0.5041683433 0 0.2739162249)
(-0.5439817908 0 0.3442682019)
(-0.5564705555 0 0.3965990075)
(-0.5161196841 0 0.3596988169)
(-0.5686672859 0 0.4488702302)
(-0.5714214258 0 0.4618755175)
(-0.5183755503 0 0.4507280025)
(-0.43567571 0 0.4446550282)
(0.7700494992 0 -0.6605653678)
(-0.2836940912 0 0.6021387435)
(1.380026038 0 0.7727214603)
(1.631927692 0 1.550418005)
(0.3283113939 0 1.598298455)
(1.704960105 0 2.020601945)
(1.695280767 0 2.283542064)
(0.1452497943 0 1.569456543)
(1.625560954 0 2.400200672)
(1.4355774 0 2.326976042)
(0.1125619625 0 1.400226415)
(-0.2221238001 0 -0.1793535304)
(-0.6295721412 0 1.559567209)
(-1.078685984 0 1.187975435)
(-0.6063913671 0 1.520144037)
(-1.542739686 0 1.695898329)
(-1.387764162 0 1.558592223)
(-1.698261312 0 1.745464885)
(-1.728829865 0 1.758842772)
(-1.620697108 0 1.649637605)
(-1.713793585 0 1.749597478)
(-1.674662677 0 1.720842238)
(-1.593824003 0 1.627773602)
(-1.643056011 0 1.665194334)
(-1.671905462 0 1.581192871)
(-1.561750395 0 1.532846879)
(-1.779425231 0 1.497938048)
(-1.893574111 0 1.446445182)
(-1.744888393 0 1.426111783)
(-1.962045745 0 1.419544762)
(-1.981300091 0 1.398218575)
(-1.906449717 0 1.38240734)
(-1.960364027 0 1.369313955)
(-1.901146352 0 1.322387959)
(-1.894186442 0 1.327368573)
(-1.798240156 0 1.247598247)
(-1.644082719 0 1.136567083)
(-1.714234023 0 1.189689931)
(-1.435171936 0 0.9859336629)
(-1.17766404 0 0.8017600685)
(-1.342707118 0 0.9240151798)
(-0.8847397803 0 0.5713031836)
(-0.6436879486 0 0.2627610258)
(-0.7817593135 0 0.408274447)
(-0.5406042704 0 0.09690752691)
(-0.4813072386 0 0.1175917164)
(-0.5263166924 0 0.1390199845)
(-0.4646910392 0 0.1275183393)
(-0.4633683778 0 0.1461356287)
(-0.4703617834 0 0.1510477786)
(-0.4952769063 0 0.150144971)
(-0.5331129973 0 0.1831458448)
(-0.5232545478 0 0.1904906996)
(-0.5599820299 0 0.2492754659)
(-0.5799787984 0 0.3237562322)
(-0.5588789759 0 0.3080269688)
(-0.5980979782 0 0.3934126861)
(-0.6148944664 0 0.4559906858)
(-0.5885605194 0 0.4280381004)
(-0.6278820997 0 0.5088859349)
(-0.6342355443 0 0.549046935)
(-0.6100570035 0 0.5232624692)
(-0.6278705717 0 0.5939824573)
(-0.5888690702 0 0.6075532086)
(-0.4561132755 0 0.4940670685)
(0.5219939968 0 0.9404145588)
(1.250674864 0 1.305504825)
(1.100145078 0 1.181816461)
(1.591403044 0 1.625287383)
(1.640488821 0 1.851713428)
(1.963962688 0 2.141719797)
(-1.978158652 0 1.972298477)
(-1.948357445 0 1.968903337)
(-1.835335685 0 1.863398484)
(-1.897273479 0 1.934278093)
(-1.826754279 0 1.872248304)
(-1.752177805 0 1.803178752)
(-1.859939622 0 1.698650643)
(-1.992372119 0 1.532950018)
(-1.815042288 0 1.584636294)
(-2.084558529 0 1.469744282)
(-2.105787247 0 1.453011175)
(-2.0226443 0 1.450033123)
(-2.087560541 0 1.437998186)
(-2.041099358 0 1.409604425)
(-2.025327603 0 1.406136345)
(-1.964090017 0 1.35992621)
(-1.834575817 0 1.270465321)
(-1.882538294 0 1.304883275)
(-1.631550738 0 1.124801176)
(-1.353703443 0 0.921030783)
(-1.529782386 0 1.05203595)
(-1.037179429 0 0.6861966896)
(-0.7576546246 0 0.4787235823)
(-0.9727909426 0 0.6466188925)
(-0.5790483914 0 0.3147348753)
(-0.4925026784 0 0.1377379182)
(-0.5506035061 0 0.1705908958)
(-0.44408316 0 0.07579704531)
(-0.4276341912 0 0.1024282435)
(-0.4525478332 0 0.1080036158)
(-0.4471195772 0 0.1167873837)
(-0.4772432592 0 0.1254133823)
(-0.4658222165 0 0.1366826645)
(-0.4967147101 0 0.1080912963)
(-0.516783634 0 0.1523702715)
(-0.5320233355 0 0.1682064895)
(-0.5423271184 0 0.2481736372)
(-0.5703818068 0 0.3379121469)
(-0.5851328607 0 0.3350714942)
(-0.6016343945 0 0.4156980969)
(-0.633936223 0 0.4846575657)
(-0.631447568 0 0.4768768981)
(-0.655203161 0 0.5386142506)
(-0.6656261642 0 0.5801053405)
(-0.6532034627 0 0.5706057247)
(-0.6623077871 0 0.611880643)
(-0.6641916989 0 0.6351459805)
(-0.6427672202 0 0.5980952556)
(-0.5780082458 0 0.2491191686)
(-0.5666296973 0 0.05588108129)
(-1.885441694 0 1.916180873)
(-2.203937309 0 1.475149088)
(-2.196686166 0 1.477101197)
(-2.137739423 0 1.477205152)
(-2.189441542 0 1.482316728)
(-2.154483213 0 1.478823344)
(-2.143198853 0 1.464085795)
(-2.100091542 0 1.452353783)
(-2.012309095 0 1.396791811)
(-2.035746716 0 1.407996262)
(-1.869546925 0 1.299888605)
(-1.570404698 0 1.079101983)
(-1.743746433 0 1.206275286)
(-1.160846789 0 0.7701376189)
(-0.7969696753 0 0.4925750436)
(-1.099347584 0 0.7279531626)
(-0.5878637951 0 0.334194456)
(-0.5063057588 0 0.2794309334)
(-0.5906021451 0 0.3450828998)
(-0.4798818561 0 0.2588477223)
(-0.4463434287 0 0.1761359942)
(-0.459307359 0 0.1468295635)
(-0.3887694851 0 0.1039003904)
(-0.386593634 0 0.1093260418)
(-0.4048636321 0 0.1028128248)
(-0.4383690623 0 0.1253458048)
(-0.4891357063 0 0.1289122422)
(-0.4886204416 0 0.1220573719)
(-0.4920308425 0 0.116314543)
(-0.4863595737 0 0.1371452566)
(-0.4983035581 0 0.1426827794)
(-0.5090551672 0 0.2323265208)
(-0.5356479855 0 0.3167368694)
(-0.5500581519 0 0.3310272887)
(-0.5698346633 0 0.3903727407)
(-0.6168769742 0 0.4645330068)
(-0.6263835047 0 0.4784483886)
(-0.6462309603 0 0.5192311846)
(-0.6697377306 0 0.566260782)
(-0.670391531 0 0.577150203)
(-2.043799209 0 1.428285468)
(-1.842156473 0 1.288421459)
(-1.962052958 0 1.366304975)
(-1.4648337 0 1.023009471)
(-0.726420014 0 0.4059926139)
(-1.224300083 0 0.8124696558)
(-0.5582825106 0 0.2921249908)
(-0.5080752442 0 0.2688022763)
(-0.5769199492 0 0.3184224628)
(-0.4840575976 0 0.2616718318)
(-0.4717579646 0 0.2610255348)
(-0.4784350366 0 0.2624300951)
(-0.4662755234 0 0.2697495951)
(-0.4568336432 0 0.2328800926)
(-0.4485283417 0 0.2086610613)
(-0.3883027327 0 0.1457205083)
(-0.3697863279 0 0.1234487991)
(-0.3750316466 0 0.1178118315)
(-0.4236380871 0 0.141565892)
(-0.4651132487 0 0.1491438634)
(-0.4794004683 0 0.1398720278)
(-0.4803124522 0 0.1473888331)
(-0.4779294999 0 0.1386460891)
(-0.4808176912 0 0.1361380954)
)
;

boundaryField
{
    dominio_ascii
    {
        type            zeroGradient;
    }
    wallFilmFaces_top
    {
        type            fixedValue;
        value           uniform (0 0 0);
    }
    region0_to_wallFilmRegion_wallFilmFaces
    {
        type            slip;
    }
}


// ************************************************************************* //
