/*--------------------------------*- C++ -*----------------------------------*\
| =========                 |                                                 |
| \\      /  F ield         | OpenFOAM: The Open Source CFD Toolbox           |
|  \\    /   O peration     | Version:  2.1.x                                 |
|   \\  /    A nd           | Web:      www.OpenFOAM.org                      |
|    \\/     M anipulation  |                                                 |
\*---------------------------------------------------------------------------*/
FoamFile
{
    version     2.0;
    format      ascii;
    class       surfaceScalarField;
    location    "1.4";
    object      phi;
}
// * * * * * * * * * * * * * * * * * * * * * * * * * * * * * * * * * * * * * //

dimensions      [1 1 -1 0 0 0 0];

internalField   nonuniform List<scalar> 
5536
(
3.433463443e-11
-3.850654449e-10
9.139715115e-12
-9.767266842e-11
-3.473015511e-09
-8.367878147e-11
1.375926341e-10
5.31267105e-11
-4.380237767e-11
-1.826198275e-12
3.249342876e-10
8.640376067e-12
-1.111715589e-11
1.967653736e-10
-1.40625641e-08
6.046696669e-09
1.095027815e-10
-7.165756327e-10
-5.119270813e-11
1.964466932e-11
1.33753662e-11
-1.799665618e-11
-2.09053271e-11
6.023323246e-11
4.416156109e-11
-1.864526935e-10
-2.882495607e-11
7.885715744e-10
2.421790349e-10
-6.442366965e-10
-3.422140211e-09
7.41757496e-09
5.987991605e-09
-9.458628398e-09
-3.108527899e-09
4.470946069e-10
1.207455436e-09
-8.130323663e-10
-1.944112987e-10
-3.339512489e-10
1.56689451e-11
4.081104056e-10
-6.148010828e-11
-1.983568947e-10
2.182289941e-10
6.690336021e-10
-6.735545929e-10
-1.099086464e-11
1.923846474e-09
3.136207313e-09
-5.034259937e-09
4.639388382e-11
1.921257669e-08
-3.189951961e-08
1.273507122e-08
3.38547366e-08
5.630160166e-08
-3.449801145e-08
-3.702861847e-09
1.375565993e-08
1.568258585e-08
-2.359706853e-08
-5.943657364e-09
1.663884739e-08
6.481498514e-09
-1.554575357e-08
-4.660566889e-09
1.183097079e-08
2.624298589e-09
-4.621299583e-09
-9.793386544e-09
-1.701783944e-10
2.953285772e-11
2.290077638e-11
-1.745711347e-10
-2.843274994e-11
1.420866223e-10
1.103418588e-10
-6.183845233e-15
-4.060938011e-10
2.530858452e-09
1.284980128e-09
8.907672225e-15
-4.586728805e-09
1.042475921e-08
8.754301177e-09
-1.300649106e-08
-2.117261317e-09
5.741189964e-10
7.653603144e-10
-2.28390649e-10
-4.032349425e-10
-7.136221155e-10
7.059049126e-10
1.543862381e-09
-1.504339537e-09
-2.274591206e-09
3.118055678e-09
5.193509844e-09
-6.000813329e-09
-9.091388237e-09
1.069340128e-08
1.596392761e-08
-1.748091099e-08
-3.220179856e-08
2.543935582e-08
3.760288318e-08
-3.065575333e-08
-4.800935257e-08
2.489997962e-08
3.751738904e-08
-1.426891723e-08
-4.617596401e-11
-2.930311598e-11
5.705845063e-12
7.952945844e-11
8.686921029e-13
7.440395322e-11
-1.072323285e-10
-1.105170525e-08
1.952788135e-08
1.401900928e-08
-1.875671781e-09
-1.148502786e-08
6.929490841e-09
1.320159648e-08
2.010271719e-09
-1.526038956e-08
1.270227389e-09
1.630939964e-08
2.737956123e-09
-1.547934018e-08
-7.99166614e-10
1.211168752e-08
2.612553041e-08
-1.640837281e-08
-4.492772545e-08
1.990110059e-08
1.308466556e-09
-3.959200043e-09
-8.373816629e-09
-7.129069949e-15
4.115547304e-15
2.213083828e-15
1.67591279e-15
-1.073433209e-16
-5.061586846e-16
3.419577632e-19
1.52234578e-16
2.272967513e-16
7.36261549e-09
-2.291541465e-14
-3.131207497e-09
-1.305048585e-09
-3.121368923e-10
1.151563427e-09
1.121330629e-09
-1.79823952e-09
-3.096819914e-09
3.230563192e-09
5.398313393e-09
-5.480465719e-09
-9.118236615e-09
8.760864148e-09
1.346661464e-08
-1.302584916e-08
-2.20561117e-08
1.783079418e-08
2.641979857e-08
-2.203906972e-08
-3.798196005e-08
2.372472054e-08
3.531996023e-08
-2.085641533e-08
-2.784098496e-08
1.331936132e-08
1.992981585e-08
-5.308081219e-09
-7.137526993e-13
1.086287043e-12
3.521308127e-13
-5.658031428e-13
-9.809388023e-13
2.148732254e-13
5.655112104e-13
2.208614044e-13
-5.570563452e-12
2.47174086e-12
4.62886314e-12
-1.388660867e-12
-7.185504842e-12
1.854290533e-11
-5.430038564e-13
-5.14250368e-08
3.140683388e-08
2.108605807e-08
-1.774544063e-08
-1.507452078e-08
2.034150716e-08
1.258189307e-08
-7.632829409e-09
-1.01713318e-08
7.859751762e-09
8.070096965e-09
-1.652749386e-09
-6.57906313e-09
2.837948612e-09
6.433810868e-09
-8.942064814e-11
-7.573341965e-09
9.787180757e-10
8.871354546e-09
4.147637223e-08
-1.949584205e-08
-1.976296189e-08
3.784359229e-08
2.891935813e-08
-3.96425175e-08
-2.19059854e-08
2.492738006e-08
6.46308257e-14
-1.077180081e-09
-1.121980103e-08
-3.664632239e-09
8.55140295e-16
2.487997643e-09
-7.028184515e-12
-1.064201356e-09
3.314469474e-10
6.563952525e-10
8.050807076e-11
-1.5029056e-09
-2.681279714e-09
3.077536972e-09
4.411129615e-09
-5.214190563e-09
-8.314008395e-09
7.464011877e-09
1.206695616e-08
-1.051294296e-08
-1.761797994e-08
1.402828593e-08
2.108778051e-08
-1.736166339e-08
-2.87739641e-08
1.968489336e-08
2.926901901e-08
-1.999520814e-08
-3.10640003e-08
1.754676736e-08
2.620683071e-08
-1.251418718e-08
-1.386632425e-08
6.50511268e-09
9.409390167e-09
-1.9786641e-09
-1.158443719e-12
1.652144188e-11
5.192955565e-12
-1.392238269e-11
-1.58816017e-12
6.229424771e-12
8.982482446e-12
-2.661158558e-12
-2.80544951e-12
5.511670231e-13
7.065914545e-12
2.973112722e-12
3.238277016e-11
-4.071898345e-11
-5.730350453e-11
8.244197929e-11
-6.781162412e-11
-1.248621638e-10
4.11649382e-13
-1.706449124e-07
8.579936086e-08
8.727190395e-08
-3.612565507e-08
-6.264965425e-08
5.460092842e-08
4.581162625e-08
-2.411323622e-08
-3.389459619e-08
3.354768774e-08
2.452011616e-08
-9.987665234e-09
-1.705776651e-08
1.538157344e-08
1.198794202e-08
-5.085949664e-09
-9.495132008e-09
8.610552548e-09
8.679558643e-09
-9.321914956e-10
-3.224166165e-09
1.939754407e-08
-2.184427285e-08
2.190956056e-09
-1.753043478e-10
7.622120228e-11
4.542927601e-09
8.822374912e-09
-1.224721043e-08
-1.766418663e-10
2.478113317e-08
1.245859161e-08
-3.807008826e-08
-1.822906997e-10
4.241599408e-08
-6.27240555e-11
-2.899677758e-08
1.675772418e-09
3.912496389e-09
-7.188014311e-10
7.063320743e-10
1.718690781e-09
-1.951802499e-09
-6.692826742e-09
5.261152986e-09
9.672979976e-09
-9.827437874e-09
-1.622248976e-08
1.228083839e-08
1.995558974e-08
-1.446675149e-08
-2.358815173e-08
1.674020955e-08
2.501413996e-08
-1.796132517e-08
-2.827320228e-08
1.759079943e-08
2.622352655e-08
-1.535342213e-08
-2.138952109e-08
1.15058502e-08
1.699490494e-08
-6.975144094e-09
-6.24540729e-09
3.105733793e-09
4.089218897e-09
-8.888147796e-10
-1.665800277e-11
2.186697309e-10
3.50107758e-11
-1.706076395e-10
-3.798486394e-11
1.293370533e-10
7.621153252e-11
-8.650685423e-11
-1.819096066e-11
2.871341856e-11
-2.501000558e-11
4.540565928e-11
8.097367099e-11
-1.011198074e-10
-1.102785489e-10
1.270830179e-10
7.52394434e-11
-1.286639411e-10
-6.746818834e-11
1.128807155e-10
-2.770962458e-11
-9.586998787e-11
6.385198816e-13
-9.032106579e-14
6.311629255e-12
-4.069164242e-08
-8.104626433e-08
5.766455171e-08
6.586281511e-08
-6.930817308e-08
-7.555638245e-08
7.283681198e-08
7.451526299e-08
-4.712346655e-08
-6.713061672e-08
5.98795773e-08
5.628652225e-08
-2.501734373e-08
-4.449485952e-08
3.811352344e-08
3.425227912e-08
-1.487325123e-08
-2.762092348e-08
2.65559665e-08
2.616366412e-08
-1.865528262e-08
-3.14375109e-08
2.746285388e-08
4.267912267e-08
-2.279440248e-08
-5.274340344e-08
4.226230821e-08
6.683637366e-08
-1.663177214e-08
-7.189068572e-08
2.697176373e-08
5.135923427e-08
-5.084458814e-10
-5.965934728e-09
1.7105998e-09
-1.174333621e-09
-1.720433871e-09
1.909180819e-09
3.222027891e-09
-2.558495296e-09
-3.526179512e-09
3.480410672e-09
6.182457415e-09
-5.518998944e-09
-1.296386848e-08
9.446527268e-09
1.605840173e-08
-1.357044696e-08
-2.269762537e-08
1.544164423e-08
2.430242943e-08
-1.622338911e-08
-2.540311207e-08
1.668247895e-08
2.488822737e-08
-1.592073419e-08
-2.353118811e-08
1.3820368e-08
2.053125752e-08
-1.063093032e-08
-1.320072884e-08
6.97545225e-09
1.002667729e-08
-3.686280456e-09
-2.709662116e-09
1.446915775e-09
1.710704727e-09
-3.909229152e-10
5.836291107e-12
3.477608737e-13
-2.11478999e-12
1.836579967e-11
2.759715309e-11
-1.346152939e-10
-6.025367695e-11
1.748299542e-10
5.697586727e-11
-1.677628698e-10
-3.229242976e-11
1.374526447e-10
3.575902354e-11
-1.051227822e-10
-1.232200093e-11
7.694397312e-11
1.983657642e-11
-5.348493174e-11
-5.065029754e-12
3.580388299e-11
8.994943519e-12
-2.379592857e-12
1.558785958e-11
-2.363268831e-11
-4.474260979e-12
4.967155114e-12
-3.981270599e-08
-3.747803899e-08
3.366906636e-08
4.498036002e-08
-5.001911619e-08
-4.893331336e-08
4.424182005e-08
5.685378746e-08
-7.070626252e-08
-6.680577487e-08
6.59263445e-08
7.51264449e-08
-6.933269341e-08
-7.955961046e-08
7.572324976e-08
8.006375722e-08
-5.398389125e-08
-7.895683091e-08
7.477199097e-08
8.127739609e-08
-4.744448593e-08
-9.254416292e-08
8.267059426e-08
1.132691644e-07
-4.713649556e-08
-1.36851398e-07
7.555968009e-08
1.54152782e-07
-4.907770664e-08
-1.577078667e-07
5.979379348e-08
1.500472443e-07
-3.056694275e-08
-1.230093104e-07
3.678138845e-08
8.148965227e-08
-5.291523191e-09
-1.991890539e-08
7.042055037e-09
-2.402256497e-09
-5.367724188e-09
5.095846911e-09
7.968559911e-09
-6.376283323e-09
-9.409510896e-09
7.816089313e-09
1.283492676e-08
-9.984295411e-09
-1.864890125e-08
1.29660124e-08
2.067193191e-08
-1.546364674e-08
-2.490681129e-08
1.623958696e-08
2.476005496e-08
-1.577772245e-08
-2.365227053e-08
1.468536351e-08
2.187790929e-08
-1.267783326e-08
-1.747283239e-08
9.883708405e-09
1.453030685e-08
-6.75639692e-09
-7.429145983e-09
3.869631905e-09
5.364200464e-09
-1.712200459e-09
-9.94125866e-10
4.828360307e-10
5.32170494e-10
2.907496134e-12
2.63581712e-14
-4.595846436e-13
6.580824937e-15
2.22118939e-13
2.411902667e-13
-6.073061521e-13
1.674747729e-14
6.991825677e-13
9.164871042e-13
-1.58413891e-12
-1.398130261e-12
2.306717489e-12
9.972167549e-13
-2.690717423e-12
-9.758535676e-13
2.890287259e-12
9.646549525e-13
-2.995656923e-12
-8.215136576e-13
3.05896274e-12
8.864123959e-13
-3.115658298e-12
-7.864567016e-13
3.208135645e-12
5.902966537e-13
-1.048676641e-12
4.024992715e-12
-3.406030217e-12
1.789215646e-11
-7.110595615e-11
4.46777871e-13
8.662654333e-11
-2.2150947e-08
-7.719702897e-09
1.30097139e-08
1.747559561e-08
-3.675015705e-08
-2.71857165e-08
2.863382231e-08
3.860906977e-08
-5.992063713e-08
-5.428597809e-08
5.427587858e-08
7.643547265e-08
-8.208252436e-08
-1.295470358e-07
8.701347627e-08
1.65930179e-07
-1.126162254e-07
-2.082274105e-07
1.657244778e-07
2.498535527e-07
-1.33796252e-07
-2.802179742e-07
1.774479305e-07
2.894242911e-07
-1.149226379e-07
-2.725793339e-07
1.420395401e-07
2.356132847e-07
-7.982551024e-08
-1.916319048e-07
8.758762599e-08
1.492633621e-07
-4.648014453e-08
-1.088808523e-07
4.525148158e-08
5.720116548e-08
-8.0625048e-09
1.249613926e-09
9.066651041e-09
-7.86870914e-09
-1.099798624e-08
9.895801819e-09
1.434718816e-08
-1.18254184e-08
-1.647700231e-08
1.387627471e-08
2.041236926e-08
-1.632956807e-08
-2.296405701e-08
1.877467611e-08
2.598645114e-08
-1.980735553e-08
-2.476095698e-08
1.835991977e-08
2.540371468e-08
-1.514177763e-08
-1.979998515e-08
1.191882139e-08
1.775879929e-08
-9.285228039e-09
-1.181173355e-08
6.50458241e-09
9.380452584e-09
-3.928016066e-09
-3.747713646e-09
1.905383913e-09
2.530043348e-09
-6.230665317e-10
-2.401638653e-10
1.855409957e-11
1.124209963e-10
1.121868636e-10
-2.450378793e-11
-1.06601813e-10
3.326994683e-11
1.021744306e-10
-1.122842833e-11
-9.939679e-11
1.731091039e-11
9.766504651e-11
-6.344424719e-12
-9.65511708e-11
1.135503329e-11
9.590790272e-11
-3.880021773e-12
-9.55042358e-11
8.428850532e-12
9.503302899e-11
-2.671701584e-12
-9.462266442e-11
6.982900479e-12
9.323156861e-11
-1.72560898e-12
-9.019979254e-11
3.83583653e-12
8.792365849e-11
-1.011939676e-12
-9.024439002e-11
6.114185442e-14
8.829333007e-11
-5.983115075e-11
-9.456433067e-11
1.583293303e-10
-4.536559115e-10
3.269581111e-11
-4.042054265e-12
2.721539545e-11
1.143102661e-10
-7.160016726e-09
-1.830960089e-09
4.028299184e-09
6.22087641e-09
-2.082578189e-08
-1.707888833e-08
2.222704287e-08
4.090805436e-08
-6.03971258e-08
1.269249622e-08
1.196062622e-07
-3.15053367e-08
-9.333738598e-08
-7.596316532e-08
1.333130884e-07
2.606436601e-07
-1.933300153e-07
-2.606695791e-07
1.958120095e-07
2.235116066e-07
-1.816985717e-07
-2.067730327e-07
1.534049109e-07
1.868150526e-07
-1.271171265e-07
-1.552768356e-07
8.43835267e-08
1.151547186e-07
-6.341845267e-08
-7.612956443e-08
3.134321647e-08
4.791831789e-08
-3.537051494e-08
-3.033827887e-08
2.968375001e-08
-5.266779627e-10
-1.084164328e-08
9.936806717e-09
1.30565037e-08
-1.295124115e-08
-1.763480762e-08
1.535209717e-08
2.009269777e-08
-1.75218112e-08
-2.347905817e-08
1.913748092e-08
2.438834888e-08
-1.967110793e-08
-2.625045125e-08
1.869367795e-08
2.237188397e-08
-1.635936272e-08
-2.346099938e-08
1.354977571e-08
1.804970259e-08
-1.128900047e-08
-1.654492342e-08
9.611826295e-09
1.677461093e-08
-6.725441728e-09
-7.342845211e-09
3.954303121e-09
5.735326902e-09
-2.071951821e-09
-1.658642201e-09
8.013837626e-10
1.02555917e-09
-1.357880751e-10
-6.334777346e-11
-7.963912807e-11
6.692085821e-11
9.031586827e-11
3.629260733e-11
-1.442725991e-10
-4.247780162e-11
1.59275009e-10
4.202777175e-11
-1.529365615e-10
-2.389799127e-11
1.386032062e-10
4.174844925e-11
-1.230993941e-10
-1.3716906e-10
1.761302218e-10
1.851499212e-11
-1.009089309e-10
4.695112861e-11
1.803463106e-11
-1.984146182e-10
6.942405235e-10
9.462726951e-10
-1.35226826e-09
-1.272320612e-10
2.378077351e-09
1.858414589e-09
-4.083604562e-09
-5.942103855e-11
6.907788372e-09
4.706972455e-09
-1.154885022e-08
3.272483692e-11
1.256337015e-08
-3.180091726e-08
1.916925339e-08
-5.733875057e-10
1.236825151e-09
-5.347793659e-10
2.254497043e-10
-1.157854094e-10
2.912860156e-10
6.741846615e-11
-4.183111341e-09
-5.626590621e-10
2.677984524e-09
2.072872898e-09
-2.645445344e-08
-9.535407222e-10
2.058900856e-08
6.485263224e-09
-8.997610943e-08
-1.579562231e-08
4.986570088e-08
2.530756133e-08
-1.35021409e-07
-5.125969693e-08
6.985905304e-08
5.2153869e-08
-1.440554303e-07
-5.687908735e-08
7.559887484e-08
5.985916581e-08
-9.966229286e-08
-5.48770998e-08
4.448701029e-08
4.205348412e-08
-4.062460214e-08
-2.710339658e-08
1.773960689e-08
1.541490599e-08
-1.632126909e-08
-8.985478123e-09
2.217687121e-08
4.13045629e-09
-2.693474223e-08
7.353650137e-09
2.233246298e-08
-1.227136054e-08
-1.512480359e-08
1.396244052e-08
1.690598044e-08
-1.501447588e-08
-2.106067857e-08
1.632856223e-08
2.055243954e-08
-1.747484833e-08
-2.34753168e-08
1.756966911e-08
2.183970831e-08
-1.583044964e-08
-1.784860497e-08
1.255298359e-08
1.560490985e-08
-9.284771244e-09
-1.289561196e-08
7.798963069e-09
1.116380585e-08
-9.480067519e-09
-1.766625271e-08
1.418512718e-08
1.778428206e-08
-1.190901037e-08
-4.393682434e-09
2.106364418e-09
3.238212635e-09
-9.512051833e-10
-5.934160097e-10
2.815239059e-10
3.439072466e-10
6.995175613e-13
-6.152851631e-11
-6.152926928e-11
5.092274011e-11
7.926046802e-11
2.051764121e-11
-5.37458529e-11
-2.613575647e-13
3.518506146e-11
8.803120897e-12
-2.303949251e-11
4.4178175e-13
1.471664016e-11
-8.220181113e-13
-1.556434181e-12
2.5933075e-09
-2.679562142e-09
-1.137220134e-09
3.716054891e-09
2.876541213e-09
-5.411754057e-09
-2.666176635e-09
7.335397554e-09
5.203882851e-09
-9.822342154e-09
-5.099674783e-09
1.291136783e-08
8.742339702e-09
-1.651714942e-08
-9.895523794e-09
2.042813693e-08
1.372808402e-08
-2.421725759e-08
-1.707262723e-08
1.84327804e-08
-2.851903173e-08
2.719232419e-08
-1.074329234e-09
1.122900093e-09
1.279566705e-09
-7.069597169e-10
-4.462186055e-10
3.958889756e-10
5.476611004e-10
-1.895785401e-10
-1.117740591e-09
-7.479502602e-12
6.172760016e-10
9.941789896e-11
-1.262091941e-08
1.229281553e-09
7.40366592e-09
-6.922622655e-10
-1.964816801e-08
-1.216416553e-10
6.53813041e-09
1.911124239e-09
-1.971168285e-08
-1.446840711e-09
3.003925561e-09
1.456488556e-09
-2.596315057e-08
-2.47525103e-09
5.592787927e-09
2.603196869e-09
-1.35273923e-08
-1.955787291e-09
4.125709957e-09
1.499799548e-09
-1.176549451e-08
-1.010397053e-09
2.217397791e-08
-4.446383559e-09
-2.680206264e-08
1.101087293e-08
2.021789018e-08
-1.40417986e-08
-1.938745836e-08
1.503330496e-08
1.706860512e-08
-1.536316005e-08
-1.824940294e-08
1.507285675e-08
1.909693426e-08
-1.435980244e-08
-1.925785947e-08
1.374061428e-08
1.825581871e-08
-1.365882395e-08
-2.020016035e-08
1.39503552e-08
1.888074689e-08
-1.398916747e-08
-1.622194355e-08
1.373625231e-08
1.825231553e-08
-1.402099381e-08
-1.373133348e-08
1.474101909e-08
1.36506751e-08
-1.201773365e-08
6.774719021e-10
1.709318697e-09
-2.655385584e-10
-7.304326857e-10
-2.111125815e-09
1.05877152e-09
1.274409647e-09
-3.580425438e-10
-2.014014376e-10
1.951917596e-11
1.263528767e-10
6.216851715e-11
-3.16315322e-11
-1.12897922e-11
2.190436017e-11
2.423907849e-11
-6.742337327e-12
-2.068707008e-11
1.096413955e-11
1.704212343e-11
-3.77448301e-12
-1.420350965e-11
6.644900665e-12
1.149224007e-11
-8.05756854e-09
-1.604829945e-13
1.666776412e-08
-7.991683635e-09
-5.011444545e-09
1.002563396e-08
7.096693943e-09
-1.205024764e-08
-7.743198082e-09
1.392881378e-08
9.488820756e-09
-1.562511251e-08
-1.105756237e-08
1.684095418e-08
1.145903131e-08
-1.719210341e-08
-1.363688172e-08
1.626223995e-08
1.112409022e-08
-1.370126463e-08
-1.163684413e-08
9.446808774e-09
6.375841726e-09
-4.162925561e-09
-4.364718542e-12
-4.468476067e-13
5.910762266e-13
8.373115021e-09
-8.522796428e-10
-9.571650563e-10
-6.910879371e-09
-2.372973144e-10
3.480201673e-09
-2.589969164e-10
-1.258887815e-09
-5.753766945e-10
3.545069013e-10
4.374010796e-10
-2.404245941e-10
-4.441993825e-09
6.047651168e-10
2.866730784e-09
-8.438430663e-10
-3.896303733e-09
7.428779899e-10
4.419181412e-09
-2.658460473e-10
-6.876642088e-10
4.463773179e-10
6.813616783e-10
-5.50466119e-10
-1.588194609e-09
8.004732823e-10
1.773262448e-09
-1.427430226e-09
-3.71629506e-09
2.463126355e-09
9.921244169e-09
-5.472381545e-09
-2.690822231e-08
1.076138292e-08
2.167685976e-08
-1.001889673e-08
-1.278470816e-08
9.210540395e-09
9.097515323e-09
-9.317959669e-09
-1.466549834e-08
1.074102257e-08
1.292249423e-08
-1.3252117e-08
-1.985669854e-08
1.565375156e-08
2.1669819e-08
-1.698062971e-08
-1.8633998e-08
1.780666182e-08
2.30818766e-08
-1.950639539e-08
-1.826640112e-08
2.181877488e-08
2.193627873e-08
-2.207946011e-08
-1.947655955e-08
1.879149108e-08
1.811442647e-08
-1.351010825e-08
-1.079487814e-08
7.247646222e-09
4.682655697e-09
-8.701255752e-10
1.787092739e-11
6.024877722e-11
1.615911344e-11
-9.488978465e-11
-5.92485685e-10
1.592580307e-10
9.681080091e-11
3.467057747e-10
-1.269166967e-10
-7.253390395e-10
2.771177316e-10
1.451123272e-09
-8.181049964e-12
-3.121018135e-09
8.694241685e-10
2.837986909e-09
-1.22835443e-11
-1.388237073e-09
5.666061835e-10
5.857013663e-10
-1.386995091e-11
-8.220728479e-11
2.082394605e-08
-1.721903557e-08
-1.359696376e-08
1.47643054e-08
1.266707516e-08
-1.291655085e-08
-8.513565707e-09
1.357107472e-08
9.205373201e-09
-1.407849434e-08
-1.008840437e-08
1.416442698e-08
9.629521766e-09
-1.361910732e-08
-1.032400969e-08
1.234888609e-08
8.367016529e-09
-1.034493817e-08
-7.961122169e-09
7.758136458e-09
5.164629149e-09
-4.934413533e-09
-3.200377614e-09
2.390772776e-09
1.481970901e-09
-6.643781769e-10
1.354307234e-12
-3.809328036e-12
2.881456976e-13
8.83530273e-10
-9.726227558e-11
-2.454315336e-09
1.168415316e-09
2.930382859e-10
-5.390099303e-11
-6.587698734e-10
1.64491067e-10
5.224953464e-10
-5.095174528e-11
-5.270701481e-10
-3.494337677e-10
5.595492678e-10
4.015610489e-10
-6.821980371e-10
-2.181858602e-09
1.364889175e-09
2.907010227e-09
-2.458520462e-09
-5.673919052e-09
2.666622208e-09
6.511908564e-09
-2.00558667e-09
-1.169729338e-09
2.687516542e-09
2.584480933e-09
-3.682797762e-09
-3.222941791e-09
6.074461869e-09
5.693810541e-09
-1.082249351e-08
-1.787686114e-08
1.707992434e-08
2.05228278e-08
-2.15383575e-08
-1.746545847e-08
1.8430986e-08
1.805711859e-08
-1.628961928e-08
-9.238009431e-09
1.502243017e-08
8.425472326e-09
-1.825189417e-08
-1.33162844e-08
1.407919309e-08
1.719288011e-08
-1.886630995e-08
-2.557699453e-08
2.479163888e-08
3.070745626e-08
-2.840423424e-08
-3.016204841e-08
2.895658071e-08
3.273128113e-08
-2.809161821e-08
-2.603045619e-08
2.719735444e-08
2.201348068e-08
-2.549373499e-08
-1.443419386e-08
2.096417843e-08
8.009052062e-09
-1.342177751e-08
7.982423835e-10
5.044067253e-09
-1.53852347e-09
-2.720138191e-10
-1.98621465e-11
5.679452386e-11
6.787335911e-11
-1.772347488e-11
-5.521116592e-11
8.882816658e-12
8.385729334e-11
7.165945266e-11
-4.67840586e-10
-3.51581244e-10
7.173876199e-10
7.755856363e-10
-1.249711244e-09
1.193025726e-09
3.85026877e-09
-5.654827936e-09
-7.460295005e-10
1.275278298e-08
1.019257901e-08
-2.633925617e-08
-1.932811855e-08
2.965020673e-08
1.572212774e-08
-2.844697785e-08
-1.150502472e-08
2.254416436e-08
7.907195036e-09
-1.572855747e-08
-9.187085364e-09
1.25500344e-08
8.584196309e-09
-1.160780614e-08
-8.453175769e-09
1.025154279e-08
6.980377359e-09
-8.522639137e-09
-6.227140943e-09
6.55206752e-09
4.343413022e-09
-4.545147395e-09
-3.076156317e-09
2.739414955e-09
1.693153127e-09
-1.338804257e-09
-6.261756704e-10
4.565180404e-10
2.405797292e-10
-6.742212153e-11
4.257204039e-12
9.426232941e-13
9.43523264e-12
-1.453292841e-11
-4.29571071e-11
7.991497716e-10
-2.067834142e-09
1.753302761e-09
-1.98043891e-11
7.10918633e-10
-1.845418155e-09
-1.106690494e-11
2.49904425e-09
1.166281399e-09
-3.988942886e-09
-5.390108212e-10
6.4552612e-09
3.787227216e-09
-9.472405042e-09
-5.073108024e-09
9.685038729e-09
6.807758705e-09
-1.059216708e-08
-6.691677105e-09
1.076041684e-08
7.175218828e-09
-1.078506778e-08
-4.922816074e-09
1.207630302e-08
7.166722413e-09
-1.35440565e-08
-8.217932194e-09
1.523492406e-08
9.825662448e-09
-1.761576636e-08
-1.877818718e-08
2.118826821e-08
1.668184323e-08
-2.577594784e-08
-2.093765315e-08
3.624550625e-08
2.806770445e-08
-6.804463362e-08
-1.159022914e-08
8.457472851e-08
3.798274969e-08
-4.258134557e-08
-2.400697985e-08
9.275749425e-09
3.756188366e-08
7.85686407e-09
-3.486867295e-08
3.493707693e-08
3.552029817e-08
-3.270232027e-08
-2.898277179e-08
2.407797921e-08
2.152858662e-08
-1.556262218e-08
-1.259842275e-08
1.037805782e-08
8.38780313e-09
-8.032121441e-09
-4.400718657e-09
4.911121183e-09
3.566231653e-09
-1.339872926e-09
-2.594508492e-10
1.216748137e-10
3.675197164e-10
6.646216976e-11
-2.397226861e-10
-5.89388569e-10
1.523036205e-09
1.089460367e-09
-1.474112057e-10
-1.348142344e-09
1.837091111e-09
1.012511274e-09
-1.754084445e-09
-5.999375908e-10
5.307234192e-09
-4.795614642e-09
-7.163071392e-09
1.202873887e-08
9.16287013e-09
-1.893922517e-08
-1.28862439e-08
2.612283317e-08
8.322694093e-09
-2.814394292e-08
-3.84644783e-09
1.882759001e-08
-3.495443616e-09
-8.521622503e-09
1.251219157e-09
7.399140182e-09
-1.54774406e-09
-1.009958089e-08
-8.444965198e-09
8.426327902e-09
7.897846645e-09
-7.318087194e-09
-5.631999226e-09
6.041912075e-09
4.792313875e-09
-4.573656185e-09
-3.002753647e-09
3.046125359e-09
2.336706716e-09
-1.705666066e-09
-8.967734304e-10
7.560453609e-10
5.164801641e-10
-2.486689715e-10
-8.95715784e-11
4.71429141e-11
4.388479027e-11
-3.302194758e-13
-7.378047702e-12
7.358633919e-12
9.389452423e-12
-9.00281793e-12
-2.678597456e-09
4.420039342e-09
-1.281535029e-08
1.332388567e-08
-2.968509048e-09
6.085862395e-09
-1.329822515e-08
-3.39530661e-09
1.374466514e-08
6.144811979e-09
-1.50238076e-08
-6.119395534e-09
1.68118526e-08
8.001432593e-09
-1.851954365e-08
-8.083367231e-09
2.014824142e-08
9.829150019e-09
-2.298538707e-08
-8.179391817e-09
2.6702603e-08
1.126436383e-08
-3.016155829e-08
-8.647305577e-09
3.10069895e-08
1.163618154e-08
-2.780399788e-08
-1.008514283e-08
2.188794017e-08
1.077476665e-08
-1.651939262e-08
-1.382375507e-08
1.428309718e-08
1.064164442e-08
-1.505665264e-08
-2.302366294e-08
1.778397293e-08
1.631805709e-08
-2.344717311e-08
-5.052859855e-08
3.35880387e-08
3.799150084e-08
-4.417803602e-08
-3.845903113e-08
3.212599197e-08
3.393457009e-08
-3.013239675e-08
-3.092884205e-08
2.632331219e-08
2.414930446e-08
-1.750646605e-08
-1.240990844e-08
8.844337335e-09
5.615836979e-09
-5.199085879e-09
-7.31587188e-09
3.326593538e-08
3.33960782e-08
-8.444183963e-07
-4.303590523e-09
-4.429934026e-07
3.032640874e-08
-1.961207655e-09
-6.581141577e-10
2.207489312e-10
1.327241557e-09
2.516669521e-10
-3.752786527e-09
-1.515789423e-09
6.696190017e-09
3.914156006e-09
-4.852361165e-09
-5.484463703e-09
7.787790415e-09
4.353337304e-09
-9.547900895e-09
-2.010779814e-09
1.361996797e-08
-1.068533537e-08
-9.828677275e-09
1.754713756e-08
1.052185842e-08
-1.959661728e-08
-3.75727038e-09
1.681466803e-08
3.235519855e-09
-1.030510302e-08
3.169301518e-09
4.680264721e-09
-2.01132223e-09
-2.783548626e-09
1.072623663e-09
4.053350455e-09
-1.299169928e-09
-6.391948617e-09
-7.138305898e-09
7.315539091e-09
6.895056944e-09
-5.410479551e-09
-4.254146449e-09
4.126376025e-09
3.533537539e-09
-2.952155534e-09
-2.260753702e-09
2.081842144e-09
2.554983446e-09
-1.183150547e-09
-3.662187202e-10
4.909606006e-10
2.657017117e-10
-4.574222422e-11
-2.812207276e-11
1.027141022e-12
1.728485557e-11
1.013886829e-11
-5.863938998e-12
7.834925103e-12
6.446420604e-12
-8.305001615e-12
-5.302565182e-09
6.018487519e-09
-1.872317575e-08
2.059061303e-08
-8.245893259e-09
9.283262847e-09
-2.141357331e-08
-8.407812209e-09
2.188333542e-08
1.012934535e-08
-2.28468294e-08
-9.367084637e-09
2.471387083e-08
1.142645117e-08
-2.704810208e-08
-1.102578915e-08
2.868997589e-08
1.285715016e-08
-2.83421672e-08
-1.260285679e-08
2.534689254e-08
1.099514357e-08
-2.054007851e-08
-1.10148626e-08
1.556250953e-08
6.481284096e-09
-1.212378615e-08
-8.66031835e-09
1.088764901e-08
5.964658602e-09
-1.063534157e-08
-7.517510401e-09
9.430451616e-09
7.219424892e-09
-7.064175805e-09
-9.927551446e-09
6.566626831e-09
5.997290558e-09
-8.328723571e-09
-2.244591486e-08
1.154795622e-08
1.287389315e-08
-1.509356476e-08
-2.635822623e-08
1.542122353e-08
1.813444496e-08
-1.370605358e-08
-1.709126746e-08
9.696498212e-09
1.091813712e-08
-4.745778592e-09
-2.24526924e-09
1.390052051e-09
7.617116716e-10
-5.164073203e-10
-4.878085952e-09
8.594870998e-10
1.363374183e-09
-2.840376413e-09
-8.435639809e-09
2.537117743e-09
6.405363098e-09
-2.125273938e-09
-2.74806383e-09
4.159721739e-10
5.50351399e-09
7.688726087e-10
-9.675087939e-09
-2.643651423e-09
1.165571708e-08
5.169974973e-09
-9.875283767e-09
-6.660250124e-09
1.131136644e-08
7.217514787e-09
-1.658139076e-08
-1.238597676e-09
1.780482614e-08
-1.445659536e-08
-1.155443997e-08
1.754946764e-08
1.270106074e-08
-1.579802715e-08
-4.369693798e-09
1.082383533e-08
5.431458524e-09
-5.285369248e-09
5.127508053e-10
1.518251587e-09
-1.152828133e-10
-2.39598748e-10
7.781993921e-10
9.028012726e-10
-1.768698193e-12
-3.74921255e-09
-3.456151656e-09
9.909357233e-09
-6.006197482e-12
-8.885637354e-09
-1.081496819e-08
-1.046579264e-09
8.334324351e-09
6.479359894e-09
-2.831290905e-09
6.921144461e-10
3.616172209e-09
-1.28863597e-09
-1.002576253e-10
3.502124374e-10
2.196613426e-10
-6.200383217e-11
-2.175142144e-11
3.667659259e-12
1.771223055e-11
8.665913304e-12
-1.171939717e-11
1.354151409e-11
8.230560752e-12
-9.283001965e-12
-7.907870441e-09
-2.477426039e-08
2.321173902e-08
-1.00985351e-08
1.118037758e-08
-2.409345581e-08
-1.128749353e-08
2.466151794e-08
1.188237773e-08
-2.570049579e-08
-1.326748612e-08
2.788112328e-08
1.382223395e-08
-3.084607159e-08
-1.518324449e-08
3.255691035e-08
1.687326279e-08
-3.044755721e-08
-1.099574425e-08
2.41448433e-08
1.309848903e-08
-1.637287919e-08
-5.177320999e-09
1.04900622e-08
6.657698929e-09
-7.939833111e-09
-5.710236464e-09
8.271904745e-09
7.202990316e-09
-1.012885831e-08
-8.955897073e-09
1.048151713e-08
1.064401214e-08
-7.159356714e-09
-4.605057718e-09
4.811361013e-09
4.723620429e-09
-4.5740618e-09
-7.886913495e-09
5.211195729e-09
5.754538761e-09
-6.027220165e-09
-1.149813971e-08
6.045072841e-09
7.084760206e-09
-4.823730729e-09
-6.021758519e-09
3.014128154e-09
2.377707115e-09
-2.426669689e-09
2.521818975e-09
5.723718459e-09
-1.090777578e-08
-5.821965583e-09
-5.01332958e-10
1.186676472e-10
2.621838171e-10
-1.446085436e-10
-4.672916606e-09
-7.827093041e-11
3.263304964e-09
4.700361039e-10
-1.006372872e-08
-5.500565241e-10
1.458432821e-08
1.854102796e-09
-1.17579551e-08
-3.181431945e-09
1.036334844e-08
4.193332945e-09
-1.267205473e-08
-6.048301109e-09
1.374457438e-08
7.791215109e-09
-1.777580753e-08
2.601648174e-09
1.684982343e-08
-1.274266967e-08
-1.345488363e-08
1.371561312e-08
1.369205793e-08
-1.119424138e-08
-5.614729317e-09
7.328433932e-09
-7.449391713e-09
-2.38754422e-09
-7.759061879e-12
1.80661417e-10
1.434839413e-10
-8.583954735e-12
5.404899035e-13
1.830577338e-13
7.946286789e-14
-4.720412028e-13
6.300763789e-12
-1.764897252e-12
-6.430846411e-12
2.518828138e-12
-7.509215922e-09
-2.64937346e-12
-4.597520456e-12
-2.649305488e-09
-3.159569155e-09
2.512617832e-09
1.483525522e-09
1.865252584e-10
-2.99626597e-10
-9.093479378e-10
4.314636571e-10
-1.170973387e-10
-2.043012576e-11
2.562602018e-11
3.47134726e-11
2.455739566e-12
-1.481234252e-11
3.001966552e-11
1.135279715e-13
-3.541635639e-12
2.561301147e-08
-1.225246193e-08
1.234389666e-08
-2.457354952e-08
-1.188994607e-08
2.33199378e-08
1.124682492e-08
-2.225808236e-08
-1.280833856e-08
2.200883371e-08
1.068595596e-08
-2.308252847e-08
-1.648483426e-08
2.514484402e-08
1.346416918e-08
-2.649296009e-08
-1.555977351e-08
2.520832506e-08
1.581944511e-08
-2.128863157e-08
-9.815359391e-09
1.669297655e-08
1.256191188e-08
-1.340483356e-08
-9.343270057e-09
1.207391579e-08
1.065749234e-08
-1.191288859e-08
-1.111891344e-08
1.100951424e-08
1.013235432e-08
-8.320410104e-09
-5.392062247e-09
6.152135357e-09
5.854362263e-09
-5.15290754e-09
-5.017450384e-09
4.608690009e-09
4.745292527e-09
-4.183257934e-09
-4.683216858e-09
3.584048085e-09
3.663703287e-09
-3.074758071e-09
-6.191943395e-10
4.05412624e-09
3.840138795e-11
-7.588834686e-09
9.203872585e-09
7.070151723e-09
-4.767720139e-09
-2.955974643e-09
-2.717589392e-10
1.70460624e-10
3.709658591e-10
-3.284352366e-11
-2.222888134e-09
-5.791716253e-11
1.43381313e-09
4.023389981e-10
-1.585553026e-08
-5.862595574e-10
1.056608462e-08
3.432787601e-09
-8.943625195e-09
-4.43940922e-09
1.520524076e-08
8.484314621e-09
-1.442046435e-08
-7.904558451e-09
8.736468137e-09
-7.913433825e-10
-1.463235802e-08
9.982740098e-09
5.384728292e-09
-1.511142164e-08
-1.325390577e-08
1.227044655e-08
1.191785878e-08
-7.810909467e-09
5.570657904e-08
-3.957761464e-09
-1.693777249e-08
1.81694384e-08
-4.719581282e-10
1.940538615e-10
9.035156073e-10
-2.122974944e-10
-7.412038609e-12
5.696391175e-12
1.091399293e-12
5.856508123e-12
6.191898555e-12
-3.027363372e-11
4.423906057e-13
2.239524901e-11
1.654365339e-11
-4.403219544e-11
-8.746121179e-11
1.135833013e-10
-1.740069023e-09
-4.056059206e-10
6.357520157e-10
6.806955264e-10
-1.093706092e-09
-6.218325503e-10
1.840945138e-09
3.488207458e-10
-1.280292962e-10
-2.863895913e-10
3.304765815e-10
3.664880317e-10
-6.071444459e-11
3.105676228e-10
-4.113687516e-10
2.875382217e-08
8.099620647e-09
-2.28401873e-08
-1.187832808e-08
1.992008597e-08
-1.016632752e-08
8.97769533e-09
-1.671592671e-08
-8.228265012e-09
1.378621759e-08
6.069572178e-09
-1.169441994e-08
-8.921128564e-09
1.085738847e-08
4.914957635e-09
-1.131140198e-08
-1.237431006e-08
1.240676581e-08
6.827504203e-09
-1.296774856e-08
-1.228039545e-08
1.224245734e-08
8.371275253e-09
-1.050568907e-08
-9.710344608e-09
8.578014974e-09
6.437114447e-09
-7.10341e-09
-7.756168886e-09
6.244789405e-09
4.59008964e-09
-5.657975465e-09
-5.47188404e-09
5.032637498e-09
4.073414929e-09
-4.809659227e-09
-4.244464032e-09
5.834962724e-09
4.413600394e-09
-1.134776985e-08
-2.98895916e-09
2.450906342e-08
7.864469303e-09
-3.48019913e-08
2.707427115e-10
2.763034871e-08
3.770755219e-09
-1.096621048e-08
8.688591113e-10
2.301781074e-09
2.245966652e-10
-5.076465768e-10
-1.338251111e-09
-5.753294675e-12
2.450789637e-09
9.237249939e-09
-9.616181063e-10
-1.637847166e-08
1.359543278e-08
2.140750622e-09
-3.114785662e-08
3.810456511e-08
5.182500891e-08
-3.094116414e-08
-3.047805353e-08
2.748463207e-08
1.332676469e-08
-3.688495978e-08
1.05962291e-09
4.234706631e-08
-7.727248716e-09
-4.10952201e-08
-1.141764932e-09
3.742512452e-08
3.137275171e-09
-3.404249679e-08
-2.453312762e-08
2.636282052e-08
1.633597865e-08
-2.045693624e-08
-2.309515879e-08
-1.114195937e-08
9.175747256e-08
4.061432366e-08
-1.52651087e-08
-1.993470555e-08
4.526508602e-09
3.19752757e-09
-3.201145199e-10
-1.004868348e-09
-1.706266705e-09
5.307966286e-12
-6.145211924e-11
1.434830919e-09
6.396691246e-10
-1.03551338e-09
-1.642420652e-11
1.147652163e-10
2.924278142e-10
8.404648203e-10
-1.029654124e-10
-9.660883421e-10
2.442213938e-10
7.610379107e-10
-9.369074693e-10
-7.564524302e-10
5.47131881e-10
8.501491535e-10
6.310173364e-10
1.0220924e-09
-4.195380265e-10
-9.809922427e-10
-5.682150101e-10
-1.163402459e-09
-9.725424309e-09
1.01770482e-08
-1.896847526e-08
1.55560961e-08
-7.906894153e-09
6.893613473e-09
-1.201488589e-08
-4.644555034e-09
8.724199399e-09
3.844382714e-09
-6.007988735e-09
-2.677982783e-09
4.059084731e-09
1.82132702e-09
-2.890625827e-09
-2.715333693e-09
2.361203988e-09
1.13195893e-09
-2.242970124e-09
-3.694844438e-09
2.245691238e-09
1.255933767e-09
-2.100299713e-09
-2.925750034e-09
1.765897983e-09
1.111461409e-09
-1.479594316e-09
-2.11671047e-09
1.506723695e-09
1.038860775e-09
-1.917116093e-09
-2.564859825e-09
2.850380041e-09
1.971756305e-09
-5.079646866e-09
-4.28347882e-09
9.765816795e-09
5.512503812e-09
-1.789959029e-08
-1.061943654e-08
2.929166123e-08
1.385456821e-08
-4.125784201e-08
-1.422353878e-08
4.861981281e-08
2.511799659e-08
-4.819978071e-08
-1.136837648e-08
4.280028181e-08
3.153026083e-08
-3.844320588e-08
-1.506884465e-08
3.594461494e-08
3.644573774e-08
-3.058512825e-08
-5.584745925e-08
3.743516397e-08
8.139986659e-08
-5.578028453e-08
-4.742127644e-08
3.673197621e-08
1.257284088e-08
-3.46990365e-08
7.703696953e-09
4.134885198e-08
1.022373948e-09
-4.304024708e-08
7.564758186e-09
4.527344258e-08
6.030636069e-09
-4.944771823e-08
5.163102098e-09
5.474753047e-08
7.212205628e-09
-5.908221218e-08
-5.601641341e-09
5.945064917e-08
9.59458583e-09
-5.181845283e-08
-4.73669923e-08
3.993721792e-08
1.091512664e-08
-2.304687156e-08
-1.650360135e-09
6.317549476e-09
-1.148113166e-09
2.570919172e-09
2.000031037e-09
-1.183464836e-08
-1.272364632e-09
1.88556394e-08
4.329549311e-10
7.655666224e-10
-1.730110119e-09
-1.215887337e-09
-4.742229586e-11
1.174063234e-09
-3.665344911e-10
-1.241698483e-09
-4.559208448e-10
7.942703083e-10
8.160713676e-10
-8.962210304e-11
-9.497957286e-10
4.117784589e-13
1.459545864e-09
2.387377592e-10
-1.066208523e-09
1.394671332e-09
1.336232786e-09
-9.489611483e-10
8.983102991e-09
-5.712007543e-09
4.359015869e-09
-7.367118798e-09
-3.347303461e-09
5.966952857e-09
3.143978541e-09
-4.652273088e-09
-1.664316166e-09
3.37663617e-09
1.97446503e-09
-2.263376612e-09
-8.031763756e-10
1.457362003e-09
9.339866237e-10
-9.821865295e-10
-5.960422471e-10
7.467049634e-10
5.314373804e-10
-6.447684724e-10
-5.760238293e-10
6.226873095e-10
4.946069704e-10
-6.887586324e-10
-7.672529686e-10
9.282233384e-10
7.739276044e-10
-1.591933478e-09
-2.056906206e-09
3.269217728e-09
2.259370324e-09
-6.791625267e-09
-6.506849557e-09
1.248342763e-08
6.684017472e-09
-1.970770652e-08
-1.441540379e-08
2.733598522e-08
1.269005068e-08
-3.447919823e-08
-2.550749293e-08
4.065417612e-08
1.779000837e-08
-4.509514668e-08
-3.616907272e-08
4.600022427e-08
2.040611448e-08
-4.245870178e-08
-3.906280817e-08
3.979088625e-08
1.314997527e-08
-4.590686499e-08
-8.075546451e-08
3.809836851e-08
4.057590656e-08
-1.370191893e-08
2.899300273e-09
1.143099589e-08
-2.984284334e-09
-1.063545761e-08
-3.412014247e-09
7.3875893e-09
-2.259527028e-09
-5.293965503e-09
-3.361938324e-09
4.18483195e-09
-1.58636574e-09
-5.10230069e-09
2.330857371e-09
7.376702659e-09
-3.05786983e-09
-9.987358117e-09
6.238952678e-09
1.256691666e-08
-7.247494324e-09
-1.437075394e-08
9.605393773e-09
1.473795027e-08
-1.145697658e-08
-1.36087245e-08
9.794239039e-09
1.160883441e-08
-1.162410764e-08
-9.336284301e-09
5.799309317e-09
7.008019638e-09
-7.766924201e-09
-4.92969366e-09
2.860536842e-09
3.347633519e-09
-4.081464776e-09
-2.08260807e-09
7.693298362e-10
1.076355257e-09
-1.438175934e-09
-4.349682172e-10
5.423621769e-11
1.541487136e-10
-1.981043865e-10
-2.942317815e-10
-1.54965586e-09
1.3927e-09
2.364686734e-09
-1.417521797e-09
-2.129781834e-09
2.604868444e-09
6.422932426e-10
2.579093997e-09
-4.932854544e-09
-2.532879536e-09
5.757302057e-09
-3.374297535e-09
4.068411867e-09
-6.138350618e-09
-2.783589349e-09
5.624075283e-09
4.173132987e-09
-4.37114981e-09
-1.400303725e-09
2.98245317e-09
2.330434002e-09
-1.948836463e-09
-7.00466682e-10
1.353594774e-09
1.132959809e-09
-1.049660355e-09
-5.844445743e-10
9.193526322e-10
8.301299858e-10
-9.287081563e-10
-8.734921112e-10
1.12557504e-09
1.039275457e-09
-1.693232317e-09
-2.375809522e-09
3.028042792e-09
2.387355184e-09
-5.61263076e-09
-6.412349251e-09
9.499817054e-09
5.969644554e-09
-1.39713585e-08
-1.086851816e-08
1.789396589e-08
9.763380354e-09
-2.038050414e-08
-1.201639166e-08
2.111287501e-08
1.01828778e-08
-2.02584234e-08
-8.905883803e-09
1.824253436e-08
7.078608262e-09
-1.552574312e-08
-2.226774895e-09
1.268151087e-08
3.007614399e-09
-1.078853763e-08
-6.194451029e-09
9.250878849e-09
4.227492275e-10
-6.018371745e-09
1.74010428e-09
3.921008904e-09
-9.57719195e-10
-2.548391107e-09
1.923254286e-09
1.706007431e-09
-1.229131835e-09
-1.140127633e-09
1.379783707e-09
7.451001235e-10
-8.985446143e-10
-7.407912073e-10
2.086886924e-09
1.27985643e-09
-9.919790232e-10
-2.273467449e-09
5.479530496e-09
3.727412276e-09
-3.38612155e-09
-5.548240619e-09
9.955152668e-09
7.495026394e-09
-7.761331055e-09
-9.121660777e-09
1.166544788e-08
9.92758456e-09
-1.113401784e-08
-9.798685754e-09
8.945781897e-09
8.967673046e-09
-9.914199861e-09
-7.765165396e-09
5.567618336e-09
6.356301342e-09
-7.097305244e-09
-4.790383079e-09
2.475516893e-09
3.190309246e-09
-3.893091712e-09
-1.792037048e-09
4.681181447e-10
8.492402372e-10
-9.539868457e-10
-6.466846498e-10
2.073570009e-09
-1.79964395e-09
-3.10450526e-09
1.750058651e-09
7.77497409e-09
5.916806181e-09
-9.888769996e-09
-5.147937203e-09
1.06356831e-08
-6.162513057e-09
8.610005938e-09
-9.65581975e-09
-3.937675916e-09
7.721658342e-09
6.412639434e-09
-5.747198399e-09
-2.018079794e-09
4.207549423e-09
3.666262439e-09
-3.130497102e-09
-1.322958309e-09
2.415083585e-09
2.240681287e-09
-1.989047628e-09
-1.309200194e-09
1.824512964e-09
1.757765647e-09
-1.952596024e-09
-2.337015092e-09
2.503457158e-09
2.302331089e-09
-3.703365407e-09
-5.340644362e-09
5.688776176e-09
4.526567751e-09
-8.193116663e-09
-8.810520767e-09
1.051586819e-08
7.488350803e-09
-1.193541166e-08
-9.404552269e-09
1.212098589e-08
8.110625902e-09
-1.117004034e-08
-6.929687676e-09
9.412630009e-09
5.763631384e-09
-7.238338056e-09
-3.382017085e-09
5.006460571e-09
2.165115776e-09
-3.054119224e-09
-3.204670232e-11
1.807723428e-09
8.208884367e-11
-1.515614735e-09
4.946686835e-10
1.364888742e-09
-4.763469196e-12
-1.184648294e-09
6.78665828e-10
1.028521204e-09
-1.316332036e-10
-8.978993409e-10
6.046024473e-10
4.789991046e-10
-3.953356773e-10
-2.128549317e-10
3.909098093e-10
3.047614547e-10
-1.29222781e-10
-5.905208133e-10
1.798318202e-09
1.222449572e-09
-7.216818998e-10
-2.329241807e-09
5.501253003e-09
3.942505396e-09
-3.332009645e-09
-5.890827349e-09
9.907213652e-09
7.535929416e-09
-8.06914468e-09
-8.746178493e-09
1.029596419e-08
9.295272735e-09
-9.944189247e-09
-9.289514099e-09
8.404383033e-09
8.873570787e-09
-9.220628019e-09
-8.000004805e-09
5.566170095e-09
6.600154251e-09
-7.319376067e-09
-4.824116215e-09
-3.186248964e-09
-1.815432204e-09
1.838086301e-09
2.994510167e-09
1.731436872e-10
2.843164846e-09
-7.347704826e-09
-1.396567205e-08
1.620541451e-08
-1.106902539e-08
1.326525337e-08
-1.705972352e-08
-9.655292923e-09
1.631526993e-08
1.338571742e-08
-1.447659586e-08
-6.327142339e-09
1.203524397e-08
1.009747268e-08
-9.384253222e-09
-3.789599577e-09
6.913917793e-09
6.281479374e-09
-4.971646298e-09
-2.474845143e-09
3.685732236e-09
3.610476757e-09
-2.938154503e-09
-2.37266407e-09
2.593801964e-09
2.612652065e-09
-2.64409485e-09
-3.696864751e-09
3.0826149e-09
3.045424658e-09
-3.855572558e-09
-5.867362566e-09
4.720662663e-09
4.344099609e-09
-5.28902334e-09
-6.303323411e-09
5.255980548e-09
4.554037895e-09
-4.580761602e-09
-4.122728589e-09
3.473621325e-09
2.819759506e-09
-2.290693084e-09
-1.253832056e-09
1.417590568e-09
9.419140455e-10
-1.10683349e-09
-3.665118108e-10
1.241922567e-09
6.810883828e-10
-1.391743694e-09
-4.593007016e-10
1.302425851e-09
7.961640253e-10
-1.010529095e-09
-4.296784094e-10
6.742057911e-10
6.198016367e-10
-4.955444415e-10
1.229106007e-10
3.702909716e-10
1.331525301e-12
-6.66338955e-11
3.752839911e-11
6.095876717e-11
-7.115224267e-12
-8.073118931e-11
1.640302271e-10
1.401513066e-10
-3.663186864e-12
-3.131118014e-10
1.456338326e-09
8.332191895e-10
5.162314427e-11
-2.28925202e-09
5.862335613e-09
3.344956056e-09
-3.607785521e-09
-5.077668111e-09
8.849188952e-09
6.634707113e-09
-7.154291445e-09
-7.821827615e-09
9.326437916e-09
8.769520111e-09
-8.62815395e-09
-9.420514523e-09
8.828185816e-09
9.491992259e-09
-9.169911248e-09
-9.10690618e-09
7.246582308e-09
-1.556293359e-08
-1.319327401e-12
8.352553919e-09
-1.805588643e-08
-1.337146118e-08
1.881477514e-08
-1.618439671e-08
1.580404781e-08
-1.816146201e-08
-1.366457574e-08
1.63882637e-08
1.440156749e-08
-1.39887749e-08
-9.165427815e-09
1.146969994e-08
1.093313975e-08
-9.163376445e-09
-5.166761827e-09
7.01152729e-09
7.093616107e-09
-4.96161161e-09
-3.042530488e-09
3.452984962e-09
3.711187151e-09
-2.639512519e-09
-2.655110032e-09
2.214307483e-09
2.507546666e-09
-2.074235963e-09
-3.205135782e-09
2.094924641e-09
2.487706951e-09
-2.130488251e-09
-3.250155466e-09
2.043059128e-09
2.418694387e-09
-1.771087735e-09
-2.048697216e-09
1.367444988e-09
1.63429926e-09
-9.792091092e-10
-9.071571145e-10
7.924285319e-10
9.449751104e-10
-9.330032631e-10
-9.877415699e-10
1.297913634e-09
1.283209694e-09
-1.534533266e-09
-1.132477024e-09
1.428445888e-09
1.507492455e-09
-1.061917575e-09
-6.709288664e-10
6.210114894e-10
8.479280177e-10
-2.426826663e-10
2.615912293e-11
-1.185343654e-10
2.481426194e-11
-1.708100629e-11
2.849294609e-12
6.201612474e-12
2.211512726e-13
-1.760117105e-12
2.195390555e-12
1.741284832e-12
3.178579557e-13
-5.022124948e-12
-5.342837425e-11
1.949015727e-11
1.383545559e-10
-1.268630456e-10
1.665953742e-09
4.444621963e-10
-4.004185483e-10
-1.261856421e-09
5.115098533e-09
2.525756461e-09
-2.981550944e-09
-3.962272903e-09
7.319242104e-09
5.538753403e-09
-5.411301322e-09
-7.448542876e-09
-1.656728477e-08
-3.235993653e-11
8.720238123e-09
7.909105082e-09
-1.098668468e-08
-1.223913295e-08
1.006240505e-08
9.745088708e-09
-9.774061125e-09
-1.228182076e-08
1.024260373e-08
-1.125425197e-08
1.109404426e-08
-1.079187559e-08
-9.349920336e-09
9.932912315e-09
1.165444249e-08
-7.247853462e-09
-4.613309092e-09
4.707213469e-09
5.594619498e-09
-3.191207152e-09
-2.550708758e-09
2.248767588e-09
2.73794048e-09
-1.706713379e-09
-2.096742297e-09
1.400774141e-09
1.920914629e-09
-1.220130689e-09
-1.919267447e-09
1.080544127e-09
1.610396307e-09
-9.293422247e-10
-1.384835759e-09
7.584674128e-10
1.191053578e-09
-6.176242878e-10
-9.768076095e-10
6.136203372e-10
9.820257738e-10
-8.470132667e-10
-1.54625592e-09
1.252821607e-09
1.740429344e-09
-1.523869279e-09
-1.891892206e-09
1.437274109e-09
2.187523804e-09
-1.091162462e-09
-1.139205538e-09
6.908904143e-10
1.406218285e-09
-3.479124859e-10
-1.643408523e-11
2.859132544e-12
1.536558656e-11
-1.4219541e-12
-2.553937684e-13
2.057049843e-12
2.419693028e-12
-4.360406712e-12
-6.737639172e-13
7.956589544e-12
9.665411911e-12
-1.746010876e-11
-1.8515724e-10
6.60610922e-11
3.918700396e-10
-2.65545003e-10
-8.419188582e-11
2.170364141e-11
2.547334842e-10
2.185756015e-10
-9.991755782e-11
1.378671032e-10
1.078217344e-09
-2.934794656e-10
2.637385234e-11
-2.61495513e-09
2.590716177e-10
2.191905533e-09
9.774260864e-09
1.291033386e-08
-1.176328991e-08
-1.142987748e-08
1.147368915e-08
-1.345883773e-08
1.441190012e-08
-8.605097386e-09
-6.47378522e-09
5.764855982e-09
7.20153274e-09
-3.912795552e-09
-3.032116297e-09
2.652703003e-09
3.400691323e-09
-1.840721817e-09
-1.872313776e-09
1.331092518e-09
1.890023571e-09
-1.012361214e-09
-1.397742905e-09
7.965492482e-10
1.232785548e-09
-6.341372557e-10
-1.016802104e-09
5.14997802e-10
8.718493456e-10
-4.64148923e-10
-9.681692876e-10
5.301818937e-10
9.582102126e-10
-7.500542563e-10
-1.83412092e-09
1.062054362e-09
1.812098656e-09
-1.24730486e-09
-2.304678634e-09
1.145931654e-09
2.219818295e-09
-8.346281543e-10
-1.514041075e-09
4.971148357e-10
1.454514232e-09
-2.556163055e-10
-1.400090158e-11
3.577449522e-12
1.453928929e-11
-3.775783234e-12
-7.487474086e-12
7.903914669e-12
1.45889509e-11
-1.617745562e-11
-3.651238576e-11
3.873213603e-11
8.22281555e-11
-9.250783311e-11
-6.210761745e-10
2.739350249e-10
8.063074396e-10
-3.069946043e-10
3.789290014e-10
3.220416369e-10
-4.060909722e-10
-6.183017547e-11
-4.481714887e-10
-6.067945398e-10
-8.916581731e-09
-1.576662834e-08
6.479347734e-09
9.267615287e-09
-4.670087481e-09
-7.837298576e-09
3.266056515e-09
4.26784305e-09
-2.168017304e-09
-3.81435137e-09
1.417309035e-09
-1.945198148e-09
2.051231221e-09
-9.723965275e-10
-1.108286798e-09
6.954470581e-10
1.055839796e-09
-5.276890466e-10
-7.870346961e-10
4.577489841e-10
8.01378848e-10
-4.797544643e-10
-9.8210468e-10
5.827299228e-10
1.067661407e-09
-7.33576643e-10
-1.690292565e-09
8.647548521e-10
1.521786468e-09
-8.927754177e-10
-1.966500859e-09
7.808897428e-10
1.618073083e-09
-5.754719302e-10
-1.321481476e-09
3.631512515e-10
1.165889284e-09
-2.437560723e-10
-2.012558356e-11
1.303189977e-11
4.377696788e-11
-3.516434805e-11
8.668301696e-11
-1.026092668e-10
-2.959816612e-11
6.873396608e-11
1.775497313e-10
3.851207254e-10
-3.404893075e-10
-1.733266336e-10
8.523980474e-10
-3.354542381e-10
-9.508272165e-10
1.566763386e-09
-1.174267343e-09
-2.273105867e-09
9.787840554e-10
-7.604742526e-10
-1.156497542e-09
7.546165039e-10
1.352433909e-09
-8.068925731e-10
-9.653811189e-10
8.829018957e-10
1.538782114e-09
-8.827258969e-10
-1.241462271e-09
7.957705916e-10
1.281300236e-09
-6.607675099e-10
-1.370540596e-09
5.21073964e-10
9.645767847e-10
-3.830573909e-10
-1.264426475e-09
2.436755724e-10
9.866098042e-10
-3.450986671e-10
-9.950143288e-10
7.73618995e-11
-9.880592919e-11
-1.031131568e-10
-3.845299045e-10
8.46590777e-11
-1.573070165e-11
-7.700214967e-11
-1.22420205e-11
-1.326979124e-11
-2.965810186e-11
-8.810974559e-12
2.871862166e-11
-6.988612483e-11
-3.099180913e-11
-3.944135138e-10
2.134760743e-09
-2.096023742e-09
-5.632187827e-09
-1.667633563e-09
1.580957708e-09
-6.113035111e-10
-3.20162323e-09
-1.056490164e-10
-2.662983468e-10
-8.585382456e-12
2.587299978e-10
2.279216898e-11
-2.283976822e-10
3.511140633e-11
2.522541918e-10
5.832391938e-11
-1.814980608e-12
7.748502489e-11
-1.237514514e-11
-4.663774065e-11
2.236592629e-11
1.119033519e-08
1.815619157e-08
-8.553103833e-09
1.012908921e-08
6.412410417e-09
-1.525013818e-10
-1.007246314e-08
-6.645270341e-11
9.175953785e-11
-1.342457692e-11
-3.807634803e-10
-3.456941074e-08
2.172927111e-08
-5.382872459e-08
-3.190419144e-08
5.134709102e-08
-2.344728186e-08
-5.942615476e-08
9.140038691e-11
3.594406273e-08
9.763148172e-11
2.504586963e-11
1.075405987e-08
-1.368770614e-10
1.164176735e-08
3.232801396e-09
1.339937876e-08
-1.322664095e-10
3.50376383e-12
-3.671783587e-12
-1.146336318e-11
1.292676543e-11
2.180025252e-12
1.117641115e-12
-2.453222042e-08
6.985265903e-09
1.941119989e-08
1.062153148e-08
-1.00014438e-08
1.047823263e-08
1.175466696e-08
1.968973153e-12
-3.990630469e-13
-1.928032732e-12
4.720302061e-11
-1.120639206e-11
1.935305018e-10
-2.177272423e-11
4.644088908e-14
-6.717273164e-08
2.747940674e-08
4.098455361e-08
9.982625874e-11
-9.513821447e-11
-5.573356581e-11
8.774917602e-12
-1.501890381e-07
7.253699522e-08
7.941229084e-08
5.402589968e-11
-7.715228728e-11
-5.909198672e-12
9.370158483e-08
6.598480041e-08
5.599274715e-08
-3.28312601e-08
5.195253098e-08
3.85523099e-08
4.923304213e-12
-6.682316869e-12
1.245080223e-12
4.343333058e-12
-8.481567317e-13
2.662446929e-11
-2.952090198e-08
1.688505717e-08
1.309561074e-08
1.591334344e-11
-1.739023117e-11
1.394490308e-12
4.087272515e-12
2.814525952e-11
1.465187696e-10
-7.702070001e-12
-2.226033659e-11
-4.073688225e-10
-1.981778447e-10
3.597166358e-10
-1.030675234e-10
-3.002630521e-08
2.554038251e-08
-1.852657291e-08
1.81754708e-08
-1.735512069e-09
8.081783318e-10
-6.697261795e-10
-5.512534294e-10
-3.315361822e-10
7.130275266e-10
-1.026650055e-08
1.710354093e-08
-1.711620777e-08
1.976845476e-11
6.854558938e-09
-1.567220563e-09
1.888135498e-09
-1.451792142e-09
2.155270839e-13
-1.406491237e-08
-2.391784937e-09
-4.320838749e-10
-6.26707614e-09
6.302067051e-12
-7.347544961e-12
-3.651788589e-12
-5.002948268e-10
6.893303421e-11
2.967580909e-11
-3.511926658e-10
1.190929106e-11
-1.792684874e-11
1.039142727e-12
2.733727442e-12
-7.042902502e-09
-7.628910083e-10
3.060337762e-09
-6.697230973e-09
7.023195706e-12
-5.184577344e-12
-4.184065189e-12
3.074433313e-12
-1.646252211e-08
-5.82470559e-09
7.390841485e-09
-1.797763115e-08
9.177934765e-12
-1.272678132e-11
-4.688982199e-12
7.101081169e-12
-2.04116192e-08
-8.0648027e-09
8.856283211e-09
-2.211069741e-08
6.559978743e-12
-6.180153668e-12
-8.632915129e-12
9.138523375e-12
-7.169167579e-09
1.039470507e-08
-2.425798056e-08
-1.228966789e-11
-1.134641691e-08
1.238745946e-08
-2.585309461e-08
-9.045328389e-10
-2.115571862e-08
-1.042941388e-08
9.650417482e-09
-1.788749257e-08
-1.121057118e-08
1.190268004e-09
-1.025077487e-09
-8.777540562e-10
1.395518551e-09
-4.786392634e-10
-1.745767716e-08
-8.587260701e-09
5.319711873e-09
-1.247777003e-08
1.10987045e-09
-4.342046057e-10
-1.670238335e-09
-5.067354855e-09
-6.572918723e-09
2.890978719e-09
-4.924604215e-09
-3.322694473e-09
3.492009471e-09
-6.531296336e-09
-3.266274452e-09
-2.358274022e-09
1.823233401e-09
-2.941172415e-09
-5.243815067e-09
-1.213341235e-08
-8.110222516e-09
9.940494119e-09
-1.366165893e-08
-6.139710235e-09
-1.537480066e-10
4.231209428e-09
-1.168889627e-10
5.216600259e-12
2.571924069e-10
-1.089511155e-08
-1.706704774e-08
1.853606508e-08
-1.406602034e-08
-1.56242867e-08
-1.57566524e-08
1.463986701e-08
-1.117764122e-10
-9.796601391e-09
-7.883290709e-09
-1.292274345e-08
-8.112615611e-09
-9.818638227e-09
9.426320017e-09
-9.722750905e-09
-1.153834158e-08
5.413294597e-10
-2.996254027e-10
2.22685121e-09
2.124778644e-11
2.85279577e-09
1.231950424e-11
-1.177311095e-08
-1.475000812e-08
-1.11584432e-08
-1.364213904e-08
2.638698091e-10
5.687881432e-11
-3.882663689e-10
-3.305464146e-10
-1.131202388e-08
-4.744378361e-09
-6.278430933e-09
-3.502972693e-09
-5.541300779e-09
-2.285286378e-09
-2.937299463e-09
3.677700147e-09
-1.50115488e-09
-2.693706996e-09
-3.514348506e-10
1.689249388e-10
-1.939216437e-10
-2.980150287e-10
-7.22733527e-11
-2.136604786e-10
-1.137641644e-09
-5.080129952e-10
-1.378762551e-09
-1.594939293e-09
-1.585854657e-09
-1.026701708e-09
-9.677128446e-10
-1.046588676e-09
-1.476311688e-09
-1.066431055e-09
-1.085240776e-09
-9.58764862e-10
-1.46458416e-09
-7.666367545e-10
-1.347636925e-09
-5.68984871e-10
-1.09140733e-09
-4.275211937e-10
-1.331993171e-09
-3.120873652e-10
-8.912275557e-10
-1.237281647e-10
-1.17190569e-09
-6.965328196e-10
-1.621782313e-10
-3.752642546e-11
5.033465e-11
-1.358643524e-10
-3.579381998e-11
-4.731777438e-10
-4.138500657e-12
-2.046495824e-09
-4.627006261e-11
-6.020627653e-09
8.012031288e-09
-7.645907649e-09
-5.980585598e-09
-2.922037204e-09
3.180232957e-09
-1.054839286e-09
-2.205669717e-09
-2.147108428e-10
-2.332739473e-10
-1.924358786e-10
2.919212662e-10
-4.738948066e-10
-4.353255444e-10
-1.19502508e-09
1.179821102e-09
-2.779255003e-09
-1.338438733e-09
-5.969130334e-09
4.555433106e-09
-1.187890018e-08
-7.755884178e-09
1.76897992e-08
1.340662512e-08
5.682436671e-09
1.287282125e-08
-2.790448033e-09
1.053895031e-08
1.160186293e-08
1.19147103e-08
-1.123247102e-08
4.787407964e-10
2.096552851e-09
-9.756274393e-11
-1.135452131e-08
-5.227021476e-14
6.032798552e-14
-5.32620507e-15
-6.335017641e-14
-4.306865455e-15
4.762132225e-16
-7.293223094e-15
5.221324284e-16
3.503737444e-16
7.704907962e-14
-1.492163484e-14
6.060958762e-14
-1.527435089e-09
1.33083552e-09
-7.618327788e-10
-6.429156256e-10
-8.984337119e-10
-6.253594377e-10
-1.708243223e-09
1.442867912e-09
-3.2211327e-09
-2.822706103e-09
-5.777723396e-09
5.421020488e-09
-9.644705909e-09
-9.301219677e-09
-1.48707262e-08
1.461162033e-08
-2.083859636e-08
-2.57807921e-08
-2.561776311e-08
3.073070281e-08
-2.579352731e-08
-4.578200913e-08
-1.849584794e-08
3.867053374e-08
-8.70187245e-09
-2.169597663e-08
-2.606038173e-12
1.303809131e-08
2.808098086e-12
-1.51758782e-12
7.46519818e-13
9.874651953e-09
-4.132164718e-09
8.270539962e-09
4.053249101e-09
7.236753756e-09
3.24197649e-10
7.170903286e-09
7.980623967e-10
6.642211063e-09
8.704622678e-09
1.662988157e-08
-5.833574799e-09
3.630631258e-08
3.177371604e-08
2.500440696e-08
-4.003682598e-08
6.310278909e-09
-1.31244674e-14
-3.217060497e-13
-8.600365882e-09
-2.184547514e-14
-1.512063532e-16
-1.139581759e-15
-7.748275209e-15
1.428259198e-14
-1.003725054e-13
1.522542689e-13
6.668078423e-14
-2.12558816e-09
-8.650516996e-11
-2.294467355e-09
7.334004009e-10
-3.260074757e-09
-2.881091217e-09
-5.198576292e-09
5.052572528e-09
-8.016369825e-09
-8.760022e-09
-1.162754558e-08
1.244788224e-08
-1.567108632e-08
-1.953170484e-08
-1.939331061e-08
2.339539621e-08
-2.157225322e-08
-3.260913918e-08
-2.080608505e-08
3.204165667e-08
-1.635481039e-08
-3.130687802e-08
-9.384263093e-09
2.448967701e-08
-3.236732084e-09
-7.762340873e-09
-3.55855117e-12
4.554135766e-09
-2.899615648e-12
-9.242459311e-13
-9.825757302e-13
3.272242003e-12
-2.741232419e-13
-1.023991991e-12
1.061252859e-12
2.375171848e-08
-2.631336956e-08
1.918614969e-08
3.139156122e-08
1.497409396e-08
-1.315091739e-08
1.107630725e-08
1.597841039e-08
8.231443617e-09
-4.468098777e-09
6.900888915e-09
6.602494881e-09
7.194838486e-09
-2.738159377e-09
8.905963562e-09
5.41404134e-09
1.118499702e-08
2.535048439e-09
2.104253215e-08
-1.160220921e-09
2.336539071e-08
2.190370443e-08
3.019028108e-08
-5.206567513e-09
3.853546994e-08
1.773761712e-08
4.145984899e-08
-1.183862498e-08
2.687795523e-08
2.774097591e-09
2.83009498e-09
-7.205900883e-09
-2.214785312e-11
-3.661134599e-11
-1.430712088e-10
2.125081997e-10
-1.122524802e-09
-1.010635989e-09
-3.734531153e-09
1.895024733e-09
-7.491769792e-09
-8.670801894e-09
-9.926049781e-09
1.306350856e-08
-1.271846004e-08
-1.611081341e-08
-1.575570186e-08
1.940499376e-08
-1.808486356e-08
-2.587899919e-08
-1.897975768e-08
2.694745551e-08
-1.779647649e-08
-2.978585476e-08
-1.43681321e-08
2.653833444e-08
-9.39722215e-09
-1.86103669e-08
-4.473285622e-09
1.379516224e-08
-1.248915253e-09
-2.614947406e-09
-7.395067341e-11
1.468395305e-09
-6.132813948e-11
-1.394940228e-11
-3.774209259e-11
4.702916484e-11
-2.348843752e-11
-5.483002073e-12
-1.142208833e-11
2.875712076e-11
6.461768507e-12
2.949050382e-11
4.635036449e-11
-5.725013458e-11
7.737224389e-11
6.800264475e-11
-8.566026965e-11
8.625911719e-08
-6.758184807e-08
7.858869228e-08
7.757471842e-08
6.606366896e-08
-4.42552802e-08
5.290336211e-08
5.906533591e-08
4.029073065e-08
-2.316495885e-08
2.920406418e-08
3.498600177e-08
2.086065277e-08
-1.074343873e-08
1.590640603e-08
1.834380414e-08
1.434878392e-08
-1.1154132e-08
1.609435553e-08
1.52918601e-08
2.249907257e-08
-3.046218818e-09
2.87372167e-08
1.38477148e-08
2.725436601e-08
-1.140453716e-10
3.10641333e-08
2.638628904e-08
1.362487257e-08
4.372149429e-10
-2.003327419e-10
1.848250272e-09
-6.282458311e-10
3.039596334e-11
-6.877108705e-10
9.617199256e-10
-1.094550633e-09
-1.277949257e-09
-1.877054334e-09
2.427012575e-09
-3.480282579e-09
-3.700464966e-09
-7.314495793e-09
6.410087852e-09
-1.19271474e-08
-1.707455337e-08
-1.418213886e-08
2.01670527e-08
-1.564913002e-08
-2.201711808e-08
-1.701650955e-08
2.374239543e-08
-1.717495478e-08
-2.676256858e-08
-1.579818214e-08
2.558512066e-08
-1.291747132e-08
-2.2859894e-08
-9.045491866e-09
1.914853462e-08
-5.126665973e-09
-1.002131768e-08
-2.18421342e-09
7.168237157e-09
-7.377126972e-10
-8.446069436e-10
-4.190067492e-10
5.985590036e-10
-2.461520976e-10
-1.066762541e-10
-1.46901574e-10
1.573086716e-10
1.103329464e-10
-2.827126616e-11
3.219526353e-10
-5.716635958e-11
4.292023734e-10
1.09884377e-10
3.749154246e-10
-4.661513176e-11
2.679143522e-10
9.419842829e-11
1.76077593e-10
-2.736707422e-11
1.163648107e-10
4.630847774e-11
-1.350631218e-11
6.161864644e-08
-7.018675526e-08
7.170968774e-08
6.257271639e-08
7.66828066e-08
-6.8739525e-08
7.554705568e-08
7.288180528e-08
6.927714743e-08
-4.868148213e-08
6.020576046e-08
6.196914599e-08
5.185785065e-08
-3.041270741e-08
4.82269086e-08
4.861040556e-08
5.252692015e-08
-2.639576047e-08
6.580258233e-08
4.834441804e-08
8.333790454e-08
-2.5604679e-08
9.53164435e-08
4.226680614e-08
1.081124403e-07
-4.351525497e-08
1.003001878e-07
4.488156746e-08
6.981517534e-08
-9.453369917e-09
2.229715269e-08
1.746142922e-08
-1.054633069e-09
-2.038073389e-09
-3.331940601e-09
3.760325807e-09
-4.301902165e-09
-4.519704924e-09
-5.528531704e-09
7.253641863e-09
-7.769405392e-09
-9.685606024e-09
-1.135421819e-08
1.307950962e-08
-1.469943862e-08
-2.226902046e-08
-1.606156461e-08
2.35095506e-08
-1.62230512e-08
-2.452556658e-08
-1.586162246e-08
2.444345541e-08
-1.437372186e-08
-2.369826104e-08
-1.181320515e-08
2.136231294e-08
-8.56558027e-09
-1.564719812e-08
-5.259774732e-09
1.248862128e-08
-2.558060761e-09
-5.009136452e-09
-8.630163639e-10
3.378868825e-09
-1.192402452e-10
-2.610083331e-10
1.40415397e-10
-3.209705499e-14
1.451966907e-10
-6.506530535e-11
2.084183429e-10
-1.093725595e-14
1.438002348e-10
5.245841674e-11
8.886779877e-11
-6.721958289e-13
5.516728289e-11
1.977486512e-11
3.462830494e-11
-9.847392121e-13
2.202263882e-11
7.803313917e-12
1.429689128e-11
-9.880205987e-13
9.570119463e-12
3.401022747e-12
-9.287409423e-13
2.929158272e-08
-3.629010666e-08
3.83653254e-08
2.862650978e-08
4.806863845e-08
-5.538317873e-08
5.949406277e-08
4.757579482e-08
7.177311979e-08
-7.31379781e-08
8.502931677e-08
7.061738976e-08
9.955201909e-08
-7.508960332e-08
1.181359801e-07
9.542345433e-08
1.464340769e-07
-7.804605115e-08
1.836458571e-07
1.280143817e-07
2.166312105e-07
-8.232983153e-08
2.315372639e-07
1.286014163e-07
2.244511471e-07
-6.527874496e-08
2.009085381e-07
9.677883291e-08
1.689879553e-07
-4.98308479e-08
1.299912372e-07
6.253683776e-08
8.401338275e-08
-2.42320395e-08
9.442659227e-09
2.906132314e-08
-4.934605873e-09
-5.685802369e-09
-7.283487439e-09
8.005780606e-09
-8.84764958e-09
-1.037840665e-08
-1.049170213e-08
1.382042923e-08
-1.263715108e-08
-1.624855573e-08
-1.519699429e-08
1.957175312e-08
-1.697571592e-08
-2.411014392e-08
-1.689129517e-08
2.511262714e-08
-1.53443309e-08
-2.364358537e-08
-1.330787358e-08
2.262826984e-08
-1.09489406e-08
-1.87906137e-08
-8.099275573e-09
1.615953317e-08
-5.209858902e-09
-9.74012984e-09
-2.757046413e-09
7.413084071e-09
-1.062697689e-09
-2.202391329e-09
-1.641413339e-10
1.339838879e-09
1.349438553e-10
-4.490134186e-14
9.417211676e-11
4.567029903e-11
7.298185006e-11
-6.042304927e-14
5.9851344e-11
1.572962679e-11
5.062239421e-11
1.293420108e-12
4.265624135e-11
8.325640981e-12
3.635661888e-11
1.139205262e-12
3.158886402e-11
4.929134433e-12
2.792523006e-11
8.800434097e-13
2.491161987e-11
3.240505283e-12
2.245304504e-11
7.856606023e-13
2.04325354e-11
2.198882268e-12
1.880156999e-11
8.657254543e-13
1.306896796e-12
5.41779205e-11
-5.704499532e-09
3.593013154e-09
2.369710238e-09
1.010176186e-08
-2.027400065e-08
1.94965733e-08
1.32538797e-08
3.584690557e-08
-3.975105649e-08
6.072646181e-08
3.647090986e-08
9.213912382e-08
-3.054876877e-08
1.958242547e-07
-8.851879188e-09
2.275030508e-07
-1.336901852e-07
2.557059079e-07
1.586710094e-07
2.737566838e-07
-1.789353986e-07
2.744740259e-07
1.961016273e-07
2.587890305e-07
-1.648650185e-07
2.287529523e-07
1.585438232e-07
1.872571375e-07
-1.140413868e-07
1.414182584e-07
9.265290309e-08
9.964081601e-08
-6.486617703e-08
6.580025982e-08
4.319133352e-08
1.803554406e-08
-2.098129162e-08
-5.947686883e-09
1.530783126e-08
-1.053753911e-08
-1.084503958e-08
-1.282444697e-08
1.392989949e-08
-1.505301716e-08
-1.750456076e-08
-1.726248184e-08
2.085943466e-08
-1.935572195e-08
-2.336641751e-08
-2.067997153e-08
2.53959001e-08
-2.022938326e-08
-2.697128165e-08
-1.768277382e-08
2.557971132e-08
-1.404301829e-08
-2.189312263e-08
-1.070526112e-08
2.0444233e-08
-7.824246789e-09
-1.362948102e-08
-5.126168363e-09
1.176476423e-08
-2.895199302e-09
-5.500197592e-09
-1.27909172e-09
3.979351348e-09
-3.564887838e-10
-7.611057088e-10
1.236484908e-11
4.141503554e-10
6.767810148e-11
-5.573905628e-11
1.342511834e-10
2.535060736e-12
2.229391607e-10
-2.282770654e-11
3.100943995e-10
-4.564220383e-11
3.809882416e-10
-1.38256199e-11
4.313918271e-10
-3.504866116e-11
4.723208871e-10
-9.628584209e-12
5.029488816e-10
-2.823136499e-11
5.438267452e-10
-7.33424842e-12
4.713103327e-10
1.506175228e-10
3.599228869e-10
-6.785098454e-12
2.510382876e-10
1.794884524e-10
1.699636645e-10
2.336134978e-12
1.133353412e-10
8.092759496e-11
7.07667491e-11
8.629454594e-12
5.096106759e-11
1.757516758e-10
-9.806790997e-10
1.104238794e-09
5.631456906e-10
3.43860772e-09
-9.341051777e-09
8.819399093e-09
1.961379449e-08
2.679507381e-08
-6.552401217e-08
2.565029668e-08
5.532717101e-08
2.548203036e-08
-9.14176236e-08
8.099166622e-08
2.120030886e-07
1.281961162e-07
-1.8961718e-07
1.320773125e-07
1.431917898e-07
1.305060613e-07
-1.797648798e-07
1.239064106e-07
1.281986553e-07
1.058421672e-07
-1.208026964e-07
7.824480729e-08
6.782037252e-08
5.006476664e-08
-5.219418933e-08
2.925881248e-08
2.346940374e-08
1.879058947e-08
-2.425275547e-08
1.065064432e-08
2.440241666e-08
-7.096083562e-09
-1.539307931e-08
-1.229655379e-08
1.590941907e-08
-1.453210494e-08
-1.653908779e-08
-1.659973258e-08
1.810559388e-08
-1.833639017e-08
-2.289759964e-08
-1.901423907e-08
2.316214782e-08
-1.789771235e-08
-2.416960241e-08
-1.502542398e-08
2.14770466e-08
-1.15444513e-08
-1.987008763e-08
-8.986003199e-09
1.435626369e-08
-8.246463689e-09
-1.766254504e-08
-8.757562011e-09
1.456825879e-08
-6.339606039e-09
-1.093922714e-08
-3.026520711e-09
1.069627745e-08
-1.451864545e-09
-2.789254261e-09
-4.811969579e-10
1.888811045e-09
-1.868229047e-11
-2.093061138e-10
9.325201214e-11
9.968428321e-11
1.05597022e-10
4.031393722e-11
9.587607571e-11
-2.652073153e-11
7.716789857e-11
3.291370923e-11
6.042464932e-11
-1.348088933e-11
4.751497724e-11
1.976844736e-11
3.638866676e-11
-8.733558751e-12
-2.074371223e-10
-2.321567042e-11
-1.24526704e-09
1.187007679e-09
-2.308175795e-09
-9.08125166e-10
-3.328283841e-09
1.978342111e-09
-4.983028329e-09
-1.24501003e-09
-7.331002254e-09
3.629621642e-09
-1.054358577e-08
-2.920287237e-09
-1.475401029e-08
7.156754392e-09
-1.991890458e-08
-7.667323234e-09
1.331000447e-08
-1.078768913e-10
-3.6241972e-10
1.994839816e-10
3.056795962e-10
6.876739423e-10
-1.95154715e-08
-1.11380735e-09
1.059347754e-08
5.907228273e-10
-3.031595922e-08
3.94066791e-09
8.380467477e-09
1.0455749e-08
-1.244915456e-07
1.519550753e-08
3.001904199e-08
1.384435559e-08
-7.425814536e-08
1.733221405e-08
2.493289732e-08
1.854096843e-08
-6.447233525e-08
1.550727697e-08
2.112275536e-08
1.055969338e-08
-2.745712149e-08
6.361604295e-09
1.084155232e-08
3.707667653e-09
-1.415949522e-08
-2.091846966e-09
2.289951312e-08
-1.053860378e-08
-2.897806108e-08
-1.406757949e-08
2.40047782e-08
-1.494591095e-08
-1.681686945e-08
-1.485317869e-08
1.790676232e-08
-1.475230833e-08
-1.867303288e-08
-1.505224847e-08
1.867657027e-08
-1.556834223e-08
-2.197135416e-08
-1.562055872e-08
2.005998871e-08
-1.447192282e-08
-1.946496354e-08
-1.238185726e-08
1.878535226e-08
-1.094547069e-08
-1.217585264e-08
-1.221007275e-08
1.418141703e-08
-1.668065789e-08
-1.392457708e-08
-1.77366063e-08
1.192994914e-08
-3.991544381e-09
-5.582545207e-09
-1.570865879e-09
-4.692677507e-10
-6.16794134e-10
-1.256519419e-09
-1.11377308e-10
7.835054654e-10
3.982040221e-11
-5.941649848e-11
9.954758867e-12
1.21093067e-10
3.316997526e-11
-1.780596311e-12
2.310160071e-11
1.266828696e-11
1.651738311e-11
1.468702765e-13
1.228344534e-11
4.379418257e-12
9.194052663e-12
-5.494865659e-12
6.741465481e-12
7.128934216e-12
-5.086104871e-09
-2.281181524e-09
-6.940421817e-09
4.20550037e-09
-9.028825417e-09
-3.953494416e-09
-1.127911371e-08
6.254282192e-09
-1.377146658e-08
-6.756139881e-09
-1.632959261e-08
9.356963589e-09
-1.859876666e-08
-1.110880014e-08
-2.004683121e-08
1.260845818e-08
-1.990187731e-08
-1.632600716e-08
1.357756402e-08
-1.18992828e-09
-8.242270961e-10
-8.692585063e-10
3.646662569e-10
-4.742538806e-10
-3.80580291e-10
-1.557996091e-10
3.519655384e-10
-1.979550803e-10
-3.798939778e-09
-8.929944521e-10
1.533866194e-09
-8.118849968e-10
-2.861279695e-09
-6.204964961e-10
2.739327328e-09
-1.906000141e-10
-3.553636696e-09
-3.590953674e-10
7.444762144e-10
-4.423200003e-10
-4.879034077e-09
-3.78762444e-10
1.017852899e-09
-3.723233246e-10
-5.248766464e-09
-3.097141203e-10
2.479916165e-09
-5.229230022e-10
-6.707040851e-09
-5.222841366e-09
1.409131463e-08
-9.737677991e-09
-2.492639286e-08
-1.106995697e-08
1.713776748e-08
-1.201150622e-08
-1.749075231e-08
-1.306892834e-08
1.253179972e-08
-1.432301508e-08
-1.823271559e-08
-1.494176461e-08
1.776241772e-08
-1.448794005e-08
-1.881559079e-08
-1.356133764e-08
1.985539656e-08
-1.324367497e-08
-1.83511186e-08
-1.393700341e-08
1.785470736e-08
-1.494338892e-08
-1.895431862e-08
-1.548710068e-08
1.923123765e-08
-1.52177718e-08
-1.696649895e-08
-1.267575463e-08
1.726683813e-08
-6.082599576e-09
-5.102165566e-09
-2.323613236e-10
1.279387931e-09
-3.653508606e-10
3.024156965e-10
-7.214341106e-10
-2.781838695e-11
-1.484574528e-10
-4.749428788e-10
6.550302023e-11
2.508322301e-10
8.962343666e-11
-1.958835623e-10
-3.898107782e-14
3.005087629e-10
1.449351067e-11
-1.714669775e-11
1.860007282e-11
1.234921506e-11
1.668423786e-11
-7.652281228e-12
1.393736112e-11
9.952126263e-12
6.947276805e-12
-1.660576037e-11
-1.477836645e-08
1.760702938e-08
-1.081111394e-08
-6.395201479e-09
-1.244701184e-08
8.290140384e-09
-1.376195446e-08
-8.187215244e-09
-1.482487859e-08
9.323181676e-09
-1.536566959e-08
-1.062078947e-08
-1.515361607e-08
1.046050572e-08
-1.396972441e-08
-1.173037001e-08
-1.171261741e-08
9.518436827e-09
-8.512093389e-09
-9.361004441e-09
-4.860960677e-09
5.73576641e-09
-1.672536693e-09
-2.699876367e-09
1.030495813e-09
-2.406552454e-09
5.595396013e-10
-9.57307089e-10
-2.024142508e-10
-5.158518829e-10
7.605934443e-11
-3.644418103e-10
-8.01947453e-11
-2.708314892e-10
-1.053726912e-09
-4.560017256e-10
9.132397667e-10
-9.647382373e-10
-3.155077905e-09
-1.014018584e-09
3.623767244e-09
-5.056677581e-10
-8.005372557e-10
-8.167670297e-10
1.338571538e-09
-1.08931152e-09
-8.445183761e-10
-2.017673561e-09
1.487678754e-09
-4.521340161e-09
-4.354063842e-09
-8.475509935e-09
8.237805425e-09
-1.337833874e-08
-2.533138772e-08
-1.385034866e-08
3.084658511e-08
-1.14941376e-08
-1.136235052e-08
-9.572906167e-09
1.103194929e-08
-9.066915474e-09
-9.823674239e-09
-1.034161105e-08
8.243659601e-09
-1.409703213e-08
-1.75695313e-08
-1.882109853e-08
1.919102001e-08
-2.280240359e-08
-2.339505124e-08
-2.598133396e-08
2.952767088e-08
-2.925938114e-08
-2.234265292e-08
-3.13260109e-08
2.854252653e-08
-2.873604847e-08
-2.099391187e-08
-2.090375963e-08
2.215598464e-08
-1.214931425e-08
-1.229648783e-08
-5.135100065e-09
4.971315121e-09
-2.522832777e-10
-2.819463173e-10
-2.422009607e-11
1.392029305e-10
-1.264835276e-11
-3.089033237e-11
3.609977894e-13
1.977663341e-11
1.549042261e-10
-1.448347063e-10
5.829201756e-10
1.742230641e-10
1.444607506e-09
-6.934043821e-10
3.018975961e-09
1.519895743e-09
1.730223973e-09
-9.837497385e-10
9.889724509e-10
9.272773876e-10
8.511094494e-11
-2.766205662e-10
-2.107862319e-08
2.023353428e-08
-1.887678473e-08
-1.708477893e-08
-1.612779219e-08
1.528487848e-08
-1.395084377e-08
-9.343248114e-09
-1.352512807e-08
9.490947873e-09
-1.323023943e-08
-9.533457957e-09
-1.245610905e-08
8.962085694e-09
-1.113206593e-08
-9.252439394e-09
-9.30076668e-09
7.520211263e-09
-7.101747299e-09
-6.968239862e-09
-4.784452833e-09
4.683619329e-09
-2.677102291e-09
-3.209382524e-09
-1.10311361e-09
1.646844989e-09
-2.413712246e-10
-3.681405588e-10
1.22744688e-10
-2.919638072e-10
5.082821983e-11
-2.852744242e-10
1.345683776e-11
-3.185032402e-10
2.811062724e-11
-4.448197885e-10
2.730993358e-11
-1.069448342e-09
-1.305765749e-09
-4.379631966e-09
6.024174878e-09
-5.581686208e-09
-4.842299816e-09
-6.218200387e-09
6.566542596e-09
-5.504743561e-09
-2.626600676e-09
-6.573247296e-09
4.559497138e-09
-8.196334583e-09
-3.354206727e-09
-1.110767654e-08
6.037858015e-09
-1.577714044e-08
-1.121633642e-08
-2.148474363e-08
1.23646205e-08
-2.511477215e-08
-2.849288732e-08
-2.311144086e-08
2.402391888e-08
-2.292230293e-08
-1.430235001e-08
-2.744394525e-08
1.941488682e-08
-3.956364779e-08
1.014129503e-08
-2.539456031e-08
-4.96883289e-09
-2.856979937e-08
-2.364101447e-08
-3.324129878e-08
3.017169976e-08
-3.231508332e-08
-3.424294462e-08
-2.705403779e-08
3.476412522e-08
-1.987201246e-08
-2.75761304e-08
-1.398955502e-08
1.978060981e-08
-1.155332751e-08
-1.664998819e-08
-9.212634381e-09
8.681086998e-09
-4.301345526e-09
9.856769158e-10
-1.246984315e-09
3.40493737e-10
-3.715188936e-10
-2.388500926e-10
-1.327561797e-10
5.788534349e-10
-3.88955531e-11
-3.735606736e-11
1.197367794e-12
1.089663795e-10
6.39551435e-11
-2.654729576e-10
2.91160957e-10
4.806433455e-10
-9.90918872e-11
-3.302207805e-09
-7.039340701e-09
7.085301518e-09
-1.3932674e-08
-5.554098671e-09
-2.424617339e-08
9.467685728e-09
-3.646534794e-08
-1.850491104e-08
-4.14095097e-08
1.34762881e-08
-3.641140475e-08
-1.060380589e-08
-2.59057021e-08
-3.159564592e-09
-1.640050657e-08
-8.090905094e-09
-1.018587074e-08
7.207007353e-09
-9.495269774e-09
-7.895185813e-09
-8.016104538e-09
6.794160447e-09
-6.240607379e-09
-5.750296686e-09
-4.411975449e-09
4.347042012e-09
-2.749446478e-09
-2.932095083e-09
-1.454198377e-09
1.802942243e-09
-6.094299688e-10
-7.724892348e-10
-1.590046183e-10
3.317494884e-10
-6.235272503e-12
-4.27955699e-11
1.946729835e-11
-6.747374844e-09
-8.092003646e-10
-7.714431186e-09
2.9943832e-09
-9.679969674e-09
-2.014790916e-09
-1.210391126e-08
4.408005554e-09
-1.401183955e-08
-7.058903843e-09
-1.427111255e-08
7.907289722e-09
-1.508338196e-08
-7.490763088e-09
-1.595229387e-08
8.353360479e-09
-1.741654936e-08
-6.556995337e-09
-1.91462947e-08
8.190524856e-09
-1.965915828e-08
-8.197006715e-09
-1.873366165e-08
9.234761853e-09
-1.771832513e-08
-1.255116239e-08
-1.83371064e-08
1.150346687e-08
-2.088371554e-08
-2.173063542e-08
-2.549348646e-08
1.737423279e-08
-3.695822664e-08
-3.841495061e-08
-5.175740663e-08
3.371019094e-08
-4.877831165e-08
-2.838711914e-08
-3.109666598e-08
7.426313555e-08
-2.840102239e-08
-4.702144261e-08
-3.475686964e-08
3.955023337e-08
-2.677694586e-08
-3.031549971e-08
-1.693277732e-08
2.212191459e-08
-1.00422497e-08
-1.28767629e-08
-8.756361197e-09
6.978413372e-09
-2.633706178e-08
-6.299258327e-09
-4.475686381e-09
-4.225709469e-07
-1.553020337e-09
-1.078125707e-09
-1.450499268e-10
1.8499361e-09
1.380453748e-10
-1.029366921e-09
1.02933291e-09
1.807118246e-09
2.533522254e-09
-2.030833519e-09
3.564075497e-09
5.609407821e-09
2.69762083e-09
-1.702573933e-09
1.251858106e-09
4.120778915e-09
-7.858757745e-09
-1.016284896e-08
-1.538064608e-08
1.229182323e-08
-2.026323503e-08
-9.760222625e-09
-2.162078919e-08
8.232927953e-09
-1.624396223e-08
-1.76480694e-09
-7.622831156e-09
-1.721436239e-09
-3.27741595e-09
3.36992281e-09
-3.586219996e-09
-2.466131922e-09
-6.228282887e-09
-5.065778253e-09
-7.186066342e-09
3.351559727e-09
-5.810164373e-09
-5.92082559e-09
-4.639084999e-09
5.318903387e-09
-3.489002381e-09
-3.557656523e-09
-2.357495044e-09
3.387315561e-09
-1.261759118e-09
-1.268871116e-09
-4.57303632e-10
1.189659543e-09
-8.716888828e-11
-1.399495162e-10
-1.044910871e-11
6.762163908e-11
6.128535179e-12
-1.055778297e-11
1.180481914e-11
-1.825427795e-08
-6.034313445e-09
-1.831768592e-08
8.439425196e-09
-1.887726498e-08
-6.801182167e-09
-2.008594858e-08
8.673767256e-09
-2.17732374e-08
-9.185754255e-09
-2.402245916e-08
1.021004706e-08
-2.702977448e-08
-1.062538759e-08
-2.972932304e-08
1.199345538e-08
-3.071772825e-08
-1.169415573e-08
-2.886493206e-08
1.233003489e-08
-2.42914074e-08
-1.117974394e-08
-1.86276918e-08
9.507563448e-09
-1.392884009e-08
-1.049825444e-08
-1.0979967e-08
8.146915865e-09
-9.900611468e-09
-1.225502571e-08
-1.104727343e-08
7.712685003e-09
-1.447350855e-08
-2.382185027e-08
-2.007034772e-08
1.47432569e-08
-2.70571773e-08
-6.550655543e-08
-2.388565263e-08
3.417391388e-08
-2.185046341e-08
-3.202278447e-08
-1.687766784e-08
2.405161171e-08
-9.695892297e-09
-1.405379213e-08
-3.66298724e-09
8.121659272e-09
-1.404261591e-09
-3.250782558e-09
-4.010932742e-09
1.025536461e-09
-3.49427698e-08
-9.181489478e-07
-5.063937711e-09
5.143708751e-08
-2.294150289e-09
-3.131424251e-09
-3.28339382e-10
4.888563398e-09
4.482315402e-10
-3.179830502e-09
2.080030732e-09
5.355519118e-09
4.866738849e-09
-9.505876416e-09
6.50458684e-09
1.194798407e-08
5.907282727e-09
-7.670836078e-09
2.385443393e-09
1.235458491e-08
-1.300061331e-08
-1.344224757e-08
-1.804409982e-08
1.373384249e-08
-1.765056424e-08
-7.948474784e-09
-1.316252891e-08
8.781413915e-09
-7.373188254e-09
8.893061524e-10
-3.779412273e-09
6.305331461e-10
-4.335951378e-09
2.036289678e-09
-9.626510292e-09
-2.379235878e-10
-1.368755666e-08
-2.229246822e-09
-1.044088594e-08
-1.511242455e-10
-2.861835165e-09
-5.068789339e-09
4.391355324e-09
6.186195701e-09
-5.060265564e-10
-3.369899071e-09
-1.838232453e-09
4.410112394e-09
-1.144638015e-09
-1.449546167e-09
-3.24454163e-10
1.677028732e-09
-3.558241329e-11
-2.758791079e-11
1.800027135e-11
5.407420722e-11
1.670767744e-11
-1.378127079e-11
1.846594564e-11
-2.316483626e-08
-9.886812791e-09
-2.394798994e-08
1.083891515e-08
-2.525406615e-08
-1.056953268e-08
-2.761538477e-08
1.200398321e-08
-3.04193757e-08
-1.237534081e-08
-3.168328742e-08
1.467498097e-08
-2.932666987e-08
-1.248594877e-08
-2.323206417e-08
1.392209054e-08
-1.584106946e-08
-8.701456739e-09
-1.012071815e-08
7.614189175e-09
-7.53690723e-09
-5.441769361e-09
-7.76421303e-09
4.48936219e-09
-9.371932234e-09
-7.134183941e-09
-9.537564222e-09
8.103055085e-09
-6.539777553e-09
-5.914694767e-09
-4.817786307e-09
6.165271415e-09
-5.348102061e-09
-8.527792776e-09
-7.026102549e-09
5.567487432e-09
-8.946585902e-09
-1.783179587e-08
-9.491195917e-09
1.052165619e-08
-8.105826546e-09
-1.633667564e-08
-5.228730618e-09
1.007245989e-08
-2.299746919e-09
-4.191555683e-09
-1.182093517e-09
1.053164722e-09
-1.634686234e-09
-1.175322153e-10
-2.248177471e-10
-7.190596023e-09
-4.914242672e-10
-6.904982318e-09
-4.786213022e-10
2.321810899e-09
-5.366781816e-10
-5.877243537e-09
-1.029861689e-10
5.362786906e-09
1.267161664e-09
-8.273293513e-09
3.049409227e-09
1.111742192e-08
4.81946455e-09
-1.227759298e-08
6.251860133e-09
1.151076124e-08
7.608477101e-09
-1.670430422e-08
-1.141835735e-09
1.901101824e-08
-1.428761948e-08
-1.380191054e-08
-1.60447659e-08
1.400949668e-08
-1.355470596e-08
-9.839956429e-09
-8.533555617e-09
1.041361752e-08
-3.461507047e-09
-1.602994071e-09
-3.721636986e-10
1.79258372e-09
-8.138182138e-12
1.038792745e-11
-1.040290621e-12
-6.088698678e-12
-2.108037824e-12
6.498270057e-12
1.234550425e-12
-9.054777744e-12
2.53782307e-12
1.905534618e-11
3.222174266e-12
-8.275918695e-12
-7.58315688e-10
-7.613996717e-09
5.677035246e-10
3.897252691e-09
-6.299836287e-10
-1.764857204e-09
-3.388859779e-10
3.380019404e-10
-1.290295567e-10
-1.026131089e-10
-1.088158954e-11
1.200096645e-10
4.757257958e-12
-1.93197879e-11
2.036474361e-11
-2.453628964e-08
-1.161439579e-08
-2.438167436e-08
1.210241628e-08
-2.453031628e-08
-1.249343433e-08
-2.572938989e-08
1.198446022e-08
-2.813779896e-08
-1.566587604e-08
-3.043954417e-08
1.453657139e-08
-3.011663696e-08
-1.606914471e-08
-2.586468563e-08
1.713510079e-08
-1.935611806e-08
-9.381224461e-09
-1.366041212e-08
1.25483753e-08
-1.065571161e-08
-5.878374967e-09
-1.035615152e-08
8.642895495e-09
-1.146639242e-08
-9.813144459e-09
-1.123355811e-08
1.102797356e-08
-7.968519504e-09
-7.078703967e-09
-5.504003108e-09
7.756929107e-09
-4.766598451e-09
-4.780128745e-09
-4.681434942e-09
4.931527716e-09
-4.708429232e-09
-6.891061609e-09
-4.246131824e-09
5.135038578e-09
-3.232019039e-09
-5.665843483e-09
-2.73944248e-09
3.295508921e-09
-5.320061085e-09
2.591261222e-09
-7.935796052e-09
-6.370665595e-09
-4.583645876e-09
9.351764645e-09
-1.242252897e-10
-5.60715855e-09
-5.186340752e-11
-8.621840116e-10
6.817198388e-11
2.920649334e-10
5.301405995e-10
-4.005621151e-09
6.593917262e-10
2.816864003e-09
2.331174731e-09
-1.237563325e-08
3.175125391e-09
1.109668155e-08
4.253421398e-09
-1.110101512e-08
7.916882593e-09
1.243875828e-08
1.131053201e-08
-1.886094214e-08
-3.35441502e-09
1.445578617e-08
-1.14366347e-08
-1.394781829e-08
-1.171419914e-08
1.327424998e-08
-8.875763784e-09
-1.011604489e-08
-3.514595192e-09
9.231108706e-09
-4.351094293e-10
-1.942284664e-09
-3.55930569e-10
1.469857035e-10
-8.249771872e-11
-1.248997913e-11
-9.162520222e-12
1.646153628e-10
6.21936847e-12
1.03396723e-11
7.34976629e-12
-1.011169276e-11
7.61945907e-12
6.706611675e-12
1.102716465e-11
-9.086401837e-12
2.221700891e-11
-2.335923183e-09
-8.361722719e-10
5.917815312e-10
-6.49967501e-10
-4.242611473e-10
-4.443030886e-10
1.666332065e-09
-2.090519199e-10
-1.615154616e-10
-7.170701628e-11
5.324038779e-10
1.110206306e-11
-2.378418687e-11
4.694191199e-11
-2.398418541e-08
-1.190470914e-08
-2.174200103e-08
-1.94771553e-08
-1.070370854e-08
-1.772563975e-08
9.058082036e-09
-1.707871667e-08
-1.160438478e-08
-1.783834257e-08
8.070320535e-09
-1.941963561e-08
-1.533104404e-08
-2.028036489e-08
1.066474642e-08
-1.921576562e-08
-1.456827913e-08
-1.657909122e-08
1.297063373e-08
-1.372028908e-08
-1.106914184e-08
-1.166095359e-08
1.096878764e-08
-1.045050428e-08
-1.082544365e-08
-9.314461464e-09
8.698215228e-09
-7.64160152e-09
-7.706316009e-09
-6.124207736e-09
6.560476761e-09
-5.195793875e-09
-5.172011535e-09
-4.52227543e-09
4.860317631e-09
-4.03337129e-09
-4.337190496e-09
-3.874844785e-09
3.606736551e-09
-4.965897528e-09
-2.515299969e-09
-8.705644379e-09
2.204807052e-09
-1.032731772e-08
5.806477236e-09
-5.295472514e-09
-1.897529204e-09
-1.913782579e-09
2.454271101e-09
-1.163748946e-09
-3.054981869e-10
-3.12841674e-10
-1.765058427e-10
1.579141303e-10
7.092755438e-10
1.427017129e-10
-1.698500049e-09
-5.647451427e-09
7.215926402e-09
-1.536356204e-08
-8.080764301e-09
-9.728098122e-09
2.634625801e-08
3.354183294e-09
-2.762072809e-08
-4.063537842e-09
2.225878812e-08
-1.855044508e-08
4.071507137e-09
-2.223405446e-08
-4.253099734e-09
-1.422804086e-08
-1.001166016e-08
-2.472987414e-08
1.13143609e-08
-5.1954586e-08
-8.159391022e-09
6.678056584e-09
1.73836586e-08
5.669173331e-08
1.00899164e-09
1.451324137e-07
2.285769856e-08
9.822649794e-08
-4.669873604e-10
1.966160091e-08
6.455800454e-09
1.036251094e-09
3.910855621e-11
9.672871675e-11
1.34416788e-10
4.037750474e-11
2.970437722e-11
3.860327314e-11
8.470982199e-11
1.149790328e-10
1.358729457e-11
1.415457418e-10
3.09702813e-11
3.491807061e-10
-1.194070108e-09
5.778775806e-10
2.824145506e-10
8.146587826e-10
-8.495262054e-10
8.205601101e-10
6.191562556e-10
8.306143948e-10
-2.788660398e-10
-1.424673421e-08
-7.434203575e-09
-1.080277628e-08
6.18292153e-09
-8.033496996e-09
-5.14524039e-09
-6.23856132e-09
3.435897626e-09
-5.496238491e-09
-5.540897634e-09
-5.621510832e-09
2.443197545e-09
-6.093355313e-09
-8.031106645e-09
-6.200681656e-09
3.283813493e-09
-5.574144368e-09
-7.6985151e-09
-4.478586654e-09
3.557456661e-09
-3.523938243e-09
-5.215207521e-09
-3.171347054e-09
2.283691873e-09
-3.286524846e-09
-4.390875517e-09
-3.499038923e-09
2.338435681e-09
-4.218348973e-09
-3.985655929e-09
-6.308648167e-09
3.090201005e-09
-1.167112888e-08
-6.059043505e-09
-2.137585116e-08
6.784646334e-09
-3.015278873e-08
-7.002377373e-09
-2.985018601e-08
1.385133621e-08
-2.143164462e-08
-1.191141477e-09
-1.311406924e-08
1.268303218e-08
-1.037597905e-08
2.931646976e-10
-1.10345823e-08
1.137933539e-08
-1.574344661e-09
-1.022878864e-08
-7.648157746e-09
3.280366139e-08
-5.6316879e-08
-5.264036362e-08
-5.433277967e-08
7.632083857e-08
-4.163446843e-08
-3.867000443e-08
-4.934432946e-08
5.357398111e-09
-5.302151169e-08
2.951689248e-09
-5.1065574e-08
-9.005254032e-09
-4.949256227e-08
2.791655158e-09
-4.66423983e-08
-6.247513359e-09
-4.084747375e-08
-6.750336655e-09
-3.470019654e-08
-1.932256683e-09
-2.565818949e-08
-1.800572965e-08
-1.109381898e-08
9.981643963e-09
-2.304127098e-09
-1.741228775e-08
-5.286876776e-09
5.612030661e-09
-2.663462513e-09
-2.373375433e-09
-1.338596141e-09
3.344706192e-10
-2.151389921e-09
-4.522275399e-10
-1.155703544e-09
2.881676172e-09
-4.522347077e-10
-3.114942106e-10
-7.816345448e-10
-4.827551639e-10
-5.278496478e-10
-3.904615862e-10
-1.755745997e-10
4.450323899e-10
-1.745035494e-11
-2.293349233e-10
2.76826901e-10
4.292223557e-10
6.258148733e-10
-5.013327592e-10
8.12123541e-10
-9.662350021e-09
-5.282775055e-09
-7.119691231e-09
4.451278841e-09
-4.970099772e-09
-2.667636596e-09
-3.301938543e-09
2.413766265e-09
-2.149824644e-09
-1.323884025e-09
-1.461488143e-09
1.127727019e-09
-1.11264259e-09
-1.157207899e-09
-9.587546685e-10
6.476854807e-10
-8.773785408e-10
-1.257177598e-09
-8.147804611e-10
5.826041421e-10
-8.170589482e-10
-9.72379013e-10
-1.002175884e-09
6.096065663e-10
-1.574233343e-09
-1.357551395e-09
-3.038576314e-09
1.168377325e-09
-6.346897197e-09
-3.250452133e-09
-1.224205148e-08
3.790946396e-09
-2.056556921e-08
-8.991678375e-09
-3.05131636e-08
1.008591455e-08
-4.112736948e-08
-1.971129384e-08
-5.086767478e-08
1.956924975e-08
-5.718257306e-08
-2.90125771e-08
-5.809922199e-08
3.155679985e-08
-5.546697483e-08
-3.278973227e-08
-5.405096449e-08
3.776732192e-08
-5.407596998e-08
-5.802773509e-08
-4.970202979e-08
6.118342752e-08
-4.336325221e-08
-7.644717975e-08
-3.208438661e-08
3.24391905e-08
-4.238563876e-08
4.693466263e-10
-4.704579092e-08
-8.312054914e-10
-4.760024283e-08
-3.873677083e-09
-4.906874653e-08
5.985784314e-09
-4.913055269e-08
-7.160843559e-09
-4.852386956e-08
-8.221210074e-10
-4.931504014e-08
-7.748149909e-09
-5.025183257e-08
-4.232598335e-09
-4.778376319e-08
-1.06964701e-08
-4.079853736e-08
-8.101468778e-09
-3.16481516e-08
-5.490890636e-09
-2.292960582e-08
-1.026468575e-08
-1.612922178e-08
1.999189684e-09
-1.000483281e-08
-7.897139357e-09
-5.312018183e-09
1.521400304e-09
-2.571553309e-09
-4.251353343e-09
-1.365979657e-09
9.170936585e-10
-7.288514908e-10
-1.629844316e-09
-5.172113926e-10
7.62480593e-11
-8.714644071e-10
-2.493342302e-10
-1.101570981e-09
-8.140479302e-10
-3.260814342e-10
1.238698185e-09
-4.408173592e-11
-1.698490978e-09
3.111098486e-09
-5.684514812e-09
-3.681806552e-09
-5.497745329e-09
-5.050234502e-09
-2.587954258e-09
-4.146330545e-09
3.258805153e-09
-2.981209343e-09
-1.385921631e-09
-1.93862172e-09
2.075533168e-09
-1.251867531e-09
-6.615042497e-10
-8.915503606e-10
9.40607828e-10
-7.272787883e-10
-4.855364256e-10
-6.802518355e-10
5.987659715e-10
-7.425256289e-10
-5.701341367e-10
-9.869930291e-10
6.577534472e-10
-1.650695752e-09
-1.247530481e-09
-3.254278571e-09
1.368048699e-09
-6.434079495e-09
-4.080662702e-09
-1.12792568e-08
4.09338027e-09
-1.698432866e-08
-9.704343339e-09
-2.229468083e-08
8.866882196e-09
-2.619331325e-08
-1.53866711e-08
-2.820892576e-08
1.198128287e-08
-2.824081028e-08
-1.979766438e-08
-2.610051468e-08
1.098650555e-08
-2.157674846e-08
-1.778137876e-08
-1.679919414e-08
5.697843686e-09
-1.838635838e-08
-2.656089958e-08
-1.864343549e-08
3.283289536e-09
-7.480444306e-09
1.834854092e-09
-6.212548687e-09
-1.902727721e-09
-4.161937752e-09
2.543379518e-09
-2.571251054e-09
-1.932132531e-09
-1.699400722e-09
1.83154534e-09
-1.202779974e-09
-1.767406317e-09
-1.284151643e-09
1.90315259e-09
-2.020525958e-09
-1.327998324e-09
-3.274980261e-09
4.940114191e-09
-4.965578725e-09
-3.521263508e-09
-6.858384285e-09
9.588187571e-09
-8.555232351e-09
-7.74929818e-09
-9.597381372e-09
1.228368944e-08
-9.733618637e-09
-1.146604803e-08
-8.997288487e-09
9.845759448e-09
-7.740415645e-09
-1.062363376e-08
-6.307360182e-09
5.79350422e-09
-4.792983702e-09
-7.204632856e-09
-3.276939529e-09
2.632384443e-09
-1.917960581e-09
-3.977010036e-09
-8.881230682e-10
6.119380577e-10
-2.913233371e-10
-1.250616371e-09
-1.41468978e-10
5.174091124e-11
-8.583634845e-10
-3.121271179e-11
-1.8431821e-09
-3.97858656e-09
-7.804800695e-09
-4.463134264e-09
-7.805842526e-09
-6.561005546e-09
-3.321176173e-09
-4.812591122e-09
5.251101239e-09
-3.312628539e-09
-1.571793462e-09
-2.325594869e-09
2.783820521e-09
-1.745077702e-09
-9.146541742e-10
-1.426941225e-09
1.568750327e-09
-1.302253613e-09
-8.585956808e-10
-1.37892024e-09
1.232299398e-09
-1.767811088e-09
-1.484930329e-09
-2.731126159e-09
1.629307334e-09
-4.626233362e-09
-3.913132599e-09
-7.562309448e-09
3.583232404e-09
-1.103587752e-08
-8.113240409e-09
-1.410440069e-08
7.261400356e-09
-1.596901603e-08
-1.049901392e-08
-1.634788072e-08
9.569101671e-09
-1.541581008e-08
-8.937840931e-09
-1.357803654e-08
8.436715647e-09
-1.126926885e-08
-4.984282764e-09
-8.823252407e-09
5.181741037e-09
-6.482043386e-09
-1.620967002e-09
-4.373232819e-09
1.573581361e-09
-2.823952736e-09
6.133442807e-10
-2.128090125e-09
-3.382425822e-10
-1.643129777e-09
1.143596219e-09
-1.270753796e-09
-5.898460231e-10
-9.718595232e-10
1.260962529e-09
-5.89814824e-10
-8.710953002e-10
-4.205586371e-10
6.300997612e-10
-7.001502857e-10
-2.78477934e-10
-1.33751736e-09
1.905917277e-09
-2.426624231e-09
-8.525032389e-10
-3.973700133e-09
5.389509002e-09
-5.867359198e-09
-3.320756114e-09
-7.767057197e-09
9.979454464e-09
-9.105904006e-09
-8.081748732e-09
-9.679023235e-09
1.097996109e-08
-9.507530351e-09
-1.061320675e-08
-8.83281773e-09
8.528944368e-09
-7.817023822e-09
-9.435061308e-09
-6.462825215e-09
5.5598945e-09
-4.830154471e-09
-7.164011472e-09
-3.168314368e-09
2.288918051e-09
-1.845548738e-09
-3.716667691e-09
-1.289430481e-09
-1.492051744e-10
-1.334991214e-08
-7.878661376e-09
-1.170745111e-08
1.088870137e-08
-9.546571943e-09
-4.877553732e-09
-7.442461601e-09
7.971441042e-09
-5.619649335e-09
-2.814425133e-09
-4.169541732e-09
4.91657572e-09
-3.150066682e-09
-1.892360135e-09
-2.553331302e-09
2.973937287e-09
-2.321247815e-09
-1.86651597e-09
-2.444657484e-09
2.271525782e-09
-3.021062542e-09
-3.181244844e-09
-4.142242349e-09
2.838168694e-09
-5.702843395e-09
-6.113865931e-09
-7.262360186e-09
4.819703236e-09
-8.242675139e-09
-8.217850983e-09
-8.288093764e-09
6.440092455e-09
-7.411191393e-09
-7.225304964e-09
-5.887899343e-09
5.465617672e-09
-4.118488872e-09
-3.984099586e-09
-2.541264181e-09
2.586647051e-09
-1.558913436e-09
-7.11803185e-10
-1.306797856e-09
5.166342377e-10
-1.346345021e-09
2.839064463e-12
-1.276046368e-09
4.197484848e-10
-1.085831049e-09
3.663300663e-11
-9.129177132e-10
4.585472687e-10
-8.509125287e-10
5.307568464e-10
-4.668906657e-10
-6.072833116e-11
-1.119962839e-10
1.211945178e-10
-1.351681173e-10
-5.008964224e-11
-2.247278801e-10
2.769718532e-10
-4.628930167e-10
-6.386899353e-11
-1.056365303e-09
1.648549527e-09
-2.186825786e-09
-5.125967115e-10
-3.940580941e-09
5.986662059e-09
-5.500553072e-09
-4.073604396e-09
-7.125862782e-09
9.472167409e-09
-8.295603701e-09
-7.671897952e-09
-8.961562773e-09
9.713330685e-09
-9.252002374e-09
-9.256455675e-09
-9.087870104e-09
8.518206754e-09
-8.254302071e-09
-9.301063687e-09
-6.698739029e-09
5.582147583e-09
-8.017467828e-09
-1.900235735e-08
-1.392570139e-08
-1.945525858e-08
-1.830645009e-08
-1.195479442e-08
-1.598467899e-08
1.537997174e-08
-1.297819076e-08
-8.133829677e-09
-9.877127485e-09
1.147540195e-08
-7.224444112e-09
-4.73134166e-09
-5.23355747e-09
6.989628081e-09
-3.824843989e-09
-2.923605844e-09
-2.938645688e-09
3.850300022e-09
-2.539295319e-09
-2.659705758e-09
-2.481513472e-09
2.679042605e-09
-2.698867823e-09
-3.68408133e-09
-3.04711952e-09
2.885232745e-09
-3.294592216e-09
-4.708909022e-09
-3.227238529e-09
3.387825933e-09
-2.784489016e-09
-3.863033929e-09
-2.092688174e-09
2.759340343e-09
-1.401923547e-09
-1.733488778e-09
-9.823562849e-10
1.352147053e-09
-9.833398922e-10
-6.37609359e-10
-1.270150341e-09
8.270675801e-10
-1.466929647e-09
-7.771988466e-10
-1.362250789e-09
1.132116673e-09
-1.018268488e-09
-7.418697977e-10
-6.040830831e-10
1.010016188e-09
-2.209488003e-10
-5.103039144e-10
4.280197665e-11
1.036279962e-09
-3.477779629e-11
2.070237852e-11
-1.547434509e-11
-7.727770957e-12
-6.349956314e-12
3.944752235e-12
-4.851614686e-12
-1.401714403e-12
-7.268683356e-12
6.165547928e-12
-7.102368492e-12
-8.772581527e-12
4.372909019e-12
2.720557638e-09
-1.476441759e-09
-9.041877728e-10
-2.955688217e-09
5.471286748e-09
-4.597334061e-09
-3.215442554e-09
-6.040351515e-09
8.112622616e-09
-7.418281414e-09
-6.504365699e-09
-8.700131117e-09
9.191215558e-09
-9.304290342e-09
-8.566980774e-09
-9.721799944e-09
8.731142631e-09
-1.472936466e-08
-1.56162756e-08
-1.350851319e-08
-1.226654504e-08
-1.270302939e-08
-1.123890294e-08
-1.027469556e-08
-9.091842557e-09
-8.651690363e-09
1.080185841e-08
-6.180038179e-09
-5.159866382e-09
-4.076370484e-09
6.874731193e-09
-2.876413288e-09
-2.891910455e-09
-2.163045426e-09
3.2679542e-09
-1.789589913e-09
-2.424923545e-09
-1.613349681e-09
2.226704786e-09
-1.518879162e-09
-2.5334096e-09
-1.408814771e-09
2.033575837e-09
-1.226564325e-09
-2.095541259e-09
-9.815675442e-10
1.695343815e-09
-7.554681761e-10
-1.189847312e-09
-6.864331003e-10
1.091498355e-09
-8.931639439e-10
-1.010153151e-09
-1.297283761e-09
1.159129848e-09
-1.564880923e-09
-1.501186425e-09
-1.470821288e-09
1.854485949e-09
-1.10845782e-09
-1.344207598e-09
-6.754280601e-10
1.728308672e-09
-3.161010173e-10
-1.572115096e-09
-6.671496778e-12
2.141947947e-09
-2.045515356e-12
-2.287196195e-12
-5.956301403e-13
2.192264768e-12
-4.547184187e-13
-4.12976525e-14
-8.876494469e-13
2.398564406e-13
-1.73913988e-12
-1.984552613e-12
-5.14114551e-12
3.584610007e-12
-9.063254977e-11
1.954609334e-10
1.034303549e-12
3.263209239e-10
-1.128375607e-10
1.437811552e-09
-7.340405753e-10
-3.921481884e-10
-1.83550062e-09
4.650626534e-09
-3.278649886e-09
-6.545341242e-09
8.098959782e-09
-1.122707658e-08
-1.229585442e-08
-1.086192852e-08
-8.048309725e-09
-8.674430095e-09
-5.270449478e-09
1.009433972e-08
-3.543410152e-09
-3.753585673e-09
-2.422434856e-09
4.301763987e-09
-1.740939188e-09
-2.210653658e-09
-1.33118801e-09
2.312846554e-09
-1.08036206e-09
-1.756136783e-09
-9.045146183e-10
1.600989393e-09
-7.529142096e-10
-1.42210728e-09
-6.141345293e-10
1.204656877e-09
-5.238911443e-10
-9.957595448e-10
-5.607776815e-10
8.984459779e-10
-7.956487317e-10
-1.260027307e-09
-1.16881467e-09
1.310728539e-09
-1.410050985e-09
-2.121109121e-09
-1.317573262e-09
2.237100354e-09
-9.84609507e-10
-2.039795585e-09
-6.203789396e-10
2.144034581e-09
-3.248803611e-10
-2.617333128e-09
-3.740103502e-12
2.810956893e-09
-2.029557765e-12
-3.047467813e-12
-3.240281282e-12
4.281471173e-12
-8.755116621e-12
-3.445419471e-12
-2.222234626e-11
1.507376064e-11
-5.155132872e-11
-5.127960881e-11
-1.592713101e-10
1.541173935e-10
-2.927004712e-10
-6.63468738e-10
-2.478631102e-12
9.126659085e-10
1.792358065e-10
-1.241996407e-10
-9.00447285e-09
-1.09218049e-08
-6.244388994e-09
-4.299814623e-09
-4.895252713e-09
-2.932193798e-09
-1.980688636e-09
-2.484305238e-09
-1.361451133e-09
-9.75398042e-10
-1.505043048e-09
-7.229325826e-10
1.444951215e-09
-5.53877266e-10
-1.023336489e-09
-4.576869118e-10
8.936571063e-10
-4.443849871e-10
-8.239133635e-10
-5.330880291e-10
8.062176632e-10
-7.25749701e-10
-1.320445913e-09
-9.541291806e-10
1.309337727e-09
-1.065043905e-09
-2.174138496e-09
-9.586673769e-10
1.950837552e-09
-6.932232766e-10
-2.02206883e-09
-4.012940021e-10
1.7650448e-09
-2.19634769e-10
-2.468602986e-09
-4.989111091e-12
1.72692115e-09
-1.016761082e-11
-8.225718618e-12
-2.227585587e-11
2.044698541e-11
-3.628514712e-11
-3.33225431e-11
-7.248092785e-11
-1.675909495e-10
-3.31056258e-10
-3.452277651e-10
-3.113400929e-10
-1.04439696e-09
-1.039131522e-09
-1.445402462e-09
-7.683164071e-10
-6.05089795e-10
-8.536048295e-10
-5.481218112e-10
-5.935520896e-10
-8.80585151e-10
-6.936764817e-10
-7.823646735e-10
-1.307190711e-09
-8.091624903e-10
-7.548209794e-10
-1.638960732e-09
-6.315876084e-10
-4.726462532e-10
-1.466403386e-09
-3.256509578e-10
-2.420352136e-10
-1.083744148e-09
-4.072852209e-11
-9.390591454e-11
-5.970581165e-11
)
;

boundaryField
{
    dominio_ascii
    {
        type            calculated;
        value           nonuniform List<scalar> 
168
(
1.452165771e-10
8.744969242e-10
-5.835181111e-11
-2.995001698e-10
-1.721136944e-10
5.55069789e-09
3.555257808e-10
-5.551925375e-08
-8.517615833e-09
3.427091011e-11
-1.860936046e-08
1.088029346e-11
1.892521989e-10
1.202328561e-10
-1.450731517e-12
2.465450881e-12
1.514361224e-10
5.278268043e-10
5.198859166e-10
4.793772757e-12
1.748662497e-12
3.723560578e-09
2.522840888e-09
1.098887004e-08
1.595484865e-08
3.247185876e-08
4.341260897e-10
1.986016101e-09
2.016673364e-08
2.477375399e-10
3.864159389e-09
-4.016090692e-09
2.025925544e-08
2.932127185e-08
2.188935372e-08
1.351847006e-09
2.610412038e-08
6.627130538e-10
2.52927615e-09
1.519450889e-09
1.366821311e-10
3.518909075e-10
1.152890489e-10
2.598528021e-11
2.045977264e-11
2.005790356e-11
3.920739161e-11
5.613508616e-10
4.43252276e-10
-2.535517748e-10
-2.001213755e-10
-1.108485702e-11
2.423717208e-13
1.495030693e-11
1.58900337e-11
4.783768927e-09
2.990212508e-09
2.533687947e-09
-5.172345154e-08
-9.394420752e-08
-2.228119276e-11
7.788913021e-11
-6.014459722e-09
-4.109274129e-09
6.412709697e-11
7.248687038e-12
3.44271087e-12
-3.37442928e-08
7.855369309e-13
2.566341186e-10
5.566321141e-13
-1.176161878e-07
1.534636049e-10
-2.776255825e-12
-3.189878407e-07
5.851286329e-11
-1.584064229e-07
9.959767265e-12
4.87197837e-12
-1.511085169e-12
1.076742915e-11
5.486838148e-12
1.262336499e-10
1.080395942e-10
2.049405312e-11
4.418301772e-10
-2.965541725e-08
-5.037536964e-08
1.345615999e-09
-2.744873185e-08
2.9646902e-11
1.283842927e-09
1.025938395e-09
5.622768785e-13
1.6848672e-08
4.712804774e-09
9.616479597e-12
7.693680909e-10
8.38313822e-12
6.898190333e-12
6.908344107e-09
8.531330641e-12
8.202982793e-12
1.359413408e-08
6.950375273e-12
4.919155603e-12
1.747103354e-08
7.00373306e-12
7.169817943e-12
2.164781611e-08
3.025708365e-11
1.031670799e-11
2.569238021e-08
2.550776056e-08
9.64460118e-10
4.18431786e-08
2.162033934e-08
1.230469322e-09
2.836700159e-08
2.985867633e-09
1.462363809e-09
1.123881209e-08
9.280289557e-09
9.508363189e-11
6.789587814e-09
4.023841941e-11
1.438275277e-10
1.012752169e-08
9.358047772e-09
-2.825930538e-11
2.622618898e-08
-3.40973346e-08
4.924932909e-12
2.77230542e-08
-3.121098732e-08
9.164143772e-11
1.706091474e-08
8.790941098e-09
-1.316965966e-09
-2.639428731e-09
2.093815411e-10
1.872355097e-08
2.477354654e-08
1.529693007e-08
3.25250157e-10
8.159245693e-10
1.150166591e-08
1.53326767e-08
6.873674508e-09
4.846441072e-09
2.609393443e-10
3.86070464e-10
9.758544631e-10
1.328394879e-09
5.838183357e-09
1.995404144e-09
2.9316341e-09
1.835409472e-09
2.033339299e-09
1.949947489e-09
1.665468313e-09
1.276309752e-09
9.51681729e-10
7.530809972e-10
6.091282437e-10
8.210991367e-10
3.488630984e-10
1.782313776e-10
)
;
    }
    wallFilmFaces_top
    {
        type            calculated;
        value           uniform 0;
    }
    region0_to_wallFilmRegion_wallFilmFaces
    {
        type            calculated;
        value           uniform 0;
    }
}


// ************************************************************************* //
