/*--------------------------------*- C++ -*----------------------------------*\
| =========                 |                                                 |
| \\      /  F ield         | OpenFOAM: The Open Source CFD Toolbox           |
|  \\    /   O peration     | Version:  2.1.x                                 |
|   \\  /    A nd           | Web:      www.OpenFOAM.org                      |
|    \\/     M anipulation  |                                                 |
\*---------------------------------------------------------------------------*/
FoamFile
{
    version     2.0;
    format      ascii;
    class       volVectorField;
    location    "1.4";
    object      Uf;
}
// * * * * * * * * * * * * * * * * * * * * * * * * * * * * * * * * * * * * * //

dimensions      [0 1 -1 0 0 0 0];

internalField   nonuniform List<vector> 
2828
(
(-2.057728988 0 0.06414515077)
(-0.3859717518 0 -0.03586438317)
(0.01727825408 0 -0.03063100087)
(0.09367921756 0 0.001873949468)
(0.1256450996 0 0.05475151787)
(-0.2463456121 0 0.3564765706)
(-0.6556865035 0 -0.5717613404)
(-0.9617556334 0 -0.7175514122)
(-1.243977468 0 -0.84358292)
(0.2822256679 0 -0.1999814113)
(-0.6676848504 0 -0.5235499293)
(-0.2532290225 0 -0.225793546)
(0.1327667057 0 -0.00810165244)
(0.5756777008 0 -0.3695793129)
(1.231539582 0 -0.8646001753)
(1.473422219 0 -1.033839324)
(1.554478166 0 -1.044140433)
(-0.05048691933 0 0.3609533127)
(-0.1779335377 0 0.3653997386)
(-0.1559908943 0 0.3318840761)
(-0.4457433151 0 -0.01713395098)
(-1.172120199 0 -0.9471391542)
(-1.377991561 0 -1.022569049)
(-0.5256179292 0 -0.4623604103)
(-0.7557278198 0 -0.6523467861)
(-0.2930224733 0 -0.4203252404)
(0.6168492253 0 -0.4122156616)
(1.085174767 0 -0.753355022)
(1.360530351 0 -0.9454788094)
(1.484932529 0 -1.013681222)
(1.532161704 0 -1.01036424)
(0.1492296684 0 1.02120616)
(-0.0222678129 0 2.590366535)
(0.5920429419 0 0.4147602499)
(0.2178340657 0 0.43983679)
(0.04435661913 0 0.4465593044)
(-0.0313027559 0 0.3773216387)
(-0.6475006184 0 0.4046043663)
(-0.1085700543 0 0.06563344169)
(0.1176059633 0 -0.5748204715)
(0.8933803994 0 0.4662997642)
(-0.5345710608 0 -0.6970104272)
(0.3952103073 0 -0.5180026101)
(0.9475524389 0 -0.6548301052)
(1.222930148 0 -0.8472865717)
(1.381849605 0 -0.9477836011)
(1.461082067 0 -0.9748315765)
(1.461699211 0 -0.9506358972)
(0.1731762559 0 -0.1588380156)
(0.2208254981 0 -0.09475926596)
(0.1888705044 0 0.3204085995)
(0.08829271778 0 0.1591417958)
(1.504897171 0 1.285530022)
(0.7811462982 0 0.565006286)
(0.384054715 0 0.4989042034)
(0.1479901561 0 0.496201745)
(0.05136894183 0 0.4331369921)
(-0.9527360506 0 0.6705609401)
(-0.9935991791 0 1.073801108)
(-0.4689843053 0 -0.3793807722)
(-0.5313483572 0 -0.8835503522)
(-0.421577935 0 -0.7081627278)
(0.6894564324 0 -0.5299958547)
(1.088592452 0 -0.7502386948)
(1.266270564 0 -0.8697777717)
(1.367057983 0 -0.9217041452)
(1.401734195 0 -0.9187149312)
(1.316813321 0 -0.8510545884)
(0.1586562024 0 -0.1585403876)
(0.1800954859 0 -0.105017697)
(0.2070566264 0 0.03567225549)
(-0.09138398868 0 0.1263133568)
(-0.1215852295 0 0.1439205829)
(2.3504833 0 2.635926084)
(1.824331797 0 1.789528386)
(1.291823058 0 1.142586497)
(0.8574425108 0 0.8319447305)
(0.5212638557 0 0.7106953245)
(0.06862563512 0 -0.2918957826)
(-0.6997550626 0 1.16697365)
(-0.6970194803 0 2.323633714)
(-0.5773533169 0 2.38583214)
(-0.1271011776 0 1.205367128)
(0.6988072824 0 -0.4203677905)
(0.8832134755 0 -0.546759854)
(1.144602308 0 -0.7733975265)
(1.267369833 0 -0.8606513134)
(1.322028952 0 -0.8765680243)
(1.29726445 0 -0.8401919159)
(1.063996337 0 -0.6876690304)
(0.04481902794 0 -0.1241247672)
(0.05064728747 0 -0.06284703103)
(0.01059354906 0 0.00456777234)
(-0.080962057 0 0.1240167231)
(-0.150807739 0 0.1916025223)
(-0.2096860529 0 0.2749599261)
(-0.4139959985 0 0.9255659022)
(2.318194562 0 2.515915068)
(2.095153022 0 2.229116076)
(1.76423841 0 1.80285705)
(1.416265015 0 1.43160025)
(1.031006408 0 1.146139421)
(0.522715982 0 0.9407920888)
(0.5972043886 0 0.8196945811)
(0.4111495649 0 0.8447593842)
(0.4061238322 0 -0.2817489562)
(0.6980924622 0 -0.446444426)
(0.8635839552 0 -0.522177009)
(1.002971398 0 -0.6344755003)
(1.164391078 0 -0.7789409776)
(1.238291696 0 -0.8296720181)
(1.24423324 0 -0.8137178719)
(1.137996245 0 -0.7326039986)
(0.7233922495 0 -0.4753047388)
(-0.1431242469 0 0.2200995495)
(-0.133992625 0 0.2599033335)
(-0.3095902048 0 0.3764058177)
(-0.3992666086 0 0.4918440334)
(-0.400299145 0 0.5686775193)
(-0.3503063276 0 0.5778677843)
(-0.1647014671 0 -0.138478754)
(1.387355867 0 1.771304679)
(1.715482508 0 2.033057988)
(1.944146845 0 2.158914308)
(1.889738512 0 2.017603035)
(1.669430817 0 1.776339516)
(1.09062024 0 1.400012392)
(0.5490693074 0 1.127724021)
(0.3683233439 0 1.009725893)
(0.3326708458 0 0.8951336929)
(0.5202937036 0 -0.09811673448)
(0.811434359 0 -0.5396323536)
(0.955434323 0 -0.6069711382)
(1.063700051 0 -0.6916616088)
(1.157231905 0 -0.7702656789)
(1.183491599 0 -0.7820052981)
(1.133922357 0 -0.7339097057)
(0.9445272602 0 -0.6058886484)
(0.4922615691 0 -0.3161675962)
(-0.2211000725 0 0.3629840458)
(-0.2143506214 0 0.5770669607)
(-0.3455469378 0 1.072700022)
(-0.2962338923 0 1.135544577)
(-0.2487643161 0 1.062808158)
(-0.1944645695 0 0.9481221467)
(-0.1302236963 0 0.8147886153)
(-0.003831861619 0 0.1554471669)
(1.279621196 0 1.607519999)
(1.417233414 0 1.74542264)
(1.629646435 0 1.911790778)
(1.391481215 0 1.734439975)
(0.988112072 0 1.375303435)
(0.7074544225 0 1.188201769)
(0.5953903106 0 1.078313654)
(0.5213636067 0 0.9676210647)
(0.4810689087 0 0.8308960998)
(0.6993459496 0 -0.5728253716)
(0.8623851742 0 -0.6062850796)
(0.9715145758 0 -0.6652742874)
(1.018310812 0 -0.7221703108)
(1.059453511 0 -0.731500094)
(1.105805604 0 -0.7188636385)
(0.99865335 0 -0.6416909765)
(0.7455890023 0 -0.47456621)
(0.4795533763 0 0.2073162603)
(0.4380728405 0 0.7775428852)
(0.3000065113 0 0.8356065086)
(0.2100845155 0 0.8173644301)
(0.1372770323 0 0.7495263609)
(0.1068159067 0 0.6450952747)
(0.07576936828 0 0.5228190139)
(0.05838594462 0 0.4392923476)
(0.01647440819 0 0.340137266)
(0.07872509324 0 -0.1768946301)
(0.08758216855 0 -0.1026102343)
(0.9842489811 0 1.267727095)
(0.6221060557 0 0.9165873675)
(0.5898495225 0 -0.7979276295)
(0.6129872183 0 1.852330309)
(0.7860806353 0 0.95798044)
(0.7410255672 0 0.9051037425)
(0.6860520613 0 0.9321419066)
(0.5682311164 0 0.8988242913)
(0.5312774903 0 0.4793460053)
(0.7673534655 0 -0.6380634857)
(0.8621630357 0 -0.6678257532)
(0.907104311 0 -0.7182712871)
(0.8828533527 0 -0.7221103516)
(0.8905336562 0 -0.624883626)
(0.9855262394 0 -0.5294348027)
(0.8509738078 0 -0.5410031925)
(0.5520452049 0 -0.3375659497)
(0.2890581598 0 0.3092276731)
(-0.3041656912 0 0.4907772066)
(-0.2697774852 0 0.4605499315)
(-0.1642582134 0 0.3964565471)
(-0.09723976894 0 0.2783952275)
(0.3468475184 0 -0.4576530369)
(0.5727017512 0 -0.8710608406)
(0.7120535114 0 -1.093129747)
(0.7787733482 0 -1.180196868)
(0.1651962751 0 -0.2081115209)
(0.1653017478 0 -0.1238056806)
(0.4183342104 0 0.4992105476)
(0.3501033463 0 -0.000766791164)
(0.6431001123 0 0.2505719991)
(0.8581954167 0 0.5804187516)
(0.8182938904 0 0.6088461586)
(0.7231309651 0 0.6324175215)
(0.676347342 0 0.7077659238)
(0.6036282169 0 0.249338273)
(0.6397116127 0 -0.3994288001)
(0.77939268 0 -0.6571165256)
(0.8604597894 0 -0.6935263643)
(0.893641056 0 -0.7319922685)
(0.8742249469 0 -0.694799272)
(0.8592967003 0 -0.4680612647)
(0.7616011625 0 -0.3805918031)
(0.6975576217 0 -0.3985474271)
(0.3732068428 0 -0.1772787295)
(0.3092316628 0 0.2769693167)
(-0.8104530688 0 1.225740505)
(-0.5314262635 0 1.056874084)
(0.2548469109 0 -0.5166520603)
(0.477572909 0 -0.7258499996)
(0.5927557809 0 -0.9128450868)
(0.6803566784 0 -1.044054507)
(0.7378930508 0 -1.113845434)
(0.7746546785 0 -1.142247133)
(0.2419998909 0 -0.2109352378)
(0.2313774107 0 -0.1540968384)
(0.2192403725 0 0.1000343307)
(0.3104690452 0 -0.07803648629)
(0.4121132809 0 0.05844236015)
(0.467180595 0 0.1343882934)
(0.5866811771 0 0.24066525)
(0.6477207505 0 0.2276467577)
(0.8964155791 0 -0.009936832632)
(0.5908968929 0 -0.4051084293)
(0.6329837451 0 -0.6004440762)
(0.7816981159 0 -0.6285618241)
(0.8651668034 0 -0.6589112712)
(0.9163654924 0 -0.6716512877)
(0.8815108278 0 -0.6307856821)
(0.5565703693 0 -0.5510502725)
(-0.658008082 0 -0.5966293474)
(0.5170310707 0 -0.3261560296)
(0.2480814918 0 0.1243986397)
(0.529766119 0 -0.0863509375)
(1.089970881 0 1.735289624)
(0.8308126701 0 1.950243813)
(0.471879483 0 -0.6190953222)
(0.5843333908 0 -0.9037214294)
(0.6496668864 0 -0.9778786827)
(0.6982745171 0 -1.031007937)
(0.729075092 0 -1.05187334)
(0.7358928627 0 -1.041078681)
(-0.4544579285 0 0.6734266828)
(-0.0008120790341 0 -0.5294184909)
(-0.1358515573 0 -0.5587805751)
(0.2839123679 0 -0.06957539622)
(0.3249180688 0 -0.07670766135)
(0.3720245222 0 -0.02459822256)
(0.2531789205 0 -0.2260938843)
(0.4902548282 0 -0.2437273432)
(1.112925248 0 -0.2496333305)
(0.7232149049 0 -0.4429046363)
(0.56355707 0 -0.6193424635)
(0.6877311147 0 -0.5815402382)
(0.8084201406 0 -0.5806286946)
(0.8210851662 0 -0.6046167316)
(0.7512949212 0 -0.6800850506)
(0.7425614323 0 -0.701968668)
(0.4985617541 0 -0.6787398914)
(-0.1098241074 0 -2.316465098)
(0.2000851909 0 0.801267931)
(0.1389152725 0 0.9209591911)
(0.1791489662 0 0.7736741352)
(1.055437474 0 1.060976516)
(0.5361788967 0 -0.6017918325)
(0.5722603432 0 -0.7435673096)
(0.6111093556 0 -0.9153511353)
(0.6464750279 0 -0.9433237081)
(0.6625724202 0 -0.9510039156)
(0.6506657146 0 -0.9224288489)
(0.576074186 0 -0.8123854937)
(-0.4047648851 0 0.5338918859)
(-0.2208213893 0 -1.120688073)
(-0.2640358433 0 -1.011816196)
(-0.2579449609 0 -0.8040013632)
(0.3103874864 0 -0.08931997163)
(0.3190216196 0 -0.1544591284)
(0.3751994199 0 -0.1194405471)
(0.3039108758 0 -0.3457711286)
(0.4093944706 0 -0.4352216922)
(0.6795495997 0 -0.4999469338)
(0.5445611712 0 -0.584163432)
(0.5944415304 0 -0.5756549671)
(0.7314603073 0 -0.5444515419)
(0.7406247296 0 -0.5722116187)
(0.6693427027 0 -0.5759214241)
(0.531484845 0 -0.6388840033)
(0.4293352427 0 -0.8846838947)
(-0.6576142634 0 -0.7757047528)
(1.140624034 0 -0.8759350887)
(0.3165317511 0 0.4460731323)
(0.2405445069 0 0.4400787564)
(0.4673147496 0 -0.4478597524)
(0.5213982491 0 -0.6214377165)
(0.4775296563 0 -0.661076372)
(0.4853411351 0 -0.8035608692)
(0.6027011123 0 -0.8671222505)
(0.5984181143 0 -0.8474247393)
(0.5741852027 0 -0.8092123137)
(0.5011123614 0 -0.7066279465)
(0.3358879454 0 -0.4734222209)
(-0.1078529024 0 0.416081685)
(0.2767332334 0 -0.8647448277)
(0.3032962175 0 -0.7054485497)
(0.2378513384 0 -0.4646825719)
(0.2172580834 0 -0.3716384367)
(0.2616361184 0 -0.3841277755)
(0.2985738424 0 -0.4371179731)
(0.3242118366 0 -0.5006569746)
(0.3579707901 0 -0.5322387873)
(0.4426504218 0 -0.5605114356)
(0.5084920627 0 -0.7629227789)
(0.4456595225 0 -1.801892955)
(0.555122696 0 0.7681289862)
(0.6009617266 0 -0.6178738871)
(0.5782391348 0 -0.6040913941)
(0.5610064817 0 -0.8983861662)
(0.5501406302 0 -1.100603101)
(1.235768007 0 -0.02706487539)
(1.299347861 0 0.9895298372)
(1.156079783 0 0.8210144619)
(0.4195097923 0 0.04163961017)
(0.424423034 0 -0.585052845)
(0.2725637948 0 -0.619696125)
(-0.1027468369 0 -0.4373511875)
(-0.1952078409 0 -0.3980638897)
(0.5563921414 0 -0.6963158814)
(0.5415157306 0 -0.6753044716)
(0.4789903172 0 -0.5910250078)
(0.3532547635 0 -0.453355362)
(0.2175326714 0 -0.2276893962)
(0.247886552 0 0.2856495811)
(0.2982349285 0 -0.6326947919)
(0.3072577084 0 -0.6385371756)
(0.2697838367 0 -0.5863404)
(0.2690411137 0 -0.5607033869)
(0.2841788781 0 -0.580822135)
(0.2634235689 0 -0.6434689688)
(0.2444418782 0 -0.6506513165)
(0.2992925741 0 -0.5641179409)
(0.4238199317 0 -0.5598692134)
(0.5167147023 0 -0.5454899444)
(0.7664186345 0 -0.6476757064)
(0.5772549119 0 -0.4725061338)
(0.5277870167 0 -0.5692595969)
(0.4298465107 0 -0.6439481988)
(0.865942247 0 -6.825269712)
(1.369776362 0 2.762454757)
(2.391252442 0 0.104925084)
(1.72526768 0 1.086415139)
(1.2860819 0 0.7845777106)
(0.5022729769 0 -0.1463039348)
(0.3268082867 0 -0.57967834)
(0.07847757639 0 -0.5338439687)
(-0.286325044 0 -0.4148660113)
(-0.08064495308 0 -0.3485934442)
(0.4843980043 0 -0.3981239693)
(0.5161662524 0 -0.4999095533)
(0.4932676244 0 -0.3777411234)
(0.2963680394 0 -0.2675571406)
(0.391183403 0 0.05333011016)
(0.1880983887 0 0.6562760168)
(0.2536338046 0 -0.5871387771)
(0.2847033456 0 -0.6129622637)
(0.285849113 0 -0.6272956526)
(0.2882271386 0 -0.6663631234)
(0.2955048216 0 -0.7375636126)
(0.3057034852 0 -0.7827983193)
(0.277882677 0 -0.741458418)
(0.3103250505 0 -0.6195071385)
(0.397671145 0 -0.5465169869)
(0.4730456025 0 -0.4993748624)
(0.5388566131 0 -0.4607164996)
(0.5342921969 0 -0.4326082299)
(0.4856018237 0 -0.4266569548)
(0.3370049541 0 -0.549606821)
(0.8872892014 0 -0.6556802368)
(1.554052969 0 -0.6927702684)
(2.801405518 0 0.1419114856)
(1.859941073 0 0.8494188852)
(0.9574623101 0 0.6280572117)
(0.4901286297 0 -0.4027006019)
(0.3804360103 0 -0.5641299693)
(0.2171472601 0 -0.4834776932)
(-0.09085164367 0 -0.3868533167)
(-0.6930442315 0 -0.3698034433)
(0.008901852579 0 -0.3558012347)
(0.2077135243 0 0.2170189934)
(0.4694171557 0 -0.2291529887)
(0.07565740915 0 -0.1691050012)
(0.3452542467 0 -0.1366736337)
(1.327381651 0 0.6675648798)
(0.2747409328 0 -0.6361226219)
(0.2943210625 0 -0.6495688836)
(0.3109255362 0 -0.6705563483)
(0.3448059208 0 -0.7237926913)
(0.4034204419 0 -0.8337082586)
(0.458510607 0 -0.9174862828)
(0.50391873 0 -0.8266379334)
(0.5146989486 0 -0.5729065281)
(0.5197444849 0 -0.5188861545)
(0.5107020613 0 -0.5116833754)
(0.490900801 0 -0.4292471632)
(0.4837951893 0 -0.3947928353)
(0.4213676649 0 -0.3833485465)
(-0.6684195171 0 -0.5225000545)
(0.9361936995 0 -0.3095801672)
(2.764417014 0 0.5196976105)
(2.98119473 0 0.220689355)
(1.633591362 0 0.6637305826)
(0.778768305 0 0.5276579242)
(0.5405558424 0 -0.4754091805)
(0.4823545053 0 -0.5166440598)
(0.3370843442 0 -0.412264171)
(0.1805215798 0 -0.2342078811)
(0.07938137502 0 -0.3682500233)
(-1.017924497 0 0.6701957694)
(0.2019754063 0 -0.1096597116)
(-0.03760520136 0 -0.07898266052)
(0.100438643 0 -0.04840081759)
(0.2883775484 0 -0.1664823082)
(0.7935440983 0 0.22495444)
(0.3230834487 0 -0.6806790964)
(0.3306799754 0 -0.6958782207)
(0.3502308934 0 -0.7184602461)
(0.4271206131 0 -0.7892863855)
(0.5402390643 0 -0.854676708)
(0.6257378788 0 -0.794443633)
(0.5979709839 0 -0.6255489551)
(0.5428327678 0 -0.5649919428)
(0.5330118533 0 -0.5255108649)
(0.4951277047 0 -0.4446444799)
(0.4526798446 0 -0.3992270893)
(0.004603045179 0 -0.4790185494)
(-0.8101757649 0 -0.6601980576)
(0.7404334981 0 -0.1590072593)
(3.350535104 0 0.7139750228)
(2.704174951 0 0.4257216668)
(1.214086294 0 0.5587350214)
(0.1981443636 0 0.02246059909)
(0.4883312101 0 -0.4088777204)
(0.5727716683 0 -0.4636936056)
(-2.153669289 0 0.9375883093)
(0.3918151413 0 -0.1976565371)
(0.1506364971 0 -1.059117892)
(-0.3887952458 0 2.916012831)
(-0.1632000926 0 2.11977162)
(0.144731791 0 0.1515789647)
(0.1702990613 0 0.04773164617)
(0.1702539985 0 0.09970152985)
(0.2864242308 0 0.2840375302)
(0.3237192609 0 -0.6867940411)
(0.3225712378 0 -0.6982311592)
(0.318926149 0 -0.7013733016)
(0.3427137744 0 -0.7087357502)
(0.4513960366 0 -0.7436079104)
(0.550193519 0 -0.7221111525)
(0.526327729 0 -0.6151797576)
(0.4501660033 0 -0.5499550924)
(0.4461736876 0 -0.4781035531)
(0.3661299034 0 -0.4477064877)
(0.1801466996 0 -0.8558760399)
(-0.03003989425 0 -1.214572045)
(-0.3432699041 0 -1.188589312)
(0.06592848423 0 0.7783208044)
(0.6250993516 0 0.6185589342)
(0.4749207169 0 -0.2164771522)
(0.3137043162 0 -0.2168705909)
(0.03425710091 0 -0.5282322412)
(0.2633711257 0 -0.4209086846)
(0.3953888584 0 -0.2471303419)
(2.637084817 0 0.7297443717)
(0.5349249017 0 0.2236673806)
(0.1260687928 0 0.08542785857)
(-0.06621549587 0 -0.2046724522)
(-0.0283275811 0 0.06896703922)
(0.03387268966 0 0.1183327218)
(0.08632397196 0 0.1262784527)
(0.1205777922 0 0.1969219133)
(0.2228656769 0 0.2862015284)
(0.3168780269 0 -0.6801662169)
(0.3009591483 0 -0.6799603093)
(0.2925528641 0 -0.6671730333)
(0.2816869308 0 -0.6368824271)
(0.2851052734 0 -0.5926928746)
(0.3406972559 0 -0.5774581669)
(0.3498703432 0 -0.5303455155)
(0.3254368236 0 -0.4652364989)
(0.3035088934 0 -0.4184150559)
(0.2593677449 0 -0.4847891592)
(0.2612545735 0 -0.5944117616)
(0.3303001323 0 -0.6565333563)
(0.4515539857 0 -0.5603294147)
(0.4243940222 0 -0.3767103896)
(0.7273774855 0 -0.3728408359)
(0.1946044127 0 -0.2930962162)
(-0.08022069218 0 -0.6120368654)
(-0.0317081584 0 -0.6026966259)
(0.04843773619 0 -0.5988709971)
(0.1222704274 0 -0.4746978107)
(0.2370061377 0 -0.2567263684)
(0.2387929666 0 0.01359686941)
(0.2028138425 0 0.2260559479)
(-0.2966840504 0 -0.3453145067)
(-0.08224553168 0 -0.2250364451)
(0.1148357005 0 -0.05544862141)
(0.1301394076 0 -0.03331344538)
(0.1375080531 0 0.06845700715)
(0.3133880176 0 -0.6532665467)
(0.3204151213 0 -0.6380918033)
(0.3383356176 0 -0.6131540161)
(0.3404089782 0 -0.5605344202)
(0.3481022362 0 -0.5118085042)
(0.3705374559 0 -0.4773067105)
(0.3580110423 0 -0.4271097582)
(0.2921922093 0 -0.4495328308)
(0.2659850013 0 -0.5255864831)
(0.2583729229 0 -0.5582467091)
(0.2670238883 0 -0.5564161364)
(0.292139988 0 -0.5109260271)
(0.2365029649 0 -0.453177935)
(0.523618079 0 -0.247677109)
(-0.1706877529 0 -0.3452246327)
(-0.07088559682 0 -0.1633544228)
(-0.1790863778 0 -0.189665954)
(-0.417944087 0 -0.4330170908)
(-0.5675056429 0 -0.5105174993)
(-0.6822807466 0 -0.5911261292)
(-0.7577566622 0 -0.6604827092)
(-0.7114398536 0 -0.6822009356)
(-0.565214222 0 -0.6172872527)
(-0.4130174591 0 -0.4646648553)
(-0.2512521936 0 -0.1231545385)
(0.1184231754 0 -0.1163307506)
(0.1366126595 0 -0.04419452669)
(0.3578959911 0 -0.5935639595)
(0.4047054325 0 -0.6029624178)
(0.438304889 0 -0.6174597715)
(0.4525943509 0 -0.603336052)
(0.4441618932 0 -0.5469316061)
(0.4322225453 0 -0.4866979652)
(0.3976330478 0 -0.4352332198)
(0.3317150214 0 -0.4499974304)
(0.297366265 0 -0.507871243)
(0.2702987218 0 -0.5223370748)
(0.2246183469 0 -0.4932185557)
(0.1531316298 0 -0.4482687361)
(0.05636345464 0 -0.3953818241)
(0.01623311626 0 -0.3273169185)
(-0.1219118745 0 -0.2474617085)
(-0.2361116792 0 -0.2148031817)
(-0.2720002489 0 -0.1990870216)
(-0.3808323748 0 -0.3070306238)
(-0.4825431928 0 -0.3928664293)
(-0.5779518011 0 -0.4896257535)
(-0.6729146809 0 -0.6145231714)
(-0.7202446066 0 -0.7321132333)
(-0.6943569968 0 -0.7535760236)
(-0.5871756758 0 -0.6692956665)
(-0.2414793341 0 -0.3455319875)
(0.1941211467 0 -0.1425518968)
(0.4832252164 0 -0.5909812172)
(0.5005705784 0 -0.6300431149)
(0.5316736501 0 -0.6472711864)
(0.54511342 0 -0.6249979285)
(0.5190770093 0 -0.5588337)
(0.4641987937 0 -0.4833253462)
(0.3927238509 0 -0.4396200341)
(0.3473009912 0 -0.4584858873)
(0.3242927088 0 -0.4689028313)
(0.2903213918 0 -0.4373281365)
(0.2356649006 0 -0.3795389318)
(0.1474576864 0 -0.3134643112)
(-0.01175179369 0 -0.2706179874)
(-0.04877915981 0 -0.2155356508)
(-0.07564179769 0 -0.1576581923)
(-0.1197338222 0 -0.1174714113)
(-0.2377325321 0 -0.2185491984)
(-0.3562452182 0 -0.2851952129)
(-0.4665898876 0 -0.3788241182)
(-0.6145336459 0 -0.5260208023)
(-0.751235179 0 -0.7219430088)
(-0.8017249454 0 -0.8433438517)
(-0.7813505572 0 -0.8695327773)
(-0.5767404819 0 -0.6921117709)
(-0.1784479282 0 -0.3305964226)
(0.486203472 0 -0.5816072179)
(0.499447976 0 -0.6138469326)
(0.5252013521 0 -0.6451033476)
(0.544728471 0 -0.6460855922)
(0.5596710702 0 -0.6042552414)
(0.5356872074 0 -0.5376371585)
(0.4612846717 0 -0.4519483993)
(0.3942935191 0 -0.4041253436)
(0.3573197159 0 -0.3945306339)
(0.3195472886 0 -0.3657656541)
(0.2554869021 0 -0.3085435787)
(0.1543818231 0 -0.2531211329)
(0.1059353023 0 -0.2371616187)
(0.09994329554 0 -0.184989155)
(0.1028361512 0 -0.1241044541)
(0.01781785124 0 -0.1248593773)
(-0.1495084665 0 -0.265968926)
(-0.2049751364 0 -0.1835536334)
(-0.3115154109 0 -0.2214451156)
(-0.4653400101 0 -0.3487593081)
(-0.7056939793 0 -0.6070355827)
(-0.855610635 0 -0.8458974489)
(-0.8961247322 0 -0.9707272456)
(-0.9476103211 0 -1.044394088)
(0.4886355621 0 -0.6038539983)
(0.5252593429 0 -0.6408816986)
(0.546516138 0 -0.6286952021)
(0.5597474392 0 -0.5766479579)
(0.5482726967 0 -0.5329431594)
(0.5137690894 0 -0.4668820977)
(0.4435118522 0 -0.3796883589)
(0.3914111031 0 -0.3266663582)
(0.3468363019 0 -0.2908176838)
(0.2942305159 0 -0.2440681026)
(0.2413048527 0 -0.2150221318)
(0.200708361 0 -0.2228139588)
(0.1854404797 0 -0.1819821666)
(0.1722832957 0 -0.1488151496)
(-0.02264338409 0 -0.06033835734)
(-0.09238552666 0 -0.2137161494)
(-0.2773195695 0 -0.1810952998)
(0.5408926386 0 -0.009401762234)
(-0.1791988437 0 -0.1090764091)
(-0.5213144152 0 -0.3504581841)
(-0.8545823987 0 -0.7572314068)
(-0.9913101436 0 -0.8704252047)
(0.5609871377 0 -0.6823813033)
(0.572764065 0 -0.6135498698)
(0.5805438419 0 -0.5253352558)
(0.5582739909 0 -0.472142526)
(0.5388219558 0 -0.4552079339)
(0.4824652899 0 -0.3793470939)
(0.4291040567 0 -0.2996395116)
(0.3813892542 0 -0.2472787416)
(0.3378905152 0 -0.2115790966)
(0.3049298529 0 -0.1966058992)
(0.2649628823 0 -0.2028685092)
(0.2564459793 0 -0.1673218988)
(0.2477522765 0 -0.1361718975)
(0.2396267522 0 -0.4004195665)
(0.2488989368 0 -0.503858494)
(0.6276136881 0 -0.4841632147)
(0.2307108844 0 -0.0583227087)
(0.01574373601 0 0.02996330759)
(-0.06625832214 0 0.0583599397)
(-0.4137481845 0 0.007956909113)
(0.6318301448 0 -0.4975953332)
(0.5788772441 0 -0.4518700086)
(0.5507184645 0 -0.4496544346)
(0.515368132 0 -0.3882927902)
(0.4587564658 0 -0.3073359139)
(0.4023884222 0 -0.2460377661)
(0.363343574 0 -0.2104240563)
(0.3386282747 0 -0.1879991168)
(0.305214059 0 -0.1876368174)
(0.3034450313 0 -0.1534306726)
(0.2975520222 0 -0.104958608)
(1.695813326 0 -0.8239079446)
(0.8741877477 0 -0.1364327152)
(0.3933897981 0 -0.08406602119)
(0.2004758652 0 -0.07791380406)
(0.07752203709 0 0.04309311269)
(0.07767096558 0 0.0971581044)
(0.5717720292 0 -0.4578132329)
(0.5568155518 0 -0.4497902935)
(0.5426219162 0 -0.4013433072)
(0.4848008077 0 -0.3255509777)
(0.4230578635 0 -0.2592445599)
(0.391792049 0 -0.2218238304)
(0.3641512249 0 -0.2070365541)
(0.3347437036 0 -0.1968652634)
(0.3346489418 0 -0.1640655556)
(0.3779783943 0 -0.1277557694)
(1.305077531 0 -0.5363740531)
(0.3189586912 0 -0.1274817981)
(0.2231415484 0 -0.08902199082)
(0.1997403108 0 -0.08575355882)
(0.5083255705 0 -0.3344371059)
(0.4696395908 0 -0.2807005867)
(0.4346738606 0 -0.2576154852)
(0.4090944588 0 -0.2539487929)
(0.3765330636 0 -0.2363197136)
(0.3746266208 0 -0.21218288)
(0.5182831228 0 -0.2412909397)
(0.7792529193 0 -0.2994450935)
(0.2398960978 0 -0.1255523436)
(-0.8020896634 0 -0.615541276)
(-0.907974082 0 -0.6613094673)
(-0.9926743874 0 -0.6912425312)
(-1.109960626 0 -0.7327512736)
(-1.455239104 0 -0.6685362219)
(-1.695881233 0 -0.6173059847)
(-1.205367682 0 -0.02068849346)
(-0.4824617235 0 -0.1935420105)
(-0.69036721 0 0.2948373036)
(-0.5303100201 0 -0.3796870047)
(-0.4059195918 0 -0.3005606913)
(-0.2326919676 0 -0.06121144808)
(0.0133802911 0 -0.0655240625)
(0.08646064978 0 -0.01061410999)
(0.07889503749 0 0.0002722317602)
(0.1066511487 0 0.00553904609)
(0.1240408686 0 0.01501869213)
(0.1228748919 0 0.009413294306)
(0.1338379946 0 0.05201496852)
(0.1068766172 0 0.06553116707)
(-0.07082698697 0 -0.2525878352)
(-0.4019183417 0 -0.2889430416)
(-0.3799648244 0 -0.9339631119)
(-0.228136948 0 0.2879082351)
(-0.217167106 0 0.2766983492)
(-0.1919126876 0 0.312146433)
(-0.3404621036 0 0.2237771675)
(-0.3839582193 0 0.08873037011)
(-0.5882735787 0 -0.4922563426)
(-0.88227749 0 -0.719472686)
(-0.800934617 0 -0.6271294202)
(1.485737711 0 -1.026365127)
(1.530625948 0 -1.031242887)
(1.52820845 0 -1.042309279)
(1.547985584 0 -1.030376848)
(1.57220877 0 -1.037907938)
(1.572893261 0 -1.061768611)
(0.4116169779 0 0.5118928992)
(-0.1080940494 0 0.7696324843)
(-0.08183456345 0 0.4701031228)
(-0.08265904228 0 0.4225443917)
(-0.1317609494 0 0.4030564015)
(-0.09515422095 0 0.3923389042)
(0.2070992348 0 0.4836704217)
(0.1202037935 0 1.135612477)
(-0.01041852771 0 2.496278877)
(0.1348873097 0 0.8321622296)
(-0.7171807405 0 0.1683676485)
(0.6997508937 0 0.2474043848)
(0.7012465266 0 0.2901895271)
(0.5854297167 0 0.3820157415)
(0.4015885165 0 0.4308675746)
(0.3851801658 0 0.4677189678)
(0.2085715127 0 0.1439791187)
(0.01116105339 0 0.1272137466)
(0.1249672153 0 0.210391025)
(0.002828816693 0 0.132127376)
(-0.002931656278 0 0.1421484148)
(-1.211136175 0 -0.07477911083)
(1.573213827 0 1.224634469)
(1.574717132 0 1.282722686)
(-0.1300731418 0 0.1594617567)
(-0.1470347244 0 0.1820030981)
(-0.004807614386 0 0.3467911195)
(2.405733855 0 2.584131996)
(2.402084153 0 2.633094829)
(-0.2884432363 0 0.4117975661)
(-0.2938787102 0 0.4452750864)
(1.439475723 0 1.828531692)
(1.390630101 0 1.835002155)
(1.704724748 0 2.054367966)
(2.351986939 0 2.517277617)
(-0.3228833624 0 0.7178618949)
(-0.2814447692 0 0.6587052634)
(-0.3172985546 0 0.5561471767)
(-0.2525890565 0 0.6473244397)
(-0.2104900458 0 0.1990573222)
(1.385491475 0 1.702990001)
(1.440064999 0 1.7731415)
(0.0538002496 0 0.8745244594)
(0.0362292517 0 0.8005436976)
(-0.08838176765 0 0.81420495)
(0.03251508688 0 -0.1312255743)
(-0.06279592521 0 -0.03162579923)
(-0.420633907 0 -0.1071947815)
(0.1238600852 0 -0.1945504428)
(0.1257982955 0 -0.163086742)
(0.08128820662 0 -0.1592811208)
(0.7731896701 0 -1.158006271)
(0.7864545163 0 -1.164686796)
(0.802025205 0 -1.182193448)
(0.2040465536 0 -0.219473299)
(0.1996065991 0 -0.2114268822)
(0.1987473448 0 -0.1843533645)
(0.1640917956 0 -0.1733691263)
(0.769332344 0 -1.099222892)
(0.7757966023 0 -1.086957705)
(0.7851406509 0 -1.140451743)
(0.6382947591 0 0.2901959939)
(0.2627664018 0 -0.2280843231)
(0.2411881248 0 -0.2263534427)
(-0.3971187963 0 0.4560702945)
(-0.138106492 0 -0.820474827)
(-0.1515142021 0 -0.7908048755)
(0.1303252947 0 -0.3909869059)
(-0.3449186772 0 0.5391142418)
(-0.3285389167 0 0.5469845895)
(-0.1034647869 0 -1.290813718)
(-0.1208632218 0 -1.296339451)
(-0.2345903705 0 -1.072177496)
(0.214632775 0 0.3236268092)
(0.1025583302 0 0.3905428311)
(-0.181795927 0 0.485236482)
(0.3199364145 0 -0.735036416)
(0.3285567052 0 -0.7262990542)
(0.2964016589 0 -0.8089209572)
(0.2360720842 0 0.238599936)
(0.1866043127 0 0.2711568873)
(0.1782433429 0 0.3326975237)
(0.2679956747 0 -0.5849571046)
(0.2864763073 0 -0.6108582762)
(0.3067546299 0 -0.6515105774)
(1.417230876 0 0.965942201)
(1.33538086 0 1.013682113)
(0.02404528197 0 0.647619789)
(0.2590682487 0 -0.6123668927)
(0.274400342 0 -0.6228129009)
(0.2725389395 0 -0.6062168488)
(1.136809944 0 0.4584626187)
(0.9755994033 0 0.4361675768)
(1.153252606 0 0.6599151157)
(0.3043589886 0 -0.660673511)
(0.2866120644 0 -0.6447548139)
(0.6565169379 0 0.1610368091)
(0.787215935 0 0.3079746706)
(0.326770652 0 -0.6807334017)
(0.3185504542 0 -0.6732766852)
(0.2077463446 0 0.3248321198)
(0.3247618237 0 -0.6843875246)
(0.3130392517 0 -0.6861291818)
(0.310311524 0 -0.6879025568)
(0.3238769739 0 -0.6929555461)
(0.1498142863 0 0.1239544429)
(0.2397106269 0 0.1956044263)
(0.1924380624 0 0.2484769186)
(0.3247054548 0 -0.681036065)
(0.3195729123 0 -0.6780107691)
(0.3070444146 0 -0.6806204872)
(0.126154121 0 0.04774604036)
(0.2713916615 0 0.1347224982)
(0.2689341269 0 0.1451749431)
(0.3256003478 0 -0.641674053)
(0.3252248182 0 -0.661550653)
(0.1728369793 0 -0.08529589838)
(0.4024581536 0 -0.5712236426)
(0.4290520887 0 -0.5757142903)
(0.380390326 0 -0.5943672213)
(0.1185921023 0 -0.1682091705)
(0.2218389239 0 -0.1321512546)
(0.2004052013 0 -0.1004962185)
(0.4678404826 0 -0.5716325246)
(0.4913066696 0 -0.5880413134)
(0.4945723586 0 -0.6109010177)
(0.4883965144 0 -0.6151851179)
(-0.8701718536 0 -0.9597726355)
(0.05242669149 0 -0.2136514928)
(-0.1474385974 0 -0.3267828043)
(0.4832004193 0 -0.5790147461)
(0.4946368294 0 -0.5945058305)
(-0.9591080118 0 -1.089805679)
(-0.009489225075 0 0.4182536377)
(0.5204785369 0 -0.6547404452)
(0.5086845899 0 -0.6301292899)
(-1.005211105 0 -0.9144733012)
(0.6090540306 0 0.1956016444)
(0.6106201284 0 -0.6574772767)
(0.5694532022 0 -0.6623754593)
(0.6278401138 0 -0.6104621095)
(0.6283766251 0 -0.553603352)
(0.5792225349 0 -0.5661933277)
(0.0488446605 0 0.06075961003)
(-0.2608434491 0 0.004616498824)
(-0.3212670886 0 -0.01498866029)
(-0.4342817962 0 0.01263842528)
(0.5417844993 0 0.1303661921)
(0.6572651635 0 -0.5394451971)
(0.6259302398 0 -0.4930284679)
(0.5945596927 0 -0.4720775548)
(0.5963346108 0 -0.4727889365)
(0.05920663141 0 0.03480786831)
(0.06207350676 0 0.05743824118)
(0.04960190156 0 0.07728747382)
(0.5642764838 0 -0.4568796403)
(0.5614598731 0 -0.4486192142)
(0.5661327648 0 -0.4328769473)
(0.5587737222 0 -0.4332580073)
(0.5543072666 0 -0.4088235028)
(0.52899489 0 -0.3754056834)
(0.5179032947 0 -0.3653307139)
(0.2411489003 0 -0.1220654464)
(0.2308944431 0 -0.1079127615)
(0.2400303947 0 -0.1036662666)
(0.2236918454 0 -0.09944294288)
(0.2081923378 0 -0.09000225846)
(0.2045170156 0 -0.08653474718)
(0.1607479218 0 -0.03819330652)
(0.5296543042 0 -0.3710670031)
(0.4862111046 0 -0.3057567354)
(0.4608882725 0 -0.276896287)
(0.4486413116 0 -0.2652206742)
(0.4577923536 0 -0.2760736253)
(0.4504455781 0 -0.2781474484)
(0.4230786578 0 -0.2569755626)
(0.4371333286 0 -0.2746979971)
(0.4203583512 0 -0.2664327558)
(0.3926754331 0 -0.2468881961)
(0.4025799504 0 -0.2558286981)
(0.3916245541 0 -0.2453311614)
(0.3673729677 0 -0.2236727062)
(0.4002889276 0 -0.2390507929)
(0.4367992987 0 -0.2384902461)
(0.4105931082 0 -0.2086365106)
(0.5276091604 0 -0.2555803313)
(0.6898591275 0 -0.3045400598)
(0.4731212461 0 -0.1870530633)
(-1.048130574 0 -0.8090188426)
(-1.176427424 0 -0.8691624768)
(-1.076089196 0 -0.7681384267)
(-1.309122468 0 -0.9211485454)
(-0.1374321037 0 -0.1254511825)
(0.2598308484 0 -0.1056301521)
(-0.4825111052 0 -0.4102913434)
(-0.6902344884 0 -0.5685145106)
(-0.5940088373 0 -0.4827002281)
(-0.7453116731 0 -0.6016009459)
(-0.6277671298 0 -0.5097059659)
(-0.5526913701 0 -0.4317931851)
(-0.4070251316 0 -0.3655543465)
(0.1771626086 0 -0.06984248275)
(0.09670187203 0 -0.009215668304)
(0.3405313961 0 -0.1921857423)
(0.62624492 0 -0.4150487153)
(0.2665740829 0 -0.1193513123)
(0.9199326309 0 -0.6343955005)
(1.159265733 0 -0.8078029199)
(0.9509384067 0 -0.660985424)
(1.323386495 0 -0.9234757614)
(1.424494078 0 -0.9917246128)
(1.391914328 0 -0.9775890216)
(-0.1598375772 0 0.3694477316)
(-0.1471766294 0 0.3712037854)
(-0.1654890781 0 0.3535380909)
(-0.1407987091 0 0.3108008986)
(-0.3018773848 0 0.3417966038)
(-0.3254966523 0 0.3010809246)
(-0.4786011669 0 0.2756927504)
(-0.7283530775 0 -0.2355076339)
(-0.9035961466 0 -0.7808759944)
(-1.346031527 0 -1.170422193)
(-1.482876272 0 -1.235638343)
(-1.314685466 0 -1.017781149)
(-1.604467601 0 -1.296609552)
(-0.4389176672 0 -1.817430201)
(0.01075740645 0 -0.04067005863)
(-0.6742141991 0 -1.577962751)
(-0.1407591143 0 1.737493977)
(-0.7216507012 0 -0.6259906318)
(-0.6920924564 0 -0.6746267694)
(-0.4368595684 0 -0.5208171531)
(-0.5826565235 0 -0.5357160963)
(0.005170898736 0 -0.4660328795)
(0.6214771089 0 -0.4219949874)
(0.4010743075 0 -0.2512899556)
(0.8162550361 0 -0.5607967056)
(1.013876367 0 -0.7016988723)
(0.8705108492 0 -0.598328674)
(1.173003298 0 -0.8144775285)
(1.292235962 0 -0.8965875108)
(1.247891769 0 -0.8684002466)
(1.376946959 0 -0.9514004723)
(1.435872015 0 -0.9834124747)
(1.434909837 0 -0.9916832296)
(1.476974252 0 -0.9963389647)
(1.503527494 0 -0.9930859151)
(1.521300761 0 -1.01452793)
(1.504600845 0 -0.9842160962)
(1.496651672 0 -0.9757277269)
(1.545490068 0 -1.012386311)
(0.1028449823 0 -0.05260400129)
(0.1502327364 0 1.153981707)
(-0.03913697912 0 2.46812578)
(0.2460225523 0 0.4268447094)
(0.1144767518 0 0.3931688689)
(0.1211801152 0 0.4491714656)
(0.01710374707 0 0.3457332188)
(-0.03074176339 0 0.3984333961)
(-0.01075313235 0 0.4666828303)
(-0.04721736657 0 0.2796331351)
(-0.2004470677 0 0.2920066442)
(-0.2314594885 0 0.3577316031)
(-0.8581484514 0 0.519105511)
(-0.9597273512 0 0.6747300203)
(-0.7089111244 0 0.4312866499)
(-0.7985710884 0 0.6256515506)
(-0.05029444368 0 0.05074252754)
(0.3171771587 0 -0.2104941301)
(0.4738859812 0 -0.2727935223)
(0.6807941794 0 -0.3263134656)
(0.7834830026 0 -0.4683012363)
(0.8042016019 0 0.1782799365)
(0.9153830482 0 1.706100929)
(0.6753595209 0 2.084250402)
(-0.3426788854 0 -0.6965335031)
(0.2478293339 0 -0.5709579855)
(-0.167603822 0 -0.5486048592)
(0.6307141954 0 -0.5710254751)
(0.8921250834 0 -0.6195001592)
(0.7834791278 0 -0.5406119506)
(1.033533819 0 -0.7164148713)
(1.155356977 0 -0.799465847)
(1.100783589 0 -0.7625471514)
(1.251477877 0 -0.8637406338)
(1.324697155 0 -0.909173151)
(1.314975821 0 -0.9080867144)
(1.378240947 0 -0.9374185578)
(1.415275191 0 -0.950259275)
(1.429296719 0 -0.969248488)
(1.436359032 0 -0.9491186941)
(1.436583726 0 -0.9349686095)
(1.47589557 0 -0.9668673728)
(1.400197696 0 -0.9071412275)
(1.308377055 0 -0.8496406244)
(1.419808118 0 -0.9232466023)
(0.1708229071 0 -0.1702071236)
(0.1754240931 0 -0.1248149589)
(0.1891364881 0 -0.06512438234)
(0.2001002197 0 -0.1109326602)
(0.2182898469 0 0.004133165236)
(0.208626651 0 0.2661448802)
(1.49807977 0 1.223362721)
(1.247550254 0 0.9585593286)
(1.086330389 0 0.7670885757)
(0.9797213283 0 0.7532574587)
(0.7578293836 0 0.6557343774)
(0.5597556351 0 0.5205410476)
(0.5742330085 0 0.604582341)
(0.4209522553 0 0.5782480887)
(0.2431455539 0 0.4879439795)
(0.3107804239 0 0.5717053194)
(0.2510809751 0 0.6143688452)
(0.1002969887 0 0.5569594083)
(0.01571645029 0 0.4557680879)
(-0.02085682404 0 0.2685164131)
(-0.1037090429 0 0.3231322482)
(-0.7994634457 0 0.7612683283)
(-1.069397695 0 1.291554781)
(-1.114176408 0 0.9579932605)
(-1.025995831 0 1.688848012)
(-0.8810298702 0 1.838472746)
(-0.6346671641 0 0.461832751)
(-0.7021865051 0 1.693603437)
(-0.3296983375 0 1.116806466)
(-0.4901071939 0 -0.8695770215)
(0.485627415 0 -0.2802225591)
(0.5847399089 0 0.159414316)
(-0.5289934655 0 -0.8056327848)
(0.604210365 0 -0.4199485621)
(0.6309589955 0 -0.423461919)
(0.1818586525 0 -0.5124582619)
(0.7915349261 0 -0.5171773077)
(0.9717198738 0 -0.6285785705)
(0.9352381392 0 -0.6254608232)
(1.122713435 0 -0.7656393554)
(1.209224117 0 -0.8297187424)
(1.189599926 0 -0.8203929665)
(1.270972191 0 -0.8682955675)
(1.317426567 0 -0.8908747722)
(1.325006699 0 -0.9028906609)
(1.348418937 0 -0.9013367601)
(1.362890924 0 -0.8989754249)
(1.393366595 0 -0.926848931)
(1.355939829 0 -0.8827904743)
(1.314692039 0 -0.8482685471)
(1.383614819 0 -0.8960079392)
(1.207485396 0 -0.7793725626)
(0.9568029255 0 -0.6221893261)
(1.156820624 0 -0.7508485919)
(0.1256436517 0 -0.1409389712)
(0.1258447131 0 -0.1105185224)
(0.1561897283 0 -0.1237610567)
(0.1496170473 0 -0.08871936128)
(0.1605245801 0 -0.07698968836)
(0.1942072829 0 -0.06709865549)
(0.1685018311 0 -0.03468728307)
(-0.06716524867 0 0.09731896651)
(-0.06657680504 0 0.1167190638)
(-0.09584169752 0 0.1189581673)
(-0.1135158676 0 0.1386064458)
(-0.09683000143 0 0.1339772878)
(2.351470581 0 2.580318395)
(2.198575789 0 2.367060212)
(2.068382001 0 2.158638158)
(2.01490413 0 2.103522734)
(1.802285858 0 1.811590821)
(1.557977871 0 1.430953773)
(1.578138495 0 1.538773369)
(1.365572452 0 1.319916692)
(1.059594391 0 0.9548365031)
(1.166528798 0 1.147746961)
(0.9718782962 0 1.008460894)
(0.6742488375 0 0.7482926216)
(0.7805884704 0 0.9101664778)
(0.565396259 0 0.841822654)
(0.3936187944 0 0.5960915483)
(0.4129383259 0 0.5742260611)
(0.2667332266 0 0.5538094817)
(-0.05809498472 0 -1.150732249)
(0.7472169545 0 0.766306804)
(0.7841490999 0 0.845237029)
(-0.749537862 0 1.900958131)
(0.6812911446 0 0.7625083614)
(0.4504277312 0 0.1256314136)
(-0.6313618346 0 2.474664841)
(0.3164415418 0 -0.4051474528)
(0.4166286928 0 -0.2373612596)
(-0.4512509863 0 1.996716346)
(0.5594053644 0 -0.2649021776)
(0.7151962042 0 -0.4156569971)
(0.5763460872 0 -0.1938119366)
(0.7906963954 0 -0.4678123806)
(0.8709836591 0 -0.5155327545)
(0.7825761046 0 -0.4565697162)
(0.9524050487 0 -0.5917508015)
(1.054807997 0 -0.6781378442)
(1.014850029 0 -0.649542975)
(1.158178114 0 -0.7777079982)
(1.217378061 0 -0.8255902303)
(1.217678205 0 -0.8306944831)
(1.256329196 0 -0.8475874474)
(1.280284614 0 -0.8526856735)
(1.302498169 0 -0.8739988383)
(1.287383205 0 -0.8473675405)
(1.272457532 0 -0.8281832198)
(1.322928675 0 -0.866264962)
(1.223930248 0 -0.7897962584)
(1.115291064 0 -0.7179892263)
(1.226342963 0 -0.7894960875)
(0.8809877412 0 -0.5748419162)
(0.4006572812 0 -0.2969246216)
(0.6896336891 0 -0.4601250059)
(0.04790047568 0 -0.09770146799)
(0.06964550388 0 -0.07842547526)
(0.06630098697 0 -0.09373941536)
(0.0420693549 0 -0.006360269342)
(-0.0002528002691 0 0.07016207963)
(0.04230719458 0 -0.06292457572)
(-0.02454035769 0 0.120607073)
(-0.04227109383 0 0.1533879564)
(-0.05057670568 0 0.0876272355)
(-0.07750579082 0 0.1734892378)
(-0.1564977524 0 0.2175691844)
(-0.1176673358 0 0.1568606231)
(-0.2339163218 0 0.2967476247)
(-0.2758774594 0 0.3670639207)
(-0.1827665022 0 0.2329160186)
(1.991363611 0 2.260364028)
(2.08333112 0 2.301021634)
(2.223904988 0 2.401190528)
(2.060219151 0 2.234075643)
(1.976260134 0 2.106466712)
(1.937977895 0 2.019568314)
(1.860566116 0 1.952016569)
(1.732136016 0 1.795225386)
(1.588961826 0 1.605362415)
(1.595709595 0 1.644665703)
(1.427806876 0 1.494834386)
(1.236947012 0 1.277015553)
(1.185483425 0 1.338677791)
(0.8825602941 0 1.189958282)
(0.7756726515 0 1.042495735)
(0.6124551258 0 1.079554062)
(0.4321061412 0 0.9821288033)
(0.364089585 0 0.8336021723)
(0.457349901 0 0.9186632339)
(0.4428672012 0 0.9082851892)
(0.5810540513 0 0.8554542433)
(0.3758073058 0 0.8692716986)
(0.3163874319 0 0.7556115297)
(0.2856456589 0 0.6616237248)
(0.4270475008 0 0.09784595266)
(0.6561844587 0 -0.4789070837)
(0.5685222171 0 -0.4212664568)
(0.7642317027 0 -0.4997418784)
(0.8485493811 0 -0.5325081757)
(0.7908080697 0 -0.4828092538)
(0.9176610862 0 -0.5697815445)
(0.9793362112 0 -0.6150298765)
(0.9331868592 0 -0.570587852)
(1.040096995 0 -0.6684343888)
(1.106360169 0 -0.7236970389)
(1.085342973 0 -0.7044912521)
(1.164624769 0 -0.776363793)
(1.196569162 0 -0.8015590357)
(1.209867198 0 -0.8156712101)
(1.213696859 0 -0.8074446384)
(1.213937085 0 -0.7975855868)
(1.250732504 0 -0.8271508119)
(1.192847387 0 -0.7757733955)
(1.141414025 0 -0.7363934316)
(1.211526183 0 -0.7847105333)
(1.043779233 0 -0.6705995558)
(0.8730890954 0 -0.5616817399)
(0.9937573173 0 -0.6404452963)
(0.5966305685 0 -0.3825824101)
(0.162837867 0 0.06895434536)
(0.3065768464 0 -0.2259406869)
(0.1369866734 0 0.3015779865)
(0.1245151124 0 0.330460293)
(0.04315695871 0 0.07994436959)
(-0.2931277494 0 0.4510781234)
(-0.4993797033 0 0.5751025193)
(-0.2386258555 0 0.3291610967)
(-0.5209986025 0 0.6792117274)
(-0.4988281306 0 0.7459034742)
(-0.3661180245 0 0.4338362061)
(-0.4685145015 0 0.7772969423)
(-0.4359416162 0 0.7836658675)
(-0.4080694881 0 0.5386205037)
(-0.4009433672 0 0.7736863919)
(-0.3633575368 0 0.7516271646)
(-0.3802508301 0 0.5815781164)
(1.350514893 0 1.702840568)
(1.400129342 0 1.757255821)
(1.501066041 0 1.869222089)
(1.53768304 0 1.871118333)
(1.691697616 0 1.98465768)
(1.877097587 0 2.140596467)
(1.804217769 0 2.050882421)
(1.853545585 0 2.057658416)
(1.940025367 0 2.108323671)
(1.820290524 0 2.008880587)
(1.690479523 0 1.891828086)
(1.807531117 0 1.907822554)
(1.430814895 0 1.684404107)
(1.104019726 0 1.457119675)
(1.42226529 0 1.601195465)
(0.828101526 0 1.295539454)
(0.6399184533 0 1.19426097)
(0.7774135128 0 1.231994973)
(0.5214874119 0 1.123640438)
(0.4471785962 0 1.067469134)
(0.4058123994 0 1.062545807)
(0.4124543097 0 1.018547031)
(0.3978553663 0 0.9624408936)
(0.3503717739 0 0.9592328674)
(0.4074314478 0 0.9044407823)
(0.4503321808 0 0.7053134045)
(0.3532401353 0 0.7514209332)
(0.6285726645 0 -0.39355925)
(0.7607585738 0 -0.5569216292)
(0.7157912554 0 -0.5205878063)
(0.8449958019 0 -0.5749575644)
(0.9178043467 0 -0.6051115013)
(0.8901832972 0 -0.5719905351)
(0.9783073288 0 -0.6374510465)
(1.026796908 0 -0.6729717684)
(1.011308717 0 -0.6472459557)
(1.06761089 0 -0.708794554)
(1.104566972 0 -0.7389168572)
(1.115752507 0 -0.7345965455)
(1.133946046 0 -0.7586410494)
(1.150005717 0 -0.7627462098)
(1.177621911 0 -0.7846650572)
(1.148968054 0 -0.7534784853)
(1.120949527 0 -0.728708305)
(1.170270197 0 -0.7644068104)
(1.068711839 0 -0.6887502311)
(0.9810357741 0 -0.6289728485)
(1.063805 0 -0.6841198959)
(0.8448374368 0 -0.5402387271)
(0.6498499825 0 -0.4119467531)
(0.7557702252 0 -0.4858849229)
(0.3930506035 0 -0.1823729523)
(0.2800449349 0 0.6729748987)
(-0.2091397572 0 0.321127664)
(0.2486941138 0 0.9749828103)
(0.2388907946 0 1.052138475)
(-0.1378298622 0 0.3710087199)
(0.2583623739 0 1.196308979)
(0.2647794387 0 1.292206747)
(-0.3336800265 0 0.907308828)
(0.2547054174 0 1.324417736)
(0.236128452 0 1.315164584)
(-0.3208149549 0 1.131839732)
(0.2139791596 0 1.286939389)
(0.1893452685 0 1.244026019)
(-0.2729335798 0 1.108747182)
(0.162420353 0 1.184606497)
(0.134420012 0 1.113521134)
(-0.2229325884 0 1.008289339)
(0.1063869626 0 1.035619355)
(0.07860978874 0 0.954595045)
(-0.1605278938 0 0.8818626045)
(0.01166213703 0 -0.05647629611)
(1.092685357 0 1.354718577)
(1.276335578 0 1.572704084)
(1.165975058 0 1.468816863)
(1.232390771 0 1.546187855)
(1.317082613 0 1.657146478)
(1.251886424 0 1.60825395)
(1.208916363 0 1.611988105)
(1.540847432 0 1.847448165)
(1.036367288 0 1.399822151)
(-0.616041594 0 1.056611254)
(1.510432473 0 1.868133597)
(0.344445428 0 1.201668333)
(0.680737831 0 1.168896445)
(1.198956474 0 1.555674305)
(0.7514472662 0 1.115227911)
(0.7361360457 0 1.06693627)
(0.8160312238 0 1.25381703)
(0.7099063404 0 1.041104213)
(0.6900803352 0 1.028273114)
(0.6429103883 0 1.136841615)
(0.6641779151 0 1.011121499)
(0.6249233253 0 0.9813297404)
(0.5535119378 0 1.019507467)
(0.5797198249 0 0.9379674222)
(0.534013986 0 0.8690841616)
(0.4987564085 0 0.9147050432)
(0.4783400382 0 0.7163928312)
(0.6028807038 0 -0.2107639461)
(0.5229033481 0 0.3775787345)
(0.742632491 0 -0.6125056876)
(0.8081089111 0 -0.6182729144)
(0.7905649378 0 -0.585825457)
(0.8650168676 0 -0.6381736247)
(0.911121765 0 -0.6649377148)
(0.9245012492 0 -0.6342754899)
(0.9390530453 0 -0.6930688652)
(0.9471719952 0 -0.7159820855)
(1.000704877 0 -0.6969641517)
(0.944532949 0 -0.7247371932)
(0.9458960557 0 -0.7138750745)
(1.035126835 0 -0.7336610034)
(0.9665217507 0 -0.6867619617)
(1.012398754 0 -0.6599265642)
(1.091858212 0 -0.7247133001)
(1.044249978 0 -0.6534560526)
(1.004983988 0 -0.646908086)
(1.066170264 0 -0.6920858253)
(0.9252093123 0 -0.5926363658)
(0.8055717673 0 -0.5141257193)
(0.8947156985 0 -0.5719609024)
(0.6452104101 0 -0.4083341336)
(0.4479931195 0 -0.2728962297)
(0.551997112 0 -0.3431014844)
(0.3529600281 0 0.2976654326)
(0.2107561284 0 0.3877705951)
(0.5236496389 0 0.6234382996)
(0.0853947007 0 0.3821065707)
(0.02495650289 0 0.3609355614)
(0.3584350903 0 0.8222919292)
(-0.002026570443 0 0.3410388894)
(-0.01340266037 0 0.3241781667)
(0.2515994601 0 0.831670134)
(-0.01834918328 0 0.3104917069)
(-0.01599503802 0 0.2991446653)
(0.1719454144 0 0.7897021952)
(-0.008673382476 0 0.2975297235)
(-0.02053184987 0 0.299729834)
(0.123830616 0 0.7000753744)
(-0.01589024875 0 0.2983674027)
(-0.01066840131 0 0.3044645447)
(0.09299248808 0 0.5853995056)
(-0.0323666055 0 0.3339275677)
(-0.0788260196 0 0.3880592569)
(0.06390750118 0 0.4693520716)
(-0.05437381168 0 0.4172206298)
(-0.136638239 0 0.3631870456)
(0.0519097374 0 0.4282759508)
(0.1285907537 0 -0.1133501358)
(0.4326012935 0 0.5536045225)
(0.785664462 0 0.9883260769)
(0.6687546364 0 0.7667362491)
(0.2976923207 0 0.1287180635)
(0.9131105842 0 1.269473672)
(0.2629971494 0 0.1855251041)
(0.5758169246 0 0.4351116789)
(0.6264060675 0 0.6862719626)
(0.7094069946 0 0.07722013509)
(1.857923537 0 0.2945571324)
(0.3402975608 0 -0.02007113007)
(0.9664895971 0 0.9441178642)
(0.8516490198 0 0.7909665019)
(0.7381696626 0 1.233823031)
(0.8382996327 0 0.7479555048)
(0.8021280808 0 0.7523700711)
(0.7668163453 0 0.8996850925)
(0.7607912989 0 0.7739635645)
(0.7207037107 0 0.802411711)
(0.7218021341 0 0.9246815729)
(0.6700179765 0 0.8207816752)
(0.6176090372 0 0.8382257705)
(0.6292423695 0 0.9217426542)
(0.5647797733 0 0.8085631105)
(0.5508253044 0 0.5364511248)
(0.4982870821 0 0.8363239016)
(0.6287640231 0 -0.03106354413)
(0.7144728316 0 -0.606937471)
(0.688626347 0 -0.5354491888)
(0.7784892811 0 -0.6575854405)
(0.8248790647 0 -0.6689838816)
(0.818533399 0 -0.6488284638)
(0.8604949309 0 -0.6878930672)
(0.8847704747 0 -0.7124617202)
(0.8940777404 0 -0.6937863533)
(0.891633871 0 -0.7340643533)
(0.8794466127 0 -0.7400992462)
(0.900384804 0 -0.7311198478)
(0.8551566161 0 -0.7165128397)
(0.8368808317 0 -0.6507312942)
(0.8717528924 0 -0.6855538041)
(0.8541291558 0 -0.5440861052)
(0.9080473358 0 -0.441549433)
(0.9474689397 0 -0.5616886458)
(0.9177907704 0 -0.3887179336)
(0.8580571974 0 -0.5254098153)
(0.9509811162 0 -0.5847540984)
(0.7830500208 0 -0.4942782282)
(0.6277264994 0 -0.4020053227)
(0.7165005844 0 -0.4567529351)
(0.4653583076 0 -0.2774219194)
(0.2842014123 0 0.1781287999)
(0.3446518821 0 -0.0691061869)
(0.2984984573 0 0.3228862703)
(-0.454148055 0 0.7185568048)
(-0.1942450348 0 0.4824121135)
(-0.6056413745 0 0.8268896712)
(-0.5680802806 0 0.8283681469)
(-0.3031633517 0 0.4767546611)
(-0.4563066034 0 0.7739635903)
(-0.293262212 0 0.6732096891)
(-0.2236403951 0 0.4404942337)
(-0.2519784785 0 0.2804013546)
(0.3191918305 0 -0.4113058586)
(-0.1673592805 0 0.3780484485)
(0.3654318224 0 -0.5124884776)
(0.4219098701 0 -0.6016744803)
(0.211102092 0 -0.173864191)
(0.515401034 0 -0.7809843185)
(0.5895982818 0 -0.9068684682)
(0.4660005376 0 -0.6862931629)
(0.6478419662 0 -0.9990248919)
(0.6928008868 0 -1.065544622)
(0.6544674558 0 -1.004442054)
(0.7271235569 0 -1.111472155)
(0.7534313339 0 -1.14101283)
(0.7514665629 0 -1.148950363)
(0.1999469602 0 -0.1387215355)
(0.2089292716 0 -0.01947888988)
(0.247136696 0 0.2033253656)
(0.2591107726 0 0.3018889194)
(0.3776997454 0 -0.005691016421)
(0.4038233355 0 0.02903755899)
(0.3047763896 0 -0.05117638214)
(0.3458538167 0 0.072140891)
(0.5362990697 0 0.2030507514)
(0.5551062527 0 0.1849116787)
(0.9095247786 0 0.324915474)
(1.409626414 0 0.3607562981)
(0.6907313383 0 0.3844207609)
(0.7321844789 0 0.4275286925)
(0.8201998155 0 0.5776792067)
(0.73758645 0 0.4713823078)
(0.6980489924 0 0.4721399706)
(0.777308715 0 0.6216866238)
(0.6542888227 0 0.4722967517)
(0.7099823195 0 0.5426470044)
(0.6855600345 0 0.6682389858)
(0.8886478934 0 0.4926917233)
(0.7163444595 0 0.07107286161)
(0.7030371318 0 0.6506984323)
(0.6165752475 0 -0.167384975)
(0.6065329722 0 -0.3583287402)
(0.6110860991 0 -0.02204803664)
(0.6261499772 0 -0.5558051245)
(0.7028932666 0 -0.624810465)
(0.7066075749 0 -0.6284764858)
(0.777735143 0 -0.6446911792)
(0.8277390855 0 -0.665758835)
(0.8276119616 0 -0.6743502721)
(0.8606820597 0 -0.683649051)
(0.886424943 0 -0.6990611706)
(0.8836283976 0 -0.7147399188)
(0.9040812541 0 -0.7091353148)
(0.9099792434 0 -0.7008211989)
(0.8887102057 0 -0.731467124)
(0.8979597605 0 -0.6580598207)
(0.8380670965 0 -0.5798539198)
(0.8624912116 0 -0.6024678859)
(0.6729020674 0 -0.5137842335)
(0.4324252069 0 -0.4878033529)
(0.8312028108 0 -0.391401769)
(0.2163282794 0 -0.4049404049)
(-0.3109308098 0 -0.4387081431)
(0.6907454992 0 -0.4491246288)
(0.5977196801 0 -0.384803799)
(0.4578491833 0 -0.2805187195)
(0.5391672612 0 -0.3517688133)
(0.273217833 0 -0.007102442548)
(0.189193944 0 0.1107232147)
(0.2508760956 0 0.1793149155)
(0.5141115858 0 -0.07893464316)
(0.72120063 0 1.176058309)
(-0.6444788449 0 1.004048512)
(0.743497679 0 2.093709331)
(0.7017014577 0 2.396801659)
(-0.7538134773 0 1.206017512)
(0.5841078998 0 2.29507783)
(0.4060896631 0 1.152564513)
(-0.1349138935 0 0.5978605416)
(0.2372116658 0 -0.5645305867)
(0.5099275458 0 -0.7169621729)
(0.4329905848 0 -0.5940858431)
(0.5448713122 0 -0.8439078021)
(0.5897817963 0 -0.9017912655)
(0.5336842953 0 -0.8123362364)
(0.6311944714 0 -0.9645272459)
(0.6664956205 0 -1.012581703)
(0.6412170251 0 -0.9880999429)
(0.6960815758 0 -1.04831781)
(0.7208529643 0 -1.07369011)
(0.712105258 0 -1.085073692)
(0.7413361153 0 -1.090062494)
(0.7576301862 0 -1.098333132)
(0.7586814493 0 -1.132403368)
(0.2304503545 0 -0.2122182965)
(0.2217948773 0 -0.2089652257)
(0.2368979976 0 -0.1914303528)
(0.2392736873 0 -0.1807103223)
(0.2591615932 0 -0.1232985545)
(0.2282465479 0 -0.09181787573)
(0.2548225165 0 -0.02204381079)
(0.2505446118 0 -0.04425226309)
(0.3006424963 0 -0.02426525145)
(0.3164930801 0 -0.0821373373)
(0.2502377882 0 -0.0899720282)
(0.1954291178 0 -0.0358923906)
(0.3391707731 0 -0.02155972082)
(0.2135665121 0 -0.09196345135)
(0.5018318135 0 0.1566834867)
(0.2458434361 0 -0.1686671074)
(0.3272611333 0 -0.110187813)
(0.5648077527 0 0.2100296252)
(0.4240296802 0 -0.1090845346)
(0.6347703369 0 -0.1082749736)
(0.5918874291 0 0.2280220966)
(0.9890544214 0 -0.06960444157)
(1.275409087 0 -0.02741577482)
(1.061658762 0 0.362537723)
(0.8115126884 0 -0.2669177093)
(0.6177065678 0 -0.4150300014)
(0.678032546 0 -0.2230738751)
(0.5560477188 0 -0.5538462224)
(0.5838982394 0 -0.5942360753)
(0.5841452046 0 -0.5327903407)
(0.6535546986 0 -0.6014209659)
(0.7314248566 0 -0.6012792802)
(0.7119028228 0 -0.6160329994)
(0.7944930107 0 -0.6055414099)
(0.8375291521 0 -0.6114242557)
(0.8306611762 0 -0.6452966236)
(0.8664456957 0 -0.6175756703)
(0.8870960476 0 -0.6254288121)
(0.8946361805 0 -0.6683041767)
(0.8955558504 0 -0.6316113417)
(0.8849059513 0 -0.6320329898)
(0.9194278932 0 -0.6610549219)
(0.8343101303 0 -0.6223437674)
(0.7119055244 0 -0.6013090721)
(0.7652113196 0 -0.589881905)
(0.5002599201 0 -0.5730863059)
(0.16028267 0 -0.575991586)
(0.2824429402 0 -0.4929996081)
(-0.8844419837 0 -0.7784102979)
(-0.7137746705 0 -0.5344542005)
(-0.3736419855 0 -0.4711819643)
(0.4418189488 0 -0.2469547214)
(0.3067051875 0 -0.02304146544)
(0.3867247209 0 -0.1964648466)
(0.222305579 0 0.1427092937)
(0.1679073258 0 0.1125034607)
(0.1861748947 0 0.107546463)
(0.4540377962 0 -0.1152120381)
(1.34085304 0 1.236564515)
(1.07148953 0 1.177966726)
(1.268783618 0 1.525812239)
(1.119523768 0 1.633815928)
(0.9711684251 0 1.934063606)
(0.6720110352 0 1.23139483)
(0.5329608267 0 -0.6101416184)
(0.1848265579 0 0.6547869322)
(0.5670214683 0 -0.6322837291)
(0.5621963485 0 -0.8571381505)
(0.5435118243 0 -0.7715509701)
(0.6048068338 0 -0.9194695153)
(0.6310699658 0 -0.9431459661)
(0.6187306959 0 -0.9368844261)
(0.6541435598 0 -0.9686995745)
(0.6728769488 0 -0.9870742847)
(0.6761755523 0 -1.008789083)
(0.6871824416 0 -0.9982469833)
(0.6964189786 0 -1.001931569)
(0.7160259077 0 -1.045169627)
(0.6993129355 0 -0.9974504769)
(0.6933005906 0 -0.982219247)
(0.7364278937 0 -1.05105245)
(0.6725478255 0 -0.9484377839)
(0.6194551644 0 -0.8682743568)
(0.7221866081 0 -1.01124984)
(-0.2694158935 0 -0.8984799797)
(-0.3112117381 0 -0.8573934529)
(-0.09791545201 0 -0.5836764561)
(-0.2966628998 0 -0.7477469859)
(-0.1558949779 0 -0.5474862758)
(-0.03564564371 0 -0.4100050262)
(0.3096104714 0 -0.09314164776)
(0.3160488199 0 -0.06029692831)
(0.2653558935 0 -0.05973450174)
(0.33637333 0 -0.07245185435)
(0.352302976 0 -0.1065271461)
(0.322405626 0 -0.1031143659)
(0.4027351358 0 -0.02839325579)
(0.2496076846 0 -0.1638951583)
(0.2209000802 0 -0.1333304263)
(0.2962857223 0 -0.2535035744)
(0.3582779681 0 -0.2566926344)
(0.3114544579 0 -0.2114136175)
(0.5158010937 0 -0.3226869073)
(0.7405416381 0 -0.3787111569)
(0.8036069271 0 -0.263777608)
(0.9419863912 0 -0.3916944868)
(1.007790169 0 -0.3692092052)
(1.189984336 0 -0.2263062633)
(0.6239535272 0 -0.5601851366)
(0.5746531752 0 -0.6339975229)
(0.5703931522 0 -0.5708480808)
(0.613223779 0 -0.6178413042)
(0.6673258658 0 -0.5784675798)
(0.6141355819 0 -0.5980885461)
(0.7310625649 0 -0.5573271797)
(0.7770750944 0 -0.5589443405)
(0.7594161338 0 -0.5780598244)
(0.7947017287 0 -0.5711425258)
(0.7774509922 0 -0.585812932)
(0.8292030588 0 -0.5860139445)
(0.7221534867 0 -0.6133265975)
(0.6422948798 0 -0.6541361991)
(0.7876563344 0 -0.6431339253)
(0.5803144352 0 -0.6838172336)
(0.5718113969 0 -0.7105733238)
(0.7407471935 0 -0.699608895)
(0.6075057205 0 -0.7906109691)
(0.5886423981 0 -0.8793472917)
(0.6756195129 0 -0.6887380284)
(0.3846092147 0 -0.8933158981)
(0.4719913515 0 -1.300095235)
(0.08052149014 0 -1.02787621)
(1.005357375 0 -1.317233298)
(1.688991083 0 -0.7851379494)
(-0.4259599976 0 -1.566975351)
(0.2661072011 0 0.8460190394)
(0.2069071743 0 0.7874377107)
(0.1506360483 0 0.8654226362)
(0.2030401066 0 0.7496757764)
(0.2200339736 0 0.6196655948)
(0.1448760931 0 0.8652410861)
(0.2851215956 0 0.4270616112)
(0.7855162549 0 0.6158437769)
(0.4915890534 0 0.743601543)
(0.9820736098 0 0.7806066555)
(0.5341365049 0 -0.5965373803)
(0.9227421271 0 1.045995792)
(0.5963834614 0 -0.5809328039)
(0.5698176406 0 -0.6805554273)
(0.6063631189 0 -0.5903942328)
(0.5750462824 0 -0.8079576971)
(0.5948716096 0 -0.8853245798)
(0.5817809131 0 -0.8822408767)
(0.6094557815 0 -0.8966638312)
(0.6194201017 0 -0.9001925302)
(0.6307399381 0 -0.9296368463)
(0.6273801399 0 -0.9034174534)
(0.6294401204 0 -0.9004055565)
(0.6572219325 0 -0.9508402417)
(0.6244626497 0 -0.888465446)
(0.610335352 0 -0.8648293871)
(0.6612036036 0 -0.9424307464)
(0.5833744622 0 -0.8245769806)
(0.5365993057 0 -0.7577480168)
(0.6260302358 0 -0.8844793074)
(0.4563549187 0 -0.6444705791)
(0.3214439955 0 -0.4544542959)
(0.4700932399 0 -0.6607549614)
(-0.1403330637 0 -1.29727473)
(-0.1531532094 0 -1.234133511)
(-0.2963589063 0 -0.947439448)
(-0.147650022 0 -0.9972188457)
(-0.08705799486 0 -0.4317079289)
(-0.04135500688 0 -0.4788858311)
(0.1025980562 0 0.1720833712)
(0.1879112075 0 -0.2465467696)
(0.2201282761 0 -0.1143610374)
(0.2652761781 0 -0.2089938015)
(0.2978999498 0 -0.2837291072)
(0.3302539285 0 -0.1602360914)
(0.3179109003 0 -0.285370545)
(0.2670794364 0 -0.3976105097)
(0.255240953 0 -0.280063939)
(0.3000893627 0 -0.4332735225)
(0.3197989399 0 -0.4597025621)
(0.3383154595 0 -0.3761176115)
(0.351453094 0 -0.4981794746)
(0.414953615 0 -0.5311675778)
(0.5367581903 0 -0.4830055596)
(0.500972374 0 -0.5481954613)
(0.5582237194 0 -0.5466391342)
(0.7496901207 0 -0.4877609361)
(0.5018728283 0 -0.5670426337)
(0.4646619786 0 -0.5703805892)
(0.571696761 0 -0.5998922775)
(0.06468768091 0 -0.6343250856)
(-0.7514235737 0 -0.7081610167)
(0.4179562376 0 -0.5719249038)
(0.6244138018 0 -0.5443608235)
(0.641551804 0 -0.607524939)
(0.7419063942 0 -0.5608827398)
(0.6632161153 0 -0.5981925496)
(0.6607233825 0 -0.5762238125)
(0.7202786866 0 -0.5733998411)
(0.6292308537 0 -0.5508492459)
(0.5559218834 0 -0.5444100847)
(0.5935862473 0 -0.5963402251)
(0.4659380933 0 -0.5956108787)
(0.3913863618 0 -0.724550431)
(0.5034738406 0 -0.7353174768)
(0.1875232556 0 -0.8188013391)
(-0.4529097343 0 -0.7299167423)
(0.09615954654 0 -0.9524256367)
(-0.9624869995 0 -0.5823861385)
(0.8144921049 0 -0.7332275851)
(0.7374413652 0 -0.9923499841)
(1.092780136 0 -0.5907720868)
(1.42638307 0 -0.3877418582)
(1.599700706 0 -0.5587909812)
(0.7550473915 0 0.4185241624)
(0.4344665096 0 0.4109321073)
(0.2530885172 0 0.4696622713)
(0.3113218467 0 0.2960802772)
(0.4015027173 0 -0.3045760123)
(0.3069385015 0 0.1585327802)
(0.4642577359 0 -0.5710520572)
(0.4559081583 0 -0.632331362)
(0.5270467406 0 -0.5522085214)
(0.4164690641 0 -0.663200704)
(0.3501463197 0 -0.669166716)
(0.5425059741 0 -0.6414191042)
(0.2191615034 0 -0.6389330158)
(0.07560898276 0 -0.5570162685)
(0.4526991755 0 -0.72934888)
(0.0611910636 0 -0.5034530645)
(0.3021745567 0 -0.5849229841)
(0.5568498226 0 -0.8577941608)
(0.5794982617 0 -0.7813371279)
(0.5760179763 0 -0.7973548743)
(0.5995195479 0 -0.8569185574)
(0.5653497262 0 -0.77142589)
(0.5473568254 0 -0.7464809386)
(0.5906980158 0 -0.833816064)
(0.5189159144 0 -0.7101923058)
(0.4762926793 0 -0.6563250301)
(0.5458123285 0 -0.769017868)
(0.414965023 0 -0.5772729356)
(0.3317428027 0 -0.4672973876)
(0.4334547648 0 -0.6120310988)
(0.2412287378 0 -0.3340165232)
(0.2531834831 0 0.1530750802)
(0.2363443692 0 -0.282771814)
(0.327249441 0 -0.6831916177)
(0.299926331 0 -0.6198311722)
(0.2786320276 0 -0.5724499409)
(0.2611065115 0 -0.557864575)
(0.2397180015 0 -0.5157744839)
(0.2123770148 0 -0.4081072756)
(0.2483782036 0 -0.4898297931)
(0.2698919972 0 -0.4763593875)
(0.287439098 0 -0.3624746694)
(0.2683800388 0 -0.4886601868)
(0.2760637638 0 -0.5053304443)
(0.2909046296 0 -0.4113550237)
(0.2697481144 0 -0.525838215)
(0.261345494 0 -0.5492741137)
(0.3002637378 0 -0.4845555548)
(0.2614688803 0 -0.5627408484)
(0.2759772386 0 -0.5702348464)
(0.3391353537 0 -0.5148426125)
(0.3175765131 0 -0.571089481)
(0.3778169514 0 -0.5675064894)
(0.3921628153 0 -0.5481002168)
(0.4306913697 0 -0.5648223332)
(0.4758401605 0 -0.5637673149)
(0.4899444296 0 -0.5847619177)
(0.5326083392 0 -0.5973633484)
(0.6481698157 0 -0.7603798688)
(0.506684868 0 -1.290117445)
(0.9422338776 0 -0.98832007)
(1.4996974 0 -0.7360644318)
(0.3996443488 0 -1.03948774)
(0.600823706 0 -0.2161037424)
(0.5812377925 0 -0.5996565063)
(0.5891591445 0 -0.5268973196)
(0.5572628436 0 -0.6204795793)
(0.5440880288 0 -0.6309357456)
(0.6021804561 0 -0.6150940817)
(0.5110986314 0 -0.6533950425)
(0.522630013 0 -0.7890980931)
(0.5343241579 0 -0.6737131471)
(0.7096262165 0 -1.095936755)
(-2.774614087 0 -1.254852172)
(0.6017063283 0 -1.065729657)
(1.022898806 0 -1.233891736)
(1.172008405 0 -1.061818453)
(0.5757343182 0 -1.071479143)
(2.083619304 0 0.07580840761)
(1.588634087 0 0.8628764806)
(1.235587378 0 0.6276316388)
(1.530625676 0 1.118973915)
(1.477643317 0 1.07899454)
(1.317749047 0 1.034813383)
(1.286844996 0 0.8514051604)
(0.8714382565 0 0.5771639177)
(0.7347716492 0 0.5247398393)
(0.4797789303 0 -0.04840223254)
(0.4387517658 0 -0.5042856045)
(0.4375859942 0 -0.4532182632)
(0.365050796 0 -0.5793510048)
(0.2606284188 0 -0.5963857255)
(0.3626741536 0 -0.6228454188)
(0.1233572342 0 -0.5652342642)
(-0.0692959213 0 -0.4954615605)
(0.1424257427 0 -0.5670754562)
(-0.3155203891 0 -0.4169291282)
(-0.4194805419 0 -0.3584696502)
(-0.3744087754 0 -0.3391326497)
(-0.1128170212 0 -0.3618633937)
(0.2766460668 0 -0.4536902603)
(0.1755930129 0 -0.4997671667)
(0.5658859855 0 -0.5998362742)
(0.5825476638 0 -0.6019450521)
(0.5588942076 0 -0.7073138825)
(0.5625140579 0 -0.5730460892)
(0.5130858509 0 -0.524955096)
(0.5156637121 0 -0.6375257824)
(0.4720188221 0 -0.4701556184)
(0.4173054542 0 -0.4108546514)
(0.4269761395 0 -0.53121593)
(0.3286633067 0 -0.3558854484)
(0.2110281441 0 -0.2393258246)
(0.2438852539 0 -0.341602849)
(0.3230067493 0 -0.02107109297)
(0.2914336644 0 0.1734193277)
(0.295243698 0 0.2067137548)
(0.2942450529 0 -0.6120481532)
(0.289150144 0 -0.6076812391)
(0.2918827007 0 -0.6144374246)
(0.2778832397 0 -0.59920124)
(0.2719278954 0 -0.5959738217)
(0.2596610578 0 -0.5680265524)
(0.2756765719 0 -0.5991793727)
(0.2802314845 0 -0.6092060727)
(0.2830422931 0 -0.562466807)
(0.27846064 0 -0.6318708533)
(0.2753629034 0 -0.6629874003)
(0.2796795559 0 -0.6108464505)
(0.2690151647 0 -0.6893468511)
(0.2600835663 0 -0.6987987979)
(0.2483354375 0 -0.6615254459)
(0.2496318332 0 -0.6859100548)
(0.2493763777 0 -0.6544230556)
(0.2593226543 0 -0.6123027786)
(0.2800186914 0 -0.6153999369)
(0.3424076621 0 -0.58631176)
(0.3629115114 0 -0.5457064826)
(0.4000600717 0 -0.5774668794)
(0.4431287545 0 -0.5531653727)
(0.4638598402 0 -0.5538903465)
(0.492309719 0 -0.5205581695)
(0.544167295 0 -0.5102002258)
(0.5924655161 0 -0.5731102326)
(0.6130207423 0 -0.5198298133)
(0.7416769836 0 -0.5162391871)
(1.125600678 0 -0.6085227697)
(0.5584406408 0 -0.4757713731)
(0.5391048079 0 -0.4835746506)
(0.558021072 0 -0.5560333336)
(0.5041947451 0 -0.4938508334)
(0.4494606206 0 -0.54305562)
(0.490142347 0 -0.6011761635)
(0.3607687765 0 -0.595128294)
(0.4160982401 0 -0.6326554741)
(0.479633975 0 -0.7887903268)
(0.9545825929 0 -0.8819937201)
(7.594113788 0 -0.959232454)
(3.765194301 0 -3.069335889)
(1.551955334 0 -0.9060127366)
(1.773381992 0 -0.7666978542)
(1.563063969 0 -0.9329636603)
(2.586615707 0 0.122141907)
(2.148247126 0 0.7559196952)
(1.891102621 0 0.8385764848)
(1.846342706 0 0.9825396202)
(1.535314193 0 0.8814644654)
(1.560587492 0 1.001152314)
(1.158111028 0 0.7054234712)
(0.7774899423 0 0.558679704)
(0.8625965463 0 0.5793763996)
(0.4981841715 0 -0.2742149944)
(0.4257697127 0 -0.5485754309)
(0.4266267914 0 -0.5326775108)
(0.3401534403 0 -0.575186998)
(0.2515477084 0 -0.5530032026)
(0.217851319 0 -0.5764911452)
(0.1352367849 0 -0.5070273695)
(-0.01698908918 0 -0.4548550605)
(-0.09886935485 0 -0.4748920257)
(-0.1846027302 0 -0.4294767382)
(-0.1423511962 0 -0.4761532004)
(-0.2825078623 0 -0.3757639258)
(-0.04320412277 0 -0.4701899065)
(0.08632631327 0 -0.3866433948)
(0.1623270641 0 -0.3431133604)
(0.2178395766 0 -0.2926918128)
(0.2738948043 0 0.1052858828)
(0.5212606117 0 -0.4462210377)
(0.3105409319 0 0.1909696645)
(0.5375548677 0 -0.2934325574)
(0.5631937303 0 -0.4579744759)
(0.5464244036 0 -0.3512779622)
(0.4363432701 0 -0.2381670009)
(0.4253262808 0 -0.3130709572)
(0.02509387703 0 -0.07836262081)
(-0.02232638146 0 0.02579602126)
(0.2603406745 0 -0.1164276115)
(0.7183260776 0 0.006518617651)
(1.449862538 0 0.7906331109)
(0.655884684 0 0.5809329375)
(0.284899648 0 -0.6284703345)
(0.2926351449 0 -0.639888438)
(0.2879915471 0 -0.6204949194)
(0.2985527532 0 -0.6522336648)
(0.3071372164 0 -0.6734888088)
(0.2850108402 0 -0.6416572181)
(0.3209394899 0 -0.7092684391)
(0.3371943082 0 -0.7588079657)
(0.2919178037 0 -0.6999494237)
(0.3522861739 0 -0.8133071784)
(0.3644854527 0 -0.8599071026)
(0.302171542 0 -0.768315449)
(0.3701621803 0 -0.8864419939)
(0.3657995337 0 -0.8759557303)
(0.2971761499 0 -0.7753192764)
(0.3565851239 0 -0.8036497)
(0.3671880681 0 -0.6757924279)
(0.2742953778 0 -0.6825330487)
(0.404459105 0 -0.5733460581)
(0.4399137713 0 -0.5301358601)
(0.3612765691 0 -0.573553368)
(0.4605144237 0 -0.5128804421)
(0.4762351014 0 -0.5419195181)
(0.4383254588 0 -0.5458126838)
(0.4819601878 0 -0.4962035817)
(0.4888394492 0 -0.4539970062)
(0.506172238 0 -0.4718875677)
(0.5011602473 0 -0.4294830883)
(0.5106717519 0 -0.4177405677)
(0.570174916 0 -0.4532150276)
(0.5077223762 0 -0.400292303)
(0.4982101189 0 -0.3828144803)
(0.5184359504 0 -0.419910159)
(0.4678405672 0 -0.3891502845)
(0.3929066973 0 -0.4615785437)
(0.4188296205 0 -0.4928572811)
(0.2330931846 0 -0.504193269)
(-0.2182607812 0 -0.487114092)
(0.4806230259 0 -0.6075345533)
(1.116518713 0 -0.4337869782)
(1.822452684 0 -0.3400595652)
(1.39819693 0 -0.6689841601)
(1.883657616 0 -0.1361807059)
(1.723948436 0 -0.230277525)
(1.790659928 0 -0.5785071496)
(2.959216338 0 0.1683433224)
(2.402774327 0 0.5782266381)
(2.329973123 0 0.6618294204)
(1.766342797 0 0.728901145)
(1.177530632 0 0.6636149917)
(1.381886213 0 0.758342889)
(0.8105082083 0 0.5614812066)
(0.624977913 0 0.3941567088)
(0.6802464522 0 0.5004006056)
(0.5018721258 0 -0.4620687593)
(0.4701005705 0 -0.5433658002)
(0.4404306613 0 -0.5532541648)
(0.4298561392 0 -0.5426386323)
(0.3718047277 0 -0.5036053334)
(0.3103078177 0 -0.5307296324)
(0.2919842776 0 -0.4549036601)
(0.1766552966 0 -0.4028352361)
(0.09951335416 0 -0.4272747029)
(-0.1633752987 0 -0.4173578295)
(-0.6729776817 0 -0.671631349)
(-0.7182775537 0 -0.4774239596)
(-1.871936226 0 -0.8355555216)
(-2.747845757 0 -0.09081835251)
(-0.1235635488 0 -0.3605295832)
(-2.177591739 0 0.627225864)
(-0.8647746504 0 0.2283571008)
(0.1332407044 0 -0.158636146)
(0.1924338922 0 -0.08040367423)
(0.1209064002 0 0.03422318843)
(0.2785641451 0 0.09662827326)
(0.2142323022 0 0.005597877528)
(0.2159525078 0 -0.09880882504)
(0.4455979505 0 -0.237753967)
(0.1865600064 0 -0.2165152981)
(0.1505587205 0 -0.1136160039)
(0.1040013656 0 0.02106720557)
(0.2816941796 0 -0.1695364688)
(1.193384591 0 0.3647105135)
(1.234963563 0 0.458877797)
(0.3092315683 0 -0.6677579731)
(0.3158456386 0 -0.6761387186)
(0.3024030672 0 -0.6593301654)
(0.3226346181 0 -0.6848376889)
(0.3335349118 0 -0.6979006944)
(0.3238306866 0 -0.6895176309)
(0.3540895048 0 -0.7232223532)
(0.3877153726 0 -0.7660803444)
(0.3730135118 0 -0.7750264536)
(0.4306915154 0 -0.8196224122)
(0.4760059346 0 -0.8679627905)
(0.4321803733 0 -0.8856452555)
(0.5205073199 0 -0.89556614)
(0.5637650704 0 -0.885354914)
(0.483083665 0 -0.9083908344)
(0.5976708884 0 -0.8174709518)
(0.6032580375 0 -0.701920884)
(0.5148318275 0 -0.6832389828)
(0.5792914907 0 -0.6029145043)
(0.5551567936 0 -0.5567929695)
(0.5148033837 0 -0.5309047691)
(0.547155767 0 -0.5438372661)
(0.53876403 0 -0.5617103068)
(0.5175330596 0 -0.5502233454)
(0.5321400951 0 -0.5252536966)
(0.5200905344 0 -0.4814077097)
(0.5009431395 0 -0.4647945477)
(0.4966299375 0 -0.4435870481)
(0.4763783121 0 -0.4232312885)
(0.4862093471 0 -0.4123080729)
(0.4625607113 0 -0.4057673586)
(0.4318428665 0 -0.3908684715)
(0.4753462985 0 -0.3772360356)
(0.1784607614 0 -0.4238904739)
(-0.4633702391 0 -0.5375645182)
(-0.004407483983 0 -0.4672069159)
(-0.8635389484 0 -0.576528174)
(-1.12931718 0 -0.4717355447)
(-1.007886005 0 -0.4721181233)
(0.7854321201 0 -0.2263321764)
(1.37661761 0 -0.200536129)
(1.834823513 0 -0.2280974395)
(3.386880925 0 0.7623363001)
(2.338806945 0 0.8438705606)
(1.934744883 0 0.3657428355)
(2.918525947 0 0.2942334949)
(2.273441666 0 0.5312481885)
(2.367408674 0 0.5272910368)
(1.559657389 0 0.6989316848)
(1.031831612 0 0.6230291588)
(1.083192495 0 0.6265431315)
(0.6665753559 0 0.4533212457)
(0.6057445643 0 0.2098559153)
(0.6218483791 0 0.2979897124)
(0.5993408076 0 -0.4647259406)
(0.5787834962 0 -0.5114939113)
(0.5147230056 0 -0.52488217)
(0.5591697541 0 -0.4930364656)
(0.4639361903 0 -0.4308118879)
(0.4322049192 0 -0.4746740577)
(-0.8902184957 0 0.1742399485)
(0.3637972888 0 -0.3208718007)
(0.2679518901 0 -0.3634844105)
(0.294590269 0 -0.1986918036)
(0.3500016774 0 -0.1698812181)
(0.337516986 0 -0.2385287581)
(0.1837520191 0 -0.2443295039)
(-1.057915508 0 0.5255983608)
(-1.464130054 0 0.148653705)
(-1.106792006 0 1.268154622)
(-0.7038386903 0 1.250636358)
(-0.5711666612 0 0.6038675242)
(-0.3630899626 0 0.8460229943)
(0.1395206687 0 -0.08917655883)
(0.08706339251 0 -0.1430211197)
(0.1693933485 0 -0.06505146384)
(0.1774297922 0 -0.05260879173)
(-0.1577827036 0 0.1016375766)
(0.06162156965 0 -0.03770217085)
(0.1908236171 0 -0.1114495404)
(0.1668109514 0 -0.2026842288)
(0.2282446139 0 -0.1074753469)
(0.7852140619 0 0.1724391863)
(1.158901983 0 0.2916403735)
(0.3294616827 0 -0.6873925981)
(0.3317930488 0 -0.6950115045)
(0.3271415411 0 -0.6884625905)
(0.3325854043 0 -0.7011098993)
(0.3335442481 0 -0.7057686686)
(0.3364084564 0 -0.7039013618)
(0.3382825451 0 -0.7114822608)
(0.3555172648 0 -0.7246571483)
(0.3798982494 0 -0.7471284098)
(0.3945337961 0 -0.7506658527)
(0.4530401252 0 -0.783151814)
(0.4837638455 0 -0.8310528376)
(0.5168889028 0 -0.8049966378)
(0.5723341548 0 -0.8008357023)
(0.5906758637 0 -0.8457528842)
(0.6080995808 0 -0.7636288864)
(0.6117602319 0 -0.6987741003)
(0.6290503398 0 -0.7084392991)
(0.5795941038 0 -0.6294861484)
(0.5341996801 0 -0.5845381784)
(0.5606114701 0 -0.5789237648)
(0.510228046 0 -0.5689702798)
(0.5098560657 0 -0.5548718626)
(0.536936502 0 -0.5654187292)
(0.5053802814 0 -0.5100748507)
(0.4909645323 0 -0.4641563004)
(0.5219443425 0 -0.4831645822)
(0.4603239309 0 -0.416134138)
(0.4254449367 0 -0.3733358393)
(0.4696846545 0 -0.4196389064)
(0.381380599 0 -0.3488232508)
(0.2648616967 0 -0.4035470319)
(0.3808305504 0 -0.393715695)
(0.004811669503 0 -0.5758553473)
(-0.2968103089 0 -0.7841861898)
(-0.4662655427 0 -0.6260819574)
(-0.6095573863 0 -0.7949701274)
(-0.5834364957 0 -0.4514846437)
(-1.014511664 0 -0.4711519546)
(0.6312970283 0 -0.155428712)
(0.6665689402 0 -0.2323864559)
(1.029827585 0 -0.1566655232)
(2.454605016 0 0.4298667605)
(1.34946656 0 0.02072751877)
(2.525335512 0 0.9148329058)
(0.7123274732 0 -0.2284052446)
(0.2516749807 0 -0.1345108446)
(2.019687071 0 0.6803859729)
(0.1858044143 0 -0.02141827868)
(0.1447405891 0 0.08452362601)
(0.6600457837 0 0.2149837072)
(-0.05338672191 0 -0.1892059825)
(-0.2277160263 0 -0.3965435101)
(0.08995858686 0 -0.05926117598)
(-0.232114621 0 -0.2806236429)
(0.04381258762 0 -0.1475579243)
(0.5544417741 0 -0.4860357053)
(0.3566307707 0 -0.6104824172)
(0.4706546797 0 -2.317891278)
(0.4898592841 0 -0.4568888306)
(0.1184740624 0 2.684094702)
(0.2799666908 0 4.076670029)
(-0.3220891401 0 0.04632443149)
(0.3484470376 0 3.60342672)
(0.4015788845 0 2.166195637)
(0.3829073572 0 -0.1592955224)
(0.0825737291 0 0.5136207725)
(0.5312847481 0 0.1596580435)
(-0.6839684219 0 2.311390354)
(0.4977791995 0 0.2182149314)
(0.1553808514 0 0.06538975892)
(-0.2467087469 0 2.513136899)
(0.05136391944 0 0.05655029456)
(0.05082144401 0 0.09380847093)
(-0.07348648213 0 1.534084783)
(0.06771870677 0 0.1816711733)
(0.1004779793 0 0.1573440068)
(0.1360853115 0 0.0784492052)
(0.1747602514 0 0.09925711757)
(0.1578764408 0 0.1272477397)
(0.188829664 0 0.01827232246)
(0.1341172944 0 0.2082939933)
(0.1541935358 0 0.2869171776)
(0.2114227748 0 0.2355790038)
(0.3055744294 0 -0.6895944685)
(0.3019410964 0 -0.688581977)
(0.3205911363 0 -0.7007690754)
(0.2985509112 0 -0.6847892346)
(0.2950683914 0 -0.6773070625)
(0.3224729685 0 -0.7019858266)
(0.2959949806 0 -0.6673705258)
(0.3139849408 0 -0.6621502483)
(0.3886418949 0 -0.7256650997)
(0.356871127 0 -0.6668768765)
(0.4109931057 0 -0.6716861346)
(0.5108713639 0 -0.7458478344)
(0.4529792723 0 -0.6610338866)
(0.4653505492 0 -0.6288252342)
(0.5570331922 0 -0.6737244427)
(0.4404780943 0 -0.5817976426)
(0.3939306038 0 -0.5378655033)
(0.476204578 0 -0.5705907712)
(0.3730576014 0 -0.5095691575)
(0.3797983154 0 -0.4792946339)
(0.4548086031 0 -0.5259613908)
(0.3661742185 0 -0.4350433351)
(0.3365214147 0 -0.4059154675)
(0.420558493 0 -0.4359034168)
(0.3010901849 0 -0.4198674239)
(0.2813320676 0 -0.4957829244)
(0.2821152715 0 -0.6128041048)
(0.2857874331 0 -0.602540085)
(0.3048924931 0 -0.6856682767)
(0.07336266504 0 -1.054390486)
(0.3370861223 0 -0.7104704346)
(0.4251512417 0 -0.6609566553)
(-0.149095962 0 -1.329196378)
(0.5865855673 0 -0.5329722517)
(0.5590821013 0 -0.3828766262)
(-0.5874362005 0 -0.7562923877)
(0.3461876762 0 -0.1775693627)
(0.6639167404 0 0.1130094744)
(0.2143649539 0 0.7808919549)
(0.7731577454 0 -0.3234052405)
(0.5399038943 0 -0.4527283038)
(0.6957738965 0 -0.3835565464)
(0.3393647006 0 -0.1737878783)
(0.08820329185 0 -0.3724505994)
(0.371488266 0 -0.1442726249)
(-0.1492240273 0 -0.5427730788)
(-0.2101074997 0 -0.5503902977)
(0.1597358869 0 -0.4369726324)
(-0.1832444351 0 -0.4938292621)
(-0.1752192588 0 -0.450541392)
(0.1296682654 0 -0.4682615818)
(-0.1789386282 0 -0.3953305775)
(-0.1332799604 0 -0.3455709294)
(0.2920088154 0 -0.351106766)
(-0.02201028456 0 -0.2924846875)
(0.04436365406 0 -0.2358944302)
(0.5084999794 0 -0.3878286825)
(0.6965169149 0 0.02533649902)
(-0.07669633643 0 -0.1035930322)
(0.9150017427 0 0.7377184131)
(-0.1536300242 0 -0.09225955047)
(-0.1631696871 0 -0.03196489402)
(0.4741026707 0 0.04699052112)
(-0.2216774043 0 -0.03667254592)
(0.07003210033 0 -0.07677005217)
(-0.004392609032 0 -0.08514278486)
(0.2012753095 0 -0.01475848286)
(-0.02141899258 0 -0.07010297232)
(0.1119681883 0 -0.09522717853)
(0.0953022109 0 -0.145256705)
(0.08645787469 0 -0.03552793053)
(0.01095782534 0 0.1279961034)
(0.04258324524 0 -0.02611041478)
(0.05131844031 0 0.02206288293)
(0.02546214814 0 0.1251398963)
(0.09246142358 0 0.04169778988)
(0.08191534469 0 0.1032981617)
(0.09627720987 0 0.1518824358)
(0.3070714437 0 -0.6676051477)
(0.3019974842 0 -0.6618890689)
(0.2961383122 0 -0.6745163589)
(0.3001833244 0 -0.6537641359)
(0.3001913364 0 -0.6413465959)
(0.288154268 0 -0.6556966573)
(0.2989461052 0 -0.6208599681)
(0.2951836239 0 -0.5917193399)
(0.2772403209 0 -0.6124489183)
(0.2924352503 0 -0.5604970745)
(0.2963589846 0 -0.5363113636)
(0.3101724549 0 -0.5839768785)
(0.3081417255 0 -0.5209428085)
(0.323002345 0 -0.508366745)
(0.3572620402 0 -0.560348748)
(0.3357006642 0 -0.4922968959)
(0.3427906964 0 -0.4694498442)
(0.3310903764 0 -0.4965407613)
(0.3367846372 0 -0.4392383443)
(0.31328165 0 -0.4199690895)
(0.3232586496 0 -0.4347525604)
(0.2858914044 0 -0.4357032759)
(0.2684503926 0 -0.4759717088)
(0.2791198508 0 -0.4387428635)
(0.2607197548 0 -0.5177778889)
(0.2616789703 0 -0.5511339673)
(0.251280562 0 -0.5394915173)
(0.2731226506 0 -0.5765027898)
(0.2982394319 0 -0.5972675833)
(0.2890305289 0 -0.6395813257)
(0.3371187367 0 -0.609801403)
(0.3842084737 0 -0.5998244479)
(0.3886787351 0 -0.6296522633)
(0.4247886959 0 -0.5546874257)
(0.431820336 0 -0.4815976432)
(0.4475227919 0 -0.4690443094)
(0.4377477058 0 -0.455913116)
(0.5880565941 0 -0.4182272095)
(0.6378781974 0 -0.2692719783)
(0.661437064 0 -0.3119596684)
(0.4382298711 0 -0.2668077112)
(0.5212890224 0 -0.3069301245)
(0.01245581526 0 -0.4638017533)
(0.04788845902 0 -0.5270578095)
(-0.03621600425 0 -0.5961748991)
(0.12918045 0 -0.4741082391)
(0.1813942974 0 -0.4506955787)
(-0.05237400436 0 -0.5957152837)
(0.2170772464 0 -0.4303131429)
(0.2008410541 0 -0.3988738929)
(0.004899137601 0 -0.6102554518)
(0.1406088482 0 -0.3906148935)
(0.09042127744 0 -0.4167906994)
(0.08519901991 0 -0.5572046931)
(0.0598515129 0 -0.4427372663)
(0.01563772136 0 -0.44927497)
(0.1635730617 0 -0.3634270372)
(-0.06758327909 0 -0.45207737)
(-0.1827617972 0 -0.5165677225)
(0.2586745641 0 -0.1223859928)
(-0.3208412847 0 -0.6284836086)
(-0.3795660853 0 -0.6650694319)
(0.1976240042 0 0.02378355547)
(-0.4022861615 0 -0.6818748991)
(-0.5044043774 0 -0.6630588958)
(0.09924867675 0 0.1811037723)
(-0.5292542415 0 -0.5713675476)
(-0.4219805319 0 -0.4578948796)
(-0.2678945589 0 -0.3692506977)
(-0.3163457744 0 -0.3331767871)
(-0.1433189628 0 -0.1794968912)
(0.06603187759 0 -0.1433467852)
(0.08647655213 0 -0.1189188834)
(0.1409058913 0 -0.04910537734)
(0.04890329385 0 0.03190639792)
(0.1137934593 0 -0.006059616168)
(0.1618509955 0 -0.0004421927299)
(0.09973652763 0 0.06746722956)
(0.3249737326 0 -0.628645442)
(0.3375701077 0 -0.6197965455)
(0.3129965774 0 -0.645011288)
(0.3579330176 0 -0.6182149667)
(0.3761998914 0 -0.6174226106)
(0.3305126421 0 -0.6284684283)
(0.3891790657 0 -0.6121827513)
(0.39606616 0 -0.5993269191)
(0.341202096 0 -0.5898640831)
(0.3967246097 0 -0.5768754933)
(0.3942197143 0 -0.5480751839)
(0.3413676691 0 -0.5327499557)
(0.3942377351 0 -0.5205416747)
(0.3978347235 0 -0.4967812575)
(0.3593003952 0 -0.4951965665)
(0.4008641593 0 -0.473835075)
(0.3962042707 0 -0.4488122134)
(0.3736893623 0 -0.4537440702)
(0.3757275104 0 -0.4257764354)
(0.3402628904 0 -0.4248460933)
(0.3235431119 0 -0.4211459152)
(0.3081709776 0 -0.4535678499)
(0.288640377 0 -0.4911874669)
(0.2746738968 0 -0.4906130783)
(0.2765484323 0 -0.5211386137)
(0.2660194956 0 -0.5374981712)
(0.2611263123 0 -0.5480294225)
(0.2537884938 0 -0.5398974324)
(0.2384928282 0 -0.5308165517)
(0.2592285719 0 -0.5599535416)
(0.2201575036 0 -0.5136902003)
(0.1995019748 0 -0.4911276162)
(0.2819590588 0 -0.5442916575)
(0.1733749058 0 -0.461548866)
(0.1275498474 0 -0.4197643371)
(0.2715962783 0 -0.4500396805)
(0.05705774502 0 -0.3988645014)
(0.1245525364 0 -0.4092529369)
(0.399374408 0 -0.4628135064)
(0.2349461859 0 -0.3333550626)
(-0.13272219 0 -0.3217227581)
(-0.01616134605 0 -0.2611271597)
(-0.1102320998 0 -0.2665225271)
(-0.1783272012 0 -0.202443376)
(-0.1035104657 0 -0.2191708893)
(-0.2743551281 0 -0.1956851754)
(-0.3585246428 0 -0.2168960023)
(-0.08119647918 0 -0.1291775132)
(-0.4407904025 0 -0.2601448608)
(-0.5143610177 0 -0.3096961197)
(-0.3166758187 0 -0.3526101238)
(-0.5559999889 0 -0.3433532526)
(-0.5844343656 0 -0.383908645)
(-0.499871445 0 -0.4742126402)
(-0.6096336167 0 -0.4295859893)
(-0.63451603 0 -0.4775659125)
(-0.6259332428 0 -0.5492711388)
(-0.658044583 0 -0.5270863038)
(-0.67808691 0 -0.5793804655)
(-0.7364786655 0 -0.6300199821)
(-0.6933852113 0 -0.634239575)
(-0.6995288245 0 -0.6825769321)
(-0.7440270902 0 -0.6800350815)
(-0.6903714672 0 -0.7110790033)
(-0.6664290187 0 -0.7122862572)
(-0.6439024803 0 -0.6607134597)
(-0.6292466848 0 -0.6888831782)
(-0.5756401891 0 -0.6432040028)
(-0.4958520775 0 -0.5535689877)
(-0.4980198943 0 -0.5693677761)
(-0.3893323962 0 -0.456527962)
(-0.3197284877 0 -0.3413835729)
(-0.2583826433 0 -0.2897236443)
(-0.1415700143 0 0.02251631611)
(0.04452895345 0 -0.05146289338)
(0.1708322611 0 -0.1197450764)
(0.1962685175 0 -0.06815626913)
(0.1960462416 0 -0.02733075971)
(0.448391489 0 -0.5964918176)
(0.4634002401 0 -0.6131490956)
(0.4243810442 0 -0.6127888405)
(0.4761937055 0 -0.6251222877)
(0.4885583303 0 -0.6311572678)
(0.4481635423 0 -0.6152977066)
(0.4987505316 0 -0.630016377)
(0.5020576208 0 -0.6155668841)
(0.4501055879 0 -0.5788659795)
(0.4968595868 0 -0.5869312037)
(0.4861599161 0 -0.5523000261)
(0.4386195614 0 -0.5155827075)
(0.4718735428 0 -0.5177436909)
(0.453167714 0 -0.4847325302)
(0.4204308376 0 -0.4590207246)
(0.4273431108 0 -0.4551970161)
(0.3936778322 0 -0.4381313494)
(0.3637201671 0 -0.4295244174)
(0.3604022811 0 -0.4433929935)
(0.337091114 0 -0.4645235781)
(0.3108168204 0 -0.4815295653)
(0.3228038417 0 -0.4863329384)
(0.3114732689 0 -0.4989971654)
(0.2851889304 0 -0.5218638417)
(0.2984092251 0 -0.4991836404)
(0.2813472084 0 -0.4879564431)
(0.2505438843 0 -0.5115625087)
(0.25956979 0 -0.4684869051)
(0.2332294441 0 -0.4440477837)
(0.1919786275 0 -0.4711041747)
(0.2034580153 0 -0.4170180913)
(0.1718383579 0 -0.3880732083)
(0.1079720499 0 -0.4246068921)
(0.1368712267 0 -0.3554246345)
(0.08851551438 0 -0.3184552585)
(0.02470770998 0 -0.3617931916)
(0.01550783611 0 -0.2868020608)
(-0.07142557721 0 -0.2778770195)
(-0.0544144218 0 -0.2752117064)
(-0.1198526997 0 -0.2574896467)
(-0.1393959222 0 -0.2161850065)
(-0.1900820842 0 -0.2387892065)
(-0.1487078003 0 -0.1817654755)
(-0.1646977157 0 -0.1459154295)
(-0.2610898691 0 -0.1857093564)
(-0.178224946 0 -0.1494115923)
(-0.2386472305 0 -0.2241439465)
(-0.3211718219 0 -0.2658007215)
(-0.305148014 0 -0.2596099309)
(-0.3630153488 0 -0.2989930363)
(-0.4335433842 0 -0.3484637664)
(-0.4162694273 0 -0.3446007339)
(-0.4687918668 0 -0.3912064703)
(-0.5299879922 0 -0.4393589622)
(-0.5244673365 0 -0.4414976752)
(-0.5859098636 0 -0.5015058975)
(-0.6269319264 0 -0.5470763311)
(-0.6511348398 0 -0.5804182365)
(-0.7067806711 0 -0.6643384128)
(-0.7062916964 0 -0.6812228158)
(-0.7426812101 0 -0.7378409428)
(-0.7571933176 0 -0.7866713999)
(-0.7153801685 0 -0.7562816652)
(-0.7532314848 0 -0.8068111456)
(-0.7315173962 0 -0.8033670357)
(-0.6549184287 0 -0.7269746469)
(-0.6834924449 0 -0.7711947103)
(-0.5834256125 0 -0.6834928485)
(-0.4692828762 0 -0.5581144991)
(-0.3618039709 0 -0.4799993949)
(-0.01309205517 0 -0.1965660966)
(0.1200455555 0 -0.1090600681)
(0.5044161931 0 -0.6252913846)
(0.5200512022 0 -0.6387480075)
(0.5156361794 0 -0.6407140499)
(0.5367291861 0 -0.6500283476)
(0.5505602339 0 -0.6544502666)
(0.5431966183 0 -0.6436496888)
(0.5581179711 0 -0.6468562786)
(0.558132865 0 -0.6269265981)
(0.5365552023 0 -0.5948603068)
(0.5496573885 0 -0.59633637)
(0.5310291375 0 -0.5573364655)
(0.4945424243 0 -0.5205549546)
(0.5019541046 0 -0.5145173651)
(0.465559832 0 -0.4739854545)
(0.4287723069 0 -0.4532628773)
(0.4272894686 0 -0.4428735508)
(0.3937301118 0 -0.4286455754)
(0.3647021009 0 -0.4447923615)
(0.3703469307 0 -0.4291173195)
(0.3552913613 0 -0.4337844497)
(0.3357215412 0 -0.4687189481)
(0.3428566348 0 -0.4331109415)
(0.3281988769 0 -0.4227595838)
(0.3096171869 0 -0.4577798905)
(0.3085734469 0 -0.4027947207)
(0.2824036598 0 -0.3754307703)
(0.265882558 0 -0.4104302747)
(0.2478565337 0 -0.3434450994)
(0.2013904904 0 -0.3103044353)
(0.1978980571 0 -0.3465473593)
(0.1375680095 0 -0.2820671508)
(0.06556095363 0 -0.2652788423)
(0.07408937683 0 -0.2860725426)
(0.03749158977 0 -0.2485127411)
(0.04341169348 0 -0.2218120336)
(-0.04442852705 0 -0.2514100529)
(0.04711648837 0 -0.1890719089)
(0.04691684244 0 -0.1553449257)
(-0.05860097356 0 -0.182450105)
(0.03385455182 0 -0.1363663521)
(-0.04474247789 0 -0.1013687866)
(-0.1038420531 0 -0.1188684738)
(-0.05773138354 0 -0.1082425535)
(-0.158170119 0 -0.2067664442)
(-0.1824247573 0 -0.204575802)
(-0.1813700565 0 -0.2317771103)
(-0.2225937105 0 -0.1912114119)
(-0.2986476518 0 -0.2397393623)
(-0.2843827205 0 -0.2196666102)
(-0.3405254489 0 -0.2612382464)
(-0.4101573809 0 -0.3310779045)
(-0.3938870293 0 -0.3033412892)
(-0.4560796213 0 -0.3468668465)
(-0.5327723251 0 -0.4359482942)
(-0.5542589687 0 -0.4493262964)
(-0.6558331192 0 -0.5638318926)
(-0.6922233646 0 -0.6260310715)
(-0.740713252 0 -0.6799059249)
(-0.801643588 0 -0.7852347013)
(-0.7870979891 0 -0.7979461894)
(-0.8358130088 0 -0.8572399771)
(-0.8518103798 0 -0.9041980553)
(-0.8002875871 0 -0.8661732093)
(-0.857767191 0 -0.9421723132)
(-0.8627585935 0 -0.9688874701)
(-0.7302156543 0 -0.8340061239)
(0.4935705872 0 -0.5987918479)
(0.5054626278 0 -0.6216257608)
(0.5116318605 0 -0.6302641367)
(0.5195019058 0 -0.6383422514)
(0.5301292958 0 -0.6444364998)
(0.5359031243 0 -0.6515892999)
(0.5383424174 0 -0.6358580494)
(0.5477267432 0 -0.6159192524)
(0.5532035563 0 -0.6291954953)
(0.5583651113 0 -0.591793587)
(0.5629351961 0 -0.5698535974)
(0.5565131793 0 -0.5738699279)
(0.5513806684 0 -0.546431145)
(0.5249613371 0 -0.5097264661)
(0.5005157937 0 -0.4947895528)
(0.4906687483 0 -0.4624512049)
(0.4524770574 0 -0.4198237296)
(0.4239167154 0 -0.4204555832)
(0.4194999643 0 -0.3876186496)
(0.3934370557 0 -0.3688282824)
(0.3734156094 0 -0.3987225918)
(0.372858551 0 -0.3572487881)
(0.3533683616 0 -0.3449553153)
(0.3406522517 0 -0.384359634)
(0.3310123506 0 -0.3271496921)
(0.3036297764 0 -0.3029554371)
(0.2917307879 0 -0.3396496197)
(0.2707630558 0 -0.2741711773)
(0.2335585092 0 -0.2457982255)
(0.2089588905 0 -0.2767186615)
(0.1969315419 0 -0.2303452421)
(0.1710860185 0 -0.2336279461)
(0.1155138486 0 -0.2461546776)
(0.1577941629 0 -0.2303717487)
(0.1493486092 0 -0.2140194428)
(0.1023696605 0 -0.2163368648)
(0.1439651969 0 -0.1851285469)
(0.1390753143 0 -0.1375769528)
(0.09795002144 0 -0.138932259)
(0.1378084817 0 -0.1434935609)
(0.09779271501 0 0.08898218612)
(0.02967392926 0 0.001369008123)
(-0.01821759877 0 -0.07921976022)
(-0.09799632081 0 -0.3200820022)
(-0.1394469579 0 -0.2720773026)
(-0.1198997836 0 -0.2675292126)
(-0.1586706976 0 -0.2681314372)
(-0.1731402829 0 -0.2347281595)
(-0.2065390988 0 -0.2779500771)
(-0.2325328221 0 -0.3019713226)
(-0.2584934025 0 -0.1823068927)
(0.3366854864 0 0.1850046501)
(-0.2154622327 0 -0.1109338822)
(-0.3543911194 0 -0.2329061274)
(-0.3446960494 0 -0.2219582273)
(-0.4935678458 0 -0.3632752801)
(-0.5922763451 0 -0.4762827373)
(-0.6373125292 0 -0.4985128937)
(-0.7702222297 0 -0.6681105231)
(-0.797978587 0 -0.7439970216)
(-0.8646581138 0 -0.8111894183)
(-0.9144527904 0 -0.8908369176)
(-0.8845114467 0 -0.9110703368)
(-0.9284948356 0 -0.9565775817)
(-0.9178745492 0 -1.079288627)
(-0.9080331743 0 -1.033322025)
(0.5376281422 0 -0.66609273)
(0.5470801497 0 -0.645513443)
(0.5384895381 0 -0.6415470547)
(0.5544732847 0 -0.6219671242)
(0.5609615265 0 -0.5886228719)
(0.5535906818 0 -0.6044844994)
(0.565070935 0 -0.5537096363)
(0.5599690484 0 -0.525002794)
(0.559063884 0 -0.5530700357)
(0.5474123284 0 -0.5017806142)
(0.5422488618 0 -0.4857775567)
(0.5355487246 0 -0.5068138427)
(0.5295846341 0 -0.4625944045)
(0.495852256 0 -0.4268539237)
(0.4767289792 0 -0.4231180688)
(0.4643797341 0 -0.3777516372)
(0.435946288 0 -0.3382188509)
(0.4150675902 0 -0.348339649)
(0.4110140386 0 -0.3072564638)
(0.3880104211 0 -0.28354349)
(0.3696739045 0 -0.3093480956)
(0.3650499085 0 -0.2628923463)
(0.3414674864 0 -0.2426421036)
(0.3214615541 0 -0.2687384032)
(0.3184759727 0 -0.222811365)
(0.2978378311 0 -0.2073397164)
(0.2671544287 0 -0.2220607186)
(0.2774841566 0 -0.2045194569)
(0.2537805231 0 -0.2117740967)
(0.2172391661 0 -0.2229117562)
(0.2362611637 0 -0.2133866489)
(0.2276798561 0 -0.201975062)
(0.1910349487 0 -0.209360472)
(0.2237096792 0 -0.1758742128)
(0.2195950329 0 -0.1304465148)
(0.1797384091 0 -0.1351422957)
(0.2123417267 0 -0.1448501872)
(0.2343045176 0 0.06922073652)
(0.167218169 0 0.08922129939)
(0.06148679857 0 -0.1928812902)
(0.08503608965 0 -0.3724915176)
(-0.0422130538 0 -0.250125958)
(0.1116217539 0 -0.4532810031)
(0.186926353 0 -0.5925550045)
(-0.1725578727 0 -0.2034020325)
(0.3536661489 0 -0.6801444001)
(0.4478277594 0 -0.005941821286)
(-0.3211293262 0 -0.136499065)
(0.4991288289 0 -0.01400497336)
(0.01404930673 0 -0.01683580184)
(-0.08241871206 0 -0.03129329747)
(0.01835169151 0 0.01621049351)
(-0.1337311307 0 -0.05363026286)
(-0.3474639511 0 -0.2205058004)
(-0.338166942 0 -0.1581921949)
(-0.561335484 0 -0.3379635574)
(-0.7018110421 0 -0.5446678494)
(-0.7899655878 0 -0.6580882555)
(-0.9593030154 0 -0.9050755906)
(-0.9481774345 0 -0.8640927761)
(0.6045858594 0 -0.5049934627)
(0.5876657722 0 -0.4799197935)
(0.571757308 0 -0.4967158607)
(0.572385577 0 -0.4556217686)
(0.5603162672 0 -0.4494637222)
(0.551522715 0 -0.4626002241)
(0.5446665118 0 -0.4505503687)
(0.5239852111 0 -0.4308240721)
(0.5108790638 0 -0.4294035085)
(0.4991900293 0 -0.38308348)
(0.4722164578 0 -0.3400777919)
(0.4548893159 0 -0.336410988)
(0.4448658949 0 -0.3009156978)
(0.4186077321 0 -0.2686660397)
(0.4049155303 0 -0.2706015927)
(0.3935935537 0 -0.2430120138)
(0.3705631608 0 -0.2232501785)
(0.3584890785 0 -0.2278188567)
(0.3519108495 0 -0.2085419136)
(0.3393846213 0 -0.1978124772)
(0.3215081387 0 -0.200141166)
(0.3248459966 0 -0.1905193271)
(0.3022880644 0 -0.1910562681)
(0.2817708578 0 -0.2004804249)
(0.2875391726 0 -0.1934162854)
(0.2832668269 0 -0.1836288484)
(0.2584473918 0 -0.1926146629)
(0.2827063331 0 -0.1586503766)
(0.2826663513 0 -0.1150595187)
(0.2546770255 0 -0.1229410964)
(0.2741472146 0 -0.122074653)
(0.3476019452 0 0.04072014417)
(0.2959157188 0 0.05345317829)
(1.608359969 0 -0.9239351129)
(1.816544602 0 -0.7424219744)
(0.5261891414 0 -0.6832732029)
(1.162425593 0 -0.1253300963)
(0.4703579872 0 -0.3921361632)
(0.3762358343 0 -0.548174574)
(0.6424536815 0 -0.2303167543)
(0.4937510823 0 -0.02833001027)
(0.9726065461 0 -0.01280600473)
(0.1916442897 0 -0.07267296408)
(0.1402207243 0 -0.03014996882)
(0.1017764872 0 -0.03795083981)
(0.07498455786 0 0.02798768369)
(0.0594391321 0 0.03975883132)
(-0.0131690933 0 0.04855971854)
(0.5749671396 0 -0.4558087147)
(0.564976545 0 -0.4515513436)
(0.5655235738 0 -0.4476922352)
(0.5566920055 0 -0.4509160616)
(0.5499212365 0 -0.4332776912)
(0.5368964066 0 -0.4318247036)
(0.5312493215 0 -0.3945740394)
(0.504173015 0 -0.3555556581)
(0.4884609113 0 -0.3469634573)
(0.4716285302 0 -0.3160535448)
(0.4394230505 0 -0.2809302577)
(0.4295243739 0 -0.2733915743)
(0.4107199516 0 -0.2522271915)
(0.388831269 0 -0.2304948566)
(0.3793097714 0 -0.2254031036)
(0.3758649974 0 -0.2144382032)
(0.3663045396 0 -0.201513976)
(0.353744309 0 -0.1980569658)
(0.3498684521 0 -0.1928583529)
(0.3307688275 0 -0.190369199)
(0.3173904334 0 -0.1866560538)
(0.3199310596 0 -0.1881105153)
(0.3179835052 0 -0.1772759613)
(0.3027844252 0 -0.1777677631)
(0.3200574601 0 -0.154540958)
(0.3248153355 0 -0.1197594516)
(0.3048527878 0 -0.1124870181)
(0.3294020372 0 -0.09980102819)
(0.4054336748 0 -0.008033710277)
(0.3823709008 0 0.02638502261)
(1.565125944 0 -0.690405488)
(1.437100625 0 -0.4917540474)
(1.740796087 0 -0.6151360056)
(0.5372442161 0 -0.1456145973)
(0.3169606679 0 -0.1219646093)
(0.4422259907 0 -0.2210514297)
(0.2649665755 0 -0.07596620815)
(0.2275943013 0 -0.0706512447)
(0.2801908999 0 -0.05898379617)
(0.1994913312 0 -0.07624340821)
(0.1646099949 0 -0.01674160308)
(0.1788472484 0 -0.02507536057)
(0.4966310568 0 -0.332216638)
(0.4645808014 0 -0.2964379204)
(0.451181686 0 -0.2889856373)
(0.4397596813 0 -0.2675522269)
(0.424598944 0 -0.248378114)
(0.403743794 0 -0.2371164802)
(0.413948236 0 -0.2368723749)
(0.4011235419 0 -0.2314348915)
(0.380489718 0 -0.2120864353)
(0.3853865642 0 -0.2286255215)
(0.3680938143 0 -0.2232753737)
(0.3466366613 0 -0.2032193426)
(0.3534540647 0 -0.2139533445)
(0.3464790357 0 -0.2003778532)
(0.3311180516 0 -0.1842966335)
(0.3513115302 0 -0.1837608748)
(0.374730057 0 -0.1696784056)
(0.3470781761 0 -0.13880484)
(0.4385966268 0 -0.1809707312)
(0.6034736127 0 -0.2512691046)
(0.4664792208 0 -0.1074775843)
(0.9465671976 0 -0.3727513298)
(0.5162428718 0 -0.1992305804)
(0.9698037673 0 -0.3327485419)
)
;

boundaryField
{
    dominio_ascii
    {
        type            zeroGradient;
    }
    wallFilmFaces_top
    {
        type            fixedValue;
        value           uniform (0 0 0);
    }
    region0_to_wallFilmRegion_wallFilmFaces
    {
        type            slip;
    }
}


// ************************************************************************* //
